53 39
-2.059777e+000  5.084169e+000  1.383631e+001  9.485990e-002  7.585894e-001 -9.546011e+000 -7.411045e-001  1.175641e+000 -1.235993e+001  4.408050e+000 -5.621114e+000  7.855189e-001  5.062285e+001 -5.170141e+000  2.412275e+000 -1.427267e+000 -2.095448e+000  1.004035e+000  4.416795e-001  4.166760e-001 -1.568702e+000  5.341246e+000 -2.795101e+000 -2.210150e+000  3.141811e+000  2.255203e+000 -1.630619e+000  3.660338e-001  2.618094e-001  1.477568e+000  8.467517e-001 -1.372911e+000  5.969036e-001 -3.621952e-001  4.033212e-001 -2.966022e-001  3.212339e-001 -6.185050e-001  4.167507e-001
-9.955956e+000  4.758991e+000  2.927363e+000 -9.669186e-002  5.495470e-001 -7.294606e+000  1.970602e+000 -4.180356e+000 -2.198388e+000 -2.063386e+000 -2.528136e+000  7.815197e-001  5.860624e+001 -7.014485e+000  3.140331e+000  2.424116e-002  6.468689e-001  2.988802e+000 -1.901418e+000  4.024204e-001 -2.719571e+000  5.287142e+000 -3.004285e+000 -1.168684e+000  2.228072e+000  2.127215e+000 -4.644190e-001  3.986604e-001  8.202426e-001  1.424384e+000  7.494732e-001 -1.102951e+000  2.619786e-001  2.418823e-001 -1.426966e+000  5.536563e-001  3.908521e-001 -8.464530e-001 -4.433274e-001
-1.979434e+001  1.365556e+001  9.294847e+000  9.454298e+000  1.337396e+000 -1.708388e+001  3.497766e+000  2.346600e-001  1.066144e+000 -6.278296e+000 -5.135930e+000  2.451156e+000  5.638087e+001 -6.130295e+000  3.243539e+000  6.677217e-001  2.435519e+000  2.996598e+000 -2.753723e+000  9.270324e-001 -1.376419e+000  1.620811e+000 -1.273571e+000 -1.180349e+000  4.205613e-001  1.012940e+000  8.582945e-001 -1.136106e-001  4.724751e-001  7.318444e-002  2.857749e-001  2.976960e-001 -9.085688e-002  3.140566e-001 -2.152892e+000  1.009762e+000  4.195913e-001 -5.681245e-001 -6.127499e-001
-2.436469e+001  1.473653e+001  1.538258e+001  1.308126e+001  7.158233e+000 -1.916619e+001  1.223195e-001 -4.224927e+000 -3.161407e+000 -1.866456e+000 -6.777432e+000  1.045177e+000  5.595682e+001 -4.202527e+000  3.096272e+000  1.464604e+000  8.830919e-001  3.181325e+000 -1.377683e+000  5.619774e-001 -7.551451e-001 -1.316332e+000 -8.382483e-002 -8.993104e-001  7.035003e-001 -1.382866e-001  1.589441e+000 -5.085757e-001 -1.763670e-001 -9.578848e-001 -5.571993e-001  1.152591e+000 -7.680304e-002  7.314717e-001 -1.684256e+000  7.687578e-001  4.764365e-001 -8.474828e-002 -4.216151e-001
-2.550688e+001  1.631310e+001  1.094731e+001  5.683477e+000  1.243724e+001 -1.737884e+001  4.818199e+000 -5.684168e+000 -3.774362e+000 -2.058272e+000 -9.398211e+000  2.756497e+000  5.701226e+001 -2.284648e+000  1.866251e+000  2.149275e-001 -1.847638e+000  2.336648e+000  1.668292e+000 -1.173869e-001 -9.806315e-001 -2.121477e+000  7.934777e-001 -2.468806e-001  1.063474e+000  3.242039e-001  1.459804e+000 -6.970278e-001 -9.823696e-002 -1.030465e+000 -9.230071e-001  1.069228e+000 -2.318785e-001  6.825950e-001 -5.808168e-001  1.597092e-001  6.794165e-001  2.578778e-001 -1.476528e-001
-2.811232e+001  1.891158e+001  9.424151e+000  6.204178e+000  1.090625e+001 -1.403554e+001  4.120273e+000 -4.996667e+000 -6.359794e+000 -4.592523e+000 -4.893548e+000  4.146351e+000  5.759911e+001 -9.901035e-001  1.286096e+000 -6.311965e-001 -2.000977e+000  5.327811e-001  1.650528e+000  5.406148e-001  7.398940e-001 -1.262993e+000 -1.940203e-001  7.467644e-001  1.482874e+000  3.635078e-001  1.142393e+000 -8.212218e-001  6.114797e-002 -3.280527e-001 -1.100890e+000  3.056527e-001 -6.132128e-002  6.696728e-001  1.080284e-001 -2.153259e-002  6.741990e-001 -1.625519e-001  1.510509e-002
-2.934377e+001  2.089929e+001  1.334870e+001  3.654649e+000  1.114663e+001 -1.130774e+001  9.118545e-001 -4.282628e+000 -7.942049e+000 -9.478745e-001 -7.312275e+000  6.217941e+000  5.718074e+001 -4.374886e-001  6.634880e-001  1.224437e+000 -1.274774e+000 -2.941655e-001  1.078311e+000 -2.216788e-001  1.289037e+000 -1.309942e+000 -4.199277e-001  1.393697e+000  1.320264e+000  2.377853e-002  8.124666e-001 -6.863855e-001  4.284162e-001  2.940955e-001 -9.893113e-001 -7.155915e-001  1.866731e-002  4.814421e-001  4.685113e-001  2.689321e-002  6.471898e-001 -6.282008e-001 -5.572396e-003
-2.739677e+001  1.887391e+001  1.102590e+001  4.090785e+000  1.046744e+001 -1.394910e+001  4.778566e+000 -1.226227e+000 -7.392529e+000 -3.391756e+000 -4.086578e+000  6.728824e+000  5.769012e+001  5.858604e-001 -4.084557e-001  1.265589e+000 -1.043603e+000 -1.007720e+000  4.455709e-001  3.075170e-001  1.458385e+000 -1.181958e+000  4.152149e-001  1.651396e+000 -2.376537e-001  8.745155e-002  7.338998e-001 -6.460014e-001  4.114589e-001  1.080193e-001 -6.924787e-001 -8.898406e-001 -5.273851e-001  3.134161e-002  4.623416e-001  3.889934e-001  2.083764e-001 -8.983417e-001  1.512340e-001
-2.805210e+001  1.964937e+001  1.626861e+001  3.663026e-001  1.118581e+001 -1.203051e+001  3.380658e+000 -1.124205e+000 -9.807704e+000 -4.758294e+000 -2.833212e+000  8.066578e+000  5.708565e+001  9.897032e-001 -7.184000e-001  1.408616e+000 -8.558474e-001 -1.839658e+000 -1.307187e+000  9.249862e-002  1.067333e+000  1.805618e-001  6.233261e-001  2.536752e+000 -1.217266e+000  4.343700e-001  9.989103e-001 -9.149504e-001 -4.244917e-002 -2.245698e-001 -6.921570e-001 -7.463635e-001 -8.304610e-001 -2.627558e-002  4.869550e-001  2.458260e-001 -2.083941e-001 -8.992228e-001  3.321591e-001
-2.582885e+001  1.749426e+001  1.429214e+001  2.630334e+000  5.848055e+000 -1.144631e+001  4.423456e+000  7.160460e-001 -1.133676e+001 -6.112385e-001  1.123902e+000  2.033764e+000  5.808392e+001  1.965799e+000 -1.252967e+000  1.334009e+000 -1.670344e+000 -2.156866e+000 -1.605927e+000 -2.253399e+000  1.007454e+000  3.034630e-001  1.229320e+000  1.217119e+000 -1.740070e+000  9.143822e-001  1.159975e+000 -1.264837e+000  8.626883e-002 -3.832031e-001 -9.235169e-001 -1.348945e-001 -8.155156e-001 -3.053938e-001  1.205316e-001  1.025611e-001 -6.806270e-001 -2.690971e-001  2.903308e-001
-2.517921e+001  1.799712e+001  1.875866e+001  1.056381e-001  4.258032e+000 -1.909507e+001  1.551903e+000  8.290273e-002 -5.067126e+000  7.784970e-001  2.766247e+000  2.479141e+000  5.915569e+001  3.867094e+000 -3.489008e+000  9.779811e-001 -2.084253e+000 -3.180377e+000 -1.627758e+000 -3.093526e+000  1.383124e+000  3.821228e-001  4.021496e-001  5.688648e-001 -2.424642e+000  1.271109e+000  1.149374e+000 -1.705336e+000  3.657284e-001 -2.202936e-001 -1.235444e+000  1.110921e+000 -4.125409e-001 -5.463478e-001 -3.881332e-001 -3.392961e-002 -8.758143e-001  2.288372e-001  8.213566e-002
-1.900422e+001  1.343520e+001  1.645092e+001 -4.130603e+000  3.147005e+000 -1.844645e+001 -5.574053e+000  3.207488e+000 -8.245502e+000 -1.355283e-002 -8.007151e-001  8.221934e-001  6.122701e+001  4.947039e+000 -5.347338e+000  1.912250e+000 -2.345417e+000 -4.954945e+000 -6.861572e-002 -2.177049e+000 -2.264796e-001 -6.800801e-001  1.038609e+000 -7.677949e-001 -9.794512e-001  1.120736e+000  6.058025e-001 -1.586206e+000  7.168384e-001  3.562128e-001 -1.264514e+000  1.767112e+000  1.015579e-001 -6.342267e-001 -3.183095e-001 -2.547266e-001 -3.572130e-001  4.819861e-001 -2.061579e-001
-1.212895e+001  4.233865e+000  2.007913e+001 -6.674491e+000 -3.365549e+000 -1.666923e+001 -7.088218e+000  4.545695e+000 -9.442717e+000 -3.046388e+000  9.734203e-001 -3.450849e+000  6.186965e+001  5.245955e+000 -7.197893e+000  2.948137e+000 -1.619779e+000 -6.617838e+000  3.478764e+000 -2.008381e+000 -1.047439e+000 -1.268333e+000  5.490336e-001 -8.498622e-001 -4.533890e-001  7.418712e-001 -2.741466e-001 -6.679897e-001  5.605378e-001  8.107822e-001 -3.876833e-001  1.385409e+000  8.287001e-002 -2.614899e-001 -2.559659e-001 -3.364156e-001  2.061459e-001  5.952658e-001 -3.363883e-001
-7.618788e+000 -2.360802e+000  2.319316e+001 -5.706684e+000 -1.511488e+001 -1.300230e+001 -2.141729e+000 -2.647748e+000 -1.254936e+001  6.494247e+000 -1.818660e+000  1.015028e-001  6.233062e+001  4.305381e+000 -7.329553e+000  3.933123e+000 -1.215167e-001 -6.760704e+000  4.676370e+000 -2.288182e+000 -9.483980e-001 -4.628567e-001 -1.177549e-001  1.404172e-001 -3.157659e-001  1.482113e-001 -8.485636e-001  4.443308e-001 -4.077056e-001  1.081616e+000  1.093735e+000 -2.024175e-002 -2.938338e-001  8.555180e-001 -1.844559e-001 -6.366169e-001  6.931245e-001  3.384623e-001 -2.970467e-001
-4.642150e+000 -1.009435e+001  3.012823e+001 -7.205218e+000 -1.970022e+001 -4.423318e+000 -1.020616e+001 -2.226675e+000 -9.256861e+000  2.697646e-001 -9.740920e-001  5.725420e-001  6.231324e+001  2.817189e+000 -5.837849e+000  2.770234e+000  8.577084e-001 -4.215915e+000  2.926791e+000 -2.623609e+000  4.366338e-001 -1.006318e+000 -7.017463e-001  1.145488e+000  2.198441e-001  7.542954e-002 -9.917580e-001  1.555704e+000 -1.699974e+000  9.426158e-001  2.412746e+000 -1.744292e+000 -9.558587e-002  1.339303e+000 -1.545773e-001 -2.760884e-001  3.803487e-001  3.799532e-001 -1.925591e-001
-1.220712e+000 -1.604846e+001  3.109198e+001 -4.472824e+000 -2.248918e+001 -1.187552e+000 -1.545599e+001  1.851683e+000 -1.065271e+001 -2.260404e+000  8.751273e-001 -2.768332e+000  6.174627e+001  1.918604e+000 -3.805706e+000 -3.732605e-002  1.823921e+000 -6.872293e-001  1.061618e-001 -3.338604e+000  3.309074e+000 -1.733367e+000 -1.519086e+000  1.700153e+000  3.762436e-001 -3.127632e-002 -7.342216e-001  2.081154e+000 -2.559042e+000  4.396612e-001  2.928867e+000 -2.149882e+000  5.543039e-002  9.108691e-001  3.868798e-001  3.348416e-002 -4.031154e-001  5.061913e-001 -9.604744e-002
-1.242044e+000 -1.811155e+001  2.998088e+001 -3.002879e+000 -2.075797e+001 -7.942644e+000 -1.354913e+001  4.479149e+000 -1.542263e+001 -2.177794e+000  5.353967e+000 -9.167108e-001  6.253897e+001  1.480553e+000 -1.181298e+000 -3.566507e+000  2.120581e+000  2.409153e+000 -2.957592e+000 -1.961100e+000  3.520340e+000 -1.405964e+000 -1.307430e-001  2.720137e-001  1.100372e+000 -1.311806e-001 -2.350586e-001  1.867873e+000 -2.331034e+000 -1.044662e-001  2.325412e+000 -1.050192e+000 -3.096052e-001 -7.084094e-002  1.601130e+000  4.357849e-002 -1.038727e+000  3.548473e-001 -1.632872e-001
 2.741796e-001 -1.738073e+001  2.308020e+001  1.311754e+000 -1.802215e+001 -1.071183e+001 -1.716326e+001  1.054471e+001 -1.813331e+001  1.225964e-001  3.518075e+000  2.727347e+000  6.206137e+001  1.302591e+000  7.479393e-001 -5.693718e+000  1.445353e+000  4.571097e+000 -3.130849e+000 -2.342285e+000  2.064094e+000  1.671365e+000 -2.358357e-001 -1.438422e+000  1.774926e+000 -2.287209e-001  5.722262e-002  1.181752e+000 -1.243127e+000 -5.915435e-001  1.279422e+000  2.380692e-001 -6.472782e-001 -1.088721e+000  2.488488e+000 -2.404377e-001 -9.534920e-001  1.570602e-001 -1.670625e-001
 2.013170e+000 -1.533470e+001  1.630159e+001  5.053973e-001 -9.887969e+000 -1.444914e+001 -1.915803e+001  1.102851e+001 -1.254638e+001 -1.575450e+000 -9.354969e-001  3.326563e+000  6.149978e+001  1.949903e+000  1.224694e+000 -6.056742e+000  5.246618e-001  4.781983e+000 -7.056638e-001 -4.669794e+000  7.049190e-001  5.296965e+000 -1.125479e+000 -2.478862e+000  1.294739e+000 -6.422844e-001  1.204558e-001  2.498264e-001  1.051799e-001 -6.636404e-001  9.987803e-002  1.033740e+000 -8.579983e-001 -1.124217e+000  2.082328e+000 -4.799961e-001 -1.600146e-001 -8.006629e-002 -1.053131e-001
 3.664636e+000 -1.369719e+001  9.463040e+000  9.998031e-001 -5.068699e+000 -1.358855e+001 -2.436297e+001  8.897470e+000 -3.734014e+000 -3.740754e+000 -3.172253e+000  3.984663e+000  6.112226e+001  1.970042e+000  9.000570e-001 -5.007845e+000 -3.358368e-001  4.523467e+000  1.705436e-001 -5.220648e+000 -7.268181e-001  7.357611e+000 -2.223907e+000 -1.691870e+000  1.064361e+000 -6.110371e-001 -1.226615e-001 -2.938826e-001  9.328312e-001 -3.602974e-001 -7.720306e-001  7.901725e-001 -1.850361e-001 -7.327585e-001  6.810095e-001 -1.033107e-001  5.845037e-001 -3.069000e-001  5.629845e-002
 6.812242e+000 -1.382985e+001  6.505753e+000 -2.235952e-001 -3.324781e+000 -1.003260e+001 -3.329825e+001  8.827364e+000  3.862546e+000 -5.873514e+000 -3.695177e+000  4.928328e+000  5.979711e+001  1.749106e+000 -8.224582e-003 -3.383544e+000 -3.070264e-001  2.932358e+000  5.604100e-001 -4.811910e+000 -7.052883e-001  6.162553e+000 -1.536688e+000 -4.013357e-001  1.055323e+000 -4.665878e-001 -4.774959e-001 -4.481085e-001  1.174694e+000 -3.429196e-003 -1.127253e+000  1.122961e-001  8.873051e-001 -2.264235e-001 -7.719766e-001  4.545023e-001  7.740029e-001 -4.025261e-001  2.501442e-001
 7.724856e+000 -1.363287e+001  2.938895e+000 -2.934329e-003  1.313592e+000 -1.206738e+001 -3.619639e+001  8.011194e+000  1.045028e+001 -8.847904e+000 -3.561435e+000  7.248271e+000  5.985752e+001  7.896817e-001 -1.050146e-001 -2.366161e+000  5.970993e-002  1.635757e+000  1.869766e-001 -3.196408e+000 -8.945946e-001  4.643619e+000 -5.467849e-001  4.453329e-001  3.601347e-001 -3.507691e-002 -5.530594e-001 -5.094262e-001  1.138818e+000  3.905006e-002 -1.205032e+000 -7.167081e-002  1.465434e+000  2.600648e-001 -1.575689e+000  6.839700e-001  3.900328e-001 -5.761627e-001  3.067015e-001
 8.728592e+000 -1.540798e+001  2.645940e+000 -5.283660e-001  1.582674e+000 -1.240767e+001 -3.730087e+001  7.945211e+000  1.117424e+001 -6.705317e+000 -2.747584e+000  6.971376e+000  5.979921e+001  1.526036e-001 -5.133128e-001 -1.504112e+000  3.097424e-001  5.895733e-001 -1.524000e-001 -1.245389e+000 -3.433104e-001  2.794078e+000  3.084714e-001  3.225512e-001 -3.657780e-001  3.204563e-001 -4.463626e-001 -4.854244e-001  9.543464e-001 -2.530349e-001 -8.748736e-001 -9.062305e-002  1.705573e+000  5.218180e-001 -1.602432e+000  3.713803e-001 -1.098570e-001 -6.237808e-001  2.843808e-001
 6.654869e+000 -1.343320e+001 -4.378576e-001  1.450738e+000  6.563565e-001 -1.146613e+001 -3.834370e+001  4.865573e+000  1.582823e+001 -6.058778e+000 -1.419384e+000  4.763813e+000  6.094582e+001  2.996922e-003 -1.394530e+000 -2.534705e-001 -4.489709e-001 -3.302981e-001  1.685946e-001  3.232620e-001  3.925169e-001  1.163404e+000  2.733634e-001 -1.036491e-001 -1.105901e+000  5.289486e-001 -1.890376e-001 -5.039732e-001  8.156623e-001 -5.286081e-001 -5.662450e-001  2.435732e-002  1.660304e+000  7.083796e-001 -1.639942e+000  7.535943e-002 -4.407269e-001 -3.399719e-001  1.631548e-001
 8.110253e+000 -1.649625e+001  6.735678e-001  5.982807e-001 -4.829669e-002 -1.109523e+001 -3.845154e+001  8.683622e+000  1.514396e+001 -5.725720e+000 -3.153446e+000  4.341667e+000  6.085524e+001 -8.936405e-002 -1.790589e+000  3.318425e-001 -1.317860e+000 -4.589828e-001  1.164858e-001  1.956121e+000  1.260246e+000 -1.094975e-001 -8.986082e-002 -6.761298e-001 -1.330563e+000  6.733032e-001 -1.439179e-001 -1.702802e-001  4.390394e-001 -4.862194e-001 -2.422511e-001  9.126326e-002  1.383479e+000  4.295846e-001 -1.344436e+000 -6.424744e-002 -3.341241e-001 -1.377375e-001  8.770752e-002
 8.049010e+000 -2.006138e+001  2.657728e+000 -2.811112e+000  4.775875e-001 -1.188063e+001 -3.400475e+001  9.604573e+000  1.428244e+001 -7.970885e+000 -3.876750e+000  3.033618e+000  6.197425e+001 -3.452248e-002 -1.986242e+000  7.941733e-001 -1.769529e+000 -6.711900e-001  1.743203e-001  3.504355e+000  1.845525e+000 -2.104304e+000  2.917829e-002 -1.258961e+000 -8.573325e-001  6.042736e-001 -1.637756e-001  2.897732e-001  2.103863e-002 -1.035984e-001 -1.050955e-001  1.552808e-001  8.789513e-001  6.728043e-002 -9.524674e-001  1.670549e-001 -3.237617e-002 -9.965207e-002  1.665623e-002
 7.584701e+000 -2.104684e+001  2.757359e+000 -4.986742e+000 -6.228554e-001 -1.161800e+001 -2.968974e+001  1.187694e+001  1.139964e+001 -6.198567e+000 -4.899551e+000  1.183659e+000  6.265151e+001 -5.482263e-001 -1.068858e+000  1.672627e-001 -1.461075e+000 -4.512361e-001  3.010534e-001  4.081460e+000  1.078109e+000 -2.294246e+000  1.093267e-001 -7.704136e-001 -1.178750e+000  7.213314e-001 -1.315171e-001  5.185624e-001 -1.366391e-001  1.429845e-001 -3.806697e-002  2.266836e-001  2.548034e-001 -3.382425e-001 -4.539873e-001  3.768893e-001  3.232929e-001 -2.484930e-001 -4.221989e-002
 6.745033e+000 -2.108912e+001  2.491113e+000 -4.604398e+000 -2.412314e+000 -1.033315e+001 -2.520283e+001  1.249654e+001  7.178871e+000 -5.676463e+000 -6.841137e+000  2.056154e+000  6.306906e+001 -5.864499e-001 -3.065294e-001 -6.598754e-002 -8.953556e-001 -8.596488e-001  8.527145e-001  3.655349e+000  8.199879e-001 -2.506559e+000  1.009044e+000 -2.183881e-001 -1.680068e+000  5.882156e-001 -5.875320e-002  5.075076e-001 -1.943182e-001  1.192616e-001  7.450803e-002  2.382104e-001 -2.926670e-001 -5.650026e-001  7.252953e-002  4.030198e-001  5.575665e-001 -4.723400e-001 -5.770211e-002
 6.021111e+000 -2.132667e+001  1.593189e+000 -5.810453e+000 -8.595262e-001 -1.036371e+001 -2.244520e+001  1.262818e+001  7.224517e+000 -6.326298e+000 -5.523320e+000 -1.063351e+000  6.391450e+001 -4.709856e-001 -3.763352e-002  7.872748e-002 -1.040025e+000 -5.550883e-001  9.107066e-001  3.154641e+000  8.180189e-002 -2.178307e+000  1.304653e+000  4.200481e-001 -2.161660e+000  4.702328e-001  1.099720e-001  3.183796e-001 -1.593579e-001 -5.075890e-002  1.783290e-001  1.275244e-001 -4.512517e-001 -5.124234e-001  1.074246e-001  4.151865e-001  2.924946e-001 -2.910842e-001 -1.245111e-001
 5.898556e+000 -2.145411e+001  2.909876e+000 -6.876035e+000 -3.702321e+000 -8.244205e+000 -1.935027e+001  1.332889e+001  3.837211e+000 -2.861800e+000 -4.656806e+000 -4.243218e+000  6.428384e+001 -3.669088e-001  3.568382e-002 -1.331502e-001 -1.383747e+000 -2.467238e-001  1.060546e+000  2.504429e+000 -4.813349e-001 -1.799626e+000  1.446614e+000  9.336409e-001 -2.727577e+000  4.413124e-001  1.670205e-001  1.724271e-001 -1.989842e-001 -1.734756e-001  4.694647e-001 -1.306769e-001 -3.090797e-001 -4.958100e-001  1.346327e-001  1.998884e-001 -6.215696e-003  5.475054e-002 -1.416578e-001
 5.653011e+000 -2.105251e+001  2.941615e+000 -9.051047e+000 -2.753294e+000 -8.108933e+000 -1.684281e+001  1.186977e+001  2.178939e+000 -1.082634e+000 -3.891476e+000 -6.474954e+000  6.439529e+001 -1.081368e-001  3.519333e-001 -5.959455e-001 -1.470674e+000  1.339466e-001  8.347600e-001  2.400661e+000 -8.333470e-001 -2.110589e+000  1.966474e+000  1.160450e-001 -2.110416e+000  1.722275e-001  1.107500e-001  1.501686e-001 -1.861192e-001 -1.138369e-001  4.605439e-001 -1.397611e-001 -2.715104e-001 -3.467879e-001  7.191841e-002  8.502378e-002 -1.408648e-001  2.747527e-001 -1.187929e-001
 5.094538e+000 -2.104778e+001  1.151149e+000 -9.902834e+000 -2.699049e+000 -6.157804e+000 -1.548187e+001  1.046907e+001  7.035298e-001 -1.065225e+000 -2.988854e+000 -8.875932e+000  6.503522e+001  6.722836e-002  3.608229e-001 -7.235720e-001 -1.547409e+000  1.143157e+000  2.373036e-001  2.486941e+000 -1.201488e+000 -1.867254e+000  1.677576e+000 -9.746504e-002 -1.431937e+000  2.892914e-002  1.081681e-001  6.381711e-002  1.159501e-001 -5.715883e-002  3.291524e-001 -1.743609e-001 -3.024594e-001 -2.517008e-001  6.966756e-002  2.643419e-002  7.059836e-002  3.141280e-001 -1.300066e-001
 5.882435e+000 -1.977017e+001 -5.071756e-001 -1.165042e+001 -6.914291e-001 -7.233106e+000 -1.237609e+001  9.891360e+000 -1.761588e+000  2.607787e+000 -5.777071e+000 -9.299076e+000  6.439994e+001 -1.343041e-001  5.506399e-001 -5.566574e-001 -1.527378e+000  1.052690e+000  6.235224e-001  1.805833e+000 -1.292061e+000 -1.784901e+000  1.614291e+000  2.312769e-001 -1.435717e+000  8.246002e-002  6.107676e-002 -5.644903e-002  4.061317e-001  5.697465e-003 -6.200179e-002  1.228413e-001 -6.577768e-001 -2.138302e-001  1.833638e-001 -9.108682e-002  6.255126e-001  1.021856e-002 -8.959038e-002
 6.119986e+000 -2.029116e+001  1.016411e+000 -1.331339e+001  9.825344e-001 -7.495600e+000 -9.148924e+000  8.310660e+000 -3.528796e+000  3.680868e+000 -4.201334e+000 -9.990844e+000  6.442616e+001  1.870154e-001  2.554161e-001  4.269562e-001 -1.641189e+000  9.396663e-001  2.943600e-001  1.289546e+000 -1.510482e+000 -1.614132e+000  1.754877e+000  1.229017e+000 -1.494287e+000 -1.638367e-001  8.600993e-002 -6.346510e-002  4.549389e-001  3.852426e-002 -3.321237e-001  3.133935e-001 -1.003751e+000 -4.570522e-002  7.834055e-002  9.110204e-002  6.392720e-001 -5.595313e-002 -1.216363e-001
 4.468767e+000 -1.867762e+001  2.256973e-001 -1.498266e+001  6.693665e-001 -4.322423e+000 -1.098012e+001  6.488672e+000 -4.629402e+000  4.615775e+000 -2.128852e+000 -1.309608e+001  6.511212e+001  1.373534e-001  1.223915e-001  8.594488e-001 -1.395297e+000 -7.431684e-002  1.420438e+000 -2.895258e-001 -1.748001e+000 -1.320331e+000  1.472390e+000  2.580367e+000 -2.028149e+000 -1.793415e-001  1.461833e-001 -3.999388e-003  3.850579e-001  6.159002e-002 -2.284995e-001  1.052843e-001 -8.740773e-001  1.577760e-001 -1.053201e-001  2.293982e-001  2.554622e-001  1.446052e-001 -1.846636e-001
 6.736450e+000 -2.031698e+001  2.919494e+000 -1.644266e+001  1.318884e+000 -6.141346e+000 -9.732128e+000  4.618004e+000 -5.933225e+000  6.705164e+000  1.332121e+000 -1.444887e+001  6.385995e+001  3.614492e-001  2.576216e-001  8.430696e-001 -1.420828e+000  4.604276e-002  1.405813e+000 -1.484134e+000 -1.202044e+000 -1.707837e+000  2.204036e+000  1.924350e+000 -1.415487e+000 -4.483517e-001  4.731289e-002  1.996061e-001  1.304150e-001  9.781704e-002 -1.085168e-001 -3.579490e-002 -5.520146e-001  3.621629e-001 -2.092874e-001  2.430935e-002 -2.478815e-001  4.572871e-001 -1.591949e-001
 6.260971e+000 -1.914531e+001  2.838527e+000 -1.706227e+001 -1.231188e+000 -8.080418e-001 -1.353212e+001  2.997684e+000 -7.161028e+000  8.457587e+000  4.358037e+000 -1.721081e+001  6.378633e+001  5.093954e-001  5.295402e-001  1.160575e+000 -1.329609e+000  3.570049e-001  5.942170e-001 -1.177713e+000 -6.574000e-001 -2.264649e+000  2.536702e+000  1.160921e+000 -7.520908e-001 -6.986004e-001  1.437492e-002  3.075760e-001  3.212314e-002  8.883703e-002 -4.909743e-002 -2.367426e-001 -3.452653e-002  4.692602e-001 -3.131578e-001 -3.014513e-001 -3.628273e-001  5.862939e-001 -1.444479e-001
 7.031130e+000 -1.876921e+001  3.925344e+000 -1.937772e+001  2.163026e+000 -2.223724e+000 -1.529360e+001  4.045935e+000 -1.080217e+001  1.278014e+001  2.176971e+000 -1.501091e+001  6.284729e+001  2.375589e-001  1.049872e+000  9.284678e-001 -1.184948e+000  1.814217e-001  5.284961e-001 -1.026433e+000 -2.449674e-001 -2.188410e+000  1.344267e+000  6.993324e-001  1.541195e-001 -7.001820e-001 -8.485439e-002  3.557491e-001 -1.238183e-001  1.501711e-001 -3.580293e-001 -3.166526e-002  3.579730e-001  2.091128e-001 -9.879229e-002 -8.024567e-001  5.677491e-002  4.285796e-001 -4.250110e-002
 6.868403e+000 -1.680380e+001  5.525649e+000 -2.016317e+001  2.032320e+000 -3.310149e+000 -1.408795e+001  3.487707e+000 -1.351818e+001  1.426180e+001  3.253328e+000 -1.657551e+001  6.212545e+001  2.711732e-001  1.264146e+000  9.773654e-001 -1.069052e+000 -3.874934e-001  6.753837e-001 -6.910089e-001  1.197617e-001 -2.645833e+000  3.950177e-001  1.378739e+000  1.185175e-001 -7.756661e-001 -8.797982e-002  2.831134e-001 -2.598547e-001  3.514819e-002 -5.842412e-001  2.388509e-001  4.106111e-001  4.125660e-002  1.184377e-001 -8.981771e-001  1.908816e-001  2.600526e-001  2.407521e-002
 7.620528e+000 -1.623837e+001  6.218271e+000 -2.081695e+001  5.942385e-001 -2.247811e+000 -1.458637e+001  3.148156e+000 -1.369670e+001  1.052439e+001  5.381137e+000 -1.399592e+001  6.118948e+001  5.628843e-002  1.669064e+000  3.155829e-001 -8.002510e-001 -1.371855e+000  1.206904e+000  6.237888e-002 -5.450605e-001 -2.011206e+000 -7.374051e-001  2.099315e+000  2.921068e-001 -6.223243e-001 -3.240789e-002  2.138233e-001 -2.774962e-001 -6.128297e-002 -5.268611e-001  1.685225e-001  5.277517e-001 -8.670422e-002  3.515995e-001 -5.104986e-001 -9.951041e-002  1.458837e-001  2.530068e-002
 7.322138e+000 -1.409000e+001  6.578891e+000 -2.168792e+001 -2.384262e+000  2.580920e+000 -1.734077e+001  4.045382e+000 -1.894293e+001  1.156055e+001  9.649652e+000 -1.712572e+001  6.073691e+001  1.601315e-001  1.635512e+000  1.677444e-001 -1.346216e+000 -1.787563e+000  1.449268e+000  3.309361e-001 -3.010704e-001 -1.761063e+000 -9.133475e-001  1.415338e+000  4.791787e-001 -6.171532e-001  1.722405e-002  1.349127e-001 -2.522581e-001 -6.814460e-002 -1.434461e-001 -1.394899e-001  5.308200e-001 -9.020402e-002  6.081058e-001 -2.138007e-001 -6.431522e-001  2.685078e-001 -2.123978e-002
 7.085705e+000 -1.178079e+001  4.976638e+000 -2.261660e+001 -2.487957e+000  8.652599e-001 -1.335529e+001  1.041794e+000 -1.814582e+001  1.044374e+001  9.475387e+000 -1.327528e+001  6.042994e+001  1.310402e-001  1.933306e+000 -5.420265e-002 -1.352781e+000 -1.752849e+000  9.841667e-001  1.101353e+000 -4.680724e-001 -8.727976e-001 -5.540433e-001  1.834810e-001  7.032075e-001 -6.529350e-001  8.727539e-002  1.152553e-001 -1.825476e-001  2.116647e-001  1.338173e-001 -2.412141e-001  3.786396e-001 -4.187912e-002  4.937551e-001  1.170826e-001 -1.078247e+000  3.748740e-001 -1.526875e-001
 7.936472e+000 -1.085503e+001  6.985188e+000 -2.599442e+001 -5.364395e+000  2.379653e+000 -1.304881e+001  3.035535e+000 -2.009893e+001  9.735385e+000  8.282893e+000 -1.453994e+001  5.941946e+001  3.199175e-001  1.806588e+000 -9.903221e-002 -1.133510e+000 -9.142267e-001  8.930247e-002  1.443604e+000 -3.697524e-001 -1.745085e-001 -7.656668e-001 -8.791046e-001  1.255506e+000 -8.665596e-001  9.068164e-002  2.697757e-001 -4.424039e-001  6.038984e-001  4.566602e-001 -1.657154e-001  3.561007e-001 -2.226975e-001  2.782740e-001  1.581310e-001 -1.112489e+000  4.615592e-001 -2.611709e-001
 7.968562e+000 -8.189320e+000  5.744110e+000 -2.542760e+001 -6.679940e+000  2.773656e+000 -1.122559e+001  1.312717e+000 -1.748269e+001  8.666761e+000  6.981921e+000 -1.177277e+001  5.858353e+001  4.127724e-001  2.159802e+000 -4.637666e-001  1.517195e-001 -1.139436e+000  6.808158e-001  1.399243e+000 -7.201151e-001 -3.357077e-001 -2.258323e-001 -2.144700e+000  1.778313e+000 -1.261058e+000  7.294612e-002  2.183406e-001 -5.776292e-001  7.555503e-001  5.629616e-001  5.641886e-002  5.183356e-001 -2.249880e-001 -1.079058e-001 -2.094011e-001 -8.659621e-001  2.581318e-001 -2.925461e-001
 8.480297e+000 -6.852791e+000  5.699994e+000 -2.594997e+001 -4.859404e+000  2.073234e+000 -1.118760e+001  2.061159e+000 -2.014704e+001  8.620707e+000  6.500861e+000 -1.159944e+001  5.732731e+001  4.726737e-001  2.871142e+000 -1.839493e+000  9.210261e-001  1.890317e-001  7.723660e-001  1.962495e+000 -1.288537e+000 -6.382376e-001 -2.867980e-001 -2.983015e+000  2.249422e+000 -1.618946e+000 -3.400050e-002  7.740612e-002 -5.579472e-001  4.868787e-001  5.117688e-001  3.382721e-001  5.752389e-001 -8.848513e-002 -7.616495e-002 -5.073466e-001 -4.005696e-001 -9.320130e-002 -1.960398e-001
 8.877655e+000 -2.982899e+000  3.300402e+000 -2.188023e+001 -8.437634e+000  4.422548e+000 -7.289684e+000 -2.071593e+000 -1.980031e+001  9.871920e+000 -3.570976e-001 -5.853960e+000  5.517072e+001  4.193928e-001  2.492733e+000 -2.072118e+000  1.397703e+000  5.103300e-001  9.247293e-001  3.433586e+000 -1.133620e+000 -1.180462e+000 -1.840483e+000 -3.094374e+000  1.496909e+000 -1.739473e+000 -1.910757e-001 -3.373957e-001 -1.147827e-001 -1.274380e-001  4.559821e-001  1.643592e-001  1.361965e-001  4.933458e-001  3.626728e-001 -7.649416e-001  3.671260e-001 -5.650320e-001  3.016545e-002
 9.845294e+000  8.974686e-001 -9.904231e-001 -2.316298e+001 -3.540390e+000  5.417037e+000 -5.204293e+000 -1.714993e+000 -2.213131e+001  7.698816e+000 -2.962673e+000 -6.252234e+000  5.303114e+001  1.466048e-001  2.027154e+000 -2.084592e+000  6.778914e-001  8.197342e-001  1.658706e+000  3.302627e+000 -6.054255e-001 -1.329559e-001 -2.495074e+000 -2.407115e+000  9.302018e-001 -1.607552e+000 -3.664056e-001 -5.219469e-001  6.343437e-001 -4.099165e-001 -2.063929e-001 -7.771344e-002 -5.687504e-001  9.548100e-001  1.078670e+000 -5.222156e-001  7.804540e-001 -1.008894e+000  1.210697e-001
 9.383027e+000  3.992129e-001 -1.271273e+000 -1.983258e+001 -4.787797e+000  5.725401e+000  2.950686e+000 -2.467309e+000 -2.239286e+001 -7.471031e-002 -3.758183e+000 -6.961830e+000  5.203426e+001 -3.795717e-001  8.948179e-001 -9.151304e-001 -3.639032e-001  8.251228e-001  1.059442e+000  1.410159e+000  1.405058e+000  1.225016e+000 -2.946402e+000 -5.970197e-001 -3.872370e-001 -1.115928e+000 -4.139523e-001 -8.997814e-002  9.894153e-001 -4.086091e-001 -7.685921e-001 -5.214596e-001 -1.256350e+000  7.727510e-001  1.428255e+000  5.023813e-001  9.611545e-001 -9.977518e-001 -1.342040e-002
 8.960635e+000  1.591921e+000 -2.437129e+000 -2.358434e+001 -2.585651e+000  9.715339e+000  2.053467e-001 -7.681107e-001 -1.951554e+001  1.118650e+000 -3.834174e+000 -6.394497e+000  5.085778e+001 -9.598719e-001  1.060365e+000  7.537320e-001 -2.477535e-001 -1.000329e+000  3.164426e-001  1.304561e-001  2.216174e+000  3.552372e+000 -2.344917e+000 -3.294228e-001 -1.852977e+000 -1.325369e+000 -2.900883e-001  3.848712e-001  8.988313e-001  1.718214e-001 -1.182988e+000 -1.261460e+000 -9.839264e-001  1.598380e-001  1.212192e+000  8.672710e-001  7.794463e-001 -5.983759e-001 -2.261415e-001
 7.422126e+000  1.143965e+000 -5.518972e-001 -2.348907e+001 -4.789389e+000  7.570606e+000 -2.943708e+000  4.480258e+000 -1.498311e+001 -1.570009e+000 -2.906446e+000 -7.719013e+000  5.067775e+001 -1.097130e+000  2.526236e+000  1.455796e+000 -1.825201e-001 -2.422599e+000 -1.011437e+000 -1.262076e+000  1.319335e+000  4.118150e+000  5.963440e-001  6.725518e-001 -2.100261e+000 -1.947666e+000 -2.097557e-002  7.022354e-001  2.036865e-001  6.999604e-001 -1.113723e+000 -1.450891e+000 -3.348259e-001 -7.610615e-001  6.418935e-001  9.658973e-001  2.346382e-001  3.468477e-001 -3.729767e-001
 6.026385e+000  5.826916e+000  2.418549e+000 -2.257351e+001 -8.541241e+000  6.076648e+000 -1.604815e+000  5.892094e+000 -8.074322e+000 -3.278118e+000 -5.035656e+000 -1.513853e+001  4.708254e+001 -9.450573e-001  3.135800e+000  1.224101e+000  1.446307e+000 -3.471345e+000 -3.613153e+000 -2.808875e-001  2.366261e-001  4.481439e+000  6.990756e-002  8.553304e-001 -1.205166e+000 -2.322390e+000  1.589996e-001  3.615692e-001 -4.120778e-001  9.372920e-001 -2.686243e-001 -1.149422e+000  5.489026e-002 -9.014463e-001 -2.918916e-001  7.463849e-001  2.509993e-001  1.061421e+000 -1.582846e-001
 5.364501e+000  1.091290e+001  3.579869e+000 -2.125060e+001 -1.392300e+001  2.487562e+000 -2.454615e+000  7.992623e-001 -7.522720e+000  5.105393e+000  2.053166e-001 -1.309112e+001  4.418355e+001 -4.918569e-001  3.368277e+000 -1.318824e-001  2.288868e+000 -3.507986e+000 -4.230218e+000 -5.829852e-002 -1.410475e+000  3.969949e+000  6.756721e-001 -1.620536e-002  1.023096e+000 -2.482301e+000  5.585468e-002 -2.775363e-001 -3.781885e-001  9.176830e-001  7.751319e-001 -1.673155e-001  1.048801e-001 -3.423367e-001 -7.142941e-001  1.690578e-001 -1.516780e-001  7.899153e-001  1.222261e-001
 5.264161e+000  1.238646e+001  1.617494e+000 -1.747204e+001 -1.537557e+001 -5.808902e+000 -1.443637e+000  2.255518e+000 -8.385395e-001 -1.869514e+000 -1.113403e+000 -9.734273e+000  4.249294e+001 -4.675108e-001  2.447190e+000 -5.128176e-001  3.203012e+000 -1.800757e+000 -3.821276e+000 -1.969815e-001 -9.261525e-001  2.167014e+000  1.347344e+000  1.269952e+000  1.892448e+000 -1.849475e+000 -6.804021e-002 -6.846655e-001  1.016403e-001  8.316903e-002  1.465712e+000  1.011023e+000 -1.211600e-001  1.941442e-001 -9.988350e-001  2.966475e-001 -9.514770e-002  6.699034e-003  4.297600e-001
