25 39
-4.637313e+000 -5.740864e+000  4.506545e+000 -2.199000e+000  9.202040e-001 -1.852764e+001 -1.470255e+001 -1.513227e+001 -4.770656e+000 -9.750059e+000 -1.220314e+001 -6.372088e+000  5.211064e+001 -4.291571e+000 -3.246956e+000 -1.091810e-001  2.838034e+000  3.318043e+000  5.106056e-001  3.514665e+000  8.337327e+000  5.532207e-002 -1.969918e+000  4.322768e+000 -9.412695e-001 -9.662601e-001 -3.930786e-001 -5.488959e-001 -4.370526e-001 -7.791137e-001 -1.714001e+000  1.912559e+000  1.263228e+000 -2.866125e-002  6.628620e-001  1.744513e+000  4.233956e-001  8.580610e-001 -1.366903e-001
-1.097230e+001 -5.928842e+000  1.019431e+001  5.061822e+000  3.695370e+000 -1.645640e+001 -1.132454e+001 -1.035100e+001 -7.383124e+000 -6.580762e+000 -5.431799e+000 -2.671812e+000  4.562860e+001 -3.816141e+000 -2.898624e+000 -1.694370e+000  7.385818e-001 -2.567086e-001  3.920689e+000  4.516086e+000  5.741592e+000  1.539446e+000  1.682208e+000  3.741594e+000 -3.607661e-001 -7.682945e-001  5.749578e-001  1.920066e-001 -5.277568e-001 -1.312416e+000 -1.911233e+000  1.499643e+000 -7.928823e-002 -1.518984e+000  7.887704e-001  1.191908e+000 -4.928322e-001  4.960460e-001  2.925614e-001
-1.284834e+001 -1.171927e+001  3.494085e-002 -2.966604e+000 -6.824830e+000 -6.020617e+000 -2.880171e+000 -1.329835e+000 -3.856218e+000 -3.040343e+000 -7.234405e-001 -4.761504e+000  4.600555e+001 -3.614618e+000 -1.828823e+000 -4.500650e-001  3.298405e-001 -2.012384e+000  4.433956e+000  2.489321e+000  3.691469e+000  2.588482e+000  1.168913e+000  3.391466e+000  1.605615e+000 -1.202691e+000  1.282809e+000  8.374746e-001  2.661327e-002 -6.623774e-001 -5.339691e-001 -1.792309e-001 -1.363400e+000 -2.166641e+000  1.437281e-001  1.351252e-001 -1.072298e+000  1.438721e-001  5.908591e-001
-1.422763e+001 -1.064783e+001  1.796447e-001 -1.451454e+000 -8.717219e+000 -3.610612e+000 -4.681356e+000 -1.547026e+000  1.233130e+000 -1.609421e+000 -6.109213e-001 -1.206708e+000  4.754816e+001 -1.096048e+000 -1.207153e+000 -1.028839e+000 -6.672163e-001 -1.344633e+000  3.109630e+000  5.734279e-001  1.465136e+000  2.274869e+000 -1.803344e-001  1.412570e+000 -7.077164e-002  7.623932e-001  1.543728e+000  7.045041e-001 -2.095165e-002 -2.345536e-001  6.740553e-001 -1.180036e+000 -1.246306e+000 -1.360935e+000 -3.526859e-001 -1.732857e-001 -8.768320e-001 -1.267077e-001  5.958745e-001
-2.108274e+001 -1.252549e+001  7.263553e+000  2.706840e+000 -2.935424e+000 -2.780754e+000 -5.577542e+000 -1.076910e+000  3.863628e+000 -6.391163e+000  2.343756e+000  9.234357e-001  4.513741e+001  7.624267e-001  9.468146e-002 -3.088802e-001  2.290460e-001  1.192160e+000  1.998022e-002 -1.331007e+000 -3.576528e-001  4.062510e-001 -3.630212e-001  1.257902e-001 -3.669061e-001  1.222691e+000  1.392386e+000  3.488938e-001 -6.488230e-001 -2.715799e-001  7.928857e-001 -1.155909e+000 -2.184777e-001 -5.786887e-001 -6.747469e-001  4.362621e-001 -5.592560e-001 -4.100638e-001  3.405251e-001
-1.233534e+001 -1.156150e+001  1.435811e+000 -1.110982e+000 -4.972498e+000 -2.528176e+000 -7.108718e+000 -3.151781e+000  1.312988e-001 -5.807024e+000  9.745279e-002 -5.868140e+000  4.987464e+001  1.713977e+000 -3.378557e-001 -1.869720e+000 -3.837888e-001  1.511296e+000  2.274966e-001  1.947217e-001  9.614790e-001  8.671319e-001  1.581747e+000  9.902718e-001 -8.043987e-003  9.983872e-001  4.774457e-001  9.802963e-002 -3.579918e-001 -1.232221e-001  1.202334e-001 -4.610199e-001  3.177009e-001 -2.990934e-001 -6.207983e-001  7.332164e-001 -1.315400e-001  1.509995e-001 -4.804425e-001
-9.982355e+000 -1.078903e+001 -2.137543e+000 -1.991610e+000 -2.736391e+000 -6.461934e+000 -8.321524e+000 -2.315721e+000 -1.274047e+000 -2.756648e+000 -4.486768e-001 -4.265318e+000  5.095577e+001  1.942300e+000 -5.190032e-001 -3.273739e+000 -1.169773e+000  5.240795e-001  9.547620e-002  1.586286e+000  1.049854e+000 -8.138359e-002  2.469183e+000  8.063355e-001 -4.760675e-001  3.819378e-001  3.873869e-001  2.450925e-001 -4.460352e-002 -6.458177e-001 -9.746933e-001  5.466274e-002  3.023810e-001 -8.917994e-001 -8.633873e-001 -2.022344e-003 -4.333338e-001 -1.213704e-001 -6.242599e-001
-1.120794e+001 -1.320534e+001 -4.468410e+000 -1.021173e+000 -1.260257e+000 -6.325393e-001 -2.335757e+000  3.879774e+000  8.137628e+000  4.482056e+000  5.736654e+000  1.347449e+000  4.963091e+001  7.012441e-001 -4.101624e-001 -1.336369e+000 -5.839176e-001 -4.094258e-001  7.667828e-001  7.032858e-001 -7.340840e-001 -5.853050e-001  2.069645e+000  4.145974e-001  7.388065e-001 -1.219442e+000  9.236888e-001  7.990296e-001  2.747342e-001 -1.033937e+000 -1.394350e+000 -2.252327e-001 -2.838815e-001 -1.835508e+000 -1.505228e+000 -1.006605e+000 -1.061396e+000 -4.105138e-001 -2.211586e-001
-1.193494e+001 -1.429858e+001 -6.153031e+000 -3.186927e+000 -2.171147e+000 -3.251191e+000 -3.259284e-002  6.565824e-001 -5.464544e-001  8.102139e-001  3.555833e+000 -5.064696e+000  4.716896e+001  3.205728e+000  1.356297e+000 -7.985737e-001 -2.899978e+000 -2.720946e+000  2.365080e-002 -7.338359e-002 -3.968868e+000 -3.184467e+000 -6.170821e-001 -1.753042e+000 -1.347183e+000 -7.896938e-001  1.263069e+000  8.943822e-001  1.629269e-001 -1.302893e+000 -1.209571e+000 -1.013886e-001 -4.327558e-001 -1.682176e+000 -1.176814e+000 -1.040987e+000 -8.969866e-001 -2.606193e-001  3.804743e-001
-7.852831e+000 -1.185753e+001 -3.238289e+000 -3.432911e+000 -7.302249e+000 -2.996329e-001 -7.736755e+000 -8.308352e+000 -3.159023e+000  2.757771e+000  1.681847e-001 -1.774418e+000  4.567083e+001  5.700707e+000  2.719642e+000 -1.733632e+000 -4.688372e+000 -3.837944e+000 -8.627541e-001 -3.948512e-001 -5.706700e+000 -5.107464e+000 -1.908143e+000 -3.037022e+000 -1.625055e+000  4.784099e-001  8.685060e-001  3.829372e-001 -3.645626e-001 -1.068207e+000 -3.708335e-001  1.611584e-001  6.761355e-002 -1.849893e-001 -4.811364e-001 -2.863808e-001 -7.061996e-002 -1.374179e-001  8.108070e-001
 4.368732e+000 -4.681446e+000 -6.745472e+000 -1.528563e+001 -1.332012e+001 -6.510133e+000 -5.987943e+000 -1.606600e+001 -1.154806e+001 -4.979916e+000 -6.429651e+000 -9.440300e+000  4.898734e+001  5.757914e+000  2.388005e+000 -2.260473e+000 -5.632010e+000 -3.809515e+000  4.033014e-001 -2.842442e-002 -4.874717e+000 -3.704376e+000 -7.468587e-001 -1.952788e+000 -5.972333e-001  1.435383e+000 -7.092662e-001 -7.382839e-001 -2.171490e-001  2.014222e-001  6.107958e-001  5.593106e-001  7.674787e-002  1.176489e+000  4.841621e-001  7.539241e-001  7.803255e-001  4.310301e-001  5.015458e-001
 9.143764e+000 -4.415699e+000 -1.284035e+001 -1.841368e+001 -1.487549e+001 -3.316839e+000 -1.332338e+000 -1.629244e+001 -1.189889e+001 -2.163596e+000 -4.455711e+000 -4.590024e+000  5.111377e+001  3.767681e+000  9.886698e-001 -2.428232e+000 -4.558937e+000 -1.719309e+000  1.382750e+000  1.018874e+000 -1.206106e+000 -2.731032e+000  7.026293e-001  1.613707e-001 -3.232577e-001  1.722054e+000 -1.701139e+000 -1.263631e+000  3.629761e-001  1.261302e+000  1.234241e+000  3.264144e-001 -7.363261e-002  1.612858e+000  9.506187e-001  9.886819e-001  9.502438e-001  2.941948e-001  4.542267e-002
 8.356335e+000 -6.079469e+000 -1.265436e+001 -2.385659e+001 -1.743210e+001  2.739189e-001 -3.376923e+000 -1.972496e+001 -1.469840e+001 -4.633959e-001 -3.896160e+000 -6.643060e+000  5.162440e+001  6.259101e-001 -1.469636e+000 -1.537019e+000 -1.957585e+000 -7.262842e-001  1.697452e+000 -3.965068e-001 -3.367206e-001 -1.951873e+000  1.847152e+000  5.493893e-001  1.570686e-001  1.096213e+000 -1.591721e+000 -1.107819e+000  6.002302e-001  1.746169e+000  1.238878e+000 -6.571752e-001 -3.228430e-001  1.232596e+000  7.205455e-001  4.850429e-001  3.250922e-001 -1.961465e-001 -2.399407e-001
 8.991774e+000 -6.215174e+000 -1.242500e+001 -2.194212e+001 -1.384280e+001  3.222090e+000 -3.947895e+000 -1.250940e+001 -1.523901e+001  4.012657e+000 -2.917075e-001 -4.789327e+000  5.296257e+001 -2.389856e-001 -1.669692e+000 -2.804785e-001 -2.190720e-001  7.916445e-001  1.222428e-001 -5.789731e-001  8.859291e-002 -1.230622e+000  1.738261e+000  4.631089e-001 -5.312322e-001  8.751084e-001 -8.903405e-001 -5.587826e-001  6.136371e-001  1.426283e+000  7.588370e-001 -1.346221e+000 -5.114540e-001  4.557706e-001  7.085694e-001 -5.207162e-002 -3.407464e-001 -5.052541e-001 -3.057676e-001
 7.574278e+000 -1.112989e+001 -1.463824e+001 -2.330934e+001 -1.746789e+001 -1.292339e+000 -6.662698e+000 -1.964112e+001 -1.963736e+001  1.167716e+000 -5.764707e+000 -8.555305e+000  5.354401e+001 -1.973588e-001 -1.821910e+000 -3.331985e-001  9.289020e-001  1.129398e+000 -2.252321e+000 -8.437159e-001  6.409136e-001 -8.518540e-001  1.160540e+000 -4.781962e-001 -1.473979e+000  6.591526e-001 -1.544600e-001  8.611085e-002  4.935021e-001  8.682041e-001  6.180144e-001 -1.366821e+000 -4.467050e-001  6.901229e-001  7.843845e-001 -1.806483e-001 -4.235372e-001 -5.962780e-001 -1.804811e-001
 8.339864e+000 -1.023895e+001 -1.325080e+001 -1.978267e+001 -1.089937e+001 -1.922496e+000 -2.584316e+000 -1.589139e+001 -1.558252e+001  5.712152e+000 -1.205894e+000 -6.290062e+000  5.452951e+001 -2.723870e-001 -1.629107e+000  3.804321e-002  1.129237e+000  1.147035e+000 -3.373469e+000 -1.314792e+000  5.839295e-001  2.618055e-001  7.855772e-001 -1.028569e+000 -2.034005e+000  4.117466e-001 -4.238466e-002  1.053265e-001  3.453974e-001  4.463287e-001  9.818140e-002 -9.731258e-001 -7.152706e-001  7.894218e-001  6.403338e-001 -3.992974e-001 -4.643950e-001 -4.608744e-001 -1.168324e-001
 7.695496e+000 -1.317713e+001 -1.390746e+001 -2.029180e+001 -1.325683e+001 -8.415394e+000 -8.277292e+000 -1.482940e+001 -1.878592e+001  4.489556e+000 -5.830048e+000 -1.326259e+001  5.413670e+001 -1.296890e-001 -1.059375e+000  7.712307e-001  1.709282e+000  2.186093e+000 -3.388799e+000 -2.262122e+000  2.866226e+000  1.223836e+000  1.420252e+000 -8.224580e-001 -2.072935e+000  4.254883e-001 -6.307609e-002  1.498763e-001  5.186524e-001  3.850695e-001 -1.610355e-001 -3.817805e-001 -4.820633e-001  9.270136e-001  5.721769e-001 -6.612121e-001 -3.057293e-001  2.261853e-001 -3.275254e-002
 7.569230e+000 -1.333709e+001 -1.260018e+001 -1.780470e+001 -1.021316e+001 -1.008373e+001 -9.714557e+000 -1.199562e+001 -1.435571e+001  6.279623e+000 -5.401881e+000 -1.260571e+001  5.472496e+001 -4.847438e-001 -1.524327e+000  8.942941e-001  1.622382e+000  7.542043e-001 -4.175148e+000 -3.446123e+000  2.923046e+000  9.332017e-001 -3.880824e-001 -1.686735e+000 -2.536126e+000  4.077786e-001 -5.038270e-002  1.005402e-001  5.684356e-001  3.584971e-001 -5.995551e-001  1.196564e-001  1.532879e-001  5.947760e-001  2.034320e-001 -9.849785e-001 -2.762284e-001  9.408491e-001 -1.015739e-002
 7.311150e+000 -1.487769e+001 -1.110740e+001 -1.575191e+001 -6.880530e+000 -1.415572e+001 -1.440819e+001 -7.257879e+000 -1.413159e+001  7.985243e+000 -7.779003e+000 -1.576216e+001  5.557372e+001 -4.065608e-001 -1.124918e+000  1.831938e+000  2.607677e+000  5.206359e-001 -3.760384e+000 -2.188367e+000  4.106423e+000  1.673333e+000 -1.558691e+000 -1.677759e+000 -9.199133e-002  4.973740e-001 -4.795023e-002  2.130378e-001  5.334520e-001  2.711331e-001 -1.128854e+000  6.096251e-001  9.700167e-001 -2.843494e-001 -2.882086e-001 -1.208019e+000 -1.173637e-001  1.535844e+000 -1.250732e-001
 6.108317e+000 -1.701030e+001 -1.017936e+001 -1.394070e+001 -1.031650e+001 -1.992807e+001 -1.674948e+001 -5.061923e+000 -1.324368e+001  2.023897e+000 -8.665092e+000 -1.772091e+001  5.584989e+001 -3.858646e-001 -1.093634e+000  2.349867e+000  2.472524e+000 -1.018012e+000 -2.589394e+000 -5.852298e-001  2.937711e+000  1.054218e+000 -2.649844e+000 -1.982060e+000  1.679769e+000  3.250168e-001 -5.983635e-002  6.457805e-001  5.609173e-001  9.491961e-002 -8.558277e-001  1.150789e+000  1.305547e+000 -9.313029e-001 -6.371716e-001 -8.604829e-001  4.378364e-001  1.515224e+000 -3.102440e-001
 6.393147e+000 -1.696511e+001 -5.958172e+000 -9.185416e+000 -1.060198e+001 -2.229514e+001 -1.570166e+001  2.235872e+000 -1.097527e+001 -1.176035e+000 -1.258724e+001 -1.116494e+001  5.606110e+001 -4.188797e-001 -2.095322e-001  2.710704e+000  2.639876e+000 -2.572068e+000 -1.133550e+000  1.157514e+000  1.437146e+000 -2.777143e-001 -3.488962e+000 -1.261614e+000  3.498337e+000 -1.584969e-001 -4.942865e-001  1.080129e+000  5.450312e-001 -3.914154e-001 -2.101387e-001  1.306874e+000  9.454971e-001 -1.569716e+000 -8.393260e-001 -7.216085e-001  8.671919e-001  4.660230e-001 -4.236771e-001
 6.098908e+000 -1.776155e+001 -3.425456e+000 -8.725327e+000 -1.344249e+001 -1.896098e+001 -1.199397e+001 -2.053937e+000 -1.066278e+001 -2.388957e+000 -1.290806e+001 -6.505473e+000  5.610635e+001 -7.777661e-001  1.246882e+000  3.259497e+000  2.080880e+000 -1.978582e+000  2.653793e-001  1.408671e+000 -3.988301e-001 -1.277133e+000 -3.725362e+000  2.943741e-001  3.244828e+000 -8.155060e-001 -1.218053e+000  1.547789e+000  6.655949e-001 -6.076674e-001  1.112713e+000  1.309281e+000  6.016703e-001 -1.311859e+000 -2.835926e-001 -1.885481e-001  1.051911e+000 -6.335666e-001 -3.640731e-001
 5.221456e+000 -1.554973e+001 -9.308299e-001 -5.160218e+000 -1.817787e+001 -2.030701e+001 -1.099837e+001 -1.576140e+000 -1.681061e+001 -7.253138e+000 -1.196559e+001 -3.878192e+000  5.465301e+001 -2.682043e+000  3.105469e+000  4.102280e+000  8.464221e-001 -4.977264e-002  1.346598e+000  1.542168e+000 -2.073885e+000 -1.357622e+000 -4.628974e+000  1.519983e+000  1.455594e+000 -1.050750e+000 -1.785443e+000  1.296522e+000  2.760157e-001 -9.047830e-001  2.143957e+000  1.240074e+000  4.702558e-001 -5.195095e-001  8.075840e-001  8.108068e-001  8.457744e-001 -1.385558e+000 -7.284130e-002
 2.805332e+000 -1.148358e+001  3.604452e+000 -5.548901e+000 -1.642146e+001 -1.959524e+001 -1.205777e+001 -5.150068e+000 -1.671167e+001 -1.356436e+001 -7.504047e+000 -5.140143e+000  5.247641e+001 -5.344547e+000  4.987811e+000  4.982054e+000  3.309141e-001  3.284407e+000  2.716939e+000  2.230795e+000 -1.866070e+000  1.762082e-001 -3.022578e+000  1.886695e+000 -4.666928e-001 -1.049222e+000 -1.555042e+000  4.266945e-001 -1.061795e+000 -9.410390e-001  1.762518e+000  5.327632e-001  5.246024e-001  3.719244e-001  1.709623e+000  1.860956e+000  5.879003e-001 -1.046748e+000  2.519114e-001
-5.370278e+000 -4.576748e+000  1.103827e+001 -6.541518e+000 -9.361356e+000 -1.524502e+001 -7.958920e+000 -6.585488e+000 -1.473893e+001 -1.873321e+001 -7.689334e+000 -4.569638e+000  5.262233e+001 -7.062703e+000  4.402612e+000  3.229505e+000 -1.009055e+000  5.516221e+000  3.841041e+000  3.097732e+000 -4.267813e-001  3.033535e+000  2.136805e-001  2.171097e+000 -1.573694e+000 -4.058453e-001 -3.543565e-001 -6.556292e-001 -2.712086e+000 -6.998661e-001  3.997731e-001 -5.379629e-001  2.253798e-001  7.796206e-001  1.788988e+000  2.576670e+000  4.617556e-001 -2.645153e-001  3.336429e-001
