25 39
-1.482645e+001  1.370783e+000 -1.436654e+000  2.520323e+000  7.198592e-001 -2.209601e+000  9.813037e-001  1.490951e-001  4.302064e+000 -2.218503e+000 -2.151416e+000 -3.023445e-001  2.991118e+001  3.249969e+000 -7.465400e-001 -2.212732e+000 -1.422209e+000 -1.147959e+000 -3.433093e+000  3.163941e-001 -8.300614e-001 -8.477630e-002  4.153838e-001 -2.629056e+000  7.686976e-001  1.352565e+000  7.524238e-001 -1.756451e+000  1.699618e+000 -2.608121e+000 -1.093986e+000 -4.620401e-001 -3.676295e-002  7.366163e-002 -1.265560e+000  5.555347e-001 -8.779823e-001 -7.809901e-001  2.789598e+000
-1.711241e+001  6.212541e-001 -2.557548e+000 -5.715278e+000 -5.150269e+000 -4.025308e+000 -3.598494e+000  5.430926e-001  4.585509e+000  2.503794e+000  2.334381e+000  6.861392e-001  2.955202e+001  3.335774e+000 -5.246259e+000  2.134423e+000 -6.324918e+000 -1.859336e+000 -2.989078e+000 -1.515520e-001  1.898466e-001 -2.593678e+000  1.138620e+000 -4.410202e+000 -1.624630e+000  7.198230e+000  3.664159e-001 -1.569700e+000  2.471405e+000 -1.945494e+000 -6.521477e-001  6.289421e-001  4.880137e-001  6.577283e-002 -1.221546e+000  2.691649e-001 -5.772225e-001 -1.097819e+000  2.858266e+000
-7.513319e+000 -1.683922e+001  6.917893e+000 -1.892835e+001 -9.970980e+000 -3.954570e+000 -4.048557e+000  6.478918e+000 -8.195794e+000  5.097886e+000 -4.853977e+000 -6.408716e+000  4.862396e+001  3.218473e+000 -5.106062e+000  4.227672e+000 -7.478276e+000 -2.875597e+000 -2.250103e+000  1.740868e+000 -3.899299e-001 -3.460697e+000  1.812351e+000 -2.993239e+000 -1.556406e+000  9.409241e+000 -3.004769e-001  4.005808e-001  1.072566e+000  1.295530e-001 -1.233285e-001  1.008990e+000  5.544453e-001 -4.937524e-001  2.025541e-001 -3.840395e-001  7.005148e-002 -3.025821e-001  5.810609e-001
-4.774251e+000 -2.095874e+001  1.202848e+001 -2.762617e+001 -8.559960e+000 -9.674437e+000  2.666896e-002  5.544584e+000 -6.415197e+000  6.372032e+000 -8.612039e+000 -8.069941e+000  5.934799e+001  3.280546e+000 -3.115919e+000  4.618467e+000 -4.664999e+000 -1.399424e+000 -6.029989e-001  3.536642e+000 -1.317603e+000 -1.792483e+000  5.840045e-001 -3.786342e+000 -1.769072e+000  8.242552e+000 -5.966066e-001  1.669793e+000 -5.958074e-001  1.655621e+000 -1.060731e-002  1.036547e+000 -2.168358e-001 -7.659708e-001  1.030907e+000 -9.402804e-001  5.192453e-001  3.228034e-001 -1.659245e+000
-4.903168e+000 -1.336953e+001  1.240869e+001 -2.391561e+001 -1.195328e+001 -1.063555e+001  7.873064e+000 -4.301300e+000 -7.501068e+000  4.909133e+000 -1.164440e+001 -3.706335e+000  6.205939e+001  1.775198e+000  1.911940e-001  1.908074e+000 -1.604404e+000 -1.994557e+000  4.188163e-001  1.244524e+000 -2.545099e+000  5.273968e-001 -1.227506e+000 -2.590729e+000 -6.719920e-001  3.735709e+000 -7.464452e-001  1.366820e+000 -1.292667e+000  1.449342e+000  7.372930e-002  5.251459e-001 -1.379629e+000 -3.774722e-001  1.151453e+000 -9.685539e-001  4.782850e-001  3.016587e-001 -2.314182e+000
-2.014756e+000 -1.669319e+001  1.778939e+001 -2.654664e+001 -1.115624e+001 -3.699811e+000  8.123906e+000 -6.548123e-001 -4.724271e+000  5.518192e+000 -1.320212e+001 -9.510413e+000  6.404707e+001  1.074378e+000  4.540791e-001  3.151841e-001 -9.837484e-001 -2.352892e+000  8.591961e-001 -9.875590e-001 -2.562423e+000  5.668119e-001 -2.042853e+000 -2.015230e+000 -4.528205e-001  1.738772e+000 -8.290388e-001  8.904848e-001 -1.150444e+000  5.952958e-001 -2.785969e-003 -3.065928e-001 -1.660954e+000  2.635852e-002  5.399628e-001 -2.270577e-001  7.335613e-001  4.451733e-001 -1.795395e+000
-1.707567e-002 -1.801603e+001  1.357781e+001 -2.749013e+001 -1.864563e+001 -4.847802e+000 -1.874557e+000 -3.146877e+000 -6.404274e+000 -6.127232e-001 -1.551258e+001 -9.048440e+000  6.495297e+001  5.893307e-001 -5.695896e-002 -8.402310e-002 -2.072192e+000 -2.030216e+000 -3.554711e-001 -2.895178e+000 -1.654881e+000  1.116923e+000 -1.716990e+000 -1.487370e+000 -7.062385e-001  1.090223e+000 -5.328854e-001  6.407620e-001 -3.635882e-001  7.606445e-002  5.460576e-001 -6.774589e-001 -6.771009e-001  3.257080e-001 -8.022124e-002  5.270993e-001  6.097623e-001  3.322851e-001 -9.506953e-001
-1.845405e+000 -1.636509e+001  1.301984e+001 -3.075765e+001 -1.697825e+001 -8.272332e+000 -3.731562e-002 -7.844742e+000 -4.129535e+000 -1.081304e+000 -1.675410e+001 -7.662990e+000  6.659506e+001 -2.717140e-001  1.460582e+000 -1.377019e-001 -1.454625e+000 -1.395525e+000 -1.748819e+000 -2.698279e+000 -1.630919e+000  6.125674e-001 -3.065422e-001 -6.702152e-001  4.739174e-001  5.883179e-001 -2.539781e-001  9.328754e-001 -2.020473e-002  2.217443e-001  9.772990e-001 -5.353653e-001 -1.491746e-001  3.759679e-001 -5.000151e-001  4.748873e-001  6.542717e-001  3.204579e-001 -7.836496e-001
-2.041190e+000 -1.381837e+001  1.437335e+001 -3.217106e+001 -1.919336e+001 -1.012665e+001 -2.522216e+000 -8.980740e+000 -2.213821e+000 -3.760668e-001 -1.730526e+001 -8.161239e+000  6.623651e+001 -2.161826e-001  2.891753e+000  3.165768e-001 -9.886433e-001  2.570469e-001 -1.664471e+000 -1.285621e+000 -1.382311e+000  1.034128e-001  5.398355e-001 -2.144245e-001  5.260648e-001 -4.425400e-001 -1.494112e-002  9.933683e-001 -4.147637e-002  5.318459e-001  1.211578e+000 -9.762223e-002  7.910345e-002  1.426973e-001 -7.371318e-001 -2.967701e-001  8.883931e-001  3.110251e-001 -7.716964e-001
-2.361268e+000 -1.148911e+001  1.670311e+001 -3.147930e+001 -1.786000e+001 -9.804484e+000 -5.043660e+000 -5.892476e+000 -3.756660e+000  3.867153e+000 -1.565685e+001 -7.584427e+000  6.634689e+001  2.072444e-001  3.644100e+000  1.386051e-002 -4.168011e-001  1.389971e+000 -1.163130e+000 -2.538211e+000 -8.188688e-001 -1.426509e+000 -7.968288e-001  6.196556e-001  5.333175e-001 -1.413095e+000  1.237854e-001  4.873001e-001 -8.039942e-002  3.887592e-001  1.058106e+000  1.766608e-001 -2.841003e-001  1.624594e-002 -4.997902e-001 -1.126140e+000  1.001004e+000  1.348118e-001 -6.051933e-001
-8.400574e-001 -5.995257e+000  1.331906e+001 -3.207253e+001 -1.691952e+001 -1.240408e+001 -5.799488e+000 -1.103456e+001 -6.073647e+000 -3.877743e-001 -1.713333e+001 -6.457398e+000  6.286436e+001  2.751459e-001  3.818123e+000 -3.671862e-001  6.812553e-002  2.634928e+000 -1.136427e+000 -2.579695e+000 -1.347419e+000 -1.549198e+000 -2.955697e+000  2.309660e+000  8.191867e-001 -1.767553e+000 -6.643816e-002 -1.681403e-001  1.424794e-001  2.284008e-001  4.018060e-001  1.598213e-001 -6.566380e-001 -1.946615e-001  1.098509e-001 -9.347257e-001  8.756411e-001  1.353799e-001 -1.916278e-001
-1.409750e+000 -2.056150e+000  1.361629e+001 -3.289093e+001 -1.116531e+001 -1.294927e+001 -1.108973e+001 -1.091217e+001 -9.332165e+000 -5.059594e+000 -1.374179e+001 -5.848323e+000  6.121566e+001  1.015489e-001  3.433897e+000 -1.978175e-001 -3.921394e-002  2.706066e+000 -1.129537e+000 -3.471744e+000 -1.567135e+000 -1.060078e+000 -4.189476e+000  3.072762e+000  1.001415e+000 -1.775142e+000 -3.405763e-001 -7.967482e-001  4.444374e-001  2.658401e-001 -3.342790e-001  7.101117e-002 -1.647128e-001 -3.684655e-001  9.866557e-001 -1.409076e-002  2.216451e-001  1.286374e-001  2.056698e-001
-1.141220e+000  5.557643e-001  1.408083e+001 -3.112462e+001 -9.366060e+000 -1.423639e+001 -1.239765e+001 -1.320799e+001 -7.172058e+000 -1.069118e+001 -6.714492e+000 -4.933357e+000  5.996436e+001 -4.955257e-001  2.156153e+000  1.134813e+000 -3.543282e-002  1.608029e+000 -8.821610e-001 -4.102044e+000 -1.981485e+000  4.694522e-001 -2.437469e+000  2.937227e+000  9.689152e-001 -1.219656e+000 -5.518546e-001 -1.307441e+000  6.641470e-001  3.207506e-001 -9.566826e-001  2.319948e-001  1.766162e-001 -1.953453e-001  1.084372e+000  8.977995e-001 -8.549380e-001  7.490294e-002  4.175702e-001
-1.702943e+000  2.404866e+000  1.533313e+001 -3.214932e+001 -8.106400e+000 -1.453602e+001 -1.910329e+001 -1.264144e+001 -8.507845e+000 -1.192853e+001 -5.502459e+000 -3.339371e+000  5.892118e+001 -1.110301e+000  4.913443e-001  1.485048e+000  9.641784e-001  2.320250e-001 -9.352074e-001 -2.600600e+000 -2.344163e+000  2.497445e+000 -1.126396e+000  1.414097e+000  1.101640e+000 -6.586944e-001 -4.898455e-001 -1.170111e+000  6.800105e-001  5.544859e-001 -9.726785e-001  4.917371e-001  8.172393e-001  5.804880e-002  8.047000e-001  1.172667e+000 -1.296791e+000  2.286094e-001  3.162389e-001
-3.171090e+000  2.554999e+000  1.813470e+001 -3.262049e+001 -1.040882e+001 -1.602151e+001 -2.230293e+001 -2.007736e+001 -4.138546e+000 -9.140654e+000 -6.566853e+000 -2.867298e+000  5.791333e+001 -1.878202e+000 -1.247807e+000  2.112116e+000  1.170182e+000 -9.114650e-001 -7.361746e-002 -2.132185e+000 -1.935632e+000  2.093899e+000  1.760673e-003 -1.135697e+000  1.143589e+000 -2.379253e-001 -1.139140e-001 -5.778473e-001  3.940316e-001  6.362085e-001 -6.416277e-001  5.295423e-001  1.259979e+000  3.513355e-001  1.054067e-001  7.841857e-001 -1.028614e+000  4.753653e-001  1.240072e-002
-5.946321e+000 -5.990458e-001  1.901459e+001 -2.732210e+001 -9.483807e+000 -1.673274e+001 -1.914010e+001 -1.919831e+001  1.638304e+000 -1.146684e+001 -6.745121e+000 -1.373151e+000  5.894771e+001 -1.656340e+000 -7.146769e-001  2.713583e+000  2.130408e+000 -8.975800e-001  9.248767e-001 -3.704762e-001 -1.299818e+000  2.151199e+000  4.542412e-001 -1.374728e+000  2.057125e+000 -6.848125e-001  4.463252e-001  2.538503e-001 -1.977528e-001  6.313915e-001 -1.454737e-001  1.164159e-001  1.508767e+000  6.833100e-001 -4.334521e-001  3.819659e-001 -2.415589e-001  1.701553e-001 -4.331826e-001
-8.410540e+000 -4.181314e+000  2.280068e+001 -2.768732e+001 -1.323468e+001 -1.350611e+001 -2.304018e+001 -1.960771e+001 -1.775640e+000 -1.091322e+001 -1.177165e+001 -1.985230e-001  5.876147e+001 -7.920763e-001 -1.300731e-001  2.490703e+000  2.562495e+000 -1.035307e+000  8.355086e-001  1.082790e+000 -7.469803e-001  1.169609e+000  6.931404e-001 -8.114315e-001  2.867999e+000 -1.144593e+000  8.388631e-001  7.764399e-001 -9.557642e-001  8.599894e-001  9.230240e-002 -7.532940e-001  1.626143e+000  1.051949e+000 -4.322842e-001 -3.002043e-002  4.916393e-001 -4.758198e-001 -7.478893e-001
-7.364920e+000  2.199638e+000  2.656806e+001 -2.396387e+001 -1.118137e+001 -1.116933e+001 -2.058705e+001 -1.937535e+001  1.066696e+000 -8.771040e+000 -9.773703e+000  5.611868e+000  5.507304e+001  5.782617e-001  1.201729e+000  3.069902e-001  3.424979e+000 -4.334227e-001 -8.076910e-001  3.335745e+000  4.780611e-001  7.923293e-001  4.377431e-001  4.417019e-002  1.090212e+000 -2.371274e+000  5.797681e-001  6.400173e-001 -1.972804e+000  8.577912e-001  1.834434e-001 -7.187808e-001  7.067914e-001  1.301239e+000 -7.801518e-001 -2.003285e-001  7.236300e-001 -1.175713e+000 -1.049029e+000
-6.422172e+000  5.052916e-001  2.681149e+001 -2.148713e+001 -1.473658e+001 -1.462567e+001 -1.616550e+001 -2.372374e+001  1.995303e+000 -7.022851e+000 -9.109719e+000  7.980187e+000  5.412769e+001  1.198812e+000  1.676190e+000 -1.463408e+000  4.822844e+000 -6.820316e-001 -2.973804e+000  4.145421e+000  2.435175e+000  6.119123e-001 -1.400925e-001  6.130500e-001 -7.520534e-001 -3.134141e+000  1.293741e-001  4.854987e-001 -2.014617e+000  7.846180e-001  5.254828e-001 -1.777883e-001 -2.813261e-001  1.402281e+000 -7.649951e-001 -5.219989e-001  7.453003e-001 -9.864979e-001 -9.079456e-001
-4.049196e+000  3.066297e+000  1.854414e+001 -1.329730e+001 -1.089997e+001 -2.021142e+001 -5.898713e+000 -1.474999e+001  3.714478e+000 -1.122331e+001 -7.855233e+000 -1.144685e-002  4.940823e+001  2.470558e-001  1.582278e+000 -5.173382e+000  5.289190e+000 -1.570007e-001 -7.643714e-001  1.632166e+000  3.615297e+000 -1.470712e+000 -1.307849e-001  1.531181e+000 -2.011412e+000 -4.935181e+000 -1.072315e-001  1.102344e-001 -7.981359e-001  3.414390e-001  5.332642e-001  6.510481e-001 -1.124064e+000  9.953933e-001 -7.591869e-001 -6.108642e-001  3.917400e-001 -9.908482e-002 -1.096654e-001
-4.074339e+000  3.766307e+000  1.949560e+001 -8.906388e+000 -1.678554e+001 -2.385409e+001 -9.657246e+000 -9.744517e+000 -3.997010e-002 -1.038755e+001 -9.665631e+000 -1.147133e+000  4.592317e+001  2.039719e-002  2.107146e+000 -4.842196e+000  5.553480e+000  1.453897e+000 -7.509241e-002  5.279495e-001  4.695808e+000 -1.523846e+000 -1.632590e+000  2.171565e+000 -5.136786e-001 -4.402368e+000  3.152765e-002  5.686720e-002  3.205379e-001 -8.620963e-002  5.577445e-001  1.027290e+000 -9.084959e-001  1.586514e-001 -4.077637e-001 -5.023690e-001 -1.032221e-001  2.011134e-001  8.385165e-001
-7.303557e+000  8.480522e+000  4.359088e+000 -3.808290e+000 -1.094189e+001 -1.037698e+001 -1.568035e+001 -8.288475e+000 -5.269228e+000 -7.742616e+000 -1.839843e+000  1.184661e-001  3.449940e+001  6.313117e-001  1.537423e+000 -1.994295e+000  4.766856e+000  1.164934e+000  9.981939e-001 -4.758407e-001  4.324711e+000 -1.935726e+000 -1.870329e+000  1.223613e+000  4.756003e-001 -2.285488e+000  1.635440e-001 -1.029793e-001  1.389169e+000 -3.170550e-001  3.040400e-002  1.862663e-001  3.268439e-002 -4.752108e-001  5.613843e-002 -2.038802e-001 -9.690278e-001  1.048768e-002  1.908327e+000
-4.693006e+000  8.333906e+000  9.693028e+000  1.535762e+000 -7.446133e+000 -1.991835e+001 -8.634936e+000 -3.475450e+000 -1.132074e+000 -1.692615e+001 -1.259590e+000  5.346838e+000  3.957027e+001  1.164323e+000  1.982954e+000 -1.450262e+000  4.652962e+000  1.445723e+000  1.281365e+000  6.569443e-001  2.873725e+000 -1.194400e+000 -1.782166e+000  2.507236e-001 -9.899927e-001 -2.664055e-001 -4.422539e-001 -3.052941e-001  9.071299e-001 -6.287326e-001 -4.336010e-001 -7.267390e-003  2.813953e-002 -1.136599e+000 -3.441042e-002  6.416398e-001 -1.213289e+000 -7.051511e-001  1.819410e+000
-5.833044e-001  8.469612e+000  1.347395e+001  5.315907e+000 -9.745006e+000 -1.718831e+001 -8.789071e+000  3.739033e+000 -5.418098e+000 -1.730565e+001 -5.940191e+000 -8.804306e-001  4.115724e+001  4.928132e-001  1.129478e+000  7.649636e-002  4.154173e+000 -8.941173e-004 -5.112685e-001  1.731090e+000  2.150285e+000 -1.354743e+000 -1.075398e+000 -2.353538e+000 -1.720817e+000  2.538472e+000 -1.360415e+000 -4.704576e-001  4.202690e-001 -7.538691e-001 -1.742200e-001 -3.641853e-002 -1.762666e-001 -1.566315e+000  1.150292e-001  9.567715e-001 -7.276304e-001 -7.773911e-001  1.168550e+000
-1.612852e+000  1.368653e+001  7.686861e+000  9.796325e+000 -1.015537e+001 -1.404159e+001 -9.818164e+000 -1.389646e+000 -5.937532e+000 -1.451686e+001 -6.361839e+000 -5.597648e+000  4.126222e+001 -2.121623e+000  7.846476e-001 -1.341943e+000  2.716158e+000 -1.311943e-001  6.433018e-001 -4.348183e-001  1.000249e-001 -1.986390e+000  1.178144e+000 -2.106306e+000 -2.941226e+000  2.282701e+000 -1.619023e+000 -8.682736e-001  5.274363e-001 -1.023672e+000  3.949282e-001  3.629977e-001 -5.201955e-001 -1.465059e+000 -9.609604e-003  6.931195e-001 -2.767645e-001 -1.821399e-001  4.587781e-001
