39 39
-1.811423e+001 -6.685991e+000  5.099349e+000  1.270389e+000 -6.032458e+000  1.494571e+000  4.621333e+000  5.959573e+000 -1.039763e+001 -6.176059e-001  2.736585e+000 -1.388033e+000  4.014283e+001 -1.968065e+000 -1.534330e+000 -1.174328e+000 -5.490986e-001 -1.093438e+000 -1.942396e-002 -3.752583e-001  1.852577e+000  1.237886e+000  2.099275e+000  1.294191e+000  6.991957e-001  5.085144e-002  2.929322e-001 -7.125181e-002 -8.803692e-001 -6.770127e-001  5.519445e-002 -6.566987e-001 -5.346286e-001 -5.189338e-001  8.431119e-001  3.023000e-001 -5.864633e-001 -1.910578e-001  2.335312e-001
-2.078513e+001 -7.775876e+000  5.120285e+000 -4.567889e-001 -3.753650e+000  2.787631e+000 -3.024507e+000  6.238221e-001 -3.427595e+000  2.551687e+000  2.273415e+000  2.804520e+000  3.992065e+001 -9.593399e-001 -9.371475e-001 -2.542407e+000 -2.143978e+000 -1.589906e+000 -1.188686e+000 -1.149420e+000  1.051799e+000  2.118771e+000  1.773472e+000  1.365845e-001  7.204143e-001  6.491081e-001  9.412569e-001  2.378560e-001 -5.149075e-002 -2.591147e-001  3.500587e-001 -3.909355e-001  2.337023e-001 -5.558507e-001  1.083939e-001 -4.039920e-001 -5.415663e-001 -2.103990e-001  9.604164e-001
-1.908164e+001 -6.253930e+000  4.369884e+000  4.042865e+000 -4.955441e+000 -2.292051e+000 -7.393820e+000  3.810572e+000 -7.335143e+000  8.288822e-002  2.556312e-001 -2.128716e+000  3.996531e+001  4.908566e-001 -3.490126e-001 -1.319376e+000 -1.484350e+000  2.748947e-001 -9.406572e-001 -1.099078e+000 -3.450243e-001  1.540445e+000  6.304910e-001 -5.768235e-001 -3.156646e-002  2.321370e+000  9.991198e-001  6.060688e-001  1.038125e+000  1.898058e-001  7.735187e-001  2.206175e-001  1.224492e+000 -3.786393e-001  1.052827e-001 -6.685160e-001  2.131944e-002  4.253808e-001  1.302276e+000
-1.903403e+001 -8.912168e+000 -2.092143e+000 -5.318839e+000 -7.238238e+000 -2.009372e+000 -5.557001e+000  2.088885e+000 -5.239445e+000  1.910709e+000 -4.746744e-001 -3.668288e-001  4.378545e+001  1.733927e+000  3.744778e-001  5.223954e-001 -7.361785e-001  5.109901e-001 -5.617086e-001  2.214334e+000  9.767886e-001  1.150378e+000 -2.287153e-001  6.223271e-001  9.140064e-001  4.101601e+000  4.725815e-001  3.310936e-001  1.536273e+000  7.713774e-001  6.647950e-001  4.719386e-001  1.239879e+000  1.524284e-003  2.617422e-001 -5.215971e-001  1.824701e-001  5.028039e-001  7.205297e-001
-1.653550e+001 -7.862908e+000  2.108680e+000 -3.720337e+000 -2.915691e+000 -8.102136e-001  3.921897e-001  3.501920e+000 -1.789474e+000  2.855338e+000  1.226512e+000  3.980893e-002  4.981728e+001  1.680901e+000  8.402010e-001  2.483897e+000 -3.039693e-001  1.723708e+000  7.701746e-001  4.065323e+000 -3.114319e-003  2.248496e+000 -2.422114e-001  1.157917e+000  2.729304e+000  4.835987e+000 -2.569391e-001 -3.169523e-001  7.819437e-001  6.593561e-001 -1.470089e-002 -1.201400e-003  1.336787e-001  2.827873e-001  3.168611e-001 -1.943178e-001 -9.429538e-002 -1.551768e-001 -4.965616e-001
-1.338857e+001 -5.098998e+000  8.862864e+000 -2.560805e-001 -2.218574e+000 -7.618303e-001  4.154158e+000  5.662091e+000 -4.485404e-001  2.188561e-002  4.899610e+000  6.290289e+000  5.550267e+001  8.085455e-001  1.237140e-001  3.237324e+000  1.122718e+000  1.009662e+000  3.155908e-001  2.467776e+000  8.884658e-001  3.073457e+000 -3.981620e-001  1.815646e-001  1.853998e+000  2.994448e+000 -7.011181e-001 -8.678992e-001 -3.930507e-001  3.757686e-001 -2.648842e-001 -6.394033e-001 -1.447802e+000 -1.003712e-001 -2.461688e-001  8.099525e-002 -6.743826e-001 -1.137748e+000 -1.586400e+000
-1.349987e+001 -3.959510e+000  1.131186e+001 -8.360765e-003  1.153266e+000  9.350518e-001  8.077216e+000  2.008397e+000  1.511884e+000 -1.837572e-001  3.358074e+000  8.189244e+000  5.828664e+001 -3.311485e-001 -1.808392e+000  1.232878e+000  8.829820e-001 -4.794593e-002 -1.385314e+000 -5.574057e-001  1.113073e+000  2.163211e+000 -2.563746e-001 -8.279191e-001 -1.277446e+000  3.921379e-001 -5.586095e-001 -9.565054e-001 -1.212841e+000  2.467368e-001 -3.232643e-001 -1.006314e+000 -2.246431e+000 -3.524875e-001 -7.814240e-001  4.829429e-001 -5.224574e-001 -1.380813e+000 -1.867381e+000
-1.650912e+001 -1.024530e+001  9.492887e+000 -1.561236e+000 -4.224404e+000 -1.304051e+000  2.939366e+000  7.277976e+000  8.477160e+000  1.439447e+000 -6.326321e-001  4.828446e+000  5.452301e+001 -7.656395e-001 -2.640722e+000 -8.173486e-001  5.491890e-001  7.239604e-002 -2.680981e+000 -2.713310e+000 -8.316107e-002 -3.782418e-002  1.833426e-001 -1.756668e+000 -2.771358e+000 -1.608472e+000 -4.923034e-002 -3.621698e-001 -1.170084e+000 -2.726209e-002  2.098588e-001 -5.346176e-001 -1.578439e+000 -9.612011e-001 -1.240819e+000  4.101475e-001 -7.271063e-002 -5.807573e-001 -1.226888e+000
-1.663097e+001 -1.433172e+001  7.958057e+000  1.347150e+000 -2.152506e+000 -7.465673e+000 -1.787443e+000  8.259345e+000  4.563732e+000  8.646839e-001 -1.469621e-001 -5.616501e+000  5.226780e+001 -3.250543e-001 -2.560108e+000 -1.552971e+000  1.216479e+000  5.760195e-001 -2.763108e+000 -4.576288e+000 -1.279738e+000 -1.029838e-001  1.881751e+000 -4.852539e-001 -1.862084e+000 -2.199458e+000  5.229390e-001  5.180169e-001 -2.591088e-001  8.395229e-002  4.664746e-001  4.368363e-001 -5.554882e-001 -1.164877e+000 -1.124965e+000 -2.423329e-001 -7.095824e-002  3.176593e-001 -4.276732e-001
-1.565122e+001 -1.311650e+001  6.453024e+000  1.812109e+000 -2.037079e-001 -9.966373e+000 -4.480060e+000  2.120812e+000 -2.163585e+000  4.143780e-001 -2.131210e+000 -6.636280e-001  5.046973e+001  5.593467e-001 -1.311277e+000 -1.220173e+000  8.196592e-001  1.746974e+000 -1.668600e+000 -3.414977e+000 -2.721134e+000 -1.997540e+000  5.835126e-001 -3.533211e-001 -7.574693e-001 -1.844194e+000  1.302811e+000  1.187799e+000  7.141811e-002 -3.495709e-001 -5.981529e-002  1.011124e+000  9.729876e-002 -9.092724e-001 -8.415971e-001 -9.110214e-001 -1.666153e-001  1.068630e-001  2.755580e-001
-1.555409e+001 -1.532445e+001  5.066942e+000  4.387362e+000  2.023015e+000 -8.549325e+000 -1.109451e+001 -1.811712e+000  6.317338e+000  9.737531e+000  1.681094e+000  1.624862e+000  4.931599e+001  1.621053e+000  1.169703e-001  1.387459e-001  1.167508e+000  1.447138e+000  2.926775e-001 -2.984013e+000 -3.392323e+000 -2.481755e+000 -1.668124e+000 -1.884384e+000 -6.960940e-001 -1.628367e+000  1.895340e+000  1.504904e+000 -7.449490e-001 -1.204244e+000 -2.856241e-001  3.581373e-001  2.073899e-001 -5.976579e-001 -1.071737e+000 -1.293845e+000 -6.092105e-001 -5.657334e-001  7.292353e-001
-1.425082e+001 -1.630532e+001  4.837581e+000  1.016954e+000  2.422704e+000 -9.105227e+000 -9.481987e+000 -1.292165e+000 -2.387342e+000 -7.941366e-002 -3.313266e+000 -2.579582e+000  4.677795e+001  4.775360e+000  1.959735e+000 -1.306116e+000 -1.174180e+000 -6.622398e-001  8.467488e-001 -3.022953e+000 -3.573231e+000 -3.056424e+000 -2.596827e+000 -1.890179e+000 -2.820038e+000 -5.162277e-001  1.854376e+000  1.189865e+000 -1.747182e+000 -1.376308e+000  4.255784e-002 -8.351800e-001 -2.791721e-001  1.558654e-002 -3.730627e-001 -1.181731e-001 -4.150804e-001 -4.971114e-001  9.523513e-001
-9.225901e+000 -1.215246e+001  9.459508e+000  7.582270e+000  3.769980e+000 -6.432859e+000 -1.420654e+001 -6.995782e+000 -7.733166e+000 -7.229040e+000 -8.977852e+000 -8.138994e+000  4.597186e+001  7.043641e+000  3.328908e+000 -5.234744e+000 -3.807820e+000  3.525060e-001 -2.230096e+000 -3.735350e+000 -3.841979e+000 -4.932227e+000 -2.997304e+000 -2.762877e+000 -3.659467e+000  7.827350e-001  8.286662e-001  1.910011e-001 -1.968999e+000 -1.032355e+000  5.866751e-001 -1.960741e+000 -3.238609e-001  8.931699e-001  3.146462e-001  1.037929e+000  4.359090e-002  1.056854e-001  9.273350e-001
 5.061480e+000 -4.903820e+000 -2.273841e+000 -5.656245e+000 -4.388389e+000 -6.790863e+000 -1.803881e+001 -1.315331e+001 -1.042045e+001 -4.086473e+000 -6.252633e+000 -9.881889e+000  4.956065e+001  7.119932e+000  3.032079e+000 -7.269336e+000 -3.574214e+000  2.507079e+000 -4.583114e+000 -4.435169e+000 -2.418373e+000 -2.637618e+000  6.572371e-001 -1.989476e+000 -1.761340e+000  1.712012e+000 -1.013159e+000 -1.028546e+000 -1.600757e-001  5.238665e-001  8.783516e-001 -1.926999e+000  2.995053e-001  1.912167e+000  9.823887e-001  1.127959e+000  2.133663e-001  9.574738e-001  5.313891e-001
 1.000796e+001 -4.380658e+000 -1.755107e+001 -1.131514e+001  7.191092e+000 -2.085699e+001 -2.549285e+001 -1.509104e+001 -1.432724e+001 -3.245460e+000 -1.066361e+001 -1.302132e+001  5.183831e+001  4.592098e+000  5.358042e-001 -6.724641e+000 -2.794250e+000  2.795854e+000 -6.796097e+000 -3.897209e+000  4.960979e-001 -1.117927e+000  1.894488e+000 -1.616781e+000 -6.970156e-001  1.894188e+000 -2.112325e+000 -1.625470e+000  2.154546e+000  1.725148e+000 -5.128211e-001 -7.042154e-001  1.438085e+000  2.360760e+000  1.107245e+000  3.355138e-001  5.588145e-001  1.199349e+000  9.167026e-002
 1.173191e+001 -5.030824e+000 -1.800381e+001 -7.405414e+000  1.324754e+001 -2.480873e+001 -2.601468e+001 -9.336405e+000 -1.227839e+001  1.214981e+000 -1.241777e+001 -8.945123e+000  5.240478e+001  9.353377e-001 -1.786444e+000 -1.361546e+000  9.383675e-001  2.507844e+000 -6.505244e+000 -1.444497e+000  3.818565e+000 -5.162983e-002  5.970742e-001 -1.396396e+000  4.861059e-001  1.584991e+000 -2.101707e+000 -1.305761e+000  3.162412e+000  1.651615e+000 -1.968462e+000  3.344916e-001  2.460257e+000  1.731246e+000 -2.547307e-002 -7.805547e-001  6.977918e-001  7.444538e-001 -1.612274e-001
 1.039937e+001 -9.409936e+000 -1.629871e+001 -5.514397e+000  8.931286e+000 -3.140441e+001 -2.970465e+001 -6.423744e+000 -1.239383e+001 -4.073275e-001 -1.397919e+001 -1.209246e+001  5.402073e+001 -4.256883e-001 -2.389182e+000  2.584092e+000  2.561630e+000 -2.211982e+000 -4.790107e+000  1.959740e+000  4.843354e+000 -6.889971e-001 -1.289654e+000 -2.653450e-001  1.213557e+000  1.304597e+000 -1.308944e+000 -2.893687e-001  2.768988e+000  8.559473e-001 -2.463018e+000  1.219862e+000  2.897502e+000  2.700210e-001 -9.577448e-001 -7.045731e-001  9.205503e-001  3.028946e-001 -2.598023e-001
 9.542459e+000 -1.132140e+001 -9.707747e+000 -3.864779e+000  7.280735e+000 -3.404337e+001 -2.315539e+001  1.605874e+000 -1.164531e+001 -2.520168e+000 -1.157682e+001 -7.915790e+000  5.639440e+001 -8.797096e-001 -2.034234e+000  3.888357e+000  2.005920e+000 -4.831313e+000 -3.913651e+000  4.937641e+000  4.064227e+000 -2.979448e+000 -1.653466e+000  8.237651e-001  1.005643e+000  1.200670e+000 -5.080255e-001  5.694411e-001  1.431882e+000 -4.719920e-001 -2.136258e+000  1.742698e+000  2.160116e+000 -1.318701e+000 -1.359621e+000  3.795893e-001  8.522952e-001 -3.199782e-001 -2.916270e-001
 8.974239e+000 -1.318128e+001 -8.778639e+000 -2.773051e-001 -8.854149e-001 -4.019020e+001 -1.712379e+001  3.654596e+000 -1.808877e+001 -7.826152e+000 -1.241081e+001 -7.468197e+000  5.636649e+001 -1.045099e+000 -7.871445e-001  4.495349e+000  9.517103e-001 -5.849656e+000 -1.992584e+000  7.399230e+000  1.723372e+000 -4.442742e+000 -5.031075e-001  1.875890e+000  5.576891e-001  7.873375e-001 -2.803276e-001  9.627931e-001  7.492771e-001 -1.350036e+000 -6.981930e-001  2.292517e+000  5.980502e-001 -2.047141e+000 -7.206300e-001  1.537936e+000  3.591371e-001 -6.807067e-001 -2.709514e-001
 8.045927e+000 -1.331632e+001 -2.322064e+000  5.639085e-003 -6.000672e+000 -3.998409e+001 -7.616908e+000  5.945562e+000 -2.432817e+001 -3.342935e+000 -9.083134e+000 -6.229039e+000  5.723526e+001 -1.295084e+000  2.597426e-001  4.842234e+000 -6.166322e-001 -6.354610e+000  8.094864e-001  6.636337e+000 -1.214950e+000 -4.972861e+000  2.101748e+000  1.794462e+000 -7.858511e-001  3.854855e-001 -2.199828e-001  9.612755e-001  3.244546e-001 -1.620568e+000  3.686135e-001  2.464943e+000 -1.206128e+000 -2.166034e+000  5.489971e-001  1.582961e+000 -5.099856e-001 -5.369307e-001 -2.739438e-001
 5.922146e+000 -1.234820e+001  2.485190e+000 -2.691054e+000 -1.367629e+001 -3.839697e+001 -4.777461e-001  2.327134e-002 -2.826611e+001 -2.511482e+000 -5.846580e+000 -1.014739e+001  5.753699e+001 -1.619639e+000  1.277795e+000  5.853539e+000 -2.877275e+000 -4.941298e+000  4.310910e+000  4.100643e+000 -2.752763e+000 -3.295441e+000  4.522421e+000  1.044992e+000 -1.294230e+000  3.574322e-001 -1.211895e-001  6.811011e-001 -1.110982e-001 -1.375779e+000  1.189121e+000  1.977900e+000 -2.569620e+000 -1.455885e+000  1.720486e+000  7.261993e-001 -1.244629e+000  2.636264e-001 -2.125923e-001
 4.593084e+000 -1.043923e+001  8.871509e+000 -5.741066e+000 -1.809688e+001 -3.089256e+001  1.703271e+000 -2.653214e+000 -3.142094e+001  5.331236e+000 -5.886626e+000 -1.050545e+001  5.773657e+001 -1.692354e+000  1.739673e+000  4.831535e+000 -4.182429e+000 -3.442424e+000  5.259320e+000  5.562941e-001 -4.527874e+000 -8.081133e-001  3.748575e+000 -1.310714e+000 -7.530515e-001  4.590378e-002  6.477842e-002  3.099902e-001 -6.019973e-001 -6.213950e-001  1.593200e+000  9.395594e-001 -2.712682e+000 -5.817225e-001  2.506003e+000 -8.275583e-001 -1.177599e+000  1.156376e+000 -1.795247e-001
 2.602466e+000 -8.230850e+000  1.489227e+001 -1.179033e+001 -1.954380e+001 -2.318142e+001 -1.280668e+000 -5.809833e+000 -3.101959e+001  1.044887e+001 -8.784099e+000 -1.180114e+001  5.790299e+001 -1.452411e+000  1.878395e+000  3.945207e+000 -4.144287e+000 -1.360143e+000  5.671999e+000 -2.408848e+000 -3.899592e+000  2.077316e+000  2.304475e+000 -2.794667e+000  1.859421e+000 -1.058334e-001  2.350591e-001 -4.437804e-004 -1.043246e+000  3.382123e-001  1.387346e+000 -8.674989e-002 -2.059509e+000  1.530142e-001  2.396075e+000 -1.973266e+000 -3.470475e-001  1.358101e+000 -1.868794e-001
 1.243998e+000 -6.676630e+000  1.563207e+001 -1.635687e+001 -2.027904e+001 -2.129527e+001 -4.433976e+000 -1.377726e+001 -2.699199e+001  8.919765e+000 -1.416794e+001 -9.167419e+000  5.728178e+001 -1.054806e+000  1.509393e+000  2.786414e+000 -3.090101e+000 -1.791861e-001  4.826739e+000 -3.672330e+000 -3.550148e+000  4.870777e+000 -9.270708e-001 -2.173704e+000  3.419206e+000 -2.805050e-001  2.391354e-001 -1.150335e-001 -8.321247e-001  8.320740e-001  1.085304e+000 -4.843458e-001 -1.070889e+000  9.750983e-001  1.515095e+000 -1.903477e+000  8.342034e-001  7.653511e-001 -1.089307e-001
 3.346319e-001 -4.837521e+000  1.883095e+001 -1.810459e+001 -1.938593e+001 -1.483562e+001 -9.453363e+000 -1.391267e+001 -2.009401e+001  7.216631e+000 -1.567925e+001 -1.519295e+000  5.723522e+001 -7.631176e-001  1.390716e+000  1.659868e+000 -1.732377e+000  3.638142e-001  4.093451e+000 -4.082590e+000 -2.476555e+000  5.845486e+000 -3.006085e+000 -2.587501e-001  3.410144e+000 -4.137604e-001  6.259888e-002 -7.378708e-002 -5.726806e-001  6.581703e-001  8.016049e-001 -9.998002e-001 -6.394708e-002  1.052247e+000  1.632040e-001 -1.175647e+000  1.211029e+000 -3.266122e-001 -5.262024e-002
 4.529713e-001 -4.588928e+000  2.083424e+001 -1.803444e+001 -1.907175e+001 -1.093176e+001 -1.257203e+001 -1.635254e+001 -1.252985e+001  2.312000e+000 -1.330757e+001  1.449656e+000  5.666793e+001 -8.413240e-001  1.408345e+000  1.813581e+000 -1.228013e+000  1.122119e+000  3.626864e+000 -3.961283e+000 -3.639013e-001  4.883275e+000 -3.113531e+000  1.592345e+000  2.298342e+000 -3.447865e-001 -1.253850e-001  1.722087e-002 -2.301485e-001  1.398414e-001  7.843332e-001 -1.378926e+000  6.757338e-001  8.621107e-001 -1.026788e+000 -7.564233e-002  6.575236e-001 -8.064814e-001 -2.268612e-004
-8.176081e-001 -2.321120e+000  2.059052e+001 -1.961343e+001 -1.832838e+001 -7.895914e+000 -1.762459e+001 -1.690497e+001 -9.023234e+000 -1.277677e+000 -1.050804e+001 -5.895590e-002  5.614111e+001 -1.246158e+000  1.559984e+000  1.568220e+000 -1.784480e+000  1.997229e+000  1.272935e+000 -2.584107e+000 -2.314797e-001  2.887087e+000 -2.480528e+000  1.377455e+000  7.867921e-001 -3.367939e-001 -1.923352e-001  5.589396e-002 -1.043507e-001  2.741998e-002  5.987039e-001 -1.475362e+000  1.164892e+000  3.056579e-001 -1.246617e+000  4.489264e-001 -2.519394e-002 -6.127269e-001  4.706074e-002
-2.386502e+000 -8.931047e-001  2.382019e+001 -2.174252e+001 -1.519722e+001 -6.630799e+000 -2.015478e+001 -1.410061e+001 -8.111007e+000 -2.400733e+000 -8.791830e+000  1.594124e+000  5.610490e+001 -1.440211e+000  1.510864e+000  1.681495e+000 -2.364843e+000  2.925772e+000 -6.576316e-001 -1.042902e+000 -3.621319e-001  1.216036e+000 -1.568061e+000  2.958114e-001  6.984749e-001 -3.201225e-001 -2.007213e-001  9.151296e-002 -7.264099e-001  8.912361e-001 -6.108583e-002 -1.105107e+000  1.072454e+000 -1.724663e-001 -8.122342e-001  3.505692e-001 -1.425228e-001 -4.325802e-001  1.640835e-001
-4.476421e+000  1.114487e+000  2.517907e+001 -2.517295e+001 -1.133705e+001 -1.062143e+001 -1.858253e+001 -1.619603e+001 -7.867994e+000 -2.829641e+000 -1.104985e+001  2.342432e+000  5.583277e+001 -1.425350e+000  1.618927e+000  1.204158e+000 -1.026863e+000  2.455507e+000 -1.141109e+000  2.826826e-001 -9.491506e-001  1.446023e+000 -1.534188e+000  2.635468e-001  1.146444e+000 -1.907887e-001 -6.214396e-002 -9.803972e-002 -1.194816e+000  1.976745e+000 -8.554489e-001 -4.039596e-001  5.267633e-001  6.912258e-002 -3.258260e-001  1.518505e-001  1.293603e-001 -3.613247e-001  2.766142e-001
-4.918675e+000  1.247588e+000  2.694744e+001 -2.707890e+001 -7.938552e+000 -1.285716e+001 -1.730757e+001 -1.851766e+001 -7.027286e+000 -4.752325e+000 -1.155761e+001  3.741336e+000  5.522149e+001 -1.755334e+000  1.836439e+000 -1.636437e+000  2.849358e+000  5.875508e-001 -6.916507e-001 -3.240814e-002 -8.673975e-001  1.542636e+000 -1.833854e+000  1.436684e+000 -4.438422e-002  4.026283e-001  2.505925e-001 -2.584971e-001 -1.154318e+000  1.951564e+000 -1.291481e+000  1.296737e-001  2.091063e-001  2.438659e-001 -2.658348e-001  2.047373e-001  9.861139e-002 -3.471888e-001  1.558734e-001
-6.678274e+000  4.703168e+000  2.504769e+001 -2.207955e+001 -9.680177e+000 -1.048828e+001 -1.763478e+001 -1.944220e+001 -2.334982e+000 -7.772820e+000 -7.807415e+000  4.599657e+000  5.562887e+001 -1.399316e+000  9.069978e-001 -2.746896e+000  5.492143e+000 -1.110904e+000 -7.298535e-001 -4.555378e-001  3.667660e-001  1.094656e+000 -1.588378e+000  1.453820e+000 -6.484020e-001  6.849018e-001  7.252062e-001 -3.792841e-001 -4.817381e-001  5.522838e-001 -1.023941e+000  3.064105e-001  3.062488e-001  8.291449e-002 -6.249534e-001  6.778493e-001 -6.255403e-001 -3.178227e-002 -2.238121e-001
-1.006225e+001  6.494748e+000  1.570370e+001 -9.042422e+000 -1.308790e+001 -1.015563e+001 -2.079069e+001 -1.681452e+001 -3.164332e+000 -9.098416e+000 -3.229626e+000  2.435900e-001  5.821999e+001 -2.002656e-001  5.743429e-001 -2.114566e+000  4.133474e+000 -1.748426e+000 -2.148912e-001  3.717396e-001  1.992393e-001  6.254516e-002 -5.172793e-001  1.937319e-001 -1.400461e-001  2.139931e-002  1.119145e+000 -2.510719e-001  5.336531e-001 -1.264439e+000 -2.906823e-001  2.995780e-001  8.181372e-001 -3.969144e-001 -7.574266e-001  9.103777e-001 -1.060146e+000  4.780791e-001 -6.762487e-001
-8.901215e+000  3.025896e+000  1.706646e+001 -6.730473e+000 -1.431690e+001 -1.562146e+001 -1.911866e+001 -1.521377e+001 -4.326190e+000 -8.598487e+000 -7.944742e+000  8.492953e-001  5.775803e+001  1.423146e+000  3.535545e-001 -9.654680e-001  1.092498e+000 -1.496210e+000  1.525633e-001  1.611853e+000 -1.067896e+000 -9.386991e-001  1.196771e+000 -2.242678e+000  1.035363e+000 -1.119235e+000  8.357242e-001  9.054026e-002  4.575389e-001 -1.384181e+000  3.089717e-001  3.028497e-001  8.708782e-001 -4.176994e-001 -7.139040e-001  4.986370e-001 -3.430147e-001  1.338759e-001 -6.742358e-001
-4.808533e+000  4.957939e+000  2.036522e+001 -1.408606e+001 -1.436232e+001 -1.136503e+001 -1.470694e+001 -1.963568e+001 -5.718956e+000 -6.925888e+000 -1.052028e+001  4.916287e+000  5.426391e+001  2.429161e+000  8.578008e-001  1.411146e-001 -1.273014e+000 -6.732079e-001  3.650308e-001  3.024582e+000 -2.134638e+000 -1.227819e+000  1.325460e+000 -2.015798e+000  1.504129e+000 -2.076547e+000 -2.040840e-001 -2.035408e-002 -3.293636e-002  2.473934e-001  5.816840e-001  1.242239e-001  3.278680e-001  6.843182e-001 -6.136060e-001 -3.969459e-002  1.007469e+000 -9.790113e-001 -1.183016e-001
-2.189401e+000  7.239346e+000  1.788959e+001 -1.409524e+001 -1.652402e+001 -9.120764e+000 -1.261739e+001 -2.337110e+001 -5.751165e+000 -2.875228e+000 -1.537548e+001  7.440126e+000  5.201074e+001  1.464592e+000  1.217970e+000 -1.587042e+000  1.274480e+000 -1.036551e-001  4.944341e-001  2.572432e+000 -5.547924e-001 -1.829682e+000 -1.656280e-002  8.435111e-001 -8.011097e-001 -1.637304e+000 -1.444761e+000 -3.069377e-001 -3.842014e-001  1.638293e+000  1.003572e+000  2.613743e-001  2.771084e-002  2.106905e+000 -4.997578e-001 -3.216189e-001  1.906118e+000 -1.886793e+000  4.485998e-001
-1.272351e+000  8.677027e+000  1.599771e+001 -1.172511e+001 -1.535038e+001 -1.158082e+001 -8.918413e+000 -2.340905e+001 -8.590940e+000 -5.332747e+000 -9.593247e+000  4.468818e+000  5.071090e+001 -1.241409e+000  4.036469e-002 -1.968461e+000  5.279450e+000  4.637162e-001  2.352926e-001  1.530790e+000  3.364279e+000 -2.559994e+000 -1.090853e-001  3.687980e+000 -4.116866e+000 -3.110741e-001 -2.145566e+000 -7.632933e-001 -5.926614e-001  1.760966e+000  1.241862e+000  5.600021e-001 -2.241137e-001  2.570261e+000  1.587185e-002  8.199380e-002  1.254880e+000 -1.491696e+000  6.147128e-001
-3.346346e+000  7.256202e+000  1.131501e+001 -1.538554e+000 -1.434114e+001 -1.304139e+001 -9.150757e+000 -1.610105e+001 -1.203861e+001 -9.477871e+000 -4.190704e+000 -2.932518e+000  5.134801e+001 -3.965375e+000 -7.724158e-001 -1.831688e+000  6.007733e+000  2.953188e+000  1.524304e+000  2.497303e+000  6.717173e+000 -2.771401e+000  3.059489e-001  4.436021e+000 -5.588104e+000  2.410278e-001 -1.851743e+000 -9.486173e-001 -6.096606e-001  7.898951e-002  8.311691e-001  5.995731e-001 -3.112209e-003  1.236020e+000  6.770574e-001  5.077802e-001 -1.026577e-001  4.291973e-001  2.963019e-001
-1.043710e+001  5.151334e+000  1.381021e+001  6.032844e+000 -1.313518e+001 -8.228248e+000 -8.786305e+000 -6.449310e+000 -1.537520e+001 -4.169993e+000  2.327232e+000 -1.048172e+001  5.303990e+001 -5.583687e+000 -1.963472e+000 -2.699870e+000  5.165192e+000  4.007681e+000  2.650106e+000  1.941578e+000  7.080687e+000 -6.776002e-001  1.574173e+000  2.462348e+000 -3.560852e+000  5.785103e-002 -7.179229e-001 -7.372893e-001 -7.872130e-001 -1.432105e+000  7.691988e-002  2.929063e-001 -1.494336e-002 -9.286764e-001  1.110250e+000  2.633550e-001 -1.144215e+000  2.099032e+000 -1.158960e-001
-1.743390e+001  5.140113e+000  9.824900e+000  7.064447e+000 -2.865674e+000 -3.175530e+000 -1.969304e-001  1.734898e+000 -1.621604e+001 -1.926861e+000  8.443879e-001 -1.302513e+001  5.205138e+001 -5.622985e+000 -2.523198e+000 -4.269641e+000  1.726556e+000  2.280208e+000  2.284893e+000  2.351477e+000  3.767101e+000  6.144089e-001  1.680709e+000  9.430386e-001  1.066870e+000 -3.402569e-001  5.187232e-001 -3.480787e-001 -6.293607e-001 -1.794819e+000 -9.451358e-001 -2.637701e-001 -5.199500e-001 -2.247264e+000  1.155802e+000 -9.814437e-002 -1.151782e+000  2.314604e+000 -1.661614e-001
