42 39
-1.665808e+001 -1.569368e+000  2.140030e-001 -1.144465e+000 -3.255778e+000 -6.425961e-001  1.067804e+001  3.738593e+000  1.947602e+000 -3.643871e+000 -1.650969e-002  1.209985e+000  3.737078e+001 -2.335499e+000 -3.301471e-001 -1.057629e+000 -1.530374e+000 -5.148227e-001  2.300819e+000  1.160993e+000  3.675464e-001 -1.503596e+000 -3.102674e-001  8.331044e-001  1.299480e+000  2.329549e+000 -6.591855e-001  8.144504e-002 -3.164788e-001  9.166893e-002 -5.520316e-001 -1.100313e-001 -1.314491e+000 -9.251117e-002  1.460883e-003  9.003873e-001  2.503313e-002 -2.188903e-001  1.348606e-001
-2.023791e+001 -2.334285e+000 -1.989553e+000  1.833407e+000 -4.412806e+000 -2.849411e+000 -1.697263e+000 -2.848811e+000  5.460690e-001 -3.273257e+000  3.779707e+000  2.460439e+000  4.281391e+001 -3.267182e+000 -7.550566e-001 -1.815778e+000 -8.943192e-001 -2.206284e+000  6.114778e-001 -1.008244e+000 -2.776835e-001 -1.564168e+000  7.614479e-002 -5.043479e-001 -3.904520e-001  3.168224e+000 -3.844044e-002  5.287645e-002 -9.339316e-002  5.967626e-001 -3.386822e-001 -3.815546e-001 -5.797268e-001  1.468066e-001  6.548309e-001  6.033859e-001 -4.094937e-001 -7.840617e-001 -2.430355e-001
-2.176028e+001 -2.542263e+000 -5.132644e+000  4.244686e+000 -5.632953e+000  3.727962e+000  7.804941e-001 -3.889868e-002 -7.187481e+000 -3.388790e+000  8.010473e-001 -3.369926e+000  4.595375e+001 -2.082199e+000 -4.306256e-001 -1.258326e+000  1.136892e+000 -1.458955e+000  2.940521e-001 -1.809245e+000 -2.885675e-001  3.871616e-001  1.109409e+000 -3.255714e-001 -1.877988e+000  2.503822e+000  5.029505e-001  1.325922e-001  3.616544e-001  6.136760e-001 -1.695656e-001 -7.169178e-001 -2.506647e-001 -1.379223e-001  1.006941e+000  1.892343e-001 -3.766414e-001 -2.322103e-001 -5.499899e-001
-2.488304e+001 -4.228433e+000 -5.931823e+000  2.170777e+000 -1.164431e+001  1.152266e+000  4.687520e-001  1.187375e+000 -3.006686e+000 -1.568353e+000 -1.466071e+000 -5.646126e+000  4.719054e+001 -1.413621e+000 -2.234319e-001 -5.719087e-001  1.265984e+000 -1.401871e+000  8.940224e-002  4.101623e-001 -3.240600e-002  1.793550e+000  3.754174e-001 -1.462686e+000 -1.961672e+000  1.249902e+000  7.767400e-001  2.440057e-001  4.707278e-001  1.005151e-001  2.635492e-001 -2.833919e-001 -9.543554e-002  1.319168e-001  4.209840e-001 -6.188670e-002  1.838949e-002  5.100635e-001 -7.579399e-001
-2.474651e+001 -2.775422e+000 -4.106493e+000  4.371312e+000 -6.934802e+000 -1.173174e+000  5.488060e-001  2.776625e-001  5.659788e+000  1.050722e+000  9.785222e-001 -4.126671e+000  4.770158e+001 -7.475262e-001  6.700177e-002  1.287076e-001  4.578548e-001 -1.764857e+000 -1.022732e+000 -8.015338e-001 -4.447041e-001  1.852252e+000  4.862680e-001 -5.709336e-001  9.240379e-001  5.387608e-001  5.846828e-001  8.832286e-002  2.246959e-001 -7.489725e-001  1.518085e-001 -3.553217e-002 -3.452234e-001  1.023205e-001 -5.300372e-001 -2.090162e-001  2.880700e-001  8.116590e-001 -4.793807e-001
-2.581290e+001 -3.334864e+000 -5.362172e+000  8.100015e+000 -1.077124e+001  4.816842e-002  4.693921e-001 -3.169121e+000  3.090183e+000 -3.615926e+000 -3.622459e+000 -6.969547e+000  4.818951e+001 -5.081806e-002  2.161581e-001 -1.556561e-001 -5.222483e-002 -7.355865e-001 -1.470895e-001 -1.989278e+000  4.599689e-001 -1.917925e-001  7.828183e-002 -2.897193e-001  7.588524e-001  3.610558e-001  4.078878e-001 -1.180547e-001  1.070546e-001 -9.926355e-001  4.287857e-001  5.342756e-002 -5.105953e-001  9.914262e-002 -7.223868e-001  1.590379e-001  8.065253e-001  5.425311e-001 -1.306970e-001
-2.503298e+001 -2.654038e+000 -4.773932e+000  3.569341e+000 -1.489377e+001 -8.336493e-001 -3.227495e+000 -8.417097e-002 -9.746571e-001  6.633633e-002 -9.754263e-001  1.911974e+000  4.814808e+001  1.598137e-001 -2.088062e-001 -3.429731e-001 -1.948866e+000 -1.033055e+000  2.346372e-001 -2.335642e+000 -2.315233e-002 -1.270353e+000  2.128960e-001  5.282953e-001  8.200449e-001  5.513424e-001  1.244603e-001 -3.464243e-001  6.145657e-002 -5.178273e-001  8.348209e-001  1.053617e-001  1.303826e-001 -2.164839e-001 -3.148082e-001  1.479278e-001  6.232597e-001 -4.374692e-001  3.576095e-002
-2.499389e+001 -3.208335e+000 -6.376385e+000  2.310638e+000 -1.134275e+001  2.470558e-001 -7.589485e+000  3.668136e+000 -6.484264e-001 -6.847512e-001 -1.937693e+000 -4.871187e+000  4.877258e+001  1.721479e-001 -6.758015e-001  1.992047e-001 -2.493833e+000  3.761566e-001 -2.721446e-001 -1.375760e+000  2.525312e-001 -2.570820e-001  1.307293e+000  2.020327e+000  8.029800e-001  5.901268e-001 -1.035522e-001 -3.961471e-001  1.942552e-001  6.303623e-002  7.789573e-001 -5.268290e-002  6.666930e-001 -4.259745e-001  1.917239e-001  8.214179e-002  1.608193e-001 -4.742051e-001  2.898011e-002
-2.435695e+001 -3.882718e+000 -5.314252e+000 -2.478328e+000 -1.181432e+001 -9.943133e-002 -7.099966e+000 -3.256728e+000  1.177328e+000  6.496149e-001  2.777615e+000 -1.075626e+000  5.016676e+001 -2.367075e-001 -1.219140e+000  2.585601e-001 -9.104778e-001  1.853376e+000 -4.333960e-001 -4.563795e-001 -1.423405e+000  3.108553e-001  6.114013e-001  1.390342e+000 -1.285372e+000  6.030300e-001 -1.741436e-001 -1.149949e-001  1.657386e-001  7.363898e-001  5.578497e-001  1.075797e-002  6.355200e-001 -4.832361e-002 -1.715309e-001 -3.777922e-001 -4.403094e-002 -8.132742e-002 -6.038154e-002
-2.529018e+001 -6.099532e+000 -4.095988e+000 -1.345316e+000 -1.043018e+001 -1.679663e+000 -4.473173e+000 -3.201867e-001  7.287813e-001  2.628899e+000  4.602653e+000 -1.460847e+000  5.013080e+001 -3.703186e-001 -1.259411e+000  5.148532e-001 -2.562377e-001  1.715985e+000 -7.648744e-002  4.045559e-001 -9.697772e-001 -2.377718e-002  2.897381e-001  8.335385e-002 -5.594648e-001  4.801125e-001  5.378973e-002  1.806264e-001 -1.005142e-001  6.837147e-001  1.419542e-002  3.266119e-001  4.166615e-001  1.531703e-001 -6.712022e-001 -8.499820e-001 -4.127887e-001  2.800522e-001 -5.474889e-002
-2.606837e+001 -7.304140e+000 -4.621329e+000  8.449295e-001 -6.083181e+000 -2.037270e+000 -7.067549e+000 -5.207034e+000 -1.089846e-001  1.466518e+000  2.706111e+000 -6.220056e+000  5.048411e+001 -4.396710e-001 -4.919759e-001  3.278956e-001  6.142856e-001  1.086280e+000  1.905985e-001 -4.820013e-002  3.463838e-001 -2.244660e+000 -1.167288e+000  1.276627e+000  1.094630e+000  3.044418e-001  3.812599e-001  3.271116e-001 -2.351214e-001  1.021817e-001 -2.750146e-001  4.191043e-001  3.522873e-001  5.315260e-001 -5.819982e-001 -4.850310e-001 -3.956946e-001  7.676188e-001 -8.799244e-002
-2.598977e+001 -7.794677e+000 -4.148580e+000 -6.321793e-001 -5.628397e+000  8.335379e-001 -5.582914e+000 -2.055965e-001 -1.241562e-001  3.554879e-001 -1.485172e+000 -5.096296e+000  5.101446e+001  5.425783e-001 -1.362515e-001 -3.380339e-001  1.623589e-001  8.306817e-001  1.048918e+000  5.034579e-001  1.334885e-001 -2.335335e+000 -2.053273e+000  1.324075e-002  1.013240e+000  4.656765e-001  9.774891e-001  7.069432e-001 -1.944653e-002 -1.215062e-001 -4.555457e-001 -4.373608e-001  1.779515e-001  1.364682e-001 -8.218747e-002 -3.807687e-001 -5.534765e-001  4.590678e-002 -1.324844e-001
-2.620550e+001 -5.495025e+000 -3.648479e+000  2.365313e-001 -8.783809e+000 -4.030395e-001 -6.786096e+000 -1.582104e+000 -9.619503e+000 -4.050118e+000  1.220466e+001  6.215250e+000  5.124714e+001  1.213144e+000 -1.451615e-001 -4.906034e-001 -6.088673e-001  9.209543e-001  1.099423e+000  1.255606e+000  6.825923e-001 -1.443356e+000 -6.422481e-001 -5.530745e-001  1.766369e+000  1.702858e-001  1.892033e+000  2.472997e-001  6.029434e-001 -6.018860e-001 -8.957902e-001 -1.702898e+000  1.173199e-001 -7.734965e-002  6.346166e-001  7.825792e-003 -1.529447e+000 -7.967930e-001  2.415005e-001
-2.250872e+001 -7.685347e+000 -6.272583e+000 -2.293228e-001 -4.926459e+000  2.747810e+000 -2.096610e+000 -1.465209e+000 -6.192636e+000 -4.879147e+000 -8.041914e-002 -2.612299e+000  5.207767e+001  3.690720e+000  2.101898e+000  8.268701e-001 -2.521922e-001 -4.790809e-001 -2.717704e+000  6.424100e-001 -4.555402e-001 -8.353663e-001 -1.876625e+000 -1.769178e+000 -6.658005e-001 -1.152317e-001  2.036275e+000 -6.059065e-001  1.138320e+000 -1.047845e+000 -1.505367e+000 -2.594504e+000 -2.821610e-001 -1.678859e-002  4.276764e-001  4.542095e-002 -1.424363e+000 -8.213125e-001  7.896568e-001
-2.174318e+001 -8.084613e+000 -6.012345e+000 -2.400836e+000 -1.829378e+000  2.502710e+000 -2.532671e+000 -1.164266e+000 -4.291527e+000  8.725945e-001 -7.616376e-001  1.369793e+000  5.080394e+001  7.446423e+000 -3.745523e-001  2.760161e+000 -2.187869e+000 -2.737790e+000 -6.440582e+000  4.689232e-001  2.541499e-001  1.784385e-001 -1.216482e+000 -5.479401e+000 -2.049814e+000  1.802398e+000  1.315813e+000 -1.546889e+000  1.066506e+000 -1.277723e+000 -1.359618e+000 -1.661596e+000 -1.657760e-001  1.244586e-001  1.203854e-001 -4.653030e-002 -1.047370e+000 -6.758659e-001  1.288574e+000
-9.767335e+000  4.009608e+000  1.167704e+000 -5.744570e-001 -1.150102e+001 -1.420786e+001 -4.497577e+000 -2.692217e+000 -6.964976e+000 -1.148900e+001 -3.847911e+000 -6.002570e+000  5.065990e+001  7.607315e+000 -3.051089e+000  3.728182e+000 -4.287366e+000 -4.866781e+000 -8.153599e+000 -5.140058e-001  2.637668e-001 -1.007851e+000 -1.539051e+000 -4.645411e+000 -1.185230e+000  3.597904e+000 -5.556096e-001 -2.177537e+000  2.165427e-001 -1.228256e+000  2.216339e-003  1.076880e+000  4.426065e-001  3.719264e-001  4.893447e-002  5.155344e-001  3.571553e-002  1.145833e-001  1.159489e+000
 4.655918e+000 -1.321526e+001  6.432182e+000 -1.053024e+001 -1.918548e+001 -2.412811e+001 -3.240997e+000  3.021495e-001 -8.341141e+000 -6.827606e+000 -1.330859e+001 -2.338688e+000  6.096801e+001  5.833911e+000 -5.303114e+000  3.391271e+000 -4.979896e+000 -3.683286e+000 -4.490609e+000  1.004934e+000  9.452320e-001 -7.551873e-001 -1.043687e+000 -4.351807e+000 -1.353245e+000  4.756586e+000 -2.295515e+000 -7.259191e-001 -6.994500e-001 -1.287344e-001  1.373149e+000  3.096623e+000  6.386623e-001  1.424755e-001 -1.962649e-001  3.380132e-001  1.372615e+000  2.750620e-001  3.238757e-002
 2.328298e+000 -2.037546e+001  6.146066e+000 -1.760145e+001 -2.058231e+001 -2.470477e+001 -4.312476e+000 -8.795830e-001 -9.207083e+000 -8.724300e+000 -1.703399e+001 -6.684211e+000  6.498515e+001  1.718928e+000 -6.321508e+000  1.594028e+000 -4.997458e+000  4.748821e-003  1.691709e+000  2.587437e+000  1.058551e+000 -1.238811e-001  6.146489e-001 -2.154397e+000 -4.411687e-001  4.205118e+000 -2.238946e+000  7.027916e-001 -9.504240e-001  9.351757e-001  1.934595e+000  3.086416e+000  5.779999e-001  3.026705e-002 -1.073128e-001  2.586775e-001  1.597623e+000  2.190512e-001 -9.600501e-001
 1.378560e+000 -2.240765e+001  8.454828e+000 -1.878682e+001 -1.570516e+001 -1.470188e+001  2.399448e+000  2.655577e+000 -6.946410e+000 -5.728188e+000 -1.592763e+001 -5.055612e+000  6.742424e+001 -1.086959e+000 -2.368938e+000  3.299876e-001 -2.476495e+000  1.692192e+000  4.119879e+000  2.111513e+000  5.691353e-001 -1.244871e+000 -6.032661e-001  1.381663e-001 -1.046535e+000  1.660729e+000 -1.273115e+000  1.491928e+000 -7.884632e-001  1.335297e+000  1.200839e+000  1.032608e+000 -2.239523e-001 -2.487521e-001 -2.110724e-001 -1.552731e-003  1.207772e+000  2.490240e-001 -1.428784e+000
 4.659836e-001 -2.300174e+001  8.126522e+000 -2.143346e+001 -1.321743e+001 -1.046243e+001  5.619388e+000  1.423823e+000 -8.281747e+000 -8.965460e+000 -1.331038e+001 -6.849951e+000  6.845738e+001 -1.269799e-001 -1.004218e+000  5.067041e-001 -8.631880e-001  2.118456e+000  2.973236e+000  1.822704e+000  6.031504e-001 -1.299573e+000 -4.658739e-001  1.097718e+000 -2.433293e-001  3.455818e-001 -5.780635e-002  1.419516e+000 -4.825981e-001  1.246704e+000  9.400642e-002 -1.110828e+000 -9.650777e-001 -2.756974e-001 -2.099181e-002 -1.624530e-001  2.336211e-001  9.075710e-002 -1.222290e+000
 1.522783e-001 -2.374682e+001  7.091892e+000 -2.099671e+001 -1.440696e+001 -1.064989e+001  2.350638e+000  1.996123e+000 -1.502816e+001 -9.723356e+000 -1.447957e+001 -7.488494e+000  6.753555e+001  3.912903e-001 -5.021217e-001 -7.383061e-003 -3.705471e-001  1.264054e+000  3.166838e-002  2.675390e-001 -7.082812e-002 -1.222703e+000 -5.111891e-001  6.099425e-002 -2.070448e-001 -4.575683e-001  4.887524e-001  7.296475e-001 -4.641349e-001  7.610312e-001 -3.406854e-001 -1.781651e+000 -1.192966e+000 -1.927590e-001  5.419024e-001  1.332753e-001 -4.968347e-001 -7.836400e-003 -7.550876e-001
 2.306539e+000 -2.472697e+001  9.361054e+000 -2.081244e+001 -1.063913e+001 -1.186459e+001  4.825450e+000  2.465896e+000 -1.166407e+001 -9.056086e+000 -1.226943e+001 -6.684417e+000  6.665741e+001  6.907713e-001 -1.573372e-001 -6.502767e-001  1.830872e-001  6.888500e-001 -1.818326e+000 -1.315964e+000  4.549027e-005 -2.399239e-001 -2.436543e-001 -9.477059e-001 -4.071285e-001 -8.471832e-001  1.516775e-001  1.069569e+000 -6.186501e-001  8.861003e-001 -3.245151e-001 -1.188806e+000 -1.598756e+000 -2.261470e-001  7.056544e-001  5.268239e-002 -6.864423e-001 -5.162784e-001 -8.331669e-001
 2.414733e+000 -2.405564e+001  7.800647e+000 -2.095006e+001 -1.067404e+001 -1.384246e+001  4.134112e+000  1.780400e+000 -1.136876e+001 -8.238820e+000 -1.614313e+001 -6.173603e+000  6.603638e+001  9.479271e-001  8.558582e-001 -1.412196e+000  8.055235e-001  7.035682e-001 -2.392597e+000 -2.283982e+000 -9.310736e-002  9.348167e-001 -4.799948e-002 -1.323295e+000 -1.003818e+000 -1.518327e+000 -1.480244e-001  1.727273e+000 -3.817440e-001  1.464261e+000  6.515908e-003  8.327493e-002 -1.153812e+000 -3.444534e-001  6.229050e-001  3.184120e-002 -2.606955e-002 -5.571519e-001 -1.039273e+000
 2.788613e+000 -2.363401e+001  4.520761e+000 -2.054135e+001 -1.163964e+001 -1.795778e+001 -1.852170e+000  1.531912e+000 -1.131107e+001 -1.092600e+001 -1.721713e+001 -9.543039e+000  6.497105e+001  3.530892e-001  3.664637e+000 -1.884140e+000  2.979278e+000  7.761232e-001 -1.758662e+000 -4.895313e+000 -5.164450e-001  1.149939e+000 -4.340568e-001 -1.642349e+000 -2.426335e+000 -3.289874e+000 -3.962710e-001  1.889057e+000 -1.699274e-001  1.601075e+000  1.747949e-001  1.004267e+000 -1.093536e-001 -4.676266e-001  2.885837e-001 -1.007477e-001  5.860170e-001 -6.336680e-002 -7.728677e-001
 4.650877e+000 -2.001401e+001  2.451056e+000 -1.710464e+001 -1.038886e+001 -1.956628e+001 -5.730462e+000  1.997578e+000 -1.053058e+001 -9.028397e+000 -1.862220e+001 -1.107827e+001  6.078709e+001 -1.799906e-001  6.223258e+000 -1.299172e+000  5.552663e+000  1.252997e+000  4.182108e-001 -3.711845e+000 -1.534850e+000  1.196890e+000 -2.567819e-001  2.779678e-001 -1.983201e+000 -4.432587e+000 -3.468981e-001  6.707146e-001  1.108564e-001  4.804580e-001  1.461681e-001  1.059276e+000  6.116251e-001 -1.304175e-001 -2.613200e-001 -3.997988e-001  6.333941e-001  3.864831e-001  1.203312e-001
 2.953913e+000 -8.424603e+000  2.615152e+000 -7.838760e+000 -6.901105e+000 -1.779598e+001 -1.471883e+001 -2.249185e-001 -6.333469e+000 -1.083158e+001 -1.924164e+001 -1.636376e+001  5.283269e+001 -7.266247e-001  6.604247e+000 -1.556426e+000  5.814892e+000  1.288110e+000  1.797603e+000 -1.148800e+000 -1.617216e+000  1.071958e+000 -6.430016e-001  1.181747e+000 -2.342708e-001 -3.254392e+000  4.851017e-002 -1.495609e+000  3.512781e-001 -1.613512e+000 -8.803511e-003  4.486665e-001  1.151131e+000  4.432802e-001 -7.139210e-001 -3.935258e-001  1.006595e-001  9.430161e-001  1.337359e+000
 1.432130e+000 -5.440556e-001  2.257592e+000  4.619603e-001 -6.778325e+000 -1.183230e+001 -7.991781e+000 -5.015434e+000 -7.873109e+000 -9.569939e+000 -1.374104e+001 -1.267925e+001  4.994263e+001 -2.467067e-001  2.739626e+000 -1.021771e+000  1.790007e+000  1.178415e+000  1.125652e+000 -1.099113e+000 -1.948093e-001 -3.327928e-001 -1.942521e+000  4.316272e-001 -1.674343e-001 -9.344112e-001  3.187000e-001 -2.908234e+000  5.995396e-001 -3.188739e+000 -6.665476e-002 -3.652642e-001  7.464314e-001  9.092960e-001 -7.122873e-001 -3.891251e-001 -6.698029e-001  9.645594e-001  1.906452e+000
 7.648624e-001 -3.477544e-001 -3.164638e+000 -2.501898e-001 -7.004361e+000 -1.283675e+001 -6.465512e+000 -3.047664e+000 -7.280014e+000 -1.387024e+001 -1.374897e+001 -9.913904e+000  5.412132e+001  6.289981e-001 -2.071592e+000 -2.664494e-001 -3.206953e+000  7.693964e-001  1.309501e-001 -4.460262e-001  1.029936e+000 -1.654824e+000 -1.558816e+000 -1.215881e+000  1.380862e+000  1.647833e+000  2.791697e-001 -2.606591e+000  9.123151e-001 -3.038367e+000 -4.187365e-002 -6.288707e-001  6.256759e-001  5.194170e-001 -4.714038e-001 -1.169176e-001 -6.332523e-001  7.289653e-001  1.391777e+000
 4.511869e+000 -1.035430e+001  2.320966e-001 -1.194890e+001 -4.445159e+000 -1.641763e+001 -1.535268e+001  2.434905e+000 -1.172127e+001 -1.722167e+001 -1.921040e+001 -1.514037e+001  5.547072e+001  7.356982e-001 -3.979991e+000  1.053538e+000 -5.880110e+000  1.179080e+000 -5.747842e-001 -3.310751e-001  1.688054e+000 -1.001155e+000 -1.744500e+000 -1.872233e+000  2.032030e+000  2.648561e+000 -1.915178e-001 -7.727402e-001  5.406930e-001 -1.167580e+000 -3.646159e-001 -3.127643e-001  1.055911e+000 -4.495639e-001 -4.834861e-002  1.586463e-001 -3.538534e-003  5.735053e-001  4.730648e-001
 4.559034e+000 -1.387744e+001  2.295653e+000 -1.766810e+001 -4.220706e+000 -1.484857e+001 -1.326851e+001  1.199590e+000 -1.268351e+001 -1.479979e+001 -2.258636e+001 -8.228889e+000  5.830781e+001  1.780212e-001 -3.068901e+000  1.967495e+000 -5.541883e+000  1.078410e+000 -4.965329e-001  1.595561e+000  3.843705e-002 -9.508804e-001 -1.326600e+000 -8.325846e-001  2.310824e+000  1.913006e+000 -4.928714e-001  8.272155e-001 -2.432475e-002  5.755812e-001 -5.547548e-001 -5.248527e-002  6.379238e-001 -8.116378e-001  6.935418e-003  1.932449e-001  4.714680e-001 -2.155401e-001 -3.961586e-001
 3.213535e+000 -1.367917e+001  4.795136e+000 -2.022964e+001 -2.274753e+000 -1.370031e+001 -6.245658e+000  1.301209e+000 -1.017714e+001 -1.782766e+001 -1.868350e+001 -3.361608e+000  6.109219e+001 -9.788075e-001 -6.254205e-001  5.647221e-001 -2.880430e+000 -7.991711e-001 -1.244278e-001  3.159651e+000 -1.946879e+000 -9.265079e-001 -1.265397e+000  2.222864e-001  2.235111e+000  1.298326e+000 -3.221627e-001  1.478264e+000 -3.918630e-001  1.480800e+000 -5.401720e-001  1.776059e-001 -3.180544e-001 -4.016187e-001 -2.023696e-001  5.669217e-001  3.971795e-001 -7.137448e-001 -8.720465e-001
 2.304136e+000 -1.402982e+001  4.391316e+000 -2.381924e+001 -2.697516e+000 -1.667808e+001 -3.041222e+000 -2.288631e+000 -1.280649e+001 -2.020024e+001 -1.817534e+001 -4.249165e+000  6.087561e+001 -9.781061e-001  3.872000e-001 -1.436652e-001 -1.828887e+000 -1.015252e+000 -3.566545e-001  9.982301e-001 -1.210787e+000 -1.657471e+000 -8.321428e-001  9.419975e-002  2.016206e-001  3.421574e-001  2.012203e-001  1.540920e+000 -4.182850e-001  2.085770e+000 -4.751634e-001  7.272734e-002 -1.076832e+000  4.235881e-001 -7.983229e-002  5.136451e-001  3.591927e-001 -5.828485e-001 -1.058772e+000
 7.452807e-001 -1.340521e+001  2.007876e+000 -2.327547e+001 -9.202609e+000 -1.612502e+001 -4.668075e+000 -5.555382e+000 -1.629233e+001 -2.084843e+001 -2.030448e+001 -5.954676e+000  6.067845e+001 -2.970516e-001  1.683277e+000  1.498031e-001 -3.326088e-001 -4.749493e-001  2.433062e-001 -1.622682e+000  3.045727e-001 -1.659708e+000  8.428797e-001 -3.497276e-001 -4.820927e-001 -9.262478e-001  6.121641e-001  1.217415e+000 -1.941078e-001  2.080557e+000 -5.752770e-002 -4.778543e-001 -6.995746e-001  5.971124e-001  8.652274e-002  2.388283e-001  4.798704e-001 -8.191389e-002 -1.086083e+000
 9.026308e-001 -1.207842e+001  2.970958e+000 -2.528962e+001 -5.833039e+000 -1.541949e+001 -9.066151e+000 -1.426049e+000 -1.791327e+001 -1.745012e+001 -2.130488e+001 -5.924253e+000  6.022546e+001  8.432447e-001  3.481351e+000  8.352926e-002  3.613058e+000 -1.459518e+000 -3.167632e-001 -1.397435e+000  1.030652e+000 -9.834419e-001  1.874866e-001  1.249386e+000  7.551829e-001 -2.268569e+000  4.411626e-001  6.148607e-001 -2.011007e-001  2.004053e+000 -1.140067e-001 -9.279341e-001  7.281238e-001 -1.471191e-001  3.491060e-001 -2.401273e-001  7.068805e-001  6.347194e-001 -6.839723e-001
 2.429029e+000 -6.238483e+000  6.254331e+000 -2.115749e+001 -3.081738e+000 -1.311308e+001 -1.134660e+001  2.392781e+000 -1.592228e+001 -1.498832e+001 -1.886737e+001 -4.934528e+000  5.678603e+001  1.171338e+000  3.914579e+000 -5.194139e-001  4.801382e+000 -8.646765e-001 -2.533645e+000  8.596103e-001 -8.203669e-002 -8.309088e-001 -5.810705e-001  2.044045e+000  1.548760e+000 -2.826724e+000 -9.043752e-002 -4.432021e-001 -1.899098e-001  1.115645e+000 -2.883071e-003 -8.884504e-001  1.587225e+000 -6.791282e-001  3.394134e-001 -5.439048e-001  5.358222e-001  9.615856e-001 -3.967730e-002
 5.678484e+000 -2.064336e-001  2.685735e+000 -6.812938e+000 -1.305554e+001 -1.976786e+001 -6.689136e+000 -1.109455e+000 -1.790872e+001 -2.219287e+001 -1.264697e+001 -9.833247e-001  5.147898e+001  4.935122e-001  2.345852e+000 -8.145602e-001  5.624381e+000 -1.390422e+000 -3.607849e+000  3.397703e+000 -1.753078e+000 -3.263405e-001 -1.320804e+000  2.431715e+000  2.359791e+000 -2.127466e+000 -7.517543e-001 -1.619058e+000  4.483734e-001 -1.023193e+000  6.175452e-001  2.273453e-001  8.847767e-001  1.870198e-001  4.742665e-001  4.115646e-001 -1.509933e-001  1.835492e-001  7.102142e-001
 4.214042e+000  2.316931e-001 -4.465823e-001 -8.506901e+000 -9.914740e+000 -2.661905e+001 -1.558531e+000 -6.123862e+000 -2.044915e+001 -2.138241e+001 -1.441321e+001 -6.813383e-001  5.091807e+001 -5.743730e-001  3.501590e-002 -3.507010e-001  4.239953e+000 -5.239127e-001 -2.553403e+000  3.915872e+000 -1.699203e+000 -2.911917e-001 -1.122499e+000  1.738218e+000  3.523531e+000 -1.195185e+000 -9.731156e-001 -1.911625e+000  1.039828e+000 -2.262126e+000  5.009173e-001  1.462361e+000 -1.983680e-001  1.869825e+000  8.347114e-001  1.274465e+000 -3.457719e-001 -7.195413e-001  9.414411e-001
 2.477685e+000 -3.584249e+000  2.248613e+000 -3.493008e+000 -9.368649e+000 -2.670575e+001  3.028328e+000 -5.933116e+000 -1.728154e+001 -2.085710e+001 -1.137339e+001  3.748108e+000  5.252211e+001 -2.042671e+000 -2.674157e+000  2.241040e+000 -1.222193e+000  1.457826e+000  8.298424e-001  1.498317e+000  2.774334e+000  1.118032e+000  2.516024e+000  6.473330e-001  6.855433e-001  4.667332e-001 -7.625841e-001 -9.685158e-001  4.394556e-001 -2.273143e+000 -1.976231e-001  1.886764e+000 -5.790237e-001  2.455748e+000  1.159841e+000  1.473031e+000 -3.533280e-003 -1.747138e+000  1.183496e-001
 1.157564e+000 -4.374496e+000  4.719387e+000 -1.617692e+000 -7.544748e+000 -2.241115e+001  3.374027e+000 -3.691405e+000 -1.769183e+001 -2.126870e+001 -1.081307e+001  1.031741e+001  5.028854e+001 -2.426149e+000 -3.133541e+000  3.151927e+000 -3.085960e+000  2.157859e-001  2.559315e+000  8.174633e-001  7.003385e+000  2.620462e+000  3.872839e+000  1.207377e+000 -1.211822e+000  5.833817e-001 -4.866892e-001  5.022017e-001 -8.604970e-001 -9.359514e-001 -8.284682e-001  1.543462e+000 -3.268722e-001  9.962882e-001  1.393135e+000  1.028456e+000  4.958742e-001 -1.976430e+000 -1.065442e+000
-3.006634e+000 -1.127412e+001  1.130795e+001 -1.636851e+001 -6.951410e+000 -1.772260e+001 -1.663831e+000  1.154599e+001 -1.369721e+001 -9.669601e+000 -1.121037e+001 -3.054984e+000  5.412742e+001 -2.393521e+000 -9.124480e-001 -3.685963e-001 -2.078378e+000 -2.748387e+000  3.269611e+000  2.051789e+000  6.174367e+000  4.017040e+000  3.546682e+000  2.679470e+000 -4.008223e+000 -2.425002e+000 -1.475219e-001  1.510563e+000 -1.507957e+000  1.120216e+000 -6.589609e-001  9.916046e-001  4.860867e-002 -1.818525e+000  6.679458e-001 -1.343548e-001  6.494942e-001 -2.747784e-001 -1.695782e+000
-5.174541e+000 -1.159108e+001  1.078339e+001 -1.749895e+001 -1.004443e+001 -1.831405e+001  4.874865e+000  2.015351e+001 -9.139000e+000 -7.611964e+000 -8.457832e+000 -3.338904e+000  5.303233e+001 -2.832394e+000  1.665170e+000 -3.348368e+000 -1.171124e-002 -2.563147e+000  3.944022e+000  2.004775e+000  1.582221e+000  5.224980e+000  3.504455e+000  3.201521e+000 -4.011735e+000 -5.076530e+000  2.882693e-001  7.862350e-001 -2.777714e-001  6.824554e-001  5.470506e-001  1.453051e-001 -3.885658e-001 -3.387520e+000 -5.799068e-001 -5.327600e-001 -2.869347e-001  7.244346e-001 -1.626494e-001
-6.323866e+000 -4.538198e+000 -2.626368e+000 -5.944267e+000 -2.186074e+001 -1.240624e+001  1.253686e+001  1.301626e+001 -1.472756e+000 -9.952058e+000  8.463426e-001 -9.464848e+000  3.902521e+001 -2.577158e+000  2.479304e+000 -2.048598e+000  2.841765e+000 -4.475121e-001  5.095512e+000  1.147704e+000 -3.607710e+000  3.155502e+000  2.028443e+000  2.897732e+000  7.116081e-001 -5.182222e+000  7.935019e-001 -8.856069e-001  1.975699e+000 -1.101148e+000  1.624104e+000 -8.865001e-001 -8.578357e-001 -2.386404e+000 -1.843616e+000 -5.320874e-001 -1.512206e+000  1.091632e+000  2.420133e+000
