53 39
 8.378846e+000 -3.967617e-001 -1.765455e+000 -2.289459e-001 -5.085462e+000 -1.346075e+001  7.924014e+000 -1.207243e+001 -1.896567e+001 -1.612064e+001 -1.710252e+001  4.742148e+000  5.056328e+001 -3.012018e-002  1.205860e-001 -1.750344e-001 -3.132925e-001 -3.991044e-001 -2.331371e-002 -4.195633e-001  3.390970e-002 -7.807678e-001 -5.196763e-001  7.017781e-001 -3.960376e-001 -4.304276e-002 -3.378938e-002 -7.602650e-002  9.420839e-003  1.108201e-001  1.723502e-002 -1.780572e-001  1.697688e-002 -4.792975e-002  3.030473e-001 -2.367560e-001 -8.032294e-002  8.104523e-002  4.022438e-002
 8.534508e+000 -9.083343e-002 -2.515716e+000 -3.014781e-001 -4.559152e+000 -1.651822e+001  9.191848e+000 -1.212206e+001 -2.128798e+001 -1.568686e+001 -1.629130e+001  4.789818e+000  5.056469e+001 -2.350903e-002  5.535314e-002 -2.541516e-001  5.937062e-002 -6.116992e-001 -9.142838e-002 -3.159050e-001 -2.814403e-001  9.744835e-002 -1.137000e+000  7.733539e-001 -3.157915e-001 -2.825356e-002 -3.797054e-002  2.609855e-002  1.044095e-001  9.259418e-002  1.006937e-001 -6.591781e-002  5.111817e-002  1.126171e-001  3.325972e-001  2.916389e-002 -2.117928e-001  2.193279e-002 -4.230118e-003
 8.134173e+000  6.635612e-001 -3.684561e+000  9.438339e-001 -5.827980e+000 -1.495689e+001  8.912683e+000 -1.287839e+001 -1.964477e+001 -1.773234e+001 -1.559912e+001  4.752636e+000  5.051031e+001 -4.140310e-002  4.665631e-001 -2.089390e-001 -1.356234e-001  8.770166e-002 -5.858345e-001  7.038021e-003  9.187146e-002  1.255398e-001 -7.133859e-001  3.218915e-001 -3.982348e-002 -1.637161e-001 -1.013990e-001  4.771831e-002  3.654932e-001 -2.159275e-001  3.225301e-001  1.938127e-002 -1.501343e-001  3.261863e-001  2.134441e-001  6.373205e-001 -5.013433e-001 -5.104009e-002  4.727066e-002
 8.353515e+000  2.475965e-001 -2.616633e+000  9.839159e-002 -6.191629e+000 -1.496309e+001  8.095420e+000 -1.346833e+001 -1.829052e+001 -1.974013e+001 -1.449379e+001  3.920835e+000  5.031002e+001 -1.389927e-001  2.943670e-001  4.056386e-001 -3.069939e-001  1.470826e-001 -1.482554e-001 -4.437472e-001  7.713833e-001  2.469076e-001  2.404751e-001 -4.772201e-001 -3.374981e-001 -9.014320e-002 -3.721732e-001 -2.464752e-001  7.108029e-001 -7.850524e-001  3.886985e-001  5.189705e-001 -8.712252e-001  8.504463e-001  2.932944e-001  9.164386e-001 -3.892444e-001 -6.542854e-001  4.356810e-001
 8.262327e+000  1.766839e+000 -2.759692e+000 -1.106998e+000 -3.830715e+000 -1.716748e+001  8.507418e+000 -1.093995e+001 -1.983670e+001 -1.766093e+001 -1.639182e+001  4.977522e+000  4.987204e+001 -4.793735e-001  2.396707e-001  1.322537e+000 -1.209748e+000  8.341550e-001  1.020062e-001 -1.106314e+000  1.138430e+000  2.117229e-001  1.978189e+000 -1.179651e+000 -6.403847e-001  2.242554e-001 -4.329097e-001 -8.450308e-001  5.131141e-001 -1.188417e+000  2.937255e-001  7.807279e-001 -1.450982e+000  1.129268e+000  7.196483e-001  5.650496e-001 -1.288567e-001 -1.104276e+000  9.040675e-001
 7.775467e+000  8.293626e-001 -9.499578e-001 -8.110319e-001 -4.822371e+000 -1.615420e+001  7.175745e+000 -9.234368e+000 -1.995748e+001 -1.452019e+001 -1.828105e+001  2.989885e+000  5.043312e+001 -1.665390e+000 -1.063577e+000  2.534125e+000 -3.328829e+000  9.585669e-001  2.159504e+000 -4.115355e+000  3.447512e+000  1.520829e+000  2.099406e+000 -4.220968e-001 -3.286938e+000  1.956166e+000 -3.734933e-001 -1.133694e+000 -2.088399e-001 -1.015594e+000  2.785221e-001  5.730369e-001 -1.139454e+000  8.505828e-001  8.012647e-001 -1.258331e-001  2.385931e-001 -9.498517e-001  1.080058e+000
 6.026330e+000  1.571031e+000  2.094784e+000 -4.650193e+000 -2.341833e+000 -1.385130e+001  3.840952e+000 -9.303217e+000 -1.775268e+001 -1.045137e+001 -1.960374e+001  2.016189e+000  5.157005e+001 -1.442753e+000 -3.079619e+000  1.292388e+000 -4.566792e+000  1.150587e+000  2.163925e+000 -5.412069e+000  4.400148e+000  3.086821e+000  1.182397e+000 -3.499538e-001 -4.086482e+000  3.333467e+000 -1.109204e-001 -9.675792e-001 -9.962709e-001 -2.043114e-002  3.217474e-002  3.883420e-001 -1.515993e-001 -2.050006e-002  3.173532e-001 -4.826505e-001  3.092911e-001 -4.477321e-002  7.313757e-001
 1.144563e+000 -4.972383e+000  7.626754e+000 -1.477416e+001 -2.143235e+000 -5.823663e+000 -1.014812e+001  2.950870e+000 -1.172839e+001 -1.284788e+001 -1.499831e+001 -1.103319e+001  5.924185e+001 -1.524770e+000 -3.714458e+000 -6.234869e-001 -3.706440e+000  1.381477e+000  1.685969e+000 -3.988141e+000  3.393438e+000  2.815682e+000  9.205818e-003  3.008965e-001 -3.363708e+000  3.755540e+000  3.232543e-001 -8.123179e-002 -1.370992e+000  1.216001e+000  3.604653e-002  6.172063e-002  1.012696e+000 -1.269628e+000 -5.376220e-001 -2.100143e-001  2.244917e-002  1.212283e+000 -2.433672e-001
 4.364016e+000 -1.073038e+001 -5.861055e-001 -1.695940e+001  5.826511e-001 -1.151313e+001 -9.890997e+000  4.968175e+000 -8.517139e+000 -1.258510e+001 -1.978296e+001 -8.443353e+000  6.213501e+001 -1.104286e+000 -3.272785e+000 -2.080012e+000 -1.123098e+000  7.835736e-001  2.280483e+000 -1.927917e+000  1.062966e+000  1.151062e+000  6.100363e-001  5.307579e-003 -8.258657e-001  2.981447e+000  3.725251e-001  8.241876e-001 -5.102611e-001  1.400252e+000  1.251245e-001  3.716419e-001  9.574827e-001 -1.469625e+000 -9.114313e-001  1.498436e-001  5.735397e-002  1.210654e+000 -9.931232e-001
 9.827766e-001 -1.159222e+001 -2.726947e+000 -1.318863e+001  6.227723e-001 -8.893440e+000 -5.898986e+000  5.971249e-001 -1.049684e+001 -1.340729e+001 -1.668696e+001 -8.598884e+000  6.392834e+001 -2.183520e-001 -1.373153e+000 -2.634636e+000  1.029326e+000  1.322306e+000  2.409828e+000 -7.939501e-001 -1.232036e+000 -1.994021e-001  1.335515e+000 -4.874817e-001  1.144168e+000  9.153401e-001  5.537537e-001  1.083129e+000  3.422661e-001  5.509449e-001  3.375795e-001  3.682452e-001  6.282036e-002 -8.061283e-001 -2.445159e-001  1.218389e-001  5.636030e-002  4.915480e-001 -1.258248e+000
 5.857944e-001 -1.148298e+001 -3.128426e+000 -1.105844e+001  1.930312e-001 -9.139948e-001 -7.923203e+000 -2.811512e+000 -1.261314e+001 -7.121480e+000 -1.873288e+001 -3.330291e+000  6.413403e+001 -2.333361e-001 -1.293338e-001 -2.533422e-001  6.658573e-002  1.805795e+000  3.660205e+000 -2.221751e+000 -6.352420e-001  3.720617e-002  1.268460e+000  3.310051e-001 -2.871514e-001 -2.120487e-001  5.784091e-001  7.417874e-001  7.842697e-001 -4.753820e-001  6.696961e-001 -2.485366e-001 -4.701100e-001  7.258175e-002  6.639783e-001 -3.688881e-001  3.114379e-001 -4.472561e-001 -1.008268e+000
 1.941913e+000 -1.146185e+001 -4.275268e+000 -1.257800e+001  4.663105e+000  9.259130e-001 -1.510177e+001  6.805352e-001 -1.067740e+001 -8.902118e+000 -1.796076e+001 -7.868877e+000  6.281903e+001  8.085243e-001  1.294601e-001  1.745085e-001 -1.546558e+000  2.558264e+000  2.837334e+000 -3.527122e+000  2.119004e-001  2.150031e+000  2.891883e-001  4.198492e-001 -1.175325e+000 -9.389523e-001  3.532321e-001  2.627587e-001  5.783790e-001 -6.404348e-001  4.783969e-001 -7.232669e-001 -2.293055e-001  4.562690e-001  1.081716e+000 -5.624666e-001  4.929588e-001 -5.583094e-001 -4.254288e-001
 2.717767e+000 -1.144224e+001 -1.078656e+000 -1.693178e+001  7.591460e+000  1.878224e+000 -1.639836e+001  1.750260e+000 -8.240828e+000 -8.495391e+000 -1.749103e+001 -1.024411e+001  6.162941e+001  1.274322e+000 -3.151539e-001  4.367638e-001 -2.212066e+000  3.514075e+000  8.240474e-001 -2.911881e+000  7.039070e-001  3.296237e+000 -7.112412e-001  1.108832e+000 -1.902400e+000 -1.132746e+000  9.577177e-002  1.794054e-001 -2.754302e-001  1.536597e-001 -2.255576e-002 -8.768676e-001  3.306171e-001  3.591935e-001  5.138834e-001 -3.604016e-001  5.282296e-001 -8.048087e-002 -2.936676e-002
 3.959412e+000 -1.096529e+001 -2.879289e+000 -1.798475e+001  9.714878e+000  3.897122e+000 -1.929702e+001 -6.242595e-001 -1.932839e+000 -1.127439e+001 -1.520864e+001 -1.101860e+001  6.048589e+001  7.939796e-001  3.355103e-002 -8.779413e-002 -1.033522e+000  2.860151e+000  2.115728e-001 -1.595413e+000  3.797347e-001  3.579660e+000 -4.869675e-001  1.588399e+000 -8.397547e-001 -7.514553e-001 -2.615089e-001  2.654416e-001 -5.595104e-001  8.033127e-001 -6.017641e-001 -4.561918e-001  6.239582e-001  3.810999e-001 -6.833453e-001  1.445049e-001  6.019453e-001  8.375579e-002  1.981554e-001
 5.948654e+000 -1.330703e+001 -1.642596e+000 -1.941540e+001  1.523752e+001  1.720638e+000 -2.038498e+001  1.360420e+000 -5.042331e-001 -9.491548e+000 -1.456478e+001 -1.126743e+001  5.963688e+001  2.527950e-001  8.156479e-001 -1.499342e+000  5.783663e-001  1.542073e+000  5.887481e-001 -1.534520e+000  1.076809e+000  1.891809e+000 -1.454698e-001  2.387878e+000 -8.573409e-001 -4.526310e-001 -2.884208e-001  2.943689e-001 -5.871782e-001  8.439401e-001 -8.563283e-001 -5.117949e-002  5.171528e-001  4.076407e-001 -1.494374e+000  5.492911e-001  3.536982e-001  1.397618e-001  1.853938e-001
 4.296368e+000 -1.036170e+001 -4.432269e+000 -1.650380e+001  1.514083e+001  2.062570e+000 -2.108552e+001  2.774129e+000  3.352602e+000 -1.083888e+001 -1.148189e+001 -1.155599e+001  6.005803e+001  1.174300e-002  8.912669e-001 -1.654990e+000  1.074790e+000  5.354444e-001  6.740251e-001 -1.096012e+000  1.930949e+000 -5.644811e-001  7.288271e-001  2.790052e+000 -1.279076e+000 -2.882328e-001 -4.157023e-002 -1.837071e-001 -4.255504e-002  2.937815e-001 -5.492626e-001 -7.924065e-002  4.028508e-001  2.655956e-001 -1.597630e+000  5.838661e-001 -1.318723e-001  1.984223e-001  6.609710e-002
 3.813264e+000 -7.665790e+000 -7.798876e+000 -1.478043e+001  1.258885e+001  5.739241e+000 -2.317671e+001  5.435109e+000 -1.424504e+000 -9.440498e+000 -7.415019e+000 -1.426212e+001  5.958019e+001  2.233362e-001  7.278324e-001 -1.715529e+000  9.534789e-001  3.947867e-001  3.369238e-001 -5.758179e-001  1.966503e+000 -2.103560e+000  1.427317e+000  2.276496e+000 -9.839306e-001 -4.373882e-001  1.031466e-001 -6.810399e-001  6.370894e-001 -1.966013e-001 -1.264984e-001 -2.736832e-001  4.966888e-001 -2.337877e-001 -7.687624e-001  2.987040e-001 -6.261401e-001  5.249138e-001  4.634418e-002
 5.085822e+000 -9.329570e+000 -8.076100e+000 -1.492829e+001  1.371644e+001  5.257946e+000 -2.338121e+001  6.993142e+000 -4.295109e+000 -7.655783e+000 -4.833258e+000 -1.591663e+001  5.907307e+001  6.008579e-001 -8.410770e-001 -1.924758e-001  2.478293e-001  6.874807e-001 -5.871831e-002 -6.051026e-002  1.262866e+000 -2.410807e+000  1.645970e+000  9.847287e-001  2.156518e-001 -4.285912e-001 -4.767314e-002 -7.521932e-001  9.955747e-001 -3.811979e-001  3.944161e-002 -2.137725e-001  4.053910e-001 -6.045967e-001  1.675805e-001 -2.223457e-001 -7.743480e-001  6.976535e-001  1.322628e-001
 6.670608e+000 -1.018393e+001 -8.398325e+000 -1.543576e+001  1.792365e+001  1.807569e+000 -2.211623e+001  9.083429e+000 -7.198180e+000 -3.946508e+000 -6.506613e+000 -1.400676e+001  5.794242e+001  4.739705e-001 -1.723380e+000  9.548479e-001  8.840179e-003  8.335627e-001 -4.132961e-001  4.311728e-001  2.419118e-001 -1.028840e+000  8.894790e-001  1.598397e-001  1.019864e+000 -1.507309e-001 -3.055461e-001 -5.182427e-001  1.077560e+000 -3.824585e-001  3.291582e-002 -1.028343e-001  2.689356e-001 -6.449031e-001  6.535106e-001 -6.776231e-001 -4.656557e-001  3.860479e-001  2.340516e-001
 5.871985e+000 -1.330802e+001 -5.094923e+000 -1.493699e+001  1.591083e+001  3.734815e+000 -2.191832e+001  7.264296e+000 -5.814594e+000 -5.356023e+000 -7.012447e+000 -1.060541e+001  5.873396e+001 -3.519399e-001 -1.644093e+000  1.987695e+000 -3.588802e-001  5.132645e-001 -1.972741e-002  4.274483e-001 -2.297390e-001 -2.639387e-001 -1.139824e-001 -2.335939e-002  1.207294e+000  2.297523e-001 -4.074331e-001  3.178320e-002  5.877219e-001 -1.473924e-001  7.532205e-002 -1.050647e-001  1.773081e-002 -2.558247e-001  5.750598e-001 -6.167655e-001 -2.588002e-001 -5.812612e-003  1.848324e-001
 5.790034e+000 -1.429347e+001 -4.515225e+000 -1.473187e+001  1.565947e+001  4.434326e+000 -2.175230e+001  6.509091e+000 -5.808962e+000 -6.142983e+000 -5.526226e+000 -1.181841e+001  5.899609e+001 -8.279955e-001 -1.461873e+000  2.582188e+000 -6.554589e-001  6.464740e-001 -1.967432e-001  5.248806e-001 -5.117097e-001  9.055839e-002 -1.080822e+000  4.522615e-001  4.504878e-001  4.036980e-001 -3.974499e-001  4.312778e-001 -2.404101e-002  2.848748e-001 -1.681173e-002 -1.424632e-001 -1.789931e-001  1.755019e-001  2.354005e-001 -3.182002e-001 -3.213712e-001 -3.179988e-002  8.868049e-002
 3.766409e+000 -1.549527e+001 -7.917708e-002 -1.707463e+001  1.741485e+001  3.845930e+000 -2.142594e+001  7.131616e+000 -6.309411e+000 -7.127458e+000 -5.440248e+000 -1.097434e+001  5.969499e+001 -7.853244e-001 -8.129143e-001  1.932464e+000 -1.569829e-001  1.157635e+000 -6.923183e-001 -1.871014e-002  3.605528e-001 -9.520702e-002 -4.527074e-001 -4.554833e-001  4.712771e-001  2.183563e-001 -2.583171e-001  6.735452e-001 -6.149468e-001  8.871341e-001 -4.625861e-001 -7.716177e-002 -1.431579e-001  3.520530e-001  1.352659e-001 -1.477967e-001 -4.492110e-001  1.883416e-001 -3.352272e-002
 3.583419e+000 -1.639967e+001  2.004743e+000 -1.764423e+001  2.040401e+001  7.682949e-001 -1.973802e+001  6.591221e+000 -6.497980e+000 -8.464901e+000 -5.031404e+000 -1.156986e+001  5.948039e+001 -1.296587e+000  1.742001e-002  8.622583e-001  1.332266e+000  4.273186e-001 -7.893168e-001 -2.407137e-001  8.242754e-001  6.379633e-002 -5.321597e-001 -1.230954e+000  1.228874e+000  2.983696e-001 -8.611199e-002  5.382588e-001 -5.879741e-001  1.017615e+000 -7.783123e-001 -1.316661e-001  2.215799e-001  2.293385e-001  1.096599e-001 -1.395683e-001 -4.754587e-001  5.361488e-001 -1.311876e-001
 3.048671e+000 -1.631948e+001  1.307412e+000 -1.426572e+001  1.932673e+001  2.106239e+000 -2.301901e+001  9.025995e+000 -5.946120e+000 -6.458601e+000 -9.537274e+000 -8.373299e+000  5.958359e+001 -1.409230e+000  9.839864e-001 -2.270747e-001  3.082928e+000 -1.690089e+000 -1.092495e-001  9.445572e-002  8.625333e-001  4.257719e-001 -1.127297e+000 -1.427807e+000  1.759809e+000  1.148029e-001  1.038546e-001  1.711986e-001 -2.288697e-002  5.048061e-001 -7.427452e-001 -3.733699e-001  9.109517e-001 -1.495327e-001 -1.585402e-001 -4.083353e-001  4.039992e-002  5.383597e-001 -1.932303e-001
-3.340298e-001 -1.379426e+001 -8.972288e-001 -9.474998e+000  1.684012e+001  1.357588e+000 -2.215933e+001  9.683278e+000 -5.671626e+000 -9.138210e+000 -9.632484e+000 -6.974557e+000  6.054364e+001 -9.466026e-001  3.309703e-001  7.220870e-001  2.812662e+000 -1.821225e+000 -1.146608e+000  1.576197e+000  3.839927e-001  3.783686e-001 -1.441368e+000 -1.438870e+000  2.486966e+000 -2.004631e-001  4.121078e-001 -2.390149e-001  6.143167e-001 -2.578292e-001 -3.773192e-001 -6.136140e-001  1.359422e+000 -3.776866e-001 -4.999057e-001 -2.483266e-001  2.384069e-001  3.231754e-001 -2.791230e-001
-1.321017e+000 -1.187804e+001  2.364351e-001 -5.744608e+000  1.074636e+001  3.005036e+000 -1.974300e+001  9.898253e+000 -4.593729e+000 -1.242729e+001 -1.027874e+001 -4.472942e+000  5.973738e+001 -4.410436e-001 -1.136964e-001  1.888115e+000  1.626849e+000 -1.431818e+000 -2.380522e+000  3.627593e+000 -1.669695e-001 -1.045194e+000 -2.039780e+000 -1.495256e-001  2.534030e+000 -4.983788e-001  4.037594e-001 -3.287394e-001  7.999424e-001 -8.475532e-001 -1.240554e-002 -5.695649e-001  1.310294e+000 -4.248660e-001 -7.761564e-001  2.250699e-001  3.138129e-001 -1.968619e-001 -1.926331e-001
 1.035250e+000 -1.696554e+001  6.150666e+000 -7.841482e+000  1.558807e+001 -5.414145e+000 -1.349503e+001  8.075055e+000 -5.282332e+000 -1.268740e+001 -1.185502e+001 -1.085212e+000  5.840118e+001  2.798593e-001 -6.288133e-001  2.876247e+000  7.711588e-001 -1.588413e+000 -2.721750e+000  4.789827e+000 -5.494064e-001 -1.700249e+000 -1.317551e+000 -6.780604e-001  2.457641e+000 -7.906548e-001  6.480825e-002  1.616184e-001  2.430278e-001 -7.182005e-001 -4.533595e-001  2.273162e-001  8.719931e-001 -6.605808e-001 -4.178993e-001  5.545863e-001  3.864683e-001 -8.509523e-001  4.623443e-004
 1.588137e-001 -1.530232e+001  7.224039e+000 -6.948236e+000  1.279366e+001 -6.410505e+000 -9.213192e+000  8.995259e+000 -1.136674e+001 -1.488291e+001 -9.173634e+000  1.352178e+000  5.816293e+001 -3.664082e-003 -1.798190e-001  2.695557e+000 -1.340862e-001 -1.868523e+000 -2.169503e+000  5.039112e+000 -7.950972e-001 -2.415701e+000 -6.385584e-002 -2.391474e-001  7.901621e-001 -5.532669e-001 -1.749058e-001  4.507492e-001 -2.565554e-001 -5.474184e-001 -7.249776e-001  9.901459e-001  1.187412e-001 -8.863294e-001  2.708171e-001  9.211445e-001  3.033487e-001 -1.270232e+000  1.243012e-001
 3.253514e-001 -1.522618e+001  9.990206e+000 -5.017391e+000  7.874400e+000 -7.543393e+000 -3.475101e+000  7.387743e+000 -1.078637e+001 -1.449816e+001 -1.357534e+001  2.401086e+000  5.737759e+001 -8.412511e-001  1.172124e+000  1.533505e+000  1.021276e-001 -3.869671e+000 -1.155367e-001  5.230403e+000 -2.604847e+000 -1.025874e+000  3.436012e-001  5.382821e-001 -8.958621e-001 -1.707073e-001 -2.369015e-001  5.364979e-001 -4.482342e-001 -5.170304e-001 -6.538777e-001  1.403906e+000 -7.342545e-001 -7.487935e-001  4.090421e-001  9.377537e-001  4.504485e-001 -1.273972e+000  1.346595e-001
-9.843880e-001 -1.364682e+001  1.179445e+001 -7.827085e+000  5.260579e+000 -6.777854e+000  4.425908e-001  6.266424e+000 -1.392022e+001 -1.184119e+001 -1.061432e+001 -2.265281e+000  5.748284e+001 -7.550172e-001  1.239581e+000  1.276709e+000 -7.757270e-001 -3.916077e+000  1.267101e+000  4.001010e+000 -3.570896e+000 -2.829599e-002  1.735366e+000  7.590469e-001 -2.140380e+000 -1.868465e-001  8.459180e-002  3.169286e-001 -1.380554e-001 -4.999208e-001 -2.937360e-001  1.180435e+000 -1.272924e+000 -8.060402e-002  8.105338e-002  8.040491e-001  2.688060e-002 -6.220446e-001 -1.082941e-001
-2.599405e+000 -1.193268e+001  1.153298e+001 -6.891419e+000  6.261763e-003 -5.808154e+000  7.829094e+000 -3.584763e+000 -9.134961e+000 -1.249025e+001 -8.443269e+000 -3.755793e+000  5.788768e+001 -5.289714e-001  1.343976e+000  1.344500e+000 -1.493173e+000 -3.834024e+000  2.579479e+000  1.637605e+000 -2.905474e+000 -8.487415e-001  2.471606e+000  1.075085e+000 -2.446950e+000 -3.005672e-001  5.279670e-001  2.938714e-001 -7.043575e-002 -1.637836e-001  3.398980e-001  2.459788e-001 -1.521476e+000  9.865665e-001 -4.908721e-001  1.928452e-001 -7.438781e-002  2.729744e-001 -5.272924e-001
-2.153894e+000 -1.075117e+001  1.283619e+001 -9.889856e+000 -2.852653e+000 -9.426200e-001  5.139761e+000 -3.372969e+000 -1.233392e+001 -7.210027e+000 -7.944435e+000 -6.271283e+000  5.697365e+001  2.631550e-001  1.318898e+000  2.099782e+000 -1.836040e+000 -3.355026e+000  2.385166e+000  4.708900e-001 -1.047804e+000 -2.099001e+000  2.892387e+000 -3.731458e-001 -1.544517e+000 -1.029807e+000  6.346163e-001  7.259106e-001 -6.288615e-001  4.960931e-001  8.723235e-001 -5.152957e-001 -1.299464e+000  1.334894e+000 -4.341903e-001 -1.097387e+000  3.367980e-001  1.158379e+000 -7.789636e-001
-1.734753e+000 -9.954123e+000  1.619184e+001 -1.145187e+001 -7.239102e+000  2.436388e+000  2.364337e+000 -2.319932e+000 -1.582322e+001 -4.455710e+000 -9.534859e+000 -7.830661e+000  5.612935e+001  1.289498e+000  2.601822e+000  7.697891e-001 -1.866340e-001 -2.450706e+000  5.553247e-001 -6.119176e-001  1.066439e+000 -2.444882e+000  7.293167e-001  7.324393e-001  1.710782e-001 -2.385689e+000  5.137855e-001  9.147694e-001 -1.305172e+000  1.023972e+000  1.367908e+000 -8.025296e-001 -9.009258e-001  9.530447e-001  1.370708e-001 -2.011761e+000  7.132093e-001  1.485298e+000 -7.354681e-001
-1.009390e-001 -8.041604e+000  1.996394e+001 -1.472706e+001 -7.891870e+000  1.025704e+000  5.529419e+000  3.949888e-001 -2.107109e+001 -1.396522e+000 -1.193425e+001 -7.950432e+000  5.321297e+001  1.508830e+000  4.240211e+000 -1.580243e+000  1.051469e+000 -2.461185e-001 -2.973003e-001 -1.371551e+000  1.117616e+000 -1.401177e+000 -2.880423e+000  2.614360e+000  2.342499e+000 -3.039104e+000  2.087698e-001  6.736984e-001 -1.715764e+000  1.309924e+000  1.331583e+000 -6.272529e-001 -4.471703e-001  2.770392e-001  6.329287e-001 -1.867029e+000  7.028526e-001  9.723428e-001 -3.380342e-001
 2.821606e+000 -2.783490e-001  1.181806e+001 -5.405988e+000 -9.727662e+000 -4.015692e+000  4.574677e+000 -1.365474e-001 -1.699079e+001 -1.175042e+001 -2.786163e+000 -2.060828e+000  4.783958e+001  1.417119e+000  4.457167e+000 -3.341346e+000  2.182934e+000  1.451062e+000 -9.193581e-002 -1.945804e+000  7.770392e-001 -5.122994e-001 -4.700794e+000  3.147379e+000  3.036031e+000 -2.973259e+000 -1.945567e-001 -1.986532e-001 -8.994383e-001  7.994278e-001  9.126744e-001 -1.466549e-001  1.546088e-001 -4.107922e-001  5.598706e-001 -3.108403e-001 -2.258204e-001  1.303703e-001  2.773435e-001
 3.112074e+000  5.611998e+000  7.121869e+000 -7.655452e+000 -2.838966e+000  7.969188e-001 -2.823163e+000  1.123420e+000 -1.875603e+001 -1.796478e+001  1.753015e+000  2.556298e+000  4.592302e+001  1.243194e+000  3.759718e+000 -4.423471e+000  3.528794e+000  1.352007e+000 -4.274684e-001 -1.098019e+000  4.820920e-001  9.935150e-002 -3.727704e+000  1.933648e+000  1.884721e+000 -2.426193e+000 -3.503561e-001 -9.968354e-001  2.172044e-001  4.241045e-001  3.524099e-002 -2.069887e-001  8.862554e-001 -5.165253e-001  3.353913e-001  1.187509e+000 -9.079442e-001 -6.165783e-001  5.952837e-001
 3.744334e+000  5.504909e+000  5.906138e+000 -4.073002e+000 -2.510247e+000  2.091101e+000 -3.188390e+000  1.201049e+000 -1.954225e+001 -1.967555e+001 -6.415992e-001  2.096130e+000  4.490803e+001  4.495324e-001  1.848803e+000 -2.305788e+000  2.571842e+000  1.313603e+000 -1.128659e-001  2.436039e-002 -6.697598e-001 -3.957933e-001 -4.012447e-001 -5.630683e-002  1.051819e+000 -1.305426e+000 -3.897536e-001 -1.206065e+000  8.256775e-001 -1.075725e-001 -3.843239e-001 -2.600194e-001  1.065268e+000 -3.429508e-001  3.973602e-001  1.708232e+000 -7.970085e-001 -7.148481e-001  6.415631e-001
 5.653667e+000  7.865355e+000  8.025413e-001  2.250419e+000 -4.740544e+000 -4.165035e+000  3.920860e+000  2.136651e+000 -1.929860e+001 -1.607248e+001 -3.338297e+000 -6.053070e-001  4.254778e+001  2.408421e-001  5.602160e-001 -1.012000e+000  2.977537e+000 -1.184320e-003 -1.321779e+000  2.074644e+000 -7.416105e-001  2.175262e-001  9.073461e-001 -3.235185e-001  2.517143e-001 -8.966015e-001 -3.832551e-001 -1.131201e+000  1.004637e+000 -5.792452e-001 -2.783741e-001 -1.842601e-002  4.350618e-001  7.549264e-002  7.285454e-001  1.050425e+000 -3.012147e-001 -2.204157e-001  5.290458e-001
 3.798472e+000  7.838987e+000  3.448780e+000  2.500288e+000 -2.208858e+000 -2.099045e+000  1.324468e+000 -3.991961e+000 -1.869847e+001 -1.470280e+001 -5.220414e-001  4.779070e+000  4.300007e+001 -3.047376e-002  2.659283e-002 -9.186949e-001  1.920700e+000  2.060377e-001 -9.448775e-001  1.794204e+000 -3.258635e-001  1.415414e+000  1.522841e+000  2.909197e-001  2.782940e-001 -5.302399e-001 -3.241562e-001 -8.561696e-001  5.583435e-001 -6.934029e-001 -1.941276e-001  7.849704e-002 -3.458488e-001  6.548223e-001  8.563424e-001  2.495587e-004  4.896786e-002 -2.147512e-001  3.094215e-001
 4.289216e+000  7.246038e+000  3.290549e+000  3.945589e+000 -2.995582e+000 -3.716901e+000  5.293629e+000  1.187309e-002 -1.809029e+001 -1.591443e+001  7.564314e-002  2.473399e+000  4.239399e+001 -4.330784e-001 -9.851817e-001 -9.383497e-002  9.581395e-001  5.139190e-001 -1.035927e-001  1.923686e-001  6.876070e-001  2.836475e+000  5.623781e-001  2.539610e-001  1.169405e+000 -1.685577e-001 -6.538255e-001 -1.200709e+000  5.544668e-001 -1.425103e+000 -4.794091e-002  3.572816e-001 -1.048696e+000  1.010948e+000  5.188287e-001 -1.587156e-001  4.455427e-002 -6.251851e-001  4.931190e-001
 4.274190e+000  5.947532e+000  6.865937e-002  4.682913e+000 -2.352539e+000 -2.857353e+000  5.096245e+000  6.341201e-001 -1.306934e+001 -1.214037e+001 -8.939708e-001  1.948247e+000  4.233372e+001 -8.342884e-001 -1.659346e+000  2.684660e-002  1.145266e-001  8.541320e-002 -3.294737e-001 -7.637457e-001  1.889743e+000  2.576444e+000 -2.275129e-001 -1.002072e-001 -4.807823e-001 -1.223408e-001 -9.595049e-001 -1.289477e+000  7.156407e-001 -1.581871e+000 -3.251102e-001  1.531723e-001 -6.869439e-001  1.235801e+000 -1.437387e-001 -6.283559e-002  1.891187e-001 -9.434379e-001  6.044300e-001
 3.250416e+000  3.885174e+000  2.023427e+000  5.949804e+000 -2.099109e+000 -4.303844e+000  2.996814e+000  3.261645e+000 -7.930788e+000 -1.454180e+001 -1.882527e+000  6.657128e+000  4.203816e+001 -2.626378e+000 -4.600358e+000  1.287564e+000 -3.244889e+000 -1.805767e-001  1.569274e-001 -1.889862e+000  3.205325e+000  2.231155e+000  9.889450e-001  9.481631e-002 -2.494673e+000  1.365044e+000 -9.941145e-001 -6.954314e-001  3.846385e-001 -1.249191e+000 -3.426736e-001  2.741808e-003  6.130959e-002  7.361043e-001 -8.081152e-001  3.005117e-001  4.239445e-001 -9.342396e-001  4.088784e-001
 1.464300e-001  1.222688e+000  4.216574e+000  2.070814e+000 -2.230028e+000 -3.452942e+000 -1.345853e+000  3.831867e+000 -1.089600e+001 -1.652668e+001 -4.399247e-002  2.832945e-001  4.256628e+001 -3.731349e+000 -4.613205e+000  1.968809e+000 -3.887141e+000 -1.072266e+000 -3.092760e-001 -5.994006e-001  4.594284e+000  9.993807e-001  9.953793e-001  1.316086e+000 -2.606857e+000  1.725109e+000 -4.084110e-001  3.720187e-001 -2.973284e-001 -1.090133e-001 -9.053268e-002  1.180640e-001  5.313908e-001 -3.095444e-001 -7.364463e-001  2.928552e-001  8.835381e-002  6.177250e-002 -1.002546e-001
-6.778794e+000 -1.339333e+001  7.654409e+000 -1.097281e+001 -3.959721e+000 -2.634470e+000 -9.346297e-001  1.443962e+001 -8.021187e+000 -8.776548e+000  1.247355e-001 -9.167491e+000  4.910293e+001 -3.955121e+000 -2.985409e+000  8.583766e-001 -3.286983e+000 -6.206096e-001 -9.998250e-002  4.167441e-001  3.015858e+000 -4.155697e-001  1.453490e+000  1.665537e+000 -2.438756e+000  9.521095e-001  6.095558e-001  1.790036e+000 -1.061395e+000  1.512483e+000  2.058711e-001  3.650220e-002  4.826770e-001 -1.706266e+000 -3.527910e-001 -1.277308e-001 -8.360113e-001  5.957176e-001 -8.944212e-001
-9.367947e+000 -8.479239e+000  7.097213e+000 -6.291486e+000 -6.783561e+000 -5.238420e+000  4.064964e+000  1.801655e+001 -8.027236e+000 -1.004610e+001  4.682827e+000 -3.173727e+000  4.742688e+001 -2.211972e+000 -6.067273e-001 -1.245202e+000 -4.094929e-001 -1.472337e-001  3.893010e-001  7.399058e-001  4.367541e-001  2.175749e-001  1.004490e+000 -4.437985e-001 -1.998784e-001 -4.171463e-001  1.304658e+000  1.726882e+000 -1.270951e+000  1.805990e+000  5.397852e-001 -1.356136e-001 -5.126472e-001 -2.383921e+000  5.456190e-001 -1.042256e-001 -1.608558e+000  3.020640e-001 -1.124151e+000
-1.176800e+001 -6.190909e+000  4.874990e+000 -6.303962e+000 -2.925390e+000 -3.911018e+000  2.375125e+000  1.124859e+001 -1.144302e+001 -1.051464e+001  4.081748e+000 -3.808141e+000  4.436840e+001 -3.382875e-001  2.346585e+000 -2.412407e+000  2.578702e+000  3.862629e-001 -9.850120e-003 -1.461295e-001 -3.247239e+000  8.581024e-001  3.457352e-001 -3.205298e+000 -7.195745e-001 -2.035934e+000  1.407524e+000  1.153695e+000 -7.136458e-001  1.524250e+000  5.759860e-001 -6.354533e-001 -1.262106e+000 -1.851810e+000  1.025561e+000  9.173793e-002 -1.091334e+000  1.259897e-001 -8.385269e-001
-8.418827e+000 -5.412159e+000 -6.197274e-001 -2.311074e+000 -3.483362e+000 -8.681631e-001  6.987981e-001  7.611153e+000 -8.097206e+000 -1.063518e+001 -4.241491e+000 -3.395772e+000  4.284781e+001  9.835241e-001  1.355210e+000 -2.750554e+000  2.209967e+000  1.123224e+000 -1.032410e+000 -2.881200e+000 -4.193771e+000  3.090640e+000  1.028129e+000 -4.291288e+000 -1.956128e+000 -2.401624e+000  7.224348e-001  6.030344e-001  2.434087e-001  5.895188e-001  5.309690e-001 -5.904088e-001 -9.321324e-001 -6.577961e-001  6.020779e-001  4.639310e-001  5.473186e-001  1.829601e-001 -4.253140e-001
-8.944792e+000 -3.193945e+000 -5.491533e-001 -6.950434e-002 -3.678506e+000 -4.868849e+000  1.780567e-002  3.406129e+000 -3.695689e+000 -6.753332e+000 -1.143960e+001 -1.265434e+001  4.121280e+001  1.484750e+000  1.802099e+000 -1.957176e+000  3.024538e+000  1.624092e+000 -2.566394e+000 -4.083233e+000 -3.927927e+000  3.275701e+000  1.900361e+000 -1.867391e+000 -9.306830e-001 -2.248286e+000 -5.655163e-002  2.082278e-001  9.140561e-001 -2.060988e-001  3.184052e-001  1.870777e-001  1.727589e-001  7.389226e-001  1.443193e-002  4.802952e-001  1.903701e+000  1.020947e+000 -2.233851e-002
-5.861930e+000 -3.201673e+000 -3.943487e+000  1.641123e+000 -7.908838e-001 -9.921555e+000 -9.162374e+000  9.689267e-001  3.552300e+000 -6.786106e+000 -9.012945e+000 -8.531265e+000  3.699657e+001  4.886836e-001  2.680688e+000 -2.557742e-001  2.315183e+000  1.888697e+000 -1.284471e+000 -1.952204e+000 -2.511882e+000  2.019165e+000  2.546833e+000  1.623841e+000  8.204764e-001 -2.437541e+000 -6.804456e-001  2.334538e-001  1.127982e+000 -7.582142e-001 -2.948506e-001  7.350276e-001  1.456441e+000  1.238094e+000 -8.960640e-001  2.019774e-002  1.957519e+000  1.083946e+000  2.250078e-001
-5.622700e+000  1.714341e+000 -3.249011e+000  6.842630e+000  3.848829e+000 -1.221629e+001 -1.311045e+001 -5.069931e+000 -8.892635e-001 -2.937371e+000 -2.869478e+000 -5.893810e+000  3.605260e+001 -3.736254e-001  2.724985e+000  9.104838e-001  1.495600e+000  1.595553e+000  1.051569e+000  2.531671e-001 -3.935703e-001  1.465999e+000  1.987859e+000  3.355643e+000  2.996857e+000 -2.129669e+000 -7.088836e-001 -3.539562e-001  6.784833e-001 -1.495842e+000 -1.037446e+000  8.734059e-001  1.620259e+000  1.073970e+000 -8.260348e-001 -3.930529e-001  8.340304e-001  3.624081e-001  4.284587e-001
-7.636455e+000  5.537138e+000 -5.486696e-001  5.808774e+000  2.196455e+000 -3.616798e+000 -2.498094e+000 -7.102270e-001  5.954055e-001  1.910041e-001 -4.073457e-001 -2.673656e+000  3.324021e+001 -1.489516e+000  2.061036e+000  1.455527e+000 -8.166346e-001 -3.367596e-001  8.337463e-001  2.232808e+000  2.295223e-001 -4.848295e-001  1.085369e+000  2.884788e+000  1.499832e+000 -1.335894e+000 -1.697279e-001 -8.036608e-001 -8.513853e-002 -1.258640e+000 -1.189314e+000  1.028289e-001  5.444310e-001  1.004025e-001 -6.333352e-001 -6.420790e-001 -4.181535e-001 -3.744105e-001  6.417271e-001
-9.925656e+000  6.061573e+000  2.305857e+000  5.324671e+000  2.805589e+000 -2.763382e+000 -2.048499e+000  2.277854e+000  5.112755e+000 -3.025913e-001  1.035820e+000 -5.988600e-001  3.244263e+001 -1.070568e+000  3.421441e-001  5.795898e-001 -2.888764e+000 -2.450410e+000  7.415273e-001  1.925554e+000  7.122178e-002  3.975241e-001  6.658282e-001  1.672288e+000  5.416798e-001 -6.568161e-001  3.329514e-001 -7.677526e-001 -6.748740e-001 -5.851323e-001 -8.484418e-001 -3.280073e-001 -1.800752e-001 -4.356137e-001 -4.560203e-001 -4.081970e-001 -1.155776e+000 -6.713686e-001  5.821357e-001
-1.115803e+001  4.929889e+000  5.567163e-001 -1.683071e+000 -1.953062e+000 -1.047928e+001 -3.529313e+000 -1.557354e+000 -1.872857e+000 -2.676652e+000  3.458344e+000 -3.679581e+000  3.212208e+001 -1.148434e-002 -1.461952e-001 -5.160198e-001 -1.785834e+000 -2.034893e+000 -6.153057e-001 -6.624258e-002 -2.242265e+000 -6.132734e-001 -2.547008e-003  3.747505e-001  1.760125e-001  3.466873e-002  5.218590e-001 -3.366820e-001 -6.031047e-001  4.729363e-001  1.688433e-002  3.618227e-002 -4.375178e-001  2.482286e-002  2.075806e-001  1.036239e-001 -1.079445e+000 -2.445239e-001  3.280736e-001
