61 39
-1.434409e+001 -3.721318e+000  2.332242e+000  3.926524e+000 -4.781229e+000  2.547719e+000 -1.405101e+000  5.317525e-001 -5.351719e-001 -2.957336e+000 -1.248937e+000 -2.626242e+000  5.837733e+001 -7.870048e+000 -3.291733e+000 -1.383365e+000 -8.372580e-001 -3.298757e-001  2.499773e+000  1.059711e-001  1.582648e+000 -2.358040e-001  7.924626e-001  1.667989e+000  2.011124e+000 -1.872018e+000  6.820196e-001 -3.334591e-001 -2.207642e-001 -5.259190e-001 -1.217854e-001 -7.522251e-001 -3.113721e-001 -7.835854e-001 -9.512082e-001  1.136818e+000  1.652902e-001 -1.625646e+000 -8.286957e-002
-2.555709e+001 -4.163953e+000  4.306842e+000  5.051951e+000 -1.590364e+000  6.868453e+000 -9.296832e-001 -5.939224e-004  1.986051e-001 -3.853337e+000 -1.600507e+000 -1.568431e+000  5.361966e+001 -5.256862e+000 -1.981014e+000 -1.889927e+000 -1.206620e+000 -5.581326e-001 -4.083524e-001 -5.700092e-001  9.464549e-001  1.205773e-001  4.357489e-001  1.673485e+000  9.323699e-001 -1.985747e+000  2.074529e+000  5.890567e-001 -5.009250e-002 -1.961018e-002  1.829073e-001 -1.062871e+000  1.080392e-001 -6.344699e-001 -4.778317e-001  7.360058e-001 -9.040441e-002 -1.424435e+000 -1.545272e-001
-2.946974e+001 -5.750432e+000 -1.878889e+000  1.294537e+000 -2.589838e+000  9.079337e-001 -4.563417e+000  2.817641e+000 -6.926677e+000 -2.266428e+000  1.563319e+000  5.963335e-001  5.254992e+001 -3.265231e+000 -6.578018e-001 -8.624274e-001 -3.512206e-001  1.093064e+000 -1.728085e-001 -5.693414e-001 -3.147994e-001  5.761217e-001  1.351499e+000  8.629360e-001 -1.113779e+000 -2.353788e+000  2.306381e+000  8.666508e-001  4.701496e-001  3.200323e-001  2.850824e-001 -4.846698e-001  3.203754e-001 -2.273939e-001  5.528540e-001 -1.642584e-002 -2.837891e-001 -7.475162e-001 -9.758830e-003
-2.875806e+001 -7.121612e+000 -3.633696e-001  2.145232e+000 -4.187049e+000  9.520740e-001 -3.385836e+000  1.593968e+000  2.541527e+000 -2.596164e+000  2.512536e+000 -1.760548e+000  5.227053e+001 -5.344849e-002 -4.589715e-002 -6.178400e-001  7.229807e-002  8.711237e-001 -4.540781e-001  9.361341e-001  4.195537e-002  7.724459e-001  1.475883e+000  1.295790e+000 -1.343422e+000 -2.354670e+000  1.811017e+000  5.255169e-001  5.572568e-001 -2.550954e-002 -1.247551e-001  1.262770e-001  2.354912e-001  6.059808e-003  6.932776e-002 -3.823562e-001 -4.395608e-001 -1.046719e-001  6.014093e-001
-2.906976e+001 -5.531498e+000  3.552111e-001  3.623781e+000  1.982432e+000  4.641866e+000 -3.023732e+000 -1.839526e+000  1.173976e+000  3.171573e+000  1.009222e+000 -8.099077e+000  4.728296e+001  1.060148e+000  7.396235e-002  3.313394e-001  1.234442e-001  3.809081e-001  9.928625e-002  9.547767e-001  8.979285e-001  2.202532e+000  1.902665e-001  4.378912e-001 -5.885612e-001 -1.736351e+000  1.186431e+000  6.650753e-002  1.813905e-001 -5.162834e-001 -7.740645e-001 -3.641756e-001 -4.591217e-001 -1.716194e-001 -4.039317e-001 -8.431348e-001 -3.371228e-001  7.460726e-001  1.572142e+000
-2.602432e+001 -4.502906e+000  1.005927e-001  4.248819e+000  4.791200e-001  2.731096e+000  2.981145e+000  2.537766e+000  1.050807e-002  8.070755e-001  5.155493e+000 -3.937836e+000  4.447979e+001  1.635532e+000  2.806880e-001  2.994730e-001 -1.571500e+000 -8.258306e-001  8.698539e-002 -1.546125e-001  3.703899e-001 -3.459890e-001 -8.954158e-001 -3.117969e-001  1.464014e-001  7.125809e-001  7.675349e-001 -5.440746e-003  1.313014e-001 -5.894452e-001 -6.620069e-001 -5.869310e-001 -1.027833e+000 -6.129746e-001 -9.492499e-001 -6.970075e-001 -4.180576e-001  4.697644e-001  2.076094e+000
-2.553587e+001 -6.689973e+000 -4.541729e-001  8.599642e-001 -3.018381e+000  5.148538e-001 -2.973024e+000  6.835385e+000  5.351491e+000 -3.016715e+000  2.431296e+000 -1.257828e+000  4.776354e+001  1.822433e+000 -4.885568e-001 -4.141315e-001 -2.110739e+000 -1.928782e+000 -2.264218e+000 -2.319577e+000 -1.337114e+000 -8.843196e-001 -1.678526e+000 -1.888422e-002  1.871673e+000  3.973295e+000  1.471680e+000  3.244018e-001 -2.458413e-001 -7.866057e-001 -4.859652e-001 -3.462216e-001 -5.628226e-001 -6.726006e-001 -1.405927e+000 -3.483467e-001  2.292141e-001 -5.236980e-002  1.698630e+000
-2.234734e+001 -5.138934e+000  1.538687e+000 -4.330360e+000 -5.815795e+000  3.450507e+000 -4.184252e+000 -8.915373e-001 -1.277175e+000 -3.979099e+000  2.425138e-001 -4.449165e+000  5.559314e+001  3.403083e+000  2.081587e-001  4.114024e-001 -1.757837e+000 -1.284066e+000 -2.206981e+000 -2.565855e+000 -1.905396e+000 -2.430378e+000 -1.074759e+000 -5.661100e-001 -2.247171e-001  5.170979e+000  2.001454e+000  3.457786e-001 -4.069620e-001 -8.855517e-001 -4.376090e-001  6.323940e-001 -7.464881e-002  1.990048e-001 -7.004371e-001 -3.933557e-001  1.231030e+000 -7.399985e-001  5.793759e-001
-2.179609e+001 -7.656268e+000 -2.434494e+000 -2.640322e+000 -4.514020e+000 -7.038930e+000 -1.103892e+001 -6.810443e+000 -2.603781e+000 -2.827969e+000  3.371290e+000  1.514951e+000  6.159275e+001  7.534772e+000  1.732236e+000 -9.538319e-001 -3.716416e+000 -1.819800e+000 -4.848386e-001 -6.537150e-001 -1.327181e+000 -3.784907e+000 -1.461795e+000  1.711118e+000 -6.648510e-001  4.527601e+000  1.662502e+000  3.151579e-001 -3.268298e-001 -1.096524e+000 -6.264392e-001  1.923573e+000  3.808899e-001  1.091252e+000 -6.556915e-002 -4.633586e-001  1.571212e+000 -1.175924e+000 -4.916136e-001
-1.087880e+001 -2.978966e+000  3.147765e+000 -2.790221e+000 -5.193390e+000 -4.526917e+000 -5.815182e+000 -1.663021e-001 -8.163745e+000 -4.661092e+000  1.854946e+000 -6.447811e+000  6.342007e+001  8.786633e+000  8.991847e-001 -1.465487e+000 -5.196420e+000 -3.068366e+000  2.359266e+000 -1.360787e+000  1.360448e+000 -2.397881e+000 -2.970559e+000  4.978353e+000 -2.285329e+000  3.332307e+000  1.604352e-002 -2.311862e-001 -2.744985e-001 -8.116024e-001 -7.231264e-001  1.726325e+000  1.972521e-001  1.020012e+000  8.141538e-001 -4.341202e-001  1.392550e+000 -5.736693e-001 -8.900237e-001
 6.403716e+000  8.912220e-001 -6.027871e+000 -1.849219e+001 -1.242858e+001  2.079373e+000 -5.426134e+000 -1.631398e-001 -1.012976e+001 -9.984694e+000  1.018067e+001 -3.582760e+000  6.648808e+001  7.443168e+000  7.417198e-001 -1.109836e+000 -5.874068e+000 -4.168828e+000  5.070522e+000 -1.017661e+000  2.486223e+000 -1.228414e+000 -3.047419e+000  5.064942e+000 -2.977640e+000  2.434563e+000 -1.997631e+000 -5.916076e-001  5.303127e-001  4.188614e-001 -5.886576e-002  4.837473e-001  1.351996e-001  4.754783e-001  1.233651e+000  1.399416e-001  3.122950e-002 -1.797249e-001 -9.296056e-001
 7.485925e+000 -4.916755e+000 -3.992058e+000 -2.238653e+001 -1.720034e+001  1.068768e+001 -1.379458e+001  2.587049e+000 -9.503590e+000 -1.525353e+001  2.172959e+001 -1.332695e+001  6.980701e+001  3.529103e+000 -4.525144e-001 -8.830881e-001 -4.737022e+000 -3.725184e+000  3.646965e+000 -1.397621e+000  1.287960e+000  3.621446e-001 -2.452548e+000  4.719729e+000 -1.936669e+000  1.767380e+000 -2.435849e+000 -1.479623e-001  8.055735e-001  1.195076e+000  7.302759e-001 -1.045837e+000  8.245916e-001 -3.656109e-001  1.009867e+000  5.258508e-001 -1.152927e+000  4.498994e-001 -9.042244e-001
 6.237390e+000 -2.978774e+000 -4.413760e+000 -2.221251e+001 -1.935468e+001  1.070638e+001 -1.213752e+001  4.243999e+000 -8.075928e+000 -1.276884e+001  1.875868e+001 -9.933678e+000  7.057210e+001  1.753817e-001 -5.499525e-001  1.406532e+000 -1.851808e+000 -1.785720e+000  1.290048e+000  4.069996e-002  1.086454e+000  1.003335e+000 -1.021093e+000  1.996578e+000 -1.737805e+000  6.620369e-001 -1.713464e+000  1.446365e-001  7.388521e-001  1.314987e+000  1.131169e+000 -1.708253e+000  9.400801e-001 -5.503895e-001  6.100677e-001  3.892432e-001 -1.183057e+000  5.212035e-001 -8.170756e-001
 6.849878e+000 -3.306539e+000 -2.074731e+000 -2.461517e+001 -2.035626e+001  9.394403e+000 -9.447595e+000  4.069926e+000 -7.379938e+000 -1.553176e+001  2.116459e+001 -1.295570e+001  7.021497e+001  2.412789e-001  8.052095e-001  1.304197e+000 -1.232170e+000 -6.085405e-001 -9.796818e-001  2.232990e+000  2.322776e-001  1.535580e+000 -1.354468e+000  7.479008e-001 -6.557494e-001 -3.025520e-001 -5.818238e-001  4.044428e-001  4.284661e-001  9.082340e-001  9.191061e-001 -1.174306e+000  6.355406e-001 -1.521817e-001 -2.222332e-002  3.613723e-001 -1.059107e+000  5.201094e-001 -6.123142e-001
 7.598648e+000 -2.663648e+000  4.612758e-002 -2.663691e+001 -1.977923e+001  9.176254e+000 -7.396127e+000  4.527692e+000 -6.174908e+000 -1.495105e+001  2.044606e+001 -1.245741e+001  6.959429e+001  5.197582e-001  8.360404e-001  1.490783e+000 -1.051559e+000 -7.130317e-002 -1.157421e+000  1.867434e+000  2.621166e-001  1.235207e+000 -1.650242e+000  1.135573e+000 -1.012083e+000 -6.158493e-001  5.578474e-002  2.300825e-001 -9.344940e-002  3.836747e-001  3.775618e-001 -3.994651e-001 -1.598070e-001  1.142902e-001 -4.391518e-001  3.415900e-001 -6.494149e-001  6.411507e-001 -2.852531e-001
 8.011691e+000 -1.048271e+000  2.989823e-001 -2.633518e+001 -2.003078e+001  6.554337e+000 -5.000326e+000  3.606591e+000 -2.776199e+000 -2.093477e+001  2.462540e+001 -1.534383e+001  6.878316e+001  4.477958e-001  8.767035e-001  1.217117e+000 -5.959768e-001  1.313820e-002 -1.000828e+000  8.667146e-001  9.392201e-001  1.350923e-001 -3.311118e-001 -1.453052e-001  3.010168e-001 -6.552483e-001  3.200148e-002 -1.501191e-001 -1.863416e-001  3.877404e-001 -6.867854e-002  2.979865e-001 -8.526562e-001  4.662205e-001 -6.213865e-001  4.757522e-001 -5.186760e-001  5.000719e-001 -6.284675e-002
 8.255275e+000  7.229358e-002  1.853296e+000 -2.661030e+001 -1.987394e+001  6.339308e+000 -5.023984e+000  5.786251e+000 -4.201764e+000 -1.831855e+001  2.270614e+001 -1.380002e+001  6.820876e+001  3.510469e-001  5.647132e-001  9.828253e-001 -2.515310e-001 -2.087505e-001 -6.967041e-001 -7.519741e-002  1.304434e+000 -4.921795e-001  1.751793e-001 -8.038939e-001  9.895649e-001 -5.878807e-001 -2.616633e-002 -1.646862e-001 -3.576966e-001  4.795731e-001 -2.417137e-001  3.454142e-001 -6.586213e-001  3.645989e-001 -1.901691e-001  1.159644e-001 -3.818430e-001  2.778484e-001 -2.721250e-003
 8.760544e+000 -2.909929e-001  3.107270e+000 -2.760836e+001 -2.024321e+001  5.808735e+000 -6.300093e+000  8.136747e+000 -7.691049e+000 -1.550357e+001  1.930802e+001 -1.077931e+001  6.763149e+001  4.856420e-001  1.902775e-001  6.264677e-001  3.065186e-001 -8.832096e-001  2.798922e-001 -1.058975e+000  2.042222e+000 -7.076591e-001  1.115818e-001 -8.757458e-001  8.437864e-001 -6.307701e-001 -2.040604e-002 -1.158275e-001 -4.063550e-001  4.995335e-001 -1.453407e-001  1.922504e-001 -1.325040e-001  3.358326e-002  4.707945e-001 -4.369189e-001  4.405840e-002 -1.687273e-001 -2.951622e-005
 8.979456e+000 -2.187213e-001  3.556110e+000 -2.725797e+001 -2.071676e+001  6.065535e+000 -7.122231e+000  8.784783e+000 -6.178381e+000 -1.679075e+001  1.908528e+001 -9.791851e+000  6.723072e+001  3.700035e-001  3.558226e-001 -2.375746e-003  8.950586e-001 -8.316976e-001 -7.071023e-002 -4.628276e-001  1.533610e+000  7.057371e-001 -1.291767e+000 -4.084221e-001  1.057747e-001 -6.416947e-001 -1.277992e-002 -1.025785e-001 -3.498145e-001  3.730652e-001  1.544039e-001  2.641717e-002  2.336643e-001 -2.384063e-001  7.452124e-001 -5.132322e-001  2.259792e-001 -2.878298e-001  1.344910e-002
 1.007781e+001  4.862433e-002  2.579914e+000 -2.447875e+001 -2.402541e+001  8.090685e+000 -9.246077e+000  1.231843e+001 -5.326186e+000 -2.114076e+001  2.205710e+001 -1.312899e+001  6.611832e+001  3.362873e-001  4.020115e-001 -3.220575e-001  1.328396e+000 -4.020916e-001 -3.525730e-001  3.980094e-001  9.925481e-001  1.890107e+000 -1.782233e+000 -1.227491e-001 -1.007245e-001 -6.284889e-001 -3.843492e-003 -2.187149e-001 -2.297618e-001  5.119658e-002  5.768144e-001 -6.685656e-002  2.717393e-001 -4.699339e-001  5.780875e-001 -1.884782e-001  1.352986e-001  5.635922e-002  6.718200e-002
 9.446659e+000  1.681598e+000  2.105096e+000 -2.369981e+001 -2.214133e+001  4.844782e+000 -5.865131e+000  1.136346e+001 -1.855509e+000 -2.195878e+001  1.928949e+001 -1.209631e+001  6.575687e+001  3.618247e-001 -5.404612e-002 -2.919846e-001  1.102856e+000  3.227100e-001 -2.483857e-001  3.646320e-001  6.372392e-001  1.934999e+000 -1.444074e+000 -5.049610e-002  2.267151e-002 -5.217758e-001  3.824032e-002 -4.105578e-001 -1.892475e-001 -2.163789e-001  7.382090e-001  1.326524e-001 -3.053516e-002 -3.851498e-001 -1.692488e-002  1.833796e-001  1.219505e-001  4.359671e-001  1.338861e-001
 1.020838e+001  7.689053e-001  2.222490e+000 -2.274545e+001 -2.154139e+001  4.656247e+000 -4.938596e+000  1.181015e+001 -4.019518e-001 -2.183072e+001  1.859217e+001 -1.013070e+001  6.522598e+001  4.705139e-001 -6.983626e-001 -3.775367e-001  4.586027e-001  1.423658e+000  3.444710e-002 -1.140080e-001  1.407379e-001  1.568147e+000 -7.546558e-001 -3.782160e-001  1.167134e+000 -3.548195e-001  5.139625e-003 -3.950641e-001 -3.138174e-001 -3.025771e-001  6.592694e-001  2.751579e-001 -1.895171e-001 -2.737871e-001 -4.554589e-001  1.528904e-001  2.895693e-001  4.285253e-001  1.951945e-001
 1.072330e+001 -8.490924e-001  2.274899e+000 -2.261034e+001 -2.034522e+001  6.540825e+000 -7.452811e+000  1.222512e+001  1.034500e+000 -2.366615e+001  2.056527e+001 -1.117764e+001  6.506802e+001  4.940918e-001 -1.146779e+000 -9.208739e-001  2.480606e-001  1.946472e+000  3.990416e-001 -3.594947e-001  3.376665e-002  7.820923e-001 -8.886577e-001  3.290640e-001  1.651681e+000 -1.090988e-001 -9.175634e-002 -1.611435e-001 -4.468752e-001 -1.403359e-001  3.309723e-001  1.254185e-001  1.194938e-001 -1.548819e-001 -4.604693e-001 -2.575414e-001  4.728653e-001  2.547715e-001  2.236640e-001
 1.179206e+001 -2.177844e+000  6.073290e-001 -2.273047e+001 -1.780517e+001  7.414899e+000 -9.022277e+000  1.259129e+001  1.069546e+000 -2.406036e+001  1.952813e+001 -7.752655e+000  6.468865e+001  2.958519e-001 -1.026942e+000 -1.576700e+000  2.429085e-001  2.082374e+000  6.995029e-001 -1.875124e-001 -7.465124e-002  1.892656e-001 -1.295489e+000  1.135317e+000  1.227397e+000  1.411453e-001 -1.804534e-001  2.768711e-002 -4.309995e-001  1.200602e-001  2.129080e-002 -9.810355e-002  2.971713e-001  1.432532e-002 -2.332149e-001 -4.262286e-001  4.339625e-001 -1.878870e-001  2.232220e-001
 1.112528e+001 -2.578924e+000 -1.691693e+000 -2.246700e+001 -1.427707e+001  5.460664e+000 -5.620764e+000  1.114172e+001  1.319203e+000 -2.528725e+001  2.046683e+001 -5.026931e+000  6.548003e+001 -9.626007e-003 -6.954740e-001 -1.926779e+000  5.090235e-001  1.648214e+000  4.617910e-002  9.988533e-001 -2.947578e-002  3.220938e-001 -2.461365e+000  1.557064e+000  1.266398e+000  3.485619e-001 -1.947573e-001  8.422516e-002 -2.578439e-001  2.631117e-001  2.880807e-002 -3.250740e-001 -1.124961e-002  1.259553e-001  7.830236e-002 -2.449903e-002 -7.369077e-002 -3.524813e-001  1.721861e-001
 1.148665e+001 -3.500890e+000 -3.677713e+000 -2.160258e+001 -1.416359e+001  8.693842e+000 -6.792181e+000  1.197859e+001  4.020244e-001 -2.749761e+001  2.431798e+001 -7.069068e+000  6.572569e+001 -1.798942e-001 -7.855797e-001 -2.029582e+000  9.284222e-001  1.679242e+000 -2.796394e-001  6.926746e-001  2.439857e-001  6.320721e-001 -2.099445e+000  1.177596e+000  4.203406e-001  5.324600e-001 -1.294747e-001  6.502432e-002 -5.506499e-002  3.174579e-001  2.672228e-001 -6.152391e-001 -4.988548e-001  1.699895e-001  3.048603e-001  6.382883e-001 -5.850011e-001 -3.426988e-001  6.853531e-002
 1.082787e+001 -3.664939e+000 -5.216476e+000 -2.062917e+001 -1.392495e+001  6.132249e+000 -3.573592e+000  1.238409e+001  2.978729e+000 -3.425434e+001  2.595566e+001 -5.187441e+000  6.629230e+001 -2.418217e-001 -8.463348e-001 -1.983653e+000  1.220862e+000  2.292079e+000 -7.367570e-001 -8.558363e-001  5.042249e-001  9.522009e-001 -6.091749e-001 -6.052952e-002  2.928028e-001  5.561745e-001 -2.140856e-002  4.851380e-002  8.977065e-002  2.043592e-001  4.992514e-001 -4.169896e-001 -1.093839e+000  1.094652e-001  1.872410e-001  1.427974e+000 -8.266339e-001 -3.789896e-001 -5.077378e-002
 1.104129e+001 -5.562735e+000 -7.778187e+000 -1.900728e+001 -9.585029e+000  5.680909e+000 -6.582489e+000  1.319004e+001  3.400143e+000 -3.007404e+001  2.267170e+001 -5.570696e+000  6.694482e+001 -2.354236e-001 -6.263903e-001 -1.823588e+000  1.474279e+000  3.096555e+000 -1.985225e+000 -1.754442e+000  5.084460e-001  1.398513e+000  9.698570e-001 -9.808912e-001  7.008553e-004  3.800156e-001  6.145194e-002  1.119849e-001  1.812236e-001 -1.491251e-002  4.402891e-001 -8.367734e-002 -1.143977e+000 -2.363377e-002  9.489345e-003  1.451732e+000 -6.560534e-001 -3.064377e-001 -1.496146e-001
 1.013885e+001 -5.779676e+000 -9.559719e+000 -1.766034e+001 -5.105959e+000  3.283346e+000 -1.000479e+001  1.305713e+001  4.581148e+000 -2.704491e+001  2.098732e+001 -4.312103e+000  6.765134e+001 -8.890410e-002 -5.324997e-001 -1.580923e+000  1.257891e+000  3.435814e+000 -1.185976e+000 -3.246786e+000  3.856202e-001  8.750783e-001  3.143857e+000 -1.496861e+000 -4.187306e-001  1.709152e-001  1.101637e-001  1.345054e-001  1.002098e-001 -8.161159e-002  1.302872e-001  2.811358e-001 -7.907920e-001 -1.243552e-001 -1.739750e-001  1.174537e+000 -4.446204e-001 -4.346839e-001 -1.726519e-001
 1.065404e+001 -5.575473e+000 -1.062403e+001 -1.571560e+001 -3.090307e+000  1.921707e-001 -1.234879e+001  1.418431e+001  6.593382e+000 -2.625304e+001  2.189769e+001 -7.503233e+000  6.694625e+001  5.090676e-002 -3.825727e-001 -1.324829e+000  8.353450e-001  3.308820e+000 -4.734165e-001 -3.831736e+000  1.851192e-001  7.180801e-001  3.282701e+000 -1.384505e+000 -7.560812e-001 -2.298355e-002  1.329902e-001  9.119996e-002 -1.024179e-001  2.986331e-002 -2.043396e-001  4.782811e-001 -3.982295e-001 -1.270311e-001 -2.747749e-001  9.133925e-001 -7.027135e-001 -2.046211e-001 -1.420522e-001
 1.057698e+001 -6.321068e+000 -1.169817e+001 -1.598555e+001  6.762243e-003  2.946738e+000 -1.692437e+001  1.381506e+001  5.757502e+000 -2.044556e+001  1.885836e+001 -6.314826e+000  6.714616e+001  1.658318e-001 -2.957166e-001 -1.731983e+000  1.132271e+000  2.837383e+000 -8.698221e-002 -3.771149e+000  4.411221e-002  4.225426e-001  4.107088e+000 -2.081825e+000 -1.502226e+000 -1.055855e-001  1.101923e-001  6.363280e-002 -1.316326e-001  2.057030e-001 -4.413516e-001  5.225444e-003  3.667982e-001 -1.143923e-001 -2.151250e-001  5.138085e-001 -8.761966e-001 -4.100108e-003 -1.160079e-001
 1.107676e+001 -7.204902e+000 -1.333311e+001 -1.566795e+001  4.402708e+000  3.482130e+000 -2.228138e+001  1.373667e+001  6.402367e+000 -1.696021e+001  1.681366e+001 -8.349741e+000  6.708249e+001  3.021593e-001 -2.887820e-001 -2.260147e+000  1.686405e+000  2.374073e+000 -1.433160e-001 -3.483407e+000  4.404478e-002  2.509068e-001  5.055204e+000 -4.201977e+000 -4.806569e-001 -1.919952e-001  6.602424e-002  8.692685e-002 -2.537487e-002  2.607654e-001 -5.260002e-001 -4.443881e-001  9.569720e-001 -1.239525e-001 -2.526615e-001  2.776670e-001 -7.693201e-001  1.918309e-001 -1.216157e-001
 1.075665e+001 -6.443544e+000 -1.686510e+001 -1.202281e+001  5.334448e+000  1.203455e+000 -2.389424e+001  1.350151e+001  6.789369e+000 -1.115589e+001  1.312021e+001 -1.139998e+001  6.705530e+001  3.364312e-001 -2.612310e-001 -1.771426e+000  1.860876e+000  1.696429e+000 -1.324899e+000 -1.586959e+000 -1.158038e-001  3.304010e-002  4.826647e+000 -4.469108e+000 -5.769433e-001 -3.246185e-001  3.566713e-002  8.009989e-002  2.963317e-001  1.965332e-003 -4.027885e-001 -6.304463e-001  9.970306e-001  6.204304e-002 -4.064494e-001 -3.415880e-001  4.083014e-002  1.064790e-001 -1.455480e-001
 1.207501e+001 -6.958145e+000 -1.934130e+001 -9.264943e+000  6.116214e+000  3.472322e-001 -2.628089e+001  1.456131e+001  7.331983e+000 -5.621859e+000  3.756880e+000 -7.363942e+000  6.603171e+001  2.957282e-001  3.481870e-002 -1.431981e+000  1.774869e+000  1.249295e+000 -2.076398e+000 -1.389713e-001 -3.546855e-001 -3.504761e-001  4.311256e+000 -4.037464e+000 -2.595676e-001 -5.215454e-001 -1.816008e-001  1.690938e-001  6.561697e-001 -1.591282e-001 -4.223615e-001 -4.263893e-001  7.546214e-001  2.059913e-001 -4.049278e-001 -1.101809e+000  1.215771e+000 -4.195217e-001 -1.071588e-001
 1.176001e+001 -7.750602e+000 -1.755120e+001 -9.882674e+000  7.632156e+000 -2.110309e+000 -2.285941e+001  1.282372e+001  5.457894e+000 -1.981500e+000  3.041206e+000 -9.692442e+000  6.604846e+001  3.473829e-001 -5.701752e-002 -6.644074e-001  1.097866e+000  1.385829e+000 -2.272672e+000 -4.582144e-001  5.536925e-001 -1.309013e+000  2.771122e+000 -1.959931e+000 -1.080375e+000 -6.685501e-001 -3.155019e-001  1.443354e-001  5.926594e-001  1.330729e-001 -3.727422e-001 -6.120969e-002  2.670710e-001  4.289027e-001 -2.602837e-001 -1.249551e+000  1.305337e+000 -3.237085e-001 -7.093406e-002
 1.205372e+001 -6.377280e+000 -2.014996e+001 -7.863674e+000  9.500330e+000 -5.242980e+000 -2.349365e+001  1.230213e+001  5.315724e+000  8.877078e-003  1.665840e+000 -1.050135e+001  6.497818e+001 -6.113207e-001  4.545803e-001  4.671917e-001  1.272270e+000  4.175656e-001 -1.801376e+000 -2.746725e-001  7.392529e-001 -1.102705e+000  5.739208e-001  6.222883e-001 -2.326549e+000 -5.558235e-001 -4.445618e-001  6.994785e-002  7.548314e-001  5.020524e-001 -5.103833e-001  4.382509e-001  2.599188e-001  4.159411e-001  5.106771e-002 -1.256794e+000  8.764889e-001 -1.207445e-001 -7.588394e-002
 1.250420e+001 -7.019064e+000 -1.978280e+001 -7.234118e+000  1.057154e+001 -7.364800e+000 -2.757893e+001  1.739956e+001  1.252433e+000 -1.156444e-001  4.366078e+000 -1.523315e+001  6.423931e+001 -7.875540e-001  2.505653e-001  2.422842e-001  2.777540e+000  2.485831e-001 -1.768459e+000 -1.837530e-001  1.481741e+000 -8.922639e-001  4.475610e-001 -2.722985e-001 -1.161995e+000 -6.621498e-001 -5.008776e-001  1.794470e-001  7.533159e-001  6.820459e-001 -3.590578e-001  8.360416e-001  4.415826e-001  2.346113e-001  3.605068e-001 -1.051670e+000  5.882971e-002  5.602124e-001 -1.807627e-001
 8.646306e+000 -5.051012e+000 -1.588954e+001 -4.227873e+000  6.734352e+000 -6.032402e+000 -2.529449e+001  1.596965e+001  3.921186e+000 -3.685183e+000  6.205886e+000 -1.622633e+001  6.415717e+001 -1.359612e+000  2.307665e-001  1.888830e+000  3.445294e+000 -7.339983e-001 -1.372507e-001  1.023392e+000  1.260996e+000 -3.035121e-001 -8.109350e-001 -4.988358e-001 -8.224800e-001 -9.041653e-001 -3.055063e-001  1.047154e-001  6.225833e-001  5.352817e-001  1.342533e-001  9.241873e-001  8.413443e-001  3.742532e-001  2.182731e-001 -8.305341e-001 -4.559101e-001  9.334257e-001 -3.723198e-001
 9.525948e+000 -7.160910e+000 -1.846999e+001  2.187127e+000  1.025806e+001 -1.055789e+001 -2.287775e+001  1.839866e+001  1.693844e+000  2.103335e+000 -5.903093e-001 -1.263992e+001  6.314822e+001 -1.782859e+000  9.521242e-001  2.391353e+000  3.421583e+000  1.663220e-001  1.075473e+000  1.100666e+000  1.465878e+000  9.392433e-002 -1.794802e+000 -1.105221e+000  9.686521e-001 -1.398193e+000 -2.244408e-001  1.006862e-001  6.896042e-001  9.950578e-002  9.180760e-002  8.665850e-001  1.139854e+000  3.849033e-001  1.166469e-001 -9.820140e-001 -2.528260e-001  6.156764e-001 -4.303399e-001
 6.744785e+000 -5.152524e+000 -1.136222e+001  4.652174e+000  5.987076e+000 -4.332688e+000 -2.072728e+001  1.810756e+001  3.577458e+000 -5.155288e+000  1.649855e+000 -1.591036e+001  6.100290e+001 -1.641200e+000  6.273776e-001  2.505574e+000  3.626657e+000  1.129963e+000  1.397594e+000  3.289839e+000  2.618451e+000 -5.044341e-001 -2.457568e+000 -1.240801e+000  1.275255e+000 -2.049401e+000  1.290679e-004 -1.565939e-001  1.494858e-001 -9.984815e-002  1.000799e-001  3.313243e-001  8.641419e-001 -4.820621e-003 -1.381551e-001 -1.836531e-001 -1.442104e-001  4.214542e-001 -3.156005e-001
 4.540666e+000 -2.207687e+000 -1.008970e+001  5.433774e+000  1.177678e+001 -2.837290e+000 -2.435921e+001  2.365999e+001  1.893919e+000 -8.354603e+000  1.117991e+000 -1.054788e+001  5.882548e+001 -1.768964e+000  5.556906e-001  3.381933e+000  3.184388e+000 -2.243594e-001  1.797044e+000  4.382292e+000  2.727530e+000 -2.085682e-001 -3.639192e+000 -1.165446e+000  8.675192e-001 -2.241231e+000  2.328454e-002 -4.303578e-001 -7.807684e-003 -4.167667e-001 -5.998250e-001  1.306447e-001  4.397221e-001 -7.577061e-001 -2.249063e-002  7.075859e-001  9.735831e-002 -1.926517e-002 -1.153951e-001
 2.932948e+000 -4.390735e+000 -7.551816e+000  1.228209e+001  1.162480e+001 -2.904731e+000 -8.104568e+000  2.643124e+001  1.298978e+000 -1.074405e+001 -8.522711e-001 -1.089608e+001  5.607153e+001 -1.365915e+000 -3.539861e-001  2.140969e+000  3.064651e+000 -3.825798e-002  1.158586e+000  3.703289e+000  6.060667e-001 -8.430415e-001 -8.070057e-001 -1.189775e+000  1.335357e+000 -2.060648e+000 -7.236552e-002 -4.966192e-001 -1.241494e-001 -1.235270e+000 -9.174082e-001 -1.320727e-001 -9.296122e-001 -1.233818e+000  6.455309e-001  1.221875e+000 -1.118599e-001 -1.374833e-001  3.440785e-002
 2.587045e+000 -4.763351e+000 -3.465523e+000  1.429411e+001  6.317400e+000 -2.286652e+000 -7.277652e+000  2.787447e+001  1.790243e+000 -1.329824e+001 -5.166474e+000 -1.080947e+001  5.440775e+001 -1.804079e+000 -7.089829e-001  2.534617e+000  1.618752e+000 -2.248693e+000  1.848201e+000  3.092552e+000 -1.316461e+000  1.507749e-001  9.178463e-001 -6.439420e-001  8.422753e-001 -1.969545e+000 -1.453604e-001 -6.702830e-001 -4.117461e-001 -1.816954e+000 -6.972347e-001 -3.177249e-001 -1.407727e+000 -1.289399e+000  9.309450e-001  1.148647e+000 -4.893380e-001 -3.396608e-001  3.041415e-002
 8.920230e-001 -5.644623e+000 -3.969460e+000  1.554526e+001  8.525478e+000  1.184923e+000 -1.075162e+001  1.903065e+001 -5.859116e-001 -6.718496e+000 -1.156790e+000 -9.102778e+000  5.290852e+001 -1.985470e+000 -1.223382e+000  2.308485e+000 -1.766874e+000 -2.444911e+000  7.116520e-001 -7.133521e-001 -1.528642e+000  2.543549e+000  1.373286e+000 -2.060853e+000  6.004610e-001 -2.013205e+000 -8.637626e-002 -5.939103e-001 -2.540419e-001 -1.736470e+000 -6.294028e-001 -2.911259e-001 -8.321085e-001 -8.143784e-001  8.259071e-001  2.976684e-001 -7.714091e-001 -5.264549e-001 -1.902239e-002
-3.459268e+000 -5.125658e+000  7.922073e-001  1.189595e+001  2.082984e+000  4.358890e+000 -7.572921e+000  2.077798e+001  3.590238e+000 -5.778151e+000 -1.949460e+000 -7.233151e+000  5.055926e+001 -2.185988e+000 -2.361027e+000  1.239445e+000 -3.484618e+000 -2.507206e+000  4.318863e-001 -4.480245e-001 -2.652109e+000  2.752862e+000  1.013896e+000 -3.176597e+000 -4.633366e-001 -2.112882e+000  1.662097e-001 -4.002716e-001 -4.863676e-001 -6.657743e-001  1.519118e-001 -2.807466e-001 -2.945050e-001 -7.673844e-001 -1.703995e-001 -2.330164e-001 -5.506918e-001 -1.901886e-002 -4.717035e-002
-3.971245e+000 -1.032649e+001  1.861742e+000  4.646796e+000  1.517454e+000 -2.669241e+000 -1.152369e+001  2.233627e+001  1.311672e+001 -7.637672e+000 -1.276504e+001 -9.681933e+000  4.792975e+001 -1.606841e+000 -2.497516e+000  1.518346e+000 -3.066011e+000 -3.056015e+000  4.111138e-001  1.313035e+000 -2.798002e+000  1.985451e+000  6.333115e-001 -3.780493e+000 -6.441110e-001 -2.084092e+000  3.445005e-001  2.367210e-001 -6.655582e-001  5.027189e-001  4.414330e-001  6.994909e-002  4.597537e-001 -5.906227e-001 -1.042600e+000 -2.657154e-001  6.697435e-001  3.851421e-001 -6.799149e-003
-5.911263e+000 -1.422755e+001 -1.838980e-001  2.320252e+000 -2.714620e+000  1.799861e+000 -9.131735e+000  1.296111e+001  8.703234e+000 -7.769175e+000 -1.524533e+001 -1.283657e+001  4.633273e+001 -1.162345e+000 -2.073274e+000  4.978486e-001 -1.060551e+000 -1.183582e+000  5.947374e-001  6.068336e-001 -4.518703e+000 -4.221735e-001  1.227516e-001 -2.537580e+000  1.369467e+000 -2.169953e+000  4.384786e-001  9.396984e-001 -7.573792e-001  7.138832e-001  6.239065e-001 -4.399054e-001  3.310921e-001  2.924848e-001 -9.544604e-001  3.923598e-003  1.437643e+000  5.322939e-001  4.762964e-002
-5.916186e+000 -1.358125e+001  4.110322e+000  5.003053e+000 -4.355795e+000  4.520006e+000 -3.407035e+000  8.949077e+000  6.784844e+000 -2.556427e+000 -1.341132e+001 -9.521623e+000  4.460133e+001 -7.747888e-001 -1.836529e-001 -6.485080e-001 -4.653137e-001 -8.995588e-001  9.799719e-001  1.057987e+000 -3.548459e+000 -1.081933e+000  4.902810e-001  9.683569e-001  1.609770e+000 -2.018665e+000  3.347071e-001  1.193992e+000 -8.787409e-001  3.613466e-001  8.684444e-001 -8.141814e-001  1.278394e-001  1.148746e+000 -2.572887e-001 -2.372933e-002  1.308267e+000 -1.440531e-002  1.289719e-001
-8.298523e+000 -1.386465e+001  2.157160e+000  6.415066e+000 -8.983010e-001  3.737953e+000 -8.597083e+000  4.878063e+000  4.645310e+000 -7.705016e+000 -1.431422e+001 -4.659717e-001  4.137370e+001 -4.096219e-001  1.180534e+000 -1.464024e+000 -1.215551e+000 -4.659021e-001 -2.052070e+000  1.334960e+000 -8.144563e-001 -4.857484e-001  1.105029e+000  1.637195e+000  1.071193e+000 -1.907447e+000  3.168555e-001  1.145615e+000 -3.911427e-001  1.755795e-001  7.806109e-001 -6.402125e-001  4.567471e-001  1.635613e+000  3.749039e-001 -2.835901e-002  6.120288e-001 -7.435660e-001  2.892935e-001
-6.651559e+000 -1.142621e+001 -2.551327e+000  2.728208e-001 -3.888500e+000  1.261572e+000 -6.501084e+000  8.635506e+000  9.736020e+000 -5.218347e+000 -8.388812e+000 -7.818385e+000  4.031593e+001 -3.096678e-001  1.845539e+000 -1.894422e+000 -1.181778e+000  9.273669e-001 -2.336390e+000  1.588169e+000  1.093605e+000  7.307947e-001  2.352598e-002  6.734554e-001 -5.670003e-001 -1.570485e+000  1.409327e-001  6.063635e-001  2.637269e-001  5.389393e-001  9.373336e-001  6.085850e-002  3.481462e-001  9.921911e-001  1.985017e-001 -4.379480e-001 -3.499183e-001 -4.216744e-001  2.986736e-001
-7.591686e+000 -9.402406e+000 -4.173193e+000 -1.392389e+000 -5.277778e+000 -6.831271e+000 -9.099116e-001  9.045618e+000  4.798904e+000 -9.130681e-001 -9.570616e+000 -8.332230e+000  3.893819e+001  1.893718e-001  2.640205e+000 -8.349077e-001  1.755787e-001  1.806010e+000 -9.481443e-001  2.625479e+000  1.338328e+000  5.459822e-001  2.143341e-001  6.700143e-001 -1.259978e+000 -9.475757e-001 -8.033028e-003  1.190654e-001  5.522096e-001  6.087050e-001  5.029089e-001  1.048805e+000 -9.816758e-002 -1.122296e-001 -3.301800e-001 -7.203701e-001 -6.450663e-001  1.040641e-001  2.695411e-001
-7.817943e+000 -6.584682e+000 -2.196614e+000  2.997890e+000  2.470778e+000 -1.877331e+000  6.902229e-001  1.233332e+001  1.036202e+001 -5.834771e+000 -1.241585e+001 -8.423495e+000  3.796666e+001 -3.696219e-001  2.118329e+000  3.555687e-001  1.533818e+000  2.651153e+000  7.323017e-001  2.153459e+000  3.361044e-001 -6.052900e-001 -1.254112e+000 -2.976444e-001  6.669829e-001 -1.005233e+000 -1.215069e-001 -3.981315e-001  3.711685e-001  1.575788e-001 -5.476977e-001  7.085724e-001 -5.483200e-001 -7.583485e-001 -5.809861e-001 -5.083365e-002 -3.015661e-001  9.070210e-001  1.955051e-001
-6.768472e+000 -3.084383e+000 -2.194735e+000  5.930425e+000  4.952109e+000  5.666830e-001  9.346554e-001  9.720797e+000  7.062222e+000 -6.325134e+000 -8.950634e+000 -6.463307e+000  3.781046e+001 -4.198100e-001  1.639466e+000  1.720288e-001  4.701760e-001  1.186750e+000  1.657611e+000  5.614767e-001 -9.968543e-001 -1.468606e+000 -1.858003e+000 -1.102587e+000  9.745215e-001 -8.423675e-001 -1.972072e-001 -8.430911e-001 -5.662838e-002 -4.071792e-001 -1.229714e+000 -1.920986e-001 -6.942753e-001 -5.251498e-001 -1.890621e-001  4.911096e-001  1.423397e-001  8.137976e-001  1.578468e-001
-8.911276e+000 -3.993573e+000 -1.762712e+000  4.280502e+000  4.252322e+000  1.224104e+000  3.343927e+000  9.978438e+000  5.577911e+000 -8.782871e+000 -1.018703e+001 -5.417932e+000  3.585363e+001 -6.126112e-001  3.552505e-001 -5.420482e-001 -5.411828e-001 -1.501491e+000 -9.640506e-002 -1.214303e-001 -1.530546e+000 -1.166842e+000  8.055260e-001  5.192566e-002  2.850855e+000 -6.455639e-001 -1.498720e-003 -8.340603e-001 -3.682341e-001 -4.169008e-001 -1.162191e+000 -8.562575e-001 -4.761320e-001  2.970256e-002  1.640433e-001  7.408354e-001  4.910379e-001 -2.310400e-001  2.979243e-001
-9.144070e+000 -2.500631e+000 -3.529999e+000  3.171853e-001 -2.348021e-001 -9.393468e-002  5.706197e-001  5.238789e+000 -1.520704e-001 -8.729031e+000 -1.619796e+001 -4.962404e+000  3.578287e+001 -6.751693e-001 -6.937112e-001 -6.692412e-001 -8.228169e-001 -2.266237e+000 -1.494284e+000  2.915467e-001 -3.540954e-001 -1.185522e-001  1.640063e+000  1.206928e+000  1.717074e+000 -3.381763e-001  1.193157e-001 -6.299174e-001 -3.042730e-001  2.446322e-002 -2.699379e-001 -1.109998e+000 -2.252066e-001  4.488336e-001  2.095267e-001  2.926014e-001  5.665751e-001 -8.848104e-001  2.999683e-001
-9.693200e+000 -5.100306e+000 -4.239223e+000  3.098596e+000 -2.443223e+000 -2.029047e+000  2.650893e-001  6.921596e+000  8.134957e+000 -6.051921e-001 -8.532554e+000  5.080327e+000  3.575264e+001 -2.494358e-001 -8.853836e-001 -1.064967e+000  9.580982e-002 -1.433310e+000 -1.973039e+000 -9.223589e-002  1.632377e-001 -4.601002e-001  7.010328e-001  1.002788e+000 -8.594932e-001  2.322929e-001  2.643543e-001 -2.050547e-002 -1.341919e-001  1.845033e-001  6.243904e-001 -5.453693e-001 -2.422150e-001  4.067092e-001 -2.774623e-001 -7.593659e-001 -2.326105e-001 -1.178000e+000  1.965310e-001
-9.753357e+000 -5.999573e+000 -4.302686e+000  2.407294e+000 -3.031302e+000 -5.278161e+000  3.931808e+000  9.478741e+000  5.190938e+000 -2.213656e+000 -3.743230e+000 -3.127067e+000  3.617007e+001 -4.819202e-003 -8.898041e-001 -1.087877e+000  2.739958e-001 -1.970307e-001 -2.954062e+000 -5.791535e-001  4.004219e-001 -7.743428e-001 -3.427489e-001  1.254857e+000 -1.594356e+000  2.185455e-001  2.398995e-001  3.773429e-001 -5.582500e-002  2.995483e-002  7.071676e-001  2.427360e-002 -6.168774e-001 -1.607564e-001 -5.262209e-001 -8.909825e-001 -7.921109e-001 -2.552838e-002  1.539837e-002
-9.853811e+000 -6.671020e+000 -6.701203e+000  3.714497e+000 -1.515977e+000 -6.048976e+000  1.202154e+000  8.674651e+000  6.059064e-001 -8.535395e+000 -1.140045e+001 -1.063307e+001  3.682150e+001  3.739855e-001  3.507696e-001 -1.003690e+000 -1.670728e-001  5.858574e-001 -2.093363e+000 -8.971552e-001  1.257412e-001 -2.226258e+000 -1.999897e+000 -1.135091e+000 -1.383428e+000  5.872994e-002 -3.369446e-002  4.620133e-001  3.297616e-001 -3.945361e-001  5.768243e-001  6.162003e-001 -3.884113e-001 -4.694239e-001 -1.155042e-001 -2.516608e-001 -6.165614e-001  1.081604e+000 -1.154149e-001
-9.087860e+000 -6.164294e+000 -7.738392e+000  1.379214e+000 -1.683578e+000 -1.285428e+001 -2.793680e+000  6.364371e+000 -2.592592e-001 -6.477674e+000 -8.489727e+000 -5.077489e+000  3.634117e+001  2.126175e-001  5.749266e-001 -9.790047e-001 -5.416014e-001  2.600177e-001 -1.312754e+000 -2.390381e+000 -1.139129e+000 -1.866578e+000 -1.464384e+000 -1.684687e+000  1.851400e+000 -1.744030e-001 -1.558757e-001  3.557710e-001  4.494751e-001 -5.201566e-001  1.192044e-001  1.162495e+000  3.406656e-001 -1.721033e-001  3.670475e-001  4.102149e-001 -4.443177e-001  6.968715e-001 -6.640499e-002
-8.156021e+000 -3.264097e+000 -7.539819e+000  2.777272e+000 -1.877973e-001 -8.707802e+000 -8.579425e-001  9.107487e+000 -2.712354e-001 -8.472671e+000 -1.183476e+001 -8.616033e-001  3.596074e+001 -5.266265e-001  6.923176e-001  5.294053e-001 -1.469072e+000  1.222288e+000  2.873091e-001 -1.128679e+000 -1.414107e+000 -4.915038e-001  3.546190e-003 -6.102475e-001  2.825651e+000 -1.483070e-001 -4.001601e-001 -8.495697e-002  5.784184e-001 -4.891912e-001 -2.604518e-001  7.714676e-001  1.185458e+000  1.947534e-001  7.819000e-001  1.300246e+000  5.052565e-001 -9.406053e-002  1.016889e-001
-9.539165e+000 -4.828402e+000 -8.778402e+000  1.678990e-001 -2.395303e+000 -1.051252e+001 -6.990049e+000  3.566678e+000 -3.703380e+000 -9.566938e+000 -1.194951e+001  1.244200e+000  3.572844e+001 -3.338917e-001  7.182769e-001  3.929515e-001 -1.675788e+000  8.077610e-002  1.668079e+000  1.239936e+000  3.098291e-001  1.935177e-001  7.066037e-001 -1.229153e+000 -2.145389e-001 -9.960937e-003 -6.808170e-001  1.048249e-002  8.444346e-001 -2.574580e-001 -1.922937e-001  1.878062e-001  1.266310e+000  1.826631e-001  4.264173e-001  1.066588e+000  1.064844e+000 -6.053711e-001  5.644117e-001
