31 39
 1.127856e+001  1.101551e+001 -5.603785e+000 -1.133500e+001 -1.605477e+001 -6.831055e+000  6.224340e+000 -6.254075e+000 -1.410082e+001 -3.569337e+000  3.448289e+000 -4.157551e+000  4.606589e+001 -1.106117e+000  2.492043e+000  2.192688e+000  4.075945e-001  1.280741e-001 -1.049648e+000 -9.739655e-001 -2.947892e-001  1.444145e+000 -2.163806e-001 -1.798170e+000  1.147350e+000 -1.627780e+000 -4.185039e-001 -5.322316e-001  1.344369e-001  1.042058e+000  1.145250e+000  7.857630e-003 -1.211327e+000  3.156137e-001  7.525220e-001  1.202378e-001 -2.964439e-001 -1.192889e+000 -2.163053e-002
 1.036892e+001  1.393297e+001 -4.285826e+000 -8.602301e+000 -1.370712e+001 -9.514930e+000  6.276490e+000 -7.364940e+000 -8.510510e+000 -1.097177e+000 -1.605667e-001 -3.348011e+000  4.446498e+001 -1.453673e+000  2.238278e+000  2.068911e+000  1.674916e+000  1.103093e+000  1.374291e-001 -2.446879e+000 -1.454342e-001  2.467471e+000  4.113534e-001 -1.937899e+000 -2.627585e-001 -1.723403e+000 -2.854242e-001 -6.607621e-001 -6.937528e-003  4.958142e-001  7.792965e-001  6.626458e-001 -6.704441e-001  2.495960e-001  1.598035e-001 -1.434641e-001  2.751182e-001 -1.167933e+000  6.280454e-002
 7.677885e+000  1.353109e+001 -3.003016e+000 -6.565092e+000 -8.991005e+000 -9.348981e+000 -1.671540e+000 -9.883416e+000 -6.832358e+000 -3.453499e+000 -3.780639e+000 -3.552788e+000  4.325203e+001 -1.781175e+000  1.168728e+000  2.052484e+000  1.772243e+000  1.822648e+000  8.521391e-001 -3.024744e+000  4.435503e-001  2.510006e+000 -2.416810e-001 -1.247408e+000 -1.514177e+000 -1.503485e+000  7.034461e-002 -5.638915e-001 -2.522480e-001 -1.648938e-001  1.072384e-001  5.786769e-001  2.965219e-001  1.514893e-001 -3.419899e-001 -2.862813e-001  5.238215e-001 -5.666736e-001  2.121119e-001
 6.807484e+000  1.621297e+001  5.088245e-001 -5.003452e+000 -1.010191e+001 -3.541223e+000 -4.273682e+000 -7.152765e+000 -4.287491e+000 -7.075662e-001 -1.845392e+000 -7.898261e+000  4.107376e+001 -1.615822e+000  7.290695e-001  2.089693e+000  9.018965e-001  1.271006e+000  1.852203e+000 -1.268709e+000  5.707225e-001  1.011382e+000 -8.129826e-001  5.539241e-003 -1.957062e+000 -1.385276e+000  4.733782e-001 -4.886415e-001 -6.259850e-001 -6.268565e-001 -3.089187e-001 -1.851860e-001  6.691087e-001 -1.601158e-001 -7.544842e-001 -3.043346e-001  3.919267e-001  4.016778e-001  4.330289e-001
 4.153400e+000  1.571915e+001  2.261308e+000 -4.273215e+000 -8.744136e+000 -5.557213e+000 -3.624295e+000 -4.142411e+000 -3.662299e+000 -4.972548e+000 -1.946340e+000 -9.453313e+000  4.024408e+001 -6.733192e-001  4.271894e-001  9.210564e-001 -3.036480e-002  5.803097e-001  9.863489e-001 -8.044098e-002  1.045791e-001  4.622394e-001 -1.035619e+000 -1.507822e-001 -8.388665e-001 -7.362843e-001  8.575547e-001 -2.440609e-001 -8.185132e-001 -8.464588e-001 -8.294129e-001 -7.050106e-001  4.953329e-001 -1.942779e-001 -5.023468e-001  2.602026e-001  3.433433e-002  9.688064e-001  6.212896e-001
 4.052048e+000  1.648429e+001  3.530477e+000 -5.238757e+000 -7.475517e+000 -2.149798e+000  9.093203e-001 -7.381831e+000 -5.038628e+000 -4.402566e+000 -1.050020e+000 -1.018306e+001  3.904258e+001  3.592903e-001  1.658393e-001 -4.953003e-001 -5.580631e-001  1.796689e-001 -8.556056e-001 -5.734871e-001 -7.765275e-001 -2.810667e-001 -7.133504e-001 -5.265789e-001  1.407975e+000  5.814094e-002  9.183488e-001 -3.554123e-001 -8.438129e-001 -8.140174e-001 -1.220517e+000 -8.695484e-001  2.851956e-001  2.900176e-001  7.173608e-002  7.358644e-001 -3.043251e-001  5.525419e-001  8.166324e-001
 5.689007e+000  1.553137e+001  9.143998e-002 -6.599264e+000 -7.402653e+000 -5.112948e+000 -4.665246e+000 -9.245988e+000 -4.145593e+000 -6.784092e+000 -4.932236e+000 -6.604721e+000  4.058620e+001  1.519042e+000  2.300388e-001 -7.475857e-001 -1.730071e+000 -1.778748e+000 -1.319009e+000 -8.956906e-001  1.457856e-001  6.444969e-001  1.009516e+000 -8.096775e-001  1.647336e+000  8.812546e-001  6.193458e-001 -7.628997e-001 -4.766757e-001 -7.345928e-001 -1.173056e+000 -1.623344e-003  8.132953e-001  7.994043e-001 -3.856945e-002  6.375700e-001 -2.482044e-001 -5.604605e-001  8.386517e-001
 7.836132e+000  1.713605e+001 -8.827428e-001 -6.630744e+000 -9.874308e+000 -8.041383e+000 -6.620642e+000 -8.483614e+000 -5.451178e+000 -3.368546e+000 -2.985338e+000 -2.282682e+000  4.119341e+001  1.879741e+000 -9.494165e-001 -1.295051e+000 -2.318337e+000 -3.652052e+000 -1.342860e+000  5.648934e-001  2.000207e+000  1.278934e+000  1.843772e+000 -1.186639e+000 -4.374538e-001  1.889117e+000  1.825285e-001 -1.095299e+000 -3.061785e-001 -5.754223e-001 -2.878045e-001  1.180939e+000  1.529765e+000  7.074744e-001 -8.853957e-001 -1.671275e-001 -3.019172e-003 -1.223122e+000  6.755939e-001
 9.856569e+000  1.654346e+001  7.299898e-001 -1.222758e+001 -1.643848e+001 -9.206468e+000 -4.337767e+000 -2.862591e+000 -2.335396e-001 -4.419774e-001 -5.027069e+000 -5.166824e+000  4.357494e+001  1.663184e+000 -2.829681e+000 -1.062447e+000 -2.823192e+000 -3.369111e+000  1.221859e+000  3.416845e+000  2.713233e+000 -5.106083e-001  8.736702e-001 -1.061774e+000 -2.718455e+000  2.541486e+000 -2.667448e-001 -1.106945e+000 -3.203404e-001  9.088121e-002  1.379458e+000  1.785621e+000  1.221506e+000 -4.192531e-001 -2.004882e+000 -1.236406e+000  2.636927e-001 -5.203990e-001  3.094081e-001
 1.136697e+001  1.123116e+001 -3.264051e+000 -1.401628e+001 -2.121786e+001 -6.817337e+000  3.570047e+000 -5.724931e-001 -5.999836e-001  1.645236e+000 -6.935798e+000 -1.308928e+001  4.699380e+001  1.199862e+000 -3.780798e+000 -1.868762e+000 -2.888615e+000 -4.641720e-001  3.778656e+000  4.919068e+000  1.477121e+000 -4.130493e+000 -1.481065e+000 -4.156263e-001 -2.524740e+000  2.605994e+000 -5.322424e-001 -5.047326e-001  3.952446e-002  8.653703e-001  2.705314e+000  1.293930e+000 -3.940031e-001 -1.522109e+000 -1.952233e+000 -1.700587e+000  5.399179e-001  8.331513e-001 -1.722521e-001
 1.223951e+001  4.335413e+000 -4.030142e+000 -1.702245e+001 -1.857643e+001  3.843243e-001  7.323636e+000  3.646186e-001 -9.124231e+000 -4.922632e+000 -8.265879e+000 -1.479370e+001  5.039344e+001  5.252579e-001 -3.888998e+000 -2.062432e+000 -9.905266e-001  3.524603e+000  5.048337e+000  3.034754e+000 -1.688936e+000 -6.675198e+000 -3.510097e+000  1.232796e-001  8.898392e-002  2.069856e+000 -5.873855e-001  1.476335e-001  3.761720e-001  1.695735e+000  2.671428e+000 -1.732281e-001 -2.345305e+000 -1.711489e+000 -3.427550e-001 -1.048166e+000  6.568048e-001  1.489967e+000 -4.923385e-001
 1.264397e+001  4.336089e+000 -7.846487e+000 -1.867638e+001 -1.112619e+001  6.056500e+000  1.214400e+001 -2.711615e+000 -2.165829e+001 -8.533545e+000 -3.444065e+000 -1.009295e+001  5.081413e+001 -2.125076e-001 -2.943421e+000 -5.974359e-001  1.092182e+000  6.427663e+000  3.213552e+000 -1.214076e+000 -3.409251e+000 -5.399938e+000 -4.467278e+000  9.204235e-001  2.324584e+000  1.263671e+000 -5.347235e-001  2.984558e-001  9.683837e-001  1.999015e+000  1.424216e+000 -1.543554e+000 -3.335888e+000 -9.156515e-001  1.791797e+000  5.822177e-002  4.062628e-001  8.858730e-001 -5.047541e-001
 1.184436e+001  5.460094e-001 -7.290952e+000 -1.485016e+001 -3.861298e+000  9.598296e+000  6.549026e+000 -1.023771e+001 -2.308037e+001 -1.290307e+001 -6.156537e+000 -6.220070e+000  5.201405e+001 -5.675584e-001 -2.510202e+000  1.827497e-001  3.665083e+000  6.542110e+000  6.382710e-001 -5.243108e+000 -3.401026e+000 -1.589660e+000 -2.874054e+000  1.554225e+000  2.306720e+000  7.509552e-001 -4.315035e-001  4.510121e-001  1.072116e+000  1.397701e+000 -3.310909e-002 -2.141059e+000 -2.618741e+000  8.353972e-002  3.071214e+000  1.024649e+000  8.365199e-002 -1.814177e-001 -3.829776e-001
 1.050201e+001 -1.591246e+000 -4.620825e+000 -9.641519e+000  3.562888e+000  4.643436e+000 -2.113029e+000 -1.231758e+001 -2.062160e+001 -1.670093e+001 -3.388351e+000 -5.753173e+000  5.250185e+001 -9.273478e-001 -2.977916e+000  1.850565e+000  4.778658e+000  5.148154e+000 -1.734080e+000 -7.621440e+000 -2.245092e+000  2.285724e+000 -1.507978e+000  9.002154e-001  7.957574e-001  7.416744e-001 -2.873383e-001  5.245485e-001  7.135721e-001  5.185072e-001 -1.093607e+000 -1.771026e+000 -7.214820e-001  5.503913e-001  2.591029e+000  1.416901e+000 -5.342777e-001 -6.063606e-001 -2.593683e-001
 1.047270e+001 -5.251928e+000 -4.729224e+000 -3.214470e+000  6.789583e+000  4.282211e+000 -1.176339e+001 -1.183753e+001 -1.759088e+001 -1.520921e+001 -5.226123e-001 -5.429985e+000  5.330436e+001 -1.274840e+000 -1.616690e+000  2.074145e+000  4.154738e+000  3.998812e+000 -3.183142e+000 -6.855267e+000 -1.853317e+000  4.838041e+000  1.334975e-001  5.516436e-001 -5.369139e-002  4.159664e-001 -2.228249e-001  7.595099e-001  3.891649e-001 -4.194075e-001 -1.646026e+000 -9.743326e-001  1.281522e+000  4.526141e-001  1.205987e+000  8.181242e-001 -8.391104e-001 -4.931984e-001 -2.211339e-001
 8.693064e+000 -7.654525e+000  1.254758e-001 -6.009386e-001  9.289136e+000  4.414270e-002 -1.680699e+001 -1.313716e+001 -1.297442e+001 -1.492037e+001 -1.759950e+000 -6.509202e+000  5.387735e+001 -1.295558e+000 -7.674347e-001  2.024727e+000  3.439890e+000  2.231276e+000 -3.730874e+000 -4.015407e+000 -1.431149e+000  4.341358e+000  1.113454e+000 -1.249675e+000  4.729863e-001  1.343243e-001  3.997969e-003  9.142715e-001 -1.640392e-001 -1.134511e+000 -2.109482e+000  2.512341e-001  2.489794e+000  5.018036e-001 -4.001155e-001 -3.948199e-001 -4.674132e-001  2.965868e-001 -2.410448e-001
 6.374635e+000 -4.505800e+000  7.066243e-001  1.403237e+000  1.326964e+001 -4.017768e+000 -2.038033e+001 -1.909451e+001 -2.713758e+000 -1.312587e+001 -4.212520e+000 -6.110513e+000  5.340614e+001 -1.497578e+000  1.821068e-001  2.041493e+000  2.237429e+000 -2.295787e-001 -3.234995e+000 -6.385123e-001 -1.544927e+000  3.412459e+000 -9.414892e-002 -1.566382e+000  2.113175e-003 -5.103912e-002  2.839907e-001  3.934495e-001 -2.665846e-001 -1.459091e+000 -2.302531e+000  1.337464e+000  2.377784e+000  9.844657e-001 -1.757056e+000 -1.396545e+000  4.002216e-001  4.478752e-001 -1.443217e-001
 6.073248e+000 -5.801483e+000  2.784886e+000  5.249080e+000  1.147924e+001 -9.860946e+000 -1.788159e+001 -1.584484e+001 -6.353374e+000 -1.217533e+001 -7.791771e+000 -3.047977e+000  5.312258e+001 -7.959889e-001  6.940429e-001  1.046695e+000  6.475844e-002 -3.285060e+000 -4.519832e-001  1.719155e+000  1.097315e-001  9.979379e-001 -3.368254e+000 -3.778380e-001  2.250789e+000 -2.300468e-001  4.319381e-001 -7.003497e-002 -2.828517e-001 -1.430732e+000 -1.647551e+000  2.024081e+000  1.250912e+000  1.251460e+000 -2.096041e+000 -1.481225e+000  1.105963e+000  3.372936e-001 -7.337456e-002
 4.294715e+000 -5.267915e+000  4.148538e+000  5.047664e+000  4.546638e+000 -6.940220e+000 -1.441865e+001 -1.820833e+001 -3.839108e+000 -1.705247e+001 -5.338613e+000 -7.150031e+000  5.342654e+001 -1.046712e-001 -3.801810e-001  1.230238e+000 -1.453152e+000 -4.755674e+000  1.864734e+000  2.166371e+000  2.298571e+000 -2.275527e+000 -4.608375e+000  2.116833e+000  1.296783e+000 -1.234566e-001  2.840613e-001  1.246551e-001  1.866231e-002 -5.496973e-001 -3.292316e-001  9.544416e-001 -1.045811e-001  1.067002e+000 -1.706238e+000  2.977563e-002  5.662411e-001  2.420213e-001 -3.612432e-001
 5.753079e+000 -3.803253e+000  3.637996e+000 -2.099360e+000 -2.774662e+000 -7.545475e-001 -1.119206e+001 -1.303160e+001 -7.422054e+000 -2.979834e+001 -3.086093e+000  5.264504e+000  5.271691e+001  1.676785e-001 -8.364657e-001  1.016096e+000 -1.868478e+000 -3.743432e+000  3.839669e+000  8.367125e-001  2.904401e+000 -3.294855e+000 -4.035558e+000  2.438530e+000  1.512119e+000 -1.963398e-001 -7.532699e-002  7.977421e-001  5.640067e-001  1.019527e+000  5.921549e-001 -1.484977e+000 -8.107499e-001  4.045128e-001 -1.540187e-001  1.999555e+000 -8.307295e-001 -5.647715e-001 -6.100113e-001
 6.011364e+000 -7.405820e+000  6.431259e+000 -2.188301e+000 -3.381780e+000  7.527014e-001 -1.289324e+001 -9.008276e+000 -1.355705e+001 -2.735624e+001  4.018807e+000 -3.782838e+000  5.299169e+001 -5.591049e-001  1.570637e+000  2.150105e+000  4.555601e-001 -1.646551e+000 -6.086130e-001 -7.201966e-001  2.392748e+000 -2.972335e+000  3.883810e-001 -1.433605e-001  1.581555e+000 -1.874109e+000 -2.904009e-001  1.547722e+000  5.979744e-001  1.740982e+000  7.085204e-001 -2.741597e+000 -6.374241e-001 -4.905272e-001  1.114061e+000  2.545650e+000 -1.745126e+000 -3.420991e-001 -7.266394e-001
 6.053317e+000 -8.914859e+000  6.724007e+000 -4.753257e-001 -3.273713e+000  5.490940e+000 -1.446073e+001 -5.922861e+000 -1.796868e+001 -2.720124e+001 -2.778291e-001  2.829021e+000  5.235831e+001 -9.454070e-001  3.707345e+000  3.406796e+000  4.208039e+000 -1.878847e+000 -6.640193e+000 -8.913110e-001  2.085207e+000  5.762488e-001  4.131144e+000 -3.401388e+000 -7.154540e-001 -2.404778e+000 -2.125558e-001  1.231925e+000  4.117139e-001  1.342956e+000  4.247344e-001 -2.280082e+000  1.525144e-001 -1.185316e+000  1.222605e+000  1.905545e+000 -1.044908e+000 -2.559240e-001 -3.921206e-001
 1.349072e+000  5.141072e+000  1.335605e+001  6.513447e+000 -3.436590e+000 -1.310603e+001 -1.638529e+001 -9.798956e+000 -1.342747e+001 -1.640911e+001 -7.459547e+000  1.975486e+000  4.423530e+001 -1.000133e+000  5.086522e+000  3.024760e+000  4.213502e+000 -2.145365e+000 -6.603319e+000 -1.567379e-001  2.555322e-001  1.359228e+000  4.036526e+000 -3.688838e+000  7.000743e-001 -2.652435e+000  2.027778e-002 -3.990045e-001 -3.015392e-001 -5.144703e-003  2.606024e-001  7.761838e-001  9.304901e-001 -1.245194e+000  5.375229e-001  1.445624e-001  3.996230e-001 -3.412120e-002  3.743863e-001
 3.357190e+000  8.460025e+000  1.720958e+001  1.458996e+001 -1.214149e+001 -2.702615e+001 -1.390259e+001 -2.210223e+000 -4.605599e+000 -1.461618e+001 -1.435386e+001 -1.191927e+000  4.507121e+001 -6.745865e-001  3.565217e+000  2.637338e+000  2.967333e+000 -1.370353e+000 -4.563386e+000  1.317555e+000 -1.953573e+000  6.523892e-001  3.668095e+000 -1.013271e+000  6.732392e-001 -1.767780e+000  2.745897e-002 -1.644579e+000 -9.871921e-001 -1.240421e+000  7.833320e-001  3.200227e+000  1.258563e+000 -8.375408e-001 -8.052933e-001 -1.013934e+000  1.596729e+000  3.812408e-001  6.192415e-001
 2.358763e+000  9.339347e+000  1.631227e+001  1.134657e+001 -9.674713e+000 -1.600535e+001 -1.395601e+001 -9.586934e+000 -1.344245e+001 -1.346614e+001 -7.387372e+000  1.728008e+000  4.337306e+001 -5.931262e-001 -3.533217e-001  1.027137e+000  1.050190e+000 -5.977859e-001  2.233903e+000  2.827821e+000 -1.813832e+000 -3.227910e-001  1.342717e+000  6.606958e-001  7.166024e-001 -3.206760e-001 -1.091484e-002 -2.020732e+000 -1.425696e+000 -1.441042e+000  8.521310e-001  2.956299e+000  1.280589e+000  6.341276e-001 -4.637570e-001 -1.050345e+000  1.250804e+000 -1.550249e-001  5.961658e-001
 2.175539e+000  6.812086e+000  1.843259e+001  1.194478e+001 -7.006416e+000 -1.587633e+001 -9.087603e+000 -1.579673e+001 -1.469924e+001 -1.033225e+001 -5.380273e+000  6.318956e+000  4.395053e+001 -1.011615e+000 -1.795630e+000 -5.303535e-001 -4.124101e-001  1.264023e+000  4.942333e+000  3.909222e+000 -1.067816e+000 -2.609208e+000  4.083777e-001  2.407488e+000  1.182486e+000 -4.744495e-001 -1.550288e-001 -1.424331e+000 -1.677799e+000 -1.321578e+000  4.591064e-001  1.560269e+000  5.713422e-001  1.533249e+000 -2.481699e-001 -8.405886e-001  3.501775e-001 -4.083555e-001  2.517576e-001
-1.025733e+000  4.198432e+000  1.788023e+001  1.308699e+001 -8.993058e+000 -7.511421e+000 -4.653680e+000 -1.207486e+001 -9.994604e+000 -1.183749e+001 -8.642860e+000  1.803056e+000  4.319226e+001 -8.861926e-001 -2.336717e+000 -2.519876e+000 -1.301834e+000  7.981022e-001  3.425315e+000  4.950371e+000  2.983292e+000  6.712416e-001  4.146593e-001  8.548038e-001 -3.296733e-001 -3.182709e-001 -1.857608e-001 -4.492826e-001 -1.277243e+000 -9.459959e-001  1.951947e-002 -5.950011e-001 -4.601622e-001  1.249402e+000 -1.663745e-001 -2.786796e-001  2.700514e-002 -3.984698e-001 -6.068474e-002
-8.638732e-003  2.052330e+000  1.377383e+001  1.165770e+001 -6.162203e+000 -6.561445e+000  9.923624e-001 -6.305339e+000 -1.937556e+001 -1.338861e+001 -1.688673e+000  4.682978e+000  4.278936e+001 -1.303198e+000 -2.564739e+000 -3.978151e+000 -2.464543e+000  2.272348e-001  2.642254e+000  3.112991e+000  3.314111e+000 -1.085477e+000 -7.081900e-002  6.405619e-001 -8.454006e-001 -5.101948e-001 -1.380027e-001  1.889706e-001 -2.651341e-001 -2.574759e-001 -3.759063e-001 -1.297504e+000 -1.237356e+000  6.431969e-001  3.681099e-001  1.153434e-001 -1.435972e-001 -3.538241e-002 -6.580399e-002
-9.801114e-001  3.563768e-002  6.042272e+000  4.980935e+000 -6.106308e+000 -3.536217e+000  5.755867e+000  5.838271e-001 -7.748082e+000 -9.864659e+000 -4.959153e+000  8.976307e-001  4.236229e+001 -1.376139e+000 -2.215180e+000 -3.635180e+000 -2.653723e+000  1.820579e-002  4.089368e-001  9.251258e-001  2.242215e+000 -1.916529e+000  1.889175e-001  1.679185e+000 -2.618035e-001 -6.062271e-001 -2.149593e-002  7.101836e-001  9.140061e-001  4.506288e-001 -2.144831e-001 -1.067083e+000 -1.702557e+000 -6.173424e-001  2.422033e-002  1.288112e-001  1.819281e-001  5.322115e-001 -1.033458e-001
-4.363260e+000 -3.930214e+000  4.460814e+000  3.675087e+000 -7.313617e+000 -4.652664e+000  1.272579e+000 -5.555525e+000 -2.124989e+001 -1.167276e+001 -4.019318e+000  2.544666e+000  4.181454e+001 -1.456656e+000 -9.115462e-001 -1.298373e+000 -1.023845e+000 -2.255599e-001 -3.699784e-002 -2.649339e-001  2.518707e+000  5.252267e-001  1.097965e+000  1.277312e+000  9.716389e-001 -6.594914e-001  2.401744e-001  1.131046e+000  1.674686e+000  9.918070e-001  2.387726e-002 -7.654019e-001 -1.204032e+000 -8.044505e-001  1.107544e+000  5.236651e-001 -5.105479e-002  3.188793e-001 -2.616410e-002
-5.729119e+000 -3.886196e+000  4.360843e+000  3.809678e+000 -8.326323e+000 -6.421127e+000 -1.681597e-001 -1.238690e+000 -1.864009e+001 -1.175083e+001  9.183847e-001  1.563194e+000  4.064854e+001 -9.169432e-001  3.876041e-001  7.102650e-001  2.309605e-001 -4.791579e-002 -5.704755e-001 -1.873452e+000  2.942817e-001 -1.300831e-002  4.743231e-001  1.446069e+000  1.422865e+000 -7.603515e-001  3.108252e-001  1.061193e+000  1.400840e+000  7.298065e-001  3.400274e-001 -1.688923e-001 -2.885396e-001 -7.547935e-001  1.222221e+000  7.952736e-001 -5.118561e-001 -2.103216e-001  3.586220e-002
