38 39
-6.766765e+000 -2.922769e+000 -4.347407e+000 -9.587151e-001 -4.232355e+000 -7.940743e+000 -4.347811e+000 -8.784831e+000 -3.509468e+000 -2.874920e+000 -6.036602e+000 -1.330101e+000  3.733103e+001 -9.160315e-001  2.301625e-001  3.196693e-001 -5.886631e-001  6.598320e-001 -1.090492e-001  5.013398e-001 -3.015819e+000 -4.101083e-001  9.744558e-001  1.891227e+000  4.850469e-001  2.384888e+000 -4.723303e-001 -1.647001e-001 -5.018153e-001 -1.939917e-001 -1.861805e-001 -3.995153e-002  5.047800e-001  8.485441e-001  1.119801e+000  1.879461e-001  5.773398e-001  4.527318e-001  7.141723e-001
-8.983369e+000 -3.502121e+000 -4.522461e+000  5.023996e-002 -6.452830e-001 -5.960710e+000 -1.046428e+000 -7.239578e+000  2.843225e-001 -1.646045e+000 -3.373794e+000 -3.214904e+000  4.109992e+001 -1.813106e+000 -1.862236e-001 -8.365138e-001 -8.002050e-001  4.829675e-002 -7.222548e-001  1.237798e+000 -5.415895e-001  1.553758e+000  2.481064e-001  1.973421e+000  1.372713e+000  2.718763e+000 -2.462496e-001  1.078518e-001 -3.746543e-001 -4.360457e-001 -5.485235e-001  4.091391e-002  2.693542e-001  1.088675e+000  6.236193e-001 -2.614232e-001  2.647972e-001  1.407746e-001  2.667294e-001
-1.230019e+001 -4.739898e-002 -2.511988e+000 -9.443461e-001 -1.004258e+000 -6.904932e+000 -1.623684e+000 -8.850163e+000 -4.605542e-002 -3.054234e+000 -2.223138e+000 -2.932701e+000  4.338647e+001 -1.904650e+000 -4.196682e-002 -9.290295e-001 -2.024399e+000 -1.189944e+000 -4.965830e-002  1.833264e+000  5.558730e-001  1.979839e+000 -4.016770e-001  2.718948e+000  5.284767e-001  2.786211e+000  4.869391e-002  2.689598e-002 -2.660650e-001 -3.494626e-001 -3.059442e-001  3.380226e-001  1.611660e-001  8.989618e-001  3.689108e-002 -3.053551e-001 -1.692395e-001 -2.761115e-001 -1.370603e-001
-1.378988e+001 -2.925536e+000 -6.771166e+000 -6.035741e+000 -7.916955e+000 -8.820248e+000  4.802578e-001 -4.959360e+000  5.395413e+000 -2.735387e+000  1.458029e+000  4.090772e+000  4.596273e+001 -1.138617e+000  5.913144e-001 -9.340470e-001 -2.354440e+000 -1.898727e+000  4.025090e-001  1.737631e+000  5.584826e-001  7.286021e-001 -3.566104e-001  1.817457e+000  2.487771e-001  2.359220e+000  2.528673e-001  5.714783e-002  1.665447e-001  3.062827e-001  4.572846e-001  2.656105e-001 -2.298870e-001  1.458839e-001 -8.932912e-001 -2.804867e-001 -6.131793e-001 -4.312587e-001 -4.212299e-001
-1.388676e+001 -3.420895e+000 -7.868203e+000 -8.037718e+000 -6.546240e+000 -6.759266e+000  4.055167e+000 -7.145575e+000  3.834183e+000 -4.338634e+000  5.142229e+000 -2.340556e+000  4.883068e+001 -1.009806e+000 -2.412658e-002 -9.618891e-001 -1.558859e+000  1.036229e-001  1.018682e+000  1.057253e+000  9.289538e-001  1.869249e-001 -2.499616e-001  1.123011e+000 -3.335428e-001  1.879359e+000  2.296139e-001 -2.597322e-002  2.997896e-001  8.977807e-001  8.459677e-001 -2.493977e-001 -5.913758e-001 -4.446705e-001 -1.059045e+000 -5.723065e-002 -1.016148e+000 -2.276861e-001 -6.102889e-001
-1.388317e+001  1.141199e+000 -6.514589e+000 -8.175277e+000 -7.367926e+000 -4.020998e+000  4.802299e+000 -5.299459e+000  1.987214e+000 -2.786897e+000  2.030809e+000 -2.267091e+000  5.017391e+001 -9.961919e-001  9.059546e-002  1.263933e-002  4.984384e-001  1.687936e+000  7.162757e-002  4.763686e-001  1.289845e-003 -2.016241e+000 -1.230185e+000 -2.945073e-001 -3.525710e-001  1.066040e+000  9.715627e-002 -2.283654e-001  2.456543e-001  9.049129e-001  6.778667e-001 -5.827995e-001 -6.166370e-001 -5.586876e-001 -3.915205e-001  1.660903e-001 -8.897750e-001 -2.792037e-001 -5.589972e-001
-1.730258e+001 -2.201400e+000 -7.449722e+000 -7.668871e+000 -7.606576e-001 -4.211148e+000  1.501563e+000 -4.035344e+000  2.592669e+000 -4.278286e+000  3.105528e+000 -1.421484e+000  5.067767e+001 -8.277935e-001  7.852656e-002  9.657526e-002  1.038066e+000  1.246563e+000 -1.131206e+000 -4.929841e-001 -1.388883e+000 -1.942964e+000 -2.510429e-001 -1.305810e+000 -3.092796e-001  3.813564e-001  3.181082e-001 -1.282209e-001  2.825073e-001  1.761922e-001 -1.236349e-001 -5.828619e-001 -3.486218e-001 -3.891017e-001  1.552529e-001  6.149968e-001 -6.510178e-001 -6.645105e-002 -2.154924e-001
-1.706293e+001 -3.082307e+000 -6.917210e+000 -3.727973e+000 -2.370065e+000 -9.736169e+000  4.138903e+000 -6.508026e+000 -4.065034e+000 -8.916486e+000  1.003843e+000  1.868381e+000  5.036943e+001 -7.438425e-001 -6.018391e-001 -2.350076e-001  8.716620e-001  9.191366e-001 -1.436544e+000 -5.704356e-001 -1.076037e+000 -1.640557e-001  4.743817e-001 -1.417007e+000 -1.159373e+000  3.132347e-001  4.127043e-001 -1.625470e-001  2.644443e-001 -6.882809e-001 -3.916058e-001 -7.656193e-003 -1.783631e-001  1.024236e-001  5.345908e-001  8.222759e-001 -5.009023e-001  1.972870e-001  4.408251e-001
-1.643584e+001 -9.165094e-001 -7.184016e+000 -5.071042e+000 -2.812356e+000 -9.557712e+000  1.921945e+000 -1.348571e+001 -2.854514e+000 -2.529054e+000 -8.733386e-001 -5.954690e+000  5.063970e+001  4.545597e-001 -3.190139e-001  5.744708e-001 -8.645092e-001 -1.301519e-001 -1.141542e+000 -1.624531e-001 -4.778913e-001  3.709686e-002  1.972739e+000 -1.570828e+000 -2.623971e-001  1.178299e+000  4.674982e-001  4.762759e-003  7.343832e-001 -6.044079e-001 -2.452341e-001  5.615554e-001  1.136433e-001  6.544169e-001  1.591146e-001  3.063830e-001 -2.915372e-001  4.851832e-001  6.404276e-001
-1.803575e+001 -2.510441e+000 -7.822480e+000 -5.115881e+000 -1.746394e+000 -8.530437e+000  1.739930e+000 -5.954463e+000  3.890527e+000 -1.289605e+000 -3.064792e+000 -5.797353e+000  5.175907e+001  4.261530e-001 -5.233694e-001  1.095913e+000 -1.991679e+000  4.182643e-001  3.851433e-002 -5.807124e-001  5.791211e-002 -3.333172e-001  1.769304e+000 -2.666510e+000  6.104226e-001  2.871694e+000  7.951213e-001  2.946912e-001  1.185126e+000  4.692287e-001 -2.985003e-002  6.549886e-001 -2.580066e-002  6.357322e-001 -4.655819e-001 -1.643082e-001  2.096399e-001  2.692381e-001  1.038190e-001
-1.454337e+001 -4.082402e+000 -4.124732e+000 -1.129746e+001 -1.723253e+000 -1.052172e+001  1.888783e+000 -6.701581e+000 -1.199627e+000  1.771968e+000 -2.714293e+000  1.099398e+000  5.587435e+001  9.246997e-001  6.310550e-002  3.103031e+000 -5.523034e-001  2.708287e-001  9.390415e-001  8.037059e-002  1.316227e+000 -1.062760e+000  6.334110e-001 -2.138745e+000  1.231739e+000  2.304265e+000  1.284372e+000  1.126995e-001  7.438684e-001  1.678240e+000  9.545211e-002  3.747638e-001 -7.338358e-001  4.079274e-001 -1.510759e-001 -5.349936e-001  8.816404e-001 -3.350811e-001 -5.817105e-001
-1.587841e+001 -4.116208e+000 -2.967286e+000 -1.057316e+001 -8.232951e-001 -9.061592e+000  1.251922e+000 -9.610528e+000 -6.559063e+000 -2.220479e+000 -1.140823e+001  1.393450e+000  6.211058e+001  2.996694e+000  6.805571e-001  4.426340e+000  3.061702e+000  5.693961e-001  7.981070e-001 -8.208508e-001  1.205565e+000 -1.942037e+000  3.225046e-001 -8.484893e-002 -5.602502e-001  2.693470e-001  1.753361e+000 -2.701059e-001 -1.225608e-001  1.791504e+000 -1.217484e-001 -3.158199e-002 -1.410966e+000  1.139661e-001  2.581286e-001 -1.051951e-001  1.347426e+000 -4.759632e-001 -9.648019e-001
-1.289102e+001  2.019013e-001  5.903541e+000 -5.103921e+000 -1.919762e+000 -4.596927e+000  2.567802e+000 -5.076541e+000 -2.943519e+000  1.103438e+000 -7.395343e+000 -3.391398e+000  5.698527e+001  5.591151e+000 -3.574796e-001  2.628599e+000  5.000002e+000  2.715428e-001  3.524811e-001 -3.711563e+000  9.879192e-001  8.607693e-002  2.117068e-002  1.546544e+000 -1.352466e+000 -4.290794e-001  1.385204e+000 -7.639258e-001 -1.405033e+000  6.318969e-001 -1.237955e-001 -2.140775e-001 -1.851593e+000 -4.236930e-001  5.603688e-001 -5.048462e-002  8.150648e-001  1.104940e-001 -3.956943e-001
-3.878455e+000 -1.249807e+000  9.295084e+000  7.095861e+000  1.198841e+000 -7.502300e+000 -2.703833e+000 -7.391583e-001 -4.947710e+000  6.571837e-001 -1.148512e+000 -6.353206e+000  5.255035e+001  6.859732e+000 -1.663606e+000  7.203252e-001  4.189690e+000 -1.908348e-001  1.738846e-001 -5.739573e+000  7.918962e-001  3.829071e-001  1.549448e+000  2.227977e+000 -4.772913e-001 -5.856434e-001  1.220091e-001 -6.955366e-001 -1.873987e+000 -9.880505e-001 -1.167364e-001  2.468318e-002 -1.107889e+000 -4.991688e-001  5.670072e-001 -3.807595e-001 -4.303290e-002  8.375514e-001  2.611642e-001
 7.412410e+000 -7.303000e+000  2.887077e+000  4.868038e+000 -1.376607e+000 -9.538962e+000 -1.469115e+001 -6.197670e+000 -1.574919e+000  4.389904e-001 -1.114335e-001 -1.789604e+000  5.850907e+001  5.919199e+000 -2.584442e+000 -2.069129e+000  2.043187e+000  3.196664e-002  1.807653e-001 -6.718235e+000 -5.954042e-001  5.766119e-001 -2.324839e-001  7.801664e-001  1.742729e+000  7.532883e-001 -1.233332e+000 -3.385632e-002 -1.101408e+000 -1.532876e+000  1.176685e-001  2.378535e-001  4.102064e-001 -1.250402e-001 -8.772860e-002 -6.461072e-001 -4.702252e-001  7.330242e-001  2.657823e-001
 8.268541e+000 -8.681788e+000  2.142571e+000  5.389315e+000 -2.049047e+000 -5.721151e+000 -1.881647e+001 -5.090482e+000 -5.328827e+000  5.858986e+000 -3.910300e+000 -1.793904e+000  5.842046e+001  3.442715e+000 -1.683645e+000 -2.594729e+000 -4.001425e-001  1.055021e-001  1.007381e+000 -4.856960e+000 -4.986175e-001  6.477319e-001 -1.454466e+000  8.317523e-002  2.079909e+000  9.839840e-001 -1.610954e+000  3.933724e-001 -2.612424e-001 -1.053744e+000  1.292845e-001  2.654372e-002  1.535857e+000  3.339436e-002 -5.130291e-003 -1.081299e+000 -3.190365e-001  3.487719e-001  1.103706e-001
 1.063148e+001 -9.004316e+000 -8.658467e-001  5.965286e+000 -1.359848e-001 -4.583674e+000 -2.296705e+001 -5.877900e+000  1.300993e-001 -2.659883e+000 -2.113617e+000  3.042595e+000  5.781665e+001  1.132998e+000 -5.167419e-001 -1.220917e+000 -3.694623e-001  7.117169e-001  1.125001e+000 -2.101837e+000  1.007975e+000 -4.849785e-001 -1.707408e+000  2.678187e-001  1.034055e+000  1.150185e-001 -1.224615e+000  4.450034e-001  4.183324e-001 -1.482494e-001 -1.831057e-001 -2.981668e-001  1.893535e+000  6.943879e-002  2.399664e-001 -6.754986e-001  1.121408e-001 -1.814755e-001 -1.222544e-001
 1.172559e+001 -8.817374e+000 -1.802100e+000  4.546525e+000  1.106040e+000 -4.943040e+000 -2.285069e+001 -3.392131e+000 -2.561559e+000 -5.065708e+000  2.684556e-001  1.630241e+000  5.781647e+001  1.198063e+000 -7.305943e-001 -1.009993e+000  1.272934e-001  1.157127e-001 -1.655145e-001 -3.684862e-001  1.571784e-001  8.880509e-001 -3.119584e+000  8.889683e-001  1.620906e+000  2.853447e-001 -6.229084e-001  7.372663e-002  5.532141e-001  4.776863e-001 -4.722915e-001 -5.874515e-001  1.257058e+000 -1.137889e-001  6.083383e-001 -4.861745e-001  3.440619e-001 -3.707410e-001  5.540355e-003
 1.134888e+001 -9.818916e+000 -1.245170e+000  3.442122e+000  6.044340e-001 -4.303014e+000 -2.318323e+001 -2.006971e+000 -5.383446e+000 -2.635704e+000 -8.617178e-001  1.668596e+000  5.938616e+001  9.184527e-001 -8.359500e-001 -7.698349e-001  1.038222e+000 -8.886672e-001 -7.236211e-001  5.052046e-001 -5.761082e-001  1.656284e+000 -2.777418e+000  9.379739e-001  1.064853e+000  4.913357e-001 -3.084622e-001 -1.675576e-001  5.035798e-001  4.283064e-001 -5.776948e-001 -6.385056e-001  4.573901e-001 -1.482809e-001  8.220478e-001 -3.927051e-001  2.812190e-001 -4.519491e-001  2.200606e-001
 1.390016e+001 -1.192746e+001 -2.717731e+000  7.287364e+000 -1.840692e+000 -6.689054e+000 -2.055081e+001 -6.240055e+000  1.868199e+000 -9.751020e+000 -9.140763e-002  6.997623e+000  5.906244e+001  4.354461e-001 -1.155408e+000 -5.419945e-002  1.284447e+000 -1.455763e+000 -1.005566e+000  1.248085e-001 -2.755203e-001  2.618792e+000 -3.350333e+000  1.468407e+000  2.108050e-001  8.235272e-001 -5.127367e-001 -6.286965e-002  8.156801e-001  4.231125e-002 -3.197158e-001 -4.885919e-001  6.280255e-002  4.882277e-001  9.773040e-002 -1.282570e-002  1.372829e-001 -8.047417e-001  2.273578e-001
 1.413646e+001 -1.162902e+001 -4.257206e+000  9.785975e+000 -3.105954e+000 -7.328773e+000 -2.159097e+001 -7.334479e+000  6.196642e+000 -1.420432e+001  2.756184e+000  5.683171e+000  5.965035e+001 -2.800426e-002 -1.142123e+000  8.190860e-001  1.193493e+000 -1.391019e+000 -1.647502e+000 -6.153431e-002  4.829201e-001  2.759890e+000 -3.555559e+000  1.384194e+000 -5.206405e-001  9.462303e-001 -5.901012e-001  5.711996e-002  1.045164e+000 -3.407051e-001 -9.313679e-002 -5.345768e-001  2.265091e-001  7.939328e-001 -6.077788e-001  7.120619e-002  4.142489e-002 -6.147201e-001  1.614262e-001
 1.250903e+001 -1.368936e+001 -5.670794e-001  7.796832e+000 -4.317583e+000 -8.457991e+000 -2.302277e+001 -2.105978e+000  4.742355e+000 -1.603307e+001  5.801541e+000  6.769783e-001  6.180201e+001 -8.923917e-001 -8.918559e-001  2.273947e+000  2.612142e-001 -1.231691e+000 -2.146534e+000  2.288959e-001  2.068803e+000  8.249002e-001 -2.794641e+000  1.352272e+000 -1.610056e+000  1.194686e+000 -5.634016e-001  3.145012e-001  9.053977e-001 -3.963132e-001 -9.568186e-002 -4.715184e-001  7.929584e-001  4.088070e-001 -1.157459e+000  3.184087e-001 -4.914594e-003 -2.115532e-001  1.328030e-002
 1.190442e+001 -1.464858e+001  1.774934e+000  9.154852e+000 -5.112215e+000 -1.165605e+001 -2.225492e+001 -1.659409e+000  6.978925e+000 -1.727248e+001  3.112780e+000  2.225716e+000  6.274752e+001 -1.368135e+000 -6.821262e-001  3.291911e+000 -1.536874e-001 -1.466388e+000 -2.826021e+000  1.585706e+000  2.221394e+000 -4.856637e-001 -2.699233e+000  1.203166e+000 -1.098316e+000  1.112887e+000 -5.241582e-001  5.638039e-001  5.293788e-001 -3.546037e-001 -2.313030e-001 -1.102967e-001  1.172140e+000 -3.149381e-001 -1.288664e+000  5.720956e-001  1.010389e-001 -9.210860e-003 -9.755508e-002
 1.055422e+001 -1.487696e+001  5.635937e+000  8.908997e+000 -6.996015e+000 -1.525808e+001 -1.907435e+001  1.266424e+000  5.601559e+000 -2.219015e+001  6.491657e+000  6.760699e-001  6.348728e+001 -1.711496e+000  1.870997e-001  3.236377e+000 -2.352867e-002 -1.896488e+000 -2.773898e+000  3.265980e+000  8.992778e-001 -1.545729e+000 -2.186453e+000  1.534349e+000 -5.581229e-001  8.066002e-001 -3.354379e-001  7.348989e-001 -3.568151e-002 -1.707449e-001 -2.767371e-001  4.471107e-001  1.092867e+000 -1.202108e+000 -7.302474e-001  9.144346e-001 -1.251515e-001  1.557165e-001 -2.259063e-001
 8.273188e+000 -1.444585e+001  9.100840e+000  8.461456e+000 -9.098676e+000 -1.805883e+001 -1.563665e+001  2.086292e+000  3.338722e+000 -2.462194e+001  8.426955e+000  1.920431e-001  6.437215e+001 -2.239243e+000  1.137419e+000  2.984766e+000 -4.371543e-001 -2.215135e+000 -1.885303e+000  4.280622e+000 -5.070078e-001 -2.498115e+000 -9.991757e-001  1.798351e+000 -1.092661e+000  6.524979e-001 -1.491299e-001  7.597720e-001 -4.358855e-001 -1.638719e-001 -7.991207e-002  1.022719e+000  4.321112e-001 -1.356591e+000 -2.108942e-001  1.162864e+000 -4.837980e-001  7.190887e-002 -2.613914e-001
 5.767163e+000 -1.285523e+001  1.195185e+001  8.025887e+000 -1.180679e+001 -1.912609e+001 -1.000201e+001  5.175608e-001 -1.166187e+000 -2.329060e+001  1.081620e+001 -1.096799e+000  6.502270e+001 -2.134027e+000  1.872867e+000  2.249113e+000 -4.507766e-001 -2.241003e+000 -3.813393e-001  4.345773e+000 -2.577535e+000 -1.820111e+000  9.275028e-001  4.289222e-001 -8.343011e-001  2.953491e-001  1.163126e-001  4.997731e-001 -5.680542e-001 -1.932458e-001  1.976940e-001  1.207999e+000 -4.905400e-001 -8.603036e-001  4.608555e-001  8.319650e-001 -8.382734e-001  2.300942e-001 -2.685797e-001
 3.101733e+000 -9.972357e+000  1.354080e+001  7.410635e+000 -1.378250e+001 -1.914856e+001 -5.387983e+000 -3.820016e+000 -2.127778e+000 -2.171813e+001  9.942264e+000 -2.351157e+000  6.524230e+001 -1.902519e+000  2.273850e+000  1.606115e+000 -7.594230e-001 -1.693691e+000  1.091296e+000  3.206366e+000 -2.823157e+000 -1.402943e+000  1.558112e+000 -6.631110e-001 -6.006830e-001  6.155548e-002  3.002403e-001  1.339365e-001 -5.383889e-001 -1.472311e-001  4.426368e-001  9.797922e-001 -1.192098e+000  3.050649e-002  7.193387e-001  2.533089e-001 -8.601070e-001  4.741985e-001 -2.093284e-001
 2.469810e+000 -7.749376e+000  1.466152e+001  7.180524e+000 -1.585912e+001 -1.661991e+001 -2.469820e+000 -8.668098e+000 -7.657479e-001 -1.900454e+001  7.878613e+000 -2.223836e+000  6.452895e+001 -1.298295e+000  2.117749e+000  1.085431e+000 -8.286232e-001 -1.168740e+000  1.777797e+000  1.350408e+000 -2.244166e+000  2.109630e-001  6.947287e-001 -1.426287e+000  3.463591e-001 -2.408272e-001  3.332623e-001 -2.106614e-001 -4.022563e-001 -6.181668e-002  4.741061e-001  4.834674e-001 -1.298671e+000  7.700232e-001  5.704886e-001 -3.646205e-001 -3.846924e-001  4.812253e-001 -1.032350e-001
 4.092703e-001 -5.629527e+000  1.577658e+001  5.087023e+000 -1.554097e+001 -1.385544e+001 -3.370912e+000 -7.436661e+000 -3.876215e+000 -1.897441e+001  6.580192e+000 -2.247854e+000  6.492680e+001 -1.155907e+000  1.684660e+000  8.746618e-001 -9.843866e-001 -5.380818e-001  1.934090e+000 -1.821859e-001 -5.211598e-001  8.304103e-002  3.837557e-001 -1.574579e+000  6.880012e-001 -1.260559e-001  3.490677e-001 -3.928191e-001 -3.431160e-001  2.274870e-001  2.298058e-001  2.636182e-003 -8.329259e-001  7.776734e-001  4.324653e-001 -4.231215e-001  2.731867e-002  3.427596e-001 -5.971543e-002
 6.219167e-001 -4.437896e+000  1.626112e+001  5.044577e+000 -1.677126e+001 -1.288367e+001 -4.258507e+000 -8.894947e+000  7.628469e-001 -2.118881e+001  5.365796e+000  5.833442e-001  6.397631e+001 -8.410212e-001  1.114155e+000  6.035581e-001 -6.473783e-001 -4.482764e-001  1.614601e+000 -4.533033e-001  1.215823e-001  2.893393e-001 -3.084217e-001 -1.038805e+000  9.274833e-001 -1.270203e-001  3.074280e-001 -4.077629e-001 -3.113035e-001  4.489836e-001 -2.984871e-002 -1.980884e-001 -1.994561e-001  4.399705e-001  5.981687e-002 -1.483662e-001  2.992980e-001 -9.802749e-003 -3.654141e-002
-1.753856e+000 -3.204799e+000  1.711432e+001  3.556676e+000 -1.601684e+001 -1.134624e+001 -5.404570e+000 -6.312391e+000 -2.476870e+000 -1.870721e+001  3.325775e+000 -3.147410e-001  6.488834e+001 -3.858176e-001  8.115521e-001  1.314720e-001  2.873897e-001 -9.048939e-001  1.186075e+000 -5.640814e-002 -1.176639e-001  7.201946e-001 -5.592098e-002 -7.202587e-001  8.225530e-001 -2.939251e-001  3.523400e-001 -3.370337e-001 -2.727425e-001  5.582410e-001 -2.197038e-001 -2.271827e-001  1.676537e-001 -5.485918e-002  1.318810e-001 -1.216500e-001  3.995262e-001 -1.633070e-001 -1.166248e-001
-6.537333e-001 -3.390966e+000  1.701044e+001  4.708806e+000 -1.786256e+001 -9.801512e+000 -3.719508e+000 -8.622322e+000 -1.872383e-002 -2.068025e+001  4.311794e+000  1.447025e+000  6.391308e+001 -1.462003e-001  5.154880e-001 -9.949188e-002  7.804066e-001 -1.134578e+000  1.161362e+000  2.902384e-001 -2.460616e-001  1.914706e-001  1.727358e-001 -3.569577e-001  2.300694e-001 -3.395996e-001  2.198699e-001 -2.039021e-001 -1.433086e-001  3.108870e-001 -3.887638e-002 -1.957803e-001  7.043275e-002 -7.035598e-003 -7.348011e-002  9.922437e-002  2.617747e-001 -3.311595e-001 -1.002899e-001
-8.819928e-001 -2.095232e+000  1.605928e+001  6.691857e+000 -1.951979e+001 -9.466144e+000 -3.922452e+000 -8.161293e+000  1.155439e-001 -1.950830e+001  3.505899e+000  1.433071e+000  6.348879e+001  2.583825e-001  2.988248e-001 -1.375259e-001  1.092926e+000 -1.293450e+000  1.024796e+000  2.843119e-001 -6.116338e-001  7.913802e-001 -4.650730e-001  8.212783e-002  2.201732e-001 -6.028904e-001  1.806056e-002 -1.085211e-001  4.688000e-002 -7.725589e-002  4.074695e-001 -2.551181e-001 -1.557148e-001  2.066484e-001 -3.745461e-001  2.541037e-001  1.707366e-001 -2.894872e-001 -4.521961e-002
-5.450163e-001 -2.415239e+000  1.629117e+001  7.379020e+000 -2.069267e+001 -8.016903e+000 -3.548374e+000 -9.200804e+000  4.239927e-001 -1.992459e+001  3.490945e+000  8.597851e-001  6.297809e+001 -6.377174e-002  3.510078e-001  2.151413e-002  5.042885e-001 -4.483803e-001  7.163391e-001 -2.714996e-001  3.333893e-001 -1.136541e-001  3.922762e-001 -1.311255e-001 -4.271242e-001 -4.739872e-001 -2.643699e-001  1.494136e-001  9.639253e-002 -2.227083e-001  9.365963e-001 -5.767673e-001 -2.355406e-001  3.355105e-001 -6.943762e-001  4.829647e-001  3.364513e-002 -1.233240e-002  4.144973e-003
-5.163022e-001 -2.198538e+000  1.678632e+001  7.686200e+000 -2.106903e+001 -7.114563e+000 -4.068577e+000 -9.081319e+000  1.258673e+000 -2.141041e+001  4.146839e+000  1.079745e+000  6.234139e+001 -3.367290e-001  3.511866e-001  3.053690e-001  3.916931e-002  7.893551e-001  1.329962e-001 -5.541132e-001  6.258526e-001 -9.999734e-001  1.104828e+000  2.050803e-002 -2.962860e-001 -4.528294e-001 -4.921330e-001  4.202882e-001 -6.325645e-002 -8.588716e-002  1.295949e+000 -9.305034e-001  7.902444e-002  1.440590e-001 -8.914043e-001  6.816162e-001 -3.343571e-001  2.355053e-001  3.373802e-002
-1.155437e+000 -1.584274e+000  1.675449e+001  6.733077e+000 -1.932984e+001 -7.395607e+000 -5.003944e+000 -6.495363e+000 -1.158558e+000 -1.776781e+001  3.335697e+000 -5.119333e-001  6.211685e+001 -1.170494e+000  1.236375e+000  1.610233e-001  1.937433e-001  2.507001e+000 -1.276574e+000 -4.682518e-001  8.127475e-001 -2.384734e+000  1.802609e+000 -1.579222e-001  4.266370e-001 -3.939053e-001 -4.450638e-001  5.091150e-001 -2.341614e-001  1.009938e-001  1.168795e+000 -8.974834e-001  4.325851e-001 -4.572424e-002 -7.229724e-001  2.723519e-001 -5.449089e-001  3.706101e-001 -4.078651e-002
-2.260427e+000 -7.547811e-001  1.735447e+001  7.210675e+000 -1.625443e+001 -9.111811e+000 -5.965233e+000 -6.384750e+000 -4.093047e+000 -1.506255e+001  3.686063e+000  6.375004e-001  6.165527e+001 -1.648921e+000  1.957582e+000 -5.235628e-001  8.187630e-001  3.708602e+000 -2.631264e+000  7.778102e-001 -1.310178e-001 -2.530101e+000  2.237842e+000 -1.576259e+000  9.708193e-001 -4.742413e-001 -2.277129e-001  4.089882e-001 -4.274396e-001 -4.162177e-002  6.901003e-001 -4.798981e-001  5.415357e-001  1.545935e-001 -3.468392e-001 -3.140282e-002 -6.527804e-001  1.901335e-002 -8.162353e-002
-5.525424e+000  3.044758e+000  1.681222e+001  8.585499e+000 -1.056497e+001 -1.340115e+001 -4.941305e+000 -6.485351e+000 -8.823815e+000 -1.408547e+001  2.931722e+000  3.214092e+000  6.135162e+001 -1.632995e+000  2.093385e+000 -7.348269e-001  6.194605e-001  3.935972e+000 -2.388948e+000  1.225464e+000  4.832033e-001 -2.963452e+000  1.187528e+000 -2.057287e+000  7.923735e-001 -6.672138e-001  1.277475e-001  1.343362e-001 -5.587596e-001 -3.024405e-001 -1.324291e-001  2.826153e-001  2.039408e-001  4.948301e-001  3.210361e-001 -1.330237e-001 -3.754107e-001 -4.082774e-001 -1.023484e-001
