46 39
-1.830624e+001  1.611671e+001  1.205628e+001  1.584565e+000  2.623238e+000 -1.229483e-001  1.541315e-001 -1.630889e+000 -6.177518e+000 -3.373311e+000  3.189822e+000 -9.449293e+000  5.495370e+001 -6.527706e+000  6.269574e-001 -4.897399e+000 -6.506367e-001  3.534364e+000  1.410426e+000  1.599856e+000 -8.853579e-001  1.066756e+000  4.701069e+000 -4.223165e-001 -2.468279e+000 -1.952981e+000  4.501362e-001 -2.127254e+000 -7.248700e-001 -1.766378e-001 -2.194739e+000 -3.485242e-001 -5.158606e-001 -5.025982e-001  4.997220e-001 -7.155712e-001  3.942682e-001  1.275562e+000 -1.116737e-001
-2.582017e+001  9.807525e+000  9.210127e+000  4.884308e+000  3.764963e+000  4.334903e+000  5.674769e+000 -7.437566e+000 -6.813033e+000 -6.779576e-001 -2.320152e+000 -9.004987e+000  5.359424e+001 -4.916192e+000 -2.405510e+000 -5.466695e+000 -1.364321e+000  4.277520e-002 -2.379104e-001  2.764734e-001 -1.171535e+000  1.092318e+000  3.090781e+000  8.607886e-002  2.651035e-001 -2.008929e+000  1.502982e+000 -1.413727e+000  7.438831e-002 -4.599616e-001 -2.092642e+000 -4.339966e-001 -4.562431e-001  4.568497e-001  3.591993e-001 -1.293001e+000  2.192723e-001  1.710013e+000  6.407045e-002
-2.837095e+001  4.909242e+000  6.744865e-002 -1.214000e-001 -2.843807e+000 -2.560671e+000 -1.958414e+000 -6.521434e+000 -5.165943e+000  4.267969e+000  2.880947e+000 -5.795548e+000  5.121048e+001 -2.726440e+000 -3.060836e+000 -4.147820e+000 -9.971365e-001 -1.680606e+000 -5.221404e-001 -1.300984e-001  1.297514e-001  1.210064e+000  2.081478e+000  2.754460e-001  2.356612e+000 -1.844263e+000  1.732034e+000 -2.059472e-001  1.063139e+000 -2.137362e-001 -7.875833e-001  1.881121e-001  2.000031e-001  5.594820e-001  1.713014e-001 -1.652066e+000 -3.680572e-001  9.717351e-001  3.211650e-001
-2.950031e+001  3.496350e+000 -4.323462e+000 -2.550146e+000 -5.295837e+000 -3.843469e+000 -1.709195e+000 -4.172539e+000 -3.400340e+000  1.081354e+000  3.083583e+000 -1.700055e+000  4.919621e+001 -7.964290e-001 -1.614530e+000 -2.908062e+000 -2.233766e+000 -1.447227e+000  5.644686e-001  1.424994e+000  2.084391e+000  1.843651e+000 -3.310464e-001 -6.852384e-001  2.935538e+000 -1.404685e+000  1.317068e+000  5.367801e-001  1.175534e+000  4.655547e-002  2.201769e-001  3.905939e-001  2.629424e-001  1.548228e-001  6.195753e-002 -1.186045e+000 -4.318704e-001 -2.443745e-001  5.747705e-001
-3.009838e+001  3.968117e+000 -1.916030e+000  3.161099e-001 -1.249391e+000  1.355536e+000  3.195621e+000 -2.614646e+000 -1.833547e+000  6.154422e+000  1.865185e+000 -1.318701e+000  4.793140e+001  7.258453e-002 -7.982683e-001 -8.610219e-001 -1.284595e+000  3.414491e-001  1.949797e+000  2.025611e+000  2.840886e-001  1.547596e+000 -1.848346e+000 -1.876944e+000  1.055179e+000 -6.492779e-001  6.590778e-001  4.531384e-001  6.501929e-001  2.202928e-001  4.099945e-001 -1.112910e-001 -1.619542e-001 -1.939486e-001 -3.637332e-001 -1.071681e+000 -1.320359e-001 -8.753834e-001  6.682400e-001
-2.893860e+001  2.205435e+000 -4.338441e+000 -6.503275e+000 -4.268381e+000  5.199142e+000  1.022272e+001  1.030996e+000  7.390227e-001 -3.276417e+000 -5.238462e+000  3.434281e+000  4.821036e+001  2.696363e-001 -8.528931e-001 -1.232424e+000 -9.878141e-001  1.326324e-001  4.790904e-001  5.133309e-001 -4.745903e-001  1.233339e+000 -8.745335e-001 -9.970779e-001 -3.060524e-001  2.674305e-001  6.260799e-002 -2.328391e-002  1.833192e-001  7.101871e-001  3.225150e-001 -6.213024e-001 -8.189911e-001 -2.577665e-001 -6.418440e-001 -3.087751e-001  6.817489e-001 -9.000589e-001  5.247918e-001
-2.828888e+001  1.563358e+000 -4.230171e+000 -4.567812e+000 -1.650289e+000  2.667010e+000  2.203682e+000 -7.702759e+000  5.023568e-001 -2.794876e+000 -2.342751e+000 -3.086823e+000  4.845702e+001  3.591652e-002 -1.175963e+000 -1.734675e+000 -5.186484e-001 -4.205633e-001 -1.035906e+000 -4.840380e-001  4.394992e-001 -3.034466e-001 -3.005184e+000 -2.288136e-001 -3.995099e-001  6.608788e-001 -1.682568e-001 -2.140375e-001 -4.969859e-003  4.614779e-001  5.212403e-002 -6.279894e-001 -7.903357e-001  3.271339e-001 -5.085109e-001  1.414752e-001  9.714419e-001 -2.633901e-001  2.703248e-001
-2.905688e+001  4.342642e-001 -9.328511e+000 -5.047256e+000 -4.432227e+000 -2.103754e+000  1.353429e+000 -4.001434e+000  1.598405e+000  1.183336e+000  2.021617e-001 -2.346256e+000  5.027055e+001 -4.650551e-001 -1.542103e+000 -1.554639e+000  9.341966e-001  5.463541e-001 -1.049192e+000 -1.415137e+000  7.178532e-001 -4.400479e-001 -1.296503e+000  1.899441e+000 -8.374118e-001  5.641960e-001 -1.200346e-001 -1.321399e-001  4.699104e-001 -1.089268e-002  3.498301e-001  1.197999e-001 -4.304460e-001  1.241250e-001 -3.076498e-001  1.363684e-001  5.857368e-001  2.743811e-001  7.721191e-002
-2.985966e+001 -1.026110e+000 -8.094368e+000 -3.005142e+000 -3.270285e+000 -1.725474e-001  5.210078e+000  2.099065e+000 -3.780471e+000 -1.110138e+001 -1.999195e+000 -4.259822e-001  5.020570e+001 -4.013537e-001 -1.523851e+000 -7.247635e-001  6.178897e-002  3.952084e-001 -4.260086e-001 -9.618337e-001  1.323536e+000 -1.582648e-001 -9.299853e-001  1.532006e+000  3.907752e-003  5.539635e-001  1.447224e-001  7.887317e-002  6.228632e-001 -7.007326e-001  2.158425e-001  2.102262e-001 -2.047516e-001 -2.181610e-001  1.317492e-001  6.307253e-001  2.852480e-001  5.049602e-001  1.381623e-001
-3.047849e+001 -4.210344e+000 -1.017954e+001 -2.613627e+000 -7.266128e-001  1.372962e+000  1.643839e+000 -2.806500e-001  6.801968e-001 -5.605680e+000  4.086964e+000 -2.083198e+000  5.015700e+001 -1.119017e-001 -1.339648e+000  6.121724e-001 -1.332496e+000  1.473897e+000  7.731410e-001 -1.400001e+000 -2.959839e-001 -3.775007e-001 -1.230291e+000  1.051196e+000  8.641442e-001  7.069477e-001  4.880823e-001  3.844693e-001  5.975318e-001 -9.879001e-001 -3.521743e-001 -4.222602e-002  1.898969e-001 -2.660833e-001  7.353426e-002  3.258585e-001 -2.570773e-001  5.100101e-001  3.026921e-001
-2.958484e+001 -3.733593e+000 -7.428475e+000 -5.475682e+000 -1.527054e+000 -1.201391e+000 -2.750692e+000 -2.945470e+000  1.701367e-001 -4.050294e+000  3.374880e+000 -3.198813e+000  5.128361e+001  5.829519e-001 -8.828239e-001  2.962356e-001 -2.888965e+000  1.948777e-001 -8.959416e-001 -1.515364e+000 -1.443875e-001  3.240258e-001  1.153365e-001  1.621549e+000  1.274513e+000  1.280315e+000  6.400973e-001  3.170603e-001  1.564657e-001 -6.202163e-001 -6.341810e-001 -2.774845e-001  3.849033e-001 -3.097566e-002 -1.897587e-001  1.375844e-001 -3.634236e-001  8.018243e-002  2.955175e-001
-2.975379e+001 -4.910237e+000 -6.600596e+000 -1.047447e+001  2.065642e+000  2.276373e+000 -1.666191e+000 -2.959086e+000 -2.264403e+000 -8.493661e+000  2.771105e+000  3.360881e+000  5.326633e+001  1.483204e+000  5.973048e-002  9.225203e-001 -2.529927e+000 -1.114352e+000 -1.025355e+000 -1.888873e-001  1.213986e-001 -3.135219e-001 -1.898713e-001  5.692833e-001  1.077336e+000  1.714481e+000  8.279689e-001  4.176380e-001  1.423926e-001  1.890635e-001 -8.407472e-001 -2.427124e-001  9.195443e-001  3.750043e-001  1.198639e-002  4.091155e-001 -7.048939e-001 -5.215757e-001  7.905712e-002
-2.730725e+001 -5.090283e+000 -8.402661e+000 -1.351955e+001 -3.692024e+000 -5.103961e+000 -7.117266e-001  2.716346e+000 -6.880422e-001 -9.080703e+000  6.766478e+000  3.224545e+000  5.505260e+001  2.001580e+000 -6.382388e-001 -9.760904e-002 -2.440577e+000 -1.481572e+000 -9.141829e-001  3.571260e-001  9.599667e-001 -1.139048e+000 -7.622733e-001 -4.415531e-002  2.982241e-001  1.527784e+000  1.250829e+000  3.305037e-001  9.113845e-001  1.352841e+000 -4.456223e-001 -8.140868e-002  5.380167e-001 -2.109099e-001  2.164673e-001  2.077000e-001 -9.615757e-001 -7.147123e-001 -1.614537e-002
-2.420127e+001 -3.233346e+000 -5.079844e+000 -1.124133e+001 -5.215889e+000 -1.802531e+000 -3.200795e-001 -2.504565e+000 -4.583233e-001 -4.039832e+000  5.237582e+000  9.180219e-002  5.684491e+001  3.318629e+000  6.262490e-001  1.521057e+000 -6.113728e-001 -1.891614e+000 -4.313003e-001  2.261475e+000  1.026860e+000  4.139680e-001  1.254091e+000 -1.640421e+000 -1.255590e+000  9.784985e-001  1.449570e+000 -6.870426e-002  1.396314e+000  1.911749e+000 -4.046932e-001 -4.443313e-001 -4.924656e-001 -8.571532e-001  1.061326e+000 -4.068070e-001 -1.344566e-001 -6.380028e-001  2.188873e-001
-2.235320e+001 -7.763232e+000 -8.676896e+000 -1.729514e+001 -5.294148e+000 -3.732854e+000 -1.638118e+000  1.627103e+000 -6.428142e+000 -1.008858e+001  1.920865e+000 -7.315315e-002  5.713325e+001  5.919386e+000  4.864355e-001  4.553890e+000  2.915961e+000 -1.644603e+000 -1.600013e+000 -5.046181e-002 -1.651668e+000  1.042617e+000  4.318553e-001 -2.081477e+000 -1.132585e+000  1.567579e+000  1.049945e+000 -2.732682e-001  1.425882e+000  2.022198e+000 -5.954041e-001 -5.445773e-001 -1.220052e+000 -1.324015e+000  1.696268e+000 -9.739636e-001  8.949112e-001 -4.210745e-001  5.827557e-001
-1.563767e+001 -4.425175e-001  1.141809e+000 -1.164354e+001 -6.591367e+000 -5.656819e-001  1.010438e+001  2.719838e+000  2.675487e+000 -1.719269e+000 -3.008195e+000 -1.268219e+000  5.711850e+001  6.772151e+000 -8.461280e-001  5.578341e+000  4.350548e+000 -3.056303e+000 -2.904097e+000 -2.447421e+000 -2.858550e+000  3.902274e+000 -2.820971e+000  9.156612e-001 -1.397274e+000  2.789020e+000 -1.572419e-001 -8.436978e-001  1.223629e-001  8.896438e-001 -5.096648e-001 -3.401591e-001 -1.551217e+000 -8.344919e-001  1.056506e+000 -1.517489e+000  1.616935e+000 -6.915341e-002  6.419577e-001
-1.992112e+000 -4.053520e+000  1.125596e+001  1.261361e+000 -1.122730e+001 -1.372245e+001 -6.176266e+000 -8.154194e+000  2.958140e+000 -8.081708e+000  4.819792e-001 -1.758370e+000  6.275370e+001  5.524547e+000 -1.268391e+000  5.003160e+000  5.189454e+000 -3.876248e+000 -2.400671e+000 -3.388683e+000 -3.717403e+000  5.598139e+000 -3.594560e+000  3.152359e+000 -1.736306e+000  3.536302e+000 -1.590260e+000 -6.457734e-001 -1.313797e+000 -7.902417e-001  1.093316e-003  4.222926e-001 -5.211708e-002  5.503557e-001  9.431186e-002 -6.487109e-001  1.188675e+000  1.226734e-001  5.574379e-002
-5.210586e-001 -9.318842e+000  1.284543e+001  1.233163e+000 -1.753083e+001 -1.132822e+001 -1.028811e+001 -1.190667e+001  1.435991e+001 -1.914812e+001  1.053533e+001 -6.051958e+000  6.797978e+001  2.729839e+000 -2.714826e+000  1.908237e+000  2.700100e+000 -3.324116e+000 -1.731767e+000 -3.825499e+000 -2.112731e+000  3.418739e+000 -4.320148e+000  3.827336e+000 -1.299496e+000  3.203926e+000 -1.926868e+000 -1.761833e-002 -1.723503e+000 -1.426774e+000  7.704801e-001  6.084906e-001  1.126004e+000  1.290200e+000 -1.317844e+000  6.819233e-001 -9.605260e-002  5.028827e-001 -6.588734e-001
-2.288774e+000 -9.667027e+000  1.048709e+001  2.213786e+000 -1.920566e+001 -1.035494e+001 -8.385286e+000 -9.646658e+000  1.572034e+001 -1.934695e+001  1.091090e+001 -6.362815e+000  6.938412e+001 -1.075937e-002 -1.808082e+000 -1.800446e-001 -2.100233e-001 -1.505230e+000 -7.471456e-002  3.779918e-001  7.272012e-001  1.755945e+000 -2.062111e+000  2.406061e+000 -5.681071e-001  1.638845e+000 -1.343355e+000  3.945834e-001 -1.266420e+000 -1.298432e+000  1.014735e+000  2.841117e-001  1.358753e+000  1.295919e+000 -1.754346e+000  1.023824e+000 -7.241036e-001  6.730919e-001 -9.784935e-001
-1.840146e+000 -1.120990e+001  1.106743e+001  1.380751e+000 -1.922277e+001 -1.090827e+001 -7.918606e+000 -7.097587e+000  1.338808e+001 -1.768738e+001  1.091403e+001 -5.463478e+000  6.982292e+001 -9.453525e-002 -6.643744e-001 -4.475704e-001 -8.358469e-002 -3.894115e-001 -1.024623e+000  1.299259e+000  1.370146e+000 -7.658494e-001 -1.775791e-001  8.085474e-001  5.330403e-001  4.433815e-001 -4.922677e-001  7.273879e-001 -4.611871e-001 -3.452055e-001  7.063488e-001 -4.028706e-002  9.309325e-001  6.113438e-001 -1.102555e+000  7.881404e-001 -6.639792e-001  5.261954e-001 -8.602056e-001
-1.386365e+000 -1.214840e+001  1.124474e+001  1.374507e-001 -1.790748e+001 -1.430600e+001 -5.471060e+000 -6.922728e+000  1.222378e+001 -1.912263e+001  1.232294e+001 -4.893146e+000  7.002635e+001  2.199603e-001 -3.207005e-001 -1.510369e-001  8.913518e-002 -2.699236e-001 -1.333684e+000  8.427033e-001  1.020754e+000 -1.081297e+000 -5.467243e-001  1.041236e+000  7.128852e-001  2.410660e-002  8.116930e-002  5.069768e-001 -2.042536e-002  3.712309e-001  2.330265e-001 -1.888086e-001 -9.893224e-002  3.921273e-002 -5.524628e-001  1.126654e-001 -2.637717e-001  2.693363e-001 -5.245798e-001
-1.444939e+000 -1.140003e+001  1.022875e+001  1.853408e+000 -2.012697e+001 -1.447580e+001 -5.248930e+000 -6.417903e+000  1.227894e+001 -2.014818e+001  1.387205e+001 -4.121591e+000  6.987557e+001  1.531407e-001  1.784223e-001 -4.122025e-001  8.244933e-001 -4.100250e-001 -1.303717e+000  5.968071e-001  7.972115e-001 -6.754136e-001 -1.137139e+000  1.189853e+000  6.909845e-001 -2.897331e-001  1.944384e-001  1.694599e-001  1.163110e-001  3.420221e-001  1.578215e-001  4.073918e-002 -2.853652e-001  5.101663e-002 -1.558720e-001 -2.818024e-001 -1.773885e-002  2.024859e-002 -3.803639e-001
-1.386576e+000 -1.117546e+001  1.015125e+001  2.423134e+000 -2.010317e+001 -1.523959e+001 -5.506608e+000 -4.882732e+000  1.086842e+001 -2.085018e+001  1.463807e+001 -3.469333e+000  6.947832e+001  2.712491e-001  3.054035e-001 -2.998553e-001  1.192092e+000 -3.297905e-001 -8.792104e-001  2.345566e-001  1.209732e+000 -1.051587e+000 -1.019004e+000  8.965494e-001  6.996024e-001 -6.174965e-001  3.670438e-001 -5.527469e-002  1.898163e-001  3.202921e-001  2.476575e-001  2.033854e-001 -2.998883e-001  3.263774e-001 -3.567855e-001 -1.588088e-001 -2.160881e-001  1.429897e-002 -4.836935e-001
-1.074337e+000 -1.080425e+001  9.553161e+000  4.360376e+000 -2.017505e+001 -1.696006e+001 -4.916797e+000 -4.131527e+000  1.068869e+001 -2.250930e+001  1.570573e+001 -2.720462e+000  6.864827e+001  8.520122e-001 -1.301270e-001  2.083936e-001  1.075047e+000  4.296295e-001 -1.048164e+000  1.765066e-001  1.530740e+000 -1.560064e+000 -1.350451e+000  7.921963e-001  6.409247e-001 -1.137637e+000  5.171578e-001 -1.477974e-001  3.006223e-001  3.265983e-001  3.697224e-001  2.701738e-001 -3.109889e-001  4.307436e-001 -5.635769e-001 -6.972574e-002 -4.714883e-001  5.193096e-002 -6.390401e-001
-2.154206e-001 -1.091927e+001  1.008326e+001  4.844428e+000 -1.953240e+001 -1.745992e+001 -4.464344e+000 -2.017255e+000  7.760969e+000 -2.303709e+001  1.588884e+001 -2.095698e+000  6.755252e+001  1.705744e+000 -4.427993e-001  4.877467e-001  1.565319e+000  5.485365e-001 -4.445339e-001 -4.465881e-001  2.285877e+000 -2.422899e+000 -1.234112e+000  1.596233e-001  8.094100e-001 -1.970409e+000  3.084797e-001  2.846961e-001  1.276880e-001  5.643527e-001  5.018206e-001  1.029587e-001 -1.823389e-001  3.294091e-001 -4.936730e-001  9.752715e-002 -7.104492e-001 -1.577107e-002 -8.232540e-001
 2.229544e+000 -1.217876e+001  1.130471e+001  6.017995e+000 -1.826421e+001 -1.860646e+001 -4.887529e+000 -1.969434e-001  6.032350e+000 -2.580698e+001  1.720764e+001 -1.603784e+000  6.515029e+001  2.021683e+000 -1.864634e-001  6.971081e-001  2.270871e+000  9.994236e-001 -1.701862e-001 -6.175650e-001  2.412857e+000 -2.807642e+000 -1.378213e+000 -7.991255e-001  8.957356e-001 -2.808477e+000 -3.173914e-001  1.088139e+000 -1.798980e-001  5.899495e-001  6.905116e-001  1.894425e-001  2.199017e-001 -3.476758e-002 -6.262745e-001  7.051188e-001 -1.035054e+000 -7.723235e-002 -1.003786e+000
 5.490202e+000 -1.270221e+001  1.171420e+001  9.420918e+000 -1.831590e+001 -1.663906e+001 -7.754182e+000  4.579359e+000  1.082097e+000 -2.537190e+001  1.468522e+001  1.937856e-002  6.137527e+001  1.228812e+000  1.757052e+000  9.422741e-002  3.415944e+000  1.894415e+000 -8.034058e-001 -2.801020e-001  2.415719e+000 -2.896163e+000 -5.174873e-001 -1.860036e+000  4.933416e-001 -3.898347e+000 -1.126130e+000  1.497472e+000 -3.502666e-001 -1.157857e-001  7.771342e-001  6.228693e-001  8.716566e-001 -8.017058e-001 -4.580921e-001  1.402687e+000 -1.292286e+000 -3.956711e-001 -1.034003e+000
 6.181264e+000 -1.084510e+001  1.222323e+001  1.342649e+001 -1.578617e+001 -1.822142e+001 -6.359703e+000  4.634451e+000 -1.008901e-002 -2.823296e+001  1.231191e+001  7.006777e-001  5.769451e+001 -4.964795e-001  4.210640e+000 -4.943367e-001  3.099482e+000  3.209248e+000  7.848454e-002  1.192772e+000  1.291981e+000 -4.454805e+000  1.816830e+000 -3.373243e+000  4.127971e-001 -5.192600e+000 -1.600756e+000  1.017256e+000 -3.807032e-001 -1.398555e+000  1.186584e-001  1.504957e+000  1.286321e+000 -1.371925e+000  2.932518e-001  2.140911e+000 -1.506899e+000 -8.877493e-001 -7.890413e-001
 3.952781e+000 -2.800839e+000  1.009514e+001  1.821990e+001 -1.129934e+001 -2.166947e+001 -5.128767e+000  7.645643e+000 -3.698629e+000 -2.441153e+001  9.036531e+000 -7.812214e-001  5.178868e+001 -2.665828e+000  4.846008e+000 -6.678641e-001  5.720851e-001  3.329295e+000  2.545477e+000  3.006526e+000 -1.162215e+000 -3.889778e+000  4.181800e+000 -5.014750e+000 -9.274764e-001 -5.948364e+000 -1.445472e+000 -3.611122e-001 -1.430171e-001 -2.162347e+000 -7.120616e-001  2.047041e+000  1.448243e+000 -1.478131e+000  1.202654e+000  2.171322e+000 -1.056175e+000 -1.150189e+000 -1.777947e-001
 5.158570e-001  3.923759e+000  9.642562e+000  1.711592e+001 -5.726255e+000 -1.569883e+001 -2.363759e-001  4.729817e+000 -1.385131e+001 -1.720301e+001  3.165775e+000  8.605011e-001  4.398059e+001 -4.034775e+000  3.355336e+000 -8.253618e-001 -3.299975e+000  8.752760e-001  5.680156e+000  4.170726e+000 -2.657799e+000 -8.445758e-001  6.976696e+000 -6.756262e+000 -2.832602e+000 -5.728675e+000 -4.868987e-001 -1.840220e+000 -5.872030e-001 -1.712832e+000 -9.382649e-001  7.684362e-001  1.050300e-001 -5.327098e-001  1.937148e+000  9.593967e-001  4.246137e-001 -5.911571e-001  9.482371e-001
-5.006232e+000  4.143402e+000  9.665215e+000  1.043663e+001 -6.699389e+000 -5.172972e+000  4.216785e+000 -1.279397e+000 -1.144618e+001 -9.977874e+000 -5.815455e+000 -4.697915e+000  3.849041e+001 -4.229398e+000  3.791435e-001 -4.553457e-001 -4.196062e+000 -4.989067e-001  6.630964e+000  5.472136e+000 -3.000048e+000  1.311993e+000  7.759192e+000 -5.449400e+000 -3.634906e+000 -4.519283e+000  8.681293e-001 -2.431278e+000 -1.134517e+000 -2.898917e-001 -3.121749e-001 -1.517950e+000 -1.621674e+000  6.770494e-001  1.389997e+000 -7.695757e-001  2.087943e+000  7.327381e-001  2.346187e+000
-9.513105e+000  2.459457e+000  8.311383e+000  8.182498e-001 -1.370977e+001  1.931112e+000  9.821149e+000 -4.192024e+000 -3.591904e-001 -5.663095e-001 -1.404341e+001 -1.150399e+001  3.570027e+001 -2.149188e+000 -2.757028e+000 -3.536611e+000 -3.080604e+000  4.320246e-001  1.877922e+000  4.851171e-001 -4.526518e-001  2.630049e+000  4.825119e+000 -1.032849e+000 -1.189274e+000 -1.165955e+000  1.214938e+000 -1.706660e+000 -9.573471e-001  1.011696e+000  6.555632e-001 -3.256839e+000 -2.597036e+000  1.235868e+000 -8.451009e-003 -2.157581e+000  3.023047e+000  1.828531e+000  2.977484e+000
-1.217973e+001 -1.729700e-001  8.484000e+000  5.388422e+000 -9.802114e+000  2.670378e+000  1.720315e+001 -2.893676e+000 -3.884725e+000  6.066077e+000 -9.605878e+000 -1.277351e+001  3.333242e+001  7.320253e-001 -4.254200e+000 -4.984825e+000 -9.870588e-001  1.990046e+000 -3.143155e+000 -3.259041e+000  1.120459e+000  1.322893e+000  1.409710e+000  2.563260e+000  1.914550e+000  3.501212e+000  3.196027e-001 -2.045229e-001 -6.220291e-002  1.041609e+000  6.614726e-001 -2.910615e+000 -2.235427e+000  1.111785e+000 -5.974742e-001 -2.542485e+000  2.149869e+000  1.692932e+000  2.439120e+000
-6.643335e+000 -7.703192e+000 -7.449884e+000  4.236999e+000 -2.014769e+000 -1.023090e+001 -4.303973e+000  3.273697e+000 -4.481797e+000 -1.099392e+000 -1.032570e-001 -1.048072e+000  4.072981e+001 -4.407986e-001 -2.861291e+000 -3.347358e+000  1.540028e-001  2.908616e+000 -5.716979e+000 -4.448864e+000  1.461287e+000 -8.922809e-001 -6.364671e-001  4.352643e+000  3.535326e+000  5.148499e+000 -1.283420e+000  1.144437e+000  1.396830e+000  5.013554e-001 -2.060185e-001 -4.057005e-001  2.729400e-001  4.399207e-001 -5.195320e-001 -1.753562e+000  4.684631e-001  4.105318e-001  6.941690e-001
-2.780991e+000 -1.204628e+001 -7.378275e+000  3.791962e+000 -2.596658e+000 -1.480774e+001 -5.015860e+000  5.900362e-001 -2.770416e+000 -2.662781e+000  3.077031e-002 -3.531218e-001  5.348170e+001 -3.485579e+000 -5.913391e-001 -8.609868e-001 -6.053195e-001  1.570161e+000 -4.124662e+000 -3.238010e+000  1.601910e+000  8.578663e-002 -2.222443e+000  2.607201e+000  2.467456e+000  4.519092e+000 -1.960185e+000  1.528595e+000  1.551953e+000 -1.317987e-001 -8.800513e-001  1.776856e+000  1.717880e+000  1.753386e-002 -1.949082e-002 -7.971500e-001 -6.288530e-001 -5.585298e-001 -1.110808e+000
-1.641647e+001 -5.910347e+000 -4.942674e-001  2.386494e+000 -2.769419e+000 -1.791472e+001 -1.313669e+000  1.372554e+000 -5.377749e+000  6.157838e-001  2.901486e+000 -3.755037e-002  5.136813e+001 -6.457485e+000  1.133726e+000  1.385618e+000 -7.646965e-001 -3.881251e-001  3.401728e-001  1.839302e+000  1.506226e+000  6.509421e-001 -2.126614e+000  1.287496e+000  5.869324e-001  1.795951e+000 -5.543887e-001  7.722898e-001  5.200574e-001 -5.335080e-001 -1.133082e+000  2.439173e+000  1.731562e+000 -4.221058e-001  2.055426e-001  6.957491e-002 -9.955208e-001 -7.751594e-001 -1.427599e+000
-2.472106e+001 -4.026088e+000  7.012575e-001  3.287077e+000 -1.573986e+000 -1.411102e+001 -4.820515e-001  6.066447e+000 -3.007815e+000 -5.903726e+000  1.927757e+000 -9.414911e-001  5.060872e+001 -6.060555e+000  1.391264e+000  4.084504e-001 -1.186703e+000 -7.618398e-001  2.712547e+000  2.186274e+000  1.185658e+000  4.538274e-001 -1.830966e+000  9.515686e-001  5.960976e-001 -3.765564e-001  1.150669e+000  8.082876e-002 -3.749181e-001 -5.837862e-001 -9.247310e-001  1.038459e+000  4.955546e-001 -1.076387e+000 -3.314081e-001  1.111020e+000 -4.645068e-001 -4.389707e-001 -9.208231e-001
-2.796073e+001 -6.044656e+000 -4.561560e+000  6.659585e-001 -4.466731e+000 -8.878395e+000  2.625631e+000  8.066623e+000 -1.108386e+000 -1.011199e+001  5.385730e+000  2.180775e+000  5.114605e+001 -1.925254e+000  8.855915e-003 -1.381789e+000 -2.222846e+000 -1.590796e+000  3.060281e+000  1.496805e+000 -4.411166e-001 -4.858806e-002 -4.843312e-001  2.028558e-001  5.952076e-001  4.583271e-001  1.940045e+000 -2.543042e-002 -5.038152e-001 -4.316272e-001 -3.157946e-001 -3.933151e-001 -8.591218e-001 -1.295427e+000 -4.529048e-001  1.378175e+000 -2.958342e-001 -6.264882e-002 -2.365739e-001
-2.731164e+001 -5.022799e+000 -3.302377e+000 -1.281284e+000 -5.557201e+000 -5.763170e+000  3.945860e+000  3.171294e+000 -2.635960e+000 -6.453721e+000  3.546492e+000  1.518204e+000  5.170996e+001  1.651192e-003  3.752398e-001 -1.351874e+000 -2.795176e+000 -2.452158e+000 -2.924210e-001 -5.889887e-001 -2.806355e+000 -1.221489e+000  2.511516e+000  8.269873e-001  2.684647e-001  5.837879e-001  1.314583e+000  1.437551e-001  7.217114e-002  3.130500e-002  1.340801e-001 -8.485907e-001 -8.665910e-001 -5.614732e-001  2.724544e-001  9.784273e-001 -3.280970e-001 -1.109708e-001 -4.923775e-002
-2.474744e+001 -5.367712e+000 -5.401397e+000 -6.443553e+000 -8.731792e+000 -6.787241e+000  3.956399e+000  6.145467e-001 -5.806617e+000 -1.530874e+000  3.106398e+000  1.708640e+000  5.310915e+001  2.116390e-001  1.514586e+000 -2.532960e-001 -2.118596e+000 -1.121939e+000 -1.239185e-001 -1.068676e+000 -2.974900e+000 -7.759238e-001  2.593021e+000 -1.293846e-001  4.375048e-001  1.329090e-001  1.546334e-001  2.482841e-001  4.113379e-001  3.201763e-001  3.820619e-001 -5.593932e-001 -3.355334e-001  3.107595e-001  9.354516e-001  6.208277e-002 -3.759463e-001 -2.420823e-001 -3.592261e-001
-2.631944e+001 -2.488361e+000 -5.638193e+000 -7.134048e+000 -1.170225e+001 -1.661870e+001 -4.092379e+000 -4.239289e+000 -6.766144e+000  2.363296e+000  7.202359e+000  6.368998e-001  5.254611e+001 -5.560867e-001  1.357175e+000  2.050594e-001 -1.082303e+000 -3.258677e-001  6.169362e-002 -8.639407e-001 -3.548159e-001  2.179767e+000  1.522494e+000 -5.227960e-001  1.200951e-001 -4.600361e-001 -2.300486e-001 -1.862400e-001  2.368350e-001  4.209886e-001  5.906993e-001  7.862043e-002  2.157184e-001  9.174263e-001  1.178178e+000 -6.515201e-001 -4.090523e-001 -2.842328e-001 -3.726216e-001
-2.739863e+001  2.610569e-001 -4.660132e+000 -7.000638e+000 -7.003903e+000 -4.070222e+000  1.301371e+000 -3.102586e+000 -2.922914e+000 -1.555393e+000  2.910873e+000  4.808951e+000  5.139252e+001 -8.732179e-001  7.593089e-001 -1.035661e-001 -1.478401e+000 -7.436323e-001  8.625741e-002 -4.338598e-002 -1.130883e-001  2.928042e+000  3.205935e-001 -1.001984e+000 -5.410188e-001 -8.158913e-001 -1.099175e-001 -5.495258e-001 -1.175660e-001  3.266537e-001  4.271902e-001 -8.058431e-002  1.715343e-001  6.074859e-001  2.093555e-001 -6.430411e-001 -7.124469e-002 -3.814943e-001 -1.792008e-001
-2.876648e+001 -1.051309e+000 -2.647712e+000 -6.414254e+000 -8.050485e+000 -6.813212e+000  9.536710e-001  3.255781e+000  6.821023e+000  1.171011e+000  1.030274e+000  5.685239e-001  5.026809e+001 -6.061632e-001 -1.783213e-001 -2.425636e-001 -1.010331e+000  3.121849e-001 -4.406834e-003 -2.304152e-002  3.498712e-001  2.817418e+000  3.901295e-001 -7.819748e-001 -6.634375e-001 -8.049198e-001  2.098179e-001 -2.680838e-001 -2.969351e-001  4.202710e-001  4.643840e-001  1.201091e-001  1.923726e-001 -1.909896e-001 -1.152833e+000 -5.969667e-001 -3.937256e-002 -4.131532e-001  3.701935e-002
-2.789002e+001 -2.289693e+000 -7.414468e+000 -1.419545e+001 -1.427584e+001 -1.125870e+001  1.216444e+000 -3.698430e+000  2.040008e+000  6.682358e-001  1.182521e+000 -9.622660e-001  5.016870e+001 -3.129101e-001 -4.652946e-001 -6.173144e-001 -5.213135e-001  6.949859e-001 -4.937899e-001 -6.314539e-001 -2.898137e-001 -4.797139e-002 -5.600140e-002 -3.560186e-001 -1.078200e+000 -5.906532e-001  3.282872e-001  2.158014e-001 -1.314598e-001  7.300834e-001  5.856502e-001  4.165470e-001  2.536534e-001 -9.966259e-002 -1.251953e+000 -7.278810e-001 -3.023497e-002  3.522460e-002  1.779747e-001
-2.910457e+001 -2.104593e+000 -5.473843e+000 -8.588293e+000 -6.505356e+000 -1.304650e+001 -4.165123e+000 -2.192011e+000  4.839484e+000  3.202129e+000  4.156662e+000  2.053210e-001  4.913342e+001  2.128487e-001  6.290577e-001 -1.022742e+000  5.405087e-001  1.276743e+000  9.522626e-001  3.919563e-001 -1.221401e+000 -2.096390e+000 -1.274041e+000 -1.042642e+000 -1.677080e+000 -3.875584e-001  2.923461e-001  3.780401e-001 -6.878109e-002  4.345810e-001 -1.222180e-001  4.660636e-001  3.777781e-001 -9.303097e-002 -6.783823e-001 -7.712508e-001 -2.759665e-001  2.628775e-001  2.444231e-001
-2.879414e+001 -1.538774e+000 -6.333639e+000 -8.520186e+000 -4.301538e+000 -3.422529e+000  7.034985e-001 -1.827758e+000 -2.172001e+000 -2.850960e+000 -4.324139e-001 -4.004498e-001  4.900659e+001  3.587124e-001  1.434626e+000 -3.707759e-001  1.396597e+000  1.702340e+000  1.690657e+000  1.017382e+000  1.742348e-001 -8.748193e-001 -2.486726e+000 -1.022825e+000  1.419254e-001 -1.346985e-001  4.723002e-002 -7.114017e-003  8.913185e-002  1.130318e-001 -5.417299e-001  1.658563e-001  7.752816e-002  1.790456e-001  5.377169e-001  1.347932e-001  5.336650e-002  5.840148e-001  2.141977e-001
