38 39
-7.979388e+000  1.535645e+000 -4.701310e+000 -3.118444e+000 -7.892369e+000 -7.590469e+000  2.230214e-001  1.192892e+001  1.296896e+000 -5.673553e+000 -4.439859e+000  1.539907e-001  3.510379e+001 -3.632329e-001 -2.808202e+000 -2.476657e+000  2.010553e-002  1.069617e+000 -1.346836e+000  2.347775e-002  1.093139e+000 -7.254478e-001  1.171264e+000  2.934032e+000  9.203179e-001  4.660977e+000 -1.349947e+000 -2.339376e-001  2.111019e-001  8.231688e-001  5.221644e-001 -2.449717e-001 -3.279384e-001 -1.181892e+000  1.271719e-001  4.699417e-001  8.238904e-001  5.962859e-001  1.071334e+000
-1.234090e+001 -5.818322e+000 -9.215652e+000 -3.090470e+000  3.632945e+000 -3.875158e+000  4.689173e+000  4.423243e+000 -3.364390e-001  5.793913e+000  9.517797e+000  5.438275e+000  4.189377e+001 -2.627884e+000 -2.901148e+000 -1.549476e+000  1.098923e+000 -9.216581e-002 -2.394452e+000 -1.347088e+000 -9.199319e-001  4.005587e-001  1.203057e+000  3.140285e+000  2.228468e+000  5.407748e+000 -1.177836e+000  9.970983e-001  9.476287e-001  4.988820e-001 -1.845180e-002  5.823315e-002 -4.996929e-001 -9.291958e-001 -2.926061e-002 -6.526064e-001 -8.127779e-001 -1.823940e-002  1.303030e-001
-1.677808e+001 -6.962827e+000 -8.222425e+000  3.443659e+000  4.237758e+000 -6.928970e+000 -1.382858e-001  7.275233e+000  3.684231e+000 -4.269654e-001  8.257499e+000  8.241823e-001  4.792161e+001 -3.592074e+000 -1.426340e-001  8.620173e-001  1.506301e+000  5.809247e-001 -1.229133e+000 -8.113471e-001 -2.860641e+000 -1.307439e+000 -1.096314e+000  1.447391e+000  2.425745e+000  4.970065e+000 -5.658391e-001  1.485505e+000  6.542296e-001 -6.947172e-001 -2.850026e-001  6.626949e-001  4.325758e-003 -4.977876e-001 -1.610154e-001 -5.548131e-001 -1.412116e+000 -3.316305e-001 -6.944698e-001
-1.981888e+001 -3.651986e+000 -3.210785e+000  3.598636e+000 -5.762280e+000 -1.287256e+001 -1.251970e+000  2.437289e-001  2.809345e-001 -1.207801e+000  6.415558e+000  4.591558e+000  5.235474e+001 -3.182393e+000  1.998293e+000  1.128235e+000  1.592221e-001 -4.533839e-001 -3.902023e-001 -1.145990e+000 -1.206516e+000 -9.350374e-001 -2.238167e+000 -1.994403e+000  3.483536e-001  3.383805e+000  7.849798e-002  9.896333e-001 -3.688591e-001 -1.419088e+000  1.784375e-001  1.058605e+000  5.498405e-001  2.617146e-001 -5.767863e-002  1.056607e-001 -1.101618e+000 -8.294827e-001 -1.058724e+000
-2.220077e+001 -2.606932e-001 -3.393657e+000  1.068507e+000 -2.901333e-001 -9.237435e+000 -8.631428e-001 -2.845310e-001 -5.548985e+000 -7.654269e+000  4.348214e+000  1.270607e+001  5.472363e+001 -2.915174e+000  2.169602e+000 -5.443641e-001 -2.983630e+000 -1.747871e-001  9.645140e-001 -5.544239e-002 -1.252506e+000 -8.627270e-001  1.178102e-001 -1.559203e+000  2.022227e-001  2.200600e+000  3.382811e-001 -5.271894e-003 -9.248102e-001 -1.351724e+000  1.281632e-001  4.668406e-001  7.106622e-001  9.060409e-001  4.827775e-001  8.984776e-001 -3.000702e-001 -1.111809e+000 -9.290110e-001
-2.554152e+001  8.220757e-001 -5.988863e+000 -1.106783e+000  3.629971e+000 -4.671937e+000 -6.783470e-001  2.170544e+000 -3.950180e-001 -1.783272e+000  1.500425e+000  1.239098e+000  5.541179e+001 -2.573844e+000  8.909000e-001 -2.690581e+000 -3.751553e+000  1.177878e+000  1.801749e+000  1.024162e+000 -4.154259e-001 -1.101904e-001  1.124298e+000 -8.645061e-001 -8.071843e-001  1.498862e+000  4.180701e-001 -4.947430e-001 -2.447547e-001 -5.192875e-001  1.852612e-001 -3.852834e-001  4.739141e-001  7.205181e-001  3.435707e-001  5.903159e-001  2.304205e-001 -4.953256e-001 -5.572876e-001
-2.849263e+001  1.648152e+000 -9.555206e+000 -9.121779e+000 -1.332302e+000 -6.206710e+000 -7.023093e-001  4.929253e-002 -2.914275e-001  4.498216e-001  2.919049e+000  3.511526e+000  5.739609e+001 -2.204943e+000  3.847030e-001 -1.852626e+000 -3.296930e+000  4.061099e-001  9.094191e-003  1.656888e+000  1.274018e+000  6.940253e-001  1.714841e+000 -6.179084e-001 -2.555532e+000  1.267481e+000  4.621952e-001 -4.455930e-001  8.560565e-001  6.997145e-001  1.515501e-001 -8.340029e-001 -2.046726e-001  5.608242e-001  3.163888e-001 -2.329425e-001 -3.313954e-002 -3.021622e-001 -3.655231e-001
-2.954217e+001 -1.519090e-001 -1.358291e+001 -1.006399e+001  6.481941e-001 -5.379171e+000  3.788425e+000 -2.000312e+000 -2.898796e+000  3.616453e-001  2.807610e+000  5.152911e+000  5.851282e+001 -1.447158e+000  4.170278e-001  5.585919e-001 -2.280565e+000  1.824735e-001 -1.838910e+000  3.674158e-001  1.132812e+000  4.439990e-003 -8.510288e-002 -1.312948e+000 -7.493973e-001  1.063926e+000  4.901071e-001 -1.647301e-001  1.344015e+000  1.011492e+000 -3.173506e-002 -5.401148e-001 -8.312343e-001  1.921851e-002  2.877036e-001 -5.202327e-001 -2.003770e-001  2.506786e-001 -2.893549e-001
-3.122516e+001  2.149814e+000 -8.859760e+000 -1.093754e+001  3.231304e+000 -8.838347e+000  5.187912e+000  8.170989e+000 -8.269696e-001 -1.525239e-001  6.050797e-001 -2.028490e+000  5.951051e+001 -1.167541e+000  1.785734e-001  2.111332e+000 -2.205512e-001  1.080665e+000 -1.385171e+000 -7.504321e-001  7.774953e-001  6.619015e-001 -4.422017e-001 -1.500680e+000 -1.337482e+000  5.904526e-001  4.822410e-001 -1.918940e-001  6.258657e-001  9.348395e-001  4.281121e-002  4.179708e-001 -6.314121e-001 -7.394003e-001  1.464732e-001 -1.454109e-001  6.981213e-002  7.481122e-001 -2.518947e-001
-3.141104e+001  2.656384e+000 -3.543626e+000 -1.160173e+001  2.260535e+000 -1.255067e+001 -1.786378e+000  3.773755e+000 -1.050470e-001 -1.907614e+000 -3.907330e+000  2.621191e-001  5.967421e+001 -6.420091e-001  1.703144e-001  2.047515e+000 -2.322805e-001  6.819248e-001 -2.016918e-001 -1.928349e+000 -7.107179e-002  1.344389e+000 -3.983442e-001 -1.425005e+000 -1.628164e-001  3.906021e-001  2.807422e-001 -3.241425e-001 -4.459834e-001  4.298210e-001 -1.212683e-001  7.862353e-001  1.946742e-001 -7.232313e-001  2.987259e-001  6.326674e-001  4.802898e-001  2.770733e-001 -1.858946e-001
-3.339590e+001  1.136873e+000 -4.018190e+000 -9.455666e+000  3.264854e+000 -9.546816e+000 -1.667068e+000  1.049735e+000  1.621206e+000 -6.265572e-001 -1.226881e+000 -7.304865e-001  5.976766e+001 -1.963120e-001 -4.514102e-001  5.322408e-001  3.531251e-001  3.704403e-001  1.280339e+000 -3.522899e-001 -1.821041e+000  7.564164e-001  1.144407e+000 -2.128190e-001  8.917390e-001  3.446697e-001  2.000657e-001 -1.725785e-001 -7.746932e-001 -1.005191e-002 -4.112765e-001  2.531301e-001  4.832929e-001 -2.834964e-001  5.781366e-002  8.750791e-001  6.313995e-001  8.909273e-002 -1.963295e-002
-3.166685e+001  1.206134e+000 -5.766122e+000 -1.196633e+001  4.041043e+000 -6.033396e+000 -2.425831e+000  1.204956e+000  2.599063e+000 -1.393059e+000 -3.401437e+000  3.689827e+000  6.033726e+001 -5.290611e-001 -8.886928e-001 -8.817794e-001 -4.182982e-001 -6.875567e-002  7.595118e-001  1.141716e+000 -1.184077e+000  1.450812e+000  2.284930e+000  4.445708e-001 -4.786415e-001  2.573448e-001  1.017083e-001 -2.346808e-002 -3.811279e-001  1.131678e-001 -3.905379e-001 -5.649573e-001  9.746598e-002  2.884532e-001 -3.382723e-001 -2.988604e-002  3.802568e-001 -2.466343e-001  1.067722e-001
-3.207882e+001  6.178883e-001 -5.087308e+000 -8.989617e+000  4.193252e+000 -5.695286e+000  3.746189e+000  3.501838e-001  1.603058e+000  5.312234e+000 -7.119619e-001  7.163511e-001  6.090234e+001 -2.236864e-001 -1.548156e-001 -2.974867e-001 -1.778019e-001 -6.003772e-001 -6.001218e-001  1.310003e-001 -8.348425e-002  8.977585e-001  2.591557e+000  7.215297e-001 -7.341056e-001  5.589164e-001  2.821992e-001  2.832615e-001  4.219492e-001  2.304241e-001 -2.181278e-001 -8.816592e-001 -7.885802e-001  9.321839e-001 -3.527274e-001 -1.223474e+000 -1.239895e-001 -9.503208e-002  1.146368e-001
-3.471489e+001 -1.527588e+000 -7.417964e+000 -1.392624e+001  1.452558e+000 -1.067887e+001  1.215571e+000 -1.796852e+000  7.158086e+000  6.547641e+000 -1.941935e+000 -2.854507e+000  6.039359e+001 -1.197803e-001 -9.532329e-002  5.567397e-001  5.990219e-001 -7.853560e-001 -2.086248e+000 -1.682664e+000  5.024157e-001 -4.176430e-001 -1.271349e+000  9.104252e-003 -5.830657e-001  8.173397e-001  1.088601e+000  6.195385e-001  1.269492e+000  7.121499e-001 -6.210532e-002 -7.860771e-001 -9.300334e-001  6.517268e-001 -9.152021e-001 -1.608343e+000 -7.433872e-001  2.323834e-001  1.352667e-001
-3.299031e+001  1.729656e+000 -4.679702e+000 -9.364718e+000  1.557211e+000 -1.022469e+001 -2.832768e+000  2.133218e+000  3.830487e+000  8.360875e+000  1.651017e+000 -1.128847e+000  6.253408e+001  1.010044e+000  5.682125e-001  1.922727e+000  9.965855e-001 -3.618987e-001 -1.705076e+000 -2.883001e+000  1.996632e+000 -7.299282e-002 -3.194824e+000 -6.150331e-001  4.687908e-001  6.378563e-001  1.940950e+000  2.369120e-001  1.402122e+000  5.355249e-001 -5.273333e-001 -4.034508e-001 -5.014076e-001 -7.811370e-002 -7.242455e-001 -1.226693e+000 -5.218055e-001 -2.722474e-001  1.496605e-001
-3.181000e+001  1.736335e-001 -3.186226e+000 -8.783668e+000  1.432284e+000 -1.419993e+001 -7.549674e+000  2.825517e+000 -6.028668e-001 -9.274126e+000 -4.537405e+000  1.697097e+000  6.360809e+001  4.297076e+000  1.847486e+000  4.355572e+000  2.555258e+000 -4.985215e-001 -2.618397e+000 -2.001451e+000  1.034499e+000 -2.639823e+000 -2.863593e+000 -2.604084e+000  8.182742e-002  8.942086e-001  2.186985e+000 -3.419508e-001  9.638079e-001  1.774309e-001 -1.418403e+000  2.443727e-001 -1.379478e-001 -6.422251e-001 -1.187517e-001 -2.218368e-001  7.838923e-001 -1.123557e+000  2.580626e-001
-2.848104e+001  2.608340e+000  2.410459e+000 -6.577977e+000  2.393895e+000 -1.246014e+001 -6.286193e+000  8.022161e+000  5.118570e+000 -2.751003e+000 -2.489393e+000  7.845027e-001  6.248437e+001  7.272634e+000  5.833963e-002  4.813705e+000  1.521705e+000 -3.380461e+000 -2.351301e+000 -2.216645e+000 -7.400945e-001 -1.612379e+000 -2.745788e+000 -5.809035e-001 -2.427789e+000  1.268784e+000  1.293190e+000 -1.065238e+000  1.116266e-002 -1.513341e-001 -1.990650e+000  6.052008e-001 -7.691047e-002 -8.414974e-001  1.976686e-001 -4.092842e-001  2.023869e+000 -1.423107e+000  3.576165e-001
-1.548414e+001  7.270499e+000  1.081481e+001 -2.543323e+000 -1.458392e+000 -2.265313e+001 -7.064970e+000  4.311712e-001 -6.685071e+000 -2.214383e+000 -1.289215e+001 -3.402045e+000  6.488949e+001  7.683847e+000 -1.550141e+000  3.930290e+000  1.223617e+000 -6.368091e+000 -5.412720e-001 -2.705581e+000 -1.340346e+000 -2.417081e-001 -2.605051e+000  3.911501e+000 -4.752561e+000  1.792189e+000 -5.344916e-001 -1.289302e+000 -9.981399e-001 -3.725469e-001 -1.334434e+000  1.053435e+000 -2.412257e-002  8.838933e-002  6.998385e-001 -5.377069e-001  2.622417e+000 -4.595782e-001  6.054725e-002
-4.790068e+000 -1.527079e+000  1.238830e+001 -4.876368e+000 -1.389976e+001 -1.775460e+001 -1.415834e+001 -3.700817e-001 -1.190308e+000 -8.897938e+000  2.923872e+000 -1.071822e+001  6.823730e+001  5.782609e+000 -3.059162e+000  2.191181e+000  9.057352e-001 -7.380366e+000  2.823653e-001 -2.915488e+000 -1.023432e+000 -2.837072e-001 -5.370516e+000  6.246521e+000 -4.229551e+000  1.976948e+000 -1.943918e+000 -1.365857e-001 -1.178105e+000  1.382738e-001  6.820034e-001  5.834808e-001  7.736120e-001  1.029363e+000 -1.458722e-001  1.768691e-001  9.378752e-001  1.283734e+000 -6.959104e-001
-5.236252e+000 -5.509362e+000  1.147630e+001 -3.516387e+000 -2.226134e+001 -1.425906e+001 -1.714150e+001  3.199074e-001  1.343032e+000 -1.922591e+001  1.231347e+001 -1.631434e+001  6.969257e+001  2.369631e+000 -3.040275e+000  6.761346e-001  1.000508e+000 -5.170738e+000  1.331947e+000 -1.772642e+000  1.618114e+000  1.950337e-001 -4.239763e+000  7.094291e+000 -1.315183e+000  8.428627e-001 -1.915897e+000  1.149555e+000 -6.664848e-001  7.597492e-001  2.813634e+000 -2.028085e-001  1.526024e+000  1.215729e+000 -1.117432e+000  1.144406e+000 -1.248788e+000  2.336209e+000 -1.983400e+000
-4.691942e+000 -6.297541e+000  1.303562e+001 -1.562769e+000 -2.410646e+001 -1.524534e+001 -1.582537e+001  2.960634e+000 -3.140170e-001 -2.109782e+001  1.614040e+001 -1.390710e+001  6.996758e+001  2.101538e-001  1.204779e-001  5.502602e-001  2.324628e+000 -5.691206e-001 -3.705066e-001  1.184946e+000  2.927489e+000 -2.560111e+000 -1.044087e+000  2.517077e+000  2.272190e+000 -1.736105e+000 -1.241537e+000  2.075550e+000 -4.443409e-001  9.305229e-001  3.708501e+000 -1.573178e-001  1.359189e+000 -9.356381e-002 -1.165705e+000  1.935607e+000 -2.863728e+000  1.806831e+000 -2.981093e+000
-3.685048e+000 -5.545643e+000  1.387183e+001  8.024164e-001 -2.220873e+001 -1.724802e+001 -1.509467e+001  6.856385e+000 -6.148048e+000 -1.731326e+001  1.597104e+001 -8.383519e+000  6.823866e+001  8.905895e-001  2.607813e+000  1.418327e+000  4.312916e+000  4.294457e+000 -1.228878e+000  2.874320e+000  2.762837e+000 -4.690664e+000  9.537648e-001 -4.677168e-001  3.677613e+000 -6.268283e+000 -6.426181e-001  1.628089e+000 -8.114707e-001  3.995412e-001  3.054953e+000  3.459898e-001  3.889107e-001 -1.515818e+000  7.757141e-002  1.601089e+000 -3.486701e+000  3.712792e-001 -2.749852e+000
-4.514900e+000 -9.065487e-001  1.394184e+001  4.587370e+000 -1.677167e+001 -1.811265e+001 -9.257033e+000  1.099913e+001 -1.024532e+001 -1.507470e+001  1.368047e+001 -3.322685e+000  6.028373e+001  3.144431e-001  4.494543e+000 -4.016191e-001  3.902145e+000  6.429543e+000  7.761887e-001  1.556978e+000 -2.063612e+000 -3.669382e+000  1.710754e+000 -4.291115e+000  2.308206e+000 -9.372945e+000 -7.415905e-001 -5.740358e-002 -1.652131e+000 -8.989940e-001  1.339850e+000  9.094757e-001 -8.288521e-001 -1.654171e+000  1.969388e+000  1.329802e+000 -2.226965e+000 -3.787495e-001 -6.378714e-001
-8.718252e-001  4.834207e+000  1.811483e+001  1.497313e+001 -4.456456e+000 -1.896980e+001 -6.054070e+000  1.011484e+001 -1.714464e+001 -1.746865e+001  1.120485e+001 -3.218489e+000  4.319308e+001 -8.956038e-001  2.913138e+000 -2.905280e+000  2.209455e+000  6.604694e+000  2.488548e+000 -1.410484e-002 -3.465426e+000  1.137526e+000  2.388259e+000 -6.935118e+000  5.232054e-001 -9.087976e+000 -1.610967e+000 -1.535293e+000 -1.901305e+000 -2.141283e+000 -3.935570e-001  3.768882e-001 -8.363460e-001 -5.261505e-001  2.866412e+000  1.122246e+000 -6.077588e-001 -2.124046e-001  2.625254e+000
-4.526338e+000  1.098525e+001  8.906028e+000  1.086260e+001 -8.348789e-001 -1.050351e+001 -1.256077e+001 -8.986655e+000 -1.316263e+001 -1.246635e+001 -2.932077e+000 -4.948590e+000  3.562564e+001 -2.604702e+000 -3.192027e-001 -5.548593e+000 -1.118611e+000  4.975012e+000  2.318159e+000 -1.515103e+000 -2.229232e+000  4.372735e+000  4.887676e+000 -5.384047e+000  1.955646e+000 -3.515615e+000 -1.867613e+000 -2.029476e+000 -6.115505e-001 -1.977344e+000 -1.283487e+000 -1.112068e+000  2.942348e-001  1.653603e+000  2.057082e+000  5.218437e-001  1.203095e+000  2.799401e-001  4.688987e+000
-8.157349e+000  3.074149e+000  1.863336e+000  8.712076e+000  2.846348e+000 -8.609856e+000 -1.351332e+001 -4.778551e-001  9.982375e-001 -6.676139e+000 -1.039828e+001 -4.954540e+000  3.512782e+001 -5.704673e+000 -2.661780e+000 -5.514711e+000 -3.883121e+000  3.053937e+000 -1.154225e-001  2.286301e-001  2.148942e-001  5.620340e+000  4.976535e+000 -2.960045e+000  2.791869e+000  3.929320e+000 -1.484742e+000 -9.454311e-001  7.000277e-001 -1.047866e+000 -1.469510e+000 -1.833244e+000  1.074658e+000  1.698877e+000 -9.891140e-002 -7.086498e-001  1.869008e+000  1.012458e-001  4.355016e+000
-1.389565e+001 -1.622533e+000 -5.675379e+000  2.124838e+000  4.451992e+000 -1.170183e+001 -1.310292e+001  5.149319e+000  2.546911e+000  3.967426e+000 -2.438197e+000  7.323573e+000  4.673828e+001 -6.619086e+000 -2.865379e+000 -2.154655e+000 -2.938285e+000  1.787485e+000 -3.482166e+000  2.906785e+000  4.364244e+000  4.374623e+000  3.025834e+000 -2.631782e-001  2.573574e+000  7.563340e+000 -3.404196e-001  3.637704e-001  1.320288e+000  1.170290e-001 -1.027766e+000 -1.130504e+000  1.276530e+000  5.750592e-001 -1.511813e+000 -1.859102e+000  8.947185e-001 -1.241463e+000  1.851058e+000
-2.471054e+001 -2.170802e+000 -2.168028e+000 -7.359949e-002  8.169796e+000 -1.894776e+001 -4.639848e+000  4.121328e+000  3.102291e+000 -8.028629e-001 -3.842316e+000  4.604777e+000  5.728336e+001 -6.312120e+000 -5.409290e-001 -1.102110e+000 -2.120040e+000  8.509097e-001 -3.777510e+000  3.148243e+000  1.732224e+000  6.420250e-001 -2.240690e-001 -1.505102e-001  7.204702e-001  7.147624e+000  1.133758e+000  9.259439e-001  8.848997e-001  7.415811e-001 -6.671585e-001  6.120992e-001  6.054457e-001 -8.907761e-001 -2.113720e+000 -1.596338e+000  2.807945e-001 -1.532583e+000 -8.416179e-001
-2.934517e+001 -7.191719e-001  1.484320e-001  5.640193e-001  5.440820e+000 -2.274539e+001 -2.463588e+000  1.053497e+001  7.658454e+000 -2.738215e-001 -7.525948e+000  3.139623e+000  6.236457e+001 -4.003077e+000  4.392236e-001 -1.153452e+000 -1.415007e+000  9.376959e-001 -1.503316e+000  3.407738e+000 -1.126000e-001 -6.971727e-001 -1.807531e+000 -2.315221e+000 -3.215970e+000  4.130522e+000  1.794673e+000  7.390264e-001  1.684133e-001  5.360935e-001 -5.141881e-001  1.880962e+000 -6.934049e-002 -1.874812e+000 -1.652182e+000 -7.764024e-001  3.507212e-001 -8.864218e-001 -2.014596e+000
-3.199319e+001 -8.217672e-002 -6.559119e+000 -1.107713e+000  6.606482e+000 -2.197563e+001 -3.091773e+000  5.490437e+000  1.652591e+000 -5.675860e+000 -8.606951e+000  7.397861e-001  6.305280e+001 -1.343886e+000  3.156380e-001 -1.590815e+000 -9.368545e-001  1.430393e-001  1.955649e+000  3.005382e+000 -2.000565e+000 -2.412364e+000 -5.884699e-001 -5.300507e-001 -1.976276e+000  1.437640e+000  1.745498e+000  1.892983e-001  2.505325e-001  5.038274e-001 -7.025713e-001  1.761408e+000 -5.538538e-001 -1.213780e+000 -5.522881e-001  2.514491e-001  6.939362e-001  1.993611e-001 -1.767163e+000
-3.026970e+001 -4.707278e-001 -9.247091e+000 -4.433140e+000  9.922128e+000 -1.770448e+001  3.161735e+000  3.901764e+000 -2.141025e-001 -2.633731e+000 -1.163199e+001 -6.823780e+000  6.450617e+001 -1.298363e-001  4.014693e-001 -1.068237e+000 -8.494098e-001 -4.295207e-001  3.056066e+000  2.631513e+000 -3.143425e+000 -2.359094e+000 -6.739776e-001  1.680198e+000 -5.101618e-001  3.453549e-001  1.054623e+000 -2.576103e-002  3.152364e-001  5.580817e-001 -1.044039e+000  9.596100e-001 -1.198409e+000 -5.323852e-001  2.121974e-001  5.028217e-001  1.042139e+000  1.192081e+000 -9.926121e-001
-3.096770e+001 -7.168345e-001 -5.424340e+000 -2.259292e+000  6.644339e+000 -1.168997e+001  7.574400e+000 -2.564891e+000 -5.023249e+000 -2.565258e+000 -4.439550e+000 -2.948988e-001  6.340076e+001  4.787498e-001  4.244395e-001  1.079451e-001  1.162988e-001 -1.978339e+000  2.749838e+000  7.670871e-001 -2.821265e+000 -1.288455e+000  4.663998e-001  1.321461e+000  3.643717e-001  2.043930e-001  6.160002e-001 -1.474434e-001  6.796007e-002  4.780424e-001 -1.019820e+000  4.071958e-002 -1.520741e+000  3.566788e-001  9.780719e-001  3.774308e-001  3.729856e-001  7.333636e-001 -4.282083e-001
-3.050710e+001  1.605504e+000 -5.760140e+000 -3.107240e+000  3.274288e+000 -1.260789e+001  5.360889e+000 -1.154488e+000 -7.990977e-001 -5.199011e+000 -1.208658e+000  1.106157e+000  6.391737e+001  3.587213e-001  2.560177e-001 -4.266498e-001  8.488247e-001 -3.221809e+000  2.897639e+000 -1.465158e+000 -2.364175e+000 -1.981405e-001  1.791423e-001  1.969718e+000  1.574110e+000 -2.159153e-001  5.743341e-001 -3.762419e-001  1.670528e-002  5.081784e-001 -4.107207e-001 -2.155592e-001 -1.171757e+000  1.099200e+000  1.143053e+000  4.378331e-001 -1.731519e-001  4.996498e-002 -3.373159e-001
-2.948074e+001  1.001905e+000 -7.762869e+000 -1.189169e+000  3.870791e-002 -1.077473e+001 -3.559143e-001 -6.087764e+000 -4.497184e+000 -2.061222e+000 -7.211310e+000 -1.403324e+000  6.436916e+001  1.491836e+000 -3.488531e-001 -1.571808e+000  6.042403e-001 -3.559918e+000  2.238460e+000 -2.549989e+000 -6.067952e-001  1.397519e+000  8.721241e-001  1.190117e+000  6.484065e-001 -4.227665e-001  5.212223e-001 -3.642294e-001  2.300494e-001  3.611977e-001  3.055851e-001 -4.960155e-001 -2.961888e-001  1.425758e+000  9.469900e-001 -2.919992e-002 -3.388183e-001 -2.702663e-001 -5.502508e-001
-2.921958e+001 -5.000910e-002 -1.021108e+001 -7.240784e-001 -2.884102e+000 -3.673902e+000 -1.988973e-001 -6.157676e+000 -1.467837e+000 -1.990038e+000 -3.975160e-001  1.600981e+000  6.294239e+001  2.235291e+000 -1.093094e+000 -1.448337e-001  1.447511e+000 -1.692335e+000  2.233959e+000 -1.568733e+000  1.245342e+000  2.013184e+000  1.312326e+000  8.801106e-001 -4.023543e-001 -1.027645e+000  3.868078e-001  2.060813e-002  8.684884e-001  1.332843e-001  1.125265e+000 -5.522938e-001  4.299004e-001  1.127928e+000  4.206318e-001 -7.168571e-002 -5.209678e-001 -3.548109e-001 -8.991576e-001
-2.415228e+001 -1.633344e+000 -1.105791e+001 -4.296714e-001 -8.076058e+000 -4.964661e+000 -2.395653e+000 -3.097273e+000  2.298715e+000  1.908764e-001  1.105466e+000  2.699721e+000  6.177441e+001  2.146576e+000 -7.221517e-001  1.117284e+000  1.622944e+000 -1.215150e+000  6.016010e-001 -6.620694e-001  2.502768e+000  2.340833e+000 -2.461915e-001  1.721735e-001  1.272380e-003 -2.140996e+000 -1.173268e-001  6.054812e-001  1.038062e+000 -1.988339e-001  1.561482e+000 -2.519867e-001  6.350620e-001  2.206857e-001 -5.269662e-001 -4.828613e-001 -3.888006e-001 -1.497357e-001 -1.075483e+000
-2.199487e+001 -2.542341e+000 -4.836788e+000  3.750567e+000 -1.130001e+000 -4.343128e+000 -1.462906e+000  3.576978e+000  5.868874e+000  2.365679e-001 -9.664925e-001 -2.957138e+000  6.007652e+001  1.965390e+000  5.457076e-001  2.571246e+000  1.005894e+000  1.232132e+000  9.545993e-001 -2.596159e-001  1.720684e+000  1.433361e+000  3.798715e-001 -1.261488e-001  1.236224e-001 -3.852589e+000 -2.217166e-001  6.841484e-001  1.563246e-001 -7.232618e-001  8.773949e-001 -5.647564e-003  3.178554e-001 -5.281665e-001 -7.047096e-001 -4.337227e-001 -1.158539e-001  2.163354e-001 -3.338248e-001
-2.236021e+001 -1.362688e+000 -4.863593e+000  4.688227e+000 -6.914095e+000 -7.432109e+000 -3.034257e+000  1.558747e+000  3.538624e+000 -4.405482e+000 -6.065954e+000  8.820974e-001  5.509712e+001  1.040153e+000  1.859152e+000  2.260461e+000 -1.691210e-001  2.785260e+000  1.618206e+000 -2.923790e-002  2.589623e-001 -9.474006e-001 -1.075956e+000 -2.507560e-001 -3.632603e-001 -4.387712e+000 -8.892174e-002  1.533881e-001 -5.252056e-001 -6.535115e-001  3.272057e-001  1.688890e-001  1.801954e-001 -4.311740e-001 -1.777176e-001  1.971110e-001  1.416181e-001  1.813787e-001  1.076450e+000
