30 39
-1.550399e+001  1.196946e+000 -1.015232e+000  1.781336e+000  1.395903e+000 -3.492158e+000 -4.232536e+000 -2.111346e+000 -1.951549e+000  3.133291e+000  4.889335e+000 -2.673751e-001  2.977455e+001 -3.172014e-001  4.169554e+000  6.869532e-001  4.424985e-001 -7.474107e+000  2.812430e-001 -1.970084e+000 -2.460722e+000  1.937073e+000 -1.251612e+000  2.448037e+000 -2.436487e+000  3.282748e+000  7.540898e-001 -4.665731e-001  8.405372e-001  4.081591e-001 -1.290049e+000 -3.604611e-001  1.258932e+000 -1.159007e-001  9.776040e-001 -6.686801e-001  3.239375e-001 -2.219695e-001  2.169062e+000
-1.859274e+001  1.318993e+001 -1.647994e-002  7.232890e-001 -2.647084e+001 -2.682200e+000 -8.973978e+000 -9.302383e+000  4.716467e+000 -6.864002e+000  1.026822e+001 -7.515045e+000  3.967318e+001  1.613608e+000  1.129242e+000  2.558959e+000  2.598075e+000 -6.923331e+000 -7.768725e-001  4.736274e-001 -2.392912e+000  2.951379e+000 -3.149248e+000  2.095792e+000 -2.915409e+000  6.313646e+000  1.103613e+000 -2.135880e+000  9.853337e-001 -2.379222e-001  1.333531e+000 -1.066175e+000  1.512991e+000  7.209504e-001 -4.819070e-001  9.096842e-002 -2.483900e-001  7.673766e-001  1.865580e+000
-1.697634e+001  1.502920e+001  1.760951e+000  3.059469e+000 -2.721527e+001 -3.288198e+000 -8.894450e+000 -5.882444e+000  1.156628e+001 -3.452473e+000  1.506586e+001 -6.711134e+000  4.052359e+001  2.813564e+000 -1.932789e+000  3.218320e+000  1.162993e+000 -4.690798e+000 -2.428800e+000  2.210751e+000 -7.845529e-001  1.084309e+000 -3.095473e+000  1.835989e+000 -2.141518e+000  8.783839e+000  6.886835e-001 -2.257419e+000  8.083053e-001 -1.260826e+000  2.288537e+000 -8.540379e-001  9.281671e-001  8.742350e-001 -1.780695e+000  6.550511e-001 -6.616170e-001  1.026725e+000  1.122432e+000
-8.666919e+000 -1.642499e+000  8.327382e+000  1.168722e+001 -2.244247e+001 -1.145982e+001  2.810325e+000 -8.477318e+000  8.993147e+000 -1.186457e+001  1.130054e+001 -1.183913e+001  5.558104e+001  3.476541e+000 -5.172973e+000  4.110740e+000 -1.577672e+000  7.861227e-001 -3.280556e+000  2.799740e+000  6.104373e-001 -2.532808e+000  1.592803e-003  5.118047e-001  4.824235e-001  8.666389e+000 -2.566733e-001 -4.427434e-001  9.982832e-002 -1.891554e+000  1.628670e+000  5.825581e-002 -4.684780e-001  8.804854e-001 -1.772097e+000  1.372462e+000 -5.787989e-001  1.214227e+000 -6.565027e-001
-6.399078e+000 -1.050785e+000  1.090444e+001  2.114336e+000 -2.407227e+001 -1.124735e+001  9.290687e-001 -6.446644e+000  1.331658e+000 -9.843790e+000  1.355312e+001 -8.812922e+000  6.573982e+001  2.194750e+000 -3.966432e+000  3.952589e+000 -3.773759e+000  1.138494e-001 -2.737105e+000  1.507695e+000  4.087780e-001 -4.224308e+000  4.482234e-001 -6.805410e-002  9.982201e-001  7.718534e+000 -6.351942e-001  1.110227e+000 -7.027487e-001 -8.335513e-001  7.349662e-001  9.140415e-001 -1.182222e+000  1.631826e-001 -4.867046e-001  1.013593e+000 -5.940730e-001  7.472726e-001 -2.152848e+000
-6.498665e+000 -4.634940e+000  1.596548e+001 -6.692507e+000 -2.411173e+001 -1.510541e+001  1.129623e-001 -5.968097e+000 -2.830264e+000 -3.660379e+000  1.358362e+001 -4.052034e+000  7.039702e+001  6.396493e-001 -6.765343e-002  2.690966e+000 -4.391318e+000 -1.182307e+000 -3.314407e-001 -1.517235e+000  1.412849e+000 -3.254796e+000  1.941213e+000  1.538192e-001  1.585858e+000  3.563785e+000 -4.525087e-001  1.814439e+000 -1.488665e+000  8.052001e-001 -1.766781e-001  1.147475e+000 -9.013966e-001 -5.896492e-001  7.383901e-001  7.638334e-002 -3.883638e-001 -9.374174e-002 -2.593136e+000
-7.086713e+000 -3.306742e+000  1.770485e+001 -6.619464e+000 -2.581140e+001 -1.515093e+001 -7.293636e-003 -5.093164e+000 -3.643554e+000 -5.313450e+000  1.358405e+001 -5.613581e+000  7.170827e+001  1.056039e+000  1.065684e+000  4.144633e-001 -1.597940e+000 -3.175221e-002  6.668500e-001 -1.541870e+000 -3.698461e-001 -9.882200e-001  1.002683e+000 -9.553834e-001  1.043128e+000  5.709022e-001  1.923825e-002  9.763890e-001 -1.582845e+000  1.839448e+000 -4.896820e-002  7.840521e-001  6.175402e-003 -9.944532e-001  1.043873e+000 -6.306622e-002 -3.915477e-001 -3.362252e-001 -2.120275e+000
-5.124855e+000 -8.527878e-001  1.838200e+001 -5.902470e+000 -2.748444e+001 -1.116523e+001 -4.307666e+000 -2.089812e+000 -4.793226e+000 -4.423670e+000  1.205417e+001 -5.509506e+000  7.041573e+001  1.783353e+000  1.383165e+000 -1.563523e+000  1.360419e+000 -2.446709e-002  7.548392e-001 -1.824604e-001 -1.948497e+000 -4.589019e-001  1.062796e-001 -9.863497e-001 -8.738947e-003 -7.254723e-001 -7.129416e-002 -2.721417e-001 -7.691005e-001  1.637814e+000  2.341230e-002  2.328766e-001  6.989748e-001 -1.016643e+000  6.363968e-001 -2.690814e-001 -2.788419e-001 -5.554864e-001 -7.991496e-001
-1.805790e+000  2.386559e+000  1.176849e+001 -6.270383e+000 -2.254467e+001 -9.883183e+000 -4.569967e+000 -1.023502e+001 -2.627960e+000 -4.448728e+000  9.540928e+000 -2.868548e+000  6.858498e+001  1.719089e+000  1.901035e-001 -1.834390e+000  2.547613e+000 -7.099113e-001  6.400158e-001  8.711850e-001 -2.882815e+000 -4.028917e-001  1.050359e+000 -1.455708e+000  1.143928e-001 -7.382141e-001 -7.577767e-001 -7.292901e-001  5.038136e-001  4.623979e-001 -2.459778e-001  2.913774e-001  1.583447e-001 -2.428269e-002 -7.821589e-002 -8.251192e-002 -6.317186e-002 -6.249578e-001  1.594772e-001
-2.223630e-001 -5.657665e-001  1.111604e+001 -6.495482e-002 -2.586743e+001 -1.396508e+001  1.481997e+000 -1.313965e+001 -5.632570e+000 -3.561342e+000  1.067343e+001 -5.468246e+000  6.833131e+001 -4.834678e-002 -9.905717e-001 -3.011026e-002  1.724975e+000 -7.261656e-001  8.463594e-001  7.711120e-001 -2.413881e+000 -3.654758e-001  5.719686e-001 -9.902280e-001 -7.272061e-001  2.225952e-001 -1.190859e+000 -5.340951e-001  1.241107e+000 -6.835040e-001  4.638605e-002  5.739947e-001 -8.070558e-001  6.425074e-001 -3.667141e-001 -1.569477e-001 -1.241825e-001 -4.539059e-001  4.587246e-001
-9.425119e-001 -2.499735e+000  1.216588e+001  3.199843e+000 -3.016946e+001 -1.055093e+001  1.453800e+000 -1.398232e+001 -5.238341e+000 -4.928175e-001  6.995881e+000 -5.062247e+000  6.905942e+001 -1.816995e+000 -1.393898e+000  2.166825e+000  5.317713e-001 -9.107920e-001  2.077977e+000 -1.226933e+000 -2.585675e-001 -1.426013e+000  3.572792e-001 -1.269304e+000 -1.722428e+000  8.942543e-001 -9.605148e-001  7.389040e-002  1.071074e+000 -9.629232e-001  4.538385e-001  4.458484e-001 -1.212842e+000  6.518356e-001 -5.712513e-001 -4.790834e-001 -1.065947e-002 -2.450362e-001  2.130106e-001
-5.798227e+000 -3.362499e+000  1.803276e+001 -2.012710e+000 -2.730288e+001 -6.599565e+000 -3.463990e+000 -1.228556e+001 -5.315415e+000 -3.541782e+000  8.375554e+000 -8.048687e+000  7.129149e+001 -2.402900e+000 -4.953097e-001  2.641406e+000 -1.049180e+000  3.079035e-001  2.905832e+000 -3.168680e+000 -4.808359e-002 -1.780912e+000 -3.319190e-001 -1.700465e+000 -1.359858e+000  7.519165e-001 -1.532605e-001  5.785087e-001  1.575720e-001 -3.273261e-001  4.271001e-001 -9.888127e-002 -8.744380e-001  3.776155e-002 -5.237937e-001 -3.697654e-001 -1.361431e-001  3.486752e-001 -3.188125e-001
-8.102834e+000 -3.184567e+000  1.914426e+001 -2.637649e+000 -2.638091e+001 -3.176057e+000 -8.231637e+000 -1.195490e+001 -9.916600e+000 -2.672112e+000  4.343349e+000 -1.019047e+001  7.157616e+001 -1.906208e+000  3.119245e-001  2.185224e+000 -8.799253e-001  1.042246e+000  1.839521e+000 -3.223129e+000 -8.065356e-001 -2.551430e+000 -8.931139e-001 -1.153887e+000 -7.944620e-001  6.217804e-002  4.874541e-001  7.247361e-001 -6.627092e-001  3.530853e-001  2.445156e-001 -7.867677e-001  3.573632e-002 -5.868655e-001  5.236711e-002 -2.695492e-001 -8.539466e-002  7.793805e-001 -5.974072e-001
-8.656703e+000 -2.699899e+000  2.083388e+001 -2.392111e+000 -2.622219e+001 -3.123358e+000 -9.518686e+000 -1.439378e+001 -1.219800e+001 -4.131290e+000  3.497375e+000 -9.703425e+000  7.083252e+001 -7.700429e-001  1.049061e+000  7.485502e-001  7.941921e-001  4.328157e-001  4.711809e-001 -2.602980e+000 -1.951089e+000 -2.421735e+000 -6.516618e-001 -1.728652e+000  5.521870e-001 -9.554291e-001  7.292511e-001  5.142055e-001 -1.019792e+000  7.530009e-001 -2.577781e-001 -8.581960e-001  8.731719e-001 -4.388987e-001  6.062111e-001 -2.155106e-001  6.378831e-002  5.737096e-001 -5.294686e-001
-9.044313e+000 -1.271413e+000  2.169144e+001 -1.010083e+000 -2.549858e+001 -3.091422e+000 -1.163450e+001 -1.696089e+001 -1.455420e+001 -4.663633e+000  3.665535e+000 -8.207188e+000  6.959979e+001 -1.961536e-001  1.457597e+000 -2.002928e-001  1.375511e+000  2.493300e-001 -6.385358e-001 -1.331101e+000 -2.241393e+000 -8.437653e-001 -8.305952e-001 -1.682183e+000  1.218452e+000 -1.239109e+000  8.393452e-001  1.475088e-001 -1.068284e+000  4.475779e-001 -5.245948e-001 -6.607779e-001  1.199874e+000  4.892683e-001  1.119198e+000  2.820429e-002  3.277045e-001  4.198213e-002 -4.140108e-001
-9.177702e+000  9.262262e-001  2.050192e+001  1.144468e+000 -2.557996e+001 -4.285978e+000 -1.477746e+001 -1.953801e+001 -1.510529e+001 -5.804331e+000  7.120232e-002 -6.279392e+000  6.750253e+001  3.883285e-001  1.502881e+000 -1.264797e+000  1.588106e+000 -5.845287e-001 -1.461194e-001  2.511654e-001 -1.525149e+000  3.963113e-001 -1.440731e+000 -1.117375e+000  5.022329e-001 -1.244783e+000  9.668254e-001 -3.431845e-003 -7.576258e-001 -1.588496e-001  3.722834e-001 -1.770623e-001  8.798985e-001  1.790112e+000  1.411613e+000  1.400367e-001  6.294295e-001 -3.283909e-001 -8.348299e-001
-8.823102e+000  2.290356e+000  1.830877e+001  2.471619e+000 -2.545537e+001 -5.787426e+000 -1.225776e+001 -2.058975e+001 -1.268178e+001 -5.988568e+000 -2.354480e+000 -5.810223e+000  6.704561e+001  1.711332e+000  8.225579e-001 -2.149523e+000  9.610075e-001 -1.072055e+000 -1.155718e+000  1.349168e+000  1.426836e+000  1.635536e+000 -3.575577e-001  1.789971e-001 -5.595744e-001 -1.863199e+000  8.889700e-001  2.363544e-001 -3.722492e-001 -1.694192e-001  1.585109e+000 -9.550689e-002  1.134049e-001  1.731014e+000  1.054272e+000  5.971935e-001  2.675958e-001 -4.760908e-001 -1.593542e+000
-6.825666e+000  3.033624e+000  1.620123e+001  3.807569e+000 -2.916643e+001 -2.505953e+000 -7.951230e+000 -2.020510e+001 -1.115265e+001 -1.067248e+001  9.205072e-001 -8.390743e+000  6.588570e+001  3.110341e+000  1.349421e+000 -2.064964e+000  2.071963e-001  2.954925e+000 -1.555396e-001  4.563778e-001  5.165359e+000  3.396677e+000 -1.879970e-001  4.879053e-001 -2.007545e-001 -4.817533e+000  2.652502e-001  5.685667e-001  1.795633e-001  5.893862e-003  2.449877e+000 -3.481217e-001 -4.777443e-001  6.278492e-001  3.355247e-001  8.209147e-001 -6.109172e-001 -4.004023e-001 -1.872114e+000
-1.663671e+000  1.787678e+000  1.309417e+001  2.463404e+000 -2.906562e+001 -9.760025e+000 -8.301770e+000 -9.493168e+000 -8.352839e+000 -4.017347e+000  4.135868e+000 -9.949384e+000  6.109221e+001  2.887690e+000  2.716099e+000 -1.661455e+000  1.218870e+000  6.405147e+000 -1.111360e+000 -8.666831e-001  3.068426e+000  2.927412e+000  1.529005e+000 -1.146844e+000 -8.105081e-001 -7.420442e+000 -5.701619e-001 -4.837674e-001  4.055773e-001 -2.045602e-001  1.262745e+000  2.144514e-002 -1.623101e-001 -5.155702e-001 -5.928493e-001 -3.636512e-002 -8.874004e-001  2.982249e-001 -4.507856e-001
 2.794287e+000  7.924670e+000  1.278440e+001  2.184556e+000 -9.000216e+000 -3.077376e+000 -1.447357e+001  7.404956e-001 -2.863749e-001 -7.729926e+000 -7.344452e-001 -5.213584e+000  4.639156e+001  1.126401e+000  3.398944e+000 -6.110138e-001  1.488644e+000  7.926255e+000 -1.908907e+000 -1.029630e+000  7.933022e-001  1.427997e+000  1.720560e+000 -3.509041e+000 -1.374312e+000 -7.826730e+000 -1.167331e+000 -2.257125e+000  2.684312e-001 -9.543664e-001 -1.628410e+000 -1.265486e-001  6.523534e-001 -7.949954e-001 -1.408257e+000 -8.163576e-001 -1.019304e-001  9.876236e-001  2.004979e+000
 8.053706e-001  1.342533e+001  1.170991e+001  9.377476e+000 -3.512745e+000 -1.105851e+001 -1.333000e+001 -1.572041e+001 -3.477861e+000  1.851819e-001 -7.261226e+000 -1.145134e+001  3.969047e+001 -1.475074e-001 -2.621041e+000 -8.486109e-001 -7.025172e-001  2.756007e+000 -1.718087e-001  1.280622e+000  1.035013e+000 -3.443702e-001 -1.493662e+000 -2.259532e+000  1.518329e+000 -2.612529e+000 -1.168737e+000 -2.818559e+000  2.706890e-001 -1.310009e+000 -3.006709e+000  6.702151e-001  9.996782e-001  3.749477e-001 -1.119080e+000 -1.328772e+000  1.105194e+000  1.614823e+000  2.918625e+000
-2.428183e+000  1.420952e+001  1.383829e+001  7.793752e+000 -2.311590e+000 -1.140124e+001 -1.058527e+001 -1.312496e+001 -6.450158e+000 -4.170942e+000 -1.092615e+001 -1.451132e+001  3.745292e+001 -1.208714e+000 -7.267634e+000 -1.129230e+000 -3.603942e+000 -3.362556e+000 -1.258058e+000  2.644492e+000  2.207088e+000 -2.008719e+000 -2.758451e+000  5.345974e-001  3.572945e+000  2.803406e+000 -9.085656e-001 -1.207544e+000  3.249070e-002 -4.843036e-001 -2.256723e+000  9.441431e-001  6.411812e-001  2.196031e-001 -4.335049e-001 -3.465896e-001  1.882325e+000  1.239134e+000  1.583079e+000
 2.100281e-001 -1.445995e+001  8.324173e+000 -3.853780e+000 -1.862990e+001 -6.457135e+000 -3.842809e+000  2.614627e+000 -6.992799e+000 -1.326515e+001 -2.065942e+000  2.291130e+000  5.249889e+001 -1.788437e+000 -6.043408e+000 -4.890194e-002 -2.784880e+000 -2.983993e+000  1.914291e+000  2.294647e+000  4.236271e+000 -9.496322e-001 -2.875347e+000  2.357305e+000  4.789977e+000  1.857614e+000 -8.280399e-001  2.165334e+000 -1.330512e-002  8.595338e-001  8.726880e-001  5.573298e-001 -1.973110e-001 -5.248336e-001  2.411937e-001  1.619143e+000  1.045920e+000 -6.847059e-001 -1.194546e+000
-2.951609e+000 -1.447086e+001  8.831126e+000 -9.219526e+000 -1.825442e+001 -1.166836e+001 -5.994701e+000  2.608417e+000 -8.572501e+000 -1.479702e+001 -6.591004e-001  5.779904e+000  5.400438e+001 -2.595963e+000 -9.275907e-001 -8.484147e-001  1.083074e-001 -4.873615e-001  1.768759e+000  1.669263e+000  2.906891e-001 -4.368969e-001  6.784552e-001  3.594164e+000  3.185533e+000 -2.146409e+000 -6.028842e-001  3.313405e+000 -4.455919e-001  1.457868e+000  2.537222e+000  5.699494e-001 -4.333863e-001 -8.548796e-001  9.238449e-001  2.118397e+000 -2.042706e-001 -1.801669e+000 -2.498389e+000
-7.875099e+000 -2.451520e+000  1.396898e+001  3.959714e+000 -1.046129e+001 -1.353502e+000 -4.152052e+000 -2.405749e+000 -7.164851e+000 -8.878516e+000 -6.082247e-001  2.352928e+000  4.070281e+001 -3.594082e+000  5.035611e+000 -1.055544e+000  1.739027e+000  5.681849e+000  1.101432e+000  7.816818e-001 -6.309547e-001  7.568721e-002  4.883600e+000  1.440283e+000 -1.711495e+000 -6.110353e+000 -2.221918e-001  1.754116e+000 -9.336036e-001  3.825754e-001  1.421323e+000 -4.106820e-001 -4.613516e-001 -5.235134e-001  7.495586e-001  1.264864e+000 -8.955349e-001 -1.817564e+000 -1.245785e+000
-1.136543e+001  3.567351e+000  6.773809e+000  4.428542e+000 -8.832699e+000 -5.109266e+000 -2.084327e+000 -9.161327e+000 -8.548616e+000 -2.971982e+000  6.315814e+000  1.385445e+000  3.261891e+001 -3.320312e+000  3.759880e+000 -2.853868e+000  1.423446e+000  4.990633e+000  1.998119e+000  1.234043e+000  3.663032e-001  2.097846e+000  3.954058e+000 -2.824426e-002 -2.184662e+000 -5.704554e+000  2.455862e-001 -5.166153e-001 -5.013273e-001 -7.699586e-001 -4.679575e-001 -4.295618e-001 -5.359507e-001  4.294412e-001  7.027252e-001 -3.527339e-001 -1.131726e+000 -7.909680e-001  6.283002e-001
-1.355347e+001  1.698997e+000  4.075112e+000 -1.982679e+000  5.068489e+000 -4.229521e+000 -1.889587e+000  5.344726e+000 -6.626305e+000  5.240332e+000  1.648015e+000 -4.069113e+000  3.263986e+001 -2.537221e+000  3.834376e-001 -3.714193e+000 -1.529572e+000  1.383624e+000 -2.537987e-001  2.054988e-001  1.580897e+000  1.530789e+000  1.811173e+000 -3.091652e-001 -1.612744e+000 -2.592239e+000  6.852229e-001 -1.607067e+000  3.120486e-001 -9.243096e-001 -2.149594e+000 -1.429299e-001 -3.444209e-001  4.378842e-002  3.638532e-001 -1.189529e+000 -1.930454e-001  5.461550e-001  1.677322e+000
-1.671398e+001  2.253282e+000 -4.912769e-001  8.689007e-001 -1.066148e+000 -2.397551e-001 -9.557192e-001  5.646958e-001  1.647456e+000 -2.086150e+000 -1.928442e+000 -1.932386e+000  2.951309e+001 -1.896462e+000 -1.184581e+000 -2.025726e+000 -2.107186e+000 -6.780366e-001  2.985651e-001 -7.223986e-001  1.331970e+000  2.349178e+000  4.509989e-001 -1.189743e+000 -8.186818e-001 -7.639647e-001  1.247013e+000 -1.077021e+000  1.180600e+000 -6.169449e-002 -2.547089e+000  8.232205e-002 -4.645210e-001 -5.172259e-001 -4.849986e-001 -8.204172e-001  5.597724e-001  6.328709e-001  2.544697e+000
-1.788693e+001  1.227022e-001 -9.694397e-001 -1.908327e+000 -7.426447e+000 -5.057251e+000 -3.688862e+000  6.357222e-001 -4.608942e+000 -2.655665e-001  1.968077e+000 -4.051878e+000  2.929453e+001 -8.798923e-001 -5.274925e-001  9.062849e-002 -1.117205e+000 -2.231786e+000  1.236559e+000  3.779799e-002 -8.948458e-001  1.769287e+000  6.874824e-001  1.055805e+000  3.362902e-001 -1.940388e-001  1.474833e+000 -5.180157e-002  1.336110e+000  1.219829e+000 -2.441207e+000  6.105350e-001 -3.185841e-001 -1.017408e+000 -5.765734e-001 -7.886583e-001  7.748929e-001  2.266100e-001  3.030845e+000
-1.868102e+001 -1.567405e+000 -8.325468e-001 -6.144564e+000 -5.975413e+000 -3.202576e+000 -4.796682e+000 -1.469771e-001  2.188594e+000  2.035961e+000  2.070662e-001 -2.716582e+000  3.047175e+001  2.086090e+000 -1.169761e+000  1.146722e+000  9.087898e-001 -5.937108e+000  1.664550e+000 -1.004712e+000 -9.819550e-001 -4.463959e-001  4.138180e-001  2.088133e+000  5.175007e-003  5.819830e+000  1.393304e+000  4.065033e-001  7.730119e-001  1.355996e+000 -2.002744e+000 -1.756813e-001 -2.462405e-001 -8.757803e-001 -1.056224e+000 -8.125218e-001  4.406165e-001 -2.888415e-001  3.172025e+000
