38 39
-1.000180e+001  6.735139e+000  3.423850e+000  3.135998e+000 -8.626792e-002 -6.319809e+000 -2.616231e+000 -1.675836e+000 -6.104333e+000 -7.977137e+000 -7.548131e-001 -3.341433e+000  5.740268e+001 -4.794348e+000  4.867469e-001 -1.563168e-001 -1.035152e+000  2.113772e+000 -2.095134e+000 -3.843646e-001  1.259891e+000  7.612041e-001 -5.361814e-002  2.201077e+000  1.861827e+000  4.858798e+000 -2.983567e-001  1.556705e+000  1.360966e+000  3.976043e-001  7.782884e-001  1.648016e-001 -1.039294e+000 -3.243236e-001  4.964071e-001  1.541326e-001 -8.787106e-001 -3.301548e-001 -1.597917e+000
-1.523640e+001  1.301500e+001  1.004791e+001  4.547763e+000  6.258819e+000 -1.392864e+001 -6.767732e+000 -5.112964e+000 -3.669769e+000 -7.139361e+000  2.794396e+000  4.507322e-001  5.801115e+001 -4.251114e+000  3.661092e+000  2.229974e+000 -1.941969e-001  2.524885e+000 -6.453259e-001 -2.025029e+000  9.182913e-001  1.988088e+000  3.354355e-001  6.731789e-001  1.031842e+000  1.231283e+000  2.782217e-001  2.601538e-001  7.310965e-001 -1.870171e-001  3.696426e-001  1.159670e+000 -9.656304e-002  1.834013e-001  6.174368e-002 -1.190699e-001 -1.183308e+000 -1.000500e+000 -1.631818e+000
-1.918157e+001  1.325535e+001  1.029519e+001  4.740345e+000  8.714501e+000 -1.259776e+001 -4.621439e+000  3.693802e-001 -2.796126e+000 -9.049494e+000  2.794903e+000  1.402613e+000  5.971281e+001 -3.550227e+000  1.165571e+000  2.732315e+000 -1.559402e+000  3.054889e+000  1.516589e+000 -9.117683e-001  1.214824e+000  1.403588e+000  1.482299e-001 -1.438254e+000 -1.426160e+000  3.447662e-001  4.200218e-001 -9.052488e-001 -4.852408e-003 -5.947267e-001 -4.076919e-001  1.135645e+000  6.222509e-001  3.451905e-001 -4.058833e-001 -1.718224e-001 -7.687722e-001 -9.517234e-001 -1.023043e+000
-2.236567e+001  1.561165e+001  1.522779e+001 -1.661557e+000  1.050851e+001 -4.585506e+000 -9.825120e+000  1.740597e+000  1.274526e+000 -6.966717e+000 -1.237629e+000 -3.007402e+000  5.835892e+001 -3.064734e+000 -9.644833e-001  1.110432e+000 -2.687533e+000  2.135577e+000  2.885714e+000  5.723310e-001  2.347509e+000 -3.012585e-001 -7.478388e-001 -1.275618e+000 -2.020189e+000  3.389587e-001  2.645336e-001 -1.485137e+000 -9.104396e-001 -5.060190e-001 -1.116110e+000  1.654953e-001  1.084328e+000  3.864453e-001 -4.393759e-001 -5.710537e-002  1.790998e-001 -9.975654e-002 -1.772939e-001
-2.418830e+001  1.126467e+001  1.449549e+001 -1.556353e+000  1.306333e+001 -3.408433e+000 -5.646379e+000  9.715050e-001 -1.558542e+000 -7.322309e+000 -5.930070e+000 -8.743168e+000  5.895263e+001 -3.287429e+000 -1.726709e+000  3.791920e-001 -2.762117e+000  2.699669e-001  1.817571e+000  1.428210e+000  2.271235e+000 -1.235394e-001 -3.710929e-001 -6.683853e-001 -1.370775e+000  1.897449e-001  4.014052e-001 -6.792467e-001 -9.734344e-001 -5.831754e-002 -1.808737e+000 -8.064760e-001  3.761631e-001 -7.215572e-003  5.700768e-002  1.145926e-001  1.136571e+000  1.066794e+000  1.325362e-001
-2.805670e+001  9.187927e+000  1.349993e+001 -5.741551e+000  1.476229e+001 -4.094736e+000 -3.393607e+000  6.323517e+000 -5.794854e+000 -1.174215e+001  7.787927e-001 -4.577321e+000  6.008604e+001 -3.059845e+000 -2.318453e+000 -1.145663e+000 -2.122934e+000 -1.663206e+000  3.165910e-002  2.226620e+000  2.322313e+000  5.547720e-001  3.095700e-001  1.183744e+000  5.053666e-001  4.223244e-001  9.722565e-001  3.453860e-002 -2.305884e-001  6.291516e-001 -1.564145e+000 -1.137630e+000 -6.125359e-001 -5.528477e-001  4.988619e-001  1.673423e-001  9.065406e-001  1.174146e+000  2.545575e-001
-3.277320e+001  7.833666e+000  1.305508e+001 -7.030245e+000  7.937448e+000 -3.755291e+000 -6.961452e-001  9.434095e+000  1.208669e-001 -8.517243e+000 -1.555235e+000 -4.666302e+000  5.979798e+001 -1.545646e+000 -1.553678e+000 -1.006810e+000 -2.133289e+000 -4.089404e+000 -1.088764e+000  1.419027e-001  1.191344e+000  1.260611e+000  1.924884e-001  3.014921e+000  2.645031e+000  9.657646e-001  2.033684e+000  3.865039e-001  4.771835e-001  1.082230e+000 -8.656774e-001 -8.490695e-001 -1.354032e+000 -1.067685e+000 -9.410815e-002 -2.419943e-001  3.262203e-001  8.417619e-001  4.303332e-001
-3.337244e+001  5.734890e+000  1.021968e+001 -9.539282e+000  4.755424e+000 -4.253782e+000 -1.167136e+000  9.120865e+000  3.208682e+000 -4.821400e+000  2.493672e+000 -2.519002e+000  6.004787e+001  9.256575e-001 -8.783059e-001  6.504912e-001  1.438114e-001 -3.505461e+000 -1.349269e+000 -1.847195e+000  1.232151e-001  1.500976e+000 -1.929180e-001  1.415432e+000  1.842640e+000  1.223737e+000  2.653927e+000  3.581510e-001  8.497058e-001  1.366201e+000 -3.920995e-001 -5.218865e-001 -1.143763e+000 -1.396709e+000 -5.897844e-001 -4.124642e-001 -5.160073e-001 -6.956019e-002  4.554880e-001
-2.925865e+001  5.222795e+000  1.110156e+001 -1.032393e+001 -2.380258e+000 -8.772730e+000 -6.050101e+000  5.529553e+000  2.427451e-001 -9.820241e+000  8.287098e+000  3.452831e+000  6.380053e+001  4.888237e+000 -5.142629e-001  1.867033e+000  1.515661e+000 -3.137292e+000 -1.737312e+000 -3.305040e+000 -1.967642e+000 -1.067182e+000 -1.329821e+000  8.468722e-001  2.169398e+000  1.940705e+000  2.316664e+000 -1.357625e-001  4.667511e-001  1.150290e+000 -1.703921e-001 -2.026802e-001  1.205696e-001 -1.250607e+000 -5.207248e-001 -2.764392e-001 -7.300451e-001 -9.773821e-001  2.403849e-001
-2.518569e+001  6.101833e+000  1.772914e+001 -3.375651e+000  2.393835e+000 -8.332359e+000 -9.952604e+000  8.891864e+000  1.649086e+000 -1.205524e+001  2.934785e+000  5.763139e-001  6.420345e+001  6.992850e+000 -1.047405e+000  1.665945e+000  2.883595e+000 -4.099759e+000 -2.253499e+000 -1.768723e+000 -3.081740e+000 -1.230254e+000 -9.915964e-001 -3.122681e-001  3.953824e-001  2.212294e+000  1.197478e+000 -5.803078e-001 -3.673055e-001  8.013685e-002 -4.653144e-001 -6.414771e-002  1.190845e+000 -1.033389e+000  4.057738e-002 -1.880212e-001  1.720196e-001 -1.113043e+000 -2.095981e-002
-1.242539e+001  5.078880e+000  1.863551e+001 -2.533755e+000 -6.568218e+000 -1.040256e+001 -1.282861e+001 -2.896118e-001 -4.435245e+000 -1.154943e+001  2.458569e+000  4.633029e+000  6.742371e+001  7.004080e+000 -2.147941e+000  8.192185e-001  2.248270e+000 -4.644216e+000 -1.650050e+000  7.055148e-001 -3.459211e+000  2.260176e-002 -7.903687e-001  2.285460e-001 -1.518250e+000  1.673410e+000 -4.374655e-001 -6.663253e-001 -8.397977e-001 -7.012158e-001  1.093956e-001  4.634852e-002  1.414164e+000 -3.356407e-002  7.768906e-001 -3.990989e-002  7.016486e-001 -1.064474e+000 -3.750648e-001
-6.824823e+000  5.698220e-001  1.478242e+001  9.836029e-001 -1.364939e+001 -1.470636e+001 -6.621496e+000 -3.378251e+000 -6.035922e-001 -8.914789e+000  3.846596e+000 -1.132190e+000  6.929775e+001  5.855126e+000 -2.963006e+000 -6.621294e-001  1.781911e-001 -5.078571e+000 -1.713639e+000  2.101755e+000 -4.297945e+000  1.158971e+000 -1.402750e+000  2.584693e+000 -1.878752e+000  1.252585e+000 -1.321809e+000 -3.596340e-001 -8.103977e-001 -9.662487e-001  9.877019e-001  1.342750e-001  2.201449e-001  1.186531e+000  2.101617e-001  1.837946e-001  6.439504e-001 -1.471589e-001 -4.964929e-001
-3.418687e+000 -2.750902e+000  1.667101e+001 -1.262208e+000 -1.757972e+001 -1.383598e+001 -4.188081e+000 -5.631443e+000  1.482093e+000 -1.534231e+001  8.973923e+000 -3.284168e+000  6.962043e+001  3.269772e+000 -2.888089e+000 -1.167919e+000 -6.377161e-001 -2.100908e+000 -1.775500e+000  1.830541e+000 -1.527359e+000  1.622658e+000 -1.323793e+000  2.906635e+000 -2.015906e+000  5.452355e-001 -1.429329e+000  6.045618e-002 -8.005952e-001 -3.025883e-001  1.444628e+000 -2.816968e-002 -1.101064e+000  2.177248e+000 -6.692073e-001  8.112355e-001 -1.550490e-001  6.370104e-001 -3.619547e-001
-4.134095e-001 -4.798306e+000  1.540074e+001 -3.120469e+000 -1.749327e+001 -1.518385e+001 -3.764096e+000 -9.926947e+000  4.485271e+000 -1.717255e+001  1.260057e+001 -4.858847e+000  6.936801e+001  2.250957e+000 -2.475501e+000 -1.392475e+000 -5.046557e-001 -4.329034e-001 -1.519399e+000 -1.230512e+000  1.884990e+000 -9.794735e-001  1.940889e-001  1.568439e+000 -9.158432e-002  2.939171e-001 -1.051350e+000  3.578556e-001 -8.074704e-001  5.896356e-001  1.215525e+000  1.461049e-001 -1.762505e+000  2.477358e+000 -9.972016e-001  1.238761e+000 -1.035080e+000  7.111586e-001 -2.227790e-001
 7.177571e-001 -6.677501e+000  1.248676e+001 -3.670299e+000 -1.515082e+001 -1.904132e+001 -5.104608e+000 -4.652061e+000  1.133615e+000 -1.403952e+001  1.261476e+001 -3.583172e+000  7.011476e+001  1.659518e+000 -2.089412e+000 -2.818584e+000  1.076752e+000  2.560915e-001 -1.888018e+000 -3.133671e+000  4.335563e+000 -2.254213e+000  2.467389e+000 -3.857231e-002  7.732182e-001  3.429703e-001 -4.432451e-001  4.886478e-001 -9.275523e-001  9.663162e-001  3.295796e-001  5.811427e-001 -1.621960e+000  1.302731e+000 -3.675888e-001  9.521358e-001 -1.166862e+000  2.253781e-001 -1.347767e-001
 2.361741e+000 -9.844383e+000  9.912176e+000 -3.356295e-001 -1.702836e+001 -1.970069e+001 -1.231579e+001  5.557008e+000 -5.326721e+000 -8.595741e+000  9.868377e+000 -1.440610e+000  7.052017e+001  1.403501e+000 -1.573067e+000 -3.874149e+000  2.269135e+000 -1.794482e-001 -9.268553e-001 -4.228664e+000  5.157382e+000 -1.888602e+000  2.895463e+000 -1.118106e+000  2.824793e-001  2.398224e-001 -1.929616e-001  6.394207e-001 -9.269239e-001  7.552272e-001  1.863794e-001  8.082669e-001 -6.928391e-001 -4.774278e-001  1.002388e+000  1.288809e-001 -8.459992e-001 -4.293838e-001 -1.948730e-001
 3.491330e+000 -1.067493e+001  5.322372e+000  2.729133e+000 -1.653172e+001 -2.101764e+001 -1.558059e+001  8.304395e+000 -4.882975e+000 -7.293765e+000  1.014716e+001 -1.127196e+000  7.075920e+001  1.477274e+000 -8.960671e-001 -4.564844e+000  2.806969e+000 -5.797378e-001  8.339418e-001 -4.780181e+000  3.350100e+000  2.392785e-001  2.086199e+000 -1.584400e+000 -1.076047e+000 -1.016006e-001 -4.192837e-002  7.148670e-001 -5.196448e-001  1.761212e-001  4.533701e-001  9.185991e-001 -5.293400e-002 -1.811989e+000  1.514476e+000 -3.786363e-001 -5.225860e-001 -5.989697e-001 -3.325040e-001
 5.217311e+000 -1.066493e+001 -3.878093e-001  5.025490e+000 -1.770006e+001 -1.882996e+001 -1.966943e+001  9.381736e+000 -1.949442e+000 -6.068109e+000  8.243842e+000 -4.674438e+000  7.024490e+001  1.377271e+000  1.249301e-001 -5.153965e+000  2.406372e+000  9.169081e-001  1.160955e+000 -3.871452e+000 -9.417725e-003  2.785721e+000  1.029089e+000 -1.888643e+000 -1.313871e+000 -4.581627e-001 -2.746677e-002  7.104619e-001 -7.680035e-003 -3.087903e-001  9.638500e-001  5.913644e-001  4.316246e-001 -2.298921e+000  1.061346e+000 -6.264798e-002 -3.373646e-001 -1.217087e-001 -4.135565e-001
 6.676342e+000 -1.074757e+001 -5.187470e+000  7.683989e+000 -1.771366e+001 -1.530697e+001 -2.532869e+001  1.018608e+001  6.413684e-001 -4.872337e+000  5.505023e+000 -7.346494e+000  6.974439e+001  1.462991e+000  6.359242e-001 -4.776900e+000  1.888740e+000  1.974764e+000  1.661073e+000 -3.576947e+000 -2.140983e+000  2.981006e+000  1.507395e+000 -2.266234e+000 -1.423455e+000 -9.705574e-001 -7.314012e-002  5.551743e-001  4.495392e-001 -5.724493e-001  1.029797e+000  2.323336e-001  6.724647e-001 -1.717637e+000  8.285433e-002  4.175829e-001 -1.803339e-001  3.628891e-001 -3.978155e-001
 7.655592e+000 -9.183414e+000 -1.060273e+001  9.218802e+000 -1.185285e+001 -1.675124e+001 -2.679900e+001  4.569079e+000  5.839710e+000 -4.661012e+000  2.746231e+000 -4.900315e+000  6.873676e+001  1.273309e+000  1.213247e+000 -3.806521e+000  1.184298e+000  3.362551e+000  1.616401e+000 -2.672158e+000 -3.591683e+000  2.047264e+000  2.871625e+000 -2.464012e+000 -1.523603e-001 -1.393481e+000 -1.313989e-001  1.933467e-001  8.072268e-001 -5.805395e-001  3.419420e-001  1.878401e-001  6.148122e-001 -4.323957e-001 -7.239915e-001  5.426151e-001  8.055792e-002  3.368677e-001 -1.933604e-001
 9.587147e+000 -8.236062e+000 -1.345467e+001  1.007618e+001 -9.581507e+000 -1.375164e+001 -2.990054e+001  5.810044e-003  6.127480e+000 -4.603408e-001  1.564795e+000 -8.131535e+000  6.666048e+001  1.163555e+000  1.335646e+000 -2.990870e+000  5.557598e-001  3.346425e+000  1.767887e+000 -2.017504e+000 -3.446953e+000  1.022778e+000  3.252846e+000 -2.198385e+000  1.576431e-001 -1.623019e+000 -2.479109e-001 -1.030765e-001  7.738322e-001 -5.458255e-001 -3.958659e-001 -1.261970e-001  8.331527e-001  6.024708e-001 -7.323376e-001 -1.259792e-001  4.548883e-001  6.928904e-002  1.703579e-001
 1.012845e+001 -5.854442e+000 -1.528681e+001  9.750888e+000 -4.953382e+000 -1.152562e+001 -3.074430e+001 -3.486549e+000  5.543824e+000  6.084017e+000 -2.106103e+000 -5.043719e+000  6.481945e+001  8.699952e-001  7.418029e-001 -2.010846e+000  1.701647e-001  1.940787e+000  2.046749e+000 -1.577113e+000 -1.518411e+000  1.448770e-001  2.869439e+000 -1.519778e+000 -4.200815e-001 -1.098734e+000 -2.823797e-001 -4.240352e-001  5.976008e-001 -5.571968e-001 -1.140344e+000 -4.447447e-001  1.088933e+000  1.188373e+000 -4.554089e-001 -1.154278e+000  8.186945e-001 -3.933919e-001  4.997062e-001
 1.125768e+001 -5.733823e+000 -1.779978e+001  1.019674e+001 -4.431268e+000 -9.080350e+000 -3.344356e+001 -3.020875e+000  5.903203e+000  6.019376e+000 -3.060735e+000 -6.486577e+000  6.358796e+001  4.250938e-001  3.562640e-001 -1.805577e+000 -3.333210e-001  7.063161e-001  8.149139e-001  4.129372e-002 -1.652651e-001  2.705119e-001  8.785917e-001 -4.639092e-001 -9.431496e-001 -2.661415e-001 -3.235309e-001 -4.475794e-001  5.205398e-001 -7.243327e-001 -1.233758e+000 -6.761251e-001  1.560693e+000  9.730534e-001 -2.390083e-001 -1.591404e+000  9.491987e-001 -3.541254e-001  6.370820e-001
 1.117030e+001 -6.725519e+000 -1.848440e+001  1.000934e+001 -4.724034e+000 -8.853144e+000 -3.291305e+001 -1.509633e+000  6.676233e+000  6.446322e+000 -2.539892e+000 -7.823201e+000  6.477936e+001  2.306404e-001 -4.172380e-001 -1.411163e+000 -1.157145e+000 -1.019116e+000 -1.308359e-001  1.743108e+000  7.093395e-001  1.463530e-001 -1.712640e+000  7.622229e-001 -1.568924e+000  4.266109e-001 -2.502293e-001 -2.597584e-001  5.218875e-001 -8.507336e-001 -9.290555e-001 -5.441779e-001  1.676425e+000  4.376740e-001 -3.658814e-001 -1.415765e+000  9.259635e-001 -9.382287e-002  4.257219e-001
 1.119169e+001 -6.019204e+000 -2.088376e+001  8.280344e+000 -6.164600e+000 -1.101331e+001 -2.860969e+001 -1.808974e+000  6.913835e+000  3.751465e+000 -5.378562e-001 -1.145754e+001  6.534982e+001 -1.344226e-001 -3.227311e-001 -6.880123e-001 -2.402249e+000 -1.342412e+000 -5.239462e-001  4.125849e+000  3.044388e-001 -1.730011e-001 -2.413135e+000  1.406608e+000 -1.038563e+000  7.997192e-001 -1.305375e-001 -9.083159e-002  7.471889e-001 -7.977918e-001 -4.551907e-001  1.984862e-002  1.205206e+000  7.892719e-002 -7.670677e-001 -5.503249e-001  8.418526e-001  1.755815e-001  1.061950e-001
 1.131465e+001 -7.797942e+000 -2.080064e+001  4.923362e+000 -9.182298e+000 -1.121332e+001 -2.444569e+001 -5.458025e-001  5.770273e+000 -1.345230e+000  4.435720e-001 -1.040285e+001  6.607157e+001 -1.013928e-001 -2.174915e-001  3.980904e-002 -3.049039e+000 -1.680126e+000 -4.710388e-003  4.762736e+000  4.351074e-001 -1.462774e+000 -2.563520e+000  2.174781e+000 -8.414890e-001  4.969452e-001 -6.451796e-002  1.595510e-001  8.728595e-001 -5.024664e-001  1.201887e-001  4.237948e-001  5.897201e-001 -1.361319e-001 -9.554512e-001  4.372366e-001  7.918509e-001  3.906185e-001 -1.373789e-001
 1.051340e+001 -6.811267e+000 -2.008172e+001  7.284908e-001 -8.914195e+000 -1.051999e+001 -1.704799e+001 -1.980596e+000  5.491178e+000 -2.150524e+000  2.480574e+000 -1.038957e+001  6.694044e+001 -6.157694e-002 -1.977672e-001  1.204881e+000 -3.376333e+000 -1.239133e+000  8.510942e-001  4.557510e+000  3.664869e-001 -2.760263e+000 -1.447593e+000  3.039075e+000 -4.289595e-001  2.296661e-001 -8.224993e-003  2.678836e-001  7.527964e-001 -1.763048e-001  3.301937e-001  5.589634e-001 -2.361845e-001 -1.596424e-001 -8.784432e-001  8.773940e-001  5.567595e-001  3.302906e-001 -2.543350e-001
 1.100248e+001 -7.416945e+000 -1.868638e+001 -1.459929e+000 -1.174987e+001 -9.123354e+000 -1.488022e+001  7.517154e-001  7.369250e-002 -3.420285e+000  6.824799e+000 -1.256463e+001  6.646877e+001 -1.283722e-001  3.180353e-001  2.006687e+000 -3.182435e+000 -4.698123e-001  1.300618e+000  4.475878e+000 -2.343822e-003 -3.337272e+000 -9.228659e-003  3.905244e+000  7.936706e-002  2.474289e-002 -1.007865e-001  4.180720e-001  4.864621e-001  3.078923e-002  3.483841e-001  4.661039e-001 -6.396530e-001 -2.958530e-001 -2.813416e-001  9.195700e-001 -1.088043e-001  3.917433e-001 -1.715737e-001
 1.103989e+001 -7.198538e+000 -1.591648e+001 -5.409676e+000 -1.107648e+001 -7.802821e+000 -1.060488e+001 -6.252979e-001 -4.039191e+000 -2.448971e+000  1.146690e+001 -1.252145e+001  6.629955e+001 -1.620579e-001  7.489234e-001  2.092530e+000 -3.217075e+000 -2.966000e-001  1.618207e+000  3.088355e+000 -2.750473e-001 -3.627968e+000  6.966888e-001  3.325174e+000  1.524619e-001 -2.358543e-001 -1.870719e-001  5.076209e-001  7.759278e-002  2.411256e-001 -6.316415e-003  3.030709e-001 -9.179093e-001 -2.072451e-001  3.394796e-001  4.324568e-001 -8.214872e-001  2.811231e-001 -8.514962e-002
 1.040954e+001 -6.014130e+000 -1.284982e+001 -7.919732e+000 -1.045022e+001 -6.068819e+000 -5.287859e+000 -1.235171e+000 -6.150902e+000 -1.242149e+000  1.547663e+001 -8.940078e+000  6.651573e+001 -5.550850e-001  1.399523e+000  2.028295e+000 -2.974722e+000 -4.094718e-001  1.942253e+000  2.299048e+000 -7.233906e-001 -2.435630e+000  9.621887e-001  1.487710e+000  8.265169e-001 -1.281631e-001 -1.671873e-001  3.766557e-001 -2.058834e-001  3.694217e-001 -3.060189e-001  2.109957e-001 -1.107531e+000 -4.132126e-002  7.220661e-001 -9.253220e-002 -1.279566e+000  1.305774e-001 -2.443153e-002
 9.999578e+000 -3.768058e+000 -1.253735e+001 -1.212698e+001 -1.104702e+001 -3.956225e+000 -6.402399e+000 -2.362390e+000 -9.536364e+000  2.438518e-001  1.478053e+001 -1.143953e+001  6.573769e+001 -7.835798e-001  1.799593e+000  1.582042e+000 -2.274562e+000 -1.300885e+000  2.045631e+000  1.056378e+000 -3.092154e-001 -1.513687e+000  2.289828e-001  1.404055e-001  6.030810e-001 -1.196289e-001 -1.055090e-001  1.596981e-001 -2.437621e-001  5.798188e-001 -3.556689e-001  1.986933e-001 -8.631666e-001  1.717714e-002  9.413549e-001 -4.591859e-001 -8.815722e-001  3.374664e-002  4.570457e-002
 8.747215e+000 -2.134569e+000 -1.023447e+001 -1.297489e+001 -1.381195e+001 -1.335388e+000 -5.486218e+000 -1.996692e+000 -9.355869e+000  4.424642e-002  1.260654e+001 -8.973007e+000  6.610889e+001 -6.535479e-001  1.675979e+000  1.232515e+000 -1.806584e+000 -1.497764e+000  2.141884e+000 -4.578962e-002 -1.918661e-001 -7.840821e-001 -2.380366e-001 -9.002032e-001  5.069445e-001 -1.555275e-001  1.126988e-002 -1.681278e-001 -1.991272e-001  6.275570e-001 -1.154023e-001  1.681546e-001 -5.871363e-001 -5.619488e-002  6.352891e-001 -4.988569e-001 -8.190078e-002 -2.472630e-001  5.500702e-002
 7.953156e+000 -1.403514e-001 -9.313950e+000 -1.425491e+001 -1.590003e+001  5.861877e-002 -5.223813e+000 -1.790614e+000 -1.000514e+001 -1.947255e+000  1.360398e+001 -9.489579e+000  6.590483e+001 -6.403714e-001  1.409186e+000  1.271610e+000 -9.020503e-001 -1.530798e+000  2.511858e+000 -5.505905e-002 -4.549239e-001  2.530329e-001 -9.991279e-001  1.112696e-001  4.809813e-001  6.350708e-003  8.102610e-002 -5.446857e-001 -9.674788e-003  5.837983e-001  3.303637e-001  1.018705e-001 -2.257746e-001 -1.846418e-001  2.386177e-001 -7.479664e-002  4.374276e-001 -3.497360e-001  9.920784e-002
 8.165013e+000  5.519115e-001 -8.298945e+000 -1.588869e+001 -1.551253e+001  2.633178e+000 -6.106101e+000 -2.480389e+000 -9.836924e+000 -1.336779e+000  1.156389e+001 -7.380332e+000  6.565453e+001 -5.703398e-001  7.540879e-001  1.187874e+000 -5.231927e-001 -8.715264e-001  2.549913e+000 -8.091469e-002 -9.315107e-001 -1.425436e-001 -9.180406e-001  1.092774e+000 -3.487481e-001  8.388214e-002  2.110297e-002 -7.311370e-001  4.249758e-002  6.904419e-001  5.902475e-001 -2.997529e-001 -1.552183e-001  1.199381e-002  9.283559e-002  5.010554e-001  4.441027e-001 -6.462145e-001  1.606238e-001
 7.088821e+000  1.934632e+000 -7.147059e+000 -1.518033e+001 -1.785072e+001  6.618781e+000 -6.367753e+000 -4.395161e+000 -8.030672e+000 -4.061275e+000  1.585820e+001 -9.830965e+000  6.599663e+001 -4.200534e-001 -4.628893e-001  1.555988e+000  2.734470e-003  3.781443e-002  2.350969e+000 -5.493202e-002 -8.626022e-001 -6.413673e-001  1.950015e-001  1.331055e+000 -7.177525e-001  2.567055e-001 -7.522881e-004 -7.627451e-001 -1.277151e-002  7.987181e-001  6.778837e-001 -1.071546e+000 -5.073824e-001  5.162513e-001  4.415126e-001  1.085613e+000 -4.397772e-001 -9.175929e-001  1.532812e-001
 6.327683e+000  5.983788e-001 -5.378542e+000 -1.512814e+001 -1.719424e+001  8.134095e+000 -5.318821e+000 -5.351973e+000 -1.105582e+001 -3.488946e+000  1.694330e+001 -1.054605e+001  6.648240e+001 -6.581921e-001 -1.043668e+000  1.302814e+000  1.193234e+000  6.691670e-001  7.235637e-001 -8.219448e-001  7.194211e-002  1.272960e-001  1.670175e+000  7.104177e-001 -2.124761e+000  5.224144e-001 -8.557900e-002 -5.121644e-001 -9.982345e-002  9.952386e-001  3.753765e-001 -1.662731e+000 -7.273620e-001  9.660805e-001  1.295933e+000  8.554596e-001 -1.315198e+000 -6.544781e-001  1.427971e-001
 6.771554e+000 -2.478032e+000 -2.994211e+000 -1.462151e+001 -1.487011e+001  9.063006e+000 -5.892112e+000 -4.667834e+000 -1.260253e+001  1.038361e-001  1.756955e+001 -1.149548e+001  6.677442e+001 -6.002067e-001 -1.505662e+000  1.150283e+000  2.233327e+000  1.088273e+000 -1.932700e+000 -2.221456e+000  1.624606e+000  2.325676e+000  3.134828e+000 -1.896438e+000 -3.218977e+000  5.534905e-001 -2.338778e-001 -2.082157e-001  6.600404e-003  8.977150e-001 -5.757064e-002 -1.870036e+000 -4.896488e-001  1.110726e+000  1.632324e+000 -1.979488e-001 -1.571915e+000  1.193485e-002  1.311166e-001
 5.032687e+000 -2.460099e+000 -3.861300e+000 -1.020193e+001 -1.365700e+001  5.028884e+000 -1.045364e+001 -1.984342e+000 -6.914516e+000  4.931543e+000  1.426030e+001 -1.717188e+001  6.787770e+001 -9.081581e-001 -1.285348e+000  8.916098e-001  3.337704e+000  4.801264e-001 -3.621909e+000 -2.634463e+000  2.655288e+000  4.853600e+000  1.889344e+000 -3.869470e+000 -2.370527e+000  6.494751e-001 -3.611047e-001  1.635957e-002  4.014449e-001  3.348683e-001 -3.851707e-001 -1.367073e+000  4.695768e-001  6.319552e-001  8.858222e-001 -1.444742e+000 -8.898143e-001  1.186741e+000  9.875953e-002
