35 39
-2.067576e+001  3.790211e+000  5.585804e+000 -1.067351e+001  6.807256e+000  5.314402e+000  4.399385e+000  2.821688e+000 -1.940472e+000 -4.889643e+000  4.613476e+000  2.692480e-001  5.883786e+001 -4.236384e+000  7.846315e-001  1.378155e+000 -1.603247e+000 -4.798460e-002  5.207761e+000 -3.254341e+000  3.229857e-001  2.627199e+000  8.258007e-002  1.532207e-001  5.965663e-001  2.795563e-001  1.112433e+000 -1.193626e+000 -2.932914e-001 -1.390250e-001 -3.869779e-001 -1.524922e+000 -8.126977e-001  5.529010e-001 -7.763821e-002 -1.143179e-001 -1.189787e+000 -2.060813e-001  4.478795e-001
-2.322016e+001  4.588517e+000  1.232263e+001 -5.955073e+000  8.645189e+000  1.586163e+001  1.395187e+000  7.869619e+000  1.391289e+000 -3.322744e+000  4.183521e+000 -2.479884e+000  5.971026e+001 -2.522227e+000  7.694671e-001 -1.791294e-001 -1.178180e+000 -4.411677e-001  2.522757e+000 -3.849060e+000  2.431587e-001  9.483349e-001 -6.362569e-001 -1.295607e+000  1.490829e+000 -5.830162e-001  1.190630e+000 -7.323790e-001 -9.170085e-001 -8.926667e-002 -3.617115e-002 -2.517698e+000  1.147734e-001  5.671219e-002 -1.010497e+000 -1.784782e-001 -8.875096e-001 -1.717271e-001 -1.826973e-001
-2.334492e+001  4.762728e+000  8.967176e+000 -7.034865e+000  7.661889e+000  1.261711e+001 -7.847434e-001  6.746109e+000  4.694233e+000 -2.757120e-001  4.357985e+000  3.113331e+000  5.912091e+001 -1.591466e+000 -1.183412e-001 -6.296374e-001 -1.214405e-001  1.488257e-001 -6.484598e-001 -2.862851e+000 -6.181969e-002 -3.720690e-001  1.148036e-001 -1.493628e+000  2.429283e-001 -8.863357e-001  6.119233e-001 -3.684353e-001 -8.256158e-001  2.432014e-002  3.042685e-001 -2.181155e+000  8.135851e-001 -6.555221e-002 -1.293200e+000 -2.754959e-001  1.455668e-002 -5.732876e-001 -2.368985e-001
-2.698730e+001  4.975241e+000  6.842835e+000 -1.031877e+001  5.897851e+000  9.570576e+000 -5.593287e+000  4.156602e+000 -2.383532e+000 -3.236169e+000  2.424281e+000  4.703045e+000  5.632823e+001 -1.366028e+000 -4.734876e-001 -2.494211e+000 -1.664846e+000  5.434782e-001 -2.789430e+000 -1.525738e+000 -5.224825e-001 -2.231297e+000 -1.244925e+000 -1.656845e+000 -8.508132e-001 -1.133633e+000  1.373544e-001 -2.642181e-001 -2.538425e-001  1.427157e-002  2.920757e-001 -1.432997e+000  1.318404e+000  2.532182e-001 -4.000552e-001 -3.414272e-002  3.839769e-001 -5.181306e-001  1.620069e-001
-2.674952e+001  3.005143e+000  5.177516e+000 -9.098866e+000  8.925054e+000  5.217628e+000 -6.420634e+000  4.369098e+000 -1.913406e+000 -4.358912e+000 -1.975043e+000 -2.107575e+000  5.609719e+001 -1.754867e+000 -4.360675e-001 -1.592383e+000 -1.238313e+000  9.810351e-001 -3.041923e+000 -3.480765e-001  3.780452e-001 -2.248986e+000 -9.905654e-001  4.066232e-001 -1.099051e+000 -6.296280e-001  2.666509e-002  6.294566e-002  1.921747e-001  2.146792e-002 -1.244957e-001 -6.053402e-001  9.158360e-001  1.378291e-001  1.204292e-001  1.001217e-001  4.088161e-001  1.226513e-001  3.184884e-001
-2.834800e+001  3.099871e+000  1.746408e+000 -1.324730e+001  1.073100e+001  5.614219e+000 -3.415558e+000  6.445712e+000 -6.461376e+000 -7.505771e+000 -9.341907e-001 -4.123497e+000  5.555396e+001 -1.753755e+000 -3.927603e-001 -9.669690e-001 -5.483861e-001  6.031061e-001 -3.445498e+000  1.485574e+000  1.289317e+000 -1.134828e-001 -2.542860e-001 -3.258479e-001 -4.288344e-001  9.866448e-002  3.891451e-001  6.288791e-002  4.123538e-001  3.664503e-001 -5.660570e-001 -1.424328e-001  4.509966e-001  1.154572e-001  6.726197e-001  4.681300e-001  2.923862e-001  6.867068e-001  3.447118e-001
-3.143890e+001  3.520075e+000  3.553476e+000 -1.176217e+001  1.015049e+001 -6.143242e-001 -3.613990e+000  7.491780e+000 -4.511772e+000 -3.093738e+000  8.070337e+000  2.031349e+000  5.635991e+001 -1.264277e+000  1.560235e-001 -4.323851e-001 -5.723308e-001 -5.034670e-001 -3.347127e+000  2.106727e-001 -2.785741e-001 -8.288304e-001  1.200925e-001 -1.150462e-001  6.451952e-001  8.995743e-002  9.358152e-001  9.157950e-002  1.067125e-001  2.705222e-001 -6.122602e-001  1.678708e-001  2.923720e-001 -1.191175e-001  5.379437e-001  2.147056e-001  6.016413e-002  7.209046e-001  1.315527e-001
-3.341138e+001  2.753973e+000  2.820011e+000 -1.172905e+001  8.300663e+000 -4.740939e+000  4.312611e-001  9.041846e+000 -1.651762e+000 -5.140186e+000 -4.227649e+000  4.894113e-001  5.669019e+001  3.344032e-001 -4.550935e-001 -1.012441e+000 -1.655862e-001 -1.544556e+000 -3.348992e+000  4.498701e-001  3.831129e-001  4.217240e-001  5.403958e-001  6.592058e-002  1.710598e+000  2.301334e-001  1.383650e+000  1.092690e-001  1.859734e-001  3.573921e-001 -2.139542e-001  4.765584e-001  2.728202e-001 -2.487111e-001 -1.176125e-001  1.549182e-001  4.588059e-001  3.034294e-001 -1.133690e-002
-3.053921e+001  3.958209e+000  2.478789e+000 -1.271965e+001  7.622886e+000 -6.340427e+000 -7.290680e+000  1.678160e+000 -8.462365e+000 -4.941242e+000 -9.035449e-001 -1.188053e+000  5.597886e+001  1.880130e+000  5.299653e-002 -1.036084e+000 -7.710256e-002 -1.006435e+000 -2.250822e+000  1.631635e+000  2.355596e-001  1.731294e-001 -3.143782e-001  5.115596e-001  1.435756e+000 -3.759918e-002  1.790489e+000  2.581156e-001  7.886199e-001  6.143749e-001 -3.000689e-001  3.275719e-001  4.087041e-001 -2.151091e-001 -1.862769e-001  4.203516e-001  3.061161e-001 -3.251261e-001  1.752588e-001
-2.712583e+001  6.053368e-001 -2.778456e+000 -1.359649e+001  4.272021e+000 -8.267688e+000  6.721374e-001  1.126809e+001 -2.377460e+000 -3.880040e+000  3.882353e+000  6.039196e+000  5.689515e+001  3.592291e+000  2.050983e-001  2.647474e-001  9.909604e-001 -2.151806e-001 -1.610859e+000  2.139194e+000 -2.113055e-001 -1.202525e+000  7.375402e-001  1.654878e+000  6.930321e-001  1.057583e-001  1.916784e+000  1.336784e-001  1.648133e+000  4.246568e-001 -6.490836e-001 -3.461006e-002 -6.067153e-001 -5.992498e-001 -6.118402e-001  3.962327e-001  1.479995e-001 -9.761495e-001  4.976234e-001
-2.518103e+001  4.859376e+000  1.172287e+000 -1.121396e+001  7.132637e+000 -1.010506e+001  4.423748e+000  7.556458e+000 -3.283276e+000 -5.295702e+000  6.573134e+000  6.435239e+000  5.606944e+001  6.059223e+000  1.116506e+000  2.872120e+000  1.921270e+000 -2.668499e+000 -2.578334e+000  1.409532e+000 -1.056910e+000 -9.480901e-001  2.123278e+000  6.210553e-001 -4.716519e-001  1.028439e+000  1.585007e+000 -6.909228e-001  1.771835e+000 -2.383021e-001 -1.259597e+000 -1.988809e-001 -1.394119e+000 -4.917757e-001 -2.114006e-001  2.498805e-001  1.079043e-001 -1.080469e+000  8.132222e-001
-1.812902e+001  3.328882e+000  4.796999e+000 -7.527092e+000  7.469884e+000 -1.091292e+001  5.270015e+000  5.046170e+000 -1.025393e+001 -1.275255e+000  3.084043e-001  1.429260e-001  5.717369e+001  7.828779e+000 -3.184562e-001  5.274121e+000  9.585113e-001 -3.958942e+000 -3.358286e+000 -2.472655e+000 -1.966901e+000 -2.076867e+000  1.302731e+000  7.511701e-001 -2.216445e+000  2.185231e+000  5.061924e-001 -1.242383e+000  1.181239e+000 -1.050591e+000 -1.202565e+000 -2.826786e-002 -9.526909e-001 -3.264478e-001  2.086416e-001  3.337154e-002  8.041216e-002 -5.811589e-001  6.359748e-001
-4.741499e+000  8.178967e+000  1.305166e+001 -6.147995e+000 -7.318540e+000 -1.790948e+001 -2.541961e+000 -4.954330e-001 -9.264579e+000  4.372757e+000  3.988706e+000 -5.981774e-001  6.098178e+001  7.686921e+000 -3.139840e+000  5.318403e+000 -1.252389e+000 -5.432540e+000 -2.371513e+000 -3.033035e+000 -1.345521e+000 -4.467026e-001  6.524288e-001  1.502935e+000 -2.511850e+000  2.988775e+000 -1.055260e+000 -1.107165e+000  7.854910e-002 -1.167555e+000 -1.874193e-001  6.668648e-001  5.235395e-001 -7.090314e-002 -2.119883e-001  1.826835e-001 -6.740323e-002  1.061324e-001 -1.124366e-001
 1.798303e+000 -2.646740e+000  1.765246e+001 -1.133692e+001 -8.297100e+000 -2.115691e+001 -8.208281e+000  5.459525e+000 -9.771144e+000 -2.200615e+000  8.930418e+000 -1.526322e+000  6.536514e+001  5.309404e+000 -3.878645e+000  4.947802e+000 -2.675163e+000 -4.845986e+000 -1.855609e+000 -4.029778e-001 -1.699239e+000 -4.100110e-001  1.639823e+000  1.615999e+000 -1.192663e+000  2.305464e+000 -2.068184e+000  4.327545e-001 -8.780789e-001 -1.789444e-001  5.554939e-001  1.232312e+000  1.494473e+000 -1.765792e-002 -6.595286e-001  7.921879e-001 -6.335845e-001  6.740676e-001 -1.037430e+000
 3.289914e+000 -7.852014e+000  2.133657e+001 -1.557099e+001 -1.214657e+001 -1.684063e+001 -4.002278e+000  6.221760e-001 -5.758184e+000 -1.570878e+000  9.776804e+000 -5.289389e+000  6.691759e+001  2.042612e+000 -2.639224e+000  3.428025e+000 -2.099669e+000 -3.162073e+000  4.651642e-003  2.992391e+000 -1.545257e+000 -2.841460e+000  2.868150e+000 -1.483755e-001 -4.528811e-001  4.061394e-001 -2.192553e+000  1.785908e+000 -1.602150e+000  1.328601e+000  1.387268e+000  1.265332e+000  7.721283e-001  4.124582e-001 -8.570471e-001  5.628272e-001 -9.781800e-001  8.266669e-001 -1.775389e+000
 4.402298e+000 -8.048854e+000  2.539355e+001 -1.619141e+001 -1.434603e+001 -2.072539e+001  3.985285e+000 -4.008831e+000 -1.405719e+001  9.895677e+000  5.494352e+000 -3.474784e+000  6.573311e+001  3.100113e-001  1.595009e+000  1.828916e+000  4.874296e-001 -2.316706e+000  1.615191e+000  1.987000e+000 -1.955323e+000 -4.177132e+000  4.155810e+000 -1.591097e+000  1.244081e-001 -1.710603e+000 -1.652214e+000  2.185532e+000 -2.321250e+000  2.289330e+000  1.790511e+000  7.781681e-001 -1.084121e+000  8.444700e-001  4.840392e-001 -9.841734e-001 -4.704404e-001  8.662525e-001 -2.185534e+000
 4.169562e+000 -2.316097e+000  2.632124e+001 -1.421910e+001 -2.010444e+001 -1.810198e+001  6.323209e+000 -3.487540e+000 -2.132886e+001  1.266536e+001  4.964862e+000 -1.888352e+000  6.282849e+001 -7.761474e-001  3.052874e+000 -1.132902e+000  3.809319e+000  2.391613e-001  2.219749e+000 -3.673825e-001  8.448122e-001 -2.848378e+000  2.208571e+000 -1.784417e+000  9.629484e-001 -3.880136e+000 -1.068530e+000  1.420305e+000 -2.501041e+000  1.789867e+000  1.774505e+000 -1.159113e-001 -2.069973e+000  5.483157e-001  2.231738e+000 -1.931377e+000  5.168223e-001  1.157926e+000 -2.095207e+000
 2.908535e+000  2.560345e+000  2.430471e+001 -9.575715e+000 -1.590169e+001 -1.245028e+001 -3.436023e+000 -2.262231e+000 -2.287147e+001  1.146031e+001  3.380904e+000 -2.604800e+000  5.885667e+001 -1.542285e+000  4.202965e+000 -4.377987e+000  5.816995e+000  2.405953e+000  9.276831e-001 -4.143698e+000  1.328076e+000  2.013644e+000 -2.951255e+000  8.181773e-002  2.430685e+000 -6.479069e+000 -8.132932e-001 -1.818049e-001 -2.206558e+000  3.438433e-001  1.493418e+000 -6.486419e-001 -1.459651e+000  7.888660e-002  2.767908e+000 -1.795596e+000  1.152125e+000  1.309978e+000 -1.364438e+000
 1.560584e-001  2.107755e+000  1.621649e+001  1.677571e-001 -1.017293e+001 -9.879438e+000 -2.128536e+000  3.972937e+000 -1.559293e+001  8.689660e+000  1.911445e+000 -9.096389e-001  5.095513e+001 -2.373890e+000  3.158322e+000 -5.973731e+000  4.184883e+000  3.349124e+000 -2.311510e-001 -4.292127e+000 -4.453780e-001  5.221845e+000 -3.235201e+000  1.599279e+000  4.183611e+000 -7.685661e+000 -3.751161e-001 -1.856188e+000 -1.063185e+000 -1.283841e+000  8.100781e-001  3.053372e-002 -1.380780e-001 -1.466963e-001  1.690176e+000 -8.087830e-001  6.415081e-001  2.217007e-001  5.501552e-001
-1.302376e+000  1.075405e+001  8.555996e+000  5.700138e+000 -7.282023e+000 -2.019824e+001 -1.250733e+001 -1.098688e+000 -6.856926e+000 -2.872749e+000  7.430149e+000  8.189283e+000  3.927444e+001 -2.957583e+000  6.332600e-001 -6.783463e+000  2.018864e+000  3.595402e+000 -4.025689e-001 -3.348883e+000 -9.157948e-001  5.627299e+000 -2.100282e+000  2.477679e+000  5.063969e+000 -6.630031e+000  1.032040e-001 -3.151692e+000  1.847566e-001 -1.903534e+000  2.362356e-001  1.428624e+000  1.193704e+000  8.055913e-001 -3.309047e-001  2.845464e-001 -8.230444e-001 -1.553911e+000  3.049170e+000
-5.594432e+000  9.378660e+000  4.326943e+000 -9.326078e-001 -7.668654e+000 -1.538375e+001 -1.060177e+001 -6.296202e+000 -3.226903e+000  3.655887e+000  1.093663e+001  1.363266e+001  3.419130e+001 -1.944079e+000 -4.443216e+000 -5.246089e+000 -7.108185e-001  3.694828e+000  3.037544e+000 -1.455180e+000  1.233266e+000  3.795675e+000 -2.260830e+000  2.251932e-001  7.548099e-001 -1.053879e+000  5.084082e-001 -2.582797e+000  9.104239e-001 -1.384640e+000 -3.134708e-001  1.391664e+000  1.167416e+000  1.541972e+000 -1.409562e+000  3.550542e-001 -1.572777e+000 -2.522961e+000  4.318545e+000
-9.004135e+000  2.091192e+000 -3.667835e+000  1.068787e+000  8.231773e-001 -1.171096e+001 -1.594382e+001 -1.706636e+000 -9.179840e-001  3.475791e+000  1.125671e+001  1.544389e+001  3.408844e+001 -1.241171e+000 -7.754727e+000 -3.818025e+000 -1.252826e+000  3.414279e+000  6.436457e+000  4.063508e-001  4.516711e+000  1.072206e+000 -2.015708e+000 -3.346361e+000 -3.624470e+000  5.450891e+000  1.541704e-001 -3.929363e-001  1.736138e+000 -8.401555e-001 -8.091979e-001 -1.700216e-001  6.721551e-001  9.213514e-001 -1.177544e+000  6.302322e-001 -1.305282e+000 -2.003577e+000  3.470555e+000
-5.713458e+000 -1.577690e+001 -3.902042e+000 -1.070660e+000  4.248605e+000  1.064640e+000 -7.686192e+000  1.044324e+001  4.159697e-001 -5.788761e+000  1.124133e+000 -7.628947e-001  4.827874e+001 -6.900550e-001 -5.561672e+000 -2.904330e+000 -1.102474e+000  1.872331e+000  3.307658e+000 -3.326650e-001  4.548227e+000  4.515827e-001 -1.502217e+000 -3.352586e+000 -4.086975e+000  7.866602e+000 -7.537549e-001  2.300574e+000  2.034117e+000  1.881483e-001 -6.841696e-001 -2.203843e+000 -4.621384e-002 -6.255541e-001 -4.168953e-001  1.204868e+000 -1.009461e-001  7.837769e-002  7.366059e-001
-7.448716e+000 -1.544181e+001 -6.419637e+000 -4.949650e-001  3.830742e+000  3.759842e+000 -1.193337e+001  1.311514e+001 -3.317332e+000 -8.228968e+000 -4.395406e+000 -2.735285e+000  5.948518e+001 -2.813743e+000 -7.721937e-001  7.263479e-001 -1.986086e+000  4.606603e-001 -1.387734e+000 -5.493646e-001  2.033482e+000  1.411623e+000  6.715723e-001 -2.259840e+000 -2.533022e+000  6.262504e+000 -1.161073e+000  3.235643e+000  2.135547e+000  5.386790e-001 -1.958689e-001 -2.514710e+000 -1.161851e-001 -1.565268e+000  1.751323e-001  8.901774e-001  7.530158e-001  1.251285e+000 -1.758549e+000
-9.822416e+000 -9.663198e+000 -8.818804e+000 -5.663101e+000  1.892203e-001 -6.580869e+000 -1.427032e+001  9.034042e+000  2.306850e-001  1.997182e+000  1.999761e+000  2.287376e+000  6.082594e+001 -4.926568e+000  3.568386e+000  2.652308e+000  5.965528e-001  1.750789e+000 -4.069578e+000 -1.208392e+000 -6.528899e-001  1.541490e+000  2.419871e+000 -8.227981e-001  6.009747e-001  2.223344e+000 -8.663507e-001  2.133197e+000  1.438681e+000  4.147482e-001  2.336935e-001 -5.688179e-001  2.115581e-001 -1.349953e+000 -7.710436e-002 -3.962769e-001  2.784775e-001  1.015717e+000 -2.405605e+000
-2.101837e+001 -4.826626e+000  2.422286e+000 -6.565421e+000  5.156171e+000 -1.482688e+001 -1.539858e+001  9.165374e+000  6.232775e+000  2.940681e+000 -4.803070e-001  1.253647e+000  5.912736e+001 -4.928279e+000  3.858460e+000  4.081391e+000  5.910560e-001  2.495706e+000 -2.448477e+000  2.632885e-001 -7.090705e-001  1.402914e+000  4.741344e-001 -8.461759e-001  2.879795e-001 -5.202233e-001  2.970965e-001  4.577167e-001 -1.846630e-001  1.359832e-001  3.170598e-002  1.174556e+000  4.334489e-001 -2.375050e-001 -5.749449e-001 -1.141379e+000  1.770106e-001  5.600334e-001 -1.651258e+000
-2.356147e+001 -3.242560e+000  4.938535e+000  4.947333e+000  1.233984e+001 -9.989887e+000 -1.199554e+001  9.153678e+000  3.348364e+000  7.257713e-001 -4.947407e+000  2.475131e-001  5.957437e+001 -3.964540e+000  2.788985e+000  2.611553e+000 -3.173040e-001  2.023276e+000  9.939398e-001  3.187990e-001 -8.302630e-001  7.041540e-002 -3.384882e+000 -2.667030e+000 -4.188899e-001 -7.700573e-001  1.046288e+000 -6.577563e-001 -1.161321e+000 -6.276483e-001 -6.981086e-001  1.279636e+000  3.895191e-001  3.080215e-001 -6.925389e-001 -8.913261e-001  4.738385e-001  1.936934e-001 -5.336181e-001
-2.522059e+001  6.401710e-001  7.108647e+000 -2.844902e+000  1.023396e+001 -6.778034e+000 -1.175431e+001  9.509974e+000  2.138400e+000 -5.222590e+000 -5.152701e+000 -2.754559e-001  5.750985e+001 -1.809274e+000  1.906090e+000 -1.765899e-001 -8.492411e-001  4.829467e-001  1.953287e+000  8.542846e-001  9.346431e-001 -7.275638e-001 -2.132948e+000 -4.526709e-001  7.770768e-001 -4.970875e-001  1.264015e+000 -7.622335e-001 -1.274063e+000 -1.885903e-001 -8.853660e-001  3.713813e-001  3.064824e-002  1.996955e-001 -5.367064e-001  1.501004e-001  9.505591e-001  2.798368e-001  9.534565e-002
-2.754401e+001  1.548329e+000  1.895781e+000 -9.109880e+000  7.766704e+000 -5.635592e+000 -1.449846e+001  4.710427e+000  2.629950e+000 -1.084559e+001 -8.999190e+000  9.574775e-001  5.778441e+001 -1.254629e+000  1.255789e+000 -1.025308e+000 -1.821540e+000 -7.333744e-001  1.277209e-001  4.437059e-001  6.536064e-002 -8.559656e-001 -7.332177e-001  1.349642e+000  1.324893e+000 -4.563149e-001  1.592551e+000 -4.521519e-001 -3.015935e-001  3.236517e-001 -6.060361e-001 -4.752575e-001 -2.821457e-001  6.859297e-002 -2.940579e-001  7.611238e-001  1.200874e+000  1.026529e-003  7.979657e-002
-2.807347e+001  2.308379e+000  3.060714e+000 -3.783020e+000  9.857471e+000 -7.237589e+000 -9.875697e+000  1.606021e+001  2.954163e+000 -1.938378e+000 -7.177700e-001  4.784049e+000  5.753690e+001  3.684254e-002  8.138901e-001 -4.704929e-001  4.002222e-001 -5.527991e-001 -1.584609e-001  3.540762e-001 -1.584050e-001 -8.174276e-001 -1.011958e-001  1.898284e+000  8.152722e-001 -2.003662e-001  2.108238e+000 -2.010723e-001  5.532253e-001  4.975539e-001 -2.106362e-001 -6.830913e-001 -8.131580e-001 -6.709803e-001 -1.870799e-001  3.421589e-001  1.014453e-001 -8.189326e-001 -6.764869e-002
-2.840817e+001  2.202284e+000  1.835963e+000 -3.691308e+000  8.861210e+000 -9.121505e+000 -1.071632e+001  6.205361e+000 -1.339345e+000 -4.582423e+000 -4.166620e-001  4.342226e+000  5.727927e+001  3.075158e+000  1.074326e+000  1.250537e+000  6.762227e-001 -4.890313e-001 -3.264735e-001 -8.418251e-001  5.922594e-002 -1.354942e+000 -5.951393e-001  2.161862e+000 -4.328550e-001 -5.194351e-001  2.525656e+000 -4.461243e-001  7.756605e-001  2.678851e-001  1.918048e-002 -4.727805e-001 -3.791236e-001 -3.759896e-001  6.737612e-002  9.390059e-001 -6.845601e-001 -1.294346e+000  2.708857e-003
-2.460429e+001  4.382644e+000  4.786092e+000 -3.553077e+000  6.922716e+000 -5.827382e+000 -1.187500e+001  7.970483e+000  3.590934e-002 -8.860154e+000  4.745227e-002  2.108531e+000  5.676059e+001  6.567021e+000  9.914601e-001  1.451614e+000  3.896469e-001 -6.924060e-001 -1.235072e+000 -2.568740e+000 -2.417191e+000 -1.413475e+000 -4.911929e-001 -3.515542e-001 -2.438712e+000 -8.037708e-001  1.943933e+000 -1.316314e+000  5.003484e-001 -6.641074e-001 -1.282845e-001 -5.218902e-001  3.458095e-001 -2.310837e-001  4.651226e-001  1.661081e+000 -7.810453e-001 -1.383756e+000  4.401523e-001
-1.390281e+001  5.882825e+000  7.285776e+000 -5.843739e+000  6.788925e+000 -7.973063e+000 -1.770793e+001  9.051423e+000 -2.685635e+000 -1.036040e+001  1.427510e+000  1.309615e-001  5.557539e+001  8.108561e+000 -1.063617e+000  1.891941e+000 -4.768268e-001 -5.676686e-001 -1.697876e+000  9.496212e-003 -6.851942e-001 -2.210613e-001  4.156810e+000 -9.482396e-001 -3.519846e+000 -1.410683e-001  3.058457e-001 -1.840946e+000 -2.174898e-001 -8.251388e-001 -4.323296e-001 -8.597182e-002  1.275117e+000 -8.767080e-002  9.746926e-001  1.767074e+000 -4.008184e-001 -1.064000e+000  9.463073e-001
-2.491048e+000  5.425409e+000  7.593879e+000 -7.585704e-001  7.431583e+000 -1.398717e+001 -1.922359e+001  2.551230e+000 -3.440066e+000 -1.505353e+000 -3.397627e+000 -5.303880e+000  5.436998e+001  7.239808e+000 -4.698708e+000  1.710547e+000 -2.343790e+000 -1.154903e+000 -2.082210e+000  1.657463e+000 -9.416136e-001  9.412448e-001  5.828232e+000 -4.518918e-001 -4.560011e+000  1.811212e+000 -1.386774e+000 -1.325213e+000 -7.693596e-001 -5.748850e-001 -6.653072e-001  8.366067e-001  1.348462e+000  3.833575e-001  9.768300e-001  5.706642e-001  4.532247e-001 -2.172233e-001  1.065530e+000
 1.078006e+000 -3.637184e+000  9.891774e+000 -7.472695e+000  5.768434e+000 -1.353099e+001 -6.994547e+000  5.489016e+000 -7.066645e-001  1.252423e+001 -3.435320e+000 -9.550800e+000  5.776923e+001  4.267993e+000 -5.285318e+000  3.362150e-002 -2.082753e+000 -2.419431e+000 -3.327634e-001  3.420657e+000 -1.116917e+000  2.341161e+000  5.080516e+000  2.079389e-001 -4.692204e+000  2.904610e+000 -2.092555e+000  1.846045e-001 -1.172849e+000  2.013730e-001 -6.436327e-001  1.489037e+000  1.288163e-001  6.957838e-003  5.240978e-001 -1.346521e+000  6.205824e-001  5.682787e-001  5.267663e-001
