26 39
-1.376803e+001 -5.084405e-001 -1.911163e+000  1.219182e+000 -8.741454e-001 -2.645018e+000 -2.406654e+000 -8.386756e-001  2.067050e+000  1.616321e+000  1.833073e+000 -5.534680e+000  3.153666e+001 -1.072322e+000  1.173530e+000  1.971712e-001  4.845494e-001 -1.046507e+000 -1.767907e+000  1.055474e-001 -2.158781e-001  1.649298e+000  1.612147e-001  4.909590e-001 -3.238793e-001  3.909931e-002 -2.905431e-001  1.859063e-002 -5.913101e-001  2.525546e-002 -1.829318e-001 -2.030697e-001  2.045732e-001 -1.150524e-002  1.839504e-001 -5.950893e-001  5.396848e-001  1.979066e-001  1.585032e+000
-1.281423e+001  1.884061e+000 -1.009551e+000  1.218681e+000 -1.903857e+000 -3.784331e+000 -3.924151e+000 -1.444751e-001  3.229567e+000  3.876732e+000  1.528218e+000 -9.120077e-002  3.230490e+001 -1.836496e+000  1.112659e+000 -1.050788e+000  1.763227e+000 -1.332482e+000 -8.480520e-001 -1.854493e+000 -1.919514e+000  2.313856e-001 -2.037762e+000  1.062222e+000 -5.759255e-001  2.133317e+000  7.961876e-002 -7.080336e-001 -4.470932e-001 -6.611086e-001  9.155833e-002  1.826670e-001  1.772660e-001  1.170030e-001 -2.071532e-001 -2.907537e-001  3.203293e-001  6.901363e-002  2.189541e+000
-1.969179e+001  4.877303e+000 -5.531319e+000  4.801849e+000 -1.699214e+000 -3.311855e+000  6.112459e+000  1.520145e+000  1.065785e+001 -5.582250e+000  4.403489e+000 -4.531369e+000  3.255344e+001 -5.578316e-001 -9.613562e-001 -1.627491e+000 -2.967219e-001  2.578540e-002  3.410072e-002  9.096251e-002 -5.745655e-002  3.384019e-002 -6.548334e-001  1.088595e+000  7.597567e-001  5.791733e+000  8.310952e-001 -1.056421e+000  6.300514e-001 -1.357705e+000  2.705783e-003  3.193843e-001  1.635309e-001  2.682215e-001 -6.645085e-001  1.017048e+000 -7.106733e-002  3.344153e-001  1.860074e+000
-1.968430e+001  3.736740e+000 -6.752061e+000  8.547219e+000 -2.412941e+000  3.314840e+000 -7.102657e+000 -8.334883e+000  1.321641e-001 -7.052139e+000  6.410361e+000 -4.348003e+000  4.188784e+001  4.500229e-001 -2.478388e+000 -4.594411e-001 -2.654943e+000 -3.175241e-001 -5.699381e-001 -7.497650e-001  2.404461e-001  1.423793e-001  5.903252e-001  9.121157e-001  4.712628e-001  7.703962e+000  1.178938e+000 -4.819716e-001  1.481461e+000 -1.147655e+000 -2.591935e-001  8.744729e-002  1.183414e+000  7.585384e-001 -3.445981e-001  1.239520e+000 -3.670880e-001  3.096617e-002  2.210528e-001
-1.312215e+001 -6.241561e+000 -7.177364e+000 -3.928697e+000 -4.906765e-001 -6.024099e+000 -3.625883e-001  2.969245e+000  3.784952e+000  3.806589e+000  4.834977e+000  3.925045e-001  5.570386e+001  1.939894e+000 -2.313052e+000  3.051755e+000 -4.094891e+000 -1.540457e+000 -3.100426e-001  3.708376e-001  4.524893e-002 -1.628741e+000  3.932412e+000  2.106757e-001  8.246030e-001  6.554145e+000  1.025985e+000  5.798659e-001  1.528613e+000  6.479049e-001 -4.339618e-001  2.079469e-001  8.274846e-001  5.233741e-001 -2.770264e-001 -2.240970e-001 -5.586003e-001 -3.593106e-001 -1.810794e+000
-1.384893e+001 -4.948446e+000 -2.483734e+000 -7.690760e+000 -4.095747e+000 -5.277899e+000 -4.435453e+000  3.332051e-001  7.377914e+000  2.133938e+000  5.873053e+000 -1.968232e-001  5.924950e+001  2.809331e+000 -6.213513e-001  4.016894e+000 -2.075964e+000 -1.845328e+000 -2.387439e-001  3.922638e+000  1.821825e+000 -6.603143e-001  1.866214e+000 -3.342582e-001 -4.535178e-001  2.857375e+000  8.645175e-001  8.598329e-001  4.616802e-001  2.040652e+000  3.721107e-001  1.272585e-001  1.390071e-001  5.503780e-001  2.846491e-001 -9.598907e-001 -6.345865e-001 -2.826858e-001 -2.688054e+000
-1.291000e+001 -2.345364e+000  7.593291e+000 -7.553616e+000 -8.560096e+000 -5.656989e-001  6.633045e+000 -2.587655e+000 -1.108726e+000  9.486773e+000  5.725521e+000 -2.483943e+000  5.664333e+001  3.392440e+000  1.009455e+000  3.777407e+000  2.653313e+000 -1.380121e+000  9.082383e-001  1.892184e+000  1.768724e+000 -9.499449e-001 -2.413263e+000 -1.081220e+000 -5.744059e-001 -8.389427e-001  7.292524e-001  5.072315e-001 -1.290742e+000  1.940643e+000  1.301750e+000 -1.428525e-001 -1.470682e+000 -3.991343e-001  6.359574e-001 -1.145907e+000 -6.623294e-002 -5.991289e-002 -2.075320e+000
-5.743719e+000 -1.318115e+000  5.947081e+000 -2.014023e-002 -7.604872e+000 -6.080794e-001  9.012718e+000  3.552693e+000 -7.225682e-001 -5.611628e-001  4.293797e+000 -5.177368e+000  5.570498e+001  4.046338e+000  1.595230e-001  1.486134e+000  4.174213e+000  1.462862e+000 -5.427862e-001 -8.154026e-001  2.130598e+000  1.226227e+000 -1.036291e+000 -1.614869e+000 -2.426616e-001 -2.039764e+000  6.080112e-001  3.598266e-003 -2.199228e+000  4.063689e-001  1.540709e+000 -7.043066e-002 -2.851403e+000 -2.171526e+000  3.810155e-003  3.941568e-001  6.539994e-001  2.426230e-001 -7.814585e-001
-2.125623e-001 -3.009450e+000  7.494262e+000  5.502559e+000 -5.636721e+000 -3.817817e+000  2.374245e+000  1.020312e+001  3.085468e+000 -6.912175e+000  2.185067e-001  1.074733e-002  5.328141e+001  4.967653e+000 -1.673317e-001 -2.136575e+000  2.483234e+000  3.314200e+000 -8.722839e-001 -4.613552e+000 -2.104809e+000  6.077755e-001 -3.458695e-001  5.198165e-001  4.196105e-001 -1.373888e+000  3.445662e-001 -4.621913e-003 -2.315501e+000 -1.151795e+000  1.146647e+000 -1.923473e-001 -2.406281e+000 -2.693896e+000 -2.226806e-001  1.207592e+000  8.770942e-001  2.418696e-001  3.010886e-001
 3.403830e-002 -3.818788e+000  4.996451e+000  6.652216e+000  1.756875e+000 -6.365771e+000 -6.383066e+000  4.590808e+000  1.141195e+001  5.151959e+000  5.522134e-001 -2.657477e+000  5.073164e+001  5.061781e+000 -1.496648e-002 -4.022253e+000  4.092046e-002  3.511054e+000  2.993639e-001 -7.081508e+000 -7.099037e+000 -1.420124e+000  2.803301e+000  2.135221e+000  2.625890e-001 -7.824448e-001 -1.582383e-001  1.973934e-001 -1.226032e+000 -1.179910e+000  8.941772e-002 -5.488378e-001 -1.173336e+000 -1.294547e+000 -1.723714e-001 -5.192113e-002  1.253928e-001  5.241027e-001  7.574854e-001
 9.039387e+000 -1.931686e+000 -2.614271e+000  1.526375e+000  3.330032e+000 -2.048273e+000 -8.736820e+000 -1.363076e+001 -4.137109e+000  4.900864e+000  1.019540e+001 -1.645836e+000  5.226056e+001  4.607549e+000  1.073591e+000 -5.045906e+000 -1.039015e+000  3.329019e+000 -4.745733e-001 -7.006168e+000 -7.085936e+000 -7.401725e-001  1.704903e+000  1.429206e+000  3.823169e-001  3.784065e-002 -1.136644e+000  2.705505e-002  5.156537e-001  5.453641e-002 -8.495841e-001 -1.620104e+000  6.134651e-001  1.754082e+000  8.638616e-001 -1.261327e+000 -1.126704e+000  7.067223e-001  7.577583e-001
 1.493921e+001 -1.931829e+000 -9.109918e+000  2.172554e+000  5.467021e+000  3.967778e-003 -2.083929e+001 -2.002555e+001 -4.211898e+000  7.548821e+000  9.981457e+000 -3.036131e+000  5.230318e+001  3.435199e+000  5.260289e-001 -3.189360e+000  3.578749e-002  1.902541e+000 -3.485831e+000 -5.485773e+000 -1.851574e+000  1.038344e+000 -2.321282e+000 -1.442600e+000  2.396499e+000  1.041798e+000 -1.976148e+000 -3.417029e-001  2.249316e+000  9.461533e-001 -1.843598e+000 -2.046915e+000  2.490602e+000  3.451492e+000  7.351385e-001 -1.921538e+000 -1.227043e+000  6.210204e-001  7.469905e-001
 1.537259e+001  1.415023e+000 -1.068209e+001  2.547317e+000  9.153299e+000 -9.375553e+000 -2.542848e+001 -1.291837e+001  7.196531e+000  4.139088e-001  2.649917e+000  2.111659e+000  5.268484e+001  9.772301e-002 -3.025541e-001  2.524686e-002  2.758482e+000 -1.294639e-001 -7.080206e+000 -2.344094e+000  4.041870e+000  3.697850e+000 -4.090212e+000 -3.324793e+000  2.886267e+000  1.502781e+000 -2.123475e+000 -5.806639e-001  3.304597e+000  7.584366e-001 -2.434396e+000 -9.120747e-001  3.409868e+000  2.437794e+000 -8.979414e-001 -8.379481e-001  7.381002e-002 -1.561444e-001  4.539196e-001
 1.404343e+001 -2.861998e+000 -6.916443e+000  6.320683e+000  8.357945e+000 -2.013128e+001 -2.546610e+001 -5.023252e+000  1.093685e+001 -4.210976e+000 -2.888049e+000  7.446271e+000  5.572849e+001 -2.564046e+000 -1.035409e+000  4.688752e+000  2.872938e+000 -3.977695e+000 -6.632396e+000  3.040468e+000  4.594521e+000  3.655772e-002 -3.906834e+000 -1.622993e+000  2.115716e+000  2.220037e+000 -1.508350e+000 -7.284576e-002  3.093626e+000 -6.367033e-001 -2.047364e+000  1.501946e+000  2.834517e+000 -1.254048e-001 -2.180217e+000  8.145687e-001  1.556385e+000 -1.552571e+000 -8.290938e-002
 9.975894e+000 -2.979373e+000 -3.584774e+000  1.324472e+001  1.237251e+000 -2.738168e+001 -1.814388e+001 -9.225578e-001  6.777766e+000 -9.670297e+000  6.181525e-003  7.544296e+000  5.806181e+001 -3.010205e+000 -1.049010e+000  7.538025e+000  1.334593e+000 -5.902843e+000 -3.461664e+000  5.780050e+000  1.879990e+000 -4.728986e+000 -1.692062e+000  1.888453e+000 -2.580139e-001  1.718319e+000 -3.210313e-001  4.093819e-001  2.038496e+000 -2.247796e+000 -6.355536e-001  3.379126e+000  8.569124e-001 -1.873030e+000 -2.160484e+000  1.807464e+000  1.430529e+000 -2.078367e+000 -5.241046e-001
 4.817330e+000 -4.911675e+000  1.078519e+001  1.118854e+001 -1.046343e+001 -2.415495e+001 -9.279248e+000 -3.050857e+000 -3.819727e+000 -6.943244e+000  3.188359e+000  4.826131e+000  6.071488e+001 -2.552586e+000  5.350282e-001  8.522380e+000 -2.435784e+000 -5.447590e+000  2.214630e+000  4.624742e+000 -1.397658e+000 -5.649322e+000  5.524861e-001  3.732699e+000 -3.794217e+000  5.194824e-001  4.634615e-001  7.599542e-001  3.289410e-001 -2.603325e+000  1.235025e+000  3.258772e+000 -1.301243e+000 -1.658419e+000 -2.495938e-001  1.356501e+000 -1.414653e-001 -1.229557e+000 -7.686929e-001
 4.934620e+000 -2.805189e+000  1.815722e+001  6.786352e+000 -1.095023e+001 -2.467204e+001 -4.621656e+000 -4.504624e+000 -9.070110e+000 -6.680268e+000  9.053978e+000  2.131659e+000  5.878324e+001 -1.513164e+000  9.591367e-001  8.300911e+000 -5.826136e+000 -2.572284e+000  5.391912e+000  1.148331e+000 -2.327191e+000 -4.261630e+000  2.717449e+000  1.150008e+000 -4.550602e+000 -2.674641e-001  5.286963e-001  5.768715e-001 -8.297177e-001 -1.711730e+000  1.783561e+000  2.041888e+000 -2.081328e+000 -6.971870e-001  1.275107e+000  2.617221e-001 -1.578163e+000  2.631271e-001 -4.971023e-001
 3.801134e+000 -2.739487e-001  2.482446e+001 -2.629052e+000 -1.278626e+001 -1.041296e+001 -9.103503e+000 -1.022051e+001 -9.385820e+000 -2.943559e+000  1.125155e+001 -8.818497e+000  5.796518e+001 -9.952588e-001  1.760288e+000  5.952014e+000 -6.563323e+000  5.321494e-001  5.234676e+000 -1.149886e+000 -1.593985e+000 -1.445089e+000  6.709142e-001 -1.961097e+000 -1.885774e+000 -6.305351e-001  3.651205e-001  3.435056e-002 -1.419041e+000 -1.941122e-001  1.429820e+000  2.363138e-002 -1.247427e+000  1.501239e-001  1.308908e+000 -5.985155e-001 -1.535977e+000  1.519479e+000 -8.463424e-002
 2.918173e+000 -5.025523e-001  3.090015e+001 -8.977158e+000 -1.046275e+001 -7.293117e+000 -1.249010e+001 -8.973690e+000 -1.174733e+001  1.917107e+000  1.724626e+000 -8.386398e+000  5.809933e+001 -1.145387e+000  1.222717e+000  4.674619e+000 -5.160288e+000  2.509050e-002  5.237754e+000 -1.739276e+000 -1.507782e+000 -4.555700e-001 -4.426654e-001 -3.155465e+000  1.034003e-001 -1.921833e-001  1.767931e-001 -3.525694e-001 -1.614276e+000  1.006857e+000  5.468572e-001 -1.089048e+000 -4.844172e-002  2.842743e-001  7.488405e-001 -7.990950e-001 -4.755469e-002  1.280932e+000  1.952892e-001
 8.492597e-001  2.738449e+000  3.417380e+001 -1.374632e+001 -8.046418e+000 -6.671032e+000 -1.109446e+001 -8.786248e+000 -9.706562e+000 -7.887361e+000 -2.952451e+000  6.562872e-001  5.790416e+001 -9.108719e-001  5.749907e-001  3.240321e+000 -3.739269e+000  4.028234e-001  2.409866e+000 -1.685914e-001 -1.056743e+000 -1.007813e+000 -8.600340e-001 -1.794450e+000  1.476178e+000  5.867081e-002  1.119625e-001 -5.318665e-001 -1.730983e+000  1.691924e+000 -3.330243e-002 -1.299298e+000  4.591994e-001  2.368118e-001  1.303399e-001  1.283547e-001  8.950410e-001  1.621576e-001  2.792465e-001
 6.836246e-001  1.802198e+000  3.685565e+001 -1.345646e+001 -1.319470e+001 -3.542292e-001 -1.232256e+001 -1.276066e+001 -1.118759e+001 -6.421694e+000  3.786531e-001 -2.088732e+000  5.785284e+001 -6.713917e-001 -2.110616e-001  1.585377e+000 -2.203879e+000  2.266647e-001  1.359075e+000  4.154750e-001 -1.174441e+000 -7.360657e-001 -5.125520e-001  8.289109e-001  1.730836e-001  3.643788e-001 -2.232092e-002 -3.203708e-001 -2.203186e+000  1.973933e+000  1.611468e-001 -1.433551e+000  4.596798e-001  6.920862e-001  4.112437e-002  5.850785e-001  6.488210e-001 -3.318104e-001  2.278865e-001
 3.640490e-001  1.448630e+000  3.804831e+001 -1.908575e+001 -9.406175e+000 -1.833071e+000 -1.003023e+001 -1.361073e+001 -1.470476e+001 -3.074329e+000  2.952285e+000 -4.586440e+000  5.838179e+001 -6.724436e-001 -1.821545e-001 -1.158280e+000  4.180906e-001  2.648501e-001  6.775270e-001  6.873484e-002 -5.765961e-001 -6.531420e-001  1.347631e+000  5.219199e-001 -1.109828e+000  4.874164e-001 -4.991828e-001  4.181843e-002 -2.379189e+000  2.034313e+000  1.094552e-001 -9.751440e-001  3.383681e-001  1.019207e+000  3.578318e-001  3.904729e-001  1.091624e-001 -5.790084e-001  1.452378e-001
-1.961800e-001 -9.129510e-001  3.688978e+001 -1.732684e+001 -8.649550e+000 -2.916722e+000 -1.094484e+001 -1.243365e+001 -1.292857e+001 -3.052169e+000  2.916813e+000 -4.899617e+000  5.968242e+001 -1.376205e+000 -5.640507e-004 -4.142010e+000  2.630696e+000  8.998113e-001 -1.063833e+000  4.404593e-001  1.712576e+000 -4.272836e-001  1.378894e+000 -1.069545e+000 -2.626489e-001  7.328762e-001 -1.150676e+000  3.490012e-001 -1.828506e+000  1.313272e+000  6.678028e-001 -6.296082e-001  8.502458e-001  1.499248e+000  3.639174e-001  7.680544e-002  1.801541e-001 -1.270695e-001 -1.301180e-001
-2.073056e+000  3.185251e+000  2.836533e+001 -9.720674e+000 -8.994741e+000 -2.002151e+000 -1.143964e+001 -1.183273e+001 -1.210178e+001 -2.833968e+000 -1.611931e+000 -3.487410e+000  5.942645e+001 -3.054379e+000  6.788341e-001 -5.791931e+000  4.015007e+000  6.135260e-001 -1.254400e+000  1.510757e+000  2.595786e+000  6.269554e-001  1.466071e-001 -2.994102e-001 -1.200998e+000  6.006111e-001 -1.441159e+000  2.024203e-001 -6.073208e-001 -2.376144e-001  9.421009e-001 -1.237702e-001  1.003953e+000  1.482344e+000  3.265487e-001 -4.513728e-001  5.814765e-001  5.721297e-002 -3.367811e-001
-4.978850e+000  9.310672e-001  2.098709e+001 -4.985514e+000 -8.901359e+000 -5.588857e+000 -9.415558e+000 -5.086782e+000 -1.462549e+001  3.525977e-001 -2.686964e+000 -3.951491e+000  6.099488e+001 -5.233806e+000  1.103450e+000 -5.240325e+000  2.564021e+000  3.391341e+000 -8.230026e-001  3.945693e+000  4.735609e+000  4.434725e-001  4.719871e-001  2.140347e+000 -4.166790e-001 -3.428085e-001 -1.131462e+000 -1.659034e-001  3.830510e-001 -1.352203e+000  8.325850e-001  4.379837e-001  3.933920e-001  7.202910e-001  4.011239e-001 -5.960786e-001  7.180218e-001  2.435308e-001 -4.273342e-001
-1.251651e+001  3.920791e+000  1.704000e+001 -5.181375e+000 -6.212641e+000 -6.769004e+000 -3.241086e+000 -4.305240e+000 -1.072152e+001 -4.043676e+000  4.257123e+000 -1.106549e+001  6.072861e+001 -5.949440e+000  2.779397e-001 -3.645726e+000 -7.366441e-001  3.729590e+000 -6.173959e-002  3.335881e+000  5.323607e+000  5.442237e-001 -4.557793e-001  1.824357e+000 -7.467481e-001 -6.586464e-001 -1.215062e-001 -6.293300e-001  8.132800e-001 -1.486872e+000  3.282008e-001  4.444629e-001 -7.106438e-001 -3.207703e-001  3.059152e-001 -1.346004e-001  2.013044e-001  7.808546e-001 -2.278036e-001
