25 39
-1.229321e+001 -1.466545e+000 -9.787577e+000 -2.497548e+000 -1.243409e+001 -9.776834e+000  3.975774e+000 -1.274552e+001 -1.051385e+001 -7.314848e+000  3.043295e+000  5.651327e-001  4.003052e+001 -2.873133e+000 -1.300590e+000 -3.576373e+000 -1.103947e+000  1.467033e+000  7.650734e-001 -6.283854e-001  2.194180e-001  2.318421e+000 -2.978730e+000  4.850350e-002 -4.683002e-001  1.377499e+000  1.765012e+000 -3.941405e-001  1.608377e+000  7.248447e-001  5.686496e-001  1.347461e+000  7.347820e-002  1.118675e+000  4.778273e-001  1.117176e+000 -9.005773e-001 -2.785444e-002  2.318511e+000
-2.329490e+001  6.914834e+000 -7.367392e+000 -4.429578e+000 -1.426614e+000 -2.726236e+000  1.772120e+000 -1.611066e+001 -1.680063e+001 -1.818658e+001 -4.107847e+000 -6.079581e+000  4.412241e+001 -6.291645e-001 -2.493806e+000 -2.869935e-001 -6.998256e-001  1.937945e+000  1.306890e+000 -1.506221e+000  2.169538e+000  1.926562e+000 -1.398260e+000 -1.135233e+000 -7.461370e-001  5.125822e+000  2.657938e+000 -2.791405e-001  2.021103e+000  8.755301e-001  2.061520e-001  1.043716e+000  1.074229e-001  1.491321e+000  6.607331e-001  2.341060e+000 -6.270209e-002  2.843849e-001  1.283892e+000
-1.359673e+001 -6.690398e+000 -9.958858e+000  3.093880e+000 -1.719700e+000 -3.569507e+000  2.247812e+000 -5.225584e+000  1.556672e+000 -5.976279e+000  1.440378e+000 -3.548566e+000  4.438285e+001  2.776904e+000 -2.724018e+000  1.897535e+000  1.608229e-001  1.569699e+000  2.639372e+000 -1.083869e+000  4.872124e+000  4.361257e+000  4.016089e+000  5.363150e-001 -1.956266e-001  5.985544e+000  2.312817e+000  1.160304e+000  1.790365e+000 -1.799442e-001 -4.318266e-001  2.174950e-001  3.663095e-002  7.400151e-001 -5.446715e-001  1.665826e+000  2.344219e-001  1.061931e-001 -8.511837e-002
-9.602856e+000 -1.262317e+001 -5.904592e+000 -5.497953e+000 -7.119550e+000 -3.481042e+000 -3.999253e+000 -2.095486e-002 -4.228740e-001 -4.682211e-001 -6.015486e-001 -4.588319e+000  6.206480e+001  5.407292e+000 -9.986196e-001  3.345476e+000  5.281610e-001  1.571485e+000  2.883827e+000 -4.449354e-001  4.279120e+000  3.471071e+000  5.245674e+000  1.324389e+000  6.197617e-001  3.840696e+000  1.590684e+000  2.341957e+000  5.575375e-001 -1.047674e+000 -1.282086e+000 -6.333783e-001  1.291123e-001  5.982210e-002 -1.334606e+000 -2.300135e-001  3.642119e-001 -3.288436e-001 -1.821683e+000
-5.254708e+000 -5.317632e+000 -1.031302e+000 -1.159246e+000 -1.739129e+000  3.797431e+000  1.442116e+000  3.570250e+000  3.103549e+000  3.906418e+000  3.971721e+000 -1.158631e+000  6.098704e+001  5.672723e+000  3.753336e+000  3.559216e+000 -2.617661e+000 -5.088702e-001  1.064080e+000 -9.758734e-001  2.864702e+000 -1.177191e+000  2.028431e+000 -9.198045e-003 -6.202839e-001  1.594470e+000  5.505778e-001  2.149895e+000 -4.633014e-001 -1.818869e+000 -2.165777e+000 -1.490800e+000 -8.853289e-002 -4.145394e-001 -2.127228e+000 -1.776545e+000 -6.033496e-002 -7.176123e-001 -2.006882e+000
-4.294477e-001  1.235353e+000  4.896212e+000  3.377899e-001  6.440525e+000  8.009432e+000 -4.970862e-002  8.870269e-001 -2.187115e-001  3.100437e+000  1.248426e+000 -4.175740e+000  5.502379e+001  5.876348e+000  5.977301e+000  1.669853e+000 -4.548953e+000 -3.433200e+000 -1.072355e+000 -9.146573e-001  3.472359e+000 -1.977245e+000 -1.554498e+000  9.585828e-001 -2.178026e+000 -1.787056e+000 -3.808497e-001  8.339565e-001 -9.926576e-001 -1.646129e+000 -2.211976e+000 -1.511130e+000 -8.872402e-003 -2.512610e-001 -1.501433e+000 -1.482165e+000  2.884713e-003 -6.363821e-001 -1.107431e+000
 1.018018e+001  5.147019e+000  2.436824e+000 -1.291230e+001 -1.104409e+001 -3.994345e+000 -4.606327e+000  8.643938e+000 -4.431367e+000  2.381550e+000  4.694003e-001 -6.856276e+000  5.587570e+001  5.295265e+000  4.537497e+000  4.188394e-001 -6.394964e+000 -6.756846e+000 -2.836534e+000 -1.291672e+000  3.202807e+000 -3.550728e+000 -1.466551e+000  4.175432e-001 -2.384794e+000 -1.234991e+000 -1.061073e+000 -8.031116e-001 -8.257123e-001  1.202510e-001 -5.930112e-001 -6.433776e-001  4.397883e-001 -6.277949e-001 -3.428849e-002 -1.656607e-001  5.253237e-003  1.025551e-001 -2.666762e-001
 1.206144e+001  1.203100e+001  7.106125e-001 -2.236619e+001 -1.963307e+001 -4.946929e+000 -5.548317e+000  1.480400e+001 -6.541639e+000 -7.478278e+000  5.942526e+000 -1.262963e+001  5.568519e+001  3.691772e+000  2.779083e+000 -4.762306e-002 -5.813833e+000 -6.364408e+000 -2.721516e+000 -3.313979e-001  2.853762e+000 -2.849323e+000 -4.176590e-001  1.125442e+000 -1.679894e+000 -2.817303e-001 -1.466974e+000 -1.510404e+000 -2.780412e-001  1.580855e+000  1.315536e+000 -2.044315e-002  3.350867e-001 -1.291156e+000  9.165437e-001  7.308401e-001 -5.335171e-001  8.853544e-001  3.724804e-001
 1.497617e+001  1.197203e+001  3.155695e+000 -2.178208e+001 -2.248656e+001 -3.907061e+000 -2.266941e+000  1.262580e+001 -1.148863e+001  1.863021e+000  3.712388e+000 -8.855657e+000  5.448139e+001  1.459647e+000  1.336887e+000  2.893932e-001 -1.383966e+000 -2.008322e+000 -1.328228e+000  9.314384e-001  3.502665e-002 -9.125949e-001  6.317081e-001 -6.636135e-002 -3.565745e-001 -4.915733e-001 -1.444271e+000 -1.156157e+000  7.469643e-002  2.104766e+000  2.281707e+000  2.077474e-001 -1.844888e-001 -1.314577e+000  1.710115e+000  2.717665e-001 -5.399261e-001  8.313454e-001  1.839337e-001
 1.563142e+001  1.171826e+001  4.298661e+000 -2.429649e+001 -1.966028e+001 -5.641792e+000 -2.876391e+000  1.316491e+001 -1.093670e+001  1.271406e+000  5.254142e+000 -1.157552e+001  5.431229e+001  4.592844e-001  2.558613e-002  3.443706e-001  8.498251e-001  7.702194e-001 -1.928724e+000 -3.507792e-001 -1.399530e+000  1.286407e+000  1.050573e+000 -1.467050e+000  1.234636e+000 -2.963623e-001 -9.933136e-001 -7.430112e-001  1.334233e-001  1.675384e+000  1.682824e+000  1.439145e-002 -6.952444e-001 -1.070658e+000  1.508434e+000 -1.435402e-001 -4.710491e-001  3.798254e-001  7.767635e-003
 1.569343e+001  1.198783e+001  2.089765e+000 -1.886698e+001 -2.107209e+001 -1.028805e+001 -1.285098e+000  9.638617e+000 -6.796813e+000  1.165249e+000  4.817857e-001 -9.166203e+000  5.410428e+001 -3.098456e-001  1.334571e-001  5.963247e-001  7.970387e-001  1.084376e+000 -2.194194e+000 -2.204426e+000 -1.243429e+000  2.931981e+000 -8.418344e-001 -9.858411e-001  3.146684e-001 -3.080063e-001 -4.670133e-001 -3.597787e-001 -8.577125e-002  4.877967e-001  5.201368e-001 -7.312739e-002 -6.978592e-001 -3.319927e-001  6.169108e-001 -3.350905e-001  2.644977e-002 -2.366902e-001  4.347656e-002
 1.399923e+001  1.215104e+001  2.965430e+000 -1.957461e+001 -1.648921e+001 -1.140005e+001 -7.793135e+000  9.299942e+000 -2.455510e+000 -1.876526e+000  2.225763e-001 -6.301175e+000  5.439193e+001 -3.900489e-001 -3.342585e-001  4.660274e-001  1.472582e+000  5.033623e-001 -2.216576e+000 -2.239688e+000 -1.860298e+000  2.770560e+000 -3.985889e-001 -7.700639e-001 -1.163881e-001 -3.346756e-001 -1.464529e-001 -1.340311e-001 -3.529682e-001 -2.526628e-002  1.243605e-001  2.938710e-001  1.696569e-001  2.406360e-001 -3.675546e-001 -1.910738e-001  2.365260e-001 -5.063442e-001  9.651260e-002
 1.424304e+001  1.242292e+001  6.803934e+000 -2.015782e+001 -1.865022e+001 -1.199890e+001 -1.083070e+001  8.341140e+000 -1.069314e+000 -7.721845e-001  1.298965e+000 -9.919486e+000  5.290154e+001 -4.507531e-001 -2.820842e-001 -2.002915e-001  7.436388e-001  7.257906e-001 -1.549938e+000 -1.613403e+000 -1.394553e+000  1.429883e+000 -3.191631e-001 -2.826056e-001 -8.645135e-001 -2.550339e-001  5.473759e-002 -1.649900e-001 -4.913110e-001 -6.443803e-002  2.430111e-001  8.039525e-001  1.155665e+000  5.924270e-001 -7.959517e-001 -6.348965e-002  2.064656e-001  1.942285e-001  2.603725e-001
 1.440637e+001  9.829421e+000  4.271714e+000 -1.628816e+001 -1.835441e+001 -1.586925e+001 -9.302030e+000  4.512155e+000  5.235422e-002  2.471780e-001  9.952328e-001 -1.178082e+001  5.324029e+001 -2.025266e-001 -4.367990e-001 -1.022162e+000  7.501936e-001  1.571314e+000 -7.814965e-001  2.019942e-001 -1.207880e-001  1.996834e-001 -1.661316e-001 -6.360378e-001 -7.074941e-001  1.597145e-001  1.436594e-001 -1.304988e-001 -2.780632e-001 -3.423636e-001  3.878131e-001  1.208755e+000  1.621063e+000  7.671914e-001 -7.218490e-001 -3.365349e-001  7.663284e-002  1.263998e+000  3.726198e-001
 1.323609e+001  1.173821e+001  4.351656e-001 -1.679202e+001 -1.651054e+001 -1.580315e+001 -8.597667e+000  5.059747e+000 -9.013323e-001 -1.492419e+000 -1.317571e+000 -1.074895e+001  5.340493e+001 -1.299189e-001 -6.402228e-001 -1.116135e+000  8.360428e-001  1.765455e+000  1.108029e+000  2.353060e+000  8.489508e-001  2.376612e-001 -1.275511e+000 -2.052605e-002  1.581364e+000  7.466614e-001  3.011086e-001 -1.607493e-001 -1.653243e-001 -2.448869e-001  1.030385e-001  1.192656e+000  1.559923e+000  2.792266e-001 -6.321484e-001 -4.558766e-001  3.571576e-001  1.723085e+000  3.038025e-001
 1.349007e+001  1.030940e+001  1.039003e+000 -1.750655e+001 -9.702475e+000 -1.340541e+001 -7.899680e+000  1.033670e+001 -1.541084e+000 -2.347067e+000 -1.649345e+000 -9.423913e+000  5.493880e+001  1.678312e-001 -8.076833e-001 -4.663669e-001 -2.854381e-001  1.922596e+000  2.498218e+000  3.882394e+000  8.539073e-001 -2.425745e-001 -1.603089e+000 -5.179394e-001  4.980665e+000  1.027576e+000  3.586181e-001 -4.327962e-002 -5.225803e-001 -2.100236e-001 -7.554375e-002  9.322317e-001  4.264061e-001 -6.970904e-001 -6.411993e-001 -2.064768e-001  7.528062e-001  1.204030e+000  6.077465e-002
 1.405159e+001  8.981823e+000  2.839613e+000 -1.536841e+001 -1.414891e+001 -7.690670e+000  2.334261e-001  9.673622e+000  9.157114e-001 -5.852618e+000  2.518623e+000 -3.191119e+000  5.578559e+001  8.696111e-001 -9.003885e-001 -1.304811e+000  3.701992e-002  1.065343e+000  2.773483e+000  4.346013e+000 -4.857673e-001 -1.509730e+000 -1.880068e+000  1.444133e+000  4.906832e+000  8.300480e-001  2.871905e-001 -3.497900e-002 -1.035146e+000 -2.880502e-002  3.402533e-001  3.037899e-001 -1.425045e+000 -1.442875e+000 -6.364740e-001  6.718328e-001  6.965014e-001 -4.304155e-001 -1.424967e-001
 1.483778e+001  7.169199e+000  7.376563e-001 -1.842715e+001 -9.922244e+000 -7.434398e+000  5.694392e+000  6.474754e+000 -2.069040e+000 -5.588168e+000 -3.512561e+000  9.343592e+000  5.718784e+001  1.090799e+000 -5.231142e-001 -3.540726e+000  9.958716e-002  1.543652e+000  3.046935e+000  1.337548e+000 -2.938881e+000 -2.132617e+000 -8.962373e-001  2.395664e+000  3.649924e+000  4.218945e-001  4.280215e-002 -5.148610e-002 -1.250388e+000  6.306705e-001  7.995943e-001 -2.613118e-001 -3.142693e+000 -1.501989e+000  1.558015e-001  1.206634e+000  3.684661e-001 -1.997633e+000 -2.260522e-001
 1.691030e+001  8.806369e+000 -5.938215e+000 -1.614661e+001 -1.107394e+001 -4.921237e+000  6.335363e+000  4.561883e+000 -8.186007e+000 -9.272206e+000  6.834702e+000  4.401458e+000  5.643066e+001  8.445500e-001 -9.574024e-001 -4.754683e+000  4.995050e-001  3.656193e+000  2.352620e+000 -3.499745e+000 -4.469031e+000 -1.999687e+000  1.730227e+000  2.005179e+000  9.465665e-002  3.370186e-001 -3.263695e-001 -3.307957e-001 -3.500498e-001  9.763076e-001  1.106126e+000 -8.977109e-001 -3.382812e+000 -8.108050e-001  1.201268e+000  1.491882e+000 -7.823347e-001 -2.059403e+000 -2.094905e-001
 1.751471e+001  7.781553e+000 -1.227571e+001 -1.661951e+001 -3.521698e+000  4.445467e-001 -4.262908e+000 -1.801836e+000 -7.653311e+000 -5.118459e+000  8.170935e+000  5.029418e+000  5.672574e+001  3.943726e-001 -1.036607e+000 -4.993369e+000  2.636672e+000  4.625142e+000  1.402090e+000 -7.908194e+000 -4.664406e+000  7.814114e-001  2.624935e+000  1.043868e+000 -2.601413e+000  1.438293e-001 -9.577383e-001 -5.871080e-001  1.169609e+000  1.407371e+000  1.773881e-001 -1.621133e+000 -1.607135e+000  6.143564e-001  1.356018e+000  8.131802e-001 -1.303074e+000 -1.507924e+000 -6.538720e-002
 1.693587e+001  3.888634e+000 -1.442712e+001 -1.377471e+001  9.317833e-001  1.329569e-001 -1.228665e+001 -8.533237e+000 -6.290588e+000  2.563661e+000  6.702772e+000 -5.607486e-001  5.770173e+001 -4.140234e-001 -2.297621e+000 -2.328738e+000  3.650015e+000  5.055227e+000 -8.926488e-001 -7.945175e+000 -3.677030e+000  3.039595e+000  3.818755e+000 -1.791643e+000 -2.264513e+000 -7.837220e-002 -1.767343e+000 -3.985094e-001  2.640483e+000  1.586741e+000 -1.184435e+000 -1.447803e+000  1.266141e+000  2.081468e+000  8.358635e-001 -5.771179e-001 -1.423839e+000 -1.603554e-001  9.253910e-002
 1.679685e+001  4.445032e+000 -1.998474e+001 -6.429743e+000  7.200603e+000 -2.951044e+000 -2.453557e+001 -1.029972e+001  8.903077e-001  1.618572e+000  1.772745e+000 -1.182371e+000  5.727145e+001 -3.068606e+000 -2.788545e+000  1.094347e+000  5.561188e+000  1.731076e+000 -3.436096e+000 -4.475411e+000 -2.630996e-001  2.127831e+000  2.125400e+000 -2.221297e+000 -2.710110e+000  3.026539e-001 -2.348172e+000 -8.094208e-002  3.218072e+000  7.285919e-001 -2.280334e+000 -4.989268e-001  3.773952e+000  2.889920e+000 -1.109543e-001 -1.409765e+000 -6.904389e-001  7.454748e-001  3.779760e-001
 1.519911e+001 -1.013473e+000 -1.372740e+001 -2.991422e+000  8.841039e+000 -7.686687e+000 -2.325418e+001 -9.574325e+000  2.740158e+000  6.453054e+000  1.075581e+000 -3.815212e+000  5.576594e+001 -6.260676e+000 -2.073980e+000  5.403876e+000  6.970951e+000 -8.189493e-001 -2.467301e+000  1.114567e+000  3.737658e+000  1.506421e+000 -9.055952e-001 -3.481435e+000 -6.527717e-001  7.203018e-001 -2.057206e+000  6.762575e-001  2.169163e+000 -5.037583e-001 -2.278965e+000  1.155288e+000  4.336799e+000  2.363180e+000 -7.671499e-001 -1.838341e+000  3.222618e-001  8.506641e-001  5.687813e-001
 3.040064e+000 -3.710120e+000 -7.153843e+000  5.794789e+000  1.179053e+000 -1.282611e+001 -2.115619e+001 -2.596790e+000 -1.529531e+000  3.563842e+000 -1.219547e-001 -6.893902e+000  5.920691e+001 -8.423162e+000 -1.553137e+000  7.230682e+000  4.619164e+000 -3.839439e+000 -3.052177e-001  6.431695e+000  6.077853e+000  9.932268e-001 -2.061717e+000 -1.563430e+000  3.200903e-001  1.634372e+000 -6.869789e-001  1.065160e+000  5.771517e-001 -2.005507e+000 -1.052537e+000  2.331932e+000  2.830285e+000  2.263781e-001 -7.003629e-001 -8.616613e-001  9.585038e-001  7.855784e-001  4.043734e-001
-7.489112e+000 -2.403692e+000  6.176811e+000  1.496778e+001 -1.521883e-001 -7.266013e+000 -8.403500e+000  6.303589e+000  2.451434e+000 -2.936950e+000 -9.757054e+000 -9.688414e-001  6.033551e+001 -8.022778e+000  4.659628e-001  5.448907e+000  1.602236e+000 -3.554343e+000  3.318354e+000  8.285267e+000  4.968394e+000 -2.288528e-001 -3.279392e+000 -5.092676e-001  4.737078e-001  2.099675e+000  8.288341e-001  1.098166e+000 -1.054444e+000 -3.041195e+000 -2.593206e-002  2.156302e+000  5.022514e-002 -1.934657e+000 -6.291555e-001  4.235697e-001  1.398954e+000 -3.805655e-003  8.882008e-002
