28 39
-3.352272e+000  3.467076e-001  9.386029e+000 -6.296893e-002 -4.805859e+000 -1.062142e+000  1.242586e+000  1.490798e+000 -1.164116e+001 -1.175274e+001 -7.918084e+000 -1.068829e+001  4.332513e+001  6.675700e+000 -6.805016e-001  1.103288e+000  1.147092e+000 -7.232110e-001 -3.630326e+000  2.806129e-001  6.307634e-001 -6.062916e+000 -2.970449e+000 -2.301167e-001 -5.045023e+000  1.690766e+000 -3.166093e-001 -1.211478e+000 -2.428252e-002  3.727362e-001  7.348738e-001 -5.065371e-001  2.564699e-001  3.058386e-001 -1.799909e-001  1.231217e-001  7.325090e-001 -1.744811e-001  7.902651e-001
 7.714490e+000 -3.954802e+000  8.630476e+000  3.673579e+000 -1.187158e+001 -1.529000e+001 -5.471444e-001  3.685853e+000 -1.781356e+001 -8.641636e+000 -6.381066e+000 -2.100692e+001  5.053633e+001  4.789021e+000 -3.231594e+000  4.362949e-001  4.480988e-001 -1.416259e-001 -3.228908e+000  6.904830e-001  2.250238e+000 -3.890825e+000 -1.698929e+000  1.370438e+000 -3.953955e+000  2.455938e+000 -1.954964e+000 -1.026170e+000 -3.056874e-001 -3.882681e-001  8.909053e-001  7.568644e-001  1.690954e-001 -4.285130e-002  1.399926e+000  1.026985e+000  9.046285e-001  1.130794e+000  4.037150e-001
 7.415910e+000 -1.111176e+001  1.193781e+001  5.386474e-001 -1.322900e+001 -1.638361e+001 -1.236975e+000  1.594298e+000 -1.969903e+001 -1.042145e+001 -2.855356e+000 -2.323949e+001  5.551668e+001  1.459377e+000 -4.055305e+000  3.621616e-001  2.179811e-001 -1.297360e+000 -2.160149e+000  1.917487e-001  1.219516e+000 -4.978838e-001  1.224590e+000  2.439722e+000 -2.667829e+000  3.448459e+000 -2.144567e+000 -1.753245e-001 -6.848291e-001 -8.789867e-001  1.224852e+000  1.314430e+000 -3.069385e-001 -3.721094e-001  2.323666e+000  1.562885e+000  3.034428e-001  1.487042e+000  4.132252e-002
 5.602792e+000 -1.430038e+001  1.174675e+001  1.062278e+000 -1.255690e+001 -1.379479e+001  5.314471e-001  6.498432e+000 -1.612398e+001 -7.781305e+000  7.484277e-001 -2.307378e+001  5.691444e+001 -1.016217e+000 -2.662227e+000 -2.872745e-001 -7.804639e-001  2.093845e+000  7.413724e-001  5.473992e-001  2.562058e-001  1.094872e+000  2.176508e+000  2.054310e+000 -2.192337e-001  1.856239e+000 -1.259037e+000  2.951590e-001 -7.392385e-001 -1.256856e+000  1.431148e+000  1.231557e+000 -9.467933e-001 -6.619536e-001  1.857982e+000  9.560708e-001 -3.306743e-001  1.269699e+000 -8.658564e-002
 5.000463e+000 -1.475703e+001  9.638699e+000  2.332587e+000 -1.095000e+001 -1.261050e+001  1.662034e+000  6.182087e+000 -1.497537e+001 -6.059948e+000  7.157788e-001 -2.299401e+001  5.737837e+001 -1.144518e+000 -1.841807e+000 -1.959072e+000 -2.633560e+000  4.283315e+000  9.566838e-001 -1.182538e+000 -2.327673e-001  3.062565e+000  2.906258e+000  9.451614e-001  5.228245e-001  2.197228e+000 -1.540593e-001  1.485460e-001 -6.806768e-001 -1.240222e+000  1.076671e+000  8.986997e-001 -1.190340e+000 -2.573566e-001  1.069134e+000  1.547599e-002 -6.586910e-001  8.911013e-001 -1.103123e-001
 3.841127e+000 -1.544330e+001  8.343661e+000 -1.125710e+000 -2.541857e+000 -1.346970e+001  7.403467e-001  2.672987e+000 -1.470102e+001  6.015406e-002  2.104914e+000 -2.222583e+001  5.888667e+001 -2.042156e-001 -2.862548e+000 -2.099281e+000 -4.410410e+000  4.223777e+000  1.370458e+000 -3.356340e+000 -3.333884e-001  3.618861e+000  2.240591e+000  4.643471e-001  7.992102e-001  2.648625e+000  4.858281e-001 -9.698366e-002 -3.953187e-001 -3.700033e-001 -3.978365e-001  4.951747e-001 -9.126124e-001  1.449643e-001  3.302378e-001 -5.450488e-001 -6.623975e-001  4.988300e-001 -4.602063e-002
 2.574154e+000 -1.974933e+001  3.844000e+000 -1.153516e+001  3.180052e+000 -1.176274e+001 -7.254114e+000  2.343184e+000 -5.097683e+000  1.891091e-001  1.192208e+000 -2.104934e+001  6.551670e+001  2.830794e-001 -3.212414e+000 -2.135219e+000 -4.168157e+000  3.021030e+000  2.018806e+000 -3.808080e+000  2.275300e-001  3.585793e+000  1.269929e+000 -5.875162e-002  1.278455e+000  2.500704e+000  4.983944e-001  1.710081e-001  9.950686e-002  8.737531e-001 -1.220299e+000  3.868299e-001  2.137749e-001  1.466051e-001 -6.222706e-001 -7.684999e-001 -4.117233e-001  3.884299e-001 -5.597793e-001
 5.794868e+000 -2.611697e+001  4.147700e+000 -1.405590e+001  1.496961e+000 -7.366374e+000 -1.179218e+001  6.750942e+000 -2.968516e+000  2.971223e-001  2.831949e+000 -2.005007e+001  6.608840e+001  6.991245e-001 -2.461842e+000 -2.175795e+000 -1.863182e+000  7.358049e-001  2.686185e+000 -2.702892e+000  7.508784e-001  2.484447e+000  2.694286e-001 -7.557214e-001  1.897101e+000  1.474397e+000  1.955282e-001  7.685488e-001  2.222578e-001  1.540378e+000 -1.148562e+000  7.221369e-002  1.071049e+000 -1.309829e-001 -1.038574e+000 -5.919533e-001 -1.894588e-001  2.402206e-001 -8.278404e-001
 5.438989e+000 -2.548227e+001  1.060584e+000 -1.204310e+001  2.135737e+000 -5.568129e+000 -1.111210e+001  5.280760e+000 -2.912662e+000  1.712115e-001  5.850332e-002 -1.768961e+001  6.628103e+001  8.957840e-001 -1.187120e+000 -1.423281e+000  4.615917e-001 -7.419240e-002  2.232970e+000 -4.403876e-001 -4.187508e-002  5.184192e-001  4.934026e-002 -5.034211e-001  1.916029e+000 -1.455460e-002  3.019460e-002  9.138753e-001  3.528177e-001  1.287900e+000 -6.700326e-001 -3.061739e-001  1.164838e+000 -3.096032e-001 -9.556650e-001 -3.466836e-001  1.480702e-001  6.152742e-002 -7.251537e-001
 5.904332e+000 -2.488605e+001 -1.143603e+000 -1.018765e+001  1.659325e+000 -3.136081e+000 -1.084512e+001  4.958591e+000 -3.371297e+000  1.416246e+000 -1.106841e+000 -1.442019e+001  6.587650e+001  4.670734e-001 -3.245144e-002 -1.343961e+000  9.766065e-001  2.857847e-002  1.624445e+000  3.150568e-001 -8.536003e-001 -4.032254e-002 -1.088812e-001 -2.606120e-001  1.681527e+000 -2.329475e-001 -1.175680e-001  6.983796e-001  3.527797e-001  6.041644e-001 -1.876009e-001 -6.053176e-001  7.633445e-001 -3.086658e-001 -5.001160e-001 -2.141989e-001  3.346124e-001 -1.487427e-001 -3.505962e-001
 6.998342e+000 -2.630039e+001 -6.267534e-001 -1.116132e+001  2.727908e+000 -2.713033e+000 -9.929585e+000  3.029984e+000 -2.304197e+000 -1.237514e-001  6.444973e-001 -1.428414e+001  6.554988e+001  5.500780e-001  1.422668e-001 -7.870476e-001  8.514494e-001  2.448007e-002  1.018806e+000  5.071379e-001 -5.182465e-001  6.985305e-002 -2.743341e-001  4.340447e-001  1.693880e+000 -2.713920e-001 -1.933400e-001  3.872376e-001  1.944985e-001  1.678086e-001 -1.330978e-001 -5.733755e-001  2.359032e-001 -7.043544e-002  3.683362e-002 -1.735623e-001  2.042802e-001 -2.566130e-001  9.086685e-003
 7.350558e+000 -2.587016e+001 -1.728434e+000 -9.613754e+000  1.343768e+000 -6.716968e-001 -1.080816e+001  3.608328e+000 -3.474361e+000 -9.980230e-002  1.235892e+000 -1.334517e+001  6.528924e+001  2.841372e-001  3.653627e-001 -7.300126e-001  9.627107e-001 -2.515360e-001  2.666785e-001  6.400684e-001 -5.542649e-001  2.081507e-001 -6.397288e-001  4.486077e-001  1.264462e+000 -1.501648e-001 -1.627886e-001  5.604416e-002  2.059468e-001  6.384233e-002 -2.116369e-001 -4.970003e-001 -3.968137e-003  5.595601e-002  2.033357e-001 -5.742107e-002 -4.127188e-002 -3.852939e-001  9.348297e-002
 7.466266e+000 -2.427887e+001 -2.582239e+000 -8.072802e+000  2.415916e+000 -1.706289e+000 -8.594893e+000  3.364659e+000 -2.511865e+000 -4.424350e-001  1.057360e+000 -9.757726e+000  6.521770e+001  2.055187e-002  5.501610e-001 -7.577624e-001  1.307583e+000 -5.996241e-001  4.497596e-002  5.766227e-001 -5.437200e-001  5.783507e-001 -5.530475e-001  1.633699e-001  8.414962e-001 -1.051254e-002 -1.783290e-001 -1.532401e-001  2.256017e-001  1.961272e-002 -2.949200e-001 -3.071835e-001 -2.200175e-001  5.312749e-002  1.177691e-001  1.466698e-001 -3.247319e-001 -5.736359e-001  1.165375e-001
 7.091056e+000 -2.406999e+001 -3.815923e+000 -6.918359e+000  5.576414e-001 -2.306061e+000 -8.312120e+000  2.019929e+000 -2.226710e+000 -1.623057e+000  9.297665e-001 -1.036109e+001  6.529176e+001 -8.210678e-002  4.382229e-002 -3.288693e-001  1.067752e+000 -7.175541e-001 -3.736415e-001  2.604737e-001 -5.610836e-001  7.221069e-001 -2.566299e-001 -3.316340e-001  1.812489e-001  1.040276e-001 -1.190182e-001 -2.404024e-001  3.843758e-001 -2.192161e-002 -2.562204e-001 -1.149745e-001 -2.672723e-001  1.773322e-001  8.112101e-002  3.309641e-001 -3.693783e-001 -4.891659e-001  1.045220e-001
 7.230853e+000 -2.444967e+001 -3.371821e+000 -5.971109e+000  1.228512e-001 -1.670972e+000 -8.294489e+000  1.105583e+000 -3.626899e-002 -2.127362e+000  1.614409e+000 -1.156870e+001  6.549606e+001 -1.584448e-001 -4.631636e-001  1.403893e-001  8.969926e-001 -1.217111e+000 -1.969509e-001 -4.031524e-001 -2.491998e-001  4.017203e-001  2.674657e-001 -7.994943e-001 -6.326933e-001  1.841995e-001 -9.945436e-002 -2.094877e-001  4.925354e-001 -1.025073e-001 -2.110034e-001 -1.850813e-001 -7.828967e-002  1.574253e-001  8.613186e-002  1.705568e-001 -2.524297e-001 -4.112782e-001  7.604019e-002
 7.057731e+000 -2.556565e+001 -2.977990e+000 -5.325843e+000 -1.097470e+000 -2.557563e+000 -9.655990e+000  1.932448e+000 -1.101624e+000 -5.404882e-001 -7.008027e-001 -1.153344e+001  6.567020e+001 -2.214551e-001 -3.299870e-001  7.427908e-001  1.058398e+000 -1.223894e+000 -1.872304e-001 -2.064054e-001  1.851359e-001  7.020710e-001  6.048353e-001 -9.168515e-001 -4.442729e-001  2.750893e-001 -1.093072e-001 -3.176243e-002  4.706769e-001 -6.457729e-002 -2.275458e-001 -2.689584e-001  2.009921e-001  5.220741e-002  2.130584e-001 -2.072660e-001  3.420816e-002 -3.576438e-001  3.697716e-002
 6.690704e+000 -2.584686e+001 -2.299260e+000 -4.384097e+000 -2.842083e+000 -2.565293e+000 -9.938721e+000  2.162400e+000 -1.065806e+000  3.536092e-001 -2.124827e+000 -1.233502e+001  6.594948e+001 -4.070458e-001 -3.103727e-001  1.169084e+000  7.997231e-001 -1.401471e+000 -9.736359e-001  4.186139e-001 -1.297032e-001  1.019028e+000 -1.309959e-001 -8.061699e-001 -9.021338e-001  2.841576e-001 -1.118585e-001  8.316600e-002  4.191983e-001 -5.189371e-002 -2.396389e-001 -3.935028e-001  4.028855e-001 -2.986589e-002  2.610313e-001 -5.294178e-001  2.956845e-001 -2.129362e-001 -1.111382e-002
 6.253854e+000 -2.502133e+001 -6.382501e-001 -2.419877e+000 -4.079363e+000 -2.795053e+000 -8.522032e+000  2.417200e+000  1.798414e+000  1.606345e-001 -1.784873e+000 -1.219929e+001  6.644050e+001 -5.043421e-001 -1.913853e-001  1.510167e+000  7.934998e-001 -1.763103e+000 -1.330091e+000  8.545512e-001 -3.597948e-001  1.478745e+000 -1.093729e+000 -1.572554e-001 -1.472250e+000  2.389343e-001 -1.181019e-002  1.822291e-002  3.448601e-001 -1.140685e-001 -3.448262e-001 -3.334953e-001  2.218157e-001  4.769221e-002 -7.667928e-002 -5.774354e-001  4.401758e-001 -1.370407e-001 -1.049709e-001
 5.597562e+000 -2.627369e+001  1.303731e+000 -3.425477e+000 -5.393556e+000 -6.420406e+000 -6.768398e+000  2.146911e-001  3.608851e+000 -3.132903e+000 -1.874405e+000 -1.574644e+001  6.653169e+001 -5.762938e-001 -1.166344e-001  1.852692e+000  7.699729e-001 -2.145701e+000 -1.593035e+000  1.080797e+000 -1.260639e-001  1.318540e+000 -1.530341e+000  2.991303e-001 -1.183386e+000  1.467079e-001  1.437002e-001  3.977492e-002  2.725899e-001 -2.833307e-002 -3.795990e-001  2.476815e-002 -1.180852e-001  3.483410e-001 -4.538048e-001 -2.320927e-001  4.562659e-001  2.723645e-001 -1.875863e-001
 5.082592e+000 -2.630916e+001  2.771352e+000 -1.837654e+000 -8.637250e+000 -7.280460e+000 -6.968395e+000  1.107329e+000  3.954773e+000 -4.265878e+000 -1.612291e+000 -1.718898e+001  6.657376e+001 -1.958821e-001 -3.357416e-001  2.125287e+000  5.029304e-001 -2.575910e+000 -1.545008e+000  5.715815e-001  4.217773e-001  1.689188e-001 -1.582669e+000  7.313774e-001 -9.888502e-001 -1.810402e-001  3.330317e-001 -3.382453e-003  1.844214e-001  6.214581e-002 -2.701147e-001  2.861364e-001 -3.619033e-001  4.110694e-001 -6.263572e-001  6.667086e-002  3.260154e-001  6.223897e-001 -2.818473e-001
 4.394867e+000 -2.578612e+001  5.259401e+000 -8.253438e-001 -1.129165e+001 -8.287763e+000 -5.311556e+000  2.187017e+000  4.448713e+000 -5.084838e+000 -7.154666e-001 -1.575710e+001  6.661639e+001  1.572255e-001 -3.931999e-002  2.224474e+000  8.033425e-001 -2.893062e+000 -7.423366e-001 -3.032732e-002  1.221216e+000 -5.950828e-001 -1.046989e+000  1.030843e+000  2.179890e-001 -4.437866e-001  3.896309e-001  3.057880e-001 -3.252485e-002  1.402614e-001  2.768988e-001  3.454125e-001 -3.595574e-001  3.518053e-001 -7.993761e-001  2.754117e-001 -9.979291e-003  5.560182e-001 -4.989476e-001
 5.875792e+000 -2.694383e+001  8.010350e+000 -1.205292e+000 -1.400987e+001 -9.586413e+000 -6.392545e+000  3.539924e+000  2.223077e+000 -6.776745e+000  1.292545e+000 -1.713821e+001  6.549295e+001  7.940568e-001 -2.469547e-001  2.246384e+000  1.087544e+000 -2.739996e+000 -3.247576e-001 -3.994036e-001  1.021912e+000 -6.962295e-001 -1.002051e+000  1.106965e+000  9.390113e-001 -8.750550e-001  1.901122e-001  8.573821e-001 -4.453883e-001  8.847499e-002  1.136662e+000  4.333975e-001 -5.443271e-002  1.857017e-001 -8.687059e-001  3.667904e-001 -9.244380e-002  2.923234e-001 -6.299782e-001
 5.987090e+000 -2.615296e+001  9.806602e+000  2.750546e-001 -1.717256e+001 -8.979113e+000 -7.207960e+000  5.104473e+000  1.499285e+000 -7.112415e+000  1.827392e+000 -1.468188e+001  6.485316e+001  8.768913e-001  1.367912e+000  1.629520e+000  1.178973e+000 -6.791643e-001 -4.760972e-001 -2.314982e-001  1.332895e+000 -2.245767e+000 -4.435916e-001  6.143995e-002  6.327747e-001 -2.001023e+000 -4.128733e-002  1.111290e+000 -7.802218e-001 -2.751110e-001  1.738420e+000  4.685451e-001  3.268110e-001 -5.772080e-002 -9.997582e-001  3.042794e-001  8.763403e-002  6.684435e-003 -5.773917e-001
 8.256764e+000 -2.736051e+001  1.172967e+001  3.049868e+000 -1.939678e+001 -8.558573e+000 -8.017211e+000  4.758162e+000  1.948339e+000 -8.262342e+000  2.651106e+000 -1.303153e+001  6.308010e+001  3.948458e-001  3.247553e+000  1.958228e-001  7.574900e-001  2.000448e+000  4.888598e-001  4.000034e-001  1.294446e+000 -3.349269e+000 -5.041647e-002  7.538599e-001  2.653740e-001 -2.552313e+000 -2.832665e-001  1.005611e+000 -8.946751e-001 -6.058825e-001  1.468253e+000  5.821292e-001  5.251862e-001 -4.902676e-002 -8.903700e-001  1.770437e-001  2.995635e-001  3.914367e-002 -2.176110e-001
 7.588837e+000 -1.873821e+001  1.154734e+001  2.941942e+000 -1.199401e+001 -1.118217e+001 -5.656714e+000  8.242373e+000 -6.642753e+000 -6.559998e+000 -1.087547e+000 -1.464657e+001  5.781770e+001  1.503944e-001  3.769874e+000 -6.513548e-001 -4.071854e-001  3.428818e+000  1.193580e+000  1.204024e+000  7.963450e-001 -4.267354e+000 -1.409292e-003  1.645566e+000  5.882298e-001 -2.492116e+000 -2.284134e-001  4.353678e-002 -6.180749e-001 -6.920744e-001  2.815457e-001  5.552948e-001  4.727344e-001 -2.016148e-001 -8.012362e-002 -3.066798e-002  3.945136e-001  2.905523e-001  3.728351e-001
 7.049147e+000 -1.441344e+001  8.119095e+000  1.248714e+000 -6.596900e+000 -6.040586e+000 -5.168151e+000  8.443203e+000 -1.045225e+001 -7.305036e+000  6.519314e+000 -1.582900e+001  5.624912e+001 -2.590271e-001  3.580118e+000 -1.086555e+000 -1.148789e+000  2.547280e+000  1.751050e+000  1.508766e+000  1.045053e+000 -4.137286e+000 -3.379233e-001  1.812720e+000  1.157002e+000 -1.717563e+000 -1.445216e-002 -8.612878e-001 -2.116408e-001 -5.034525e-001 -9.046286e-001  5.017638e-002  2.738916e-001 -3.437315e-001  6.987349e-001  3.985881e-002 -2.616662e-001  3.189345e-001  7.389063e-001
 7.342870e+000 -1.377713e+001  8.355116e+000 -8.602958e-001 -6.428407e+000 -4.270204e+000 -2.612367e+000  7.243677e+000 -1.363719e+001 -7.598115e+000  8.121117e+000 -1.034200e+001  5.580807e+001  6.176066e-002  1.419313e+000 -8.196660e-001 -1.328259e+000  4.551483e-001  1.669282e+000  1.577792e+000  4.495172e-001 -2.252377e+000 -4.531781e-001  1.504578e+000  1.639722e+000 -5.542221e-001  1.454652e-001 -1.178619e+000  3.993211e-002 -2.431849e-001 -1.345935e+000 -3.042165e-001 -2.616609e-002 -3.521731e-001  1.275969e+000  1.738918e-001 -7.155018e-001 -1.043910e-001  7.806233e-001
 7.084612e+000 -1.194046e+001  7.893010e+000 -7.929590e-001 -9.443180e+000 -3.259306e+000 -1.995554e+000  1.048278e+001 -1.524087e+001 -9.432900e+000  7.110373e+000 -9.398809e+000  5.549710e+001  3.669018e-001  1.163940e-001 -7.782258e-001 -1.299236e+000 -1.035860e+000  5.018910e-001  1.582577e+000 -2.507977e-001 -8.630830e-001  3.747620e-001 -4.839771e-001  1.334300e+000  1.732716e-001  2.437653e-001 -9.982430e-001  1.437308e-001 -1.466651e-001 -9.196617e-001 -5.042418e-001 -1.524145e-001 -4.232122e-001  1.365883e+000  2.125837e-001 -6.660401e-001 -4.460028e-001  5.318120e-001
