29 39
-1.013038e+001  3.102168e-001  2.203782e+000 -1.445317e+000 -1.101137e+001 -1.796955e+000  6.604153e+000  1.000995e+000 -5.228920e+000 -3.378536e+000  3.084601e+000 -4.803783e+000  3.495819e+001  1.251263e+000  3.630990e+000  8.116496e-001  1.932146e+000  8.579756e-001 -2.965488e+000 -1.248826e+000 -8.643469e-001 -1.874837e+000 -1.317369e-001 -1.204199e+000 -3.770014e+000 -3.199840e-001  1.542723e+000 -6.292205e-001  6.074451e-001  3.801798e-001 -3.777124e-001 -9.608164e-001 -4.320053e-002  8.531900e-001 -2.627520e-001 -8.284169e-001 -9.859803e-001 -1.843580e-001  1.636259e+000
-9.172563e+000  3.294141e+000  4.698080e+000  6.816616e+000 -5.596825e+000 -4.185095e+000  2.999574e+000 -3.765534e+000 -8.587245e+000  9.324811e-002 -2.532427e+000 -1.163389e+001  3.451059e+001  4.272497e+000  1.718293e+000  1.672659e+000  2.579702e+000 -5.461015e-001 -3.341112e+000  5.631825e-001  7.453375e-001 -2.378794e+000 -4.949817e-001 -1.692768e+000 -3.052734e+000  2.750328e+000  1.426511e+000 -1.397408e+000  9.801961e-002 -1.676554e-001 -9.497666e-001 -3.016998e-001  7.408985e-001  1.000287e+000 -8.028912e-003 -5.437056e-001 -1.245484e-001  7.329408e-001  1.629801e+000
-1.141946e+000  8.200212e+000  7.949090e+000  5.512027e+000 -5.622900e+000 -8.057536e+000  4.346663e+000 -2.316047e+000 -1.679367e+001 -9.665431e+000 -4.195251e+000 -1.458839e+001  3.876501e+001  5.428555e+000 -4.749776e-001  8.928416e-001  1.571589e+000 -1.532964e+000 -3.941133e+000  7.195106e-001  1.690801e+000 -3.506025e+000 -1.356847e+000 -1.416810e+000 -2.551149e+000  4.191579e+000 -1.882766e-001 -1.642178e+000 -2.564893e-001 -7.088118e-001 -7.273006e-001  6.052583e-001  2.259692e-001  8.090020e-001  1.090293e+000  2.020031e-001  5.375788e-001  1.152249e+000  8.725352e-001
 7.432595e+000  5.164666e-001  6.780663e+000  6.483128e+000 -1.442487e+001 -1.455371e+001  7.348904e+000  3.564789e+000 -2.086795e+001 -8.183825e+000 -3.751689e+000 -1.813910e+001  4.820931e+001  4.378290e+000 -2.092153e+000 -1.503716e-001  2.389159e-001 -2.816436e+000 -2.760900e+000  1.588670e+000  2.766666e+000 -6.865886e-001 -4.198678e-001  1.216109e-001 -3.803508e-001  3.992807e+000 -2.067765e+000 -9.682063e-001 -2.923213e-001 -1.031755e+000  5.503898e-001  1.594360e+000 -1.153692e+000 -9.947661e-002  2.116498e+000  5.946022e-001  9.011255e-001  1.157316e+000  4.889438e-002
 8.709810e+000 -6.758338e-001  5.626698e+000  6.579371e+000 -1.426217e+001 -1.631831e+001  8.027040e+000  5.789839e+000 -1.661869e+001 -6.024232e+000 -3.389820e+000 -1.430692e+001  4.906673e+001  2.569841e-001 -2.674675e+000  4.407187e-001 -4.415199e-001 -1.643360e+000 -2.293028e-001 -6.317246e-001  2.169999e+000  2.730525e+000  8.407216e-001  5.765060e-001  6.550379e-001  3.421453e+000 -2.404046e+000 -9.102224e-001 -8.580551e-002 -1.330455e+000  1.521668e+000  1.951853e+000 -1.769986e+000 -7.067855e-001  2.479769e+000  6.997623e-001  8.463280e-001  5.940554e-001  4.511506e-002
 7.793010e+000 -2.728599e+000  5.107418e+000  7.477523e+000 -1.535937e+001 -1.385921e+001  9.102737e+000  6.014855e+000 -1.210768e+001 -3.826690e+000 -2.327088e+000 -1.367638e+001  4.932377e+001 -3.480545e+000 -2.022890e+000  4.371146e-001 -1.572518e+000  2.261045e+000  2.774773e+000 -4.529659e+000  8.355618e-003  5.085419e+000  1.379245e+000  1.816201e+000  1.130753e+000  3.379863e+000 -1.372009e+000 -1.155152e+000 -6.824047e-002 -1.625156e+000  1.965543e+000  1.162559e+000 -1.402786e+000 -1.003850e+000  1.555030e+000  3.195925e-001  3.651858e-001 -1.444068e-001  3.194014e-001
-3.723295e-002 -3.550629e+000  1.098931e+001  2.807230e+000 -1.337245e+001 -9.551302e+000  3.111233e-001  7.308914e+000 -7.521182e+000 -7.640390e+000 -2.025021e+000 -1.354456e+001  5.531504e+001 -2.662259e+000 -5.060720e+000  1.700709e-001 -4.174968e+000  3.536635e+000  3.050294e+000 -5.071255e+000 -4.639710e-001  6.006817e+000  1.242408e+000  1.967534e+000 -3.364240e-001  4.723626e+000  4.150004e-001 -1.269786e+000 -4.591210e-001 -1.423564e+000  1.297784e+000 -1.346400e-001  4.130455e-001 -7.974427e-001  2.465915e-001 -5.309546e-003 -1.382146e-001 -3.381183e-001  1.549515e-001
-5.596607e+000 -8.160587e+000  6.284932e+000  5.066101e-001 -3.564500e+000 -4.063351e+000 -1.144143e+001  2.847030e+000  1.038751e-002 -4.795209e-001  4.646917e+000 -1.286651e+001  6.198447e+001 -1.022134e+000 -6.674888e+000 -3.562500e-001 -6.020140e+000  4.421281e+000  1.412098e+000 -3.205495e+000 -9.355994e-001  5.450417e+000  9.772513e-001  1.252026e+000 -6.066538e-001  4.938727e+000  1.376486e+000 -7.179326e-001 -3.541449e-001 -5.800111e-001  3.808863e-002 -1.042146e+000  2.069649e+000 -2.604350e-001 -1.060075e+000 -3.132775e-001 -8.421640e-001 -3.933169e-002 -4.476088e-001
 2.093325e+000 -2.326344e+001  5.888296e+000 -1.081001e+001 -2.476433e+000 -5.964769e+000 -7.057153e+000  5.053897e+000  7.356361e+000 -1.485775e+000  2.960849e+000 -1.639398e+001  6.635451e+001  1.102781e+000 -6.697606e+000 -1.458204e+000 -5.335531e+000  3.765442e+000 -2.211650e-001  7.714208e-001 -1.345237e+000  3.780984e+000  1.015171e+000  1.675205e-001 -1.668500e-001  3.416778e+000  8.067866e-001  8.545588e-001 -1.724923e-001  8.787503e-001 -5.782013e-001 -7.724209e-001  1.901068e+000 -1.425487e-001 -1.889797e+000 -3.028261e-001 -8.980160e-001  5.796548e-001 -1.093895e+000
 1.617059e+000 -2.624663e+001  5.876673e+000 -1.581455e+001  1.299028e+000 -8.591987e+000 -3.240598e+000  2.464367e+000  7.705632e+000 -2.017741e+000  1.440107e+000 -1.528494e+001  6.849767e+001  1.519365e+000 -4.794110e+000 -5.194725e-001 -3.892292e+000  2.337085e+000 -8.002279e-001  2.897248e+000 -8.531865e-001  8.979604e-001 -7.352374e-002 -1.494612e+000  8.493077e-001  1.795243e+000  1.557110e-001  1.520257e+000  1.137524e-001  1.685887e+000 -9.181113e-001 -7.381706e-002  7.682325e-001  2.253481e-002 -1.844154e+000 -2.211238e-001 -5.214530e-001  6.086624e-001 -1.135827e+000
 1.869839e+000 -2.799564e+001  3.902416e+000 -1.570985e+001  3.022996e+000 -8.392809e+000  6.781094e-002  7.740614e-001  7.536115e+000 -1.795426e+000  4.159868e-001 -1.316960e+001  6.914233e+001  1.009247e-001 -1.728315e+000 -6.107792e-001 -8.451408e-001  1.687726e+000  2.943521e-001  1.382712e+000 -1.217921e+000 -1.165939e+000  2.536654e-001 -1.149227e+000  1.833869e+000  8.258934e-001 -3.062311e-001  1.433409e+000  3.032448e-001  1.623389e+000 -9.589487e-001  4.179381e-001 -5.585086e-001  2.217140e-001 -1.221221e+000 -1.110723e-001 -9.528711e-002  2.620504e-001 -7.096894e-001
 2.111960e+000 -2.976504e+001  4.680509e+000 -1.650493e+001  5.371211e+000 -6.850471e+000 -5.176734e-001  7.210153e-001  4.410313e+000 -6.923143e-001 -1.553710e+000 -1.023216e+001  6.956677e+001  2.573488e-001 -1.558246e+000 -2.112004e-001  1.641002e-001  8.695827e-001  7.852541e-001  3.300224e-001 -8.865834e-001 -1.296891e+000  2.523852e-001 -6.968656e-001  1.436299e+000  5.550324e-001 -2.485523e-001  8.450496e-001  1.764963e-001  1.092699e+000 -7.987447e-001  2.879644e-001 -8.532315e-001  2.465325e-001 -2.571803e-001  1.548802e-002  2.432568e-001 -1.883369e-001 -3.178984e-001
 2.350498e+000 -3.014581e+001  3.432482e+000 -1.469053e+001  3.926108e+000 -5.363767e+000 -1.505056e+000 -1.640316e-001  3.174326e+000 -8.801619e-001 -1.288378e+000 -9.751019e+000  6.994942e+001  2.026335e-001 -1.148491e+000 -9.611611e-002  7.532173e-001 -2.955506e-001  1.075784e+000 -7.375094e-001 -2.199685e-001 -1.227697e+000  2.968549e-001 -7.077882e-001  8.499064e-001  4.884361e-001  3.258368e-003  3.187392e-001  2.695936e-001  3.465397e-001 -6.207241e-001 -2.239184e-001 -3.162827e-001  4.051204e-001  3.335182e-001 -1.179853e-001  1.240009e-001 -4.018920e-001 -1.296252e-001
 2.663473e+000 -3.296278e+001  5.055638e+000 -1.550371e+001  5.195385e+000 -6.180237e+000 -8.040523e-001 -1.499504e+000  3.402071e+000 -1.213447e+000 -1.192039e+000 -9.812737e+000  7.086929e+001  2.257491e-001 -8.587744e-001  1.056776e-001  7.720221e-001 -6.650003e-001  2.488777e-001 -3.087991e-001 -1.195001e-001 -3.570619e-001 -1.767841e-002 -4.990472e-001  3.996048e-001  3.744797e-001 -4.531574e-002  4.154504e-001  2.451862e-001  1.168586e-001 -4.592078e-001 -5.439686e-001  8.495090e-002  3.920558e-001  4.305941e-001 -2.460268e-001  4.914012e-002 -2.828006e-001 -1.173614e-001
 2.607250e+000 -3.213923e+001  3.234271e+000 -1.244437e+001  1.633155e+000 -3.349004e+000 -3.476547e+000  7.844783e-001  1.901750e+000 -5.058503e-002 -3.303790e+000 -9.129779e+000  7.093325e+001  1.330164e-001 -4.843555e-001  5.787498e-001  5.835970e-001 -6.486030e-001 -5.570518e-001  1.207090e-001  4.241395e-001  3.173764e-002 -2.012295e-001 -6.281316e-001  3.427561e-001  2.680435e-001 -5.190432e-002  3.652274e-001  3.298772e-001 -4.060725e-002 -3.111188e-001 -6.837826e-001  2.982234e-001  3.432285e-001  3.434638e-001 -3.201828e-001  9.902974e-002 -1.632190e-001 -1.234852e-001
 3.112329e+000 -3.306221e+001  5.308002e+000 -1.376790e+001  3.192685e+000 -6.613463e+000 -1.075924e+000 -3.507403e-001  3.261291e+000 -1.195495e+000 -3.041241e+000 -8.544758e+000  7.094726e+001  6.557870e-002  1.869377e-001  6.772974e-001  8.332032e-001 -1.249930e+000 -1.118171e+000  3.256676e-001  7.516418e-001  2.263619e-001 -7.287066e-001 -4.909933e-001  2.758708e-001  7.842179e-002 -1.428631e-001  4.093420e-001  2.533051e-001  5.213789e-002 -5.273647e-001 -3.467481e-001  4.859841e-002  4.718864e-001 -6.906875e-003 -1.947786e-001  1.671401e-001 -1.095238e-001 -9.544273e-002
 2.791153e+000 -3.251788e+001  6.200048e+000 -1.264045e+001  1.684443e+000 -7.932413e+000 -7.655753e-001  1.382284e+000  3.403404e+000 -1.895286e+000 -3.504435e+000 -8.671228e+000  7.125066e+001  2.319710e-002  1.547899e-001  1.267460e+000  5.195906e-001 -1.558680e+000 -1.659604e+000  4.363744e-001  1.060603e+000  1.979099e-001 -9.485452e-001 -2.166665e-001  9.567843e-002  1.903915e-002 -1.924714e-001  3.899094e-001  1.872615e-001  5.984036e-002 -6.783679e-001  3.895379e-002 -2.092726e-001  5.126603e-001 -3.355628e-001  2.614446e-002  2.919427e-001 -9.433882e-002 -8.882011e-002
 2.899415e+000 -3.183876e+001  6.959237e+000 -1.123966e+001 -1.079909e+000 -9.479386e+000 -5.311996e-001  1.959802e+000  3.783054e+000 -3.934630e+000 -3.546682e+000 -8.662658e+000  7.110269e+001 -4.336570e-001  8.683630e-001  1.027848e+000  1.064715e+000 -2.846786e+000 -9.335862e-001 -2.236397e-001  1.921700e+000 -4.746824e-001 -6.179137e-001  1.309205e-001 -2.447538e-002  2.176819e-002 -1.433262e-001  2.730149e-001  2.407292e-001 -5.115594e-002 -5.846849e-001  4.565875e-001 -5.059876e-001  5.717792e-001 -6.404079e-001  3.141617e-001  3.232219e-001 -9.021085e-002 -1.146313e-001
 2.829692e+000 -3.197700e+001  8.745954e+000 -1.111054e+001 -4.023946e+000 -1.021406e+001 -1.567037e+000  4.932223e+000  2.630418e+000 -3.423743e+000 -4.134401e+000 -8.592437e+000  7.095073e+001 -5.797227e-001  1.124479e+000  1.339782e+000  7.670430e-001 -3.242015e+000 -4.545751e-001 -6.510001e-001  2.402412e+000 -1.295554e+000 -1.259037e-001  5.206251e-001  2.123508e-002 -1.477303e-001 -6.190460e-002  2.960083e-001  1.857274e-001 -3.708502e-002 -3.686807e-001  7.360094e-001 -6.463236e-001  3.344215e-001 -6.234125e-001  3.572237e-001  3.258898e-001 -5.317027e-002 -1.535055e-001
 9.247745e-001 -2.899083e+001  9.174289e+000 -9.209281e+000 -8.187049e+000 -1.014057e+001 -1.793392e+000  7.482790e+000  1.274373e+000 -3.520834e+000 -2.071655e+000 -8.706531e+000  7.120606e+001 -3.495925e-001  1.067168e+000  1.844782e+000  4.536973e-001 -3.331687e+000  5.622520e-001 -1.660583e+000  2.939633e+000 -2.228946e+000  4.307814e-001  7.564706e-001 -1.379618e-001 -4.113503e-001  2.341277e-001  5.157006e-002  3.249292e-001 -1.210806e-001  5.413742e-002  7.008008e-001 -6.137866e-001 -1.389900e-001 -1.931479e-001  6.952605e-002  3.136657e-001 -4.632339e-002 -2.861164e-001
 8.798596e-001 -2.831944e+001  1.179143e+001 -9.820420e+000 -1.097206e+001 -9.874697e+000 -3.389480e+000  1.063285e+001 -1.820027e+000 -2.731702e+000 -1.638823e+000 -8.543117e+000  7.046032e+001 -3.283581e-001  1.535429e+000  1.787630e+000  6.396742e-001 -3.159632e+000  1.272523e+000 -2.076772e+000  2.223744e+000 -2.042021e+000  3.132260e-001  1.100007e+000 -1.134297e-001 -5.319290e-001  4.912977e-001  3.941127e-001 -8.030790e-002  3.383566e-001  5.198853e-001  2.158358e-001  3.263918e-001 -7.206056e-001 -1.795055e-001 -3.377356e-001  2.974622e-001 -2.091592e-001 -6.214449e-001
 2.126369e+000 -2.833170e+001  1.466041e+001 -9.616229e+000 -1.426429e+001 -6.837810e+000 -7.922893e+000  1.380765e+001 -5.136452e+000 -2.126744e+000 -1.012119e+000 -9.377127e+000  6.929115e+001  6.112995e-001  9.207382e-001  2.428570e+000  5.229963e-001 -2.617290e+000  1.706869e+000 -2.579687e+000  1.316084e+000 -1.067189e+000 -4.898483e-001  1.409558e+000 -1.887599e-001 -1.216715e+000  5.642570e-001  7.809470e-001 -5.946730e-001  6.653252e-001  9.486216e-001 -4.341829e-001  1.591497e+000 -1.080282e+000 -4.076907e-001 -5.413918e-001  2.995958e-001 -3.688288e-001 -8.681633e-001
 5.871045e-001 -2.462942e+001  1.494104e+001 -7.708694e+000 -1.678349e+001 -5.502827e+000 -8.886145e+000  1.288851e+001 -4.374275e+000 -2.554659e+000  8.358670e-001 -8.824287e+000  6.924854e+001  1.396320e+000  3.168257e+000  6.463488e-001  2.424177e+000 -9.997870e-001  5.229573e-002  1.440511e+000 -3.888415e-001 -2.773960e+000 -1.354267e+000  1.681392e+000 -9.991619e-001 -2.852273e+000  4.629654e-001  7.803172e-001 -8.576351e-001  5.763581e-001  1.121653e+000 -7.745745e-001  2.195713e+000 -8.886055e-001 -7.701468e-001 -2.719320e-001  1.196729e-001 -4.283483e-001 -7.977432e-001
 4.127649e+000 -2.623215e+001  1.974234e+001 -7.650163e+000 -1.836778e+001 -3.792161e+000 -1.194349e+001  1.293538e+001 -2.784446e+000 -6.058597e+000  3.738788e+000 -9.509745e+000  6.572838e+001  1.609353e+000  4.155488e+000 -5.579422e-001  2.888072e+000  3.314984e-001 -9.985484e-001  4.538261e+000 -1.155483e+000 -3.901429e+000 -1.442431e+000  1.963757e+000 -1.539240e+000 -3.591995e+000 -9.040642e-003  4.720061e-001 -8.875934e-001  1.612467e-001  9.099967e-001 -7.180551e-001  1.841574e+000 -4.986556e-001 -6.372026e-001  2.819227e-001 -1.801947e-001 -2.180049e-001 -1.891148e-001
 6.860818e+000 -1.352793e+001  1.248221e+001  1.317431e+000 -1.391925e+001 -1.113604e+001  5.823374e+000  9.124781e+000 -1.686583e+001 -7.537109e+000  4.392685e+000 -1.347262e+001  5.798034e+001  1.487442e+000  3.819640e+000 -1.007289e+000  2.338927e+000  9.742367e-001 -1.247641e+000  5.342819e+000 -9.834993e-001 -4.475635e+000 -5.701424e-001  1.421272e+000 -1.579931e+000 -3.333005e+000 -4.201307e-001 -6.802427e-001 -1.664136e-001 -6.645532e-001  2.941575e-001 -9.183953e-002 -3.829253e-002  3.562093e-002  5.516256e-001  6.364898e-001 -4.519168e-001  1.939924e-001  6.940050e-001
 7.036279e+000 -1.310500e+001  1.310011e+001  3.110687e-001 -1.403891e+001 -9.013945e+000  7.413655e+000  9.912102e+000 -1.839782e+001 -6.847675e+000  7.028257e+000 -1.474916e+001  5.696527e+001  5.205352e-001  2.955077e+000 -1.182578e+000  1.371855e+000  9.456822e-001 -1.233439e+000  4.677027e+000 -8.798649e-001 -3.402364e+000  5.277031e-001  6.386441e-001 -9.883994e-001 -1.921922e+000 -5.321411e-001 -1.157798e+000  2.017287e-001 -7.613293e-001 -7.609087e-002  7.652403e-002 -1.186498e+000  2.243607e-001  1.265914e+000  5.525998e-001 -7.106834e-001  3.690603e-001  1.037974e+000
 6.569999e+000 -1.209480e+001  1.322571e+001  5.325501e-003 -1.407674e+001 -9.130138e+000  8.149375e+000  9.482655e+000 -1.894576e+001 -5.010831e+000  6.297493e+000 -1.410424e+001  5.696507e+001 -1.599247e-001  3.672496e-001  1.265987e-001 -1.404803e-001  1.639086e-001 -2.894567e-001  1.179665e+000 -3.485461e-001 -2.653648e-001  8.431150e-001  8.436451e-002 -3.046202e-001 -2.172840e-001 -3.880606e-001 -1.135091e+000  2.560416e-001 -4.370993e-001 -1.685747e-001  5.779152e-002 -1.534799e+000  2.979428e-001  1.434320e+000  1.408682e-001 -7.631297e-001  2.810234e-001  8.802349e-001
 6.875735e+000 -1.217334e+001  1.345770e+001 -1.348368e-001 -1.356063e+001 -1.096231e+001  1.027864e+001  8.357120e+000 -1.875630e+001 -4.683220e+000  5.979605e+000 -1.413593e+001  5.662640e+001 -2.276690e-001  9.269371e-002 -1.162430e-001  3.211293e-001  3.562081e-001 -1.095020e+000  6.873503e-001 -3.511567e-001  3.230039e-001  6.139389e-001 -9.212062e-001 -3.315937e-001  4.001312e-002 -1.069939e-001 -8.266287e-001  1.596782e-001 -1.288552e-002 -6.954815e-002  1.004897e-002 -1.347223e+000  3.967974e-001  1.003693e+000 -1.921329e-001 -6.763575e-001  7.989460e-002  4.481589e-001
 6.141467e+000 -1.215752e+001  1.293641e+001  8.379818e-001 -1.333885e+001 -1.160914e+001  1.028921e+001  8.159541e+000 -1.801341e+001 -4.403761e+000  5.338834e+000 -1.530233e+001  5.706335e+001 -7.875891e-002 -4.246224e-001 -2.602487e-001  6.787934e-001  4.261002e-001 -1.027892e+000 -3.363362e-001  2.418607e-001  8.332812e-001  9.108095e-002 -1.614451e+000 -5.032172e-001  8.720207e-002 -5.239048e-002 -5.095773e-001  3.533236e-002 -9.072991e-002  4.213370e-001  2.056367e-001 -1.168536e+000  1.962401e-001  6.828262e-001 -1.860818e-001 -3.953368e-001  3.383419e-002  2.334323e-001
