30 39
 2.088955e+000 -4.834319e+000  8.675260e+000 -8.955848e+000  1.718203e+000 -1.668683e+001 -8.679650e+000  2.700017e+000 -3.658221e+000 -3.141906e-001  8.848798e+000 -1.921466e+001  5.882486e+001 -4.466877e+000  8.447050e+000  2.509555e-001  4.445030e+000  2.109069e+000  1.916974e+000  2.368006e+000 -8.236181e-001  5.558692e-001  4.636130e-001 -1.674975e+000  1.819629e+000 -4.968878e+000 -8.649427e-001 -9.791470e-001 -1.358139e+000  1.615504e+000 -1.472212e+000  1.729840e+000  1.025935e-001 -1.523353e+000  9.792700e-001 -2.693345e-002 -8.995839e-001  2.027072e+000 -1.271001e+000
-3.058841e+000  8.651513e+000  4.393440e+000  3.627970e+000 -8.172603e-001 -1.325600e+001 -9.046246e+000  6.571203e+000  6.364163e-001  1.856960e+000  5.546153e+000 -1.697557e+001  5.197937e+001 -5.498501e+000  5.085149e+000 -9.283187e-001  4.948053e+000 -2.032442e-001  3.352909e+000  1.122863e+000 -1.958719e+000  2.779643e-001  1.250421e-001 -2.482335e+000  3.861867e+000 -6.174098e+000 -4.519904e-001 -2.592955e+000 -9.317390e-001 -3.370417e-001 -1.436375e+000  1.075547e+000  4.041030e-001 -6.806032e-001  5.261260e-001 -4.766151e-002 -7.674687e-002  1.040954e+000 -1.383978e-001
-1.231803e+001  1.230419e+001  9.336145e+000  5.161586e+000  3.920884e+000 -5.894342e+000 -4.728060e+000 -6.558452e+000  4.877236e-001 -2.253703e-001  2.261776e+000 -4.229572e+000  4.445337e+001 -5.848935e+000  1.050566e+000 -2.069685e+000  2.389000e+000 -1.858038e+000  5.232395e+000  3.458098e+000 -2.583696e+000  6.142150e-001  2.769152e-001 -1.944138e+000  3.467910e+000 -5.242279e+000  5.748296e-001 -2.636711e+000 -7.278095e-001 -1.263005e+000 -9.167063e-001 -1.462273e-001  2.810972e-002  8.466242e-001  1.493057e-001 -1.086744e-002  5.328096e-001 -5.363474e-001  1.102455e+000
-1.741020e+001  4.706464e+000  3.012890e+000  5.360294e+000 -3.008019e+000 -4.914793e+000 -7.271998e+000 -5.076677e+000 -1.853998e+000 -2.358999e+000  1.221656e+000 -5.969391e+000  3.962907e+001 -4.672541e+000 -1.657342e+000 -2.287304e+000  1.592930e-001 -2.182938e+000  3.221624e+000  3.651773e+000  4.060302e-002  1.191158e+000  5.451091e-001 -4.451465e-001  2.013634e+000 -3.243393e+000  1.629477e+000 -1.383564e+000 -4.111153e-001 -1.250331e+000 -2.811640e-002 -1.117332e+000 -3.479106e-001  1.134867e+000 -1.756375e-002 -2.769898e-002  7.701523e-001 -9.713745e-001  1.965164e+000
-1.998004e+001  2.391036e+000 -9.828910e-001  2.122989e+000 -6.476608e+000  5.304549e+000  7.723717e+000 -4.394521e+000  6.580616e-001  3.178365e+000  1.290359e+000 -7.378201e+000  3.878862e+001 -2.005709e+000 -1.365260e+000 -2.708600e+000  5.243870e-001 -1.484615e+000  1.251480e+000  1.244099e+000  2.409842e+000  8.458008e-001  1.992423e-001 -2.952166e-002  6.200790e-002 -9.219543e-001  2.110125e+000 -3.977560e-001 -2.563716e-001 -7.860810e-001  3.238030e-001 -1.789680e+000 -1.347179e+000  3.027904e-001 -6.345927e-001 -1.547699e-001  5.073109e-001 -7.691709e-001  2.239411e+000
-2.259054e+001  5.321376e+000 -1.883560e+000  5.943733e+000 -6.533205e+000 -2.747323e+000  2.986732e+000  5.692252e+000  6.507038e+000  2.880638e+000  3.806129e+000 -5.333081e+000  3.859478e+001  7.272730e-001 -6.247588e-001 -2.664438e+000 -3.712932e-001 -5.305375e-001 -2.432944e-001  4.903094e-001  1.218847e+000  7.435270e-002  2.538370e-002  4.111181e-001  7.079455e-001  1.491558e+000  1.606985e+000  1.906526e-003  1.392173e-001 -8.836871e-001  4.146668e-001 -8.114091e-001 -6.903633e-001 -8.642392e-001 -8.342521e-001 -1.760658e-001  2.979755e-001 -1.719026e-001  1.839222e+000
-1.975641e+001  5.170428e+000 -1.758627e+000  7.491802e+000 -1.739600e+000 -7.206766e-001 -3.636930e+000  1.062915e-001  5.362097e-001 -1.848977e+000  8.219314e-001 -4.237688e+000  4.036075e+001  2.001782e+000 -1.454506e+000 -3.162976e+000 -1.276112e+000 -1.065223e+000 -1.983544e+000 -1.697067e+000 -1.658865e+000 -2.000345e+000 -2.370715e-001  1.642844e-001  2.748995e-001  3.587303e+000  5.082475e-001 -6.570089e-003  9.855751e-001 -1.063303e+000  4.375463e-001  1.501369e-001  5.612352e-001 -6.639915e-001 -3.517233e-001  7.908245e-002  2.757405e-001  6.685543e-002  1.000853e+000
-1.388565e+001  1.929736e-001 -9.921432e+000  8.194221e-001 -8.029211e+000 -3.118652e+000  8.598722e-001 -1.232850e+000 -1.421308e+000  2.815905e-001  3.511460e+000 -3.999921e+000  4.630080e+001  1.358639e+000 -1.603187e+000 -1.364029e+000 -3.358893e+000 -3.193001e-001  7.820907e-001  1.670539e+000 -2.246239e+000 -1.557029e+000 -1.170630e-001  9.478277e-001  1.047676e+000  3.698090e+000 -3.195123e-001  2.128653e-001  2.312164e+000 -4.128866e-001  6.498676e-001  6.294376e-001  7.344044e-001  7.384608e-001  4.130630e-001  2.304371e-002  1.470017e-001 -3.197654e-002 -1.185207e-001
-1.432357e+001 -2.317292e+000 -1.277883e+001 -1.695416e+000 -1.105472e+001 -4.427508e+000  3.018120e-001 -9.226296e+000 -5.379493e+000  3.292531e+000  2.259115e+000 -6.670283e+000  5.287212e+001  2.198449e-001 -9.088967e-001  1.569071e+000 -3.298329e+000  5.974973e-001  1.489472e+000  3.460160e+000  8.224272e-001 -9.712467e-002  6.658779e-001  1.080826e+000  2.264199e-001  2.979045e+000 -3.651709e-001  2.449714e-001  3.057577e+000  6.777213e-001  7.448669e-001  5.162683e-001  2.710639e-001  1.535525e+000  8.153219e-001 -3.871447e-001 -2.083176e-002  7.151566e-002 -1.060773e+000
-1.851376e+001  1.049301e+000 -3.193602e+000 -6.257124e+000 -3.472145e+000  3.016546e+000  9.370059e+000 -8.726512e-001  1.679743e+000 -2.754310e-001  7.826676e+000  1.121596e+000  5.082954e+001  2.068033e-002  1.667630e-001  6.530359e+000 -1.424618e+000  1.887440e+000  1.167385e+000  1.583718e+000  3.670505e+000  1.188057e+000 -3.108725e-001  6.878555e-001  5.723026e-001  1.203084e+000  4.201870e-002 -3.544518e-001  1.959672e+000  1.686092e+000  1.723332e-001 -6.875023e-001 -1.329759e+000  8.563325e-001  4.544255e-001 -5.775125e-001 -5.187829e-001 -9.689763e-002 -1.260487e+000
-1.634313e+001  1.977809e-001  2.722815e+000 -5.461570e+000 -1.030646e+000  3.659084e+000  9.408775e+000  4.038328e+000 -1.499939e+000  1.758923e+000  4.068454e+000 -5.666347e+000  5.299160e+001  8.449074e-001 -1.114624e+000  8.177717e+000  1.145357e+000  1.555741e+000  4.051495e-001 -2.983368e-001  3.060386e+000  7.037210e-001 -2.075890e+000  1.901116e-001  8.701645e-001 -4.690590e-001  1.853563e-001 -1.034042e+000 -1.893220e-001  1.689052e+000 -2.293335e-001 -1.261244e+000 -1.783645e+000 -2.180677e-001  4.654530e-001 -2.704412e-001 -3.029197e-001  4.078923e-001 -1.152546e+000
-1.277247e+001 -2.307481e-001  1.497954e+001 -4.420591e+000 -3.604048e+000 -1.325023e+000  4.224980e+000  1.048736e+001  2.579200e+000 -5.059678e-001  6.046068e+000 -1.640376e+000  5.225648e+001  1.256202e+000 -3.272583e+000  5.130011e+000  2.849724e+000  6.324366e-002 -2.113260e+000 -3.099008e+000  9.164436e-001  3.146755e-001 -1.633741e+000 -1.200729e+000  2.413154e-001 -8.802925e-001  5.069907e-002 -1.066542e+000 -2.442755e+000  9.760192e-001 -2.814845e-001 -1.013258e+000 -1.207735e+000 -1.236885e+000  1.800016e-001  5.496646e-001 -1.053083e-003  8.190853e-003 -7.372544e-001
-1.296968e+001 -7.250388e+000  1.902318e+001  3.113101e+000 -3.210062e+000 -2.309763e-001  1.382667e+000  3.956278e-001 -2.310617e+000 -6.971651e+000  4.099977e+000 -9.384749e-001  4.981336e+001  5.288657e-001 -4.359432e+000  1.322636e+000  3.009760e+000  3.629282e-001 -3.176426e+000 -3.116704e+000  1.109119e+000  2.666831e+000 -2.489360e-002  5.105200e-001  2.431375e+000 -1.741996e+000  3.992095e-001  1.878584e-001 -3.076566e+000 -1.198112e-001 -8.317387e-002 -2.964633e-001 -6.375635e-001 -1.388692e+000 -1.398240e-001  9.415992e-001 -2.333343e-001 -6.532378e-001 -1.728640e-001
-1.391948e+001 -1.158953e+001  1.430627e+001  3.704159e+000 -2.066219e+000 -5.604721e+000 -2.111929e+000  5.530917e+000  3.658459e+000 -4.078852e+000  1.807267e+000 -3.576310e-002  4.801720e+001  4.321965e-001 -3.543544e+000 -2.255873e+000  2.523276e+000  1.076424e+000 -2.108119e+000 -3.045772e+000 -1.538286e+000  1.106510e+000  1.411952e+000  5.223860e-001 -1.673484e-001 -1.846720e+000  1.350679e+000  1.369073e+000 -2.390851e+000 -8.927551e-001  1.445566e-001  7.530350e-001 -5.403244e-001 -1.707655e+000 -7.079362e-001  3.820095e-001 -6.652842e-001 -1.125323e+000  5.051142e-001
-1.312529e+001 -1.591999e+001  9.672631e+000  5.524858e+000  1.507981e-002 -1.008320e+001 -3.006288e+000  1.206215e+001  1.129459e+001  3.420897e+000  8.740455e+000  5.688222e+000  4.640126e+001  3.252958e+000 -3.985138e-002 -3.512172e+000  7.095246e-001  6.332818e-001 -1.079737e+000 -3.512772e+000 -2.655709e+000 -3.913162e-001  1.109259e+000 -1.838118e+000 -2.191692e+000 -8.501655e-001  1.992814e+000  1.529457e+000 -1.336246e+000 -1.100148e+000 -1.364242e-001  1.081740e+000 -8.876912e-001 -1.690544e+000 -8.644497e-001 -5.479168e-001 -1.244080e+000 -1.269734e+000  1.193364e+000
-1.053368e+001 -1.361367e+001  8.375451e+000  6.989911e+000  1.655015e-001 -6.939509e+000 -8.809401e+000 -3.037329e+000  1.309149e+000  1.357519e+000  6.337759e+000 -5.790466e+000  4.472893e+001  6.647551e+000  1.412993e+000 -4.406839e+000 -4.639340e-001  6.508496e-001  6.035711e-001 -5.602596e+000 -5.739417e+000 -1.695932e+000 -2.907704e-001 -3.352832e+000 -3.073765e+000  1.199363e+000  1.440493e+000  5.344556e-001 -2.924162e-001 -8.009227e-001 -3.903906e-001  3.356926e-001 -5.371522e-001  1.254903e-001  2.488359e-001 -8.282325e-001 -7.547686e-001  1.860670e-001  1.395215e+000
 1.602208e+000 -6.437575e+000  4.427731e+000  5.017848e+000 -1.159513e+000 -4.962268e+000 -1.283246e+001 -8.598793e+000 -3.092543e+000 -4.143540e+000 -7.355857e+000 -9.019585e+000  4.720667e+001  7.385258e+000  8.095843e-001 -4.283113e+000 -9.973726e-001 -1.064055e-001  8.764308e-001 -6.276747e+000 -5.243037e+000 -2.541966e-001 -1.913116e+000 -3.772271e+000 -2.464085e+000  2.701783e+000 -3.916522e-001 -1.013806e+000  8.265558e-001 -8.798241e-002 -6.623075e-001 -4.282312e-001  4.366801e-001  1.838889e+000  8.984975e-001 -6.449721e-001  6.142545e-001  1.336116e+000  9.420611e-001
 1.195452e+001 -9.265767e+000 -5.105477e+000  1.637993e+000  1.775326e+000 -5.147329e+000 -2.521182e+001 -1.283570e+001  2.372364e+000 -1.750485e+000 -6.908737e+000 -8.050682e+000  5.361132e+001  5.568511e+000 -1.295984e+000 -3.332484e+000 -6.278888e-001 -5.056850e-001 -1.407740e+000 -4.349545e+000  3.828294e-001  2.282130e+000 -1.218022e+000 -2.284380e+000  8.991832e-001  3.353383e+000 -2.071015e+000 -1.447287e+000  2.132886e+000  3.365381e-001 -1.097348e+000 -7.759006e-001  1.816111e+000  2.874796e+000  4.946215e-001 -5.050961e-001  1.379402e+000  1.508146e+000  1.285590e-001
 1.255690e+001 -1.404602e+001 -5.002469e+000  3.213953e+000 -1.321860e+000 -6.597132e+000 -2.618881e+001 -9.253856e+000  9.491997e+000 -4.590683e+000 -3.497653e+000 -5.502096e+000  5.546898e+001  1.834217e+000 -3.754395e+000  8.342974e-002  3.515900e-001 -2.099988e+000 -2.215238e+000 -1.955897e+000  3.477614e+000  2.112140e+000 -1.651975e+000  6.989288e-001  2.502414e+000  2.783130e+000 -2.484979e+000 -8.438072e-001  2.700192e+000  2.081033e-001 -1.093119e+000 -3.339069e-001  2.285309e+000  1.863924e+000 -7.439277e-001 -2.433114e-001  1.361470e+000  7.391239e-001 -3.863407e-001
 1.183153e+001 -1.628936e+001 -3.571868e+000  4.752414e+000 -2.281750e+000 -1.316078e+001 -2.387895e+001 -7.956510e-001  6.427529e+000 -4.509021e+000 -7.013244e+000 -3.053295e+000  5.736469e+001 -9.320032e-001 -3.541451e+000  4.074319e+000  5.442754e-001 -3.839099e+000 -1.730098e+000  1.317534e+000  4.274237e+000 -4.059933e-001 -2.946821e+000  1.308577e+000  1.983715e+000  1.801485e+000 -1.983450e+000  3.029775e-001  2.329637e+000 -3.035593e-001 -6.902274e-001  6.126942e-001  1.771650e+000 -3.927646e-001 -1.409093e+000 -2.855963e-002  7.330942e-001 -4.940090e-001 -5.376881e-001
 1.083479e+001 -2.169775e+001  4.078075e+000  5.218587e+000 -9.630917e+000 -1.203173e+001 -2.327838e+001  2.769250e+000  5.440577e+000 -1.102415e+001 -3.808960e+000  9.937888e-001  5.924564e+001 -1.789380e+000 -2.286717e+000  5.514446e+000 -5.429381e-001 -3.905292e+000 -6.319248e-001  2.316259e+000  2.130880e+000 -2.629774e+000 -2.265274e+000  1.238601e+000  6.892683e-001  1.546029e+000 -1.101388e+000  1.324510e+000  1.060273e+000 -8.618348e-001  4.014768e-001  9.128428e-001  7.967736e-001 -1.583578e+000 -1.037153e+000  6.089038e-001 -2.233358e-001 -1.042254e+000 -4.146850e-001
 8.155560e+000 -2.314716e+001  1.072585e+001  3.357053e+000 -1.326564e+001 -1.108052e+001 -2.007937e+001  2.523930e+000  2.368108e+000 -1.326786e+001 -2.101979e-001 -1.380048e+000  6.073042e+001 -2.536940e+000 -5.149347e-001  5.600192e+000 -1.698421e+000 -3.054170e+000  8.640743e-001  2.372626e+000 -9.076264e-001 -2.392376e+000 -1.054171e+000  1.111255e+000 -6.642895e-001  1.283493e+000 -4.383127e-001  1.585227e+000 -2.752240e-001 -8.529211e-001  1.335243e+000  6.415564e-001 -1.696729e-001 -1.711744e+000  5.997175e-003  7.687743e-001 -4.867702e-001 -8.871534e-001 -3.324179e-001
 5.447979e+000 -2.205071e+001  1.542091e+001  1.196943e+000 -1.535637e+001 -1.079689e+001 -1.650731e+001 -2.592485e-001 -1.627161e+000 -1.153763e+001 -7.061691e-001 -2.892378e+000  6.151626e+001 -2.870254e+000  1.354899e+000  4.621857e+000 -2.836236e+000 -4.850688e-001  1.051890e+000  1.500425e+000 -1.849342e+000 -2.080435e+000  4.462184e-001 -3.190891e-001 -1.384856e+000  9.687012e-001 -1.532171e-002  1.318954e+000 -9.557947e-001 -3.211887e-001  1.661175e+000  2.598599e-002 -5.484043e-001 -7.953464e-001  5.449864e-001  3.933872e-001 -4.932352e-001 -3.376811e-001 -4.403463e-001
 1.840233e+000 -1.868756e+001  1.875768e+001 -1.728871e+000 -1.468987e+001 -9.457829e+000 -1.540135e+001 -3.819533e+000 -2.000483e+000 -9.523133e+000 -3.008366e+000 -4.431659e+000  6.264684e+001 -2.583130e+000  2.563877e+000  3.144494e+000 -2.573681e+000  1.127001e+000  6.357770e-001  8.770870e-001 -2.294375e+000 -6.506770e-001 -4.586965e-001 -3.464288e-001 -1.414990e+000  4.280594e-001  4.235434e-001  7.647886e-001 -1.307374e+000  5.932302e-001  1.211006e+000 -5.475496e-001 -3.748511e-001  1.623859e-002  4.585209e-001 -1.973206e-001 -1.267741e-002  2.767709e-002 -5.653226e-001
-3.588183e-001 -1.715305e+001  2.317144e+001 -6.419629e+000 -1.134415e+001 -7.583625e+000 -1.811526e+001 -3.305729e+000 -2.777301e+000 -1.066542e+001 -4.005322e+000 -4.404688e+000  6.313093e+001 -1.842894e+000  2.768645e+000  1.963321e+000 -1.711251e+000  2.309997e+000 -3.878462e-001  3.220074e-001 -1.152478e+000 -7.756914e-001 -5.960754e-001 -4.987328e-001 -6.237873e-001 -2.279861e-001  6.827538e-001  3.685715e-001 -1.503120e+000  1.527869e+000  2.847187e-001 -8.118127e-001  3.468902e-001  2.026326e-001  1.959131e-001 -4.329429e-001  6.154799e-001  9.113435e-002 -6.744707e-001
-1.856690e+000 -1.277660e+001  2.257305e+001 -5.703067e+000 -9.636751e+000 -9.508264e+000 -1.488995e+001 -7.424703e+000 -3.102072e-001 -1.599745e+001 -2.927657e-001 -7.698841e+000  6.206338e+001 -9.329032e-001  2.602136e+000  3.925919e-001  7.052377e-001  1.603327e+000 -1.153805e+000  1.087579e+000 -1.174865e+000 -7.521435e-001 -1.519627e+000  1.137689e+000 -9.064386e-001 -9.447765e-001  6.401983e-001  4.562638e-001 -1.383658e+000  1.775611e+000 -3.746765e-001 -8.089049e-001  8.790147e-001  6.292152e-001 -2.587301e-001  2.086450e-001  6.473596e-001  1.112777e-001 -8.084842e-001
-1.918028e+000 -1.116296e+001  2.332983e+001 -5.372216e+000 -6.332950e+000 -1.271090e+001 -1.515297e+001 -4.219054e+000 -6.350756e+000 -1.128085e+001 -4.557633e+000 -4.377723e+000  6.066806e+001 -2.815985e-001  3.178627e+000 -1.517793e+000  3.163648e+000  7.003618e-001 -2.112382e+000  3.129629e+000 -1.395934e+000 -1.050136e+000 -1.188030e+000  2.016251e+000 -1.183460e+000 -1.717234e+000  1.148885e-001  8.113197e-001 -1.173566e+000  1.306632e+000 -4.198547e-001  5.570661e-002  1.060313e+000  5.768638e-001 -1.362342e-002  8.035881e-001  3.270639e-001 -1.361556e-002 -9.638370e-001
-2.044678e+000 -8.671926e+000  2.064144e+001  1.273611e+000 -9.178837e+000 -1.266322e+001 -1.144460e+001 -9.237198e+000 -3.974473e+000 -1.681355e+001  2.956237e+000 -8.977334e+000  5.915439e+001 -1.627855e-001  4.640204e+000 -2.033240e+000  3.866925e+000  5.843630e-002 -2.546479e+000  3.868350e+000  9.734295e-001 -1.807106e+000  8.805059e-001  1.632877e+000 -5.787646e-001 -2.869738e+000 -7.373415e-001  6.935080e-001 -1.022028e+000  2.616921e-002  2.801478e-001  9.058055e-001  4.031118e-001  3.461196e-001  2.238602e-001  1.337797e+000 -5.181808e-001  3.378097e-001 -1.024631e+000
-1.672817e+000 -3.312255e+000  1.654828e+001  5.910272e+000 -8.071295e+000 -1.656806e+001 -4.189792e+000 -9.379150e+000 -6.195847e+000 -1.619752e+001  4.451434e+000 -9.682742e+000  5.599926e+001 -1.653510e+000  5.806209e+000 -2.691594e+000  3.241065e+000  9.831689e-001  5.870239e-001  4.233189e+000  6.576931e-001 -3.163275e-001  2.221798e+000  8.889926e-001 -8.557021e-001 -4.084691e+000 -1.327587e+000 -4.207449e-001 -7.460248e-001 -1.170393e+000  4.220557e-001  1.478765e+000 -6.152630e-001  3.235435e-001  9.062306e-001  1.085523e+000 -9.606971e-001  5.253215e-001 -6.767860e-001
-2.793223e+000  6.499067e+000  1.579762e+001  7.990315e+000 -8.475397e+000 -2.031208e+001 -1.029794e+000  2.249296e-002 -9.423189e+000 -9.136586e+000  3.367086e+000 -7.940154e+000  5.004909e+001 -3.933655e+000  4.755885e+000 -4.130650e+000  7.973753e-001  2.862662e+000  2.025519e+000  2.551359e+000 -4.710810e-001  2.532959e-004  3.464445e+000 -8.895853e-001  6.187310e-001 -4.884202e+000 -1.147831e+000 -1.818162e+000 -4.869613e-001 -1.528979e+000 -2.573883e-002  1.400276e+000 -1.131520e+000 -6.558175e-002  1.236037e+000  3.149839e-001 -6.019254e-001  4.034023e-001  2.560706e-002
