37 39
-1.429250e+001  1.159209e+001  1.415422e+000  1.919117e+000 -2.390547e+001 -1.132564e+001 -9.539915e-001 -1.824248e+001 -1.110633e+001 -1.881526e+001 -4.667468e-002 -7.009570e+000  5.642544e+001 -5.264138e+000 -3.327760e-002 -4.501373e+000  1.116953e+000  2.775131e+000  5.666570e+000  2.406476e+000  4.452148e+000  3.104053e+000 -1.173576e+000  4.051589e+000 -9.080892e-001 -2.137661e-001  2.226324e-002 -1.862511e+000 -3.883366e-001 -2.960421e-001  3.089843e-001  1.022051e+000  2.469799e-001  1.020607e+000  7.833704e-001  3.358994e+000  1.297619e-001  8.840704e-001 -2.311034e-001
-1.958396e+001  8.047544e+000 -4.097836e+000  7.075579e+000 -1.971888e+001 -3.437935e+000  6.993096e+000 -1.029953e+001 -9.676373e+000 -1.874760e+001  5.056743e+000 -9.586449e+000  5.655711e+001 -4.575081e+000 -2.957671e+000 -4.603381e+000  8.816621e-001  2.081254e+000  5.818356e+000  1.954599e+000  4.657397e+000  3.211235e+000  3.616566e+000  3.791029e+000  5.435867e-001 -7.473046e-001  7.947764e-001 -1.234643e+000  5.144090e-001 -5.174292e-001 -1.673202e-001 -3.965825e-001 -9.500163e-001 -3.880963e-001  4.975606e-001  2.863000e+000 -5.434278e-001  9.196286e-001 -3.212654e-001
-2.391273e+001 -3.951860e-001 -1.196500e+001  6.676893e+000 -1.934548e+001  2.354260e-001  6.655334e+000 -6.058969e+000  2.742631e-001 -7.889399e+000  9.542240e+000 -3.432213e+000  5.490239e+001 -2.974031e+000 -3.272614e+000 -2.773025e+000  2.442846e-002  2.330901e+000  4.025666e+000  2.313745e-001  2.887636e+000  4.489923e+000  6.159028e+000  3.321346e+000  1.039714e+000 -1.132538e+000  1.210192e+000  5.489494e-002  1.318365e+000 -4.655155e-001 -1.128934e-001 -1.216091e+000 -1.215810e+000 -1.051004e+000 -4.192972e-001  7.885842e-001 -1.077983e+000  4.306428e-001 -1.375771e-001
-2.571352e+001 -2.622009e+000 -1.084152e+001  6.286150e+000 -1.731618e+001  4.855274e-001  3.955788e+000 -7.147560e+000  4.846186e-001  2.702033e-001  1.409701e+001 -3.201704e+000  5.290024e+001 -1.744026e+000 -1.829577e+000 -1.028211e+000 -8.484846e-001  1.803293e+000  2.034473e+000 -2.375184e+000  6.435731e-001  3.516249e+000  4.942402e+000  1.306338e+000  1.211041e+000 -1.205419e+000  1.100568e+000  8.096321e-001  1.141168e+000 -1.216293e-001 -6.078475e-002 -1.225942e+000 -6.791468e-001 -7.288156e-001 -9.193582e-001 -1.057226e+000 -1.401234e+000  1.192910e-001  1.376376e-001
-2.609788e+001  5.637985e-001 -9.077860e+000  2.435974e+000 -1.345232e+001  6.840954e+000  1.721535e+000 -5.380286e+000  6.262786e+000  2.470973e+000  1.203992e+001 -5.003374e+000  5.259119e+001 -6.287052e-001 -3.228498e-001  3.028655e-001 -3.455510e-001  2.349644e+000  1.478055e+000 -1.507681e+000  1.204040e+000  8.550602e-001  2.106427e+000 -9.597902e-002  9.113972e-001 -6.725944e-001  8.002442e-001  6.050078e-001  5.371911e-001  2.700930e-001 -3.336207e-001 -1.061446e+000  8.392531e-002 -3.098702e-002 -1.445681e+000 -1.651747e+000 -8.880385e-001  6.240837e-002  3.207097e-001
-2.721151e+001 -1.579835e+000 -1.068246e+001  4.953615e+000 -1.364900e+001  3.431666e+000 -2.415922e+000 -7.421010e+000  4.910612e+000  7.842259e-001  1.033959e+001 -2.745662e+000  5.168562e+001 -2.449028e-001 -3.843931e-001 -4.354855e-001  4.585055e-001  1.767959e+000  9.624495e-001 -5.716072e-001  1.855117e+000  4.318751e-001  3.567363e-001 -1.506480e+000  1.204200e+000 -2.890884e-001  5.723925e-001  2.137843e-001  1.002782e-001  2.127053e-001 -4.057977e-001 -4.335538e-001  6.398704e-001  2.932111e-001 -1.026542e+000 -1.151106e+000 -3.360510e-001 -1.821229e-001  4.066969e-001
-2.630726e+001 -2.530522e+000 -1.053020e+001  5.615406e+000 -9.430849e+000  6.152630e+000  2.302783e+000  9.795664e-002  2.336568e+000  2.385724e+000  1.094106e+001  8.967529e-001  5.214672e+001  2.776279e-001 -9.701676e-001 -3.834327e-001  7.213986e-001  6.804647e-001 -7.455522e-001 -2.507871e-001  2.126929e+000 -1.196297e+000  1.931276e-001  2.875623e-001  1.355176e+000  1.284523e-002  3.202859e-001 -4.122664e-002  7.502675e-002 -1.039179e-001 -4.517313e-001 -1.618075e-001  1.463752e-001 -1.179367e-001 -3.295558e-001 -7.432676e-001 -5.192310e-004 -4.403557e-001  3.517896e-001
-2.683334e+001 -2.996814e+000 -1.229278e+001  6.988962e+000 -1.048712e+001  5.641937e+000  8.071278e-001 -6.110955e-001  4.607103e+000  2.096509e+000  7.114046e+000 -1.307660e-001  5.167703e+001  6.647699e-001 -4.369970e-001 -1.836715e-001 -3.184327e-001  6.088941e-001  9.785076e-001  1.957215e-001  1.648184e+000 -5.907800e-001  1.435228e-001 -5.656875e-001  7.853740e-002  4.853455e-001  1.974303e-001 -1.190563e-002  5.016954e-001 -6.068924e-001 -4.845545e-001  1.270201e-001 -1.782118e-001 -4.649770e-001  5.435091e-002 -6.211731e-001  5.773035e-003 -5.537526e-001  2.665717e-001
-2.489883e+001 -3.578550e+000 -1.018987e+001  5.025294e+000 -1.163093e+001  2.008058e+000 -1.143926e+000  1.849401e+000  4.330535e-001  2.780469e+000  1.509050e+001  4.650592e-001  5.265971e+001  5.178879e-001 -5.026810e-001  5.520923e-001 -4.766715e-001  6.705194e-001  6.609880e-001 -1.159469e+000  7.178233e-001 -2.813912e-001 -1.503304e+000 -5.689713e-001 -7.275501e-001  6.991367e-001  5.977370e-001  3.106770e-001  8.618366e-001 -6.773433e-001 -7.107189e-001 -2.646714e-001 -1.501870e-001 -1.026044e+000 -2.940022e-002 -9.165631e-001 -7.500657e-001 -4.002370e-001  1.390214e-001
-2.459188e+001 -3.240806e+000 -1.177099e+001  3.656507e+000 -9.504485e+000  1.039649e+001  2.860398e-001 -5.581178e-002  2.908469e+000  1.304467e+000  5.436431e+000 -2.137128e+000  5.385585e+001  6.221188e-001 -6.776645e-001  1.605229e+000 -1.976922e+000 -6.498414e-001  8.942800e-001 -1.008325e+000  2.347851e-001  2.461766e-001 -1.900914e+000 -1.049348e+000 -5.231996e-001  7.006241e-001  1.410708e+000  4.084612e-001  6.607285e-001 -5.908713e-001 -1.415892e+000 -1.903796e+000 -9.322921e-002 -1.109427e+000 -5.801246e-001 -8.587681e-001 -9.216933e-001  2.521901e-001  2.861215e-001
-2.483855e+001 -4.921931e+000 -8.030636e+000  4.898275e+000 -6.569569e+000  7.080293e+000 -3.234020e+000  3.409431e+000  1.778929e+000 -4.734777e+000  8.935006e+000 -1.737816e+000  5.455300e+001  3.287638e+000  7.035512e-001  3.031300e+000 -1.836074e+000 -2.243762e+000 -2.026795e+000 -3.996992e-001 -2.296593e+000 -1.761777e+000 -3.367470e+000 -3.220936e+000 -3.451403e-001  6.003128e-001  1.762174e+000  2.623488e-001 -2.355840e-002 -6.333406e-001 -1.512607e+000 -2.405918e+000  3.960459e-001 -8.030570e-001 -5.822220e-001 -6.520973e-002 -1.204202e+000  5.677050e-001  6.513693e-001
-2.375288e+001 -5.713446e+000 -5.346250e+000 -2.832137e+000 -1.626701e+001  7.577219e+000 -3.189451e+000 -2.171853e-001  5.165049e+000 -3.650436e+000  4.945055e+000 -1.645326e+000  5.423351e+001  6.333436e+000  1.002193e+000  1.880367e+000 -2.593088e+000 -5.013425e+000 -7.196583e+000 -6.503097e-001 -2.391741e+000 -2.751210e+000 -3.218235e+000 -3.848172e+000  1.148283e+000  1.965365e+000  1.031896e+000 -4.016944e-001 -7.945694e-001 -3.684056e-001 -5.388236e-001 -1.920766e+000  4.701603e-001 -1.873982e-001 -3.817295e-001  1.140884e-001 -8.922224e-001  2.405276e-001  8.618116e-001
-8.880136e+000  1.175526e+000  1.754265e+000 -9.107519e-001 -1.946848e+001 -6.716282e+000 -1.404677e+000 -9.552878e+000 -9.504120e+000 -1.157943e+001 -7.684873e-001 -1.506543e+000  5.547245e+001  6.473100e+000 -3.086582e-002  2.967313e-001 -3.335291e+000 -4.710725e+000 -7.323168e+000  6.417524e-001 -1.984199e+000 -1.693808e+000 -1.170692e+000 -5.190567e+000  1.275234e+000  3.323613e+000 -8.045316e-001 -1.321419e+000 -1.244439e+000 -2.582682e-001  7.681411e-001  3.367786e-001  4.749915e-001  9.815353e-001  4.854876e-001  4.221299e-001 -2.176506e-002 -3.054367e-001  6.346685e-001
-9.039083e-001 -1.278568e+000 -7.261607e+000 -6.404418e+000 -2.812215e+001 -1.868814e+001 -3.880180e+000 -5.533360e+000 -5.206059e+000 -1.136438e+001 -8.952682e+000  3.488650e+000  6.322295e+001  4.188866e+000 -2.318928e+000 -1.000334e+000 -3.069341e+000 -2.110478e+000 -6.061362e+000  8.217506e-001 -8.584031e-001 -1.696455e+000 -2.428860e+000 -4.525644e+000 -1.307483e-001  3.648032e+000 -2.069823e+000 -1.315753e+000 -6.883622e-001  3.427238e-001  2.040975e+000  2.588772e+000  5.695866e-001  1.312531e+000  5.589826e-001  2.622238e-001  6.709644e-001 -9.058620e-001 -1.406089e-001
-3.897539e+000 -7.293699e+000 -5.589301e+000 -9.992041e+000 -2.419562e+001 -1.640287e+001  3.201071e-001 -3.853474e+000 -1.504555e+000 -6.731266e+000 -1.006896e+001  2.071362e+000  6.667634e+001  3.372653e-001 -4.242986e+000 -1.750545e+000 -2.889288e+000  1.454697e-001 -9.105124e-001  1.239228e+000  1.844415e+000  1.382836e-001 -1.651507e+000 -2.991025e+000 -1.232808e+000  2.932322e+000 -1.803920e+000 -5.187497e-001 -2.416879e-001  9.343655e-001  2.052122e+000  2.902541e+000  1.938304e-001  1.319503e+000  2.062712e-001  8.389451e-002  1.043997e+000 -6.592936e-001 -7.037519e-001
-5.299855e+000 -1.307347e+001 -6.676135e+000 -1.363820e+001 -2.445583e+001 -1.788630e+001  5.691062e-002 -7.358903e+000 -7.317011e+000 -1.821882e+001 -1.303293e+001 -4.088021e+000  6.687172e+001 -9.477601e-001 -3.470512e+000 -5.378061e-001 -1.102471e+000  2.763355e+000  2.540950e+000  1.898885e+000  2.256609e+000 -8.723434e-001 -1.666708e+000 -1.593121e+000 -2.127006e+000  1.457966e+000 -7.779923e-001  5.189620e-001  3.200939e-002  1.174487e+000  1.333117e+000  2.151873e+000 -2.793306e-002  9.101271e-001  2.603304e-001  7.830244e-001  9.022791e-001  1.937916e-002 -7.870674e-001
-4.995837e+000 -1.414195e+001 -7.291196e+000 -1.174030e+001 -2.057430e+001 -1.166976e+001  2.822918e+000  5.819675e-001 -7.757226e+000 -1.640975e+001 -1.368349e+001 -3.882247e+000  6.830967e+001  2.181139e-002 -2.048822e+000 -1.142972e+000  3.531008e-001  3.112967e+000  2.888380e+000  1.072337e+000  3.055812e+000 -1.074507e+000 -1.132296e+000 -1.436846e+000 -1.023105e+000  8.998863e-001  1.759140e-001  9.827516e-001  1.029945e-001  8.948911e-001  3.321038e-001  3.825832e-001 -4.337668e-001 -1.029162e-001  1.393025e-001  8.064588e-001  4.852917e-001  2.861861e-001 -6.243395e-001
-5.093560e+000 -1.520701e+001 -9.099689e+000 -1.104264e+001 -1.611604e+001 -8.349940e+000  4.362842e+000  3.531963e+000 -6.441441e+000 -1.485868e+001 -1.511102e+001 -4.169576e+000  6.969611e+001  4.566311e-001 -8.212002e-001 -1.144073e+000  1.181898e+000  3.071358e+000  2.798556e+000  7.655308e-001  3.086534e+000  2.115919e-001  1.226656e+000 -7.913383e-001 -1.387038e-001  7.289124e-001  3.520623e-001  7.698817e-001  2.868430e-002  1.998042e-001 -7.111740e-001 -8.719525e-001 -8.226389e-001 -7.847190e-001  4.118111e-001  6.670926e-001  1.372062e-001  1.295434e-001 -4.429461e-001
-3.891630e+000 -1.647105e+001 -1.009238e+001 -9.524316e+000 -1.280068e+001 -6.729150e+000  3.528827e+000  5.980154e+000 -7.314878e+000 -1.407281e+001 -1.621414e+001 -3.003387e+000  6.976357e+001  5.146395e-001 -6.538836e-001 -9.324390e-001  4.429832e-001  1.651987e+000  8.736007e-001 -3.629286e-001  9.148713e-001  2.928286e-001  9.341046e-001 -9.654581e-001 -7.960287e-001  1.751511e-001  1.838602e-001  5.460012e-001  3.657378e-001 -1.159762e-001 -1.021600e+000 -1.129147e+000 -8.628271e-001 -1.180949e+000  6.344051e-001  4.830950e-001  1.715103e-001 -2.412614e-001 -4.477504e-001
-3.568803e+000 -1.601493e+001 -1.099591e+001 -8.836700e+000 -1.298584e+001 -6.363825e+000  3.531610e+000  5.374671e+000 -6.480226e+000 -1.325401e+001 -1.572429e+001 -5.220970e+000  6.978933e+001  5.661372e-001 -3.185730e-001 -4.996510e-001 -1.483907e-001 -6.202488e-002 -8.114228e-001 -1.496676e+000 -5.965161e-001  5.030439e-001  6.355545e-001 -1.142784e+000 -1.592828e+000 -3.943970e-001  2.236950e-001  3.713134e-001  5.896385e-001 -7.544864e-002 -8.055927e-001 -9.258707e-001 -1.029207e+000 -1.267348e+000  4.493380e-001  2.543198e-001  1.622885e-001 -3.108909e-001 -6.316953e-001
-3.185018e+000 -1.700741e+001 -1.100528e+001 -1.062836e+001 -1.387946e+001 -8.294819e+000  1.423891e+000  4.234970e+000 -6.273690e+000 -1.254156e+001 -1.820414e+001 -7.336694e+000  6.913882e+001  8.863595e-001  4.298698e-001  3.635059e-001  4.383644e-001 -4.283388e-001 -9.523640e-001 -2.110695e+000 -1.007407e+000  1.951792e+000  1.578730e+000 -4.035713e-001 -1.502351e+000 -7.772110e-001  3.190860e-001  5.036843e-001  6.922550e-001  4.448839e-001 -3.659473e-002 -3.347063e-001 -1.021866e+000 -1.458998e+000  9.689510e-002  6.041126e-001  5.975252e-001 -1.545179e-001 -9.741649e-001
-2.616180e+000 -1.653169e+001 -1.114149e+001 -1.123257e+001 -1.588678e+001 -1.162422e+001 -2.068071e+000  1.421974e+000 -4.446815e+000 -1.244654e+001 -1.982994e+001 -9.967060e+000  6.803651e+001  1.389246e+000  4.934901e-001  1.156146e+000  8.069644e-001  8.355770e-002 -9.178153e-001 -3.506620e+000 -2.289068e+000  1.628800e+000  2.175942e+000 -2.608393e-001 -1.339997e+000 -1.953383e+000  2.398638e-001  6.431709e-001  6.377306e-001  8.060136e-001  7.235512e-001  1.079423e-001 -8.499032e-001 -1.673402e+000 -5.186610e-001  5.609453e-001  9.101822e-001 -6.248643e-002 -1.202088e+000
 6.385617e-002 -1.406332e+001 -8.202060e+000 -6.134558e+000 -1.349191e+001 -8.860772e+000 -4.224808e+000  2.919466e+000  1.427378e+000 -6.582898e+000 -1.617917e+001 -8.142095e+000  6.675393e+001  1.698515e+000  1.458507e+000  1.700937e+000  2.189725e+000  1.396222e+000 -7.467347e-001 -4.467286e+000 -5.533841e+000  2.144258e-001  3.184474e+000  1.581195e+000 -1.695034e+000 -3.916180e+000 -9.746483e-002  5.889012e-001  3.711236e-001  6.164989e-001  8.342478e-001 -9.203651e-002 -3.443026e-001 -1.554120e+000 -1.060088e+000 -1.417654e-001  6.382703e-001 -8.975267e-002 -9.986832e-001
 1.752991e+000 -1.501952e+001 -6.616787e+000 -7.048778e+000 -1.276183e+001 -1.066992e+001 -1.117714e+001 -5.412919e+000 -2.186759e+000 -5.353629e+000 -1.804098e+001 -1.151826e+001  6.121486e+001  1.359378e+000  2.382963e+000  2.020287e+000  3.005997e+000  2.643450e+000 -3.745261e-001 -4.567897e+000 -6.700309e+000 -1.221578e+000  2.637409e+000  2.415744e+000 -1.808918e+000 -4.835354e+000 -4.349239e-001  3.329796e-001 -1.265612e-002  2.801676e-001  1.816363e-001 -1.291505e-001  7.265618e-001 -5.169606e-002 -4.671141e-001 -8.555210e-001  1.267296e-001  2.991748e-001  3.115649e-002
 3.122971e+000 -1.047096e+001 -4.762950e+000 -1.771629e+000 -8.460823e+000 -1.250564e+001 -1.635801e+001 -2.001679e+001 -6.331589e+000 -1.656465e-001 -1.119265e+001 -1.503626e+001  5.296874e+001  4.139693e-001  2.429639e+000  1.787054e+000  2.421343e+000  2.462954e+000 -1.684191e+000 -3.301570e+000 -6.572388e+000 -1.923458e+000  6.391693e-001  1.449489e+000 -1.716653e+000 -4.329641e+000 -6.385377e-001 -5.398862e-001 -4.574892e-001 -6.953500e-001 -1.102151e+000 -8.031026e-002  1.595044e+000  2.080820e+000  4.277990e-001 -1.547929e+000 -8.843869e-001  9.057539e-001  1.501417e+000
 2.651154e+000 -6.413054e+000 -2.759617e+000  1.615948e+000 -5.185066e+000 -1.167442e+001 -1.884096e+001 -2.061144e+001 -6.675221e+000 -2.468116e+000 -1.024449e+001 -1.556457e+001  5.075233e+001 -1.431003e-001  1.672822e+000  1.049807e+000  2.091993e+000  4.583732e-001 -1.094840e+000 -4.566694e-001 -2.028275e+000  3.621716e-001 -8.290109e-001  4.386621e-001  1.666868e-001 -1.590870e+000 -5.985667e-001 -1.222474e+000 -8.485749e-001 -1.581727e+000 -2.071206e+000  2.068731e-002  1.879252e+000  2.953305e+000  8.480533e-001 -1.601386e+000 -1.126915e+000  1.241925e+000  2.362028e+000
 1.684621e+000 -6.218352e+000 -1.195376e+000  1.639794e+000 -4.965525e+000 -1.677948e+001 -1.690075e+001 -2.234321e+001 -5.945678e+000 -4.829808e+000 -1.282998e+001 -1.470221e+001  5.033699e+001 -7.429343e-001 -8.858541e-001 -1.012692e-001 -8.300233e-001 -3.021995e+000 -7.881292e-001  1.452321e+000  2.534242e+000  1.561546e+000 -2.821963e+000 -1.852198e+000  1.845933e+000  1.968662e+000 -3.374348e-001 -1.122839e+000 -8.870960e-001 -1.674531e+000 -1.863321e+000  5.890952e-001  1.626724e+000  2.733345e+000  5.426496e-001 -1.141962e+000 -5.058847e-001  1.209681e+000  2.212435e+000
 1.756664e+000 -8.781714e+000 -3.151537e+000  1.705477e+000 -1.221762e+001 -1.400720e+001 -1.318912e+001 -1.439108e+001 -5.688562e-001 -7.166603e+000 -1.502900e+001 -1.085185e+001  5.457639e+001 -1.055003e+000 -2.071662e+000 -1.278427e+000 -3.276954e+000 -4.970106e+000 -7.191205e-001  2.451420e+000  3.512899e+000  1.276187e+000 -3.638955e+000 -1.567988e+000  2.619414e+000  3.825634e+000 -2.236605e-002 -4.144984e-001 -4.184254e-001 -1.025358e+000 -6.351072e-001  8.191639e-001  5.488679e-001  1.175035e+000 -2.631770e-001 -6.504546e-001  3.218813e-001  6.106585e-001  9.653581e-001
-1.444553e-001 -1.371590e+001 -5.073336e+000 -5.966510e+000 -2.005453e+001 -1.527989e+001 -1.192232e+001 -1.045576e+001 -1.577042e+000 -1.192622e+001 -1.806138e+001 -8.162955e+000  6.090002e+001 -8.172533e-001 -1.312311e+000 -1.484309e+000 -3.266840e+000 -4.139414e+000  1.073425e+000  3.378004e+000  4.323751e+000  3.327828e-001 -3.665670e+000 -7.660951e-002  3.105388e+000  4.024281e+000  5.213746e-001  6.170979e-001  3.592470e-001  5.566317e-001  8.784877e-001  8.506756e-001 -7.997891e-001 -4.743413e-001 -6.314678e-001  1.936435e-001  1.092406e+000 -5.277214e-002 -7.493505e-001
-1.709324e+000 -1.302259e+001 -7.212770e+000 -1.096567e+001 -2.249109e+001 -1.601981e+001 -9.073072e+000 -8.990674e+000 -2.478605e+000 -1.711468e+001 -1.546872e+001 -5.737121e+000  6.459898e+001 -2.177711e-001 -1.864413e-001 -3.507997e-001 -1.816387e+000 -2.158453e+000  2.070202e+000  1.324829e+000  2.952147e+000 -3.393318e-001 -3.659431e+000  1.160274e+000  2.590252e+000  2.208111e+000  9.406524e-001  9.539181e-001  9.551553e-001  1.646860e+000  1.763692e+000  4.240472e-001 -1.664466e+000 -1.258533e+000 -5.600792e-001  9.814823e-001  1.092232e+000 -5.998089e-001 -1.788619e+000
-6.686515e-001 -1.065947e+001 -6.586306e+000 -8.358830e+000 -2.052586e+001 -1.040605e+001 -2.068751e+000 -3.424657e+000 -3.326890e+000 -1.818412e+001 -1.299316e+001 -1.732634e+000  6.544709e+001  1.445323e+000  1.257025e+000  1.231152e+000  1.222852e+000 -3.538284e-002  2.070587e+000 -1.983329e+000  4.429109e-001 -7.880334e-001 -1.843508e+000  2.245698e+000  1.596654e+000 -9.693291e-001  8.015417e-001  4.348793e-001  8.872205e-001  1.337029e+000  1.501867e+000 -3.921884e-001 -1.919250e+000 -1.483781e+000 -4.325265e-001  1.239509e+000  4.341156e-001 -1.055210e+000 -1.714538e+000
 9.299069e-001 -1.124214e+001 -4.149051e+000 -6.180298e+000 -2.277422e+001 -6.093112e+000 -1.149176e+001 -3.145898e+000 -1.390591e+000 -2.233481e+001 -1.176174e+001 -1.115750e+000  6.334341e+001  2.516971e+000  1.413260e+000  2.139619e+000  2.712498e+000  1.796341e+000  9.025346e-001 -3.190243e+000 -8.393461e-001 -9.638012e-001  3.573757e-001  2.732019e+000  3.747366e-001 -2.620655e+000 -1.258542e-002 -3.762083e-001  7.096329e-002  1.524266e-001  5.754154e-001 -5.682980e-001 -6.310295e-001 -5.554652e-001 -5.257484e-001  8.600423e-001 -4.187001e-001 -1.162023e+000 -4.569933e-001
 5.762542e+000 -8.321002e+000 -4.494349e-001 -2.244939e+000 -2.008988e+001 -9.890307e+000 -2.062962e+001 -1.116359e+001 -6.061215e+000 -1.853370e+001 -8.686384e+000 -2.490373e+000  5.668116e+001  1.823084e+000  6.223440e-002  1.706584e+000  1.153864e+000  1.392525e+000 -3.036827e-001 -3.960711e+000 -1.199404e+000 -1.517615e+000  5.234699e-001  1.308096e+000 -1.062904e+000 -2.134027e+000 -1.079781e+000 -1.029860e+000 -7.827339e-001 -1.050665e+000 -3.632891e-001  1.862635e-001  1.205266e+000  8.772985e-001 -2.574111e-001 -5.568015e-002 -9.372295e-001 -7.683940e-001  1.133748e+000
 7.659935e+000 -7.125526e+000  4.168918e-001 -4.601291e-001 -1.372738e+001 -1.176501e+001 -1.574385e+001 -9.317937e+000 -5.930448e+000 -1.515302e+001 -3.962015e+000 -3.484568e+000  5.587867e+001 -4.695789e-001 -1.470087e+000 -2.336990e-001 -1.019760e+000  4.669571e-003  4.158470e-001 -8.416279e-001  9.959788e-001 -2.603283e+000 -5.427080e-001 -4.644251e-001 -1.890086e+000  5.054935e-001 -1.500406e+000 -1.018510e+000 -1.081438e+000 -1.305361e+000 -7.651977e-001  9.052842e-001  2.154398e+000  1.323477e+000  1.656925e-002 -5.804776e-001 -9.211131e-001 -2.188145e-001  1.738721e+000
 5.081755e+000 -1.240660e+001 -3.363593e-001 -5.449597e+000 -1.808665e+001 -9.088513e+000 -1.974626e+001 -6.335659e+000 -8.645038e+000 -1.915766e+001 -1.035255e+001 -5.862744e+000  5.850932e+001 -2.460306e+000 -2.450604e+000 -1.495858e+000 -2.164346e+000 -9.559926e-001  3.245249e+000  2.868693e+000  3.911741e+000 -1.255348e+000 -1.671866e+000 -8.422270e-001 -1.112905e+000  3.136336e+000 -1.026431e+000 -3.779609e-001 -7.764678e-001 -6.147805e-001 -1.690467e-001  7.303964e-001  2.307259e+000  6.769254e-001  2.140981e-001 -1.844846e-001 -3.068335e-001  1.758457e-001  1.179502e+000
-1.077594e+000 -1.654977e+001 -5.374084e+000 -9.676767e+000 -2.375248e+001 -4.414774e+000 -1.614158e+001 -5.799710e-001 -1.311509e+001 -2.473636e+001 -1.325079e+001 -8.879994e+000  6.495679e+001 -2.843361e+000 -2.422869e+000 -1.666350e+000 -2.155203e+000 -8.553890e-001  3.654490e+000  4.167044e+000  3.222466e+000 -1.012089e+000 -1.447344e+000 -7.983850e-001 -6.943354e-001  3.437770e+000 -8.286852e-002  2.930540e-001 -1.341111e-002  1.054493e-001  6.351727e-001 -3.376467e-001  1.218702e+000 -6.479180e-001  2.631300e-001  6.251867e-001  1.494508e-001  2.664268e-001 -1.914431e-002
-2.170226e+000 -1.586190e+001 -5.033237e+000 -8.458350e+000 -1.985729e+001  2.660817e+000 -6.087291e+000  4.026130e+000 -8.745633e+000 -2.210135e+001 -8.253134e+000 -5.357184e+000  6.782378e+001 -2.122182e+000 -1.351179e+000 -1.459430e+000 -1.352318e+000  9.773208e-001  1.728978e+000  5.071245e+000  1.071979e+000 -1.242722e+000  5.336494e-002 -5.909195e-002 -7.815508e-001  2.297343e+000  5.039851e-001  6.176986e-001  5.266457e-001  3.726736e-001  7.963273e-001 -1.412989e+000  3.861962e-002 -1.443688e+000 -6.077685e-002  1.075994e+000  1.712660e-001 -2.968788e-003 -8.225729e-001
