31 39
-1.287683e+001  5.181483e+000 -1.516338e+000 -2.662513e+000 -2.261645e-001 -2.748011e+000 -9.849305e-001  9.834672e-001 -4.914221e+000 -7.390732e+000  2.681722e-002  6.507816e+000  3.116892e+001  1.502533e+000  1.520510e+000  5.962301e-001 -9.082339e-001 -6.810668e-001 -7.262508e-001 -2.221362e+000 -5.718749e-001  5.869757e-002 -1.017893e+000 -2.734050e+000 -1.416703e+000  7.056135e-001  9.662740e-001 -1.250831e-001 -8.137223e-001 -1.054600e+000 -9.709530e-001 -8.253112e-001 -9.767753e-001 -7.366254e-001 -4.717113e-002  1.564490e-001 -8.154300e-001 -1.247914e+000  6.924443e-001
-1.155580e+001  5.917947e+000 -3.599825e-002 -3.584998e+000 -1.169322e+000 -3.653748e-001  3.227395e+000  4.858932e+000 -4.528416e-001 -5.813028e+000  2.058411e-001  8.699063e-001  3.178161e+001  2.399320e+000  1.592672e+000 -1.829325e-001 -1.543896e+000 -2.336229e+000 -2.416408e+000 -3.048825e+000 -2.368600e+000 -1.549894e+000 -1.794251e+000 -3.762895e+000 -3.177651e+000  1.247869e+000  1.192222e+000 -2.980389e-001 -1.106009e+000 -1.287576e+000 -8.121054e-001 -7.144545e-001 -7.063860e-001 -7.141567e-001 -3.256592e-001  2.641299e-001 -1.924092e-001 -4.244837e-001  9.782351e-001
-9.681695e+000  5.691088e+000 -7.704979e-001 -5.549961e+000 -5.310637e+000 -4.008843e+000 -6.931207e+000 -5.153593e+000 -4.313496e+000 -2.647510e+000 -5.583657e+000 -4.022609e+000  3.303710e+001  4.500374e+000  1.127957e+000 -2.121666e+000 -3.818980e+000 -3.990363e+000 -3.469391e+000 -3.420594e+000 -3.012168e+000 -1.414302e+000 -1.011547e+000 -3.817666e+000 -3.496861e+000  2.828090e+000  8.187973e-001 -4.202743e-001 -9.180842e-001 -1.204633e+000  4.183434e-002 -4.079168e-001 -1.145817e-001  1.603002e-002 -8.561635e-002  1.996310e-001  7.322618e-001  3.803548e-001  9.212801e-001
-4.002249e+000  9.440390e+000 -4.337180e+000 -1.052263e+001 -1.324481e+001 -9.357129e+000 -9.537898e+000 -1.241464e+001 -1.255163e+001 -1.117932e+001 -9.671425e+000 -5.199132e+000  3.590059e+001  5.272993e+000  7.152148e-001 -2.663396e+000 -5.042822e+000 -2.443332e+000 -3.202024e+000 -3.745319e+000 -2.295831e+000 -1.191711e+000 -6.492105e-001 -2.272809e+000 -1.491931e+000  3.912260e+000 -1.695892e-001 -6.250206e-001 -1.757175e-001 -7.641733e-001  1.231111e+000  3.129214e-001  3.248913e-001  1.004580e+000  4.963909e-001  5.858325e-001  1.568994e+000  1.042771e+000  5.250856e-001
 5.848262e+000  9.060044e+000 -9.974077e+000 -1.828860e+001 -1.414024e+001 -1.559909e+001 -1.170525e+001 -5.440588e+000 -5.936337e+000 -9.765322e+000 -1.412288e+001 -7.941968e+000  4.324988e+001  4.159683e+000 -1.421322e-001 -2.753959e+000 -5.181934e+000 -4.183438e-001 -2.373027e+000 -2.446024e+000 -5.281092e-001 -5.484756e-001 -5.922586e-001  1.822163e-001 -3.577893e-001  3.979819e+000 -1.308701e+000 -5.471983e-001  6.835918e-001  9.974060e-002  1.603455e+000  7.710740e-001  6.613141e-001  1.175572e+000  4.267570e-001  3.434868e-001  1.659657e+000  8.538051e-001 -2.444707e-001
 7.044181e+000  7.809544e+000 -8.751190e+000 -2.242979e+001 -8.971180e+000 -1.058037e+001 -1.311218e+001 -6.476724e+000 -5.599975e+000 -5.500175e+000 -6.888594e+000 -4.630069e+000  4.623652e+001  1.721719e+000 -8.973861e-001 -7.453737e-001 -4.683285e+000  2.033316e+000 -1.399982e+000 -1.911653e+000  1.412273e+000  4.991477e-001  9.252671e-001  2.082132e+000  4.666678e-001  3.297432e+000 -1.527839e+000 -3.680978e-001  7.121289e-001  5.900266e-001  1.103218e+000  8.122596e-001  1.039270e+000  7.670968e-001  1.083995e-001  1.958494e-001  8.349945e-001  1.257460e-001 -6.793166e-001
 5.593503e+000  5.795850e+000 -1.233329e+001 -2.550605e+001 -9.539170e+000 -1.526235e+001 -1.737419e+001 -1.076309e+001 -1.053170e+001 -8.448375e+000 -6.063992e+000 -6.096087e+000  4.776823e+001 -2.674935e-001 -8.017346e-001  3.372816e-001 -3.500046e+000  1.788588e+000 -5.150414e-001 -1.030856e+000  1.011640e+000 -1.259462e-001 -8.135180e-002  2.303151e+000 -2.071344e-001  1.913150e+000 -1.015071e+000 -2.368830e-001  2.588806e-001  8.804097e-001  8.671243e-001  9.235196e-001  1.183688e+000  1.043540e-001 -2.992548e-001  1.715476e-001  1.256786e-001 -1.207686e-001 -6.125636e-001
 4.733727e+000  6.585556e+000 -6.884444e+000 -3.033033e+001 -5.378761e+000 -1.652541e+001 -1.626170e+001 -2.692016e+000 -7.758208e+000 -7.211455e+000 -3.290206e+000 -3.788733e+000  5.012857e+001 -1.526154e-001 -7.954732e-001 -6.483724e-001 -2.933633e+000  1.969294e+000 -6.971846e-002  7.434468e-001  7.697785e-001 -8.609784e-001  7.458315e-002  8.416961e-001 -9.385285e-001  1.549011e+000 -4.540886e-001 -3.942273e-001 -5.675170e-001  1.104815e+000  6.536961e-001  8.541124e-001  8.182342e-001 -5.903611e-001 -5.828530e-001 -8.032194e-002 -3.409501e-001 -2.711107e-001 -2.555956e-001
 5.666022e+000  5.663365e+000 -9.221043e+000 -3.183855e+001 -6.993508e+000 -1.520178e+001 -1.528477e+001 -2.274742e+000 -5.486952e+000 -9.316441e+000 -4.406317e+000 -9.398308e+000  5.086960e+001  2.149754e-002 -1.377503e+000 -1.508057e+000 -1.654711e+000  3.949289e+000  1.579440e+000  2.144867e+000  3.149082e-001 -1.364687e+000  6.908213e-001  1.430827e+000 -2.590342e-001  1.791211e+000 -3.378005e-001 -6.557485e-001 -5.277031e-001  1.341239e+000  7.202885e-001  4.059266e-001  5.113459e-002 -4.471706e-001  1.094067e-001 -9.317281e-002 -4.508484e-001 -1.319225e-001  1.950699e-001
 6.244845e+000  3.898420e+000 -1.354917e+001 -3.393171e+001 -3.975412e-001 -1.095925e+001 -1.043965e+001 -6.872008e+000 -1.242724e+001 -4.693226e+000 -3.508950e+000 -7.671601e+000  5.243089e+001 -6.932194e-001 -2.580638e+000 -2.660290e+000 -8.187675e-002  4.221446e+000  1.823339e+000  5.916559e-001 -1.191166e+000 -1.795747e+000  1.375709e-001  8.135436e-001 -8.629358e-001  2.080423e+000 -6.199979e-001 -7.840433e-001  1.293729e-001  1.553898e+000 -1.384486e-001 -4.602375e-001 -9.127468e-001 -3.372759e-002  1.080117e+000 -8.349149e-001 -7.234182e-001 -2.255745e-001  2.688875e-001
 4.945432e+000  2.519013e-001 -1.654120e+001 -3.197892e+001  7.716663e+000 -1.014823e+001 -9.560875e+000 -7.098558e+000 -1.502062e+001 -6.253383e+000  1.199517e+000 -5.449825e+000  5.557313e+001 -1.686194e+000 -3.187895e+000 -1.295275e+000  1.780270e+000  4.263955e+000  5.680628e-001 -6.992876e-001 -2.437408e-001  8.884718e-001 -5.787097e-001  6.298540e-002 -9.045434e-001  2.622794e+000 -5.896083e-001 -5.519376e-001  7.433974e-001  1.465857e+000 -1.367256e+000 -1.204825e+000 -9.007296e-001  4.379566e-001  1.564927e+000 -1.342570e+000 -1.236293e+000 -1.397098e-001  5.534220e-002
 1.627925e+000 -3.611903e+000 -1.652581e+001 -3.066953e+001  8.373384e+000 -9.935484e+000 -1.616537e+001 -6.235940e+000 -1.197011e+001 -8.055130e+000 -2.025405e+000 -1.007765e+001  5.817893e+001 -2.398759e+000 -3.810494e+000 -1.078986e-001  3.118368e+000  1.119718e+000 -1.865218e+000 -2.398210e+000  8.804651e-001  3.413029e+000 -3.465226e+000 -2.091474e+000 -1.743647e+000  2.477657e+000 -2.187986e-001 -1.024097e-001  1.162196e+000  9.556773e-001 -1.940417e+000 -9.913780e-001  1.762572e-001  6.670176e-001  9.008273e-001 -1.126993e+000 -6.463776e-001  6.454726e-001 -2.181975e-001
-4.564883e-001 -6.520947e+000 -1.420910e+001 -2.456829e+001  9.940804e+000 -1.287335e+001 -1.591835e+001 -3.811480e+000 -1.273158e+000 -1.052904e+001 -4.833162e+000 -1.271800e+001  6.110955e+001 -2.073774e+000 -3.522264e+000  9.327346e-001  4.074451e+000 -1.336126e+000 -2.600408e+000 -8.638477e-001  1.468876e+000  3.855562e+000 -4.220629e+000 -3.298131e+000 -5.172278e-001  1.869305e+000  1.558159e-001  3.062042e-001  9.581586e-001  1.286470e-001 -2.087764e+000 -2.689558e-002  1.128083e+000  1.229327e-001 -8.389494e-001 -2.464352e-001  3.396117e-001  1.099399e+000 -4.734219e-001
-3.047990e+000 -1.176763e+001 -1.525472e+001 -2.204518e+001  4.088979e+000 -1.892278e+001 -1.925196e+001 -4.113221e+000 -2.235827e+000 -1.988153e+001 -1.094998e+001 -1.275575e+001  6.205096e+001 -1.593422e+000 -2.925503e+000  2.036685e+000  3.549419e+000 -2.680598e+000 -1.549316e+000  1.555222e+000  1.287614e+000  1.224844e+000 -3.676435e+000 -7.377862e-001  2.170769e+000  1.366180e+000  2.788590e-001  7.542970e-001  7.049645e-001 -7.285770e-001 -1.451655e+000  9.130736e-001  1.593162e+000 -6.547568e-001 -1.929167e+000  1.057642e+000  1.379076e+000  9.251895e-001 -5.027364e-001
-3.085480e+000 -1.328156e+001 -1.251308e+001 -1.591884e+001  3.178235e+000 -1.865662e+001 -1.233682e+001 -8.155388e-001 -6.099464e-001 -2.144333e+001 -1.082885e+001 -6.696917e+000  6.298364e+001 -1.309783e+000 -2.099370e+000  2.423226e+000  2.207980e+000 -4.274706e+000  2.756339e-001  2.964412e+000  1.673483e-001 -2.212183e+000 -1.705281e+000  1.084200e+000  2.635245e+000  8.114231e-001  2.464621e-001  1.038919e+000  2.967029e-001 -1.159546e+000 -9.431513e-001  1.157671e+000  1.027895e+000 -1.069461e+000 -1.627763e+000  1.511793e+000  1.682135e+000 -8.807828e-002 -4.802587e-001
-5.024692e+000 -1.485911e+001 -7.190401e+000 -1.724716e+001 -1.648324e+000 -1.479042e+001 -1.018002e+001 -1.295843e+000 -6.177498e+000 -2.098016e+001 -2.716494e+000 -2.234349e+000  6.407278e+001 -1.386459e+000 -7.504562e-001  2.671678e+000  4.087189e-001 -4.669268e+000  1.262129e+000  3.653471e+000 -1.742555e+000 -3.198934e+000  5.653097e-001  2.612743e+000  1.306064e+000  4.929165e-001  2.722623e-001  1.192324e+000 -2.929662e-001 -9.231386e-001 -5.633720e-001  5.327404e-001  1.070444e-001 -8.817570e-001 -3.406675e-001  1.080336e+000  1.030641e+000 -1.158738e+000 -5.176950e-001
-6.017051e+000 -1.547205e+001 -6.125129e+000 -1.592740e+001 -8.564074e+000 -1.356136e+001 -5.632257e+000 -4.383428e+000 -1.036324e+001 -1.850612e+001 -3.528906e+000 -4.802472e+000  6.415575e+001 -9.449450e-001  5.848106e-001  2.098752e+000 -1.529278e-001 -5.057548e+000  1.782223e+000  3.226505e+000 -2.363344e+000 -2.071362e+000  1.217465e+000  3.437278e+000 -5.252668e-001 -9.535637e-002  5.519720e-001  1.253142e+000 -4.837933e-001 -2.123359e-001  4.097772e-002 -2.579363e-001 -8.344972e-001 -2.862921e-001  8.515097e-001  3.807227e-001  4.101159e-001 -1.097203e+000 -7.373970e-001
-8.514501e+000 -1.442466e+001 -5.090303e+000 -1.999730e+001 -1.338620e+001 -1.515977e+001 -4.336884e+000 -1.104205e+001 -1.335385e+001 -1.852358e+001 -1.536240e+000 -7.172647e+000  6.392949e+001 -4.145297e-001  1.694027e+000  7.340903e-001  1.141801e-001 -5.106038e+000  3.610915e-001  1.959398e+000 -1.855825e+000 -5.489039e-001  2.638720e-001  3.238880e+000 -2.042665e+000 -7.689049e-001  9.005867e-001  1.068900e+000 -3.501532e-001  6.742823e-001  5.532861e-001 -7.123542e-001 -1.317108e+000  1.132352e-002  1.084549e+000  2.471642e-001 -6.353706e-001 -3.167249e-001 -1.017344e+000
-6.065300e+000 -1.057473e+001 -3.069365e+000 -1.530841e+001 -1.624056e+001 -9.560833e+000  8.741370e-001 -7.759156e+000 -7.378581e+000 -1.658429e+001  5.767416e+000 -6.854102e+000  6.257851e+001  9.641122e-001  2.944099e+000  9.730538e-001  1.293570e+000 -3.851432e+000 -5.635285e-001 -3.610367e-001 -1.207477e+000  7.203506e-001  3.490517e-001  2.821711e+000 -1.176404e+000 -2.244651e+000  8.423299e-001  5.997546e-001 -1.045528e-001  6.643398e-001  9.311585e-001 -8.276381e-001 -1.459786e+000 -4.129222e-001  7.135908e-001  3.899106e-001 -1.713693e+000  2.083923e-001 -9.620743e-001
-7.073215e+000 -8.837637e+000 -5.047831e+000 -1.698576e+001 -2.334027e+001 -1.498523e+001 -3.636231e+000 -8.887104e+000 -1.041435e+001 -2.062172e+001  8.829747e+000 -1.142186e+001  6.101688e+001  2.161945e+000  3.414399e+000  1.483761e+000  3.056882e+000 -2.505895e+000 -1.126766e+000 -1.138299e+000 -2.263871e+000  8.279546e-001  2.235337e+000 -2.563264e-001  4.800887e-002 -3.519157e+000  5.572410e-001  3.660138e-002  2.001188e-001  2.252825e-001  1.190215e+000 -1.113516e-001 -9.438230e-001 -5.825778e-001  4.724549e-001  6.965610e-001 -2.064718e+000  4.159888e-001 -5.073146e-001
-1.917133e+000 -3.545070e+000 -1.281097e+000 -1.096533e+001 -2.284420e+001 -1.646627e+001 -7.787767e+000 -1.149829e+001 -8.231238e+000 -1.571180e+001  5.396655e+000 -8.559886e+000  5.438880e+001  1.978467e+000  2.723397e+000  1.201153e+000  1.697421e+000 -1.701827e+000 -1.612038e+000 -2.523578e+000 -4.223932e+000  8.081625e-001  2.181286e+000 -3.383583e+000 -5.286426e-001 -3.530602e+000 -4.253520e-002 -5.262533e-001  1.884472e-003 -5.436026e-001  8.946757e-001  4.702297e-001 -1.611429e-001 -1.417514e-001  2.923163e-001  2.565244e-001 -1.524381e+000 -3.830219e-003  2.880788e-001
 2.211429e-001 -8.674902e-001  1.434369e+000 -6.884438e+000 -2.261386e+001 -1.734088e+001 -5.697427e+000 -2.049184e+001 -8.787751e+000 -7.783142e+000 -2.632491e+000 -6.079710e+000  5.042855e+001  1.864498e+000  1.987385e+000  1.620635e+000  1.038667e+000 -2.297676e-001  3.285883e-001 -1.678446e+000 -3.260487e+000  1.769465e+000  2.830560e+000 -3.982061e+000 -2.866023e-001 -2.662502e+000 -4.457844e-001 -7.093698e-001 -3.553101e-001 -1.099176e+000  3.611342e-001  7.310901e-001  1.066959e-001  6.860314e-001 -1.011444e-001 -6.776507e-001 -2.351126e-001 -3.499952e-001  7.638564e-001
 1.798555e-001 -9.428152e-001 -3.047000e-001 -1.187197e+001 -2.511290e+001 -1.644320e+001 -1.071316e+001 -2.307645e+001 -4.151065e+000 -1.209715e+001 -5.419379e+000 -1.216839e+001  5.021966e+001  9.001600e-001  1.026340e+000  9.140394e-001 -4.153360e-001 -5.161173e-001  1.059943e+000 -8.966776e-001 -1.417927e+000  1.711177e+000  1.334062e+000 -2.937325e+000 -1.028250e+000 -1.232585e+000 -4.388396e-001 -4.905767e-001 -4.535881e-001 -7.029750e-001  1.143095e-002  3.941379e-001  4.846568e-001  1.106537e+000 -7.407751e-001 -9.638618e-001  5.361426e-001 -9.269179e-002  6.238506e-001
 1.200779e+000 -2.018391e-001  2.567145e+000 -1.133910e+001 -2.335476e+001 -1.335382e+001 -1.056577e+001 -1.940046e+001 -3.607109e+000 -8.276239e+000 -5.672540e+000 -1.105062e+001  4.978894e+001  4.721768e-001  7.160791e-001 -1.492324e-001 -1.382620e+000 -1.293079e+000  1.192694e+000 -1.418270e+000 -2.367168e-001 -1.292743e-001 -7.293047e-001 -1.655018e+000 -1.452163e+000 -8.488838e-001 -3.495639e-001 -1.007917e-001 -3.888848e-001 -2.149408e-001  9.872508e-002 -1.991331e-001  3.906812e-001  7.677042e-001 -9.717985e-001 -9.785736e-001  3.937557e-001  2.444708e-001  2.048014e-001
 2.093849e+000  1.253803e+000  2.722712e+000 -1.081467e+001 -2.505434e+001 -1.316008e+001 -9.836985e+000 -1.913362e+001 -2.265675e+000 -8.794937e+000 -7.769945e+000 -1.121568e+001  4.854568e+001  4.804293e-001  9.061669e-001 -1.818541e-001 -6.068112e-001 -1.113017e+000 -7.340164e-002 -2.303824e-001 -2.031305e-001 -1.946344e+000 -8.580909e-001 -1.866391e+000 -4.093210e-001 -1.318158e+000 -3.116181e-001  1.614257e-001  3.854024e-002  7.681232e-001  1.084690e+000 -3.760398e-001  2.908158e-001  4.048191e-001 -6.158382e-001 -2.508842e-001  1.180849e-002  8.182176e-001 -1.687291e-001
 1.625030e+000  1.614596e+000 -8.254989e-001 -1.432618e+001 -2.910853e+001 -1.301897e+001 -1.322686e+001 -2.364684e+001 -1.037682e+001 -1.308077e+001 -9.732298e+000 -1.381688e+001  4.702113e+001  3.265437e-001  1.543513e+000  2.241575e-001  5.970097e-002  5.623075e-001 -1.004050e-001 -5.818777e-002 -2.936363e-002 -1.260768e+000 -9.662315e-001 -2.548749e+000  6.262872e-001 -1.595709e+000 -4.504759e-001 -6.245777e-002  2.625624e-001  1.316333e+000  2.001750e+000 -3.769184e-002  3.148909e-001  3.347379e-001  1.974684e-001  7.166311e-001  3.042584e-001  9.274050e-001 -1.689612e-001
 2.369876e+000  2.679801e+000  4.823515e-001 -1.341248e+001 -2.780110e+001 -1.697764e+001 -1.053452e+001 -2.196891e+001 -1.049793e+001 -1.398534e+001 -1.272146e+001 -1.283186e+001  4.501278e+001 -5.851143e-001  1.419751e+000  9.200457e-001  2.704120e+000  3.979641e+000 -1.737065e-001 -1.226397e-001  5.024923e-001 -8.022677e-001  1.981049e-001 -2.431417e+000  2.023613e+000 -1.702818e+000 -7.069728e-001 -6.236629e-001 -1.906240e-001  1.089649e+000  1.898560e+000  5.707211e-001  5.674480e-002  1.937677e-001  5.746214e-001  1.240011e+000  1.169271e+000  4.511960e-001 -5.443235e-002
 2.695484e+000  6.802727e+000  4.808113e+000 -9.741693e+000 -1.916984e+001 -1.194707e+001 -1.050794e+001 -1.812963e+001 -5.794820e+000 -1.051219e+001 -1.594053e+001 -7.111093e+000  4.357685e+001 -1.247431e+000  1.469980e-001  6.126297e-001  3.543579e+000  6.169343e+000  1.054387e+000  1.023134e-001  1.084161e+000  2.860296e-001  2.325753e+000  1.487869e-001  1.968395e+000 -1.501360e+000 -8.788851e-001 -8.688706e-001 -7.404737e-001  3.093876e-001  1.016412e+000  9.383169e-001  1.153308e-001  2.003144e-001  3.473915e-001  9.560369e-001  1.886134e+000  1.856656e-002 -2.049859e-001
-1.366949e+000  5.758495e+000  4.506135e+000  4.136818e-001 -1.012548e+001 -1.456456e+001 -1.180964e+001 -1.937976e+001 -8.568012e+000 -9.088702e+000 -1.682291e+001 -4.450510e+000  4.175373e+001 -2.267447e+000 -1.513890e+000 -1.329210e+000  3.099494e+000  5.576265e+000  2.202808e+000 -2.690906e-002  2.089457e-001  1.533651e-001  3.695972e+000  2.631196e+000  1.175605e+000 -1.637494e+000 -9.555781e-001 -5.413213e-001 -6.664264e-001 -6.741283e-001 -3.049896e-001  1.116969e+000  4.739890e-001  7.411840e-001  5.078923e-001  1.935447e-001  1.500024e+000 -3.757117e-001 -4.105092e-001
-2.743712e+000  8.102398e-001  2.257576e-001 -3.521366e+000 -7.099627e+000 -8.953565e+000 -1.207773e+001 -1.952061e+001 -9.911628e+000 -3.900328e+000 -6.937634e+000 -8.165587e+000  4.114385e+001 -3.226715e+000 -1.334019e+000 -2.353583e+000  1.408952e+000  4.846055e+000  3.402922e+000  4.706008e-001  1.118982e+000 -1.626635e-003  2.065019e+000  4.350612e+000  1.143124e+000 -2.653300e+000 -9.912392e-001  8.051323e-002  3.632221e-002 -7.216046e-001 -9.613507e-001  7.111078e-001  7.456838e-001  1.293158e+000  6.620960e-001 -6.157268e-001  1.491037e-001 -2.322730e-001 -3.761153e-001
-6.247763e+000 -1.893406e+000 -3.872521e+000 -1.025173e+000 -5.954879e+000 -7.460352e+000 -9.884171e+000 -2.022869e+001 -7.672699e+000  1.188587e+000 -4.066921e+000 -6.426591e+000  3.804181e+001 -4.373363e+000 -5.463467e-001 -9.289796e-001  4.007922e-001  3.116337e+000  4.236871e+000  2.063162e+000  4.191002e+000  1.881022e+000  1.296196e+000  2.967789e+000  5.576897e-001 -3.179394e+000 -4.110065e-001  5.169166e-001  7.891135e-001 -4.134735e-001 -8.398791e-001  1.168972e-001  6.731889e-001  1.147065e+000  6.647213e-001 -8.380619e-001 -6.963221e-001  8.905804e-003 -4.875536e-002
