40 39
-2.540874e+001  2.894368e+000 -1.986262e+000  3.554504e+000 -5.936192e+000  5.357596e+000  6.527527e-001 -4.641518e+000  2.175694e+000 -2.473270e+000  3.574041e+000 -1.975754e-001  3.992838e+001 -2.436005e+000  1.538368e+000 -5.232842e+000  3.388072e+000  1.447252e+000 -5.923834e-001  2.554209e+000  2.159904e+000  4.595371e-001  2.956050e+000 -7.050502e-001  1.827946e-001  5.495933e-001  1.054218e+000  2.321558e-002  3.622125e-001 -1.263176e-001 -1.397399e+000 -9.398097e-001 -1.137546e+000 -6.280659e-001 -8.411801e-001 -5.954093e-001 -1.259599e+000 -3.824467e-001 -1.833010e-001
-2.681866e+001  6.661819e+000 -8.947532e+000  6.677342e+000 -6.278791e+000  5.411124e+000 -1.101029e+000 -3.479087e-001  3.625540e+000  4.030199e+000  5.727414e-001 -1.544111e+000  4.199747e+001 -1.073286e+000  1.119889e+000 -4.250183e+000  2.452839e+000 -2.256653e-001 -6.965364e-001  4.820400e-001  1.888294e+000 -2.050881e+000  6.290766e-001 -2.806591e+000  5.212131e-001 -1.288178e-001  9.133269e-001 -2.922238e-001  1.488832e+000 -4.696730e-001 -7.504916e-001 -4.936202e-001 -9.520873e-001 -8.064795e-001 -4.954538e-001 -9.804700e-001  1.095647e-001  6.480948e-002 -3.475206e-001
-2.635092e+001  5.931426e+000 -1.205348e+001  9.872405e+000 -1.065163e+001  5.903789e+000 -1.285088e+000 -2.186164e+000 -4.876086e+000 -5.640879e+000  3.303529e+000 -5.595053e+000  4.079947e+001 -2.040009e-001  1.372087e-001 -1.116796e+000  2.245894e+000 -2.198324e-001 -2.313588e-001 -1.151397e+000  5.441446e-001 -7.389074e-001  1.320234e+000 -3.935918e-001  2.178200e-001 -3.832874e-001  4.241574e-001 -2.560245e-001  1.614336e+000 -6.887034e-001  2.609467e-001 -4.621076e-003 -4.142005e-001 -7.887770e-001  3.657672e-001 -1.906589e-001  1.222746e+000  4.933453e-001 -1.306898e-001
-2.706837e+001  3.785800e+000 -1.235109e+001  8.361598e+000 -8.104050e+000  7.377093e+000 -9.536327e-001  2.281630e+000 -4.970302e+000 -1.688476e+000 -4.068933e+000  1.800490e-001  3.976832e+001 -4.044315e-001  2.998077e-001  6.755336e-001  1.410920e+000  1.363053e+000 -7.304359e-001  3.705659e-002 -4.370214e-001  8.910874e-003  9.861780e-001  1.825941e+000  1.750267e+000 -5.767147e-001  3.203654e-002  4.866899e-002  8.913393e-001 -7.219291e-001  2.943192e-001  4.811016e-002 -2.566621e-002 -7.470503e-001  8.177813e-001 -7.995450e-002  1.265345e+000  1.848866e-001  2.340232e-001
-2.630389e+001  5.018421e+000 -5.868463e+000  1.394185e+001 -6.122725e+000  3.217818e+000 -5.177932e+000 -3.235564e+000  2.779078e+000  6.987235e+000  3.926919e+000  2.944459e-002  3.912652e+001 -6.496450e-001  6.682864e-001  3.759816e-001  4.655139e-001  1.957627e+000 -5.985390e-001  7.056977e-001 -6.213233e-001  1.258477e+000  1.824205e+000  3.092412e+000  2.034994e+000  1.200928e-001 -1.374709e-001  1.962492e-001 -2.461536e-001 -9.524320e-001 -3.168779e-001  2.113298e-001  8.262521e-002 -1.651133e-001  1.099653e-001 -4.094698e-001 -3.324448e-001 -1.911293e-001  3.689893e-001
-2.886433e+001  8.617360e+000 -8.662373e+000  1.169722e+001 -1.727978e+000  3.101930e+000  1.030676e+000 -2.008315e+000 -1.574868e-001  2.647032e+000  9.390750e+000  4.394973e+000  3.995037e+001 -6.902813e-001  1.097695e+000 -5.398749e-001 -2.666159e-001  1.572012e-001 -2.723954e-001 -5.748385e-001 -1.264224e+000  1.039333e+000 -2.268133e-002  1.777130e+000  5.370591e-001  7.896084e-001 -3.890705e-003  2.477833e-002 -3.966312e-001 -6.094015e-001 -9.789093e-001  2.040254e-001 -2.068439e-001  2.283411e-001 -4.297845e-001 -2.507322e-001 -1.243647e+000 -6.389423e-001  2.993529e-001
-2.870117e+001  6.857078e+000 -1.201793e+001  1.053216e+001 -4.051528e+000  5.048676e+000  1.251246e+000 -3.147808e+000 -9.901079e-001  1.312391e+000  1.203575e+001  2.472457e+000  4.130891e+001 -7.484306e-001  7.195112e-001 -1.739860e+000 -1.677498e+000 -1.201296e+000  5.962700e-001 -4.323237e-001  1.321795e-001 -7.042920e-001 -2.226854e-001 -2.031411e+000 -1.312230e-001  7.784973e-001  8.759014e-002 -2.429465e-001  6.194325e-002 -2.608718e-001 -7.561568e-001 -4.044747e-002  1.060731e-001  3.460138e-001 -8.518856e-001 -3.482120e-001 -1.490825e+000 -8.554110e-001  1.624632e-001
-2.932113e+001  8.354947e+000 -1.197573e+001  8.733361e+000 -8.353642e+000  5.099687e+000 -7.042415e+000 -4.083366e+000  2.110958e+000  1.035540e+000  7.623050e-001  1.643838e+000  4.262517e+001 -3.744923e-001  3.980869e-001 -2.497021e-001 -5.645812e-001 -1.952032e+000 -3.077135e-001 -4.281521e-001  3.279330e-001 -1.158627e+000  7.559623e-001 -1.830384e+000 -3.613363e-001  5.908478e-001  1.666010e-001 -4.756282e-001  5.483792e-001 -3.553056e-002  2.380892e-001 -5.647615e-002  7.204257e-001  1.067949e-001 -6.900098e-001 -2.398503e-001 -4.386308e-001 -5.638724e-001  1.681463e-001
-2.981764e+001  8.747184e+000 -1.291108e+001  7.036289e+000 -8.816375e+000  5.200289e+000 -3.303006e+000 -1.537142e+000 -1.876605e+000  6.679554e+000 -1.915913e+000  7.488970e-001  4.168161e+001 -3.695889e-001 -1.966419e-001  5.406114e-001 -6.898625e-001 -7.685405e-001 -7.831173e-001  1.162720e+000  3.126675e-001 -1.901970e+000 -3.061773e-001 -2.557953e+000 -1.792863e+000  1.031789e+000  8.817950e-001 -2.775503e-001  1.270860e+000 -4.225558e-001  2.773166e-002 -6.959721e-001  1.700791e-001 -7.185149e-001  7.986023e-002 -5.915855e-001  3.997536e-001 -4.723846e-001  5.360520e-001
-3.017856e+001  9.662742e+000 -9.464308e+000  1.062225e+001 -9.105716e+000  1.487556e+000  1.167041e+000 -1.173983e+000 -5.507374e+000  3.743262e+000  7.214658e+000  3.450072e+000  4.271826e+001 -4.669704e-002 -8.223695e-001  1.061786e+000 -9.380863e-001  1.131269e+000  1.349175e-001  2.229768e+000 -8.204933e-001 -1.811877e+000 -1.180187e+000 -1.527526e-001 -1.451483e+000  1.503694e+000  1.713189e+000 -2.943898e-001  1.389806e+000 -1.604571e+000 -1.044120e+000 -1.361085e+000 -8.348563e-001 -1.269857e+000  6.870899e-001 -7.738624e-001  3.313960e-001 -5.503384e-001  8.284913e-001
-3.012040e+001  5.219971e+000 -1.057059e+001  6.138402e+000 -7.518193e+000  2.939155e+000  2.960119e+000 -3.039162e+000 -6.690794e+000 -1.572357e+000 -3.980196e+000 -7.394974e+000  4.642131e+001  3.496647e+000 -5.801230e-002  3.958696e+000 -3.603524e+000 -2.604289e+000 -3.104906e+000 -9.108886e-001 -2.886182e+000  2.163382e-002 -2.212538e+000 -8.714588e-001 -1.948073e+000  3.002334e+000  2.045465e+000 -2.930870e-001  1.396945e+000 -2.119695e+000 -1.897146e+000 -1.831172e+000 -1.290641e+000 -1.204016e+000  9.105221e-001 -2.547377e-001  6.963313e-001 -1.426208e-001  6.614211e-001
-2.940324e+001  6.006706e+000 -7.837050e+000  4.491873e+000 -3.346386e+000  6.904842e+000  9.748649e-001 -7.434823e+000 -4.541330e+000 -7.394394e-001  1.030684e+000 -1.541640e+000  4.777379e+001  6.258335e+000 -1.143177e+000  4.990286e+000 -7.130607e+000 -6.254760e+000 -5.952243e+000 -3.565629e+000 -4.421928e+000  1.315020e+000 -2.160169e+000 -1.016652e+000 -3.035423e+000  3.748032e+000  1.295564e+000 -5.854311e-001  8.046436e-001 -1.797475e+000 -1.457760e+000 -1.472787e+000 -7.348068e-001 -3.834774e-001  3.889947e-001  1.017114e-001  2.259523e-001 -1.408517e-001  2.148645e-001
-1.272206e+001  1.028514e+001  6.068769e+000 -7.916143e+000 -2.471748e+001 -1.303289e+001 -7.761360e+000 -1.283763e+001 -2.251458e+000 -2.141788e+000 -3.181220e+000 -6.495611e+000  5.416552e+001  6.705223e+000 -1.501673e+000  5.561087e+000 -8.192078e+000 -6.561255e+000 -6.895395e+000 -2.392787e+000 -3.906696e+000  1.087192e+000 -1.089875e+000  1.355652e+000 -1.713997e+000  3.216726e+000 -5.860823e-001 -9.258960e-001 -4.834095e-001 -9.628458e-002  7.688836e-001  6.349040e-001  7.406980e-001  7.034149e-001 -5.182916e-001  5.046856e-001  2.909740e-001  2.188996e-001 -5.679864e-001
-7.586052e+000  1.414271e+000  7.167445e+000 -1.800351e+001 -3.177987e+001 -2.028764e+001 -1.130037e+001 -1.838439e+001 -1.151941e+000 -6.772868e+000  1.731911e+000 -1.217673e+001  5.758632e+001  4.826836e+000 -3.027694e+000  4.283808e+000 -7.631184e+000 -4.179048e+000 -5.333774e+000 -7.033165e-001 -2.227623e+000 -3.996823e-001 -1.232962e+000 -1.365467e-001 -2.272779e+000  2.470821e+000 -1.595375e+000 -5.285394e-001 -1.043318e+000  1.856894e+000  1.977753e+000  2.148231e+000  1.455107e+000  1.282540e+000 -8.328637e-001  6.196399e-001  1.111984e-001  4.508004e-001 -1.026308e+000
-7.502877e+000  7.821935e-003  9.732603e+000 -2.357429e+001 -2.610773e+001 -1.794158e+001 -2.866199e+000 -1.709786e+001 -2.949529e+000 -4.005018e+000  2.447452e+000 -1.064741e+001  5.759867e+001  1.281985e+000 -3.745234e+000  1.894887e+000 -3.834659e+000  2.022730e-001 -2.396212e-001  1.361445e+000 -4.662598e-001 -1.712473e+000 -1.527141e-001  1.433588e-001 -1.234897e+000  8.010074e-001 -1.416649e+000 -2.350878e-001 -1.374420e+000  2.928955e+000  1.336375e+000  2.071662e+000  7.393853e-001  1.089291e+000 -7.149785e-001  2.821764e-001 -6.106641e-002 -5.069876e-003 -1.023549e+000
-7.878654e+000 -3.993108e+000  1.175007e+001 -2.583497e+001 -2.354651e+001 -1.730968e+001 -4.989298e+000 -1.644283e+001 -6.190706e+000 -5.972632e+000 -2.466385e+000 -1.082963e+001  5.841132e+001  9.930776e-001 -2.664094e+000  1.606795e+000 -2.484798e-002  2.522415e-001  1.461025e+000  1.832792e+000  2.705559e-001 -1.449466e+000  4.694499e-001  1.454872e-001 -1.020971e+000 -1.756477e-001 -4.460370e-001  2.440673e-001 -1.317173e+000  3.172867e+000  1.970284e-001  9.047186e-001  1.424843e-002  1.058100e+000 -3.282228e-001  2.770875e-001  4.010637e-001  2.249775e-001 -8.389009e-001
-6.165840e+000 -5.737339e+000  1.325189e+001 -2.317371e+001 -2.782280e+001 -1.571997e+001 -4.109671e+000 -1.613971e+001 -8.294439e+000 -3.305475e+000 -3.652775e-001 -1.334364e+001  5.775805e+001  1.538856e+000 -2.858913e+000  2.749472e-002  2.649528e+000 -2.095023e+000  6.551456e-002  3.608569e-002  2.906721e-001 -1.962809e+000 -5.301989e-001  9.093033e-001 -2.365250e+000 -5.777832e-001  4.242910e-001  4.549544e-001 -1.317138e+000  2.337221e+000 -1.428945e-001 -7.614377e-001 -7.073290e-001  1.192832e+000  1.674154e-001  5.949799e-002 -5.543458e-002  6.249058e-001 -4.559479e-001
-3.289183e+000 -9.033616e+000  1.344177e+001 -1.832804e+001 -2.966113e+001 -1.409332e+001 -1.514668e+000 -1.751068e+001 -5.726817e+000 -4.775389e+000  3.865712e+000 -1.593347e+001  5.662839e+001  2.468215e+000 -2.250518e+000 -1.368358e+000  4.991055e+000 -2.045258e+000 -9.627483e-001  3.060513e-002  2.684412e+000 -1.915629e+000  3.412181e-001  1.485800e+000 -5.827149e-001 -1.034289e+000  3.865149e-001  5.070763e-001 -1.486030e+000  1.010452e+000  7.861797e-001 -1.292631e+000 -1.074662e+000  1.230199e+000  5.173157e-001  9.130985e-002 -7.486033e-001  1.016063e+000 -2.150944e-001
-2.103331e+000 -1.176649e+001  9.024227e+000 -1.408012e+001 -3.352553e+001 -1.922219e+001 -4.423085e+000 -1.511057e+001 -1.299552e+001 -7.254634e+000  3.827919e+000 -1.992175e+001  5.560122e+001  2.665871e+000 -1.677250e+000 -3.203228e+000  5.343497e+000  6.365501e-001 -2.834923e+000 -1.274106e+000  4.290974e+000 -6.423146e-001  2.088918e-001 -8.039704e-001  1.670504e+000 -1.049411e+000  7.025011e-002  8.381995e-001 -1.057324e+000 -2.039579e-001  1.881905e+000 -5.773626e-001 -8.724806e-001  5.928424e-001  1.254049e+000  4.950322e-001 -8.817047e-001  8.470533e-001 -7.722454e-002
 2.431168e+000 -1.223113e+001  7.022115e+000 -5.426490e+000 -3.092143e+001 -2.037231e+001 -4.679565e+000 -3.535340e+000 -1.341831e+001 -2.291963e+000  2.866015e+000 -1.045415e+001  5.431829e+001  2.362145e+000 -7.195439e-001 -4.207996e+000  3.680427e+000  2.817353e+000 -3.551909e+000 -2.885423e+000  4.421402e+000  4.768654e-001  5.564538e-001 -2.740893e+000  2.041466e+000 -1.015306e+000 -4.077381e-001  8.175477e-001 -4.706847e-001 -1.218539e+000  1.649220e+000  9.933821e-002 -8.168292e-001 -1.012620e+000  1.139515e+000  4.062124e-001 -4.270596e-001 -5.059617e-001  1.859040e-002
 4.303338e+000 -1.252483e+001  4.455833e-001 -2.907000e+000 -2.400990e+001 -2.675509e+001 -8.897754e+000 -1.672515e+000 -7.660266e+000 -3.502729e+000 -3.885281e+000 -7.730775e+000  5.366605e+001  1.943142e+000  5.665975e-001 -3.839306e+000  2.285053e+000  4.883196e+000 -1.526718e+000 -2.868303e+000  2.386389e+000  3.111190e+000  1.837344e+000 -1.385874e+000  5.579256e-001 -9.733974e-001 -6.447759e-001  6.245025e-001  3.058012e-001 -1.392757e+000  5.561655e-001  8.159111e-001 -2.014608e-002 -1.700751e+000  4.370174e-001  5.171970e-001  5.907240e-001 -1.091791e+000  1.331162e-001
 5.318208e+000 -1.225216e+001 -3.308884e+000 -5.512469e+000 -2.033218e+001 -2.808641e+001 -1.370445e+001 -2.122699e+000 -6.010116e+000 -3.869072e+000 -5.982151e+000 -1.182162e+001  5.251945e+001  7.908889e-001  7.152966e-001 -3.403743e+000  4.275801e-001  4.077520e+000 -1.120160e+000 -3.256443e+000 -1.426397e+000  1.905195e+000  1.558054e+000 -3.585462e-001 -2.556234e+000 -9.793438e-001 -6.290243e-001  2.125405e-002  6.203915e-001 -1.072497e+000 -5.996802e-001  7.711601e-001  7.715504e-001 -1.368124e+000 -5.179865e-001  1.406469e-001  8.772745e-001 -8.021065e-001  3.367162e-001
 6.168859e+000 -8.922981e+000 -5.006803e+000 -2.611864e+000 -1.440418e+001 -2.299873e+001 -1.425216e+001 -3.884942e+000 -1.143667e+000  2.720641e+000  1.322631e+000 -1.644839e+001  5.163366e+001  2.276194e-001  7.278427e-001 -2.076348e+000  6.136966e-003  2.787294e+000  2.875767e-002 -1.189327e+000 -1.288882e+000  8.286076e-001  2.294077e+000  9.584762e-001 -1.489601e+000 -4.018116e-001 -3.999195e-001 -6.643651e-001  6.424424e-001 -7.073541e-001 -1.389679e+000  4.675462e-001  1.248013e+000 -7.209108e-002 -1.220552e+000 -4.491824e-001  3.176331e-001 -3.630906e-003  5.729540e-001
 5.452851e+000 -1.045557e+001 -7.270406e+000 -3.436157e+000 -1.533669e+001 -2.785129e+001 -1.828457e+001 -9.561113e+000 -7.150637e+000  2.386622e+000 -1.530672e+000 -1.887652e+001  5.043776e+001  7.478471e-002 -6.938963e-001 -1.987517e+000 -5.426025e-001  8.669031e-001 -4.738463e-001  1.328409e-001 -5.815798e-001 -9.717762e-001  1.031322e+000  4.733045e-001 -9.453027e-001  3.824825e-001 -1.573378e-001 -9.765288e-001  5.848835e-001 -4.016345e-001 -1.340357e+000  6.848647e-001  1.419885e+000  7.909646e-001 -7.062566e-001 -9.178210e-001 -3.633417e-001  5.316799e-001  6.971705e-001
 5.374113e+000 -9.783916e+000 -7.955396e+000 -3.914471e+000 -1.257117e+001 -2.672886e+001 -1.255433e+001 -4.397720e+000 -2.946968e+000  4.839808e+000 -1.318640e+000 -1.165133e+001  5.269783e+001  3.015966e-001 -2.050632e+000 -1.335207e+000 -7.666267e-001 -4.598913e-001  4.878563e-001  1.677123e+000  1.603525e+000 -1.553086e+000 -1.452020e-001 -2.136340e-001 -2.656944e-001  1.210459e+000 -2.838616e-001 -7.893079e-001  4.434043e-001 -3.093388e-001 -1.019398e+000  9.021069e-001  8.815665e-001  3.594181e-001 -3.612682e-002 -1.202761e+000 -1.075490e+000  2.124556e-001  5.694563e-001
 6.089505e+000 -1.529118e+001 -1.177217e+001 -7.574178e+000 -1.691417e+001 -2.859058e+001 -1.388916e+001 -4.774209e+000 -9.967346e+000  2.279541e-001 -2.294993e+000 -1.894666e+001  5.389977e+001 -3.278890e-002 -2.778111e+000 -8.498963e-001 -1.194211e+000 -1.000673e+000  2.074614e+000  2.409756e+000  1.082222e+000 -4.352418e-001 -1.811412e+000 -1.589200e+000 -5.097873e-001  1.700373e+000 -4.362284e-001 -8.637309e-002  6.483840e-001 -2.052018e-001 -2.770608e-001  1.223075e+000  5.142283e-001 -1.784991e-001  8.758634e-001 -7.837048e-001 -1.072984e+000  2.759444e-001  2.933241e-001
 7.358516e+000 -1.675834e+001 -9.431952e+000 -4.375987e+000 -1.591490e+001 -2.018980e+001 -8.064254e+000  1.739230e+000 -7.500741e+000  3.073965e+000  6.366222e-001 -1.774179e+001  5.595495e+001 -1.137902e+000 -2.176590e+000 -4.281372e-001 -1.214753e+000 -1.375907e+000  3.265062e+000  2.080048e+000 -3.236927e-001  3.797062e-001 -2.298359e+000 -3.387720e+000 -6.450807e-001  1.786525e+000 -4.628801e-001  4.671640e-001  6.342394e-001 -3.574629e-001  3.073258e-001  6.893758e-001  5.535984e-002 -7.195520e-001  1.144039e+000 -5.133117e-001 -6.487014e-001  1.960044e-001 -6.995895e-002
 4.296705e+000 -2.085891e+001 -1.078161e+001 -9.176452e+000 -1.866819e+001 -2.074775e+001 -8.480832e+000 -7.218479e+000 -7.049959e+000 -5.787515e+000 -1.045430e+001 -1.838023e+001  5.731107e+001 -1.386608e+000 -1.062783e+000  8.008680e-001 -1.344548e+000 -6.039305e-002  4.252926e+000  2.502520e+000 -5.104666e-001  2.441144e+000 -1.810623e+000 -3.304574e+000  6.241126e-001  1.561070e+000 -1.108170e-001  7.969647e-001  6.073235e-001 -1.894194e-001  8.241444e-001  5.706682e-002 -5.902214e-002 -2.238585e-001  1.051773e+000 -3.164601e-003  4.570012e-001  2.940344e-001 -3.185208e-001
 5.810042e-001 -1.788300e+001 -1.059136e+001 -9.187100e+000 -1.857369e+001 -1.432497e+001 -4.858250e+000 -4.794049e+000 -2.507130e+000 -3.644254e+000 -1.417758e+001 -1.515995e+001  5.992480e+001 -1.335895e+000 -5.724756e-001  1.010608e+000 -2.478773e+000  6.065977e-001  2.845579e+000  1.907540e+000 -1.197891e+000  2.728917e+000 -2.712154e+000 -2.599454e+000  1.473776e-001  9.303162e-001  2.209124e-001  6.636899e-001  3.189106e-001 -2.555456e-001  9.338499e-001 -7.808796e-001 -3.340855e-001  3.036222e-002  5.209951e-001  1.662843e-002  1.068937e+000  1.020712e-001 -4.540187e-001
 2.545221e+000 -2.004276e+001 -7.188128e+000 -1.189136e+001 -1.588673e+001 -1.025836e+001 -2.979565e+000 -4.059903e+000 -2.584299e-001 -5.466053e+000 -1.141076e+001 -1.711702e+001  5.972020e+001 -4.878775e-001  4.046560e-001  1.467348e+000 -1.509298e+000  2.128796e+000  2.569690e+000  2.200899e+000  4.000282e-001  3.649019e+000 -1.620337e+000  3.016736e-001  5.641557e-001  5.358731e-001  1.299181e-001  5.439426e-001 -1.073990e-001 -1.916354e-001  6.127900e-001 -1.264951e+000 -7.536715e-001  3.057116e-002 -1.274857e-001  1.774289e-001  9.108406e-001 -6.183378e-002 -3.628112e-001
 1.554785e+000 -2.002879e+001 -6.175652e+000 -1.541239e+001 -1.427264e+001 -1.120660e+001 -1.277189e+000 -5.829513e+000  2.748080e+000 -1.064754e+001 -1.188242e+001 -1.763650e+001  5.940197e+001 -4.827051e-001  4.081404e-001  8.331754e-001 -2.410107e+000  2.198748e+000  2.022821e-001  5.604309e-001 -6.271290e-001  2.380745e+000 -2.310360e+000  1.538432e-001 -1.047461e-001  2.902946e-002  3.401295e-002  4.823096e-001 -2.110759e-001 -3.046418e-002  2.642920e-001 -9.761870e-001 -1.061879e+000  1.258643e-001 -5.193286e-001  6.998123e-001  4.388642e-001  1.229792e-001 -2.243356e-001
 1.370427e+000 -1.776274e+001 -5.652724e+000 -1.361029e+001 -1.017474e+001 -9.458485e+000  7.331324e-001 -4.700606e+000  8.567530e+000 -1.038756e+001 -1.009352e+001 -1.432117e+001  6.025185e+001 -1.163612e+000  1.166622e+000  3.525892e-001 -2.337058e+000  2.207482e+000 -7.501792e-001 -5.922835e-001 -6.429917e-001  1.977802e+000 -1.124376e+000 -1.270193e-001  4.410055e-001  1.976574e-001  3.609418e-002  2.340935e-001 -2.210474e-001 -1.963555e-001 -2.519121e-001 -6.024458e-001 -1.435959e+000 -2.150217e-001 -9.380734e-001  8.180171e-001 -3.055540e-001  1.562529e-001 -2.749199e-001
-1.245125e+000 -1.698231e+001 -7.193190e+000 -2.037817e+001 -1.043595e+001 -1.371349e+001 -3.912444e+000 -7.609343e+000  4.983614e+000 -1.273530e+001 -1.406699e+001 -1.708160e+001  5.980412e+001 -8.279624e-001  1.458089e+000  5.126079e-001 -2.217213e+000  1.888715e+000 -3.754214e-001 -2.005263e+000 -4.705958e-002  9.678826e-001  5.389266e-001 -1.907866e-001  8.238487e-001 -2.225380e-002  3.349434e-001  1.486845e-001 -5.965706e-002  2.160712e-001 -3.849966e-001  1.693272e-001 -1.209123e+000 -1.547655e-001 -7.317846e-001  1.131380e+000 -2.839668e-001  3.816592e-001 -3.400427e-001
-1.872886e+000 -1.573289e+001 -4.916413e+000 -2.109377e+001 -6.767671e+000 -1.275581e+001 -4.623355e+000 -6.384946e+000  8.512813e+000 -1.004405e+001 -1.095357e+001 -1.518944e+001  6.050740e+001 -1.347779e-001  1.050149e+000  5.223952e-001 -2.587522e+000  1.024252e+000 -1.536876e-001 -3.696049e+000 -9.651151e-001 -3.349172e-001  1.045105e+000 -1.053781e+000  8.811229e-001 -8.130848e-001  5.819620e-001  7.088778e-002 -2.092419e-001  4.380208e-001 -3.745798e-001  2.043024e-001 -7.856317e-001 -4.613928e-001 -7.144648e-001  8.534256e-001 -1.870912e-001  3.504851e-001 -4.471393e-001
-9.633698e-001 -1.375327e+001 -3.980768e+000 -2.275673e+001 -6.532598e+000 -1.143504e+001 -8.625259e+000 -5.222641e+000  7.614851e+000 -8.124659e+000 -1.240632e+001 -1.308313e+001  5.916292e+001  6.775944e-001  1.209799e+000  4.499871e-001 -1.204519e+000  8.653800e-001  7.506725e-001 -3.933303e+000 -1.239895e+000 -1.218184e-001  2.261798e+000 -8.026096e-001  1.583491e+000 -1.165813e+000  4.487405e-001  1.723211e-001 -4.228241e-001  6.350733e-001 -2.397922e-001 -8.516908e-002  1.770370e-001 -7.255997e-001 -6.507932e-001  2.691057e-001  3.927682e-001  2.818323e-001 -3.166211e-001
 5.556602e-001 -1.412651e+001 -4.646959e+000 -2.535862e+001 -7.005153e+000 -1.136615e+001 -1.539071e+001 -1.071953e+001  5.577325e+000 -7.467356e+000 -1.619275e+001 -1.191480e+001  5.650703e+001  9.934192e-001  1.645206e+000 -6.623099e-001 -6.533014e-001  8.462499e-001 -2.917139e-001 -3.556422e+000 -2.353538e+000 -1.049671e+000  2.281317e+000 -7.565638e-001  1.813610e+000 -1.466260e+000  9.538390e-002  4.614580e-001 -2.889699e-001  1.166049e+000  4.881144e-003 -1.644744e-001  1.005842e+000 -2.404357e-001 -4.647233e-001 -1.028471e-001  9.512223e-001  2.004511e-001 -1.103919e-001
 9.285737e-001 -1.173650e+001 -5.077981e+000 -2.426833e+001 -5.990308e+000 -1.065496e+001 -1.819528e+001 -1.164152e+001  5.842266e+000 -2.714659e+000 -1.546044e+001 -1.080147e+001  5.597525e+001  8.516415e-001  2.022166e+000 -1.009160e+000 -8.956909e-003  7.787549e-001 -7.322537e-001 -1.189891e+000 -2.980847e+000 -1.928706e+000  1.266349e+000  1.624446e+000  1.766767e+000 -1.278772e+000 -6.478183e-001  3.903774e-001  1.197765e-001  1.652646e+000 -1.973385e-002 -2.517227e-001  1.280054e+000  5.200947e-001 -8.641736e-001 -1.077630e+000  4.186696e-001 -3.321896e-001 -4.550720e-002
 2.148238e+000 -8.515242e+000 -7.679356e+000 -2.360447e+001 -2.807566e+000 -1.460442e+001 -1.762045e+001 -1.494319e+001  4.150748e+000 -1.342466e+000 -1.320933e+001 -7.262218e+000  5.476994e+001  2.551180e-001  2.951256e+000 -1.928808e-001  2.644941e+000  1.091970e+000 -2.345966e-001 -3.854694e-002 -1.296818e+000 -1.755090e+000  1.028594e+000  2.488802e+000  1.791741e+000 -1.308565e+000 -1.505098e+000 -8.175579e-002  6.652719e-001  2.142729e+000  1.860589e-003  1.402841e-001  1.090222e+000  1.337137e+000 -3.675070e-001 -1.010139e+000 -4.089401e-002 -7.606601e-001  5.235912e-002
 2.498549e+000 -6.448071e+000 -7.510369e+000 -2.367859e+001 -4.737616e+000 -1.347717e+001 -1.345984e+001 -1.801504e+001 -1.315392e+000 -4.855357e+000 -5.775809e+000 -6.575584e+000  5.363761e+001 -2.192347e+000  2.508661e+000  8.141553e-001  5.409591e+000  6.438505e-001 -5.364995e-001  7.080296e-001  8.322185e-001 -4.089977e+000 -2.499990e+000 -3.319450e-001 -6.652236e-002 -1.472196e+000 -2.008883e+000 -7.527446e-001  8.573323e-001  1.976883e+000  5.634629e-002  4.211114e-001  7.383417e-001  1.621320e+000  5.658597e-001 -2.017200e-001 -1.995820e-001 -5.418015e-001 -2.078497e-003
 1.046263e+000 -2.014443e+000 -4.395169e+000 -1.242879e+001 -2.171647e+000 -1.112803e+001 -1.795116e+001 -1.401686e+001  3.807068e-001 -1.254039e+000 -8.591060e+000 -5.069036e+000  5.113303e+001 -5.010078e+000  9.931795e-001  1.752392e+000  7.351070e+000  9.230050e-001  3.118295e-001  9.457260e-001  2.425613e+000 -1.806571e+000 -8.862076e-001  1.716146e-002 -1.073046e+000 -1.107752e+000 -1.621297e+000 -1.331928e+000  5.910760e-001  3.895117e-001 -4.912955e-002  6.840712e-001  8.322918e-001  1.168026e+000  1.136441e+000  2.894579e-001  4.143148e-001 -7.355717e-002 -9.695137e-002
