21 39
-1.687260e+001 -2.222240e-001 -8.937573e-001  3.355529e+000  5.772697e+000  4.258764e+000  5.411686e+000  4.276035e+000 -1.350762e+000  2.312252e+000  4.576802e+000  4.613510e+000  2.914933e+001 -2.341566e-001  6.039858e-001  2.603559e-001 -2.365363e-001  3.770108e-002 -1.472330e-002 -2.799861e-001 -1.116259e+000  1.354537e+000  2.060129e-001 -1.182524e+000  2.669746e-001  1.732058e-001 -2.360684e-001 -5.237896e-001  1.203824e-001 -8.595204e-001 -5.801827e-001 -1.335610e+000 -8.197701e-001 -1.085529e+000  4.959434e-001 -6.704007e-001 -2.822600e-001 -1.039892e+000  1.972593e+000
-1.762223e+001  1.850499e+000 -2.365727e+000  3.021114e+000  3.940014e+000  6.701202e+000  4.650211e+000  7.482698e+000  1.214409e+001  1.169993e+001  3.509393e+000  3.339535e+000  2.884575e+001 -3.600616e-002 -1.216886e+000  4.557466e-001 -2.404969e+000 -1.521952e+000 -2.419399e+000 -1.597633e+000 -2.378304e+000  1.126554e+000 -8.448694e-001  5.350375e-003 -1.686784e+000  4.249304e+000 -6.201344e-001 -4.747630e-001 -1.132539e-001 -9.605495e-001 -5.935380e-001 -1.239365e+000 -1.272947e-001 -9.932182e-001 -5.845922e-001 -9.802763e-001  2.443116e-001 -8.980415e-001  2.345827e+000
-1.947410e+001 -4.672359e-001  5.580140e-001  2.390169e+000  6.229603e+000  3.332514e+000  3.089776e+000  3.745325e+000  7.446139e+000  2.937513e+000  3.651839e+000 -1.320186e-001  2.906332e+001 -9.557621e-001 -1.984909e+000 -1.675392e-001 -3.621315e+000 -2.082447e+000 -3.935474e+000 -1.955479e+000 -3.327173e+000  5.619524e-001 -2.548305e+000 -5.156938e-001 -1.985959e+000  7.886249e+000 -7.816490e-001  1.509477e-001 -1.178239e-001 -2.398811e-001 -3.764367e-001 -1.600231e-001  9.712638e-001 -4.182671e-001 -8.222585e-001 -2.310634e-001  4.165232e-001  1.974999e-002  1.561503e+000
-1.714627e+001 -8.906529e+000  4.933858e-001 -8.643636e+000 -1.533187e+000 -6.835017e+000 -1.533577e+000 -4.504100e+000  3.907688e+000 -3.191220e+000  2.441930e+000 -3.398546e+000  5.003237e+001 -2.478756e+000 -4.709713e-001 -4.555351e-001 -2.905801e+000 -1.974960e+000 -2.810812e+000  9.250644e-001 -3.952395e+000 -2.586513e+000 -2.865557e+000  1.024269e+000 -1.268875e+000  8.088045e+000 -6.738674e-001  8.390129e-001  1.512217e-001  8.073272e-001  1.455945e-001  1.039629e+000  1.150632e+000  5.663748e-001 -3.334892e-001  8.260689e-001  2.806970e-001  5.003167e-001 -7.825503e-001
-2.188939e+001 -4.768257e+000 -3.161010e+000 -8.918674e+000 -1.902936e+000 -8.650495e+000 -1.273816e+000 -6.366433e+000  5.577203e+000 -2.983694e+000  2.532065e+000 -1.947244e+000  5.798726e+001 -2.921026e+000  9.857669e-001  1.268770e-001 -1.185526e+000 -1.617979e+000 -6.191328e-001  3.314984e+000 -2.420549e+000 -9.002218e-001  6.103972e-002  3.906327e-001  1.567698e-001  6.061348e+000  1.472065e-001  4.441016e-001  4.317203e-001  9.031224e-001  2.963066e-002  1.128798e+000  1.264389e-001  1.219440e+000  1.674592e-001  1.418797e+000  4.614859e-001  4.069831e-001 -2.290294e+000
-2.880836e+001  1.646153e+000 -2.783890e+000 -5.853472e+000 -1.868514e+000 -1.361351e+000  1.145733e+001 -7.223399e+000  1.459974e-001  3.327511e-001  9.190627e+000 -2.097226e+000  5.482401e+001 -2.422711e+000  1.492840e+000  1.064647e+000  4.137719e-001 -1.026213e+000  1.120578e+000  1.520296e+000  2.582550e-004  1.901948e-001  1.980803e+000  9.556721e-001 -2.565651e-001  1.249003e+000  1.096252e+000 -4.710592e-001  2.906559e-001  3.661337e-001 -3.655821e-001  3.766120e-001 -1.256641e+000  1.267408e+000  5.294971e-001  1.242651e+000  2.394680e-001  3.170476e-002 -2.255435e+000
-2.824818e+001 -8.147423e-001  2.831037e+000 -4.932543e+000 -1.692626e+000 -2.499983e+000  1.316924e+001 -6.997771e+000  4.825876e+000  1.480726e+000  2.230654e+000  1.170413e-003  5.697424e+001 -2.477522e-001 -7.463070e-001  1.230971e+000 -7.654898e-001 -2.408666e+000 -2.571793e-001 -1.620901e+000  7.936980e-001  1.089479e-002  2.122503e+000  1.826034e+000 -4.571982e-001 -1.456997e-001  1.468801e+000 -7.728197e-001 -3.160717e-001 -2.852148e-001 -6.633930e-001 -3.115959e-001 -1.364566e+000  6.161346e-001 -1.719536e-001  1.599104e-001  2.994685e-002  4.200102e-002 -1.564037e+000
-2.608043e+001 -3.419086e+000  2.820598e+000 -8.567842e+000 -6.769409e+000 -4.307384e+000 -1.153625e+000 -4.187140e+000  5.234326e+000  4.480586e+000  7.370996e+000 -5.655579e+000  5.678389e+001  1.665868e+000 -1.960230e+000  4.456973e-001 -1.285151e+000 -3.407526e+000 -1.108728e+000 -2.890198e+000  7.775238e-001 -3.945856e-001  2.316967e+000  1.503909e+000 -8.033669e-001 -8.560791e-002  1.497980e+000 -3.179581e-001 -4.428825e-001 -3.281650e-001 -4.738307e-001 -4.885414e-001 -3.713745e-001 -8.212763e-001 -6.877894e-001 -1.132870e+000 -8.173084e-001  6.186704e-001 -5.481492e-001
-2.449212e+001 -5.967173e+000  1.916028e-001 -1.138894e+001 -1.149582e+001 -8.463374e+000 -3.072841e+000 -3.916073e+000  3.087513e+000  5.554903e+000  1.257205e+001 -2.454059e+000  5.627882e+001  2.378691e+000 -1.151796e+000 -1.144006e+000 -1.762138e+000 -3.744287e+000 -1.062460e+000 -1.302600e+000  2.714913e-001 -1.467599e+000  6.925097e-001  2.662487e-001  6.401759e-001 -1.091532e+000  1.160535e+000  4.713625e-001 -2.055296e-002 -8.406813e-002  1.774559e-002 -4.246420e-001  1.549353e-001 -1.771994e+000 -6.470672e-001 -1.814316e+000 -1.483890e+000  7.095771e-001 -2.823647e-002
-2.235706e+001 -5.578782e+000  7.643133e-001 -9.051029e+000 -1.400455e+001 -3.923297e+000  5.127384e+000 -4.876629e+000 -9.577491e-001  9.880499e+000  1.153947e+001 -4.886446e+000  5.474368e+001  3.753965e+000  1.057943e-001  3.772321e-002 -7.287289e-001 -2.727556e+000 -9.194893e-001 -4.957263e-001 -3.845020e+000 -2.509505e+000 -2.968548e+000 -2.350977e+000  2.288100e+000 -1.018827e+000  4.951732e-001  5.019805e-001  5.662315e-001 -2.466548e-001  4.216526e-001 -7.546979e-001 -2.921468e-002 -1.881911e+000 -3.104709e-001 -1.961454e+000 -1.263652e+000  5.355671e-001  5.119522e-001
-1.821641e+001 -5.493876e+000 -1.860852e+000 -1.350164e+001 -1.679649e+001 -8.004325e+000  3.515743e+000 -5.295570e+000  5.839165e-001  2.243318e+000  1.477660e+000  2.817483e+000  5.253669e+001  4.510876e+000  5.774935e-001  1.332194e+000 -1.464041e+000 -2.659923e+000 -2.475009e+000 -2.043460e+000 -5.754998e+000 -2.166982e+000 -4.306320e+000 -3.665972e+000  1.544954e+000  1.797276e-001 -3.859234e-001 -5.311749e-002  7.578552e-001 -3.718925e-001  5.501782e-001 -8.639940e-001 -3.097648e-001 -1.039440e+000  2.180890e-002 -9.400481e-001 -3.118040e-001 -3.577912e-001  9.839400e-001
-1.044845e+001 -3.126762e+000  4.035441e+000 -1.115513e+001 -1.775686e+001 -9.134356e+000 -6.926548e+000 -2.272249e+001 -6.061402e+000 -8.706363e+000  1.163306e+000  3.149148e+000  5.356082e+001  3.075641e+000 -3.149723e-001  2.038755e+000 -2.667474e+000 -1.841445e+000 -4.175943e+000 -2.665841e+000 -5.618788e+000 -1.597249e+000 -4.990889e+000 -2.848241e+000  1.422080e+000  1.838523e+000 -1.302368e+000 -4.657894e-001  8.306441e-002 -4.000718e-001  6.395450e-001 -4.757792e-001  2.216213e-001  9.747071e-001  4.623491e-001  5.993934e-001  5.925083e-001 -9.171219e-001  7.723953e-001
-7.892040e+000 -4.305716e+000  5.217007e+000 -1.765709e+001 -2.291928e+001 -1.823289e+001 -7.263174e+000 -2.376813e+001 -5.195569e+000 -6.683267e+000 -5.697249e-001  1.252913e+000  5.776888e+001  7.882366e-001 -1.207000e+000  1.644754e+000 -2.652229e+000 -1.436452e+000 -3.754203e+000 -1.766366e+000 -4.038824e+000 -1.814683e+000 -2.996560e+000 -1.044139e+000 -7.157702e-001  2.399493e+000 -1.405770e+000 -3.017463e-001 -4.529592e-001  3.569379e-001  8.820814e-001  4.479037e-001  9.171486e-001  2.015599e+000  5.345715e-001  1.306894e+000  1.025427e+000 -7.766990e-001  4.174309e-002
-1.214104e+001 -7.747724e+000  7.419157e+000 -2.031067e+001 -2.015038e+001 -1.968873e+001 -2.812362e+000 -2.373429e+001 -6.054252e+000 -1.061065e+001 -1.678043e+000  3.006237e+000  6.132020e+001 -8.965568e-001 -1.330906e+000  2.967650e-001 -2.134994e+000 -1.415672e-001 -2.658788e+000  4.738335e-001  1.704283e-001 -3.739091e-001 -6.264610e-001 -6.993520e-001 -1.167148e+000  1.733266e+000 -6.356685e-001  8.729924e-002 -7.809666e-001  8.413042e-001  6.463963e-001  7.413582e-001  7.507451e-001  1.991396e+000  4.654564e-001  1.308613e+000  7.828303e-001 -5.081351e-001 -6.680199e-001
-1.342894e+001 -9.218398e+000  4.671060e+000 -2.218502e+001 -2.278199e+001 -2.149815e+001 -7.373182e+000 -2.498379e+001 -8.493073e+000 -1.178734e+001 -2.322362e+000 -6.899124e-001  6.065446e+001 -5.318767e-001 -4.232712e-001 -6.160736e-002  5.440807e-002  9.005445e-001 -9.940680e-001  9.724464e-001  1.428389e+000 -1.057940e-001  4.593649e-002  3.867188e-001 -1.043927e+000  4.410713e-001  1.999451e-001  3.053257e-001 -6.055717e-001  9.088462e-001  4.725439e-001  5.501504e-001  3.506166e-001  1.474630e+000  5.695850e-001  6.608989e-001  3.941126e-001  3.395767e-001 -7.947981e-001
-1.216279e+001 -7.324950e+000  5.792240e+000 -1.956614e+001 -1.853334e+001 -2.079567e+001 -4.502377e+000 -2.126252e+001 -6.282196e+000 -9.286633e+000 -1.457135e+000 -1.715179e+000  6.078436e+001  5.573550e-001 -2.703407e-001 -1.012898e+000  1.857292e-001  2.220379e-001 -1.849220e+000 -2.815216e-001  1.604584e+000 -1.244115e-001  3.092599e-002  3.504812e-001 -9.545174e-001 -5.223656e-001  5.658892e-001  1.641292e-001 -4.437054e-001  6.129872e-001  3.970396e-002  3.267018e-001 -1.796359e-001  5.937139e-001  4.904118e-001  1.256309e-001  2.446429e-001  6.264638e-001 -5.463282e-001
-1.054055e+001 -6.633458e+000  5.722429e+000 -1.775732e+001 -1.922508e+001 -2.264976e+001 -1.555934e+000 -1.786207e+001 -5.610567e+000 -7.115595e+000  1.253415e+000 -1.606016e+000  6.024216e+001  1.061006e+000 -2.106547e-001 -7.282735e-001  7.316406e-001  7.444652e-001 -1.408235e+000  3.643942e-001  2.617247e+000  9.084933e-001 -2.075930e-002  4.015072e-001  8.757977e-001 -4.466816e-001  4.226756e-001  1.315036e-001 -2.665726e-001  2.670284e-002 -2.132225e-001  2.418836e-001 -2.524998e-001  2.228462e-001  9.269965e-001  2.073233e-002  5.462957e-002  4.767003e-001 -2.154528e-001
-1.079846e+001 -1.039190e+001  1.828984e+000 -2.159587e+001 -2.081864e+001 -2.835902e+001 -7.128593e+000 -1.927223e+001 -8.117563e+000 -1.279190e+001 -1.713526e+000 -1.308298e+000  5.891452e+001  1.136448e+000 -6.165680e-001 -1.588429e+000  5.913258e-001  1.349922e-001 -8.181957e-001 -1.203198e-001  2.544569e+000  1.571006e+000  3.504138e-002  5.164685e-001  1.005308e+000 -5.544979e-001  2.462719e-001  3.244320e-001  3.151508e-002 -3.951509e-003 -1.496003e-001  7.851350e-001  3.172342e-001  6.828201e-002  1.078810e+000  3.213714e-001  5.274103e-001  2.313985e-001  1.660629e-002
-8.806071e+000 -8.738198e+000  3.011321e+000 -1.751195e+001 -1.791701e+001 -2.475765e+001 -4.238102e+000 -1.289270e+001 -3.032923e+000 -1.013850e+001 -1.866304e-001  3.485635e+000  5.935598e+001  1.291955e+000  4.073604e-001 -1.106705e+000 -1.487598e-002 -1.220453e-001 -3.001619e-001 -3.706535e-001  2.072628e+000  3.681480e+000  1.475404e-001  5.768730e-001  3.596614e-001 -6.201267e-001  5.433835e-002  3.649527e-001  5.247505e-002 -1.170853e-001 -4.318163e-001  8.754833e-001  4.569640e-001 -1.040404e-001  6.652492e-001  4.853759e-001  9.536456e-001 -2.710807e-001 -2.239415e-001
-7.347789e+000 -9.355420e+000 -7.943516e-001 -1.673220e+001 -1.851241e+001 -2.383270e+001 -3.762892e+000 -1.102436e+001  2.840145e-001 -7.599972e+000  1.845230e+000  7.655368e-001  5.845496e+001  1.673240e+000  1.042812e+000 -6.661068e-001  5.392300e-001 -9.270839e-002  1.522419e+000  1.672173e+000  2.218304e+000  3.883147e+000  1.553633e+000  2.899850e+000  4.605431e-001 -3.526115e-001 -2.642594e-001  5.296965e-002 -7.237626e-002 -1.389007e-001 -1.106516e-001  1.036114e+000  6.252140e-001 -2.394813e-001 -5.054629e-002  5.868320e-001  3.966469e-001 -7.399770e-001 -1.366268e-001
-5.806107e+000 -5.114895e+000  1.500574e+000 -2.026353e+001 -2.098842e+001 -2.641373e+001 -5.092052e+000 -1.162286e+001  8.596043e+000 -8.973855e+000  2.358402e+000 -8.446262e-001  5.737130e+001  1.064302e+000  7.844189e-001 -9.270594e-001  1.722618e-001 -1.300766e+000  1.798874e+000  1.752968e+000  2.260177e+000  3.078669e+000  1.646824e+000  3.978045e+000 -2.072233e-001 -1.667332e+000 -5.682724e-001 -4.318301e-001 -4.674676e-001 -1.059040e-002  2.304305e-001  1.108222e+000  6.713918e-001 -6.569759e-002 -5.386960e-001  7.492158e-001 -5.285229e-001 -1.235380e+000 -2.113328e-001
