30 39
-6.946137e+000  6.269338e-001  6.872155e-001  1.518138e+000 -4.330601e-001  6.624869e+000  6.762626e+000  1.935422e+000  2.915497e+000 -2.992026e+000  1.965725e+000 -1.064429e+000  4.730243e+001 -7.007771e+000 -3.144177e+000  6.028291e-001  5.744020e+000  4.924554e+000 -9.388765e-001 -1.475724e+000 -8.022971e-002 -5.300230e-001  1.000128e+000  4.008302e-001  8.509821e-001 -1.864019e+000  2.057869e-001 -5.008956e-001  1.540722e-001 -1.921281e+000 -1.872569e+000  7.799850e-001 -1.175959e+000  9.639263e-002 -1.059701e-001  6.993712e-001 -4.483445e-001  2.529862e-001 -5.411339e-002
-1.488840e+001 -2.750809e+000  7.693320e+000  6.687533e+000  6.112161e+000  1.390455e+000 -1.840090e+000 -1.261330e+000 -1.788321e+000  1.378504e+000  2.120754e+000  2.312286e+000  4.497369e+001 -5.778620e+000 -3.277420e+000 -5.997941e-001  2.987116e+000  1.628521e+000 -1.030566e+000 -1.591568e+000  5.693886e-002  4.737765e-001  2.804749e+000  8.432325e-001  6.736766e-001 -2.278373e+000  1.482546e+000  6.057123e-001 -5.844582e-001 -2.049660e+000 -2.279366e+000  6.144471e-001 -9.762328e-002  4.297182e-001  8.951005e-002  1.168238e-001 -4.454285e-001 -4.143639e-001  6.079970e-002
-1.959638e+001 -5.641602e+000  3.361693e+000  3.997721e+000  1.519984e+000  3.932696e+000 -1.676891e+000 -2.533168e+000 -1.156176e+000  1.549542e+000  4.757785e+000  8.809676e-001  4.182433e+001 -3.134684e+000 -1.273642e+000 -1.161269e+000  1.167856e+000 -1.297342e+000  8.015392e-002 -7.983630e-001  1.379225e+000  3.849898e-001  2.537788e+000 -2.098287e-001 -3.213271e-001 -2.319146e+000  2.016052e+000  1.198037e+000 -4.352164e-001 -1.330926e+000 -1.267188e+000  3.451556e-002  2.396463e-001  4.184853e-001  7.589042e-003 -5.703623e-001 -4.275590e-001 -6.095027e-001  4.002714e-001
-2.124447e+001 -8.274408e+000 -2.108317e+000  5.836884e+000 -4.870301e-001  4.693184e+000 -3.681230e-001  1.710057e+000  3.012243e+000  9.252093e+000  6.235462e+000  9.359819e-001  3.928275e+001 -6.677254e-001  5.777638e-001 -2.285089e+000  6.340386e-001 -1.363308e+000 -3.955566e-001  8.460232e-002  1.897798e+000  3.127310e-001  8.456257e-001 -7.745289e-001 -1.816103e+000 -1.426786e+000  1.747444e+000  8.776909e-001  1.135723e-001 -9.459979e-001 -1.336764e-001 -1.316378e-001 -7.472873e-002 -2.274925e-001 -4.151928e-001 -1.502049e+000 -2.907695e-001 -3.220061e-001  8.197616e-001
-1.944152e+001 -2.979478e+000 -2.183115e-001  7.782740e+000 -3.620175e+000  5.374275e+000  2.034827e+000  7.345852e+000  2.440164e+000  5.760118e+000 -1.140772e+000 -1.982912e+000  3.855218e+001  5.170383e-001  9.184141e-001 -7.306052e-001  2.659298e-001  8.453072e-002 -1.083804e+000 -1.115577e+000  1.091767e+000 -4.115551e-001 -8.721215e-001 -9.280842e-001 -9.516418e-001 -2.884548e-001  1.109867e+000 -1.086498e-001  3.572222e-001 -9.730844e-001  4.399833e-001 -3.251906e-001 -2.634839e-001 -9.722053e-001 -3.667424e-001 -1.322124e+000  9.425727e-002  1.810424e-001  8.751345e-001
-1.830446e+001 -1.193051e+000 -1.942125e+000  7.965216e+000  1.865698e+000 -1.308117e+000 -3.272937e+000  3.288150e+000 -2.022836e+000  3.501344e+000  1.197388e+000 -5.336286e+000  3.947584e+001  1.132740e+000  1.500678e-002 -2.472647e-001 -1.291910e+000  2.692023e-001 -1.106776e+000 -1.806604e+000 -9.367949e-001 -1.203915e+000 -3.000540e+000 -2.514870e-001 -6.211966e-001  8.050903e-001  1.280727e+000 -3.323813e-001  3.829376e-001 -1.310398e+000 -1.409063e-002  2.093278e-001 -3.597549e-002 -1.132483e+000 -1.823607e-001 -6.738644e-001  9.540332e-002  4.691812e-001  7.617769e-001
-1.848120e+001 -4.590210e+000 -3.744294e-001  4.263204e+000  7.662734e-001  1.514329e+000 -5.802370e+000  2.136622e+000 -6.964126e-001  6.430922e-002  2.636401e+000 -7.411072e-001  4.028551e+001  1.514418e+000 -1.535513e+000 -3.940707e-001 -2.734592e+000  8.631940e-002 -1.190189e+000 -1.170179e+000 -2.064506e+000 -6.903993e-001 -2.149752e+000 -6.330013e-005 -1.356814e-002  9.405884e-001  1.891383e+000 -1.146801e-001 -1.134610e-002 -1.800075e+000 -5.066032e-001  8.117672e-001  1.469979e-001 -5.670208e-001 -3.311997e-002  1.585464e-001  3.096150e-001  1.074154e-001  8.937700e-001
-1.606093e+001 -7.394009e+000 -3.266582e+000  1.137102e+000 -1.334243e+000  1.089275e+000 -5.482544e+000 -3.693030e-001 -1.439044e+000 -2.902704e+000  3.089441e+000 -2.790904e+000  4.244154e+001  5.237222e+000  1.428207e-001 -5.386685e-001 -4.417691e+000 -1.434656e+000  7.042753e-001 -6.797417e-002 -2.186482e+000 -4.596503e-001 -1.884881e+000 -7.615227e-001  6.076648e-002  1.767577e+000  1.922049e+000  1.589765e-001 -9.455833e-003 -1.878771e+000 -5.394317e-001  1.307571e+000  1.585536e-001  4.553819e-002  9.208263e-002  1.202661e+000  3.773279e-001 -3.341279e-001  9.675989e-001
-1.299119e+001 -7.556564e+000 -1.526437e+000 -2.476162e+000 -1.588607e+000 -1.775366e+000 -2.711264e+000 -1.147950e+000 -1.303728e+000 -1.786618e+000 -2.087115e+000 -3.323444e+000  4.177227e+001  7.921710e+000  2.811067e-001 -6.416339e-001 -7.171556e+000 -1.596556e+000  2.069506e+000 -1.249903e+000 -1.118493e+000 -9.492873e-001 -6.372190e-001  8.750088e-001 -7.555463e-001  3.699152e+000  9.238390e-001 -6.607395e-003  2.329000e-002 -1.385412e+000 -8.710521e-002  1.398633e+000  5.831217e-002  4.129276e-001 -4.854244e-003  1.279907e+000  5.435268e-001 -7.327368e-001  8.577819e-001
 5.136647e+000  1.004230e+000 -4.059464e+000 -1.075356e+001 -4.130140e+000  3.858107e+000 -5.158361e+000 -6.001973e+000 -4.017430e+000 -4.997597e+000 -2.484674e-001 -3.741285e+000  4.757034e+001  7.539339e+000 -9.842052e-002 -1.707623e-001 -8.467281e+000 -1.586518e+000  3.801230e+000 -9.739745e-001 -1.182110e+000 -6.140578e-001  2.256496e+000  1.197616e+000 -1.920847e+000  4.263803e+000 -1.284002e+000 -7.054953e-001  1.174390e-001  7.864952e-002  6.152419e-001  4.948415e-001  2.940609e-001  6.496902e-001  1.160949e-002  1.037587e+000  2.593852e-001 -7.276157e-001  1.471405e-001
 1.052856e+001 -7.383796e+000 -3.186158e+000 -2.564924e+001 -5.818559e+000  1.047744e+001 -1.221397e+001 -6.395092e-001 -4.153656e+000 -2.074339e+000  8.680399e+000 -4.043648e+000  5.621687e+001  4.982554e+000 -1.447929e+000 -4.615738e-001 -7.636854e+000 -2.732753e-001  4.254497e+000 -4.256181e-001 -5.020537e-001 -6.374667e-001  2.179094e+000  1.738001e+000 -2.686445e+000  3.981385e+000 -2.481167e+000 -5.510324e-001  6.723636e-002  2.086498e+000  7.520821e-001 -5.501332e-001  9.437173e-001  3.897750e-001  7.175785e-002  1.218927e-001 -6.528339e-001 -2.631123e-001 -7.502655e-001
 9.875881e+000 -7.972496e+000 -3.290533e+000 -2.961276e+001 -7.151859e+000  1.396902e+001 -5.601061e+000 -6.534073e+000 -3.084369e+000  8.523636e+000  3.693766e+000 -1.203504e+001  5.653825e+001  2.867885e-001 -2.520138e+000 -4.150343e-002 -3.791794e+000  9.799136e-001  2.085988e+000  9.901882e-001  7.537491e-001 -5.575131e-001  1.894899e+000  1.039073e-001 -2.611862e+000  2.362163e+000 -2.191256e+000 -3.494468e-001  5.482147e-002  3.060774e+000  4.873493e-001 -1.258707e+000  7.910836e-001  2.106847e-001  1.702039e-001 -9.186373e-001 -1.009181e+000  5.697410e-001 -9.632146e-001
 9.551964e+000 -1.030785e+001 -4.218771e+000 -3.123083e+001 -1.444124e+000  1.444166e+001 -4.618005e+000 -3.392168e+000 -4.957592e+000  2.348238e+000  4.631775e+000 -1.260880e+001  5.719524e+001 -8.578485e-001 -1.263196e+000 -3.700815e-001  9.231890e-001  8.806384e-001  1.764615e-001  2.486603e+000 -1.375481e-001 -6.187704e-001  1.530429e-001 -1.842306e+000 -1.725600e+000  8.986443e-001 -1.134174e+000 -8.906255e-002  2.079660e-001  2.679799e+000 -1.303576e-001 -1.183278e+000  3.113436e-001 -2.859827e-001  5.149799e-001 -7.700673e-001 -1.090583e+000  9.928948e-001 -7.288704e-001
 7.058888e+000 -1.013443e+001 -3.750675e+000 -2.692174e+001 -1.417790e+000  1.230593e+001 -4.005405e+000 -8.568980e-001 -6.403027e+000  2.265610e+000  2.295381e+000 -1.251802e+001  5.889197e+001 -4.967398e-001 -1.938021e+000  5.759888e-002  2.556566e+000  2.732714e-001 -4.532879e-001  1.525333e+000 -3.109394e-001  2.276135e-001 -1.323665e+000 -2.058138e+000  4.474352e-001  9.891003e-001 -1.645057e-002 -2.557039e-003  1.696236e-001  1.290329e+000 -3.808214e-001 -4.865154e-001 -4.360009e-001 -5.027391e-001  8.447737e-001 -5.435680e-001 -3.957400e-001  8.127055e-001 -2.743015e-001
 7.647816e+000 -1.261881e+001 -4.806494e+000 -2.237881e+001 -4.282402e+000  1.219129e+001 -5.787899e-001 -4.165837e+000 -5.588179e+000  1.819888e+000  1.680613e-001 -1.243016e+001  5.953323e+001 -2.965526e-001 -2.184300e+000  5.287048e-001  2.587963e+000 -5.717424e-001 -3.922549e-001  8.635273e-001 -1.399623e+000  1.544869e+000 -6.195986e-002 -2.633891e+000  7.483799e-001  1.023564e+000  1.378874e-001 -6.301486e-002  2.071994e-001 -6.906877e-002 -1.178769e-001 -1.018453e-001 -9.704432e-001  9.002358e-004  7.797873e-001 -1.372622e-001  3.722767e-001  2.314244e-001  5.811614e-003
 8.344256e+000 -1.650712e+001 -2.708677e+000 -2.125594e+001 -4.366364e+000  1.282776e+001  5.998525e-003 -7.701936e+000 -1.631008e+000  2.169486e+000 -4.365066e+000 -9.887181e+000  6.031476e+001 -7.611237e-002 -2.072371e+000  3.572213e-001  1.827463e+000 -1.980032e-001 -6.223106e-002 -3.782788e-001 -1.128909e+000  2.584535e+000 -7.154391e-001 -1.479000e+000  2.146750e-001  9.281956e-001  5.143226e-002  2.500341e-001  5.515883e-002 -5.142369e-001  1.949842e-001 -2.067562e-001 -7.357730e-001  3.745884e-001  3.830877e-001 -7.151471e-002  7.469117e-001 -3.283146e-001 -7.642063e-002
 7.426517e+000 -1.804301e+001 -2.096246e+000 -2.112391e+001 -2.828549e+000  1.221947e+001 -2.306070e+000 -6.967763e+000  3.807454e-001  2.086501e+000 -5.207456e+000 -1.018232e+001  6.160166e+001 -3.787251e-001 -1.511096e+000  5.161043e-001  9.423968e-001  5.268911e-001 -5.282933e-001 -1.413807e+000  2.759379e-001  2.101705e+000 -8.373809e-001 -2.704910e-001 -4.520985e-001  9.581547e-001  3.997322e-002  3.417706e-001  2.676664e-002 -3.902201e-001  2.663532e-001 -5.038609e-001 -2.769907e-001  6.173816e-001  1.256689e-002 -2.674089e-001  7.372887e-001 -4.057080e-001 -1.605807e-001
 6.788976e+000 -1.778419e+001 -3.319692e+000 -1.841187e+001 -3.134732e+000  1.198069e+001 -5.033159e+000 -5.100479e+000  3.535188e+000 -1.444892e+000 -2.411862e+000 -1.256857e+001  6.249873e+001 -1.984922e-001 -1.024453e+000  3.396933e-001  8.081642e-001  6.988757e-001 -1.419050e+000 -1.014864e+000  7.242223e-001  1.864634e+000 -1.293528e+000  4.947208e-001 -5.938986e-001  6.397018e-001  9.979286e-004  3.317009e-001  1.218418e-001 -1.056375e-001  2.520502e-002 -7.080430e-001  1.930990e-001  5.443883e-001 -1.159386e-001 -8.878569e-002  1.487467e-001 -2.161397e-001 -1.910107e-001
 6.531830e+000 -1.953575e+001 -1.920465e+000 -1.908886e+001 -2.263762e+000  9.973365e+000 -5.128248e+000 -4.086876e+000  2.337248e+000 -5.598275e-001 -2.160995e+000 -1.334996e+001  6.323202e+001 -3.549657e-002 -9.994062e-001  6.713020e-001  1.146511e+000  3.115845e-001 -2.233150e+000 -2.031333e-001  7.607194e-001  1.967654e+000 -1.109960e+000  6.569187e-002 -8.758734e-001  3.649074e-001  1.521678e-002  2.954835e-001  2.295031e-001  9.064831e-002 -3.096670e-001 -5.715483e-001  3.249132e-001  5.033640e-001 -5.879742e-002  1.812154e-002 -3.557471e-001 -3.417803e-002 -2.087193e-001
 7.799139e+000 -2.088301e+001 -1.098101e+000 -1.823265e+001 -1.154379e+000  6.855571e+000 -3.657235e+000 -5.521268e+000  6.713912e+000 -2.974991e+000 -3.414691e+000 -1.127285e+001  6.269809e+001 -2.427370e-001 -6.697111e-001  8.888313e-001  1.197218e+000  3.567515e-002 -2.750018e+000 -1.812086e-002  1.350642e+000  2.071868e+000 -1.023078e+000 -9.033584e-001 -6.541359e-001  2.697659e-001 -8.901171e-002  3.549211e-001  2.787351e-001  7.584591e-002 -4.803058e-001 -3.317693e-001  1.527244e-001  6.432145e-001 -4.407368e-001  3.395861e-001 -4.732057e-001  1.039812e-001 -1.273827e-001
 6.743952e+000 -2.149063e+001  1.494687e-001 -1.548097e+001 -2.260803e+000  3.616282e+000 -4.009699e+000 -2.953772e+000  8.629656e+000 -2.698250e+000 -4.377582e+000 -1.520954e+001  6.332652e+001 -2.805189e-001 -2.110493e-001  1.389051e+000  1.201112e+000 -6.898436e-001 -2.720551e+000 -2.876132e-001  2.479548e+000  1.704101e+000 -8.819982e-001 -1.350187e+000 -5.928699e-001  9.952621e-002 -1.265552e-001  5.285631e-001 -9.821117e-004  2.502944e-001 -6.381237e-001 -5.460121e-002 -3.207247e-002  4.023415e-001 -7.364193e-001  6.047718e-001 -6.130043e-002  3.581965e-001 -9.660770e-002
 5.469230e+000 -2.015531e+001  8.949736e-002 -1.422973e+001 -2.957836e+000  1.409141e+000 -5.683038e+000  1.086178e+000  1.074832e+001 -5.491070e+000 -5.820361e+000 -1.490946e+001  6.380031e+001 -5.210396e-001  3.559740e-001  1.374495e+000  1.160094e+000 -1.201939e+000 -2.834196e+000 -2.090025e-001  3.080881e+000 -2.072732e-001  2.904213e-001 -1.163368e+000 -2.154942e-001  1.354790e-001 -1.498965e-002  4.391748e-001  4.416292e-002  3.032864e-001 -5.734615e-001  1.627181e-001 -3.653713e-001 -9.972872e-002 -7.635722e-001  8.511288e-001  5.931034e-001  4.242797e-001 -1.666114e-001
 6.294190e+000 -2.095485e+001  4.430989e+000 -1.508476e+001 -4.811252e+000 -9.061739e-001 -5.553412e+000  5.007141e+000  8.840549e+000 -3.711779e+000 -7.709094e+000 -1.449601e+001  6.317854e+001 -5.291212e-001  1.130567e+000  4.235598e-001  2.416545e+000 -2.260227e+000 -2.464067e+000 -2.680549e-001  1.907308e+000 -5.748714e-001  1.257149e+000 -1.108052e-001  6.957882e-001 -5.098762e-002  4.534798e-002  3.579536e-001  1.730051e-001  1.802291e-001 -1.220825e-001  3.128163e-001 -6.808892e-001 -6.470698e-001 -4.106400e-001  7.015671e-001  9.700926e-001  4.338121e-001 -2.895429e-001
 5.418821e+000 -1.937103e+001  3.633611e+000 -1.263028e+001 -5.888850e+000 -5.054179e+000 -3.930390e+000  5.902679e+000  5.572099e+000 -1.016120e+000 -7.565778e+000 -1.270709e+001  6.344947e+001 -1.933841e-001  8.553547e-001  1.592391e+000  2.105933e+000 -2.046441e+000 -2.064669e+000 -1.854756e+000  1.138118e+000 -6.065071e-001  2.162992e+000  1.442468e+000  8.229338e-001 -4.880341e-001  1.970135e-002  4.892127e-001  2.575404e-001 -6.989551e-002  4.441717e-001  6.496000e-001 -6.051604e-001 -1.004861e+000  2.092010e-003  2.215383e-001  9.277762e-001  3.657409e-001 -5.710873e-001
 4.123550e+000 -1.622993e+001  4.952111e-001 -4.197969e+000 -1.209643e+001 -5.472395e+000 -6.226297e+000  4.174516e+000  8.343410e+000  1.350020e+000 -4.058899e+000 -1.283178e+001  6.324700e+001 -2.176067e-001  1.329028e+000  2.145128e+000  1.629338e+000 -8.780052e-001 -1.541232e+000 -2.869182e+000  2.155803e-001 -1.494819e-001  1.689552e+000  2.197358e+000  1.056977e+000 -1.036432e+000 -4.072776e-001  9.896145e-001  9.412159e-002 -2.973826e-001  9.976290e-001  8.470293e-001  4.820186e-001 -9.998294e-001 -9.500338e-002 -2.038114e-001  3.694605e-001  4.449600e-001 -9.106928e-001
 5.587629e+000 -1.824099e+001  1.001934e+001 -9.143465e+000 -9.547451e+000 -6.631094e+000 -1.462038e+001  7.193082e+000  7.964356e+000  2.792993e+000 -4.331181e-001 -1.162690e+001  6.132591e+001 -5.782901e-001  2.702807e+000  1.801412e+000  1.204220e+000  3.278085e-001 -4.761295e-002 -1.934241e+000 -1.097561e+000 -4.095079e-001  1.181911e+000  2.321431e+000  1.432616e+000 -2.227235e+000 -1.221053e+000  1.343233e+000 -7.158960e-001  5.153649e-001  1.225583e+000  1.184244e+000  1.956930e+000 -5.846209e-001 -3.241653e-001 -5.859149e-001 -3.862164e-001  2.933457e-001 -1.120554e+000
 5.121753e+000 -1.487473e+001  1.196376e+001 -8.681483e+000 -7.371977e+000 -7.823878e+000 -1.455433e+001  5.439841e+000  6.897011e+000  2.831423e+000 -2.886347e-001 -9.751219e+000  5.905816e+001 -2.373056e+000  5.154913e+000  7.896572e-001  1.380489e+000  1.540794e+000  7.625507e-001  2.181781e+000 -1.974000e+000 -1.148388e+000  7.286325e-001  1.297016e+000  2.615747e+000 -3.734851e+000 -1.686548e+000  6.599610e-001 -1.366474e+000  5.800344e-001  8.766119e-001  1.110088e+000  2.302007e+000  1.344668e-001 -2.469134e-001 -6.092571e-001 -7.392502e-001  2.577116e-001 -9.099717e-001
 2.028270e+000 -6.534598e+000  6.906398e+000 -4.367426e+000 -6.612034e+000 -4.116502e+000 -9.437578e+000 -2.177902e-001  4.247759e+000  4.152737e+000  2.156245e+000 -7.084294e+000  5.440771e+001 -5.220926e+000  5.658576e+000 -1.309353e+000  4.807182e+000  2.872076e+000  2.704660e+000  5.404414e+000 -6.901961e-001 -1.727880e+000 -2.861223e-001 -3.844284e-002  1.510277e+000 -4.741595e+000 -1.284950e+000 -5.302126e-001 -1.249687e+000  1.771217e-001  1.457346e-001  5.370796e-001  1.237255e+000  4.884795e-001 -1.157173e-001 -6.296567e-001 -7.992291e-001  4.529624e-002 -3.676774e-002
-5.962049e+000  3.691437e+000  5.999970e+000  3.164539e-001 -5.860169e+000 -2.916938e+000  2.091206e+000 -1.990046e+000  4.459769e+000  4.313310e+000  1.131499e+000 -2.024348e+000  4.803184e+001 -6.329031e+000  3.150949e+000 -3.131861e+000  2.728029e+000  2.232920e+000  2.633072e+000  4.971527e+000  6.842317e-001 -7.248625e-001 -6.227172e-001 -3.189565e-001  2.306705e+000 -4.329110e+000  1.286979e-001 -1.398539e+000 -6.727109e-001 -5.589684e-001 -6.289256e-001 -2.370580e-001 -7.387261e-001  6.271759e-002 -7.907063e-002 -5.442382e-001 -3.338323e-001 -2.931049e-001  7.877689e-001
-1.497510e+001  7.688069e-001  6.454474e+000  1.039347e+001  4.057026e+000  4.438737e+000  4.078926e+000  7.457045e+000  5.435742e-001  6.214375e-001 -1.335399e+000 -7.938950e+000  4.313109e+001 -5.025054e+000  1.053726e+000 -2.486264e+000  1.416058e+000  7.104181e-001  1.702525e+000  2.857159e+000  1.572039e-002 -1.199857e+000 -1.290697e+000 -8.667285e-001  1.813618e+000 -2.113944e+000  1.404513e+000 -9.187148e-001  1.890592e-001 -1.172435e+000 -1.017416e+000 -1.085207e+000 -1.751894e+000 -5.817982e-001  8.849477e-003  5.480319e-002  1.930134e-001 -8.581929e-002  7.451810e-001
