22 39
-7.078433e+000  5.016543e+000 -6.087155e+000 -9.799545e+000 -1.399859e+001 -9.834504e+000  1.739055e-002  8.585299e+000  1.391717e+001  1.241249e+001  6.561285e+000 -1.678109e+000  3.572852e+001  8.951862e-001  1.140461e-002 -2.486705e+000 -1.540194e+000  4.275122e+000  5.175666e+000 -5.225800e-001 -3.888258e+000  1.514524e+000  2.065042e+000 -2.750979e+000 -4.348673e+000  1.889875e+000  1.106228e+000 -1.389004e+000  2.518585e+000 -8.036443e-001  3.373391e-001  8.716732e-001 -1.456769e+000 -1.309185e+000 -3.084746e+000 -9.523907e-001  6.232581e-002 -8.447421e-001  2.656708e+000
 9.341189e-001 -4.600427e+000 -3.678059e+000 -1.296123e+001 -8.501938e-001 -5.584076e+000 -8.621267e+000 -2.236039e+000  5.747633e+000  1.234242e+001 -6.481018e+000 -1.206974e+001  4.787326e+001  2.350040e+000 -2.326552e+000 -3.672927e-001 -1.509596e+000  4.286203e+000  5.973185e+000 -2.004781e+000 -4.643620e+000 -3.619131e+000 -2.645651e-001 -1.890410e+000 -6.300807e+000  5.548712e+000  5.178338e-001 -8.814106e-001  1.869210e+000 -6.604993e-001 -7.714591e-001 -3.570216e-001 -3.466372e-001  2.736087e-001 -1.820519e+000 -1.255116e+000  1.231272e+000  1.098402e+000  1.128806e+000
 2.894044e+000 -5.065126e+000 -3.629061e+000 -1.596379e+001 -2.046410e+000 -8.895534e-001 -1.475377e+001 -2.589158e+000  6.099012e+000  8.272155e+000 -6.170144e-001 -1.206982e+001  5.423581e+001  2.618830e+000 -3.220753e+000  1.742280e+000 -2.206607e+000  2.461141e+000  3.445844e+000 -1.162151e+000 -3.266719e+000 -3.595133e+000 -7.161165e-001  4.445524e-001 -2.343767e+000  5.004490e+000 -9.160280e-003 -1.869446e-001  1.323980e+000 -4.847996e-001 -1.191824e+000 -8.688262e-001  7.015200e-001  1.220044e+000 -4.666528e-001 -9.911284e-001  1.074116e+000  2.035110e+000 -5.171501e-001
 2.801352e+000 -4.812382e+000 -5.830793e+000 -1.374622e+001 -4.853804e+000  1.420308e+000 -8.699319e+000 -4.729351e+000  8.727376e-001  1.168260e+001  6.269614e+000 -1.677200e+001  5.569279e+001  1.247190e+000 -1.460550e+000  2.622088e+000 -3.041527e+000  1.156378e-001  2.794165e+000  1.247411e+000 -6.268256e-001 -1.729527e+000 -1.765014e+000  1.884093e+000  1.182962e+000  2.212548e+000 -3.085000e-001  4.730239e-001  5.511078e-001 -4.453769e-001 -9.989080e-001 -9.544128e-001  7.532312e-001  1.479095e+000  5.331762e-001 -4.967398e-001  4.163261e-001  2.297630e+000 -1.350130e+000
 5.082102e+000 -1.098125e+001  3.700613e+000 -2.044009e+001  3.089195e-001  3.892523e+000 -5.754340e+000 -6.501638e+000 -1.621049e+000  9.161817e+000  2.408731e+000 -1.104581e+001  5.684121e+001  1.400810e+000 -1.356319e+000  2.638503e+000 -3.198227e+000  4.012862e-001  2.421045e+000  1.358924e+000  2.035630e-001 -1.763542e+000 -2.140376e+000  7.323485e-001  2.084993e+000  9.722065e-001 -3.287411e-001  7.268689e-001 -5.381706e-001  2.681105e-001 -6.473807e-001 -6.424173e-001  3.179101e-001  9.484549e-001  3.388618e-001  1.144195e-001 -2.487547e-001  9.499327e-001 -9.971263e-001
 6.076038e+000 -8.945118e+000  5.767544e+000 -2.593071e+001 -1.449670e+000  5.995713e+000 -6.883928e+000 -3.413927e+000  9.600306e-001  3.072513e+000  1.426573e+000 -6.666933e+000  5.763330e+001  1.416551e+000 -8.936493e-001  1.940135e+000 -3.240670e+000  3.215902e-001  1.713520e+000  5.008376e-001  1.016712e+000 -1.869045e+000 -2.036134e+000  4.732225e-002  2.972966e+000  8.142036e-001 -1.592559e-001  3.362853e-001 -1.029325e+000  1.031070e+000 -3.955580e-001 -6.842213e-001  1.006891e-001 -2.164042e-002  1.007701e-002  9.028232e-001 -5.568797e-001 -8.813169e-002 -3.480096e-001
 8.260753e+000 -9.780355e+000  3.764286e+000 -2.586267e+001 -1.742047e+000  8.927967e+000 -8.866846e+000 -2.229054e+000 -2.762345e+000  1.875319e+000  5.466249e+000 -6.697391e+000  5.812659e+001  8.904442e-001  1.301404e-001 -6.075965e-001 -7.664829e-001 -8.787389e-001  7.740795e-001  8.006860e-001  6.537871e-001 -1.831065e+000 -8.458948e-003  1.191641e-001  1.510895e+000  7.180306e-001 -3.178003e-001  2.146052e-001 -8.505654e-001  1.198782e+000 -5.008208e-001 -6.549523e-001  3.010633e-001 -5.337595e-001  3.490036e-001  1.060544e+000 -4.029997e-001 -4.379013e-001 -8.359488e-002
 8.294780e+000 -9.881074e+000  3.838044e+000 -2.723828e+001 -2.220370e+000  7.470188e+000 -4.638878e+000 -1.782081e+000 -7.901841e+000  5.145179e+000  4.977467e+000 -4.081378e+000  5.912112e+001  7.060933e-001 -5.223538e-001 -9.014849e-001  8.979505e-001 -1.222139e+000  1.965413e-001  2.029976e+000 -9.601397e-001 -1.645380e+000  1.683143e+000 -5.937136e-001  1.029352e+000  5.995880e-001 -3.296403e-001 -8.065889e-003 -2.981324e-001  9.298964e-001 -4.856639e-001 -2.928419e-001  2.556542e-001 -7.669250e-001  7.495027e-001  5.871842e-001 -2.388104e-001 -4.598500e-001 -5.838902e-002
 8.424953e+000 -9.862567e+000  1.627380e+000 -2.361872e+001 -3.699425e+000  7.025683e+000 -2.873435e+000 -4.048626e+000 -6.345438e+000  8.083189e+000  1.229104e+000 -4.784115e+000  5.968745e+001  1.670375e-001 -4.689412e-001 -1.935139e-001  7.263735e-001 -1.330953e+000 -9.522744e-002  2.099672e+000 -1.476809e+000 -1.303567e-001  1.302705e+000 -9.621323e-001  8.672929e-001  6.615399e-001 -1.722919e-001 -1.542286e-001  3.165421e-001  1.456469e-001 -2.249002e-001  7.557888e-002 -1.826584e-001 -4.096608e-001  7.424611e-001 -1.591205e-001 -1.341622e-002 -1.179401e-001 -9.394856e-002
 9.524405e+000 -1.151578e+001  2.328572e+000 -2.256293e+001 -6.581678e+000  7.929561e+000  2.692444e-001 -7.304840e+000 -5.475324e+000  8.384295e+000  5.765773e-001 -2.476809e+000  5.985081e+001  1.300526e-001 -6.344379e-001  2.424313e-001  6.623834e-001 -1.880622e+000  6.839644e-001  1.129616e+000 -1.752615e+000  1.028114e+000  2.442048e-001 -6.060814e-001  9.955170e-001  5.505039e-001 -5.500913e-002  1.092936e-001  2.186438e-001 -3.083853e-001  1.073693e-002  2.277815e-001 -6.156317e-001  1.710331e-001  3.949903e-001 -4.624836e-001  2.391777e-001 -7.042331e-002 -1.702026e-001
 8.481128e+000 -1.130771e+001  3.551452e+000 -2.456848e+001 -6.216156e+000  8.222143e+000 -8.225489e-001 -6.851719e+000 -4.627387e+000  6.769287e+000  2.856032e+000 -3.163211e+000  6.106944e+001  3.170052e-001 -5.849605e-001  4.031559e-001  7.953491e-002 -1.673998e+000  9.082623e-001  3.375741e-001 -9.982792e-001  5.444937e-001 -8.459201e-002  5.826687e-002  9.381122e-001  2.728298e-001  7.576419e-002  2.641062e-001 -5.391808e-002 -3.734229e-001  3.266087e-001  1.169563e-001 -6.272934e-001  4.788761e-001 -2.431687e-001 -1.481273e-001  2.238997e-001 -4.552559e-002 -2.738435e-001
 8.916955e+000 -1.233069e+001  4.088164e+000 -2.345148e+001 -1.036512e+001  1.029178e+001 -1.624124e-002 -9.143608e+000 -3.620295e+000  7.023154e+000  1.133596e+000  8.575463e-002  6.118264e+001  3.560638e-001  8.212404e-002 -1.066010e-001 -3.205566e-001 -9.969320e-001  8.337037e-001 -1.671342e-001 -3.442389e-001 -7.853699e-003  6.437383e-002  9.197557e-002  6.418262e-001 -5.706978e-002  2.850868e-002  4.322884e-001 -1.524725e-001 -4.411560e-001  6.709462e-001 -1.868799e-001 -4.194428e-001  5.974109e-001 -5.988107e-001  1.491882e-001  1.192055e-001 -2.005986e-002 -2.751399e-001
 1.031370e+001 -1.237991e+001  2.763363e+000 -2.277677e+001 -1.017770e+001  1.038589e+001 -1.042822e+000 -8.120638e+000 -4.550483e+000  8.340799e+000  1.241930e+000 -1.374836e+000  6.038568e+001  4.328528e-001  4.933090e-001 -2.885882e-001 -6.492710e-001 -1.397543e-001  4.146846e-001 -3.884204e-001  2.133841e-001 -8.282161e-001  6.519838e-001 -1.916624e-001  8.165104e-001 -4.038910e-001 -7.043108e-002  5.117508e-001 -1.878646e-001 -2.478388e-001  5.859447e-001 -2.738958e-001 -1.635761e-001  2.580447e-001 -3.552017e-001 -1.894432e-003  2.140064e-001  5.494916e-003 -2.118977e-001
 1.038844e+001 -1.056906e+001  2.189611e+000 -2.506157e+001 -9.585567e+000  1.101621e+001 -4.562902e-001 -8.391575e+000 -5.553044e+000  7.920407e+000  1.843506e+000 -1.618658e-001  5.990734e+001  2.146722e-001  9.878696e-001 -1.740591e-001 -1.178994e+000  7.069867e-001 -3.646088e-003 -6.046010e-001  6.286081e-001 -1.279584e+000  6.218580e-001  1.149108e-001  9.560186e-001 -4.868351e-001 -1.204424e-001  4.183660e-001 -1.340722e-001  4.909145e-002  3.418535e-001 -1.198707e-001 -2.364294e-001  3.626104e-002  3.967682e-002 -3.914439e-001  5.293432e-001 -3.111117e-002 -1.318150e-001
 9.909652e+000 -9.721980e+000  3.057787e+000 -2.700979e+001 -7.304701e+000  9.933352e+000 -2.544626e+000 -6.160815e+000 -7.802093e+000  9.580579e+000  1.542764e+000  1.043152e+000  5.968764e+001  3.554564e-002  1.520921e+000 -5.024382e-001 -7.304405e-001  4.037658e-001 -4.254160e-002 -2.615731e-001 -1.944792e-001 -5.956495e-001 -3.728063e-001  1.116831e+000  8.084906e-001 -5.717758e-001 -1.364644e-001  2.975009e-001 -7.403404e-002  2.715883e-001  2.056699e-001  3.123235e-001 -6.425310e-001 -2.424535e-001  5.273270e-001 -7.269667e-001  6.701814e-001 -1.226697e-001 -7.541119e-002
 1.019234e+001 -8.720312e+000  3.070657e+000 -2.722994e+001 -8.266681e+000  1.049982e+001 -2.288344e+000 -6.980479e+000 -8.392410e+000  9.512554e+000  1.557732e+000  3.656854e+000  5.909749e+001 -4.749451e-002  1.660148e+000 -6.700371e-001 -3.451462e-002  4.405755e-001  4.629631e-001 -1.412705e+000  4.099789e-002  7.424712e-002 -1.380451e+000  2.084445e+000  4.902802e-001 -6.322021e-001 -1.502869e-001  1.458260e-001  9.516697e-002  4.639714e-001  2.072597e-001  6.024519e-001 -1.018188e+000 -4.597318e-001  7.181979e-001 -4.390762e-001  3.452195e-001 -8.866288e-002 -5.921196e-002
 1.058948e+001 -5.699681e+000 -1.893509e-001 -2.534479e+001 -8.818312e+000  1.043137e+001 -1.434660e+000 -9.798582e+000 -6.109047e+000  5.680695e+000  6.968973e+000  7.582572e-001  5.793173e+001 -1.183859e-001  1.644674e+000 -4.107694e-001  1.364309e-001  1.021801e+000  1.742998e+000 -3.197024e+000 -7.050782e-001  1.131503e+000 -1.981695e+000  2.174477e+000  4.360309e-001 -7.082634e-001 -3.150250e-001 -6.298006e-002  5.541495e-001  6.476253e-001  4.698755e-001  2.346962e-001 -1.121530e+000 -8.585484e-002  1.714140e-001  6.449514e-001 -4.745219e-001 -6.034815e-003 -2.607586e-002
 9.811049e+000 -4.279468e+000  4.629951e-001 -2.606664e+001 -6.625885e+000  1.308201e+001 -8.074797e+000 -6.367702e+000 -6.028331e+000  2.968095e+000  9.552628e+000  2.431983e+000  5.762428e+001 -4.597963e-001  1.655123e+000  2.559413e-001  7.074278e-001  1.434268e+000  2.115844e+000 -4.227814e+000 -1.414752e+000  1.447829e+000 -7.690788e-001  1.312185e+000  6.989340e-001 -7.146511e-001 -4.935719e-001 -5.361300e-002  7.342802e-001  9.885188e-001  7.379302e-001 -6.904399e-001 -1.445548e-001  1.791971e-001 -8.122120e-002  1.399844e+000 -1.180107e+000 -6.305464e-002 -1.535114e-001
 9.508368e+000 -3.719031e+000  2.307771e+000 -2.690928e+001 -3.016095e+000  1.735724e+001 -1.563652e+001 -9.992595e+000 -3.326616e+000  2.944333e+000  8.417704e+000  3.835742e+000  5.688292e+001 -1.333428e+000  1.208533e+000  1.805320e+000  2.136715e+000  2.256297e+000  3.044991e-001 -4.461668e+000  1.041213e-001 -4.253704e-001  2.546265e+000 -8.696481e-001  6.739896e-001 -6.609306e-001 -9.835640e-001 -1.396675e-002  6.135657e-001  1.366232e+000  6.691919e-001 -1.634616e+000  1.497406e+000  1.085787e+000  1.223136e-001  8.308915e-001 -1.452104e+000 -3.586276e-001 -1.702054e-001
 8.433915e+000 -1.435022e+000  3.101802e+000 -2.291056e+001 -3.996452e+000  1.761610e+001 -1.632648e+001 -1.395723e+001 -2.544481e+000  7.035341e+000  7.394293e+000  5.612782e+000  5.604864e+001 -1.907833e+000  1.610153e+000  1.893319e+000  3.907937e+000  3.512978e+000 -2.269987e+000 -1.503157e+000  5.323836e-001  4.465779e-001  3.354789e+000 -2.294029e+000  5.602763e-002 -1.423426e+000 -1.703446e+000 -2.161710e-002  2.873833e-001  1.178973e+000  2.309665e-001 -1.966794e+000  2.804930e+000  1.686225e+000  6.789126e-001 -4.129936e-001 -9.876446e-001 -6.163779e-001  1.473572e-002
 4.610904e+000 -1.079238e+000  7.517846e+000 -1.623926e+001  1.148457e+000  9.686825e+000 -1.961716e+001 -5.483211e+000 -9.977824e+000  1.637840e+001  3.699900e+000  2.537806e+000  5.541490e+001 -4.312188e+000  1.597325e+000  1.838370e+000  5.367334e+000  3.328405e+000 -4.237169e+000  2.927679e+000  3.750288e+000  2.243697e+000  1.108287e-001 -3.282936e+000 -1.035654e+000 -1.204903e+000 -2.123546e+000 -3.443969e-002 -4.885627e-001  1.378781e-001 -2.990265e-001 -1.156684e+000  3.051609e+000  1.339488e+000  9.924290e-001 -1.741102e+000 -1.472632e-001 -5.308305e-001  2.740405e-001
 2.720618e+000  2.451402e+000  7.324553e+000 -1.186197e+001  8.856730e+000  5.567286e+000 -1.360026e+001 -5.960476e+000 -4.698371e-001  1.302501e+001  4.413824e-001  3.361089e+000  5.124117e+001 -7.487644e+000  1.352641e+000  1.676333e+000  4.986983e+000  2.053046e+000 -5.447290e+000  6.102162e+000  5.193288e+000  3.507858e+000 -1.616329e+000 -2.419394e+000 -1.528134e+000 -3.689861e-001 -1.825883e+000 -2.185553e-001 -9.872333e-001 -9.759412e-001 -7.820963e-001 -1.441114e-001  1.511867e+000  7.048920e-001 -7.172946e-002 -1.437085e+000  5.237666e-001  4.504014e-002  4.980699e-001
