38 39
 2.124578e+000 -1.852064e+000  5.596654e+000  9.952748e+000 -3.904155e-001 -7.522821e+000 -1.709331e+001 -1.413365e+001 -1.202694e+001 -5.098195e+000 -4.962309e-001 -1.292710e+000  4.530905e+001 -4.554291e+000 -4.447093e+000  1.427269e+000  3.323494e+000  1.203591e+000  2.702020e-001  2.403816e+000  3.673326e+000  4.127183e+000  2.547916e+000 -2.856846e-001  4.721151e-001  6.418091e-001 -3.432079e-001  3.251829e-001 -3.730059e-001 -1.304535e+000 -4.340997e-001  1.316820e+000  9.554534e-001  5.036265e-001  6.569664e-001  5.901020e-001  5.073974e-001  5.943425e-003 -2.886210e-001
-5.630646e+000 -9.139917e+000  6.399442e+000  4.903180e+000  1.736881e+000 -1.980503e+000 -1.451133e+001 -1.319963e+001 -5.105241e+000  3.960906e+000 -5.560314e+000 -3.699452e+000  4.818798e+001 -4.015194e+000 -2.752021e+000  8.553392e-002  6.382810e-001  3.105111e-001  2.099537e+000  4.051095e+000  4.512187e+000  4.208861e+000  2.823369e+000  5.847270e-001  1.290585e+000 -4.453240e-002  6.912255e-001  1.674621e+000 -7.386627e-001 -1.458250e+000 -8.409641e-001  3.785599e-001  4.611750e-001  2.407978e-001 -5.033483e-001 -7.081959e-001  5.631547e-001  1.345198e-002 -9.078982e-001
-8.242599e+000 -7.823297e+000  3.179753e+000  2.439929e+000 -3.845905e+000  1.205654e+000 -5.890007e+000 -8.742370e+000 -3.643474e+000  5.676564e+000  4.170148e+000  1.061959e+000  4.624433e+001 -2.511976e+000  1.188324e+000 -6.330783e-001 -9.248654e-001 -1.321678e+000  1.943760e+000  5.063514e+000  4.115105e+000  2.144247e+000  1.167055e+000  7.405145e-001  7.641881e-002 -1.728426e+000  9.681744e-001  1.654851e+000 -5.811222e-001 -1.103817e+000 -4.770248e-001 -5.643994e-001 -7.237947e-001 -4.304314e-001 -1.121272e+000 -1.506408e+000  2.716412e-002 -2.386712e-001 -9.514073e-001
-8.086747e+000 -3.182301e+000  1.532944e+000  4.451463e+000 -3.889552e+000 -9.334598e-001  2.897876e-001 -5.813435e-001 -2.991565e+000  4.182299e+000  4.322882e+000  4.978109e-001  4.298191e+001 -8.575870e-001  2.355613e+000 -1.043875e+000 -5.657947e-001 -1.244714e+000 -6.747306e-001  2.392646e+000  3.720321e+000  9.932857e-001 -1.872059e+000  5.980791e-001  3.354678e-001 -2.963626e+000  5.014149e-001  5.199674e-001 -1.028280e-001 -5.615152e-001  5.052419e-002 -7.880173e-001 -1.592217e+000 -9.977679e-001 -8.764541e-001 -1.081443e+000 -1.642927e-001 -2.782864e-001 -4.343785e-001
-9.207253e+000  1.110748e+000  4.864511e+000  5.554280e+000 -4.185587e+000  1.672455e+000  8.237030e-001  1.327319e-001 -2.362540e+000  6.263813e-001 -1.735257e+000 -3.009247e+000  3.926996e+001 -1.292222e+000  1.273343e+000 -9.136370e-001 -1.593552e+000 -4.039209e-001 -1.164661e+000 -3.859328e-001  1.917102e+000  1.286086e-001 -2.636410e+000 -1.565400e-001 -2.436825e-001 -2.655680e+000 -4.622370e-002 -6.495826e-001  2.465228e-001 -2.789227e-002  4.861970e-001 -2.594852e-001 -1.252110e+000 -1.089791e+000 -4.703695e-001 -2.497739e-001 -3.207571e-001 -8.342273e-002  3.285268e-001
-9.436255e+000 -1.828873e+000  3.376890e-001  5.170313e-001 -4.316848e+000 -5.587556e+000 -5.904954e+000  9.644226e-001 -7.792798e-001 -2.874296e+000  3.827837e-001  1.348990e-002  3.685704e+001 -2.117996e+000 -1.946937e-001 -2.883269e-001 -1.834952e+000  1.042537e-001 -2.863389e-001 -1.185268e+000  6.223483e-001  8.344099e-001 -6.821133e-001  2.117906e-001  5.920339e-002 -1.752798e+000 -1.419866e-001 -1.025314e+000  4.654897e-001  3.867071e-001  4.530455e-001  5.585604e-001 -2.125104e-001 -1.134652e+000 -3.408497e-001  5.885907e-001 -4.996868e-001 -2.248572e-001  1.079181e+000
-1.402896e+001 -2.133295e+000 -7.908052e-001 -3.560615e+000 -5.651862e+000 -2.290601e+000 -4.722301e+000  7.025950e-002 -4.106574e+000 -3.977190e+000  5.357497e+000  8.570708e-002  3.602837e+001 -2.112890e+000 -7.844353e-001  2.217619e-001 -4.297482e-001  4.348238e-001  4.521378e-001  5.919184e-001  2.151388e-001 -1.281628e-001 -6.767875e-001 -6.701269e-001 -2.025626e-001 -6.912060e-001  4.051470e-001 -1.030747e+000  3.769021e-001  6.819991e-001  3.341726e-001  4.001825e-001  2.831692e-001 -9.227403e-001 -1.880530e-001  6.452488e-001 -4.860092e-001 -1.281670e-001  1.755685e+000
-1.626588e+001 -2.533748e+000  2.918968e+000 -1.658493e-001 -2.635146e+000 -3.836261e-001 -2.863550e+000  2.561634e+000  2.052501e+000  3.073518e+000  1.835458e+000 -7.536492e-001  3.583872e+001 -1.157186e+000 -1.742069e+000  7.158744e-001  7.858387e-001  6.011412e-001  1.309672e+000  8.411682e-001 -1.101960e+000 -5.825772e-001  9.108357e-002 -1.643561e+000 -8.093784e-001  1.450043e+000  8.703356e-001 -5.894988e-001 -6.040931e-002  2.417378e-001  1.047137e-002 -2.046020e-001 -1.419053e-001 -7.050355e-001 -2.337271e-001  3.522342e-001 -2.238597e-001 -1.070449e-001  1.707511e+000
-1.635689e+001 -2.458991e+000  4.682681e+000  3.746979e+000 -2.852319e+000  1.331179e+000  2.262593e+000  4.098199e-001 -4.419245e+000 -5.731463e+000 -5.812228e+000 -3.638491e+000  3.632309e+001  2.531075e-001 -3.106704e+000  4.687729e-001  5.060483e-001  1.018498e+000  3.824600e-002  1.669548e-002 -1.834445e+000 -1.031626e-001  2.032351e-001 -1.658910e+000 -4.502267e-001  4.521327e+000  9.147693e-001  2.094444e-002 -3.167685e-001 -2.343839e-001 -2.352559e-001 -5.886219e-001 -8.207355e-001 -3.465613e-001  2.516216e-001  6.932430e-001  4.433608e-001  1.848702e-001  9.615285e-001
-1.405822e+001 -1.037637e+001  1.180318e+000  7.924275e-001 -2.710913e+000 -8.500859e-001 -5.191560e+000 -4.715156e+000 -3.535830e+000 -1.541742e+000 -2.250161e+000 -2.171303e+000  4.395989e+001  1.050683e+000 -1.981053e+000 -7.138789e-001 -1.094161e+000 -1.352266e-001 -1.102403e+000 -1.607183e+000 -1.878037e+000 -3.467258e-001  6.390463e-001 -4.131162e-001 -3.521892e-001  4.178491e+000  7.209724e-001  9.689462e-001 -1.628198e-001 -1.501677e-001 -2.903695e-001 -3.305971e-001 -5.895632e-001  1.576177e-001  2.817300e-001  6.531854e-001  3.822890e-001  3.399677e-001 -5.254552e-001
-1.386725e+001 -1.374551e+001  2.422385e+000 -1.509512e+000 -5.214870e-001 -1.866141e+000 -3.474818e+000 -5.463570e+000 -1.828221e+000 -6.533850e-001 -8.942441e-001 -1.456600e+000  5.457441e+001  1.357022e+000 -5.602208e-001 -6.472041e-001 -6.616677e-001 -3.732720e-001 -1.284934e+000 -2.287583e+000 -1.129629e+000  1.012020e+000  2.515446e+000  9.314544e-001  4.931936e-001  2.752213e+000  1.038434e+000  1.641002e+000 -3.054855e-001 -3.980137e-001 -7.568435e-001  4.945730e-001 -1.617108e-002  3.183275e-001 -3.062807e-001  1.458486e-001 -7.669813e-003  2.002376e-001 -1.633363e+000
-1.225728e+001 -6.795757e+000  4.797214e-001 -3.008410e+000 -4.476695e+000 -4.296980e+000 -8.030759e+000 -3.891858e+000 -9.766396e-001  3.729710e+000 -2.689115e+000 -3.605541e+000  4.760551e+001  1.895719e+000  1.829421e+000  4.597640e-001  6.188581e-001 -1.548214e-001  3.182767e-001 -9.545082e-001 -6.662794e-001  2.684816e-001  2.200905e+000 -1.027299e+000  4.187497e-001 -2.926762e-001  1.423233e+000  1.010697e+000 -3.258226e-001 -1.076068e+000 -1.034004e+000  1.117810e+000  6.170072e-001  2.198022e-001 -7.149979e-001 -7.724687e-001 -3.445860e-001 -1.450823e-002 -9.260080e-001
-1.047225e+001 -7.050400e+000  1.796959e+000  2.339059e+000 -3.835788e+000 -3.370044e+000 -7.755725e+000 -5.649975e+000 -6.387426e-001  4.210043e+000 -9.354796e-001 -4.554037e-001  4.826134e+001  5.022759e+000  3.193070e+000 -1.645476e+000 -2.340530e+000 -2.755922e+000  1.800771e+000 -3.904972e-001 -8.486868e-001 -1.942170e+000  1.515490e-001 -1.390168e+000  1.654919e-001 -1.409906e+000  1.274288e+000  1.009412e-001 -4.044564e-001 -2.128613e+000 -1.385723e+000  1.201086e+000  6.089352e-001  2.755491e-001 -1.052849e+000 -1.320525e+000 -2.867780e-001 -3.066253e-001  1.552560e-001
-6.277124e+000 -4.576816e+000  3.791851e+000  1.962432e+000 -1.827869e+000  1.493249e+000 -7.823648e+000 -7.953351e+000 -2.788162e+000  7.031067e+000 -7.366037e+000 -5.781524e-001  4.565305e+001  6.333980e+000  1.195786e+000 -1.843856e+000 -5.635072e+000 -4.113924e+000  2.943795e+000  5.293100e-001 -9.194977e-001 -2.444621e+000 -2.041348e+000 -9.752353e-001 -2.608796e-001  1.629511e+000  2.927448e-001 -8.815132e-001 -2.264464e-001 -2.086072e+000 -1.180904e+000  6.289328e-001  1.884591e-001  4.360648e-001 -5.016525e-001 -1.103636e+000  4.343040e-001 -2.985753e-001  1.020921e+000
 8.256468e+000  1.110377e+000 -7.461059e+000 -1.569758e+001 -1.562551e+001  4.242600e+000 -5.530859e+000 -7.676258e+000 -1.063331e+001 -1.546319e+000 -5.506622e+000 -2.142834e+000  4.850111e+001  5.509330e+000  2.613027e-001 -1.517676e+000 -8.177765e+000 -5.322333e+000  3.407737e+000  1.518373e-002  3.747253e-001 -2.895675e+000 -1.966050e+000 -5.284673e-001 -7.001181e-001  2.567399e+000 -1.333603e+000 -1.207060e+000  6.559838e-001 -2.072996e-001  2.059733e-001 -2.974124e-002  2.638829e-002  5.303441e-001  4.331436e-001 -1.821851e-001  4.940386e-001 -5.990732e-002  7.379749e-001
 1.004825e+001 -4.897215e+000 -4.110551e+000 -2.216545e+001 -1.915145e+001  6.615675e+000 -6.496642e+000 -7.476205e+000 -8.202460e+000 -3.598851e+000 -5.279720e+000 -4.066224e+000  5.563318e+001  3.116158e+000 -1.112261e+000 -7.363678e-001 -6.892886e+000 -4.776136e+000  2.659458e+000 -2.150533e-001  9.023387e-001 -1.763028e+000 -2.258474e+000  7.133711e-001 -6.413215e-001  2.823273e+000 -1.863256e+000 -5.691357e-001  6.927922e-001  1.370939e+000  1.122777e+000 -5.573596e-001 -2.602584e-002  4.419630e-001  6.060219e-001  3.933511e-001  1.879493e-001  1.691190e-001 -3.774473e-001
 8.911712e+000 -5.583687e+000 -1.840220e+000 -2.648582e+001 -2.178566e+001  1.110743e+001 -8.343309e+000 -4.014921e+000 -1.240997e+001 -3.052481e-001 -4.620975e+000 -2.211959e+000  5.610827e+001 -3.634348e-002 -1.688208e+000  1.080699e+000 -2.748121e+000 -1.394949e+000  1.794234e+000  1.136259e-001  8.921154e-001 -1.172479e-001 -6.508136e-001  2.357222e-001  5.617633e-002  1.683087e+000 -1.413055e+000 -7.175790e-002  3.680105e-001  2.139695e+000  1.592226e+000 -8.563746e-001  2.671524e-001  1.097300e-001  7.049124e-001  3.525262e-001 -1.012833e-001  2.142892e-001 -7.570405e-001
 8.976042e+000 -6.791091e+000 -2.700408e+000 -2.710788e+001 -2.262847e+001  1.135813e+001 -7.492690e+000 -5.272325e+000 -1.071497e+001 -4.881838e+000 -4.242005e+000 -3.750198e+000  5.596584e+001 -2.094624e-001 -6.751370e-001  3.209172e-001 -1.495200e+000 -4.637297e-001  9.637489e-001  3.499597e-001  1.031622e+000 -8.037246e-001 -7.322110e-001 -4.175838e-001  2.065683e-001  1.844303e-001 -5.740737e-001  2.955589e-001 -5.727413e-002  1.638376e+000  1.160660e+000 -7.238217e-001  2.669648e-001 -1.809377e-003  1.520136e-001  4.335448e-001 -3.554344e-001  7.810235e-003 -7.147118e-001
 8.610857e+000 -6.383725e+000 -2.762635e+000 -2.696697e+001 -2.086175e+001  1.084254e+001 -4.464706e+000 -4.317621e+000 -9.963292e+000 -4.158893e+000 -4.846869e+000 -2.019965e+000  5.675022e+001  1.068654e-001 -3.160489e-001 -2.062661e-001 -1.781305e-001  4.825956e-001 -2.628145e-002  1.068439e+000  8.587334e-001  1.492351e-001 -9.665506e-001 -4.694064e-001 -5.261729e-002  1.016182e-001  1.227218e-001  2.827823e-001 -4.301519e-001  8.548471e-001  2.992200e-001 -5.032975e-001  1.074763e-001 -3.090217e-002 -3.842404e-001  3.925653e-001 -1.840410e-001 -2.879511e-001 -3.619531e-001
 9.151370e+000 -7.872881e+000 -2.044758e+000 -2.940088e+001 -2.193206e+001  1.156686e+001 -6.686145e+000 -2.166745e+000 -1.344442e+001 -5.333083e+000 -7.254692e+000 -3.129379e+000  5.623436e+001  1.741843e-001 -3.205464e-001 -3.792558e-001  1.400013e-002  8.839264e-002 -4.939289e-002  6.423638e-001  9.099829e-001 -1.136202e+000  6.711855e-002 -7.112367e-001 -5.478736e-001  4.044838e-002  1.415448e-001  9.343034e-002 -3.646480e-001  7.921388e-001  7.557201e-002 -2.832227e-001  5.634110e-002 -6.587477e-002 -4.375741e-001  6.980068e-001  1.640585e-001 -3.783658e-001 -2.690479e-002
 9.358375e+000 -6.623037e+000 -3.199376e+000 -2.622998e+001 -1.972089e+001  1.087165e+001 -3.404385e+000 -1.274044e+000 -1.029907e+001 -4.912379e+000 -5.461663e+000 -2.785455e+000  5.648210e+001  3.854422e-001 -4.515918e-001 -7.199738e-001  7.715147e-001 -1.749102e-001 -2.156827e-001  5.048052e-001  7.984242e-001 -1.872211e+000  9.123483e-001 -5.376564e-001 -1.006358e+000 -5.468788e-002  4.380206e-002  2.107452e-002 -4.197755e-001  7.264047e-001 -7.784801e-003 -2.169351e-001 -1.000306e-001 -7.612945e-002 -6.506898e-001  6.573957e-001  4.402988e-001 -3.098837e-001  3.364979e-002
 9.473205e+000 -8.274167e+000 -4.378316e+000 -2.740638e+001 -2.275694e+001  1.109661e+001 -4.811031e+000 -2.244199e+000 -1.622809e+001 -4.169502e+000 -7.490791e+000 -6.106821e+000  5.630214e+001  3.589733e-001 -1.402139e-001 -1.245469e+000  1.990671e+000  2.428833e-001 -3.576641e-001  9.134823e-001  7.324028e-001 -1.980872e+000  1.818374e+000  4.368339e-001 -1.208390e+000  1.280594e-001 -1.728647e-002  7.243529e-002 -5.094583e-001  7.965602e-001  3.005033e-001 -4.499330e-001 -4.984916e-002  2.550163e-002 -3.302490e-001  1.499570e-001  8.357618e-001 -1.003948e-001  6.553803e-002
 1.037715e+001 -8.441041e+000 -5.195724e+000 -2.410665e+001 -2.132386e+001  9.999257e+000 -2.878237e+000 -2.867730e-001 -1.793251e+001 -1.789424e-001 -7.417101e+000 -5.563036e+000  5.644289e+001  2.334812e-001 -3.008426e-001 -1.872037e+000  2.465558e+000  3.664263e-001 -9.568213e-001  4.327272e-001  5.668762e-001 -2.681879e+000  1.444800e+000  1.158052e+000 -1.271778e+000  2.260616e-001 -6.205636e-002  9.144144e-002 -5.322608e-001  6.101829e-001  4.097464e-001 -6.051064e-001 -2.716889e-001  2.423814e-001 -1.955625e-001 -4.098158e-001  8.887092e-001  1.819231e-001  2.787250e-002
 1.043685e+001 -7.664949e+000 -7.273929e+000 -2.050919e+001 -1.991616e+001  1.021474e+001 -2.381807e+000  1.001633e+000 -1.953206e+001  1.392066e+000 -4.092803e+000 -7.782539e+000  5.689426e+001  1.637324e-001 -3.374462e-002 -2.350516e+000  3.149780e+000  1.320241e+000 -1.928488e+000  4.291571e-001  1.153265e+000 -2.382613e+000  5.506778e-001  2.619718e+000 -9.171382e-001  2.277637e-001 -5.265409e-002  2.931683e-002 -3.856579e-001  2.345887e-001  5.062186e-001 -7.437708e-001 -5.297228e-001  4.460586e-001  7.810073e-002 -8.294697e-001  4.939520e-001  6.343603e-001 -5.052238e-002
 1.004396e+001 -8.431859e+000 -1.111175e+001 -1.735078e+001 -1.930915e+001  6.528480e+000 -2.455361e+000 -6.257941e-002 -2.205648e+001 -4.691622e-001 -1.370396e+000 -8.306483e+000  5.731635e+001  1.727808e-001 -4.761929e-002 -2.828755e+000  3.242875e+000  1.335143e+000 -2.455803e+000 -6.114768e-001  1.799900e+000 -2.649153e+000 -5.028828e-001  2.814448e+000 -2.423688e-001  3.482246e-002 -4.815112e-003 -1.038740e-002 -1.727251e-001 -9.293771e-002  7.210906e-001 -6.114487e-001 -8.225062e-001  6.503268e-001  4.839787e-001 -6.962531e-001 -9.251074e-002  8.406203e-001 -8.663990e-002
 1.045846e+001 -8.447481e+000 -1.317288e+001 -1.503541e+001 -1.716309e+001  3.189554e+000 -2.876684e+000  3.410029e+000 -2.607917e+001 -1.271004e+000  2.584445e+000 -9.320788e+000  5.700423e+001  1.260531e-001 -1.202414e-001 -2.695400e+000  2.774956e+000  2.289618e+000 -3.327027e+000 -1.213030e+000  2.346184e+000 -1.606731e+000 -1.355134e+000  2.078396e+000  1.448707e+000 -2.893295e-002  2.705291e-002 -1.348056e-001  8.556874e-002 -3.843632e-001  7.951760e-001 -2.561774e-001 -1.097244e+000  4.262177e-001  9.835275e-001 -2.404982e-001 -7.482070e-001  6.266733e-001 -5.588596e-002
 1.123025e+001 -8.287871e+000 -1.639002e+001 -1.062916e+001 -1.602468e+001  1.232836e+000 -5.688183e+000  7.508531e+000 -2.790472e+001 -1.361821e+000  3.316514e+000 -6.005755e+000  5.656202e+001  2.282453e-001 -3.095312e-001 -2.563221e+000  2.188281e+000  3.487191e+000 -3.314795e+000 -2.858711e+000  3.222051e+000 -6.499265e-001 -1.083559e+000  9.661592e-001  1.748401e+000 -7.878952e-002  3.548135e-003 -1.352923e-001  3.884792e-001 -5.630272e-001  7.196587e-001  1.293735e-001 -1.024059e+000 -9.339809e-003  1.430906e+000  2.243368e-001 -1.012047e+000  1.745277e-002  6.561585e-003
 1.047397e+001 -8.338150e+000 -1.811179e+001 -9.995216e+000 -1.011030e+001 -3.772577e+000 -6.830544e+000  8.946996e+000 -2.464159e+001 -4.937273e+000  3.955724e+000 -1.689370e+000  5.712676e+001  2.712647e-001 -5.768167e-001 -2.055439e+000  1.755261e+000  4.220097e+000 -2.779879e+000 -3.933445e+000  2.573278e+000  1.535411e+000 -3.614747e-001 -1.971730e-001  1.220843e+000  5.139923e-003  4.755183e-002 -3.779089e-002  5.585093e-001 -4.576924e-001  8.949856e-002  6.579112e-001 -7.654943e-001 -3.761795e-001  1.253857e+000  6.690263e-001 -9.313833e-001 -5.881706e-001 -1.910862e-002
 1.117743e+001 -1.003418e+001 -2.145840e+001 -8.929476e+000 -5.399586e+000 -6.564432e+000 -1.477198e+001  1.327919e+001 -2.602490e+001 -4.053824e+000  2.774761e+000 -3.380186e+000  5.686113e+001  1.179156e-001 -4.957930e-001 -1.206339e+000  9.375864e-001  3.968197e+000 -2.082510e+000 -4.371566e+000  1.639654e+000  2.934305e+000  1.219718e-001 -1.108001e+000 -4.117336e-002  5.059395e-002  3.055245e-002  1.621995e-001  5.837575e-001 -3.401137e-001 -6.303935e-001  7.300972e-001 -3.362713e-002 -8.691912e-001  8.434687e-001  6.439423e-001 -7.107707e-001 -6.009742e-001 -7.624642e-002
 1.184119e+001 -1.045841e+001 -2.091589e+001 -7.108947e+000 -1.375147e+000 -6.811207e+000 -1.800201e+001  1.339109e+001 -1.934203e+001 -1.732376e+000  1.869457e+000 -4.529356e+000  5.688037e+001  4.189771e-001 -2.160650e-001 -5.812937e-001  1.111842e+000  2.496608e+000 -6.536144e-001 -4.284074e+000  1.256485e+000  2.870436e+000  1.387232e+000 -1.541440e+000 -5.973592e-001 -1.891678e-001 -1.527299e-002  3.596859e-001  3.353643e-001 -2.967569e-001 -1.039542e+000  4.201247e-001  4.853877e-001 -9.917086e-001  2.529984e-002  3.355748e-001 -5.010461e-001 -3.209135e-001 -1.485582e-001
 1.113621e+001 -9.706706e+000 -2.101967e+001 -7.384365e+000 -5.512722e-001 -7.660397e+000 -2.196028e+001  1.348475e+001 -1.588298e+001 -2.354411e+000 -1.180355e+000 -4.791629e+000  5.693818e+001  3.071514e-001  3.210903e-001 -3.815056e-001  8.094221e-001  1.196968e+000 -7.274417e-001 -2.851532e+000 -4.655079e-001  2.899904e+000  1.261799e+000 -1.915561e+000 -3.473682e-001 -3.628677e-001 -6.234052e-002  5.139037e-001  6.462736e-002 -2.052036e-001 -9.971510e-001 -5.861020e-003  6.774843e-001 -9.141527e-001 -4.894481e-001  2.810519e-002 -4.927669e-001  4.565552e-002 -2.075741e-001
 1.258946e+001 -9.582212e+000 -2.123763e+001 -5.208564e+000 -5.142128e-002 -6.492667e+000 -2.465677e+001  1.512664e+001 -1.536037e+001  1.149180e+000 -1.773920e+000 -3.970444e+000  5.614240e+001  1.002819e-001  8.131713e-001 -7.910345e-001  3.355586e-001  4.079997e-001 -1.356789e+000 -2.266524e+000 -1.332684e+000  1.679111e+000  7.464857e-001 -2.298624e+000 -2.306268e-001 -5.309200e-001 -2.043371e-001  7.224127e-001 -8.295873e-003 -1.045670e-001 -4.917142e-001 -3.082806e-001  6.993877e-001 -6.327348e-001 -7.660375e-001 -1.717107e-001 -5.960231e-001  2.034242e-001 -2.333584e-001
 1.233905e+001 -8.866828e+000 -2.320506e+001 -5.832557e+000 -7.661007e-002 -1.036091e+001 -2.570227e+001  1.008388e+001 -1.351621e+001  8.143914e-001 -4.981354e+000 -5.396482e+000  5.541578e+001 -3.443937e-002  1.559107e+000 -7.783319e-001  2.997100e-001  2.674619e-002 -1.760227e+000 -1.992919e+000 -1.636525e+000  1.082728e+000  5.828709e-001 -3.193243e+000  3.738046e-003 -8.164005e-001 -3.342202e-001  5.143984e-001  5.688537e-001  6.248277e-001  1.119613e-001  2.246645e-001  8.859728e-001 -1.564866e-001 -5.671076e-001 -1.481398e-001 -9.415357e-002  3.209557e-001 -2.581695e-001
 1.174118e+001 -6.812493e+000 -2.377837e+001 -6.207058e+000  4.275199e-001 -1.224489e+001 -2.746363e+001  8.428107e+000 -1.212986e+001  4.156514e-001 -7.723161e+000 -5.380064e+000  5.498697e+001 -4.319128e-001  2.776990e+000 -4.243599e-001  8.438624e-001  6.231475e-001 -1.678625e+000 -1.216442e+000 -1.321680e+000 -5.116282e-002  8.681425e-001 -3.882715e+000  2.442084e-001 -1.129194e+000 -7.591099e-001  2.410662e-002  1.893689e+000  1.285018e+000  4.572530e-001  1.083430e+000  1.876527e+000 -4.367588e-001 -4.194077e-002 -5.710480e-001  8.442871e-001  2.644209e-001 -2.425157e-001
 1.138816e+001 -3.296030e+000 -2.364096e+001 -5.386568e+000 -6.570118e-001 -1.358542e+001 -3.052144e+001  8.651393e+000 -1.208460e+001  9.267079e-001 -1.417195e+001 -4.068130e+000  5.343390e+001 -1.097852e+000  1.911173e+000  2.279426e+000  3.679409e+000  1.649200e+000  5.567983e-001  1.053291e+000 -1.253443e+000  9.295031e-001  4.602711e-001 -1.594283e+000  1.019993e+000 -1.354578e+000 -1.324787e+000 -7.155371e-001  2.515064e+000  1.088451e+000 -3.624643e-002  1.630009e+000  2.701299e+000 -7.551314e-001  6.435338e-001 -5.686203e-001  1.710833e+000 -1.051792e-001 -9.670959e-002
 1.090535e+001  1.517339e+000 -2.314148e+001 -1.212247e+000  3.354517e+000 -1.327353e+001 -2.832939e+001  9.234481e+000 -1.633199e+001  5.433734e+000 -1.659219e+001 -3.413579e+000  5.148737e+001 -3.163561e+000  7.576715e-001  7.148530e+000  5.070798e+000  1.883038e+000  2.901846e+000  5.593005e+000 -3.708019e+000  1.546019e+000 -2.047454e+000  1.123332e+000  5.833504e-001 -1.474410e+000 -1.458622e+000 -1.181838e+000  1.868098e+000  8.571291e-003 -8.601776e-001  1.490249e+000  2.458832e+000 -5.250857e-001  1.079458e+000 -4.749595e-001  1.488891e+000 -5.296309e-001  4.796613e-002
 7.267711e+000 -3.475879e+000 -1.212638e+001  1.006708e+001  6.705893e+000 -7.062599e+000 -2.000294e+001  3.413478e+000 -6.767627e+000  6.067051e-001 -8.518253e+000 -1.279761e+000  5.039268e+001 -5.292549e+000 -1.008919e+000  8.010545e+000  3.628498e+000 -7.844310e-001  4.099583e+000  8.108853e+000 -4.219013e+000  3.501806e+000 -8.024321e-001  2.857901e+000 -6.917288e-001 -1.127340e+000 -9.118029e-001 -7.750605e-001 -1.156770e-001 -1.551876e+000 -1.377684e+000  3.112035e-001  7.678250e-001  4.165632e-001  3.882095e-001  1.458346e-001  4.031062e-001 -4.290395e-001  5.185301e-002
-2.016398e+000 -2.934211e+000  6.206992e+000  1.142011e+001  6.161256e+000 -9.970747e-001 -4.757859e+000 -7.493030e+000 -7.058249e+000 -9.661617e+000 -4.933352e+000 -3.857496e+000  4.913552e+001 -5.627673e+000 -1.672155e+000  6.050573e+000  9.121745e-001 -2.460925e+000  4.001229e+000  7.549934e+000 -2.464324e+000  4.059977e+000 -8.753034e-001  1.335648e+000 -1.548085e+000 -1.002982e+000  3.830705e-001 -9.749350e-002 -2.101204e+000 -2.212920e+000 -1.039734e+000 -9.950750e-001 -1.785387e+000  1.346928e+000 -6.027248e-001  7.737843e-001 -2.028075e-001  2.574856e-001 -9.441137e-002
