41 39
-1.173350e+001 -5.208236e+000  8.214476e-001  2.003365e+000 -3.153106e+000  6.158614e-001 -4.151707e+000  2.185727e+000 -3.930229e+000  1.857621e+000  1.241314e+000 -1.447232e+000  4.206474e+001 -2.590439e+000  3.119534e+000  8.058863e-001  1.385946e+000 -3.969385e-001  2.133167e+000 -3.556844e+000 -9.896011e-001 -1.068545e+000 -1.006730e+000  3.176924e-001 -3.655828e+000  1.259911e-001 -1.315662e-001  7.082740e-001 -3.432184e-001  9.668087e-001 -4.081714e-001  3.198405e-001 -1.115869e-002  4.545556e-001  4.413837e-001 -9.243574e-001 -1.259034e+000  1.883442e-001 -2.304968e-001
-1.411720e+001  1.676966e-001 -3.878482e+000  2.832298e+000 -3.910146e+000  2.699904e+000 -4.037838e+000  1.935157e+000 -5.272610e+000 -1.436027e+000  6.296217e+000 -9.931757e-002  4.248220e+001 -1.682992e+000  4.083616e+000 -5.448344e-001  1.825959e+000 -1.299807e+000  1.906176e+000 -2.961997e+000 -6.652588e-001 -3.958232e-001 -1.854362e+000 -2.317621e+000 -2.224471e+000 -4.556759e-001  2.207009e-001 -4.578755e-001 -3.943259e-001  5.555921e-001 -1.879623e-001 -3.767239e-001  9.105750e-001  4.079120e-001  1.169489e+000 -3.697497e-001 -9.190381e-001  5.022832e-001 -1.765589e-001
-1.677061e+001  6.430678e+000 -5.417919e-001  1.069248e+001 -6.888664e+000  1.167719e+001 -1.157130e+001  3.986257e+000 -4.592733e+000 -7.802686e+000 -2.550113e-001 -6.809346e+000  4.137089e+001 -1.433035e+000  1.497098e+000 -9.111905e-001  1.212290e+000 -1.125498e+000 -1.465976e-001 -1.128495e+000 -8.557592e-002  7.457520e-001 -2.150854e+000 -2.030802e+000 -1.363776e+000 -3.398357e-001  2.849364e-001 -1.218283e+000 -4.415640e-001 -2.900769e-001 -3.817295e-002 -1.121331e+000  1.515849e+000  6.069088e-003  1.095685e+000  4.643511e-001  5.831019e-001  5.624564e-001 -3.600868e-002
-1.611292e+001  4.900171e+000 -4.926149e+000  5.912848e+000 -1.110264e+001  6.403964e+000 -1.038204e+001  3.389894e+000 -1.629986e+000 -5.270329e+000 -8.096194e+000 -6.268774e+000  3.958604e+001 -1.173147e+000 -3.245884e-001 -5.217288e-001  1.362200e+000 -3.594016e-001 -1.241110e+000  1.824815e-001 -9.160633e-001  2.903748e+000 -4.669286e-001 -1.095141e+000 -1.811114e+000 -1.748112e-001  8.070980e-002 -9.207238e-001 -2.320891e-002 -2.379137e-001 -1.941055e-002 -3.810371e-001  1.145385e+000 -1.775670e-001  2.174449e-001  8.032093e-001  1.448386e+000  3.840907e-001  1.308583e-001
-1.790082e+001 -8.898210e-002 -3.210671e+000  6.524539e+000 -5.184346e+000 -1.969157e+000 -6.622081e+000  1.030479e+000 -2.022781e+000 -6.979499e+000 -1.716489e+000 -5.181382e+000  4.181364e+001 -1.420680e+000 -7.677795e-001 -1.413486e+000  1.674417e-001 -1.058006e+000 -1.899844e+000  2.450163e+000 -8.338534e-001  2.760092e+000  6.213093e-001  2.621962e+000 -1.050225e+000 -1.944847e-001  1.436634e-001 -1.406915e-001  2.716891e-002 -3.005558e-001 -3.176250e-001  4.633087e-001  3.126606e-001  1.294836e-001 -7.735518e-001  8.545216e-001  6.864514e-001  5.404248e-001  1.137965e-001
-1.941783e+001  1.804585e+000 -5.152686e+000  1.172727e+001 -6.559313e+000  3.317531e+000 -5.600042e+000 -1.167271e+000  7.961155e+000 -4.182264e+000  1.551253e+000 -9.968870e+000  4.138677e+001 -1.285621e+000  6.124355e-001 -4.097310e-001  1.158814e+000 -1.430606e+000  8.776134e-001  9.756000e-001 -1.178955e+000 -3.157685e-001  7.756029e-001  2.597928e+000 -4.607932e-001  1.259403e-001  3.740968e-001 -6.970047e-002  3.139391e-002 -5.993549e-001 -1.737755e-002  4.971932e-001 -2.422546e-001  5.137681e-001 -1.501906e+000  2.767082e-001 -3.087623e-001  1.149319e+000  2.112594e-001
-2.222156e+001  4.139574e+000 -7.495956e+000  8.622483e+000 -1.445036e+001  3.721194e+000 -1.711485e+000  2.095573e+000  4.412156e+000 -5.240172e+000  8.031075e+000 -1.021042e+001  3.949810e+001 -6.584814e-001  3.251285e-001 -8.313448e-001 -1.887962e-001 -2.178021e+000  1.110584e+000  3.824935e-002  6.932878e-001 -1.512248e+000  1.500488e+000 -4.450789e-001  6.631881e-001  7.877083e-002  6.041961e-001 -4.706852e-001  1.325144e-001 -6.467856e-001  6.448717e-001  1.458704e-001 -3.468365e-001  4.934368e-001 -7.422456e-001  7.967823e-002 -1.155205e+000  1.014386e+000  3.477743e-001
-2.038065e+001  5.848070e+000 -4.832161e+000  1.065795e+001 -1.362267e+001  7.946856e+000 -7.959333e+000 -3.037427e+000 -6.426297e+000 -2.261977e+000  1.966497e-002 -6.058220e+000  4.137351e+001  3.162380e-001 -1.219545e+000 -6.558300e-001 -1.456456e+000  1.137180e-001 -2.603580e-001  1.771652e-001  8.892068e-001 -2.469614e+000  4.770232e-001 -1.105431e+000  3.078776e+000  7.448581e-001  3.680413e-001 -8.208895e-001 -8.693715e-002 -7.494958e-001  9.566894e-001 -3.940167e-001  4.842885e-001  3.611888e-001  7.453299e-001 -2.028575e-001 -7.260076e-001  2.681327e-001  2.558850e-001
-2.071182e+001 -4.850823e-001 -7.527658e+000  6.115219e+000 -1.254277e+001  1.269104e+000 -5.251189e+000  5.431996e+000 -2.390297e+000 -4.372024e-001 -3.176090e+000 -3.820767e+000  4.221413e+001  7.993704e-001 -2.205215e+000 -6.278651e-001 -1.758852e+000  1.394191e+000 -6.015058e-001  1.115198e+000  5.992498e-001  1.257868e-001  1.168990e+000 -1.302382e+000  2.251923e+000  1.234928e+000  6.136733e-002 -1.499293e-001  2.451777e-001 -3.863241e-003  8.735014e-001 -2.117077e-001  5.485981e-001 -3.865463e-001  8.236647e-001 -3.710127e-001  2.281864e-001 -4.549450e-001  1.912297e-001
-1.859151e+001 -1.980811e+000 -8.415985e+000  5.698621e+000 -6.944516e+000  3.241786e+000 -2.944364e+000  1.610551e+000 -9.856861e-001 -4.198633e+000  1.627678e+000  2.230183e+000  4.375305e+001 -1.743402e-001 -2.226840e+000 -9.461566e-001 -1.803637e+000  1.566736e+000 -2.364249e-001  2.858568e+000  6.740080e-001  2.591863e+000 -7.293571e-002 -6.034580e-001  8.550298e-002  8.272869e-001 -2.045862e-001  7.085316e-001  5.769830e-001  4.829133e-001  5.468485e-002 -1.335804e-002  1.883446e-001 -5.093533e-001  1.123969e-001 -2.029676e-001  4.694701e-001 -7.373336e-001  1.822768e-001
-1.911928e+001 -2.972062e+000 -8.843369e+000  2.307888e+000 -1.081848e+001  3.066200e+000  1.357021e+000  2.767832e+000  2.320784e+000  1.573107e+000  7.151580e-001 -3.095010e+000  4.448298e+001 -1.063557e-001  7.912983e-002  5.397069e-001 -3.452172e-002  1.462977e+000  4.007950e-002  1.440538e+000 -1.131844e+000  7.533672e-002 -7.959635e-002  4.448666e-001 -1.149004e-001  9.937050e-001  5.289441e-002  1.075889e+000  8.043520e-001  5.242494e-001 -3.869721e-001 -1.207647e-001 -3.577078e-001 -4.636285e-001 -9.418764e-001 -5.236573e-001  3.586317e-001 -4.869518e-002  2.965322e-001
-2.204862e+001 -4.042640e+000 -8.905088e+000  3.543425e+000 -6.651134e+000  5.866183e+000  3.029401e+000  1.664695e+000  4.177480e+000 -3.631811e+000 -4.943249e+000 -5.993583e+000  4.437552e+001 -2.538301e-001  1.180940e+000  1.645299e+000  9.594552e-002  3.527490e-001 -6.479409e-001  9.562178e-001 -7.920129e-001 -1.882404e+000  8.647855e-002  3.682949e-001  5.755197e-001  1.776854e+000  9.748443e-001  8.437263e-001  7.149704e-001 -1.704083e-002 -1.008501e+000 -8.554997e-001 -1.212970e+000 -2.657830e-001 -1.035008e+000 -4.412000e-001 -3.270080e-001  4.157434e-001  3.588345e-001
-1.951504e+001  9.414810e-001 -4.584571e+000  7.020208e+000 -5.374578e+000  1.573023e-001 -1.035379e+000 -2.542962e-001 -4.595196e+000 -1.118595e+000  2.333706e+000 -2.833857e-001  4.687141e+001  1.103587e+000  1.470337e+000  2.098167e+000 -8.739591e-002  6.632347e-002 -9.995712e-001  2.778341e-001 -9.858823e-001 -2.346461e+000 -1.529003e+000  4.899907e-003  1.763438e+000  2.242805e+000  1.649012e+000 -4.755027e-001  2.724030e-001 -8.779575e-001 -1.552245e+000 -9.300842e-001 -1.802516e+000  5.548882e-001 -1.732556e-001 -2.769431e-001 -1.219406e+000 -1.110491e-002  2.698271e-001
-1.966278e+001  1.967119e+000 -2.318889e+000  3.822189e+000 -7.902723e+000  1.456530e+000  3.032925e+000 -8.384485e-001 -6.939716e+000 -2.420389e+000  2.659878e+000  3.701969e+000  5.144310e+001  4.094910e+000  1.296188e+000  1.849465e+000 -1.862404e+000 -2.777441e+000 -3.994098e+000 -2.624929e+000 -7.278879e-001 -1.372278e+000 -1.554232e+000 -2.018515e+000  1.225050e+000  1.996909e+000  1.675300e+000 -1.572237e+000  1.958337e-001 -1.036304e+000 -1.455448e+000 -4.629258e-001 -2.226629e+000  1.082570e+000 -1.547939e-002  3.021454e-001 -1.329338e+000 -5.745047e-001  5.356193e-002
-1.479426e+001  1.374746e+000 -1.645633e+000  1.731527e+000 -9.861070e+000  2.731706e-001  2.744429e+000 -9.100078e-001 -3.852924e+000 -6.677619e+000 -3.061906e+000  8.744051e-001  5.216322e+001  5.964334e+000 -2.356007e+000  1.799639e+000 -3.445134e+000 -4.733152e+000 -2.937263e+000 -5.781469e+000  1.610535e+000 -1.046004e+000 -6.439567e-001 -4.458756e+000 -4.951902e-001  2.232812e+000  5.805190e-001 -1.899514e+000  4.341741e-001 -6.906349e-001 -9.947710e-001  3.450594e-001 -1.462057e+000  1.175721e+000 -5.181049e-001  1.059725e+000 -3.674026e-001 -7.979040e-001 -2.111809e-002
-3.934462e+000  2.221665e+000 -1.127231e+000 -3.124257e+000 -1.829509e+001 -1.416224e+001 -1.198515e+001 -1.646889e+000 -3.055047e+000 -8.623460e+000 -1.233802e+001 -4.472267e-001  5.171417e+001  5.692295e+000 -4.767074e+000  2.773732e+000 -3.406703e+000 -4.524751e+000 -1.993724e+000 -7.147277e+000  3.322629e+000 -2.610029e+000  1.154682e+000 -4.046568e+000 -1.167690e+000  2.049660e+000 -9.939783e-001 -1.298476e+000  6.255554e-001  2.587510e-001  1.225911e-001  1.338938e+000  6.112342e-001  4.370055e-001 -9.243429e-001  1.029546e+000  1.415578e+000 -5.532348e-001 -1.290192e-001
 2.442475e+000 -1.096583e+001  3.817791e+000 -6.732240e+000 -2.384415e+001 -6.719626e+000 -2.243369e+001  8.202597e+000 -1.176755e+001 -1.236843e+000 -1.246113e+001 -6.847388e-001  5.789994e+001  3.207490e+000 -4.995600e+000  3.806904e+000 -2.768421e+000 -4.033876e+000 -2.744614e-001 -4.771278e+000  2.867462e+000 -4.318110e+000  2.415164e+000 -8.180863e-001 -1.029712e+000  2.110840e+000 -1.808187e+000  5.421131e-001  3.622749e-001  1.199957e+000  8.660920e-001  8.184143e-001  2.261661e+000 -9.714774e-001 -5.133010e-001  2.693867e-001  2.741220e+000 -3.299459e-001 -7.067714e-001
 1.803266e-001 -1.569796e+001  8.818057e+000 -8.979444e+000 -2.353494e+001 -5.015693e+000 -2.011440e+001  1.121839e+001 -1.603255e+001  6.326344e-001 -1.287335e+001 -1.356906e+000  5.882303e+001  5.034400e-001 -3.876396e+000  3.973609e+000 -9.070059e-001 -2.514123e+000  1.369193e+000 -7.385387e-002  8.286756e-001 -4.357940e+000  2.063936e+000  3.239042e+000 -1.273863e+000  1.412799e+000 -1.629873e+000  2.204867e+000 -1.623008e-001  1.746992e+000  1.279701e+000 -3.626255e-002  2.732979e+000 -1.952168e+000  3.873953e-001 -4.952494e-001  2.698867e+000 -4.696235e-001 -1.553566e+000
-8.142091e-001 -1.464344e+001  1.241625e+001 -9.182985e+000 -2.741053e+001 -5.672411e+000 -1.704734e+001  6.994664e+000 -1.895472e+001  7.701554e-001 -6.884669e+000 -3.819314e+000  5.916298e+001 -4.821737e-001 -9.078083e-002  3.011074e+000  1.304800e+000 -1.408006e+000 -5.266497e-001  1.990126e+000 -1.999876e+000 -2.738554e+000  2.483501e-001  5.604540e+000 -2.091833e+000 -9.826145e-001 -1.059351e+000  3.038672e+000 -1.176524e+000  1.701910e+000  2.228448e+000 -5.524226e-001  1.932173e+000 -1.918164e+000  1.588574e+000 -1.114072e+000  6.175911e-001 -2.588989e-001 -2.383170e+000
 2.110798e-001 -1.532151e+001  1.444159e+001 -6.433913e+000 -2.908252e+001 -7.839884e+000 -1.504759e+001  3.100456e+000 -2.125116e+001  6.927187e-001  1.068966e+000 -5.249255e+000  5.814664e+001 -6.122370e-001  3.804850e+000  2.360143e+000  3.291646e+000  5.608189e-001 -2.048943e+000  3.136916e+000 -4.004542e+000 -1.462831e+000 -2.381576e-001  6.236455e+000 -2.984746e+000 -4.171445e+000 -8.549125e-001  2.606763e+000 -2.040000e+000  8.654891e-001  2.737874e+000 -5.096200e-001  7.137917e-001 -9.191711e-001  2.360845e+000 -7.961686e-001 -1.252947e+000  7.736056e-001 -2.432033e+000
 1.622986e-002 -1.160796e+001  1.606140e+001 -1.481004e+000 -2.811039e+001 -7.940779e+000 -1.501646e+001  2.262185e+000 -2.285102e+001 -2.513472e-002  8.590411e+000 -9.197729e+000  5.332506e+001 -1.531428e+000  6.357140e+000 -1.268983e+000  3.641801e+000  5.570893e+000 -1.327507e+000  3.284202e+000 -4.306749e+000  2.177204e+000 -2.004149e+000  7.711628e-001 -1.468764e+000 -7.012890e+000 -9.815865e-001  8.586367e-001 -2.348125e+000 -3.146284e-001  2.304676e+000  2.473883e-001 -8.079293e-002  2.432078e-001  2.352655e+000 -9.587169e-002 -2.120590e+000  1.630105e+000 -1.388130e+000
-3.296078e+000  1.808545e+000  1.879620e+001  3.627798e+000 -2.038091e+001 -1.412622e+001 -5.445261e+000 -6.438077e+000 -2.139855e+001 -1.605085e-001  1.057138e+001 -1.359143e+001  4.088477e+001 -3.246495e+000  5.933456e+000 -4.086365e+000  2.251939e+000  7.685795e+000 -7.784783e-001  2.848067e+000 -2.613743e+000  4.988408e+000 -7.906579e-001 -6.090047e-001  2.282630e+000 -7.732226e+000 -8.167916e-001 -1.134757e+000 -1.908210e+000 -1.220796e+000  9.008891e-001  1.049851e+000 -7.868177e-001  1.530174e+000  1.613075e+000  2.782581e-001 -1.636419e+000  1.672966e+000  3.343703e-001
-6.717769e+000  8.577230e+000  3.894027e+000  3.995163e+000 -3.906867e+000 -9.166775e+000 -5.427494e+000 -9.769817e+000 -7.995005e+000 -8.823977e+000 -7.780064e+000 -6.992047e+000  3.272947e+001 -4.072977e+000  3.138099e+000 -5.506297e+000  2.515119e-001  6.552884e+000  7.505970e-002  1.730586e+000 -1.479236e+000  5.799101e+000  4.524180e-002 -1.575682e+000  3.425004e+000 -6.142874e+000  5.191390e-001 -2.731699e+000 -5.401793e-001 -7.961271e-001 -1.332747e+000  8.985389e-001 -1.128114e+000  2.009567e+000  1.495957e-002  4.670283e-001 -3.936785e-003  4.279681e-001  2.401087e+000
-1.265440e+001  4.253176e+000  9.344910e-002  2.087698e+000 -2.755306e+000 -1.111928e+001 -5.601742e+000 -3.952260e+000 -3.737127e+000  1.138851e+000  6.209180e+000  5.061056e+000  2.978331e+001 -3.425420e+000 -2.594149e-001 -5.062248e+000 -1.117188e+000  4.574269e+000  2.499031e+000 -2.036457e-002  2.232572e+000  4.791593e+000  1.284376e-001 -7.722155e-001  2.933201e+000 -2.934601e+000  1.857095e+000 -2.710894e+000  2.736061e-001  2.125169e-001 -2.245715e+000  6.631926e-001 -1.217265e+000  1.511358e+000 -8.898436e-001 -4.391833e-001  2.938933e-002 -1.182463e+000  3.656333e+000
-1.566950e+001  2.860221e+000 -2.118716e+000  5.466053e-001 -4.158778e+000 -9.068953e+000 -6.285287e+000 -6.376905e+000 -2.686228e+000 -4.486053e-001  2.893102e+000 -1.398950e+000  2.816142e+001  1.153730e+000 -4.204917e+000 -3.481938e+000  1.345729e+000  4.629197e-001  1.526434e+000 -9.221503e-001  3.317926e+000  2.350410e+000 -1.285555e-001  8.330843e-001  3.457908e-001  2.593734e+000  1.897553e+000 -1.527606e+000  8.309814e-001  7.716270e-001 -2.030501e+000  3.118940e-001 -8.689279e-001  5.869159e-001 -9.306594e-001 -6.048478e-001 -8.336038e-002 -1.448130e+000  3.622447e+000
-1.594732e+001  3.369976e+000 -3.508671e+000 -2.338635e-001  2.616391e+000 -1.679980e+000 -5.118187e+000  3.028325e+000 -9.497625e-002 -3.706007e+000  1.373723e+000 -1.721975e+000  2.849579e+001  3.425627e+000 -3.949503e+000 -3.730514e+000  2.767415e+000 -4.977981e-001  1.811798e+000 -1.911888e+000  2.544467e+000  2.263536e+000 -2.899676e+000 -1.666441e+000 -2.090077e+000  6.181133e+000  3.383017e-001  8.911815e-002  1.140650e+000  7.064339e-001 -1.477460e+000 -1.941638e-001  1.079820e-002 -9.903524e-001 -9.901351e-001 -2.815186e-002 -2.028011e-001 -6.941112e-001  2.070317e+000
 6.973384e-001 -1.200576e+001 -1.171460e+001  1.188459e+001 -4.278117e+000 -6.254256e+000 -1.028002e+001  3.329518e+000  1.935967e+000 -7.044326e+000 -1.196914e+000 -1.871577e+000  4.634190e+001  1.989263e+000 -2.654885e+000 -2.017257e+000  2.167345e+000 -1.063589e+000  1.978146e+000 -1.668291e+000  1.299395e+000  2.409833e+000 -1.464940e+000 -1.545371e+000 -1.304006e+000  7.411491e+000 -1.983192e+000  1.746922e+000  1.433531e+000 -3.944248e-001 -3.503622e-001  1.749441e-001  9.242384e-001 -1.442344e+000 -1.047498e+000  4.590145e-001 -1.466785e-002  1.966030e-001 -6.261725e-001
-3.709683e+000 -8.061354e+000 -1.376118e+001  1.025578e+001 -5.184628e+000 -3.467637e+000 -1.316382e+001  3.916864e+000  5.269455e+000 -1.006167e+001 -7.801870e-002 -5.153015e+000  5.159874e+001 -2.151679e+000 -5.888401e-001 -9.133835e-002  2.004173e+000 -2.049778e+000  1.302355e+000  4.066970e-001 -1.709925e+000 -1.887943e-001  6.558707e-001 -5.969934e-001  2.875430e-001  5.008105e+000 -2.400582e+000  1.787219e+000  1.281355e+000 -7.555266e-001 -1.823768e-002  1.136196e-002  1.345939e+000 -1.042981e+000 -1.127174e+000  9.374551e-001  6.245246e-001  6.832150e-001 -2.344783e+000
-1.184200e+001 -4.698539e+000 -7.078749e+000  6.138508e+000 -5.576216e+000  1.715608e+000 -1.060393e+001 -3.241982e-001  6.680721e+000 -4.595476e+000 -4.107883e+000 -6.203459e+000  5.366740e+001 -5.973577e+000  2.849364e+000  1.866128e+000 -2.447741e-001 -5.129014e-001  2.655875e+000  2.539749e+000 -1.766597e+000 -1.660917e+000  3.887438e-001  2.250211e-001  1.399959e-001  4.938507e-002 -1.061450e+000  1.149640e+000  3.730706e-001 -8.859050e-001 -2.225246e-002 -3.793126e-001  5.509719e-001 -4.089901e-001 -9.148901e-001  4.288814e-001  6.956936e-001  1.545012e-001 -2.577901e+000
-2.043604e+001 -3.227833e+000 -6.283288e+000  1.266004e+001 -6.983450e+000  8.468651e-001 -2.922748e+000 -3.694443e+000 -3.411325e+000 -1.651078e+000 -1.557598e-001  1.881681e+000  4.987356e+001 -4.595864e+000  2.234468e+000  7.345670e-001  1.958420e-001 -8.643305e-001  1.529743e+000  2.713788e+000 -1.137444e+000 -1.336960e+000  8.607575e-001  5.709856e-001  6.039969e-001 -1.861727e+000  7.460998e-001  1.986825e-001 -4.138150e-001 -1.177674e+000 -8.261565e-002 -6.714863e-001 -7.068092e-001  3.855083e-001 -1.107592e-002 -3.168799e-002  2.794564e-001 -1.752055e-001 -1.378487e+000
-2.080737e+001 -1.756959e-001 -6.122906e+000  9.458589e+000 -5.943213e+000  4.867869e+000 -2.701812e+000 -1.697812e+000 -2.028228e+000 -9.305902e+000 -3.293825e-002 -4.688945e+000  4.745141e+001 -2.095894e+000  1.681660e+000 -5.648569e-001 -1.358014e+000 -1.767576e+000 -3.211052e-002 -6.697760e-002 -1.031796e+000 -1.590535e+000  5.770231e-001  1.349107e+000 -6.897269e-001 -2.043095e+000  1.759031e+000 -5.857370e-001 -5.753174e-001 -5.103492e-001 -1.934506e-001 -1.030174e+000 -1.095904e+000  3.859520e-001  2.591499e-001  1.550162e-001  1.565487e-001  2.583114e-001  2.537326e-001
-2.220632e+001  8.495641e-001 -1.056627e+001  9.574954e+000 -9.322782e+000  2.604948e+000 -3.545933e+000 -1.083547e+000  2.939132e+000 -3.402668e+000  7.394368e-001 -2.890287e+000  4.539810e+001 -3.600214e-001  9.884244e-001 -9.449207e-001 -3.327579e+000 -1.835519e+000 -7.110831e-001 -1.823985e+000 -1.497843e-001 -2.793650e-001  4.032910e-001  2.382458e-001 -1.736231e-001 -8.380901e-001  1.364735e+000 -5.427651e-001  1.762568e-002 -1.421190e-001  5.962085e-001 -6.902193e-001 -1.995480e-001  2.509066e-001  3.692656e-001 -1.635629e-001  1.011569e-001  4.863565e-001  1.134392e+000
-2.143633e+001  1.671064e+000 -7.761546e+000  8.909808e-001 -1.324443e+001  6.760140e-001 -1.062723e+001 -6.788627e+000 -4.447182e+000 -8.345659e-001  2.190053e+000 -7.266109e+000  4.568966e+001  7.036587e-001  5.437005e-001 -1.707151e-001 -1.034810e+000 -9.945599e-001 -1.374582e+000 -6.708840e-001 -3.306665e-001 -8.939650e-001  1.392558e+000  1.174135e+000  1.820363e+000  8.062298e-001  5.983041e-001 -5.733955e-001  6.214584e-001  5.755917e-001  1.727275e+000 -1.791924e-001  1.170567e+000  2.118703e-001  6.380216e-001 -2.588095e-001  3.374697e-002  4.629829e-001  1.178682e+000
-2.192167e+001  7.909090e-001 -1.018857e+001  3.059512e-001 -1.251044e+001 -6.126227e-001 -8.079968e+000 -1.897957e+000 -3.598673e+000 -3.870292e+000 -7.602635e-002  2.302147e+000  4.656399e+001  8.280329e-001  8.962212e-002  6.256245e-001 -6.763551e-001  1.730204e+000 -1.250118e+000  2.018002e+000 -2.334754e-001  1.610835e-001 -3.648246e-001  1.164256e+000  1.780735e+000  2.385572e+000  2.852659e-001 -5.386046e-001  1.128995e+000  7.277547e-001  1.977728e+000  3.841863e-001  1.455352e+000  1.687266e-001  2.785682e-001  4.263451e-002 -1.427870e-001 -5.050744e-001  4.750904e-001
-1.743140e+001  2.572134e+000 -7.165329e+000  8.919041e+000 -9.322183e+000 -3.962552e-001 -3.789214e+000 -2.943939e+000 -3.229151e+000 -2.109300e+000  6.245466e+000  1.816652e+000  5.089962e+001  3.015995e-001 -7.359159e-001  1.757162e+000  1.943325e-001  5.085938e+000 -6.585551e-001  3.864865e+000  6.940071e-002  1.379349e+000 -3.329667e-001  1.054837e+000  6.480089e-001  2.238483e+000  3.207570e-001 -4.568283e-001  1.195750e+000  1.626922e-001  1.054892e+000  9.196886e-001  5.917204e-001  4.669627e-001  1.566033e-001  2.847913e-001 -4.019349e-001 -9.308237e-001 -7.395825e-001
-2.006862e+001  8.471396e-001 -7.736251e+000  2.179148e+000 -2.632884e+000 -3.109507e+000  3.125069e+000 -4.173267e+000  3.135534e+000 -4.589424e+000  4.533011e+000  1.472005e+000  5.472098e+001  1.267338e+000 -1.064791e+000  3.736116e+000 -3.033763e-001  5.012872e+000  8.518348e-001  3.184899e+000  4.938151e-001 -2.318083e-002  1.479226e+000 -4.160402e-001 -2.112818e+000  8.212357e-001  7.125683e-001  1.864666e-001  1.010927e+000  4.012192e-001 -4.701236e-001  9.383147e-001 -6.233956e-001  4.844295e-001 -2.670593e-001  6.687129e-001 -5.195947e-001 -5.630698e-001 -1.919729e+000
-2.085486e+001 -2.036631e+000 -2.018949e-001  9.260446e-001  7.246487e+000 -1.368319e+000  3.094580e+000 -5.303968e+000 -9.175416e-001 -2.139834e+000  5.159719e+000 -3.610994e+000  5.280358e+001  2.087791e+000 -1.163235e+000  4.252788e+000 -4.078384e-001  2.638567e+000  2.172885e+000  1.704269e+000  1.640502e+000 -1.881624e-002  1.894489e+000 -4.539149e-002 -8.869795e-001 -2.109515e+000  6.617029e-001  8.289159e-001  3.605438e-001  5.335646e-001 -1.529672e+000  6.139105e-001 -8.622212e-001  5.317180e-001  1.695144e-001  4.564070e-001 -3.417494e-001  2.753138e-001 -2.150177e+000
-1.387325e+001 -2.228662e+000  5.010293e+000  2.785568e+000  4.269586e+000  4.132584e+000  4.402629e+000  1.751132e+000 -4.870382e+000  3.541105e+000 -1.613353e+000 -5.548119e+000  4.971819e+001  3.497778e+000  1.235614e+000  4.432447e+000  1.630826e+000  6.032718e-001  2.025736e+000 -1.867852e-002  1.403121e+000 -4.751306e-001  1.865012e+000 -8.836033e-001 -2.671202e-001 -5.039073e+000 -1.339738e-001  8.403515e-001 -8.189319e-001  3.538987e-001 -1.101393e+000 -2.274261e-001 -7.023642e-001  2.129287e-001  8.483741e-001 -3.967707e-001  1.509714e-001  1.035751e+000 -1.411198e+000
-1.009013e+001 -1.706139e+000  7.725336e+000  6.576639e+000  4.194179e-001  6.847123e+000  4.093352e+000  2.296370e+000  6.797261e-001  3.297882e+000  9.091691e+000  8.918171e-001  4.285344e+001  2.494894e+000  2.258461e+000  3.211716e+000  1.895054e+000 -3.576208e-001  1.824047e+000  1.155548e+000  2.273337e+000  2.452896e+000  1.756176e+000 -4.201286e-001  1.101729e+000 -5.582248e+000 -9.667016e-001 -3.780460e-002 -1.706662e+000 -2.867779e-001 -6.441633e-001 -1.033481e+000 -7.375441e-001 -1.726086e-001  5.774504e-001 -9.422659e-001 -2.076218e-002  6.905500e-001  3.420897e-001
-7.962093e+000  6.859966e+000  1.046237e+001  7.507984e+000  3.797009e+000  2.911450e+000  2.532291e+000 -9.578288e-001 -3.875277e-002  2.016777e+000 -1.850992e+000 -2.115001e+000  3.450068e+001  3.939179e-001  1.426119e+000  1.619925e-001  3.146710e-001  1.004003e+000 -1.108771e-001 -5.256121e-002  1.242041e+000  2.982834e+000 -4.354706e-001  5.261855e-001  2.071585e+000 -4.498388e+000 -1.260401e+000 -1.563569e+000 -2.297056e+000 -1.202576e+000 -6.886837e-001 -1.143854e+000 -8.687713e-001 -4.641656e-001  8.098917e-002 -9.712808e-001  2.817563e-001  1.301096e-001  2.190402e+000
-1.133597e+001  4.711360e+000  1.313065e+001  8.040108e+000  5.694671e+000  8.362483e+000  9.807488e+000  7.417200e+000  8.931123e+000  7.403208e+000  3.177895e+000  1.810913e-001  3.250109e+001 -1.193787e+000 -1.447510e+000 -2.145296e+000 -1.183650e+000 -7.826146e-001 -1.926213e+000 -1.966510e+000  8.579990e-001  1.139454e+000 -1.666599e+000 -8.540968e-001  1.396418e+000 -6.694092e-001 -1.816983e-001 -1.889974e+000 -2.059627e+000 -1.358911e+000 -9.303297e-001 -1.008794e+000 -1.352975e+000 -1.191087e+000 -1.128809e+000 -7.406915e-001 -3.649116e-001 -9.424591e-001  3.033691e+000
