38 39
-6.247298e+000 -6.742192e+000  6.153516e+000  8.154692e+000 -2.147965e+000 -1.571758e+000  4.144032e-001  2.101747e-001  5.348611e+000  2.928565e+000 -8.788528e+000 -4.232836e+000  4.953975e+001 -3.273616e+000  2.589185e-001 -1.554757e+000 -7.814134e-001 -4.780576e-001 -3.132404e+000  2.825013e+000  3.722660e+000  6.317350e-001  1.114033e+000 -2.297107e-001  3.085359e-001  2.115995e+000 -1.409703e-001  1.830298e+000 -1.798266e+000 -1.538985e+000 -3.086933e-001  1.197793e+000  5.935287e-001 -1.524688e+000 -1.945176e+000 -5.766511e-001  8.848812e-001  8.958306e-001 -6.258179e-002
-7.436762e+000 -4.565286e+000  1.169902e-001 -1.488773e+000 -1.872106e+000 -6.368727e+000 -3.018874e+000  1.243808e+000 -1.263322e+000 -1.068224e+000 -1.376585e+000 -2.409771e+000  5.224974e+001 -3.863952e+000  2.193197e+000 -2.876857e+000 -1.549377e+000  1.212131e+000 -1.176148e+000  4.727093e+000  3.637572e-001 -1.705762e+000 -2.114085e-001  1.799311e+000  2.460404e+000  1.668857e+000 -1.684572e-001  1.111645e+000 -1.071350e+000 -1.804963e-001 -9.083311e-002  1.613822e+000  1.765578e-002 -1.794433e+000 -4.430875e-001 -6.121738e-001  4.750672e-001  2.096891e-001 -6.247674e-001
-1.211226e+001 -2.746216e+000 -2.681411e+000  2.663332e+000  4.109983e+000 -3.874525e+000  7.795982e+000  5.127709e+000 -2.904603e+000 -7.583137e-001 -6.803948e+000 -4.441552e+000  5.435471e+001 -4.578820e+000  2.738460e+000 -3.772909e+000 -2.127111e+000  3.518229e-001  2.009241e-001  2.502928e+000 -1.226799e+000 -1.551970e-001 -1.212768e+000  2.326689e+000  1.415070e+000  3.007874e-001  1.386094e-001  3.544315e-001 -2.171004e-001  3.878975e-001 -7.829685e-001  8.524936e-001 -1.461153e+000 -1.419232e+000  5.623077e-001 -5.612518e-001  1.638762e-001 -2.454387e-001 -9.129848e-001
-1.980835e+001  3.073134e+000 -5.891438e+000  3.724844e-001  4.891938e+000 -5.835334e+000  1.134109e+001  6.783583e-001  2.923738e+000 -4.162331e-001  1.347582e+000  2.087189e+000  5.309837e+001 -4.187287e+000  2.472476e+000 -2.876063e+000  2.789667e-001 -1.665779e+000  1.163486e+000  1.400718e+000 -2.149179e+000  2.210137e+000 -1.005933e+000  9.174302e-001  2.733181e-001 -7.938896e-001  8.607931e-001 -3.553910e-001  3.023649e-001  7.520757e-001 -1.067139e+000  1.334197e-001 -2.189276e+000 -2.864761e-001  2.410836e-001 -1.413939e-001 -6.519782e-001 -5.405762e-001 -6.671726e-001
-2.295560e+001  3.130896e+000 -9.706816e+000 -3.411492e+000 -3.770873e+000 -8.338339e-001  5.749058e+000 -5.641095e+000  2.479096e+000 -3.461269e+000  1.482835e+000  5.940336e-001  5.061937e+001 -2.418901e+000  1.891437e+000 -2.640656e+000  2.439023e-001 -2.953945e+000 -3.975286e-002 -2.817562e+000 -2.117035e+000  1.485324e+000 -1.294964e+000  1.030610e+000  1.748855e-001 -1.217556e+000  1.301631e+000 -4.450680e-001  6.857411e-001  9.579089e-001 -1.831567e-001 -4.263337e-001 -1.457835e+000  4.714915e-001 -8.743805e-001  8.381913e-002 -6.107259e-001 -8.926843e-002 -1.504020e-001
-2.295153e+001  4.858536e+000 -1.075062e+001  2.943472e+000 -6.260575e+000 -2.071640e+000  5.008177e+000 -4.117685e+000  7.095512e+000 -4.746410e+000 -9.328256e-001 -3.560974e+000  5.014796e+001 -6.399462e-001  8.397536e-001 -1.931159e+000  1.025496e+000 -2.470679e+000 -3.887112e-001 -3.559041e+000 -6.235055e-001 -1.320604e+000 -8.772799e-001 -8.125408e-001  3.776157e-001 -9.078342e-001  1.121897e+000 -4.476971e-001  6.876127e-001  4.892231e-001  6.759848e-001 -7.571052e-002 -1.565346e-001  7.495049e-001 -1.391906e+000  1.393357e-001 -3.102444e-001 -5.277847e-002  1.703418e-001
-2.263518e+001  5.818266e+000 -1.345510e+001  2.597350e+000 -5.083485e+000 -5.955136e+000 -3.125372e+000 -3.059444e+000  2.436131e+000 -5.068045e+000 -5.106923e-001 -7.430432e-001  4.974213e+001  1.556627e-001  1.329480e+000 -8.166558e-001  2.289169e+000 -1.615104e-001 -1.154645e+000 -2.306368e+000  3.678219e-001 -2.761729e+000 -8.579987e-001  1.380455e-001  9.165790e-001 -3.942505e-001  6.863284e-001 -4.267990e-001  6.986585e-001  1.922704e-001  6.038805e-001  5.738759e-001  1.282928e+000  5.882186e-001 -6.696676e-001  2.426685e-001 -1.961234e-001 -5.054610e-001  3.445435e-001
-2.316829e+001  5.928217e+000 -1.367309e+001  2.495541e+000 -6.805152e+000 -5.218238e+000 -2.016895e+000 -3.729995e+000 -3.657802e+000 -3.999244e+000 -1.718358e+000  4.643806e+000  4.899782e+001  1.349173e-001  5.149681e-001 -3.500002e-001  1.702449e+000  3.179273e-001  1.342380e+000  3.624477e-001  3.559169e-001 -2.625866e+000 -5.277373e-001 -1.875091e-001 -3.614209e-001 -3.538334e-001  3.220444e-001 -4.327581e-001  5.410455e-001 -3.825457e-001 -1.746742e-003  5.816619e-001  1.113584e+000  3.190643e-001  7.394701e-001  2.280874e-001  1.408429e-001 -7.626658e-001  4.013819e-001
-2.206891e+001  9.243458e+000 -1.232886e+001  8.258320e+000 -4.306137e+000 -5.033762e+000 -2.270246e+000 -3.995831e+000 -5.952891e+000 -8.124846e+000  2.565829e+000  1.074539e+000  4.922319e+001  6.253088e-001 -8.016553e-002  6.205664e-002  8.667778e-001 -1.328846e+000  1.964081e+000  1.636335e+000  3.343466e-001 -1.210383e+000 -2.563926e-001 -2.625223e-001 -1.982901e+000  2.281612e-001  9.354429e-002 -6.553692e-001  5.244407e-001 -8.012848e-001 -5.054073e-001  2.199464e-001  2.298217e-001  2.729909e-001  1.600822e+000  6.008306e-001  3.011936e-002 -3.355855e-001  4.657190e-001
-2.256007e+001  5.720781e+000 -1.306374e+001  8.625231e+000 -5.059613e+000  4.179573e+000  6.392852e+000 -1.869907e+000 -1.839306e+000 -5.856696e+000 -3.408632e+000 -6.276869e+000  4.863827e+001  7.354527e-001 -6.192139e-001  3.347129e-001 -1.760373e-001 -1.895745e+000  9.602353e-001  3.752904e-002  9.885536e-001  1.601073e+000 -3.764596e-002  9.195771e-002 -1.985973e+000  7.878696e-001  1.534594e-001 -5.540884e-001  6.881856e-001 -7.098565e-001  5.100872e-002 -4.090886e-001 -7.376301e-001  9.154156e-002  1.404757e+000  6.834167e-001  1.542012e-001  4.831905e-001  5.239233e-001
-1.981274e+001  5.521156e+000 -1.344949e+001  3.866394e+000 -1.260048e+001 -8.336374e-001  8.514279e-001 -2.317755e+000 -4.525030e+000 -5.421282e+000 -9.781665e-001 -5.197211e+000  5.106271e+001  3.231165e-001 -1.380275e+000  1.463191e+000 -7.780118e-001 -1.581711e+000  1.361588e-001 -9.948006e-001  1.416458e+000  3.128912e+000  1.901108e+000  1.489089e-001  5.092764e-002  1.363493e+000  2.956039e-001 -4.084511e-001  8.957406e-001 -3.293197e-001  9.236763e-001 -2.209666e-001 -4.558812e-001 -3.985816e-001  5.033138e-001  3.657551e-001 -7.993364e-002  9.339000e-001  1.803606e-001
-2.061911e+001  4.693298e+000 -1.143921e+001  3.811317e+000 -1.213670e+001 -2.517124e+000 -3.390086e+000  3.737350e-001  3.633634e+000 -5.539256e+000  5.134285e-001 -2.150186e+000  5.201740e+001  1.053311e+000 -1.605419e+000  2.390361e+000 -1.024439e+000  6.994032e-001  2.108982e-001 -2.010135e+000  2.725689e-001  2.228274e+000  1.810596e+000  3.777812e-001  1.037617e+000  1.698117e+000  1.112014e+000 -2.892266e-001  6.724502e-001 -2.225311e-001  2.754457e-001 -5.056164e-001 -1.186036e-001 -7.427546e-001 -1.231402e+000 -1.547205e-001 -7.028691e-001  2.708576e-001 -1.407653e-001
-2.142381e+001  2.855827e+000 -5.825172e+000  6.775218e+000 -8.676144e+000 -1.004620e+000 -2.352780e+000  1.964639e+000  6.955200e+000  1.221977e+000  1.349343e+000 -7.341647e-001  5.435109e+001  1.944399e+000 -1.629318e+000  3.512936e+000 -3.556201e-001  1.991961e+000  1.233917e+000  3.807608e-001 -1.300569e+000  9.925860e-001  6.482620e-001 -8.051022e-001  1.174804e+000  6.748406e-001  1.717351e+000 -3.809381e-001  2.657993e-001 -4.920944e-001 -1.058608e+000 -8.916734e-001 -5.251507e-001 -1.440042e-001 -2.258636e+000 -7.357497e-001 -9.957344e-001 -6.506267e-001 -1.832398e-001
-1.648799e+001 -9.736516e-001 -4.924100e+000  2.048625e+000 -3.524767e+000  5.319555e+000 -2.055719e+000 -2.648260e+000  3.561949e+000 -1.253474e-001 -2.683481e+000 -3.320307e+000  5.548467e+001  5.484882e+000 -1.940825e+000  2.672091e+000 -1.499889e+000 -2.305353e+000 -2.116726e+000 -1.243270e+000 -1.366706e+000 -3.487776e+000 -1.848255e-001 -2.945382e+000 -1.193624e+000  4.283691e-001  1.290959e+000 -5.835084e-001  2.948182e-002 -7.110386e-001 -2.073047e+000 -1.241734e+000 -1.004046e+000  1.060176e+000 -2.156716e+000 -4.735809e-001 -6.643919e-001 -8.630129e-001  5.057070e-002
-1.215631e+001  2.080416e-001  8.576325e-001  2.969639e+000 -6.946646e+000  1.417607e+000  2.088048e+000 -7.309603e+000  4.737423e-001 -4.886926e+000 -3.405222e+000  1.261868e+000  5.270328e+001  6.694086e+000 -3.117262e+000  2.651322e+000 -3.000759e+000 -5.372371e+000 -3.158396e+000 -4.003987e+000  1.516075e+000 -5.306243e+000 -7.799293e-001 -3.168181e+000 -2.086586e+000  1.082168e+000  1.419164e-001 -6.492950e-001 -1.090754e-001 -7.633303e-001 -1.454088e+000 -8.919907e-001 -1.136101e+000  1.698325e+000 -1.324632e+000  1.155013e-001  2.559014e-001 -6.406884e-001  3.932278e-001
 2.171550e+000 -3.686935e+000 -1.420154e+000 -1.785337e+000 -2.452822e+001 -1.431187e+001 -1.182685e+001 -1.822672e+000 -1.056452e+001 -3.408932e+000 -1.183620e+001 -9.116320e+000  5.498315e+001  5.133263e+000 -3.778989e+000  2.968576e+000 -3.257062e+000 -5.983668e+000 -3.801617e+000 -4.837990e+000  4.165128e+000 -5.405889e+000  1.567869e-001 -1.762639e+000 -1.646753e+000  1.747307e+000 -1.452883e+000 -4.354567e-002  4.017119e-002  1.041095e-001  6.640992e-001  3.987238e-001  5.258107e-001  8.137345e-001  2.165418e-001  4.368635e-001  1.261766e+000  2.352432e-001  8.118538e-002
 2.716853e+000 -1.137384e+001  5.679465e+000 -6.311596e+000 -2.503627e+001 -6.980891e+000 -1.748715e+001  9.132218e+000 -1.251278e+001 -1.035878e+000 -9.915204e+000 -8.269086e+000  6.001269e+001  2.829791e+000 -3.956711e+000  2.819316e+000 -3.293685e+000 -3.439322e+000 -2.383591e+000 -3.502385e+000  4.425139e+000 -4.671519e+000  1.054962e+000 -1.169668e-001 -1.802074e+000  1.981511e+000 -1.845995e+000  1.170935e+000 -2.571685e-001  1.241133e+000  1.903346e+000  2.986966e-001  2.261630e+000 -1.103164e+000  1.015054e+000  3.163269e-001  1.480598e+000  4.098942e-001 -7.695541e-001
 1.741749e+000 -1.407765e+001  7.507865e+000 -9.596068e+000 -2.439829e+001 -9.489281e+000 -1.645807e+001  9.956471e+000 -1.697423e+001 -1.266937e+000 -8.241684e+000 -6.788594e+000  6.056651e+001  1.526172e-001 -1.738829e+000  2.788950e+000 -8.328779e-001  4.861870e-002 -5.105091e-001  1.134983e+000  1.247434e+000 -2.722429e+000  1.082046e+000  1.837841e+000 -1.596633e-001  3.846249e-001 -1.588526e+000  2.196078e+000 -4.911666e-001  1.961305e+000  2.174411e+000  3.119561e-001  2.805835e+000 -2.081642e+000  1.476569e+000 -1.855963e-002  1.005130e+000  6.609908e-001 -1.709649e+000
 2.207546e+000 -1.438015e+001  1.049020e+001 -9.593421e+000 -2.420822e+001 -1.291164e+001 -1.310826e+001  8.926523e+000 -1.967899e+001 -6.831123e-001 -5.787314e+000 -8.912365e+000  5.981916e+001 -4.556464e-002  1.717331e+000  1.455292e+000  1.992813e+000  1.128215e+000 -3.310467e+000  4.317678e+000 -2.540899e+000 -1.572701e+000  3.390757e-001  2.434569e+000 -7.806591e-001 -2.084261e+000 -1.333731e+000  2.346537e+000 -1.002002e+000  1.847944e+000  1.818848e+000  2.721741e-001  1.818761e+000 -1.590793e+000  1.886729e+000 -1.693563e-001  5.457070e-001  1.037141e+000 -2.291988e+000
 3.189290e+000 -1.087792e+001  1.011923e+001 -4.308815e+000 -2.469915e+001 -1.389904e+001 -8.341374e+000  4.517346e+000 -2.059356e+001  1.824916e+000 -4.710939e+000 -9.592997e+000  5.700304e+001 -1.371689e+000  4.364379e+000  1.194755e+000  3.906216e+000  2.604619e+000 -1.778398e+000  5.281154e+000 -2.760063e+000  4.275454e-001  4.219320e-001  1.987244e+000  1.147494e+000 -4.768052e+000 -1.217489e+000  1.376508e+000 -1.356478e+000  5.575318e-001  1.385903e+000  7.306803e-001 -2.605330e-001 -1.779013e-001  2.045470e+000 -4.017994e-002 -1.883535e-002  1.035424e+000 -2.031296e+000
 1.765259e+000 -4.387050e+000  1.165025e+001  1.008844e+000 -1.924477e+001 -2.132835e+001  4.289596e-002 -8.527150e-001 -1.856663e+001 -8.864254e-001  4.922693e-001 -1.077018e+001  5.137312e+001 -3.076709e+000  4.724370e+000 -1.393596e+000  3.576490e+000  4.376918e+000 -3.887760e-001  3.518335e+000 -1.525079e+000  3.187137e+000  5.382380e-001  2.536867e+000  2.730053e+000 -6.902090e+000 -9.667847e-001 -8.232638e-001 -1.762243e+000 -3.831087e-001  8.237519e-001  1.558560e+000 -1.580197e+000  8.747483e-001  1.726789e+000 -7.082228e-002 -5.182921e-001  8.294387e-001 -3.731061e-001
-4.895555e+000  2.747688e+000  1.290162e+001  4.633878e+000 -1.385693e+001 -1.417292e+001  3.372117e+000  1.045777e+000 -1.539269e+001  9.443798e-001 -1.445255e+000 -1.222177e-001  4.094926e+001 -4.419256e+000  3.640190e+000 -2.568995e+000  1.162942e+000  5.353780e+000  1.682047e+000  2.319900e-001 -1.499828e-001  5.125001e+000  7.815653e-001  1.692516e+000  3.262102e+000 -7.362941e+000  3.391855e-002 -2.611981e+000 -1.854241e+000 -5.789435e-001 -2.318035e-001  8.245915e-001 -1.696558e+000  7.438239e-001  6.013924e-001 -5.700719e-001 -8.572819e-001 -3.445890e-001  2.120930e+000
-9.133578e+000  2.428888e+000  2.131027e+000  3.817683e+000 -7.744741e+000 -1.471858e+001 -1.373334e+000  3.036915e+000 -6.343740e+000  2.448346e+000  5.264177e+000  2.510239e-003  3.333559e+001 -3.355705e+000 -2.036893e+000 -5.474048e+000  1.448907e+000  3.872395e+000  2.752112e+000 -1.058727e+000  5.278026e-001  4.712517e+000 -1.948523e-001 -9.527212e-003  2.309230e+000 -2.652347e+000  1.144596e+000 -2.695210e+000 -8.218638e-001 -1.980014e-002 -1.238271e+000  1.205866e-001 -8.109683e-001  3.897685e-001 -7.414901e-001 -9.178991e-001 -1.155879e+000 -1.084771e+000  3.640476e+000
-1.345757e+001  3.915054e+000  2.033866e+000  1.014780e-001 -3.680263e+000 -8.793686e+000 -6.473310e+000  1.822618e+000 -1.079997e+000  4.065357e+000  1.365685e+000  1.331170e+000  2.920709e+001 -1.062599e+000 -5.314897e+000 -6.036225e+000  2.075290e+000  1.697863e+000  7.741153e-001 -9.131034e-001 -6.738400e-002  2.671817e+000 -2.061882e+000 -1.025969e+000 -3.650400e-001  3.711728e+000  1.282490e+000 -1.191782e+000  4.167185e-001  4.844537e-001 -1.049336e+000 -3.995500e-001 -1.266791e-001  1.596994e-001 -1.029898e+000 -6.940103e-001 -7.559426e-001 -1.333906e+000  3.305314e+000
-1.073226e+001 -1.515520e+001 -1.028611e+001  1.051958e+001 -4.971124e+000 -1.025741e+001 -3.280258e-001  1.397877e+000 -2.160389e+000 -3.421175e+000 -9.608370e-001  4.927687e-002  4.398247e+001  9.679414e-001 -4.274137e+000 -3.769300e+000  3.021316e+000  1.352115e-002  6.681229e-001  3.604040e-002  3.824645e-001  7.062786e-001 -2.629534e+000 -1.883289e+000 -8.802292e-001  5.762958e+000  3.393749e-001  1.665334e+000  1.755026e+000 -1.948212e-001 -1.679614e-001 -1.233700e-001 -4.974462e-002  3.631195e-002 -5.239304e-001  2.723916e-001 -1.289118e-001 -7.195724e-001  8.256847e-001
-9.409209e+000 -1.503475e+001 -1.107093e+001  1.165938e+001 -6.754418e+000 -1.253293e+001 -1.716055e+000  1.528375e+000 -4.125277e+000 -6.430272e+000 -3.462591e+000 -1.970801e+000  5.418447e+001 -1.686286e-001 -1.200097e+000 -1.337776e+000  2.799006e+000  2.036536e+000  7.262913e-001 -9.487894e-001  7.211832e-001  1.978630e+000 -1.471146e+000 -1.150317e+000 -1.812700e+000  4.955974e+000 -6.648653e-001  2.816141e+000  1.865301e+000 -9.500125e-001  4.960731e-002  6.875794e-001 -3.905449e-003 -2.222288e-001 -3.232008e-001  9.231186e-001  1.034655e-001  1.865822e-001 -1.451982e+000
-6.318052e+000 -9.466892e+000 -1.016307e+001  1.314531e+001 -6.140058e+000 -9.508344e+000 -3.571759e+000  5.096358e+000 -1.289707e+000 -5.451507e+000 -1.738129e+000 -2.747650e+000  4.966170e+001 -2.105816e+000  4.232378e+000  9.518588e-001  1.129427e-001  2.863251e+000  2.159174e+000 -1.289607e+000  3.150787e-001  2.439459e+000  8.717372e-001 -5.919120e-001 -5.648022e-001  8.539535e-001 -1.047408e+000  1.997679e+000  1.073795e+000 -1.269667e+000 -3.176998e-001  6.760956e-001  5.992478e-002 -7.069567e-001 -6.359552e-001  7.347421e-001  1.598167e-001  5.748311e-001 -1.924496e+000
-1.650782e+001 -4.929585e+000 -4.716537e+000  1.278364e+001  7.086884e+000 -5.536760e+000 -9.595389e+000  3.579293e+000  8.377810e+000 -2.275206e+000 -3.997252e+000 -6.333864e+000  5.114735e+001 -2.850047e+000  4.512550e+000  9.296986e-001 -1.220586e+000  5.210346e-001  3.466487e+000 -2.698069e-001 -1.144835e+000  1.892232e-001  8.030751e-001 -1.154329e+000  4.101574e-001 -1.093680e+000 -2.268502e-001  3.510337e-001  1.002129e-001 -1.163187e+000 -1.494696e+000  4.491213e-001  6.944968e-001 -7.513055e-001 -1.358293e+000  3.030754e-002 -4.616227e-002  8.054435e-001 -1.376725e+000
-1.771203e+001  9.541105e-001 -8.704020e+000  1.052216e+001  2.424481e+000 -2.959622e+000 -2.836394e+000  1.947812e+000  3.785362e+000 -1.140022e+000 -3.653066e+000 -5.932027e-001  4.977079e+001 -2.928390e+000  2.857932e+000  4.659371e-001 -1.317223e+000 -8.172274e-001  2.678503e+000 -3.826904e-003 -2.219310e+000 -1.578794e+000 -9.293334e-002 -1.082199e+000  8.824980e-001 -8.346969e-001  5.311773e-001 -1.189725e+000 -3.546175e-001 -5.243056e-001 -1.393907e+000 -1.098461e-001  8.726732e-001 -4.810799e-001 -9.077312e-001 -2.714693e-001  1.871720e-001  3.181894e-001 -1.979013e-001
-1.796245e+001  2.317494e+000 -7.151967e+000  6.868027e+000 -8.431515e+000  1.525144e+000 -3.432772e+000 -2.621527e+000 -5.716695e+000 -4.570639e+000 -8.276770e+000 -9.972375e-001  4.866152e+001 -8.915926e-001  1.242295e+000 -5.937508e-001 -2.301844e+000 -3.596704e+000  2.712233e+000  1.880805e+000 -1.768150e+000 -2.803709e+000 -8.372728e-001 -1.135985e+000  1.490868e+000 -1.083325e+000  8.513750e-001 -1.295417e+000 -2.602151e-001 -7.809135e-002 -4.494831e-001 -6.147313e-001  7.763527e-001  4.145825e-001  5.037904e-001  2.009519e-001  8.702898e-001 -1.123329e-001  4.383280e-001
-2.023268e+001  1.199228e+000 -6.615670e+000  9.517002e+000 -2.466996e+000  3.532196e-001 -6.672203e+000 -2.899781e+000 -2.136425e+000 -4.768457e+000 -5.009366e+000 -1.003474e+000  4.673113e+001 -4.291561e-001 -8.111797e-002 -5.950389e-002 -1.967957e+000 -2.047416e+000  1.987070e+000  1.998453e+000 -1.778664e+000 -6.027309e-001  3.345645e-001  3.347754e-001  4.857894e-001 -1.407307e-001  8.485123e-001 -7.626610e-001  2.068882e-001  4.139022e-001  4.472557e-002 -8.258448e-001  3.386876e-001  8.807538e-001  1.041177e+000  3.762874e-001  9.402109e-001 -2.452710e-001  7.049865e-001
-1.970545e+001  1.159330e+000 -8.729465e+000  1.777002e+000 -8.450898e+000  6.367985e+000  1.726538e+000 -2.837659e+000 -2.679839e+000 -4.647352e+000 -8.999025e+000  1.325611e+000  4.725056e+001  1.572115e-001 -4.950124e-001 -1.086564e-001 -1.285676e+000 -1.111286e+000  7.385473e-001  2.610817e+000  7.077543e-001  2.220144e+000  1.594086e+000  2.488632e+000  4.684716e-002  7.509769e-001  5.024324e-001 -3.576278e-001  5.698814e-001  7.799955e-001  6.189706e-001 -1.087504e+000 -5.426687e-001  7.857418e-001  6.874064e-001 -1.341621e-001  3.060696e-001 -1.452323e-001  7.907300e-001
-1.898631e+001  1.127603e+000 -8.212790e+000  3.227889e+000 -7.802910e+000  4.554308e+000  4.576217e+000 -6.837440e+000 -7.467209e-001  5.711569e-001 -1.618061e+000  6.743200e-001  4.977262e+001  7.897694e-001 -8.671931e-002  1.257831e+000  2.442038e-001 -1.836308e+000 -4.638777e-001  1.324605e+000  9.465072e-001  1.115166e+000  5.728243e-001  1.806547e+000  3.781531e-001  1.773085e+000  8.845723e-001 -2.470606e-001  3.846001e-001  1.862342e-001  2.292962e-001 -1.634960e+000 -1.351945e+000  4.221435e-001 -4.937385e-001 -9.601734e-001 -8.511238e-001 -9.088991e-002  4.883454e-001
-1.779958e+001 -1.217549e-001 -6.896689e+000  3.584204e+000 -1.131999e+001  3.117336e+000  3.997102e+000  2.886074e+000  4.689171e+000  7.299824e-001  2.470740e+000 -1.601899e+000  5.089566e+001  1.011107e+000 -5.430437e-001  1.596989e+000  4.920532e-001 -6.074048e-001 -1.499811e+000 -4.956150e-001  7.979740e-001 -2.256249e-001 -1.627213e+000 -3.415224e-001  8.185244e-001  1.913417e+000  1.315804e+000 -5.752909e-001  2.725484e-001 -7.244523e-001  7.995224e-002 -1.833680e+000 -1.827875e+000  4.579942e-002 -1.333780e+000 -6.844011e-001 -1.482627e+000 -1.576513e-001  6.047635e-002
-1.723677e+001  1.406174e+000 -1.242905e+000  9.834420e+000 -1.021399e+001 -3.408447e-001 -1.184459e+000 -1.029111e+000 -2.450988e-001 -4.593003e+000 -1.711512e+000  2.351047e+000  5.377400e+001  3.566758e+000 -1.292405e+000  1.010674e+000 -1.925650e+000 -1.152876e+000 -5.068552e+000 -3.208056e+000  2.869444e-001 -1.848539e+000 -2.855653e+000 -2.505766e+000 -3.544988e-001  1.719776e+000  1.029398e+000 -1.052609e+000  2.964952e-001 -1.476883e+000 -6.274110e-002 -1.309525e+000 -1.442338e+000  6.767147e-001 -9.638825e-001  8.496741e-001 -7.190446e-001 -4.642725e-001 -3.415002e-001
-1.552469e+001 -1.695174e+000 -4.229464e+000  9.340022e-001 -1.028238e+001  1.316505e+000  2.128801e+000 -1.751953e+000 -4.058774e+000 -1.020134e+001 -1.065991e+001  4.579869e+000  5.481695e+001  5.347735e+000 -2.768624e+000  1.377664e+000 -3.823010e+000 -1.053241e+000 -6.127513e+000 -4.262227e+000  1.266533e+000 -2.966905e+000 -1.136810e-001 -2.768344e+000 -3.750836e-001  1.080013e+000  2.186712e-001 -9.294605e-001  7.166426e-001 -1.249985e+000 -4.577135e-001 -1.276775e-001 -6.651005e-001  1.320857e+000 -2.202880e-001  1.704554e+000  4.026886e-001 -7.413289e-001 -7.006965e-001
-2.289970e+000 -4.547714e+000 -4.493033e+000 -5.075260e+000 -1.408609e+001 -1.988804e+001 -1.052991e+001 -3.083704e+000 -5.615443e+000 -8.241448e+000 -7.581567e+000 -4.189058e+000  5.641085e+001  3.768444e+000 -4.236974e+000  2.849969e+000 -4.982680e+000 -1.927096e+000 -4.697649e+000 -4.003781e+000  4.095801e+000 -2.333606e+000  4.064429e+000 -5.752647e-001 -1.346406e+000  4.822857e-001 -1.252102e+000 -3.981591e-001  7.614441e-001 -3.219972e-001 -3.349239e-001  1.850436e+000  8.352102e-001  1.245385e+000  5.022653e-001  1.442654e+000  8.848326e-001 -4.768582e-001 -8.158042e-001
 1.465692e+000 -1.098793e+001  1.616695e+000 -8.076008e+000 -1.465014e+001 -1.774664e+001 -1.264130e+001  1.024603e+001 -7.460181e+000  1.985800e+000 -8.435953e+000 -2.072643e-001  5.497729e+001  2.003620e+000 -3.718062e+000  4.260554e+000 -4.229359e+000 -2.508862e+000 -2.323650e+000 -3.423255e+000  5.497831e+000 -1.084531e+000  3.435516e+000  7.066698e-001 -2.392167e+000 -9.713203e-001 -1.760024e+000  4.790894e-001  5.367081e-002  3.940567e-001 -2.682844e-001  2.214987e+000  1.610274e+000  2.077983e-001  8.691928e-001  8.407317e-002  5.574591e-001 -5.387346e-001 -4.297412e-001
