68 39
-1.116077e+001  5.648865e+000  1.065980e+001 -1.270762e+000 -4.328577e+000 -1.783506e+001 -1.108090e+001 -4.707199e+000 -1.264415e+001 -1.200461e+001 -1.175995e+001 -8.995057e+000  5.620981e+001 -6.040742e+000  5.335717e-001  1.601084e-001 -6.567620e-001  4.190539e+000  6.416622e+000  4.081510e+000  2.010259e+000  9.528645e-001  1.941326e+000  4.294413e-001  2.246916e+000  7.725853e-001  3.975223e-001 -1.325385e-001 -6.246506e-001 -2.938545e-002 -1.319847e+000  6.632476e-001  1.054070e+000 -1.081677e-001  2.370337e-001  8.738273e-001  9.279009e-001  1.381071e+000 -8.324257e-001
-1.634337e+001  3.221776e+000  8.672400e+000  4.427550e+000 -1.874017e+000 -1.423917e+000 -3.453660e+000 -5.095017e+000 -1.519422e+001 -8.316278e+000 -1.510324e+001 -7.673046e+000  5.362446e+001 -4.764014e+000  7.540585e-001 -3.159531e-001 -5.812941e-002  2.941005e+000  5.676950e+000  4.217679e+000  1.784618e+000  2.268385e+000  2.654195e+000  1.803484e+000  4.771650e+000 -8.375561e-001  1.186661e+000 -4.188289e-001 -8.204147e-001 -1.221180e-001 -1.480949e+000 -1.062560e+000 -3.564405e-001 -1.898495e-001  5.246919e-001  5.717320e-001  1.190817e+000  4.504779e-001 -4.142171e-001
-1.791356e+001  4.901946e+000  7.873992e+000 -7.743918e-001  2.477573e+000  3.133904e+000  1.211584e+000 -1.800492e+000 -7.370749e+000 -2.964858e+000 -7.047309e+000 -4.419910e+000  5.265490e+001 -3.464494e+000 -8.636838e-001 -1.283784e+000 -5.834492e-001  1.117555e+000  4.030476e+000  3.375524e+000  2.048843e+000  2.548053e+000  3.255829e+000  3.560570e+000  3.046265e+000  3.246079e-002  1.485265e+000 -7.092006e-001 -9.184399e-001  2.308214e-001 -1.253562e+000 -1.898193e+000 -1.519423e+000 -5.744549e-001  2.859074e-001 -1.633868e-001  4.622663e-001 -6.814990e-001  5.700326e-002
-2.507664e+001  4.226583e+000  7.600234e+000 -1.629962e+000  5.126153e+000 -2.281084e-001  4.105351e+000  2.379057e+000 -5.645746e+000 -1.409859e+000 -3.930598e+000  4.518923e+000  5.510339e+001 -1.736883e+000 -1.591153e+000 -2.588022e+000 -1.306067e+000 -4.981503e-001  3.053954e-001  1.634020e-001  6.930518e-001  2.386145e+000  2.238437e+000  3.475230e+000  1.589322e+000  4.839939e-001  1.575777e+000 -5.404752e-001 -6.833154e-001  5.502393e-001 -9.393650e-001 -1.521103e+000 -1.646351e+000 -5.733908e-001  4.877601e-002 -6.286787e-001 -5.724320e-001 -1.470389e+000  9.756854e-002
-2.411661e+001  8.280423e-001  4.776958e+000 -1.159252e+000 -2.240888e+000  1.719421e+000  2.017218e+000  1.799981e+000 -4.678129e+000  8.213242e-001  4.565788e-001  1.402854e-001  5.563264e+001 -1.279802e-001 -1.839825e+000 -3.296057e+000  1.121314e+000 -3.576936e-001 -3.885675e-001 -1.488465e+000 -3.162326e-001  2.323521e+000  1.332271e+000  1.904900e+000  4.305853e-001  3.968266e-001  1.429622e+000  2.149287e-001 -3.546953e-002  7.320172e-001 -4.090219e-001 -6.887900e-001 -9.807258e-001 -2.527865e-001 -3.814384e-001 -7.725947e-001 -1.075572e+000 -9.493406e-001 -2.097186e-001
-2.192626e+001 -2.697038e+000 -2.719190e+000 -1.910353e+000 -2.005538e+000  8.103015e-001 -3.039468e+000 -3.429995e+000 -4.609806e+000  9.828170e-001 -1.479035e+000 -2.006531e+000  5.455555e+001  1.446613e+000 -1.460247e+000 -2.726394e+000  1.840685e+000 -1.018196e+000  2.809581e-001 -1.582084e+000  1.002018e-001  2.624531e+000  4.725797e-001 -2.308410e-001 -1.272454e+000 -5.318962e-001  9.637550e-001  5.566300e-001  7.730106e-001  3.347116e-001 -8.592071e-002 -1.148291e-001 -1.013481e-001  2.215749e-001 -6.992543e-001 -5.522466e-001 -7.134178e-001 -4.140582e-001 -1.906592e-001
-2.012865e+001 -8.353706e-001 -3.446580e+000  4.972372e+000  4.254950e+000  6.718611e-001 -2.658329e+000 -4.771288e-001  3.728886e+000  2.500158e+000  1.251410e+000  9.957436e-001  5.491295e+001  2.091869e+000  1.455064e-001 -1.391946e+000  1.503261e+000 -6.675316e-001  5.987447e-001 -6.553620e-001  1.081336e+000  5.216682e-001  2.757839e-001  3.574448e-002 -2.695497e-001 -5.081871e-001  5.545179e-001  3.341927e-001  1.045369e+000 -7.714629e-001 -1.972885e-001 -5.823373e-001  6.741538e-002 -7.877204e-002 -1.312803e+000 -6.570998e-001 -2.743941e-001 -1.504843e-001 -3.482483e-002
-1.983755e+001 -2.242945e+000 -1.919968e+000  4.507653e+000 -3.212747e+000  1.700462e+000 -1.467293e+000  4.018621e+000  3.273399e+000  1.136222e-001 -5.482218e+000 -2.271076e+000  5.280376e+001  1.971968e+000  1.993307e-001  3.249759e-001  1.765178e-001 -7.728348e-001 -7.624062e-001 -7.598901e-001  1.102142e+000 -2.091997e-001  5.447567e-003  8.427187e-001 -1.309013e-001 -1.679535e-002  4.661525e-001 -2.587016e-001  6.986121e-001 -1.108275e+000  2.223666e-001 -7.044550e-001 -3.868572e-002 -9.046004e-001 -1.158348e+000 -5.210035e-001 -2.238044e-001  3.032780e-002  5.602578e-002
-1.470162e+001  1.328528e+000 -2.582382e+000  3.148049e+000 -4.974941e+000  4.268064e+000 -2.045679e+000  3.482351e+000 -6.011390e+000  2.634841e+000  2.636893e+000 -1.075191e+000  5.396761e+001  2.381932e+000 -9.986506e-001  4.051038e-001 -1.903917e+000 -1.466817e+000 -2.778572e+000 -1.562485e+000 -1.211063e+000 -2.823627e+000 -1.719662e+000 -3.850317e-003 -8.926127e-001 -3.484802e-002  8.733773e-001 -8.962615e-001 -2.738997e-002 -1.041659e+000  1.381668e-001 -3.195935e-001 -2.742878e-001 -1.278258e+000 -6.545849e-001 -4.561318e-001 -1.109828e+000 -5.858771e-001 -1.169212e-002
-1.477994e+001 -2.782334e+000 -1.526409e+000 -1.156025e-001 -1.254766e+000 -4.799831e+000 -7.145244e+000  1.009774e-001 -7.856664e-001  9.427134e-001  2.041817e+000 -1.625571e+000  5.494425e+001  3.632344e+000 -2.181676e+000 -1.318583e-001 -1.997102e+000  4.932794e-001 -1.552659e+000 -1.321951e+000 -3.276601e+000 -1.494560e+000 -1.134715e+000 -1.330065e+000 -8.092836e-001 -4.884369e-001  1.251638e+000 -8.992529e-001 -6.130831e-001 -6.681855e-001 -3.355646e-001  9.058751e-001 -3.315147e-001 -5.523587e-001 -6.035182e-001  1.216427e-001 -1.582451e+000 -8.982371e-001  2.916999e-001
-1.074780e+001 -5.558929e+000 -1.617840e+000 -2.235586e+000 -4.058125e+000 -9.970852e+000 -7.631777e+000 -4.573622e+000 -8.359717e+000 -6.512696e+000 -2.529859e+000 -3.790073e+000  5.366846e+001  5.628567e+000 -3.145298e+000 -1.300478e+000 -2.618223e+000 -6.097546e-001 -6.040962e-001 -1.745770e+000 -3.120584e+000 -2.108576e+000 -1.434794e+000 -4.427004e+000 -2.859744e+000 -3.308269e-001  7.854754e-001 -5.848759e-001 -5.967423e-001 -2.719364e-001 -5.771648e-001  1.743295e+000 -2.695146e-001  7.420153e-001 -4.619794e-002  7.806776e-001 -1.069829e+000 -7.831789e-001  8.077216e-001
-3.652746e+000 -9.707597e+000 -3.061530e+000 -2.786041e+000 -1.204758e+000  1.056625e+000 -5.283999e+000 -8.336398e+000 -3.025240e+000 -9.861827e-001 -9.549170e+000 -4.960053e+000  5.051115e+001  6.606840e+000 -3.223610e+000 -1.887648e+000 -2.807256e+000 -2.879189e+000  2.679732e+000 -2.325820e+000 -7.048910e-001 -3.584316e+000  4.712270e-001 -4.857958e+000 -3.638521e+000  1.589693e+000 -4.686033e-001 -1.735383e-001 -2.721141e-001 -1.772490e-001 -8.117145e-001  1.096572e+000 -2.671477e-001  1.314242e+000 -8.539736e-002  3.309946e-001 -8.952665e-002 -5.744761e-001  1.057417e+000
 7.877625e+000 -1.093533e+001 -8.317214e+000 -8.607848e+000 -8.048718e+000 -1.680645e+000 -1.170515e+001 -7.901880e+000 -1.543448e+001 -3.574681e+000 -1.370263e+001 -1.370667e+001  5.453002e+001  4.822061e+000 -3.402063e+000 -1.700713e+000 -2.858522e+000 -2.666406e+000  3.821707e+000 -2.408123e+000  1.213158e+000 -2.009739e+000  1.380755e+000 -3.589047e+000 -3.393888e+000  2.964695e+000 -1.751329e+000  2.493691e-001  3.180323e-001  3.188413e-001  9.010750e-002  5.248161e-001  2.627541e-001  1.027338e+000  6.332853e-001  3.357047e-002  9.626244e-001  3.239103e-001  5.330248e-001
 8.941550e+000 -1.621218e+001 -7.614962e+000 -1.096575e+001 -1.365541e+001  4.453725e+000 -1.673766e+001 -1.759349e+000 -1.516987e+001  1.829840e+000 -1.666158e+001 -1.485988e+001  6.246194e+001  1.692580e+000 -2.920985e+000 -1.292312e+000 -2.763198e+000 -2.536967e+000  1.717299e+000 -2.326513e+000  1.127735e+000 -1.970966e+000 -8.875164e-001 -2.196677e+000 -3.414592e+000  3.150888e+000 -2.047667e+000  7.380326e-001  5.207992e-001  7.866435e-001  1.071957e+000 -4.120421e-001  7.738527e-001  1.338965e-001  1.021623e+000 -5.079303e-001  1.190734e+000  8.220555e-001 -4.522403e-001
 7.065357e+000 -1.931695e+001 -7.844688e+000 -1.243834e+001 -1.116483e+001  7.439134e+000 -1.394556e+001 -1.796354e+000 -1.233610e+001 -1.016932e+000 -1.691889e+001 -1.580960e+001  6.251654e+001 -6.709465e-001 -2.049765e+000 -7.985258e-003 -1.046046e+000 -3.303280e-001  2.501201e+000 -4.316533e-001  1.099793e+000  2.511751e-001 -5.875699e-001 -9.445223e-001 -1.352157e+000  1.553700e+000 -1.267204e+000  1.002705e+000  5.287836e-001  1.107322e+000  1.162619e+000 -5.386313e-001  6.953989e-001 -2.895911e-001  6.578723e-001 -3.267591e-001  9.595590e-001  1.033858e+000 -9.134156e-001
 5.216291e+000 -2.012171e+001 -9.759352e+000 -1.468679e+001 -1.233154e+001  5.083231e+000 -1.579636e+001 -5.750484e+000 -1.442926e+001 -6.702640e+000 -1.892443e+001 -2.098154e+001  6.227233e+001 -8.849906e-001 -2.095961e-001 -1.300160e-001  2.197229e-001  1.312558e+000  1.279774e+000  5.552083e-001  2.127435e-002  3.933441e-001 -1.084262e+000 -2.265488e-001 -5.491098e-001  3.398933e-002 -2.693016e-001  8.651980e-001  3.561548e-001  1.154124e+000  9.092513e-001 -1.023251e-001  2.571723e-001 -2.164540e-001  4.341908e-001  3.103912e-001  6.204824e-001  1.154855e+000 -8.260641e-001
 6.385523e+000 -1.922939e+001 -7.284945e+000 -1.197756e+001 -1.036230e+001  1.051060e+001 -1.433407e+001 -4.073487e-001 -1.454891e+001 -2.246290e+000 -1.729382e+001 -1.740662e+001  6.239333e+001 -2.251752e-001  2.557676e-001  3.620571e-001  1.186625e+000  1.221926e+000  1.347313e+000 -3.719886e-001  3.184335e-001  9.746762e-002 -1.546675e-001  2.236832e-001  3.426613e-001 -4.393310e-002  1.777966e-001  4.970362e-001 -3.927941e-002  6.374876e-001  2.241129e-001 -3.743373e-001 -3.443260e-001 -5.094996e-001  9.872103e-002 -6.005654e-003  2.854706e-001  6.562077e-001 -3.856441e-001
 4.856514e+000 -1.730395e+001 -8.544913e+000 -1.009753e+001 -7.493890e+000  9.316862e+000 -1.376736e+001 -2.347480e+000 -1.209674e+001 -2.976789e+000 -1.760686e+001 -1.680692e+001  6.269349e+001  1.231869e-001  2.522388e-001  3.034410e-001  1.891089e+000  1.233163e+000  1.782617e+000 -1.070484e+000  4.361449e-001  2.768417e-001  4.479882e-001  3.216324e-001  1.512276e+000 -1.806152e-001  1.638808e-001  3.956548e-002  1.881789e-002  1.044357e-001 -2.109758e-001 -1.788403e-001 -5.045426e-001 -4.536904e-001  4.566728e-002 -9.519599e-002  8.311170e-002  4.401528e-001 -1.013150e-001
 6.119369e+000 -1.944699e+001 -6.641622e+000 -8.799844e+000 -7.474023e+000  1.205889e+001 -1.682000e+001 -1.905689e+000 -1.301502e+001 -3.653194e+000 -1.645926e+001 -1.618361e+001  6.208630e+001 -2.860521e-001  2.044991e-001 -4.211108e-001  1.305709e+000  8.299344e-001  3.780926e-001 -1.340437e+000 -1.655141e+000  8.030314e-001 -1.383723e+000  2.087400e-001  8.981888e-001 -2.672184e-001 -4.499927e-002  4.284054e-002 -6.975841e-002 -3.304537e-001 -1.914459e-001 -2.689379e-001 -1.868279e-001 -4.493901e-001  1.174116e-002 -3.275569e-001 -2.523281e-002  1.123787e-001 -6.544689e-002
 5.965302e+000 -1.875171e+001 -8.563808e+000 -6.820199e+000 -7.609863e+000  1.322218e+001 -1.990582e+001 -2.820590e+000 -1.381200e+001 -3.759247e+000 -1.773355e+001 -1.403167e+001  6.152277e+001 -3.514810e-002  1.386566e-002  3.556574e-001  6.823595e-001  4.536749e-001  8.701832e-001 -1.483281e+000 -1.260390e+000  2.688986e-001 -9.457139e-001  1.964813e-001  1.373891e+000 -3.609432e-001 -8.421294e-002  6.818529e-002  3.901727e-002 -4.527257e-001 -1.279702e-001 -3.212902e-001  9.481551e-002 -1.148421e-001 -1.242285e-001 -2.344061e-001 -4.522457e-002 -1.894305e-001 -2.550022e-002
 4.400868e+000 -1.748301e+001 -9.381052e+000 -7.087681e+000 -6.154638e+000  1.044841e+001 -1.796703e+001 -8.446497e+000 -9.676125e+000 -8.773677e+000 -1.618678e+001 -1.430330e+001  6.164260e+001 -3.710040e-001  5.891569e-001 -1.284308e-002  1.387214e-001  6.544401e-001  4.588412e-001 -1.099730e+000 -1.080249e+000  1.601450e-001 -1.095601e+000  1.600946e-001  9.737477e-001 -2.810036e-001  3.255092e-002  3.684000e-002  1.890208e-001 -1.741549e-001 -1.025851e-001 -6.904108e-002  1.776990e-001  5.894796e-001 -2.912832e-001  2.113116e-001 -2.264332e-002 -1.985514e-001 -1.945904e-002
 5.540024e+000 -1.821661e+001 -5.396911e+000 -7.541812e+000 -5.885209e+000  1.447302e+001 -2.061025e+001 -5.379028e+000 -1.242170e+001 -5.145117e+000 -1.676069e+001 -1.087762e+001  6.111063e+001 -2.554018e-001  4.008364e-001  2.943935e-001  2.109544e-001  6.810586e-001  1.357920e-001 -7.167600e-001 -4.255112e-001 -2.285738e-002 -8.681031e-001  1.198322e-001  5.273439e-001 -3.012238e-001  3.708804e-002 -1.547441e-002  6.484064e-002  8.285108e-002 -6.603354e-002 -2.126895e-001  2.932784e-001  5.557277e-001 -2.097525e-002  1.452218e-001 -2.089367e-002 -3.052328e-001 -1.947495e-002
 4.476988e+000 -1.676876e+001 -8.289286e+000 -7.745430e+000 -5.064150e+000  1.372767e+001 -2.196643e+001 -6.027716e+000 -1.290945e+001 -8.438265e+000 -1.614521e+001 -1.289190e+001  6.088735e+001 -1.317062e-002  1.952137e-001  5.546249e-001  6.706371e-001  2.033171e-001  4.000828e-001 -8.352024e-001  8.748179e-001 -5.075067e-001 -3.659705e-001  1.338480e-001  3.287051e-001 -3.943733e-001  1.390926e-001 -1.485338e-001  1.990285e-001  1.272866e-001  7.421321e-003 -1.450066e-001  4.321373e-001  2.896073e-001  3.307997e-001  2.653206e-001  1.431883e-002 -9.262551e-002 -3.559826e-002
 4.650234e+000 -1.710466e+001 -7.637724e+000 -5.436553e+000 -4.749814e+000  1.226151e+001 -2.148991e+001 -6.157536e+000 -1.230962e+001 -8.267468e+000 -1.715517e+001 -1.210065e+001  6.039427e+001 -2.862458e-002  1.334652e-001  3.961266e-001  8.306571e-001  3.490687e-001 -1.638851e-001 -1.491522e-001  5.407144e-001  4.978482e-001 -5.844201e-001  1.051363e-001  1.702479e-001 -4.016331e-001  1.016829e-001 -8.329174e-002  6.406979e-002 -6.332438e-002  9.688812e-002 -3.722911e-002  3.936418e-001 -2.592070e-002  4.908078e-001  1.889696e-001  2.086476e-001 -6.666882e-002 -1.006863e-002
 4.779911e+000 -1.706292e+001 -5.487521e+000 -4.787125e+000 -5.705750e+000  1.355458e+001 -2.170321e+001 -3.683153e+000 -1.226970e+001 -9.042354e+000 -1.532030e+001 -1.204826e+001  6.002891e+001  2.110703e-001 -1.982651e-002  9.314331e-001  4.653031e-001  8.575417e-001 -1.163531e-001  7.771530e-001 -1.153258e-001  1.553791e+000  8.916040e-002  2.390368e-001  6.891682e-001 -4.087902e-001  2.726423e-002 -1.281664e-002 -1.654916e-001 -1.237876e-001  6.648421e-002  2.163473e-002  2.189581e-001 -2.691185e-001  4.781198e-001  6.486789e-002  2.566448e-001 -1.238655e-001  3.506325e-002
 5.245440e+000 -1.740221e+001 -4.817161e+000 -4.867680e+000 -3.819065e+000  1.374014e+001 -2.148763e+001 -3.847737e+000 -1.025233e+001 -7.765173e+000 -1.664747e+001 -1.044820e+001  5.953168e+001  1.408923e-001  9.189777e-002  4.263384e-001 -3.000498e-003  8.383870e-001  2.078644e-001  4.452713e-001 -6.004288e-002  1.400533e+000 -1.508204e-001  1.110476e+000  1.376829e-002 -3.443584e-001 -2.306974e-002 -2.675173e-003 -2.391187e-001 -1.051301e-001 -1.589468e-001  7.161573e-002  1.390076e-002 -1.399558e-001  8.465607e-002 -4.203968e-002  2.454514e-001 -2.068445e-001  7.465168e-002
 5.234736e+000 -1.671912e+001 -5.042402e+000 -5.703351e+000 -1.241816e+000  1.240659e+001 -1.808181e+001 -7.759244e+000 -6.169139e+000 -8.243610e+000 -1.520388e+001 -1.027228e+001  5.927469e+001  3.839207e-002  1.519142e-001 -2.879392e-001  4.685279e-001  2.910790e-001  3.223817e-001 -3.762360e-002 -1.703957e-001  1.431750e+000 -2.584308e-001  9.144020e-001 -2.123823e-001 -2.476944e-001 -5.396540e-002 -9.186545e-002 -2.393528e-001  7.017900e-002 -4.082820e-001  7.264395e-003 -1.493146e-001  1.070290e-001 -2.331862e-001 -1.269280e-001 -2.739083e-002 -1.631509e-001  1.023275e-001
 5.127283e+000 -1.681707e+001 -5.728591e+000 -4.993442e+000 -2.789846e+000  1.387482e+001 -2.107425e+001 -4.419705e+000 -8.357236e+000 -9.420942e+000 -1.166100e+001 -1.291980e+001  5.904959e+001 -5.763421e-002  3.421898e-002 -1.897808e-001  3.033943e-001 -1.624339e-001 -2.517385e-002  3.277399e-001 -1.315297e-001  9.821491e-001 -6.208229e-001  9.947107e-001 -4.131991e-001 -1.089226e-001  1.285806e-002 -1.948711e-001  1.956416e-002  1.180156e-001 -2.703472e-001 -2.421838e-001  1.791149e-001  6.994105e-002 -1.499513e-001  1.735181e-002 -3.469115e-001  1.441792e-001  9.278576e-002
 5.030950e+000 -1.659592e+001 -6.471502e+000 -2.381605e+000 -4.764965e+000  1.509914e+001 -2.209801e+001 -4.249148e+000 -6.058494e+000 -9.506623e+000 -1.324152e+001 -1.187437e+001  5.903148e+001  4.050650e-002 -4.503143e-001  4.272876e-002  6.630007e-001 -6.834581e-001  3.648796e-002  8.934593e-002  4.555625e-001  5.970514e-001 -3.104786e-001  1.599651e-001  8.689747e-002 -1.487083e-002  7.017657e-002 -2.412678e-001  2.050758e-001 -2.978110e-003 -3.860358e-002 -4.133342e-001  4.007581e-001  1.264266e-001 -2.437839e-001  1.329734e-001 -3.230878e-001  1.882088e-001  5.794358e-002
 5.059162e+000 -1.729271e+001 -5.051515e+000 -5.011581e+000 -2.869660e+000  1.226799e+001 -1.784083e+001 -6.260434e+000 -5.396908e+000 -1.023778e+001 -1.265509e+001 -1.171315e+001  5.910867e+001  2.041254e-001 -5.813435e-001  3.588253e-001  4.898413e-001 -2.608066e-002 -8.601075e-001  1.277361e+000 -2.331672e-002  1.068125e+000 -3.803749e-002 -2.468635e-001  5.850242e-001  3.158569e-003  3.425534e-002 -1.092211e-001  1.276968e-001  6.802297e-002 -5.725411e-003 -3.524499e-001  3.033352e-001  2.273347e-001 -3.382443e-001  2.077520e-001 -2.684831e-001  1.439755e-001  3.681251e-002
 5.471329e+000 -1.873287e+001 -5.167296e+000 -2.379278e+000 -4.619199e+000  1.339245e+001 -1.925179e+001 -4.561068e+000 -4.664046e+000 -9.387584e+000 -1.390701e+001 -1.044112e+001  5.917080e+001  2.583951e-001 -7.466434e-001  4.631368e-001  3.604138e-001  2.988448e-002 -1.326823e+000  1.491356e+000  4.076309e-001  1.698420e-001  1.150435e-001 -8.025017e-002  2.295498e-001 -1.401711e-002 -6.267372e-002  9.406790e-002  6.068773e-002 -1.656608e-002 -1.373565e-002 -3.162009e-001  3.024006e-001  1.975101e-001 -4.395910e-001  6.561179e-002 -5.359734e-003 -2.969282e-002  3.890671e-002
 5.927720e+000 -1.865531e+001 -4.586568e+000 -2.545399e+000 -2.993132e+000  1.042763e+001 -1.611056e+001 -4.380329e+000 -3.713834e+000 -9.670650e+000 -1.256258e+001 -1.071130e+001  5.899572e+001  4.698181e-003 -3.637220e-001  2.384993e-001  7.948025e-001 -5.477322e-001 -1.105768e+000  1.143411e+000  1.029110e+000 -4.954675e-001  2.051759e-001 -2.275972e-001  2.353523e-001  7.471313e-002 -9.682629e-002  9.595524e-002  7.496825e-002 -1.269929e-001 -1.996985e-001 -1.303708e-001  5.617084e-002  2.588889e-001 -5.989472e-001 -7.838917e-002  3.496234e-002 -9.271628e-002  2.767036e-002
 5.888646e+000 -1.964784e+001 -4.388291e+000 -1.812627e+000 -4.553806e+000  9.385211e+000 -1.550636e+001 -3.151046e+000 -6.050821e+000 -9.214972e+000 -1.368903e+001 -1.122754e+001  5.901787e+001 -1.731485e-001 -8.878555e-002  4.063304e-001  4.276897e-001 -4.913106e-001 -1.421687e+000  1.668324e+000  9.168998e-001 -8.191073e-001 -1.040263e-001  1.235333e-001  1.132693e-001  1.438854e-001 -3.962653e-002  5.189878e-002  1.398529e-001 -2.407022e-001 -2.437370e-001 -4.312783e-002  6.336367e-002  2.153751e-001 -5.329741e-001 -8.209933e-002 -3.681513e-002  9.843730e-002 -5.992775e-003
 4.873994e+000 -1.865384e+001 -4.248521e+000 -1.320894e+000 -5.641018e+000  8.742769e+000 -1.399649e+001 -1.819895e+000 -7.180859e+000 -9.298208e+000 -1.390207e+001 -1.014318e+001  5.955870e+001 -6.423426e-002 -4.304962e-001  7.620697e-001 -1.787611e-001 -7.639757e-001 -1.464530e+000  1.469732e+000  1.016493e+000 -1.432136e+000 -3.204484e-001 -1.739435e-001  1.795831e-001  6.255913e-002  5.092042e-002 -2.505936e-002  1.460005e-001 -3.280958e-001 -1.938743e-001 -1.260070e-001  2.792250e-001  5.341880e-002 -4.484243e-001 -2.696804e-002 -2.197206e-002  1.933629e-001 -5.575600e-002
 5.132449e+000 -1.917753e+001 -3.304668e+000 -8.530819e-001 -5.751809e+000  7.126446e+000 -1.196721e+001 -1.256785e+000 -7.026070e+000 -1.009394e+001 -1.261960e+001 -1.015884e+001  5.960873e+001  9.472866e-002 -4.537624e-001  9.006160e-001 -3.563151e-001 -1.080679e+000 -1.363081e+000  1.645014e+000  1.490815e+000 -2.026694e+000 -3.264093e-002 -2.911527e-001  7.496209e-001 -3.790398e-002  1.146609e-002  8.458393e-002 -1.362511e-002 -1.522100e-001 -2.743012e-001  1.413405e-002  2.235346e-001  9.857555e-002 -3.696886e-001  1.342312e-001 -4.130617e-002  2.207361e-001 -3.516834e-002
 5.984647e+000 -2.104294e+001 -1.318031e+000 -3.918977e+000 -6.214009e+000  4.234368e+000 -1.053148e+001 -2.449931e-001 -1.038689e+001 -1.083341e+001 -1.396701e+001 -1.034774e+001  5.901309e+001  1.253617e-001 -3.065304e-001  7.213590e-001 -4.536739e-001 -1.222419e+000 -1.765106e+000  2.551191e+000  1.009246e+000 -2.133795e+000  3.464298e-002 -1.301146e-001  8.839909e-001 -1.131722e-001 -8.914859e-002  3.232743e-001 -1.745474e-001  9.653132e-002 -2.649175e-001  1.397163e-001  1.843997e-001  5.830558e-002 -3.589125e-002  2.516516e-001  8.342049e-002  7.103396e-002  2.000877e-002
 5.806963e+000 -2.072210e+001 -1.350456e+000 -2.295161e+000 -9.670705e+000  4.824008e+000 -9.013798e+000  3.515576e+000 -1.458128e+001 -8.610576e+000 -1.511232e+001 -7.377156e+000  5.910116e+001 -2.106160e-001  2.721512e-001  3.585602e-001 -1.959038e-001 -1.633595e+000 -1.200728e+000  2.245268e+000  1.413401e+000 -2.316720e+000  3.895842e-001 -1.049120e-001  8.647460e-001  5.590935e-002 -1.491719e-001  4.151332e-001 -2.002263e-001  8.331543e-002 -1.648666e-001  1.513105e-001 -9.419739e-002  1.768382e-002  2.040358e-001  2.701662e-001  7.140538e-002 -2.460207e-001  4.029980e-002
 5.163546e+000 -1.941421e+001 -1.618832e+000 -2.868224e+000 -9.793667e+000  1.068459e+000 -2.717240e+000  8.401564e-001 -1.407223e+001 -9.866673e+000 -1.330628e+001 -7.114061e+000  5.924663e+001 -3.573049e-001  8.229185e-001  1.603606e-001  2.236898e-001 -1.812105e+000 -8.471246e-001  2.091603e+000  1.346728e+000 -1.466579e+000  7.266973e-001  1.500386e-001  4.771903e-001  1.156963e-001 -9.502233e-002  3.344882e-001 -6.190541e-002 -4.258855e-002 -9.194456e-002  1.426232e-001 -5.051404e-001  1.643388e-001  2.408166e-001  3.464153e-001 -1.222287e-001 -3.391996e-001  6.018640e-003
 4.489920e+000 -1.863114e+001 -1.361467e+000 -2.357977e+000 -1.212995e+001  2.705759e+000 -4.647988e+000  5.267644e+000 -1.676700e+001 -8.629383e+000 -1.347452e+001 -7.451947e+000  5.977151e+001 -4.097978e-001  1.057179e+000  1.799837e-001 -2.784198e-001 -1.610169e+000 -1.065519e+000  1.403821e+000  1.410493e+000 -1.340123e+000  9.721628e-001 -7.420234e-002 -2.770823e-001  4.916077e-002  6.666144e-002  1.344795e-001  6.250142e-002 -1.660894e-001  3.077359e-002 -1.492536e-001 -4.332383e-001 -1.371766e-001  3.577178e-001  2.685283e-001 -2.219004e-001 -2.326659e-001 -8.917060e-002
 4.856645e+000 -1.797383e+001 -5.107226e-001 -2.769120e+000 -1.404491e+001  1.057869e+000 -2.256366e+000  5.612613e+000 -1.662692e+001 -7.190519e+000 -1.403572e+001 -7.924395e+000  5.925639e+001 -2.501591e-001  9.733967e-001  5.011202e-001 -6.253586e-001 -1.693855e+000 -1.119595e+000  4.462119e-001  1.832394e+000 -1.418011e+000  1.475430e+000 -7.566131e-001 -2.410927e-001 -7.970466e-002  1.316997e-001  3.861964e-003  6.721053e-002 -1.260564e-001  9.705149e-002 -2.839353e-001 -3.779214e-001 -3.244155e-001  2.734902e-001  1.765413e-001 -2.380203e-001  6.157205e-003 -1.094292e-001
 3.911425e+000 -1.615639e+001 -1.004592e+000 -3.736812e+000 -1.559593e+001 -4.982922e-001 -2.225129e+000  8.181812e+000 -2.000455e+001 -5.087839e+000 -1.511861e+001 -8.357401e+000  5.934208e+001  6.911826e-002  8.693098e-001  5.006875e-001 -6.018267e-001 -1.538852e+000 -1.810761e+000  9.017719e-001  4.846848e-001 -5.524153e-001  1.357859e+000 -7.610882e-001  6.055784e-002 -2.922432e-001  1.984869e-001 -1.305335e-002  1.115144e-002  1.612729e-001  1.847436e-001 -2.121115e-001 -2.530913e-001 -5.315900e-001  4.706466e-001  6.394883e-002  3.121161e-002  2.119438e-001 -1.296746e-001
 4.201998e+000 -1.578460e+001  7.083320e-001 -5.305599e+000 -1.652995e+001 -2.927488e+000 -1.697610e+000  8.545045e+000 -1.954352e+001 -4.260295e+000 -1.626730e+001 -7.866798e+000  5.906282e+001  6.173561e-002  9.361631e-001  3.360614e-001 -2.448886e-001 -1.362507e+000 -1.894180e+000  4.530208e-001  1.875546e-001 -4.929823e-001  1.416555e+000 -6.966198e-001  3.391563e-001 -2.607475e-001  1.857503e-001  5.756143e-002 -7.988910e-002  3.072557e-001  3.302596e-001 -1.431435e-001 -2.475519e-001 -6.196620e-001  5.983049e-001 -1.218828e-001  3.162733e-001  1.406895e-001 -1.591296e-001
 5.162834e+000 -1.537921e+001  5.324437e-001 -4.098871e+000 -1.858169e+001 -4.355369e+000 -4.185070e-001  6.224852e+000 -1.807078e+001 -3.305198e+000 -1.616417e+001 -7.177956e+000  5.840708e+001  4.266892e-001  1.010529e+000  3.182704e-001  3.377095e-001 -8.521250e-001 -1.738784e+000  1.349603e-001 -4.250373e-001  5.505955e-001  1.321344e+000  5.185909e-002  4.925124e-001 -5.086910e-001  1.351431e-001  1.888847e-001 -1.147755e-001  1.865854e-001  5.595244e-001 -1.241519e-001 -4.579021e-001 -4.155666e-001  5.480832e-001 -2.870454e-001  3.805522e-001  2.773308e-002 -2.165154e-001
 4.539618e+000 -1.368160e+001  4.010664e-001 -3.812534e+000 -1.936456e+001 -6.484492e+000 -8.945732e-001  7.528866e+000 -2.005872e+001 -9.990625e-001 -1.699604e+001 -6.818336e+000  5.842015e+001  4.998068e-001  1.190594e+000  1.928833e-001  4.411517e-001 -3.859205e-001 -1.871301e+000 -4.081417e-001 -8.110546e-001  1.022008e+000  8.842736e-001  4.182796e-001  2.463773e-001 -7.671288e-001  8.162890e-002  3.526495e-001 -1.581550e-001  8.014603e-002  7.616755e-001 -2.508696e-001 -2.872286e-001 -5.442799e-001  4.954323e-001 -3.907917e-001  2.925996e-001 -1.552759e-001 -3.571296e-001
 5.876061e+000 -1.215524e+001  7.403927e-001 -2.794798e+000 -1.843925e+001 -7.413710e+000 -1.951846e+000  6.564715e+000 -1.699397e+001 -1.117328e-001 -1.449495e+001 -6.419070e+000  5.711996e+001  5.257980e-001  1.686518e+000 -1.600757e-003 -1.191990e-002  7.704771e-001 -2.442961e+000 -9.571574e-001 -1.093844e+000  1.430506e+000  1.887734e-001  5.842230e-001  2.456128e-001 -1.121629e+000 -1.411082e-001  5.243525e-001 -1.722451e-001  1.691637e-001  9.032473e-001 -5.682113e-002 -1.317560e-001 -6.595274e-001  1.256402e-001 -5.968594e-001 -2.622158e-002 -3.193092e-001 -4.685627e-001
 6.344419e+000 -1.144361e+001  1.568774e+000 -3.751877e+000 -1.853078e+001 -1.075482e+001 -2.971649e+000  4.319840e+000 -1.497188e+001 -1.435660e+000 -1.501051e+001 -7.014355e+000  5.587074e+001  4.203257e-001  2.361417e+000 -2.947780e-001  3.306562e-001  1.634570e+000 -2.796440e+000 -4.370634e-001 -2.199441e+000  1.544224e+000  2.888239e-002  5.001965e-001 -3.137732e-001 -1.739927e+000 -4.980851e-001  5.138121e-001  2.325412e-001  6.287088e-001  1.065731e+000  5.841416e-001  1.185954e-001 -6.880946e-001 -3.028505e-001 -1.144400e+000 -2.763123e-001 -2.290018e-001 -4.907803e-001
 6.889423e+000 -8.065615e+000 -5.941383e-002 -4.188799e+000 -1.514620e+001 -1.443501e+001 -4.165756e+000  2.360146e+000 -1.346167e+001 -2.143033e+000 -1.423582e+001 -5.851883e+000  5.407364e+001 -2.391113e-001  3.046880e+000 -2.991247e-001  1.238776e+000  2.653866e+000 -1.560320e+000 -5.093589e-001 -3.028481e+000  9.176883e-001 -1.235257e+000 -1.202072e-001 -8.239585e-001 -2.365105e+000 -9.061269e-001 -2.136254e-002  7.215623e-001  9.005060e-001  8.823020e-001  1.250609e+000  1.237849e-001 -3.950174e-001 -4.288436e-001 -1.431310e+000 -2.013416e-001 -2.277564e-001 -2.321005e-001
 6.134565e+000 -3.919335e+000 -6.729202e-001 -1.462252e+000 -1.283824e+001 -1.695604e+001 -1.972935e+000 -1.366057e+000 -1.410375e+001  1.609995e-001 -1.462462e+001 -8.670795e+000  5.124368e+001 -1.608164e+000  3.079473e+000  1.504351e+000  2.959348e+000  4.001038e+000  6.080869e-001 -3.906379e-002 -3.284209e+000 -2.358359e-001 -4.125709e+000 -6.110667e-001 -3.638460e-001 -2.599292e+000 -1.122636e+000 -6.935348e-001  7.339092e-001  3.894609e-001  4.408345e-001  1.621294e+000 -1.835210e-002  3.953604e-001 -8.080706e-002 -1.032429e+000  3.078636e-001  8.022486e-002  2.677528e-001
 4.785431e+000 -6.829774e-001  3.656161e-001  2.254269e+000 -8.016187e+000 -1.211470e+001 -4.997998e+000 -5.734739e+000 -1.283959e+001 -7.086347e+000 -1.528893e+001 -9.710642e+000  4.760796e+001 -2.990591e+000  1.220677e+000  2.706646e+000  3.176264e+000  3.998754e+000  2.107822e+000 -5.372326e-001 -2.526547e+000  1.763179e-001 -4.890482e+000  1.331465e-001 -8.681329e-001 -1.852449e+000 -8.944879e-001 -1.104735e+000  1.074491e-001 -6.514630e-001 -2.441703e-001  1.145790e+000  3.995308e-002  1.100287e+000  2.773616e-001  5.533099e-001  1.078073e+000  5.721503e-001  8.003646e-001
-6.444060e-001  2.624370e-001  8.878015e+000  7.823327e+000 -2.090595e+000 -8.874540e+000 -2.750847e+000 -8.053761e+000 -1.646210e+001 -1.959254e+001 -1.753929e+001 -6.904205e+000  4.610712e+001 -3.817113e+000 -1.931554e-001  1.871883e+000  1.309217e+000  3.166299e+000  3.475957e+000 -5.148871e-001 -4.736062e-001  1.510874e+000 -3.305651e+000  1.912838e+000  1.094383e-001 -6.574909e-001 -3.457613e-001 -1.035810e+000 -9.454988e-001 -1.648540e+000 -8.660781e-001  6.305385e-001  3.410527e-001  1.358819e+000  7.203353e-001  2.445532e+000  1.367705e+000  1.016677e+000  1.059619e+000
-4.674048e+000 -4.053117e+000  8.698348e+000  7.049734e+000 -5.262498e-001 -7.936649e+000 -6.462963e+000 -6.928740e+000 -1.140090e+001 -1.671867e+001 -1.211275e+001 -1.107584e+001  4.737968e+001 -3.607076e+000 -8.404788e-001  5.435487e-002 -1.193474e+000  1.850384e+000  2.734693e+000 -7.168190e-002  1.067655e+000  1.431141e+000  1.121264e+000  4.008207e+000  1.800151e+000  6.658169e-001  1.925824e-001 -4.674476e-001 -1.211042e+000 -1.581192e+000 -9.954023e-001  6.503906e-002  7.771130e-001  1.058236e+000  3.861032e-001  2.650573e+000  7.554196e-001  1.322346e+000  8.988705e-001
-8.221259e+000 -3.200042e+000  4.520129e+000  2.686099e+000 -7.517105e-001 -1.665282e+000 -3.814888e+000 -3.137088e+000 -7.268726e+000 -1.155109e+001 -6.648520e+000 -7.441003e+000  4.807037e+001 -3.028728e+000 -1.068999e+000 -1.896997e+000 -3.098486e+000  7.448322e-001  3.447344e+000  1.433424e+000  1.712786e+000  2.738429e+000  5.096077e+000  4.289930e+000  3.385395e+000  1.439670e+000  5.968004e-001 -6.256749e-002 -6.744327e-001 -6.974885e-001 -9.622650e-001 -8.699850e-001  4.645201e-001  1.807868e-001 -1.123075e-001  1.336750e+000 -3.968524e-001  7.389001e-001  4.453811e-001
-9.461524e+000 -3.154132e+000  2.816333e+000 -1.144486e+000  5.662901e-001 -2.045862e+000 -4.824387e+000 -2.854800e+000 -1.028057e+001 -5.500755e+000 -6.932817e-001 -4.414881e-001  4.995542e+001 -2.421872e+000 -6.786395e-001 -1.464122e+000 -2.525846e+000  2.324754e-001  2.447324e+000  2.374177e+000  1.671439e+000  1.493056e+000  4.161518e+000  2.721699e+000  4.105620e+000  1.593323e+000  8.104721e-001  2.257824e-001  9.135516e-002  5.646053e-001 -6.786202e-001 -1.207355e+000 -5.401112e-002 -4.557756e-001 -3.694925e-001 -5.196576e-001 -1.325423e+000 -5.114744e-001 -1.378085e-001
-1.339431e+001 -5.532052e+000  2.334036e+000 -3.571991e+000  1.087295e+000  5.416785e+000  3.596987e+000 -1.526799e+000 -3.330118e+000  2.788822e-001 -1.799375e+000  4.705590e+000  5.201760e+001 -1.425713e+000 -5.869125e-001 -7.410420e-001 -1.512040e+000 -8.360717e-001 -7.302834e-001  5.847840e-001  1.284362e-001  9.183788e-001  1.857972e+000  5.718298e-001  2.651204e+000  1.105661e+000  9.203705e-001  3.578679e-001  5.052789e-001  1.307271e+000 -3.456202e-001 -1.527937e+000 -8.395241e-001 -7.064784e-001 -7.540552e-001 -1.710728e+000 -1.217295e+000 -1.389916e+000 -6.378182e-001
-1.419688e+001 -6.280310e+000  2.470783e+000 -2.450451e+000 -2.833756e-001  7.589356e-001  1.701982e+000  6.233096e-001 -5.904924e+000 -1.826071e+000 -9.288327e-001  3.378959e+000  5.337268e+001 -3.562232e-001  4.739003e-002 -6.684694e-002  8.363296e-001 -7.522650e-001 -1.213269e+000  8.258275e-002 -4.190475e-001  4.937040e-001  1.420283e-001 -7.598599e-001 -3.901255e-001  1.437786e-001  9.616322e-001  3.453736e-001  4.077753e-001  1.102116e+000  2.464015e-002 -8.766086e-001 -8.215542e-001 -4.701697e-001 -6.628619e-001 -1.430344e+000 -8.410043e-001 -1.600292e+000 -8.929656e-001
-1.298215e+001 -4.571516e+000  9.876940e-001 -4.221117e+000 -4.507236e+000 -6.719098e+000 -4.154152e+000 -4.233962e+000 -4.864657e+000 -4.098573e+000 -3.671595e+000  3.904794e+000  5.189005e+001  5.403003e-001  3.573256e-001 -6.924012e-002  1.756781e+000 -4.908985e-001 -2.362046e+000 -1.618400e+000 -7.743626e-001 -5.321710e-001 -1.447816e+000 -5.576697e-002 -1.316315e+000 -1.024649e+000  7.538116e-001  2.946618e-001  3.211289e-001  6.074144e-001  3.328115e-001  3.795223e-002 -3.051984e-001  1.760239e-001 -7.897618e-001 -8.200160e-001 -1.892104e-001 -1.105836e+000 -7.304550e-001
-1.144872e+001 -3.397450e+000  3.155269e+000  3.361725e+000 -3.977689e-001 -2.044268e+000 -5.359036e-001 -3.596457e+000 -7.044785e+000 -2.601886e+000 -3.556471e+000 -1.991718e+000  5.073809e+001  1.403282e+000  5.761093e-001  2.388535e-001  1.350321e+000  1.830896e-001 -1.119838e+000 -6.320025e-001 -2.280106e-001 -1.095978e+000 -1.337308e+000 -1.169525e+000 -1.912083e+000 -1.806350e+000  4.392104e-001  7.145760e-002  6.070647e-002 -1.996895e-001  3.209459e-001  3.096766e-001  4.408027e-002  5.374010e-001 -4.248074e-001 -3.482107e-001 -8.107422e-002 -3.457105e-001 -2.648179e-001
-1.206689e+001 -5.186854e+000  1.645592e+000  2.305827e+000 -1.310000e+000 -4.991841e+000 -3.376068e+000 -3.288729e+000 -5.421043e+000 -6.572292e+000 -7.643908e-001  8.093530e-001  4.821165e+001  1.463592e+000  6.220372e-001  7.117524e-001  1.268036e+000  3.603084e-001 -5.872378e-001 -5.839155e-001  9.130374e-001 -2.235589e+000 -1.502440e+000 -1.693900e-001 -2.116998e+000 -1.571550e+000  2.069514e-001 -9.618209e-002 -1.784685e-002 -4.357167e-001  1.776413e-001  4.400654e-001  3.543751e-001  4.868449e-001  3.608516e-001  1.294395e-001 -3.734211e-001 -4.910830e-002  2.544585e-001
-7.638099e+000 -3.092094e+000  3.336102e+000  1.037681e+000 -9.665456e-001 -5.703884e+000 -1.847073e+000 -9.893597e-001 -1.110662e+001 -7.275751e+000 -8.230058e+000 -4.633734e+000  4.618013e+001  1.378183e+000  2.723222e-001 -1.538108e-001  8.225431e-002  4.268613e-001 -5.522906e-001 -2.142579e-001  1.424258e+000 -7.786242e-001 -1.571713e+000 -1.108419e+000 -1.718336e+000 -9.068604e-001 -3.527536e-002 -3.549743e-001 -3.971572e-001 -5.000849e-001  3.044155e-003  2.470821e-001  9.018414e-002 -1.926986e-001  1.123554e+000  3.544613e-001  8.359911e-002  5.186266e-001  4.826304e-001
-7.569499e+000 -1.614008e+000  4.456040e+000  3.281086e+000 -2.421305e+000 -7.825479e+000 -6.418145e+000 -9.723231e-001 -1.401168e+001 -9.273841e+000 -2.181752e+000 -5.359188e+000  4.631128e+001  1.587607e+000  2.830865e-002  3.785782e-002  2.122312e-001  2.754224e-001 -4.454924e-001 -5.539642e-002  8.337277e-001  1.113410e+000 -6.834161e-001 -1.953425e+000 -1.658730e+000 -2.021011e-001 -3.254990e-002 -5.597557e-001 -7.320089e-001 -5.894468e-001 -4.713193e-002  2.013591e-001  8.629018e-002 -6.493460e-001  1.478522e+000  6.909690e-001  1.033046e-001  8.897499e-001  3.345069e-001
-6.806499e+000 -3.822262e+000  9.809912e-001  3.285367e+000  2.292190e+000 -3.388902e+000 -8.615427e-002  2.366628e+000 -6.642585e+000 -9.109679e+000 -8.389888e+000 -7.499130e+000  4.715397e+001  1.164898e+000 -9.018979e-001 -1.409985e+000 -6.222011e-001  2.407534e-001  4.469957e-002 -4.453413e-001 -1.151849e+000  2.847292e+000  2.548676e-002  1.404885e-001  4.519160e-001 -7.792206e-002 -6.003598e-002 -5.362149e-001 -8.388298e-001 -6.126624e-001 -1.717650e-001  2.997642e-001 -7.252415e-002 -6.492561e-001  9.238238e-001  5.976921e-001  3.251862e-001  1.095951e+000  3.579910e-002
-4.544654e+000 -4.680227e+000  3.012436e+000  2.243140e+000 -1.562256e+000 -8.376794e+000 -4.533509e+000 -7.980847e-001 -2.086012e+000 -9.072409e+000 -1.045160e+001 -6.051597e+000  4.671422e+001  1.407485e+000 -1.589631e+000 -2.320205e+000 -1.326970e+000  2.177028e-001  1.210628e-001 -3.692290e-002 -1.045640e+000  3.344061e+000  1.153805e+000 -2.773208e-001  1.246626e+000 -3.134842e-001 -1.547631e-001 -3.423691e-001 -8.844566e-001 -3.742963e-001  7.390983e-002  6.184720e-001  3.990421e-001  1.152642e-001  2.654713e-001  3.881741e-001  1.627712e-001  6.267182e-001 -1.505698e-001
-3.326031e+000 -6.068474e+000 -2.992022e+000 -1.554352e+000 -1.923031e-001 -5.204729e+000 -5.016098e+000 -6.835723e+000 -2.832999e+000 -7.249033e+000 -3.392690e+000 -2.027949e+000  4.558905e+001  1.168064e+000 -1.599783e+000 -3.168928e+000 -2.211457e+000 -4.031038e-001  6.632526e-001 -5.861154e-001 -8.823392e-001  2.725169e+000  4.981364e-001 -3.205405e-001  2.308742e+000 -6.721733e-001 -1.390653e-001  1.423981e-001 -2.204607e-001  3.215051e-001  3.040179e-001  7.263141e-001  6.334234e-001  7.501612e-001 -3.112870e-001  5.930872e-002 -3.293397e-001 -2.691557e-001 -1.241438e-001
-2.272309e+000 -8.439057e+000 -5.158477e+000 -9.339049e-001 -9.054491e-002 -6.312251e+000 -4.137788e+000 -1.599345e+000  8.038306e-001 -4.435138e+000 -6.066955e+000 -1.861651e+000  4.552632e+001  8.122079e-001 -1.334594e+000 -3.504953e+000 -8.646224e-001  9.669001e-001  2.337591e+000  2.010201e+000  1.275294e+000  2.501828e+000  1.021130e+000 -9.090544e-001  5.464481e-001 -6.578243e-001 -1.840394e-001  5.436280e-001  3.902656e-001  7.570968e-001  3.064691e-001  4.422723e-001  2.169353e-002  3.274666e-001 -1.020612e+000 -1.365719e-001  7.773609e-002 -7.069256e-001 -4.580475e-002
-2.102350e+000 -9.941760e+000 -1.077819e+001 -6.183397e+000 -4.591843e-001 -1.104910e+000 -3.214592e+000 -1.644437e+000  5.538339e+000 -8.937633e+000 -1.218491e+001  1.949606e+000  4.438705e+001  7.672102e-001 -3.174257e-001 -1.919914e+000  7.541504e-001  1.386244e+000  2.568006e+000  1.698214e+000  1.438491e+000  1.711974e+000  3.883681e-001 -1.190343e+000 -5.437737e-001 -5.264710e-001 -2.874186e-001  5.871987e-001  9.573064e-001  6.780837e-001  7.590453e-002 -1.303314e-001 -4.236341e-001 -9.536736e-002 -1.601104e+000  4.331353e-002  5.817833e-001 -7.410499e-001  4.263550e-002
-1.095455e+000 -9.416556e+000 -1.061924e+001  2.345506e-001  3.405685e+000  1.261253e+000  4.616743e+000  2.982742e+000  6.237458e+000 -3.122460e+000 -1.060076e+001 -5.308134e+000  4.402609e+001  6.877146e-001  4.873302e-001 -9.933838e-001  9.757103e-001  8.553744e-001  1.380048e+000 -1.070620e+000 -5.687212e-001 -1.252399e+000  5.258297e-001  5.462608e-001 -8.617446e-001 -6.153591e-001 -4.796031e-001  3.745595e-001  1.122908e+000 -3.275577e-002 -5.278810e-001 -6.690251e-001 -1.006654e+000 -6.006948e-001 -1.613651e+000 -1.229424e-001  7.085448e-001 -5.589595e-002  3.613457e-002
-7.840647e-002 -7.166853e+000 -9.861208e+000  1.632173e+000  4.990803e+000  3.848550e+000 -9.022936e-001 -1.934313e+000  3.010055e+000 -5.963531e+000 -7.077501e+000 -3.023576e+000  4.370681e+001 -2.067822e-001  4.252487e-001  3.618186e-001  2.587945e-001  3.218176e-002  4.903674e-001 -1.163875e+000 -4.371684e-001 -3.403236e+000  9.623541e-001  1.860718e+000 -6.924112e-001 -4.802284e-001 -8.185999e-001  2.438467e-002  9.279677e-001 -2.263905e-001 -6.181012e-001 -6.505340e-001 -2.743150e-001 -1.826656e-001 -8.058822e-001  5.689181e-002  5.783792e-001  7.834698e-002  1.026405e-001
 1.542924e-001 -7.389860e+000 -1.058389e+001  3.686205e-002  1.461333e+000 -1.888743e+000 -1.064704e+001 -4.298013e+000 -4.194025e+000 -3.293041e+000 -5.889357e+000 -3.683783e+000  4.278965e+001 -1.098811e+000  1.668656e-001  9.687220e-001 -7.807233e-001 -9.954734e-001  3.128500e-002 -1.592025e+000 -7.903507e-001 -3.008820e+000  1.194247e-001  1.108139e+000  3.412871e-001 -5.002728e-001 -1.081424e+000 -2.479951e-002  7.966158e-001  1.900226e-001 -2.775084e-001 -3.343332e-002  9.932511e-001  2.265690e-001  2.837662e-001 -6.051891e-002  9.065513e-002  9.183338e-002  2.822473e-001
