51 39
-6.036597e+000 -8.187495e+000 -9.475517e+000 -4.028713e+000 -8.390096e+000 -3.711239e+000 -1.319105e+000  9.141568e+000 -6.415614e+000 -1.593990e+001 -1.092897e+001  6.834084e+000  3.988711e+001 -3.591113e-002  3.189645e+000  1.165372e+000  3.312717e-001  1.392533e+000 -5.643044e-001 -2.513998e+000 -3.573512e+000 -8.317070e-001 -9.757892e-001 -3.265532e+000 -3.152196e+000 -1.539724e+000  8.195512e-001  9.248126e-001  3.251670e-001  3.409638e-001 -4.067426e-001 -1.195339e+000 -3.713081e-001 -1.255515e+000  3.325069e-002 -1.526313e-001  2.373539e-001 -5.176341e-001  5.085266e-001
-5.693620e+000 -2.122666e+000 -4.591487e+000 -2.604508e+000 -2.727610e+000 -5.962677e+000 -2.545997e+000 -3.407753e+000 -1.256789e+001 -1.561082e+001 -1.522340e+001 -3.275631e+000  3.810907e+001  1.421046e+000  4.752750e+000  1.544803e+000 -3.696190e-001 -8.025940e-001 -2.594758e+000 -3.676448e+000 -5.290491e+000 -1.782153e+000 -1.319921e+000 -2.550927e+000 -4.065918e+000 -7.734497e-001  7.188464e-001  2.616928e-001  1.499172e-001  1.024507e-002 -1.235883e+000 -9.983355e-001 -1.482595e-001  4.102047e-001  4.839499e-001  4.586575e-002  1.024479e+000  7.208180e-001  6.475875e-001
-4.957914e+000  3.906578e+000  6.748732e-001 -2.064078e+000 -4.492758e+000 -6.315186e+000 -6.689684e+000 -6.683814e+000 -1.368273e+001 -2.168366e+001 -1.789366e+001 -5.523617e+000  3.694123e+001  2.510549e+000  3.383978e+000  9.006909e-001 -6.117578e-001 -2.014504e+000 -3.827023e+000 -2.977186e+000 -2.100175e+000 -4.228182e-001 -8.552325e-001  1.712650e-001 -7.497345e-001  7.838036e-001  2.388542e-001 -4.164508e-001 -1.294162e-001 -2.736384e-001 -1.096019e+000 -5.400425e-001  3.474925e-001  1.065258e+000  8.710665e-001  7.624763e-001  1.201978e+000  1.037637e+000  4.596176e-001
-4.550653e-002  7.013432e+000 -4.871062e+000 -7.805600e+000 -1.322209e+001 -1.657412e+001 -1.399898e+001 -6.758208e+000 -1.482414e+001 -1.839533e+001 -1.278050e+001 -4.668980e+000  3.883287e+001  1.921123e+000  2.826375e+000  7.591024e-001 -9.866894e-001 -3.816119e+000 -3.723516e+000 -2.566646e+000 -1.402308e-001  9.679568e-001  2.627094e-001  1.200149e+000  4.320833e-001  6.223278e-001 -4.435996e-001 -8.691630e-001 -3.495318e-002  8.065929e-002  4.238552e-003  3.938416e-001  8.973477e-001  1.058924e+000  9.249264e-001  7.429051e-001  6.217473e-001  6.857904e-001  1.304260e-002
 3.692092e+000  4.164344e+000 -4.832275e+000 -4.486956e+000 -1.321538e+001 -1.754063e+001 -1.047854e+001  3.159221e-001 -7.401576e+000 -1.882381e+001 -1.129409e+001  3.782086e+000  4.344423e+001  9.083211e-001  2.070579e+000  9.111418e-001 -7.283852e-001 -2.580801e+000 -2.700138e+000 -1.331437e+000 -8.223532e-001  2.148571e+000  2.045277e+000  8.688199e-001 -2.130102e-001  6.047516e-002 -6.214169e-001 -1.090237e+000  2.515251e-002  1.770509e-001  7.394928e-001  8.534016e-001  7.543287e-001  3.263510e-001  3.772277e-001  3.391444e-001 -5.765149e-002 -9.888645e-002 -8.114327e-002
-4.130098e-001  1.188033e+001  1.957599e+000 -6.326516e+000 -1.744690e+001 -1.896753e+001 -1.348480e+001 -7.608775e+000 -1.086868e+001 -1.572720e+001 -1.252244e+001 -5.768065e+000  3.796920e+001  4.161713e-003  1.063635e+000  1.364812e+000  9.199119e-002 -4.982530e-001 -1.188993e+000 -1.258421e-002 -6.347809e-001  1.556785e+000  9.443496e-001  2.090316e-001 -9.053282e-001 -3.465725e-001 -1.406469e-001 -1.618816e+000 -4.977459e-002  5.102524e-001  1.215324e+000  9.937673e-001  5.854414e-001  6.128495e-001  3.045915e-002 -9.818251e-002  3.563605e-002  4.547049e-001  6.569119e-001
-2.325570e-001  1.182603e+001  1.816252e+000 -6.445546e+000 -1.528436e+001 -1.861917e+001 -1.360396e+001 -1.037030e+001 -4.917612e+000 -1.279134e+001 -1.367859e+001 -6.039125e+000  3.767543e+001  3.619452e-001 -1.185836e+000  7.235987e-001 -2.658435e-001  2.402658e-002 -8.272764e-001 -4.825737e-001 -2.211446e-001  1.168906e+000  4.996696e-001  3.785663e-001 -5.754610e-001  8.625374e-001  1.205083e-001 -1.556751e+000  3.404298e-002  7.357826e-001  7.824119e-001  9.882690e-001  1.781175e-001  1.182648e+000 -4.216378e-001 -2.241374e-001  2.700894e-001  1.097127e+000  1.248803e+000
 1.937626e+000  8.500765e+000 -1.371266e+000 -6.366349e+000 -1.467886e+001 -2.197981e+001 -1.249919e+001 -4.589004e+000 -8.282202e+000 -1.668982e+001 -1.054309e+001 -4.285016e+000  3.998440e+001  1.491076e+000 -3.639500e+000  6.040010e-001  1.333301e+000  9.580892e-001  3.088902e-001 -6.387081e-002  2.623413e+000  1.610085e+000  5.446005e-001  1.623456e+000  2.886833e+000  3.505856e+000  5.476243e-002 -7.115195e-001  1.529447e-001  7.838154e-001  2.514303e-001  9.613803e-001 -1.823774e-002  7.816020e-001 -3.602418e-001  1.959241e-001  2.361817e-001  1.026314e+000  1.069469e+000
 4.326499e+000 -7.505383e-002  4.501507e-001 -5.796257e+000 -1.447926e+001 -2.017088e+001 -1.338421e+001 -2.299687e+000 -2.850283e+000 -1.584415e+001 -1.039093e+001  1.632554e-001  4.674932e+001  7.674055e-001 -3.361607e+000  1.461762e+000  2.329873e+000  6.030875e-001  1.492266e+000 -4.152059e-001  3.461790e+000  1.373146e-002  1.124464e+000  1.512055e+000  3.376543e+000  4.378278e+000 -2.611183e-001  5.623965e-001  1.841217e-001  7.063621e-001 -3.665142e-002  6.187685e-001 -3.070225e-002 -8.094305e-002 -5.906103e-001  6.172481e-002 -1.992404e-001  1.549455e-001  8.874085e-002
 4.762841e+000 -3.666334e-001  5.660655e+000  1.534647e-002 -1.305900e+001 -1.664723e+001 -1.391403e+001  1.472983e+000 -3.851921e+000 -1.147779e+001 -6.048986e+000  5.564909e+000  5.096154e+001  7.524369e-002 -1.406078e+000  1.760454e+000  2.713210e+000  4.693680e-001  2.458138e+000 -1.374568e-001  1.431762e+000  3.331631e-001  1.611573e+000  8.231959e-001  2.250243e+000  3.242902e+000 -4.083698e-001  1.277522e+000 -1.262948e-001 -4.958631e-002 -4.077456e-001 -1.562119e-001 -1.138659e-001 -1.276620e+000 -6.500463e-001 -5.152128e-001 -6.189491e-001 -1.034569e+000 -9.279974e-001
 2.191863e+000 -5.483094e-001  5.609103e+000  2.012971e+000 -1.307885e+001 -1.382413e+001 -1.497257e+001  3.907659e+000 -7.064095e+000 -9.775033e+000 -8.365374e+000  5.918627e+000  5.407825e+001 -2.357301e-001  5.094354e-001  1.065981e+000  2.576012e+000  8.513012e-002  1.191942e+000 -5.992919e-001 -3.003445e-002 -1.145684e+000  2.748075e-001 -2.175056e-001  5.175618e-001  1.437719e+000 -1.924070e-001  1.093975e+000 -3.693324e-001 -4.397566e-001 -5.546713e-001 -7.631123e-001 -1.669113e-001 -1.537738e+000 -4.699622e-001 -9.809341e-001 -5.819556e-001 -1.121794e+000 -1.209530e+000
 3.381163e+000  1.707005e+000  4.851526e+000  3.295089e+000 -1.303223e+001 -1.286250e+001 -1.239230e+001 -5.338668e-001 -4.509480e+000 -1.166651e+001 -7.439894e+000  4.088512e+000  5.253445e+001 -4.920552e-002  8.125882e-001  1.704176e-001  9.623001e-001 -8.216599e-001 -3.220073e-001 -5.411571e-001 -2.013774e+000 -1.060439e+000 -1.606635e+000 -6.065091e-001 -8.565211e-001  3.361492e-001 -1.875006e-001  5.130441e-001 -3.355126e-001 -3.199010e-001 -3.723393e-001 -8.529069e-001 -3.695284e-001 -1.028501e+000 -5.373049e-001 -9.460717e-001 -4.275701e-001 -5.006577e-001 -8.437977e-001
 3.838688e+000  1.435304e+000  6.184618e+000  5.443933e+000 -1.406699e+001 -1.610353e+001 -1.714154e+001 -1.446434e+000 -8.249925e+000 -1.437575e+001 -1.078301e+001  3.489263e+000  5.315146e+001 -1.324050e-001  9.989355e-001  4.101182e-001  1.006545e+000 -1.524755e+000 -9.332234e-001 -1.047912e+000 -2.504130e+000 -1.639279e+000 -2.171102e+000 -6.828710e-001 -6.790456e-001 -2.159954e-001 -4.062172e-001  2.669546e-001 -2.336550e-001 -2.622614e-002  8.121265e-002 -3.959735e-001 -2.466427e-002 -5.580047e-001  2.957183e-002 -3.710225e-001 -7.880522e-002 -9.851242e-002 -3.493754e-001
 3.693401e+000  2.704501e+000  6.224985e+000  3.111366e+000 -1.667323e+001 -1.711756e+001 -1.553533e+001 -5.918841e+000 -8.561202e+000 -1.721061e+001 -7.872714e+000  2.496985e+000  5.310569e+001 -9.139221e-001  9.143929e-001  4.108221e-001  1.898439e+000 -5.873860e-001 -7.438143e-001 -1.760789e+000 -2.473693e+000 -2.106564e+000 -1.895831e+000 -1.081972e+000  3.452582e-001 -1.492294e-001 -7.320235e-001  5.512651e-001 -5.095919e-001  3.073982e-001  7.130404e-001  6.509870e-002  5.226020e-001 -1.210895e-002  3.696697e-001  8.050318e-002  1.947850e-001 -2.437650e-001  6.284497e-002
 1.373719e+000  3.947620e+000  6.972964e+000  7.137557e+000 -1.888213e+001 -1.636271e+001 -1.864062e+001 -5.920506e+000 -1.323463e+001 -1.785849e+001 -1.156332e+001  3.319162e+000  5.271265e+001 -1.834458e+000  1.793306e+000 -2.224967e-001  1.976812e+000  3.740564e-001 -5.770222e-001 -1.127974e-001 -2.590099e+000 -4.747625e-001 -1.435707e+000 -3.738004e-001 -5.758899e-001 -6.646881e-002 -7.907948e-001  8.056580e-001 -1.017909e+000  2.954075e-002  9.913750e-001  4.164703e-001  9.212039e-001  3.036106e-001  5.240968e-001  3.591535e-001  5.809745e-001 -6.599282e-001  3.147127e-001
 4.403747e-002  5.022811e+000  6.511464e+000  1.194047e+001 -1.356159e+001 -1.645197e+001 -2.044670e+001 -1.066530e+001 -1.254995e+001 -1.940429e+001 -1.245960e+001  5.899853e+000  5.200770e+001 -2.858297e+000  3.171728e+000 -2.061235e+000  2.014157e+000  1.794136e+000 -1.746143e-001  1.604296e+000 -2.031335e+000  2.056515e-001 -1.571817e+000  2.128808e-001 -2.126924e+000  5.756108e-001 -5.185394e-001  8.749297e-001 -1.063003e+000 -4.622327e-001  5.764517e-001  6.269693e-001  8.472083e-001  7.421438e-001  3.073658e-001  5.424473e-001  9.083374e-001 -8.510606e-001  2.969434e-001
-3.508919e+000  9.242678e+000  4.928895e+000  1.091344e+001 -1.375253e+001 -1.932144e+001 -1.524984e+001 -1.202370e+001 -8.629363e+000 -2.045745e+001 -1.035857e+001 -1.091621e+000  5.336811e+001 -3.114192e+000  3.898558e+000 -3.443400e+000  1.096390e+000  2.241359e+000  8.645283e-001  1.875565e+000 -1.207257e+000 -1.749026e-001 -5.373413e-001  1.574575e+000 -2.742596e+000  9.951481e-001 -8.170094e-002  4.306348e-001 -4.395334e-001 -7.266438e-001  7.876204e-002  8.391276e-001 -1.272980e-002  1.117262e+000 -2.331996e-002  6.068661e-001  7.601631e-001 -2.890077e-001  8.213985e-002
-8.156763e+000  1.591561e+001 -3.059154e+000  1.129421e+001 -1.026735e+001 -1.651127e+001 -9.209242e+000 -1.302392e+001 -9.835577e+000 -2.377022e+001 -7.410685e+000 -5.932242e+000  5.565601e+001 -2.866752e+000  4.236415e+000 -3.293740e+000  2.748661e-002  1.361221e+000  1.670257e+000  1.481071e+000  5.456049e-001 -7.196652e-001  3.672226e-001  2.485527e+000 -2.826692e+000  8.046791e-001  2.761236e-001 -2.631092e-001  7.488301e-001 -7.248392e-001 -4.379098e-001  4.835541e-001 -6.550348e-001  1.114576e+000  5.763681e-002  9.308081e-001  2.502723e-001  2.875348e-001 -2.402077e-001
-1.009684e+001  1.799401e+001 -5.458725e+000  1.294264e+001 -9.322454e+000 -1.201042e+001 -1.488152e+001 -1.077748e+001 -1.546633e+001 -1.836224e+001 -6.214901e+000 -4.477769e+000  5.586424e+001 -2.238735e+000  3.414136e+000 -1.803911e+000 -6.630715e-001  9.843241e-001  2.696180e+000 -1.148342e-001  1.707742e+000 -1.287040e-001  6.291035e-001  2.290692e+000 -1.671044e+000  2.296963e-001  3.216965e-001 -7.588664e-001  1.321068e+000 -3.615876e-001 -5.607759e-001 -1.624795e-001 -3.493375e-001  5.934479e-001  4.851449e-001  7.043342e-001 -3.997085e-001  3.381610e-001 -3.051099e-001
-1.099576e+001  2.182922e+001 -4.763425e+000  1.106331e+001 -8.970523e+000 -1.175620e+001 -1.322550e+001 -8.560382e+000 -1.272979e+001 -1.861578e+001 -2.103796e+000 -6.540532e+000  5.478303e+001 -1.915407e+000  2.098393e+000  8.631718e-001 -7.303079e-001  2.331048e-001  1.327330e+000 -6.756789e-001  2.084044e+000  4.707362e-001  2.499001e+000  1.106184e+000 -1.225025e+000 -2.427021e-001  2.436221e-001 -1.029201e+000  1.070241e+000 -1.028096e-001 -3.202745e-001 -3.795259e-001  1.390464e-001 -4.384184e-001  2.245946e-001  5.524339e-001 -4.979146e-001  2.034980e-001 -1.118781e-001
-1.328309e+001  2.335656e+001 -3.238524e+000  7.713535e+000 -9.479323e+000 -8.218074e+000 -1.381588e+001 -5.716758e+000 -7.825774e+000 -1.988914e+001 -1.558555e+000 -9.142698e+000  5.495308e+001 -1.981382e+000  1.173237e+000  1.083486e+000 -3.326514e-001  1.537418e-003  2.235939e-001  1.207253e+000  9.907634e-001  1.655621e+000  1.918441e+000  2.657039e-001 -1.852624e+000 -6.710815e-003  2.926785e-001 -1.097750e+000  3.804685e-001 -1.489018e-001 -1.308152e-001 -4.279969e-001  7.033246e-001 -1.100835e+000 -2.257554e-001  1.843899e-001 -4.100145e-001  5.908824e-002  1.848061e-001
-1.614067e+001  2.372630e+001  1.466045e-001  1.025722e+001 -9.023388e+000 -1.177080e+001 -1.312046e+001 -5.134058e+000 -1.130217e+001 -1.051176e+001 -4.207937e+000 -9.724904e+000  5.489808e+001 -1.777318e+000  2.108616e-001  6.137693e-001 -6.517712e-001  2.512421e-001  1.008920e+000  1.515260e+000 -1.287998e+000 -4.888551e-001  2.484724e+000  1.008448e+000 -1.718412e+000  3.634922e-001  6.108905e-001 -1.152427e+000 -1.320330e-001 -4.829643e-001 -6.906185e-002 -2.861497e-001  5.389372e-001 -1.097511e+000 -5.078212e-001 -5.076163e-001 -1.471680e-002  6.232702e-002  3.917716e-001
-1.743130e+001  2.291166e+001 -2.496311e+000  1.168242e+001 -9.288335e+000 -1.088515e+001 -8.897779e+000 -7.536824e+000 -7.902031e+000 -1.282205e+001 -3.834311e+000 -1.214870e+001  5.577316e+001 -8.443871e-001 -1.130848e+000  2.231324e-001 -1.446849e+000  3.211796e-001  7.154003e-001  2.306319e+000 -2.110411e+000 -7.776852e-001  1.558192e+000  2.894873e-001 -1.128910e+000  8.506298e-001  1.251639e+000 -1.465503e+000  2.003833e-001 -6.587499e-001 -4.038055e-001 -6.002651e-001 -1.531218e-001 -6.059225e-001 -3.586577e-001 -3.942659e-001  5.384726e-002  6.064942e-001  3.814602e-001
-1.780825e+001  2.310598e+001 -2.065685e+000  5.820008e+000 -7.809807e+000 -5.378055e+000 -8.108253e+000 -1.409034e+001 -1.513594e+001 -9.725715e+000  4.076324e+000 -1.362959e+001  5.619045e+001  5.705477e-001 -2.511699e+000  6.331835e-001 -2.588031e+000 -2.720255e-001 -3.493214e-001  1.469474e+000 -1.852925e+000 -8.517164e-001  1.410439e-001  1.020708e+000 -1.275247e+000  1.287486e+000  1.634950e+000 -1.812019e+000  7.065839e-001 -6.211771e-001 -1.093768e+000 -1.162490e+000 -8.825483e-001  3.505292e-001  3.374043e-001 -1.996960e-001 -5.298035e-001  8.486846e-001  2.656464e-001
-1.667124e+001  1.801248e+001 -1.016718e+000  2.697898e+000 -8.480216e+000 -7.837443e+000 -4.790383e+000 -1.179067e+001 -9.797316e+000 -1.249121e+001 -4.253249e+000 -1.283491e+001  5.856004e+001  3.102881e+000 -4.792994e+000  2.075695e+000 -2.658271e+000 -1.755856e+000 -2.098611e+000  4.645371e-001 -1.756385e+000  4.376383e-002  1.118951e+000  5.288101e-001  9.582648e-001  1.438593e+000  1.394049e+000 -1.649236e+000  1.011311e+000 -7.112806e-001 -1.459667e+000 -9.054593e-001 -1.620546e+000  9.910761e-001  1.300348e-001  5.058438e-001 -7.031078e-001  8.157494e-001  6.212385e-002
-1.366796e+001  1.361740e+001  2.572725e+000  1.809328e+000 -1.078757e+001 -1.504126e+001 -7.826786e+000 -1.227176e+001 -1.461311e+001 -9.971960e+000  1.105075e+000 -1.575804e+001  5.994207e+001  4.423797e+000 -7.018161e+000  3.220407e+000 -3.151946e+000 -4.179082e+000 -3.396527e+000 -1.976590e+000  2.876355e-001  7.874417e-001  1.705864e+000 -1.760231e+000  1.481424e+000  1.397743e+000  5.964708e-001 -9.195534e-001  8.082484e-001 -6.364491e-001 -1.172321e+000  1.010619e-001 -1.382589e+000  1.468998e+000 -3.786375e-002  8.804684e-001 -9.711602e-001  6.863460e-001 -9.803294e-002
-3.987037e+000  3.690974e+000  5.562960e+000  3.964068e-001 -1.657873e+001 -1.654660e+001 -6.715827e+000 -1.722804e+001 -7.944627e+000 -7.104169e+000  2.953643e-001 -6.293154e+000  6.109032e+001  4.199233e+000 -7.123797e+000  3.986078e+000 -4.721294e+000 -5.023628e+000 -2.288293e+000 -4.073381e+000  1.774689e+000 -9.470901e-001  3.305001e+000 -1.835582e+000  1.571501e+000  1.106121e+000 -5.030820e-001  2.906476e-001  2.633126e-001 -3.420072e-001 -2.555823e-001  1.096610e+000 -5.472916e-001  1.606533e+000 -3.812150e-001  4.907992e-001 -4.921203e-001 -4.947246e-002 -1.843026e-001
-2.031368e+000 -4.824074e+000  1.074651e+001 -8.788975e+000 -2.465596e+001 -1.800611e+001 -1.702848e+001 -9.933475e+000 -1.212508e+001 -3.889913e+000 -6.999136e+000 -9.493345e+000  6.191403e+001  3.004725e+000 -5.944065e+000  3.719234e+000 -4.738765e+000 -4.499744e+000  2.508295e-001 -3.174510e+000  3.726527e+000 -5.456082e-001  3.450361e+000 -2.652896e+000  1.849864e+000  9.635574e-001 -9.710084e-001  1.277126e+000 -4.327801e-001  6.555889e-001  7.172801e-001  1.455940e+000  9.713061e-001  6.956108e-001 -1.382977e-001 -1.814150e-001  5.153992e-001 -2.761874e-001 -2.200721e-001
-1.493372e+000 -8.385773e+000  1.482678e+001 -1.560942e+001 -2.666416e+001 -1.779649e+001 -2.055644e+001 -4.086366e+000 -1.577678e+001  9.927726e-001 -9.379055e+000 -8.109746e+000  6.310467e+001  1.297006e+000 -3.876805e+000  3.142845e+000 -3.574898e+000 -2.873437e+000  1.560762e+000 -1.672961e+000  4.556835e+000 -1.195786e+000  2.700699e+000 -1.485459e+000  5.266822e-001  7.341728e-001 -8.485926e-001  1.264727e+000 -1.102382e+000  1.511062e+000  8.609896e-001  6.120043e-001  1.602868e+000 -3.518690e-001  7.585404e-003 -1.182195e+000  7.862003e-001 -7.233027e-001 -2.741694e-001
 1.088320e-001 -1.006455e+001  1.653699e+001 -1.388158e+001 -2.824358e+001 -1.316217e+001 -1.677903e+001 -2.099620e-001 -1.342507e+001  3.231375e+000 -7.322198e+000 -5.600421e+000  6.375268e+001  1.019868e+000 -2.256027e+000  1.478123e+000 -4.471996e-001 -1.667777e+000  1.958649e+000  1.679730e+000  2.374616e+000  2.203012e-001  1.100940e+000  6.417033e-001  6.228964e-001  4.833561e-001 -4.743108e-001  8.743035e-001 -1.518020e+000  1.657091e+000  7.897918e-001 -7.853351e-001  1.248426e+000 -9.675888e-001 -2.829103e-001 -1.718084e+000  9.415588e-001 -9.345971e-001 -3.032944e-001
 1.427894e+000 -1.307281e+001  1.838195e+001 -1.493178e+001 -2.915211e+001 -1.116476e+001 -1.520536e+001  6.943773e-001 -1.327356e+001  2.838680e+000 -6.970398e+000 -5.606205e+000  6.384185e+001  9.486985e-001 -2.644183e+000 -4.052769e-001  6.882348e-001 -2.134664e+000 -8.218145e-002  1.513839e+000  6.912992e-001 -1.292118e+000 -1.431265e+000  4.481192e-001 -1.431528e+000 -2.462540e-002 -5.922858e-002  4.394529e-001 -1.702931e+000  1.314440e+000  7.869993e-001 -1.656218e+000  3.505005e-001 -6.384375e-001 -3.313397e-001 -1.653322e+000  4.855445e-001 -5.580210e-001 -2.946858e-001
 1.607340e+000 -1.376069e+001  1.635954e+001 -1.136380e+001 -3.175088e+001 -1.152872e+001 -1.130537e+001 -4.507655e-001 -1.227518e+001  6.918342e-001 -4.994948e+000 -7.630633e+000  6.396222e+001  8.073250e-001 -2.188858e+000 -2.096805e+000  1.415125e+000 -9.201719e-001 -2.854374e+000  1.474220e+000  8.213508e-001 -1.911994e+000 -3.074079e+000  1.088109e+000 -1.844016e+000 -1.735153e-001  1.470592e-001  3.851949e-001 -1.377941e+000  6.609258e-001  1.245629e+000 -1.411407e+000 -7.335200e-001  4.091487e-001 -1.127582e-001 -7.200535e-001 -8.678962e-002  4.079746e-002 -2.476178e-001
 2.500866e+000 -1.975862e+001  1.288912e+001 -1.342714e+001 -3.558384e+001 -1.902412e+001 -1.572407e+001 -5.094685e-001 -2.281232e+001 -4.893780e+000 -8.302084e+000 -1.425228e+001  6.287677e+001  1.107135e+000 -1.713125e+000 -3.584344e+000  2.066142e+000  6.877573e-001 -4.313817e+000  1.822964e-001  2.141280e+000 -1.786337e+000 -3.478403e+000  7.190614e-001 -1.029967e+000 -4.108204e-001  2.530250e-001  8.079105e-001 -7.805969e-001  3.858370e-001  1.782660e+000 -4.764710e-002 -8.337243e-001  9.018551e-001  9.675105e-001  6.193703e-001 -1.733378e-001  9.541820e-001 -1.232539e-001
 3.608971e+000 -1.766594e+001  8.799376e+000 -7.558276e+000 -2.962857e+001 -2.350437e+001 -9.148574e+000  4.498715e+000 -1.821566e+001 -8.272787e+000 -1.215812e+000 -1.049746e+001  6.336765e+001  1.675946e+000 -7.955810e-001 -3.822049e+000  2.168476e+000  3.149158e+000 -2.982570e+000 -1.322098e+000  3.695369e+000 -9.638004e-002 -1.475758e+000  7.228412e-002  6.261029e-001 -5.616352e-001  1.934895e-001  8.093241e-001 -1.194784e-001 -1.116230e-001  1.235549e+000  1.322590e+000 -9.157439e-001  4.843905e-001  1.103485e+000  1.506949e+000 -4.220462e-001  8.954619e-001 -6.167961e-002
 5.962752e+000 -1.968581e+001  4.240307e+000 -6.503831e+000 -2.677447e+001 -2.674603e+001 -1.537228e+001  8.926039e+000 -1.923501e+001 -1.007103e+001 -5.264659e+000 -9.322624e+000  6.208504e+001  1.779513e+000  6.987314e-001 -3.445639e+000  2.240744e+000  4.743971e+000 -2.563190e-001 -1.256623e+000  3.763565e+000  2.637628e+000  8.664266e-001  8.934224e-002  2.104322e+000 -4.468350e-001 -1.149185e-001  6.290449e-001  4.475773e-001 -5.821245e-001  2.664077e-001  1.783630e+000 -3.680292e-001 -3.920768e-001  7.003481e-001  1.524363e+000 -1.740984e-001  2.398504e-001  8.129276e-002
 8.256125e+000 -1.777500e+001  1.573699e+000 -3.983071e+000 -2.040977e+001 -2.258062e+001 -1.809176e+001  1.330833e+001 -1.454574e+001 -4.098332e+000 -6.152240e+000 -6.964947e+000  6.154991e+001  1.438584e+000  6.518347e-001 -2.763550e+000  7.697083e-001  3.229469e+000  1.729824e+000 -2.385040e+000  2.432161e+000  1.393450e+000  2.288252e+000 -7.072632e-001  1.066149e+000 -4.639061e-001 -4.995896e-001  2.254481e-001  6.549287e-001 -8.316857e-001 -8.108802e-001  1.134224e+000  3.029761e-001 -1.188498e+000 -5.327355e-002  5.865611e-001  1.144220e-001 -6.175584e-001  2.299215e-001
 9.074854e+000 -1.621043e+001 -7.262416e-001 -4.011023e+000 -1.647338e+001 -2.076759e+001 -1.753559e+001  1.390355e+001 -1.145914e+001 -2.648875e+000 -5.387159e+000 -5.496929e+000  6.155147e+001  6.512235e-001  7.083921e-001 -1.875708e+000 -1.450969e-001  1.979640e+000  2.248134e+000 -1.126379e+000  8.125008e-001  9.704878e-001  2.261406e+000  2.383428e-001 -5.073781e-002 -5.322113e-002 -6.833805e-001 -2.960216e-001  6.493078e-001 -9.202173e-001 -1.388279e+000  1.468054e-001  3.820933e-001 -1.319739e+000 -8.504086e-001 -3.476181e-001 -9.714909e-002 -1.172854e+000  2.834057e-001
 9.245838e+000 -1.614445e+001 -2.535097e+000 -4.956138e+000 -1.863177e+001 -1.784447e+001 -1.999211e+001  1.417076e+001 -1.513634e+001 -5.426022e-001 -4.690878e+000 -7.079566e+000  6.131490e+001 -2.578576e-001  3.268291e-001 -1.332371e+000 -7.970320e-001  4.769219e-001  1.436324e+000  1.276604e-001 -7.715896e-001  4.708222e-001  7.595582e-001  5.698939e-001 -1.384159e+000  3.911656e-001 -5.915963e-001 -3.820233e-001  6.292815e-001 -5.277370e-001 -9.820227e-001 -3.271871e-001  5.926765e-001 -7.949455e-001 -5.739619e-001 -6.579869e-001 -3.205365e-001 -7.356701e-001  2.948054e-001
 8.724013e+000 -1.695912e+001 -3.083834e+000 -6.742782e+000 -1.776527e+001 -1.787344e+001 -2.005400e+001  1.255733e+001 -1.408727e+001 -5.418620e-001 -4.803626e+000 -9.519004e+000  6.193644e+001 -7.891690e-001 -6.188739e-001 -9.146894e-001 -1.576972e+000 -8.211508e-001  6.244581e-001 -6.025065e-001 -1.233252e+000 -1.153101e+000 -1.073170e-001 -1.034982e+000 -2.534792e+000  5.426575e-001 -3.609169e-001 -4.201537e-001  4.974895e-001 -3.839098e-001 -6.593531e-001 -4.182104e-001  1.378852e-001 -3.195879e-001 -6.114154e-001 -5.382192e-001 -9.398778e-001 -2.446780e-001  1.303744e-001
 7.142258e+000 -1.576651e+001 -3.909362e+000 -6.602351e+000 -1.737922e+001 -1.684607e+001 -1.619426e+001  1.012349e+001 -1.087757e+001 -1.354047e+000 -3.594537e+000 -1.187470e+001  6.331325e+001 -7.992016e-001 -5.946487e-001 -9.765129e-002 -1.153039e+000 -2.802492e-001  9.057268e-001  3.164068e-001 -5.196899e-001 -4.145641e-001  1.826791e-001 -1.673284e+000 -1.370174e+000  7.121814e-001 -4.008527e-002 -2.465423e-001  4.630595e-001 -2.291732e-001 -2.055294e-001 -1.177316e-001 -1.330784e-001  6.131871e-002 -3.166007e-001 -4.112508e-002 -9.760376e-001  3.175419e-001 -5.236828e-002
 6.180799e+000 -1.949377e+001 -4.612556e+000 -1.107277e+001 -2.120541e+001 -1.814449e+001 -2.244705e+001  9.760925e+000 -1.935404e+001 -2.779737e+000 -1.111024e+001 -1.577332e+001  6.326558e+001 -8.826889e-001 -9.316376e-001 -5.620289e-003 -1.886642e+000 -9.385399e-001  4.223803e-001 -5.313263e-001 -9.113884e-001 -1.643896e+000 -1.412504e-001 -3.339458e+000 -1.281120e+000  4.381428e-001  1.742826e-001  1.242513e-001  4.173093e-001  3.075796e-002  1.928094e-001  1.674673e-001  1.134560e-001  4.070353e-002  3.634553e-001  2.942051e-001 -3.624679e-001  6.694627e-001 -1.427678e-001
 6.521437e+000 -1.785037e+001 -2.258992e+000 -8.556336e+000 -1.831295e+001 -1.318030e+001 -1.721355e+001  1.297051e+001 -1.457578e+001  1.489731e+000 -9.903990e+000 -1.080328e+001  6.421124e+001 -4.115241e-001 -7.495005e-001  5.283913e-001 -1.788062e+000 -4.920307e-001  9.487049e-001 -5.733215e-001 -6.259280e-001 -8.667839e-001  5.708995e-001 -3.158056e+000 -4.232854e-001  1.815815e-001  2.097747e-001  2.876201e-001  1.476923e-001  6.803957e-002  1.581557e-001  7.833349e-002 -1.233565e-001 -2.895675e-001  5.460210e-001  1.862444e-001  7.412076e-002  4.301125e-001 -2.029030e-001
 4.620979e+000 -2.057538e+001 -3.937120e+000 -1.519900e+001 -2.199110e+001 -1.759442e+001 -2.220098e+001  6.576873e+000 -2.045764e+001 -2.670003e+000 -1.834619e+001 -1.646032e+001  6.367816e+001 -1.115950e-001  7.980843e-002  8.588361e-001 -1.105670e+000  2.487871e-001  1.440306e+000  4.096378e-001 -9.766156e-001  8.902853e-001  1.169598e+000 -2.104935e+000  3.390771e-001  9.411850e-002  2.219797e-001  5.251596e-001  5.366388e-002  3.919928e-001  3.753654e-001  6.480425e-002 -1.383879e-002 -2.155622e-001  9.985958e-001  1.709206e-001  6.785364e-001  5.280483e-001 -1.515686e-001
 5.864547e+000 -1.897321e+001 -1.605124e+000 -1.347955e+001 -1.944653e+001 -1.237758e+001 -1.918390e+001  8.585878e+000 -1.465969e+001  1.445583e+000 -1.576684e+001 -1.364763e+001  6.401487e+001 -1.358751e-001  3.377289e-001  2.085822e-001 -1.203327e+000 -8.313408e-002  7.884315e-001 -7.708578e-001 -1.934914e+000  1.048450e+000  4.584767e-001 -1.919941e+000 -2.971010e-002 -1.303215e-001  7.343973e-002  4.755581e-001 -1.082457e-001  3.150583e-001  2.732175e-001 -4.536298e-001 -2.664537e-001 -3.536131e-001  7.324673e-001 -2.814535e-001  7.045749e-001  3.921797e-001 -1.399837e-001
 5.951269e+000 -1.853331e+001 -6.453105e-001 -1.413952e+001 -1.939469e+001 -1.134432e+001 -1.941369e+001  7.070164e+000 -1.486066e+001  3.090328e+000 -1.870349e+001 -1.265576e+001  6.383435e+001  8.938523e-002  1.150546e+000  4.226037e-001 -2.190460e-001  7.338389e-001  8.265382e-001 -5.017521e-001 -1.334706e+000  2.391466e+000  7.695642e-001 -5.658332e-001  1.162333e+000 -1.637489e-001 -4.633950e-002  3.395313e-001 -1.020572e-001  2.481690e-001  1.073101e-001 -7.818568e-001 -5.445172e-001 -1.330876e-001  2.773172e-001 -5.648453e-001  6.409756e-001  3.709573e-001 -1.371566e-001
 5.176917e+000 -1.718276e+001 -2.861986e+000 -1.510271e+001 -2.002682e+001 -1.236319e+001 -2.246149e+001  3.049298e+000 -1.213202e+001  9.019491e-001 -1.932505e+001 -1.285411e+001  6.348153e+001 -1.448155e-001  1.092921e+000  2.052789e-001 -6.560830e-001  6.315308e-001 -1.012560e+000 -1.449895e+000 -2.214948e+000  2.044962e+000 -6.363513e-001 -4.047325e-001  1.125985e+000 -3.894032e-001 -9.322071e-002  2.961565e-001  1.661744e-001  3.712449e-001  3.774698e-003 -7.275509e-001 -3.507169e-001  3.770846e-001 -1.569140e-001 -4.634414e-001  5.678150e-001  5.278984e-001 -1.293094e-001
 5.411721e+000 -1.571787e+001 -1.195670e+000 -1.548265e+001 -1.803176e+001 -1.346892e+001 -2.307095e+001  2.671631e+000 -9.764142e+000  1.449635e+000 -1.939625e+001 -1.104541e+001  6.312608e+001 -3.388223e-001  1.399869e+000  3.502017e-001 -1.384475e-001  4.280052e-001 -1.568483e+000 -1.973429e+000 -1.502036e+000  1.778615e+000 -1.107214e+000  3.423389e-001  1.616016e+000 -4.621239e-001 -1.825340e-001  2.023263e-001  2.086170e-001  3.410090e-001 -2.406637e-001 -5.876598e-001 -2.690552e-001  6.346828e-001 -7.682323e-001 -5.239084e-001  2.916537e-001  3.779639e-001 -1.332433e-001
 5.410244e+000 -1.491632e+001 -3.035491e-001 -1.608840e+001 -1.697034e+001 -1.637808e+001 -2.460475e+001 -2.895966e-001 -6.983131e+000 -9.158267e-001 -1.744412e+001 -8.822880e+000  6.242199e+001 -3.878749e-001  1.693850e+000  1.075655e+000  6.125979e-001  8.865623e-002 -1.651812e+000 -1.788604e+000  3.417438e-002  5.703056e-001 -9.203411e-001  4.650477e-001  2.382941e+000 -6.276810e-001 -1.978970e-001  2.313219e-001  2.442030e-001  4.702577e-001 -1.342877e-001 -1.915700e-001  1.177593e-001  8.937994e-001 -9.347805e-001 -3.928962e-001  9.980565e-002  2.789432e-001 -8.777912e-002
 4.140494e+000 -1.266719e+001 -1.735204e-001 -1.433891e+001 -1.878291e+001 -1.717929e+001 -2.820920e+001  1.229429e+000 -8.542024e+000 -1.536856e+000 -1.793225e+001 -6.591293e+000  6.205350e+001 -7.017552e-001  1.861713e+000  1.030501e+000  8.516583e-001 -1.980425e-001 -1.792135e+000 -1.677674e+000  7.141461e-001 -7.123671e-001 -1.707983e+000  4.575451e-001  2.423675e+000 -7.108265e-001 -2.659748e-001  2.513882e-001 -4.179091e-002  3.863348e-001  2.421910e-001 -2.748677e-001  6.976092e-001  1.583092e-001 -5.032641e-001 -6.135973e-001 -2.103580e-001 -5.899126e-002 -5.765328e-002
 3.873155e+000 -1.023885e+001  2.005214e+000 -1.261159e+001 -1.920797e+001 -1.876707e+001 -2.883538e+001  3.941271e+000 -9.891548e+000 -2.206511e+000 -1.773181e+001 -3.166466e+000  6.087941e+001 -9.528341e-001  2.018609e+000  1.086144e+000  1.200153e+000  2.731159e-001 -1.858584e+000 -1.008977e+000  1.145958e+000 -1.383449e+000 -2.300448e+000  3.669262e-002  2.116871e+000 -7.039474e-001 -4.659709e-001  4.877135e-001 -6.652774e-001  3.548163e-001  6.442195e-001 -3.116320e-001  1.504043e+000 -1.067159e+000  2.676243e-001 -6.653587e-001 -9.828199e-002 -4.863513e-001  3.973098e-002
 2.671489e+000 -8.748042e+000  2.802451e+000 -1.296276e+001 -1.790316e+001 -2.123510e+001 -2.934400e+001  4.126928e+000 -1.187177e+001 -6.444939e+000 -1.696468e+001 -1.755247e+000  6.034324e+001 -1.386217e+000  2.494430e+000  1.360025e-001  1.499449e+000  1.546730e+000 -2.839435e+000  1.124803e+000 -1.266382e+000  2.391725e-001 -3.485147e+000 -4.952734e-001  1.454094e+000 -7.122570e-001 -6.770636e-001  9.287668e-001 -1.153689e+000  4.705944e-001  8.660210e-001  3.022375e-002  2.102331e+000 -1.616164e+000  7.757072e-001 -2.892987e-001  4.423210e-001 -5.797397e-001  1.306742e-001
