71 39
-1.147692e+001  2.252748e+000 -3.726660e+000 -2.606181e+000 -2.903722e+000 -6.592827e-001 -4.776452e+000  1.044662e+000 -4.743380e-001 -2.208751e+000  2.465580e+000 -3.699564e+000  3.181563e+001  1.513080e-001 -3.287259e+000 -2.498662e+000 -1.649794e+000 -1.075213e+000  1.001812e+000 -3.047404e-001  1.095907e+000 -1.093474e+000  5.991910e-002  6.843200e-001  5.206516e-001  1.776521e+000  5.270827e-001  2.527692e-001  5.823020e-001  1.097811e+000  5.286903e-002 -7.359031e-001 -5.456409e-001 -7.536697e-001 -1.411469e+000 -4.384457e-001 -1.175588e+000 -6.356119e-002  7.978472e-001
-1.545627e+001  2.937619e-001 -1.667109e+000 -3.253905e+000 -1.875223e+000 -3.360519e+000 -7.159866e+000 -3.403232e+000 -1.076770e+000 -1.077029e-001 -3.652867e+000 -9.168088e+000  3.047297e+001  9.867535e-001 -3.500149e+000 -1.388221e+000 -2.085181e-001 -1.965701e+000  5.060782e-001 -1.704543e+000  4.961153e-001 -2.185037e+000  2.401760e-001 -2.028521e+000  1.377769e+000  3.659127e+000  2.011211e-001  5.843903e-001  2.334145e-001  8.780447e-001  1.941119e-001 -4.998714e-001  3.294395e-001 -2.423946e-001 -8.570947e-002 -2.341820e-001 -3.643352e-001  2.536634e-001  7.113424e-001
-1.024912e+001 -8.138243e+000 -5.286601e+000 -3.440053e+000 -9.127693e+000 -1.250729e+000 -7.399452e+000 -1.297049e-001 -4.589691e+000  2.129472e+000 -2.303097e+000 -5.379357e-001  4.126872e+001 -1.447500e-001 -7.859446e-001  5.143998e-001  1.214769e+000  4.219326e-001 -5.020018e-001 -5.621438e-002 -2.975807e-001 -1.287967e+000  1.152425e+000 -3.022235e-002  9.095919e-001  1.128016e+000 -5.181987e-001  9.844089e-001 -1.988165e-001  2.143940e-001  2.912381e-001 -3.989389e-001  9.220921e-001 -1.055084e-001  1.081208e+000 -6.324092e-001  1.467541e-001 -3.584827e-001  6.218573e-001
-9.357388e+000 -8.077721e+000 -4.649847e+000 -2.790030e+000 -9.615632e+000 -5.515660e-001 -9.112899e+000  6.060143e-001 -5.984544e+000  3.025083e+000 -2.631027e+000 -6.053518e-001  4.471259e+001 -2.320262e-001 -4.494692e-001 -2.291170e+000  5.870223e-003 -3.293197e-001  6.362072e-002  1.687531e+000  9.800635e-001  8.536037e-001 -2.028099e-001  7.264619e-001  9.137558e-001  3.333534e+000 -6.588826e-001  1.081615e+000 -7.402449e-001 -2.128663e-001  1.365658e-001 -4.516423e-001  1.397504e+000 -2.021013e-001  1.494974e+000 -1.229169e+000  6.102878e-001 -4.709282e-001  9.796197e-001
-1.525012e+001  2.508766e+000  3.367088e-001  3.235725e+000  3.076145e+000 -4.573768e+000 -4.081007e+000 -2.447865e+000 -4.460286e+000  1.986982e+000  1.803549e+000 -3.432972e+000  3.033590e+001 -1.830296e+000  1.094452e-001 -3.041270e+000 -6.850185e-001 -4.372136e-001 -7.716536e-001  2.609683e+000  3.263908e-001  2.793246e+000 -2.880634e+000  4.059880e-002 -1.039755e+000  5.048604e+000 -1.427359e-001  7.170714e-001 -2.133979e-001 -4.904439e-001 -1.417636e-001 -1.496490e-001  8.718045e-001 -5.850003e-001  7.002896e-001 -6.692954e-001  1.463769e-001  2.201134e-001  1.547715e+000
-1.411591e+001 -7.277089e+000 -1.593461e+001 -6.562443e+000 -9.623741e+000 -1.380896e+000 -3.814349e-001  2.656166e+000  3.126546e+000 -1.050507e+000 -2.073880e+000 -3.151791e+000  5.260706e+001 -1.464887e+000  1.460230e+000 -3.311611e+000 -3.229557e-001 -8.532984e-001 -1.617308e+000  3.950029e+000 -8.263771e-001  3.249224e+000 -3.889138e+000  9.875073e-001 -2.198771e-003  6.596931e+000  2.548642e-001  8.366638e-001  2.035422e+000 -1.031969e-001  8.410845e-001  4.254418e-002 -1.841935e-001 -8.008862e-001 -8.865314e-001  6.938711e-001  1.474985e-001  7.524765e-001 -6.346841e-002
-1.702134e+001 -7.991333e+000 -1.485057e+001 -4.978939e+000 -1.130971e+001 -4.694332e+000  1.283232e+000  4.771732e-001  4.820993e+000 -1.023590e+001 -2.378676e+000 -4.463492e+000  6.256451e+001 -2.419995e-001  1.844563e+000 -4.236942e-002 -1.073038e+000 -2.489605e-002 -4.097824e-001  3.171559e+000 -2.319362e+000  1.015671e+000 -3.508875e-001  5.711395e-001  2.468136e+000  7.234891e+000  6.380343e-001  4.379386e-002  3.002664e+000 -1.436166e-001  6.669374e-001  7.881014e-001 -9.989246e-001  4.231184e-002 -1.604600e+000  1.979542e+000  7.921571e-002  6.216921e-001 -1.539689e+000
-1.579621e+001  4.473478e+000 -1.361426e+001 -2.974767e-001 -6.689198e+000 -8.577822e+000  7.955127e+000 -4.988390e+000  5.620938e+000 -1.030917e+001  4.397623e+000 -1.010859e-001  6.158294e+001  2.481465e-001  2.866291e+000  6.386492e+000 -3.161048e-001  3.669944e+000  9.540606e-002  4.856254e-001 -1.701491e+000 -2.690266e+000  2.001673e+000  1.198684e+000  2.922193e+000  1.923049e+000  5.368471e-001 -1.320457e+000  2.686991e+000 -8.040579e-002 -1.358787e-002  1.413049e+000 -1.076135e+000  1.116663e+000 -1.447747e+000  1.499209e+000 -3.263099e-001 -5.694993e-001 -2.165306e+000
-1.561996e+001  5.856298e+000 -1.035313e+000 -5.261947e+000  1.484393e+000 -3.024217e+000  7.608507e+000 -1.022240e+001 -6.291286e-001  4.861875e+000  1.423495e+000  7.382357e+000  6.202241e+001  5.033590e-001 -3.746160e-001  7.122999e+000 -1.406527e+000  6.358522e-001  2.312497e+000 -6.527378e-001  9.755070e-001 -2.260011e+000  4.071668e+000  3.310890e-001  6.065097e-001 -3.128990e-001  3.421286e-001 -1.924472e+000  6.423565e-001  5.641550e-001 -1.181567e+000  6.732914e-001 -1.072735e-001  1.695440e+000 -4.537332e-001 -4.704861e-001 -7.405229e-002 -1.362611e+000 -1.860435e+000
-1.357586e+001  1.305497e-001  9.090219e+000 -8.001463e+000  2.328929e+000 -1.738923e+000 -1.115945e+000 -5.015046e-001 -7.599723e+000  1.408966e+000  2.018455e+000  5.536248e+000  6.249335e+001  8.466698e-001 -4.032467e+000  6.540658e+000 -5.582402e-001 -1.251612e+000  4.086796e+000  4.815049e-001  3.109505e+000 -2.351670e+000  1.395628e+000 -5.240169e-001 -1.918882e+000 -4.557011e-001  3.045495e-001 -1.458718e+000 -1.491751e+000  1.229946e+000 -1.562057e+000 -6.020988e-001  7.445363e-001  8.553902e-001  5.716999e-001 -1.524719e+000 -4.119047e-002 -1.069538e+000 -7.058914e-001
-1.561472e+001 -7.692948e+000  9.412185e+000 -8.159579e+000 -1.263951e+001  3.448703e+000  2.555079e+000  3.111265e+000  1.312701e-001  4.263371e+000  4.663526e-001 -4.249610e+000  6.054481e+001  1.169382e+000 -4.328417e+000  3.092330e+000  1.868805e+000 -3.471952e+000  9.609797e-001  2.637252e+000  3.752342e+000 -1.422294e+000 -2.400296e+000  1.062229e+000 -1.924382e+000 -8.779068e-001  3.611721e-001  1.076218e-001 -1.942438e+000  1.608676e+000  1.391847e-001 -1.965653e+000  1.995293e-001 -5.450457e-002  7.896188e-001 -1.550032e+000 -1.279589e-002 -4.832976e-002 -3.929272e-001
-1.156548e+001 -8.914232e+000  1.386528e+001 -1.639861e+000 -5.885306e+000  8.619699e+000  1.288937e+001  3.892302e+000 -6.517609e+000 -3.031773e+000  2.256109e+000 -3.879512e+000  6.004324e+001  1.437883e+000 -2.450396e+000  9.430732e-001  4.195961e+000 -2.086437e+000 -2.239329e+000  2.563312e+000  1.187042e+000 -2.506248e-001 -2.385941e+000  6.271620e-001 -1.160052e+000 -1.323904e+000  7.349795e-001  1.152617e+000 -2.057770e+000  6.982151e-001  8.524698e-001 -2.650027e+000 -1.636450e+000 -1.019585e+000  9.429896e-001 -3.939981e-001 -5.177894e-001  3.577385e-001 -3.924253e-001
-1.077825e+001 -1.126340e+001  1.203880e+001  9.012771e-001 -1.176825e+001 -3.398630e+000  1.379211e+001  6.342410e+000 -8.281653e+000 -4.919238e+000  6.615810e+000  2.468328e+000  5.885793e+001  2.013613e+000 -6.275420e-001  2.096040e-001  4.259755e+000  1.749188e+000 -4.352703e+000 -6.959950e-001  1.664215e+000  6.375611e-001 -1.787708e+000 -3.084799e-001 -1.455400e-002 -1.843433e+000  1.252996e+000  1.033823e+000 -1.714482e+000 -5.095637e-001  1.010910e+000 -1.672210e+000 -3.065958e+000 -1.124864e+000  5.736856e-001  3.869335e-001 -9.417286e-001  3.750684e-002 -1.135348e-001
-8.804687e+000 -1.033621e+001  1.249228e+001  8.447911e+000 -8.538885e+000 -9.511904e+000  6.082099e+000  3.818135e+000 -4.646385e+000 -5.929435e+000  2.079536e+000 -3.622981e+000  5.671726e+001  4.099452e+000 -1.198189e-001 -2.306826e+000  1.737361e+000  4.001674e-001 -6.506497e+000 -6.034123e+000 -9.443590e-001  1.333351e+000 -8.806561e-001 -2.427609e+000 -1.085104e+000 -1.935064e+000  1.311533e+000  3.135630e-001 -1.441461e+000 -1.299841e+000  8.992261e-002 -4.548256e-001 -2.794498e+000 -3.813741e-001 -2.262991e-001  2.239983e-001 -4.918162e-001 -9.696437e-002  3.507506e-001
-6.927052e+000 -1.011967e+001  1.114671e+001  8.095308e+000 -2.566780e+000 -9.249012e+000  2.478737e+000  1.146943e+001  2.383464e+000 -3.226338e+000 -9.877601e-001 -4.450646e+000  5.299063e+001  6.103578e+000 -3.245894e-001 -3.855129e+000  5.502862e-001  3.392951e-001 -5.266486e+000 -8.393819e+000 -8.062797e-001  6.541466e-001 -1.218271e+000 -2.119029e+000 -1.774322e+000 -1.140001e+000  6.235358e-001 -1.980662e-001 -8.426751e-001 -9.600168e-001 -8.821687e-001  4.883696e-001 -1.069966e+000 -3.334898e-002 -8.242175e-001 -5.645865e-003  1.957962e-001 -6.545922e-002  7.642138e-001
 7.006180e+000 -1.008519e+001  2.777200e+000  3.449926e+000 -8.485204e+000 -2.098760e+001 -1.162457e+001 -3.393001e+000 -5.183412e+000 -8.281503e+000 -6.080153e+000 -5.845543e+000  5.330157e+001  5.950565e+000 -1.034057e+000 -4.231867e+000 -4.485091e-001 -9.318773e-001 -4.056566e+000 -7.560267e+000  5.154191e-001 -1.390413e+000 -1.550668e+000 -9.266445e-001 -7.649900e-001  7.813225e-002 -8.364723e-001 -2.634121e-001  4.197387e-001 -1.815096e-001 -6.431241e-001  1.327208e+000  1.266076e+000  9.704963e-001 -6.981382e-001  1.011601e-001  7.100410e-001  1.923645e-001  7.766996e-001
 1.183421e+001 -1.301185e+001 -2.379306e+000  6.151700e+000 -1.009861e+001 -2.399321e+001 -1.932365e+001  5.916579e+000 -4.742407e+000 -9.834559e+000  1.005101e-001 -5.292001e+000  5.486578e+001  4.205735e+000 -1.160754e+000 -3.041251e+000  5.526055e-001 -1.995633e+000 -3.135821e+000 -5.282753e+000  7.675814e-001 -2.121644e+000 -1.480931e+000 -7.998128e-002 -5.019069e-001  9.710373e-001 -1.799139e+000 -3.835355e-002  1.278673e+000 -3.819842e-002 -6.159296e-001  1.262462e+000  2.564805e+000  5.347638e-001 -2.705740e-001  3.293498e-001  4.317187e-001  1.472087e-001  4.335774e-001
 1.156751e+001 -1.406040e+001 -1.904052e+000  7.177170e+000 -9.432354e+000 -2.242263e+001 -2.081804e+001  9.171653e+000 -8.035516e+000 -1.037866e+001 -3.097822e+000 -7.027253e+000  5.617035e+001  8.660114e-001 -1.018797e+000 -6.150717e-001  8.286531e-001 -1.647989e+000 -9.357889e-001 -1.259276e+000  3.121192e+000 -7.694445e-001 -2.435256e-001  1.030719e-001 -7.594887e-001  8.929146e-001 -1.814694e+000  1.864350e-001  1.440910e+000 -2.129461e-001 -4.448160e-001  9.797991e-001  2.567952e+000 -2.294057e-001  6.621268e-002  4.037930e-001  2.261674e-001 -2.209002e-001  1.694344e-002
 1.182096e+001 -1.393583e+001 -1.718922e+000  8.994714e+000 -1.207137e+001 -2.421060e+001 -1.933829e+001  9.025005e+000 -6.798706e+000 -9.582415e+000 -2.878832e+000 -6.369325e+000  5.641142e+001 -3.498387e-001 -5.239872e-001  7.298373e-001 -2.792870e-001 -2.382297e+000 -5.145645e-001  1.279710e+000  5.646530e-001 -1.009208e+000 -2.250936e-001 -4.752935e-001 -1.041029e+000  6.204948e-001 -1.320899e+000  2.087444e-001  1.192157e+000 -6.091561e-001 -2.520224e-001  7.807153e-001  1.760091e+000 -6.847947e-001 -2.621273e-001  4.247402e-001  8.445258e-002 -3.907699e-001 -1.669960e-001
 1.134286e+001 -1.471719e+001 -6.283499e-001  6.171685e+000 -1.573877e+001 -2.555785e+001 -1.791363e+001  1.065875e+001 -8.002485e+000 -9.625203e+000 -4.075122e+000 -9.104324e+000  5.699332e+001 -8.451190e-001 -4.202659e-001  1.087141e+000 -1.097293e+000 -2.962625e+000 -4.681990e-001  1.998260e+000 -5.301453e-001 -1.615568e+000 -1.596220e-001  4.018487e-001 -1.599930e+000  3.381206e-001 -6.685110e-001  2.072806e-001  7.567207e-001 -4.822071e-001 -1.148740e-001  6.440071e-001  6.294560e-001 -9.766407e-001 -7.282240e-001  4.221034e-001 -7.538001e-002 -2.783596e-001 -1.269646e-001
 1.019734e+001 -1.530340e+001  6.320294e-001  5.258008e+000 -1.885689e+001 -2.499843e+001 -1.437731e+001  7.996298e+000 -9.804962e+000 -1.133676e+001 -1.787307e+000 -9.458610e+000  5.755677e+001 -1.543194e+000 -4.162975e-001  2.068429e+000 -1.530202e+000 -2.598428e+000  5.339605e-001  1.888932e+000 -8.307232e-001 -3.009219e+000  6.008177e-001  1.928932e-001 -2.035536e+000  4.134541e-001 -4.381843e-001  1.813100e-001  4.363002e-001 -2.097745e-001  1.422500e-001  7.726641e-001 -2.422216e-001 -4.577058e-001 -6.476848e-001  5.813729e-001 -3.941807e-001 -2.127750e-001 -3.207157e-002
 8.153723e+000 -1.547795e+001  2.356179e+000  3.559057e+000 -2.085272e+001 -2.436971e+001 -1.330723e+001  7.035280e+000 -1.461023e+001 -1.029960e+001 -1.634341e+000 -1.348226e+001  5.728828e+001 -1.879866e+000 -3.623924e-002  2.499235e+000 -9.569247e-001 -2.114294e+000  1.759984e+000  1.583393e+000 -1.064324e+000 -3.410559e+000  1.454036e+000 -6.079215e-001 -1.654033e+000  3.616119e-001 -2.213127e-001  2.517357e-001  1.300983e-001 -1.496661e-001  3.128156e-001  7.598615e-001 -5.175825e-001 -3.267304e-001 -3.177750e-001  5.368659e-001 -8.671603e-001  7.614653e-002  2.067238e-002
 5.699561e+000 -1.563694e+001  7.130961e+000  2.650017e+000 -2.250653e+001 -2.213486e+001 -1.219682e+001  6.683122e+000 -1.854093e+001 -6.241127e+000 -3.134756e+000 -1.435803e+001  5.833121e+001 -2.023387e+000  1.905497e-001  2.205291e+000 -1.398344e+000 -2.095213e+000  2.234664e+000  2.760356e-001 -1.456787e+000 -3.350136e+000  1.874942e+000 -1.941312e+000 -2.077852e+000  4.483913e-001  7.950540e-002  2.639237e-001 -3.008616e-001 -2.484143e-001  3.816819e-001  4.092064e-001 -5.509364e-001 -3.039674e-001  2.191721e-001  1.898446e-001 -8.748301e-001  3.416041e-001 -3.965053e-002
 4.192421e+000 -1.473161e+001  8.618361e+000  2.691056e+000 -2.448542e+001 -1.818971e+001 -1.108690e+001  5.993716e+000 -2.068730e+001 -4.902840e+000 -6.441005e+000 -1.492478e+001  5.841415e+001 -1.711586e+000  5.349892e-001  1.669202e+000 -1.911553e+000 -1.650155e+000  2.480756e+000  2.167961e-001 -1.850765e+000 -3.033984e+000  1.887646e+000 -2.866850e+000 -1.198039e+000  4.240139e-001  2.596800e-001  2.997278e-001 -4.911420e-001 -2.914944e-001  4.776035e-001  1.551563e-001 -4.605892e-001 -1.125942e-001  5.939212e-001 -5.236890e-002 -3.713227e-001  4.652178e-001 -8.384075e-002
 2.061055e+000 -1.472382e+001  8.527393e+000 -1.299711e+000 -2.751661e+001 -1.691511e+001 -1.410729e+001  1.233145e+000 -2.351711e+001 -4.660429e+000 -9.090535e+000 -1.912661e+001  5.923579e+001 -1.229807e+000  6.177067e-001  9.791382e-001 -2.294959e+000 -9.220875e-001  2.219606e+000 -1.824514e-001 -1.957339e+000 -2.101646e+000  1.333236e+000 -3.051793e+000 -5.555124e-001  1.840004e-001  3.411364e-001  3.831255e-001 -4.067616e-001  7.146420e-002  6.367100e-001  1.431743e-001 -2.192590e-001  2.952095e-001  8.284391e-001  3.573484e-002  2.706408e-001  7.170801e-001 -1.384785e-001
 1.415046e+000 -1.325956e+001  1.000397e+001 -4.023843e+000 -2.659846e+001 -1.457581e+001 -1.126802e+001  5.064412e-001 -2.729206e+001 -1.651723e+000 -1.299070e+001 -1.708817e+001  5.895606e+001 -9.782555e-001  1.248821e+000  6.566019e-001 -1.966089e+000 -3.128386e-001  2.543295e+000 -4.903089e-001 -1.377019e+000 -1.065198e+000  1.463044e+000 -1.909294e+000 -8.911400e-002  7.460365e-002  2.848120e-001  3.544504e-001 -2.720267e-001  3.868253e-001  6.251472e-001 -6.915154e-002 -1.003336e-001  5.134308e-001  9.904408e-001  7.304238e-002  7.697451e-001  5.415999e-001 -1.070811e-001
 9.392129e-001 -1.328443e+001  1.133385e+001 -5.467330e+000 -2.606045e+001 -1.284378e+001 -1.301852e+001 -3.599378e-001 -2.574678e+001 -1.200507e+000 -1.511887e+001 -1.605390e+001  5.898026e+001 -6.843700e-001  1.749261e+000  6.777828e-001 -1.013755e+000  4.196793e-001  2.919267e+000 -4.667067e-001 -2.176129e-001 -1.923340e-001  2.265917e+000 -1.066886e+000  9.530851e-001 -6.929588e-002  1.960687e-001  2.283190e-001 -8.409601e-002  4.628566e-001  4.961830e-001 -3.920417e-001  2.781445e-001  3.211623e-001  9.091653e-001  8.081929e-002  8.783879e-001  3.878253e-001 -3.323971e-002
-1.379358e-001 -9.207200e+000  1.049814e+001 -5.055580e+000 -2.677769e+001 -7.508899e+000 -1.408283e+001 -9.483550e-002 -2.489845e+001  6.824208e-001 -1.297331e+001 -1.690670e+001  5.891494e+001 -5.602444e-001  1.741464e+000  4.597461e-001 -6.180287e-001  8.046980e-001  1.785168e+000 -1.427441e-001 -1.534745e-001  9.635639e-001  1.786517e+000 -1.057787e-002  7.556614e-001  1.525650e-002  1.548100e-001 -1.266820e-001  8.175911e-002  2.675589e-001  2.528532e-001 -7.407087e-001  4.846365e-001  5.969131e-003  6.630191e-001 -2.511840e-001  6.145498e-001  2.742330e-001 -7.303123e-003
-5.843042e-001 -8.003695e+000  1.166922e+001 -5.852617e+000 -2.532860e+001 -5.852229e+000 -1.503342e+001  4.457190e-001 -2.567558e+001  5.502083e+000 -1.443366e+001 -1.445192e+001  5.890987e+001 -4.584688e-001  1.512980e+000  6.570861e-001 -6.547067e-001  1.000059e+000  6.384609e-001  1.034489e+000 -9.633000e-001  1.429799e+000  1.575596e+000  3.907885e-001  9.612266e-001  4.747543e-002  9.596626e-002 -3.189273e-001  6.914021e-002  6.347813e-002 -2.394360e-002 -7.796937e-001  4.225028e-001 -3.397017e-001  4.078054e-001 -5.916607e-001  3.847895e-001  6.097222e-002  4.241371e-003
-6.244172e-001 -7.192613e+000  1.213501e+001 -6.921343e+000 -2.294090e+001 -9.145745e+000 -1.097429e+001 -6.637598e-001 -2.250984e+001  3.929567e+000 -1.338620e+001 -1.411085e+001  5.906754e+001 -3.171561e-001  7.335518e-001  1.075746e+000 -8.078187e-001  6.612371e-001 -1.984572e-002  1.182276e+000 -9.743294e-001  1.438830e+000  5.522849e-001  4.346172e-001  1.277980e+000 -2.029762e-002  6.188293e-002 -2.634578e-001  6.772739e-003  2.253355e-002 -1.678720e-001 -3.212917e-001 -1.848972e-002 -2.246830e-001  4.740287e-002 -5.878813e-001  4.920435e-002  2.676973e-002 -8.072644e-002
-1.109891e+000 -6.726823e+000  1.380084e+001 -7.807981e+000 -2.297855e+001 -8.833053e+000 -9.400353e+000 -4.891976e+000 -1.979209e+001  5.053899e+000 -1.295849e+001 -1.264569e+001  5.914133e+001 -3.260829e-001  6.585807e-001  7.154840e-001 -6.014692e-001  3.716917e-001 -7.669453e-002  9.832976e-001 -1.505694e+000  1.609060e+000 -7.527061e-002  6.344641e-001  9.967867e-001 -3.031197e-002  4.404720e-002 -6.638915e-002 -2.112764e-001  8.473478e-002 -2.674070e-001  1.507087e-002 -4.477721e-001 -1.398215e-002 -9.904524e-002 -5.150032e-001 -1.772637e-001 -2.186304e-001 -1.542819e-001
-1.460923e+000 -6.177877e+000  1.481106e+001 -8.116991e+000 -2.464652e+001 -6.117715e+000 -1.098799e+001 -2.297635e+000 -2.064605e+001  3.667938e+000 -1.153781e+001 -1.141991e+001  5.869772e+001 -3.170228e-001  8.513745e-001  4.644108e-001 -5.319797e-001  2.795221e-001  5.362874e-001 -2.095972e-001 -1.005693e+000  1.110948e+000 -3.274565e-001  1.136061e-001  8.717300e-001 -3.494820e-001  4.516699e-002  1.733410e-001 -3.651686e-001  2.130760e-001 -3.078955e-001  2.435831e-001 -5.311188e-001 -4.270848e-002 -2.031341e-001 -9.683461e-002 -4.096245e-001 -1.863227e-001 -1.860937e-001
-1.796465e+000 -5.218159e+000  1.390862e+001 -8.262139e+000 -2.261732e+001 -7.749716e+000 -1.011008e+001 -6.265814e+000 -1.856218e+001  5.256545e+000 -1.218553e+001 -1.081345e+001  5.894322e+001 -2.382995e-001  1.122123e+000 -9.362841e-002 -3.689524e-001 -1.461182e-001  4.357487e-001 -5.084354e-001 -1.017529e+000  1.098514e+000 -5.595497e-001 -3.350244e-001  7.119999e-002 -5.593418e-001  7.502613e-002  1.451222e-001 -2.477463e-001  2.285251e-001 -2.509841e-001  3.214027e-001 -4.278094e-001  1.742123e-002 -1.964550e-001  1.649900e-002 -2.678656e-001 -3.333281e-002 -1.496927e-001
-1.866244e+000 -3.690072e+000  1.440318e+001 -9.354162e+000 -2.172390e+001 -7.005977e+000 -1.166741e+001 -5.005304e+000 -1.757005e+001  2.190962e+000 -1.320464e+001 -1.066832e+001  5.741919e+001 -1.352129e-001  1.368485e+000 -3.455411e-001  1.413027e-001 -6.193352e-001  9.418480e-001 -7.274513e-001 -1.431954e+000  6.784325e-001  3.102514e-001 -1.128761e+000  8.091602e-001 -6.862515e-001  6.386495e-002  4.820347e-004 -3.637617e-002  4.396112e-002  8.994168e-002  3.498453e-003 -6.839325e-002 -1.255288e-001 -1.369681e-001  1.269271e-001  6.650971e-002 -1.744173e-003 -1.817001e-002
-2.098728e+000 -2.360110e+000  1.353664e+001 -9.034158e+000 -2.517045e+001 -6.210178e+000 -1.160282e+001 -8.625787e+000 -1.583751e+001  2.994638e+000 -1.380019e+001 -1.266549e+001  5.698389e+001 -4.185715e-002  1.125636e+000 -1.182715e-001  2.045152e-001 -4.338001e-001  1.327539e+000 -8.968223e-001 -1.205457e+000  8.430426e-001 -3.116295e-001 -8.368025e-002  8.614075e-001 -6.103908e-001  4.417114e-002 -1.661804e-001  3.169822e-001 -3.035375e-001  5.710913e-001 -2.885262e-001  3.562397e-002 -9.722374e-002 -2.408677e-001  1.207262e-001  1.694115e-001  3.779577e-002  1.517891e-002
-1.985856e+000 -7.644740e-001  1.326935e+001 -7.024468e+000 -2.646663e+001 -2.178244e+000 -1.387887e+001 -8.277420e+000 -1.861622e+001  6.350148e+000 -1.637429e+001 -6.448095e+000  5.624612e+001 -9.591921e-002  8.520281e-001  2.948515e-001 -5.989078e-001  8.730715e-001  1.078847e-001 -3.573700e-001 -1.539373e+000  5.538436e-001  1.832190e-001  3.204826e-001  4.679053e-001 -4.148075e-001  4.885323e-003 -2.020646e-001  4.237906e-001 -6.132097e-001  8.060645e-001 -5.911388e-001  3.328662e-002  8.089633e-002 -2.424328e-001 -5.699003e-002  1.497625e-001 -2.202063e-001  2.142578e-002
-1.945945e+000 -1.052778e+000  1.388418e+001 -8.404410e+000 -2.241496e+001 -3.525889e+000 -1.348846e+001 -1.065704e+001 -1.382388e+001  1.618804e+000 -1.101911e+001 -8.616530e+000  5.647780e+001 -3.709061e-002  5.494499e-001  1.171087e+000 -1.516535e+000  1.963135e+000 -5.899009e-001 -5.153562e-001 -1.449939e+000 -4.352970e-002  1.075974e-001 -2.125887e-001  4.308063e-001 -6.191692e-001 -1.148081e-003 -8.020867e-002  2.914740e-001 -5.274515e-001  4.530601e-001 -4.037072e-001 -1.156239e-001  3.376229e-001 -4.557554e-001  1.460042e-001 -3.154719e-001 -4.812232e-002 -1.969201e-002
-2.422231e+000 -8.359753e-002  1.570367e+001 -1.266358e+001 -1.873629e+001 -7.808698e+000 -1.251144e+001 -1.168654e+001 -1.580765e+001  3.794973e+000 -1.299277e+001 -1.035328e+001  5.559819e+001 -1.131695e-001  6.462553e-001  1.128733e+000 -2.064221e+000  2.212520e+000 -1.055126e+000 -7.517512e-001 -9.052320e-001 -9.044562e-002 -1.843123e-001 -3.154944e-001 -7.657079e-002 -5.747334e-001  1.608420e-004 -3.605263e-002  7.178240e-002  2.300396e-002 -1.834645e-001  7.966456e-002 -1.980813e-001  6.197671e-001 -2.688999e-001 -1.194167e-002 -2.782178e-001  2.493736e-001  1.041950e-002
-2.065994e+000  4.670081e-002  1.817491e+001 -1.379728e+001 -1.921995e+001 -6.344456e+000 -1.486332e+001 -1.417092e+001 -1.745945e+001  4.810213e+000 -1.655389e+001 -8.558869e+000  5.421201e+001 -3.897240e-002  8.274792e-001  9.221579e-001 -1.700086e+000  1.161776e+000 -1.094920e-001 -1.277751e+000  1.655868e-001 -1.113590e+000  6.021572e-001 -1.343051e+000  8.930340e-001 -6.288880e-001 -2.788190e-002 -1.329871e-002 -2.276354e-001  5.545974e-001 -6.396592e-001  2.537256e-001 -7.229382e-003  4.787900e-001  1.240346e-001 -1.789974e-001  1.123549e-001  1.705853e-001  8.562710e-002
-2.491679e+000  1.917063e+000  1.676764e+001 -1.464914e+001 -1.700154e+001 -6.044593e+000 -1.695020e+001 -1.104664e+001 -1.725067e+001  3.832883e+000 -1.518437e+001 -6.859779e+000  5.450535e+001 -9.417410e-002  5.327503e-001  7.782278e-001 -3.921124e-001  3.564285e-001  2.660030e-001 -9.665791e-001  7.516999e-001 -2.556257e-001 -1.237692e-001 -5.053753e-001  1.483659e+000 -3.578506e-001 -5.295628e-002 -6.239916e-002 -1.927350e-001  7.327638e-001 -6.700949e-001  1.109860e-001  2.004936e-001 -1.984002e-001  4.214082e-001 -2.033787e-001  1.799314e-001 -4.183568e-002  2.686341e-002
-2.106083e+000  2.084288e+000  1.796298e+001 -1.591206e+001 -1.747345e+001 -4.955401e+000 -1.765784e+001 -1.014906e+001 -1.867032e+001  4.610635e+000 -1.663857e+001 -5.898108e+000  5.387978e+001 -1.859978e-001  5.397088e-001  2.081623e-001  4.203979e-001 -3.071154e-001  1.816235e-002 -4.440892e-001  1.155457e-001  6.592333e-001 -8.176611e-001  4.441263e-001  5.036179e-001 -2.994751e-001 -7.656093e-002 -3.794315e-002 -1.592434e-001  6.065896e-001 -3.467185e-001 -2.538995e-001  2.964981e-001 -7.576099e-001  5.632843e-001 -1.487507e-001  9.188746e-002 -2.943831e-001 -3.163853e-002
-2.873057e+000  1.561360e+000  1.970078e+001 -1.356675e+001 -1.782740e+001 -7.173210e+000 -1.594708e+001 -9.938972e+000 -1.648034e+001  3.275916e+000 -1.547731e+001 -4.265359e+000  5.397506e+001 -3.044382e-001  4.781447e-001  5.220556e-001  5.393564e-001 -4.035088e-001 -5.640235e-001 -1.661142e-001 -1.872213e+000  1.130184e+000 -4.912964e-001 -3.094263e-001 -9.104113e-002 -6.051227e-001  1.155962e-002 -1.196404e-002 -1.492577e-001  1.366576e-001 -1.031179e-001 -3.080235e-001  1.385691e-001 -8.459851e-001  2.134591e-001  1.901923e-001 -3.101270e-001 -2.790785e-001 -8.438896e-002
-2.805294e+000  2.923096e+000  1.774916e+001 -1.223648e+001 -2.034260e+001 -5.689336e+000 -1.758533e+001 -1.414703e+001 -1.454844e+001  1.000391e+000 -1.418679e+001 -7.337990e+000  5.297978e+001 -3.166450e-001  6.650662e-001  2.540272e-001  8.671278e-001 -1.918474e-001 -9.639763e-001 -1.954932e-001 -2.310507e+000  1.009927e+000  4.216726e-002 -9.815884e-001  2.084687e-001 -6.634445e-001  1.945611e-002  1.910943e-003 -4.925287e-002 -5.922501e-002  1.194781e-001 -3.587973e-001  2.121527e-001 -1.929239e-001 -1.225022e-001  4.382621e-001 -3.483063e-001  5.867042e-002  4.054504e-002
-3.664265e+000  3.888383e+000  1.948483e+001 -1.379014e+001 -1.758451e+001 -8.497744e+000 -1.781703e+001 -1.840872e+001 -1.366069e+001  3.181523e+000 -1.795739e+001 -6.595044e+000  5.192974e+001  2.894759e-002  4.102514e-001  9.006882e-003  6.781054e-002 -2.167948e-001 -7.830452e-001 -3.980314e-001 -2.265199e+000  6.363231e-001  3.972779e-001 -1.343153e+000  2.358418e-001 -5.978107e-001  1.118352e-002  8.668518e-002 -1.373678e-001  2.721980e-003 -1.198251e-002 -4.660357e-002  1.074470e-001  7.503204e-001 -2.192589e-001  2.166944e-001  3.576862e-001  9.849937e-002  1.781879e-001
-3.293704e+000  4.246108e+000  1.934109e+001 -1.146472e+001 -1.855413e+001 -9.113016e+000 -1.770033e+001 -1.746672e+001 -1.503051e+001  4.868668e+000 -2.030647e+001 -3.690922e+000  5.158522e+001 -2.554102e-001  5.832102e-001  2.184223e-001  3.600458e-001  1.969183e-001 -1.666313e+000  7.326330e-001 -6.525804e-001  2.936526e-001  9.293624e-001 -7.805420e-001  6.335285e-001 -1.004059e-001 -7.649766e-002  2.110654e-001 -1.235407e-001 -2.254055e-001  1.040692e-001  3.526156e-002  7.423373e-002  7.579122e-001 -1.896008e-001  8.849882e-002  5.790683e-001  4.165031e-002  1.510923e-001
-2.484114e+000  2.951112e+000  1.894984e+001 -1.361358e+001 -1.980560e+001 -9.376595e+000 -1.787973e+001 -1.960512e+001 -1.305769e+001  3.328166e+000 -1.913323e+001 -4.909684e+000  5.168328e+001 -2.791380e-001  9.524987e-001 -1.469809e-001  8.065073e-001 -6.578041e-001 -4.458730e-001 -9.294252e-002  1.050426e+000  3.920266e-001  1.485778e-001  1.378482e+000  1.889258e-001  4.297638e-003 -1.090003e-001  3.934926e-001 -1.548427e-001 -3.080713e-001  3.904327e-001  1.640219e-001  1.046103e-001  4.623294e-001 -2.125633e-001  1.516143e-001  3.398212e-001  2.504364e-001  8.215140e-003
-4.672420e+000  6.307783e+000  1.910876e+001 -1.052454e+001 -1.824746e+001 -1.358148e+001 -1.389081e+001 -1.681173e+001 -1.338168e+001  5.573881e+000 -1.750158e+001 -5.013028e+000  5.260098e+001 -5.450905e-001  1.449269e+000 -2.856825e-001 -6.292481e-001  5.490032e-001 -9.562546e-001  2.313099e-002 -1.787584e-001  1.840713e-001  6.090114e-001  5.529357e-001  4.401782e-001 -2.090374e-001  6.057241e-002  2.364305e-001 -2.900847e-001 -4.661315e-001  4.885804e-001  4.091609e-001 -2.846542e-002 -1.663700e-001 -3.331614e-002 -1.156846e-001 -2.483822e-001  4.152645e-001 -1.642514e-001
-4.370597e+000  7.620039e+000  1.886609e+001 -1.022770e+001 -2.102687e+001 -8.492879e+000 -2.018650e+001 -1.348408e+001 -1.252497e+001  3.571806e+000 -1.246743e+001 -4.989362e+000  5.144334e+001 -3.712136e-001  1.944685e+000 -5.131544e-001 -9.778992e-001  1.559326e+000 -3.179649e-001  4.797713e-001 -1.904635e-001 -3.717028e-001  1.315525e+000 -3.107859e-001  1.584699e+000 -5.024193e-001  1.297057e-001 -5.188902e-002 -2.539395e-001 -2.546738e-001  4.613647e-001  1.296163e-001  3.515324e-001 -3.955839e-001 -3.879648e-002 -2.914629e-001 -7.103629e-001  4.440237e-001 -1.501003e-001
-5.075915e+000  9.157991e+000  1.795455e+001 -1.630390e+001 -1.519849e+001 -1.433615e+001 -1.643129e+001 -2.142103e+001 -1.437652e+001  7.791905e+000 -2.087470e+001 -1.450192e+000  5.066000e+001  9.348969e-002  1.269270e+000 -1.048915e+000 -1.078408e+000  1.531255e+000  3.155375e-001  3.039490e-001 -8.639857e-001  5.089366e-001 -2.325340e-001 -1.177819e+000  2.011965e+000 -6.683044e-001  1.115728e-001 -4.604084e-001  2.641348e-002  4.664809e-001 -2.947658e-001  2.138655e-001  1.458136e-001 -2.777254e-002  1.521100e-001 -7.620485e-001 -2.393002e-001  5.676108e-002 -3.793228e-002
-4.138435e+000  1.124943e+001  1.696118e+001 -1.561339e+001 -1.353346e+001 -1.058908e+001 -1.421064e+001 -1.825279e+001 -1.441878e+001  8.796779e+000 -1.900060e+001  1.232392e+000  5.014168e+001  5.010028e-002  7.830534e-001 -1.035063e+000 -2.422817e-001  1.157894e+000 -4.336877e-001  1.524311e+000 -5.848797e-001  3.561153e-002 -8.879641e-001 -1.307955e+000  1.623151e+000 -5.165703e-001 -5.666022e-002 -7.573318e-001  1.923032e-001  6.118972e-001 -9.012989e-001  1.669004e-001  1.737587e-001 -9.809520e-002  5.648577e-002 -9.726050e-001  2.856758e-003 -7.753012e-001  9.602169e-002
-4.321053e+000  1.083944e+001  1.481665e+001 -1.322373e+001 -1.433789e+001 -1.095569e+001 -1.535899e+001 -1.874730e+001 -9.890091e+000  1.798724e+000 -2.012408e+001  1.935920e+000  4.991029e+001 -1.978834e-001 -2.719567e-001  1.073390e-001  1.335347e+000 -7.241095e-001  1.709345e-001  2.299294e-001 -1.204130e-001  7.409641e-001 -2.099486e+000 -1.449808e-001  7.047575e-001 -3.916233e-001 -2.106173e-001 -7.396719e-001  2.731282e-001  5.746136e-001 -9.210077e-001  6.303701e-001  5.955319e-001  1.140499e-001 -2.959761e-001 -6.110404e-001 -3.321390e-002 -1.061941e+000  1.521421e-001
-4.497527e+000  1.069458e+001  1.525973e+001 -1.297919e+001 -1.566770e+001 -1.235155e+001 -1.310109e+001 -1.774534e+001 -1.459013e+001  2.128576e+000 -1.938251e+001  1.433337e+000  4.923535e+001 -5.088282e-001 -1.071361e+000 -1.297653e-001  8.747091e-001 -1.819486e+000  5.888385e-001  1.385575e+000 -1.052726e+000 -2.052877e-001 -2.614024e+000 -8.129212e-001 -1.638204e+000 -1.606514e-001 -2.075690e-001 -9.079257e-001  4.487590e-002  3.555147e-001 -1.856221e-001  1.383799e+000  8.737924e-001  3.734367e-001 -1.393452e-001 -1.536022e-001 -1.895198e-001 -9.777455e-001  1.344574e-001
-5.885786e+000  8.075631e+000  1.934197e+001 -1.094426e+001 -1.775191e+001 -1.260024e+001 -1.583641e+001 -2.227682e+001 -1.058602e+001  6.285756e-001 -2.140865e+001  1.973123e+000  4.915505e+001 -6.801325e-001 -1.501883e+000 -1.359222e-001  1.236164e+000 -1.585094e+000  2.956125e+000  3.350976e+000 -5.981331e-002 -8.504944e-001 -2.424706e+000 -1.591406e+000 -1.667062e+000 -8.555336e-002 -1.267810e-001 -1.095582e+000 -3.530513e-001  1.627856e-001  6.183133e-001  1.304078e+000  1.143893e+000  1.009426e+000 -4.597639e-002  3.690078e-001 -2.016190e-001 -2.510116e-001  8.003136e-002
-5.900209e+000  7.274527e+000  1.404969e+001 -1.237958e+001 -2.092387e+001 -6.822613e+000 -7.044056e+000 -2.175166e+001 -1.509725e+001 -3.688268e+000 -2.242293e+001 -6.977229e+000  4.971604e+001 -7.466203e-001 -3.141612e+000 -6.890524e-001  1.584883e+000  6.602753e-001  5.092710e+000  4.332749e+000  1.252004e+000  1.346148e-001 -1.493366e+000 -1.532342e+000 -2.079667e+000  2.681732e-003 -6.290557e-002 -1.230759e+000 -3.309950e-001  2.449216e-001  1.115377e+000  6.607569e-001  6.828195e-001  1.436997e+000  5.885913e-001  1.148914e+000  6.424658e-001  7.640408e-001 -5.826836e-003
-7.020374e+000  5.040051e+000  1.474206e+001 -7.342717e+000 -1.963527e+001  1.060472e+000 -1.632631e+000 -1.704321e+001 -1.388900e+001 -7.416382e+000 -2.656090e+001 -2.194105e+000  4.924218e+001 -7.128924e-001 -4.714741e+000 -1.378274e+000  1.794188e+000  1.127576e+000  4.439391e+000  4.475808e+000  3.774350e+000  3.411309e-001 -8.147765e-001 -7.933655e-001 -3.295687e-001 -7.313309e-002 -7.897631e-002 -9.845461e-001 -2.413197e-001 -6.922243e-002  8.597504e-001 -5.859181e-001  1.362914e-001  1.080365e+000  7.230791e-001  1.523903e+000  1.601970e+000  1.174082e+000 -4.824505e-002
-7.663334e+000 -3.495686e+000  1.411443e+001 -6.855547e+000 -1.142465e+001  6.281646e+000  1.460761e+000 -1.410213e+001 -1.226557e+001 -1.315773e+000 -2.446809e+001 -6.881384e+000  4.920519e+001 -8.069761e-001 -5.618729e+000 -1.163564e+000  1.820305e+000  2.401066e+000  3.150990e+000  4.237257e+000  4.215176e+000  2.141856e+000  2.325583e+000  2.000388e+000  1.513254e+000 -1.959957e-001 -6.685521e-002  1.103392e-002 -3.224974e-002 -3.075555e-001  1.452040e-001 -1.252479e+000 -3.548552e-001  2.744212e-001  2.450059e-001  1.167247e+000  1.549792e+000  8.802853e-001 -8.355583e-002
-8.568686e+000 -1.011297e+001  1.241823e+001 -4.735340e+000 -1.686365e+001  3.044583e+000  2.290217e+000 -7.229833e+000 -1.029621e+001 -4.631555e+000 -2.435290e+001  2.773572e-001  4.904481e+001 -1.044836e+000 -5.186055e+000 -1.105265e+000  7.723413e-001  1.843263e+000  9.973947e-001  4.080180e+000  3.860428e+000  1.761280e+000  3.285334e+000  4.652078e+000  2.406888e+000 -2.274399e-001  5.998797e-002  1.004651e+000 -3.798915e-002 -3.841255e-001  1.097282e-001 -1.011478e+000 -7.528271e-001 -5.157813e-001 -3.394800e-001  4.241690e-001  1.030314e+000 -1.572894e-001 -9.078342e-002
-9.160933e+000 -1.324261e+001  9.393779e+000 -4.581745e+000 -1.030435e+001  7.940282e+000  1.218080e+001 -5.582473e+000 -6.184368e+000  6.547234e+000 -1.352499e+001 -6.466912e-001  4.883475e+001 -9.149244e-001 -2.850785e+000 -9.868057e-001  5.580292e-001  1.028452e+000  5.513144e-001  2.756287e+000  2.581071e+000  6.495695e-001  2.292813e+000  3.493896e+000  9.535313e-001 -3.379440e-001  2.477662e-001  1.539064e+000  4.224379e-002 -3.548817e-001 -3.163230e-001 -6.827500e-001 -1.268591e+000 -8.528100e-001 -1.017598e+000 -1.013163e+000  5.388975e-002 -6.735440e-001 -1.232938e-001
-1.149576e+001 -1.601676e+001  1.157606e+001 -4.617911e+000 -1.097910e+001  5.218127e+000  1.340825e+001 -2.000900e+000 -8.123197e+000  5.078785e+000 -8.772062e+000  6.722986e+000  4.829020e+001 -3.589784e-001 -1.075460e+000 -1.656599e+000  5.046985e-001  2.362525e+000  6.818400e-001  1.452157e+000  2.012496e+000 -6.101261e-001  1.322453e+000  3.611453e+000 -8.361546e-001 -4.560761e-001  5.108811e-001  1.600342e+000  3.627090e-002 -3.527184e-001 -1.376979e-001 -1.580337e-001 -1.270150e+000 -7.927098e-001 -6.003337e-001 -1.344954e+000 -4.733749e-001 -5.422325e-001 -1.281878e-001
-1.077442e+001 -1.479772e+001  9.601485e+000 -4.124115e+000 -9.224660e+000  7.951446e+000  9.683179e+000 -3.811236e+000 -1.010423e+001  5.293123e+000 -1.478903e+001 -5.336542e+000  4.789278e+001  8.892603e-002  2.129555e-002 -6.766783e-001  1.797180e-001  5.598204e-001 -1.049824e-001 -7.916862e-001  8.750917e-001 -1.760430e+000 -1.758791e+000  2.790149e+000 -2.329453e-001 -6.981468e-001  5.384376e-001  1.053502e+000 -9.153259e-002 -4.755087e-001 -1.482881e-001 -3.095657e-001 -8.423507e-001 -5.663304e-001 -4.869914e-003 -1.087316e+000 -2.552496e-001  2.436539e-001 -1.352267e-001
-9.556833e+000 -1.471271e+001  4.031383e+000 -2.440662e+000 -5.590870e+000  6.448201e+000  1.079981e+001  1.947027e+000 -1.138692e+001  2.607768e+000 -5.663614e+000 -1.558490e+000  4.723541e+001  1.007644e+000  1.379614e+000 -1.078974e+000 -8.020948e-001  1.389089e+000  5.353748e-001 -4.965819e-001  7.498686e-001 -3.538847e-002 -1.413632e+000  2.637077e+000  2.889636e-001 -6.882774e-001  3.319281e-001  5.926189e-001 -1.788880e-001 -4.050207e-001 -2.333844e-001 -4.631801e-001 -3.230904e-001 -4.622689e-001  2.692387e-001 -5.641063e-001 -6.112660e-001  3.660665e-001 -1.417843e-001
-9.685764e+000 -1.378816e+001  9.782723e+000 -4.771780e+000 -1.019936e+001  6.800333e+000  9.526588e+000 -3.180979e+000 -1.335466e+001 -1.011212e+000 -1.128469e+000  2.329320e+000  4.587141e+001  1.093952e+000  1.189186e+000 -1.733281e+000 -1.166118e+000  7.737294e-001 -9.232816e-001 -4.810973e-001  3.807328e-001  3.378511e-001 -1.775722e+000  2.704836e+000  1.609242e+000 -8.979767e-001  4.714307e-002  2.449586e-001 -6.043994e-001  1.176732e-001  3.018768e-001 -4.344645e-001  2.493688e-001  3.368287e-003  2.572429e-001  4.792487e-002 -6.058303e-001  2.556256e-002 -1.476668e-001
-7.001863e+000 -9.623470e+000  6.090566e+000 -8.304553e+000 -3.546303e+000  8.470557e+000  1.100363e+001  1.433315e+000 -6.674923e+000  1.162792e+000 -2.416959e+000  4.334872e+000  4.585950e+001  7.981490e-001  1.303690e+000 -2.022738e+000 -8.474871e-001  1.088648e+000 -1.224911e+000 -3.185894e-001 -5.166931e-002 -3.130732e-001 -1.489612e+000  5.977795e-001  7.308423e-002 -1.065083e+000 -2.277719e-001 -1.528918e-002 -3.811025e-001  4.654788e-001  3.394692e-002 -4.398262e-001  2.944837e-001  1.135382e-001 -2.346485e-001 -1.600017e-001 -4.497997e-001 -2.574140e-001 -1.676064e-001
-6.582146e+000 -1.139641e+001 -9.451259e-002 -7.022758e+000 -6.378296e+000  2.323860e+000  7.175783e+000 -1.650716e+000 -1.077097e+001 -2.863001e+000 -2.888176e+000 -2.370138e-001  4.409085e+001  4.293890e-001  1.284051e+000 -3.226794e+000  7.907799e-001  2.219425e+000 -1.397162e+000  3.661617e-001  1.292702e+000 -3.353733e-001 -1.481177e+000  7.806464e-001  2.807196e-003 -1.248078e+000 -2.229908e-001  3.134643e-002 -6.240249e-003  3.312079e-001 -3.033915e-001  3.393983e-002  2.439703e-001  9.516702e-002 -3.366922e-002 -1.328939e-001 -2.059632e-001 -1.226674e-001 -5.858640e-002
-7.117897e+000 -9.390137e+000 -1.143687e+000 -5.552608e+000 -2.058163e+000  2.561884e+000  1.038227e+001  9.235494e-001 -1.424413e+001 -3.914398e+000 -1.794863e+000  9.009798e-002  4.280028e+001  2.010665e-001  1.255736e+000 -2.237731e+000  5.468506e-001  8.359758e-001 -1.426816e+000  5.522069e-001  8.615749e-001 -8.720187e-001 -2.360914e+000  1.350173e+000 -1.948888e-001 -1.351259e+000 -1.167195e-001 -2.132514e-002  2.768801e-001  4.188649e-002 -1.020877e+000  1.662571e-001 -9.635148e-003 -2.947073e-002  3.773117e-001  2.553148e-002  2.121479e-001  3.556983e-001  6.205982e-002
-7.480802e+000 -7.484571e+000 -2.734118e+000 -2.193853e+000  1.536898e-001  2.768860e+000  1.166808e+001  3.537415e+000 -1.124692e+001 -5.878500e+000  2.463715e+000  4.465744e+000  4.116063e+001  2.775393e-001  1.369895e+000 -1.656986e+000 -2.072472e-001 -6.168917e-001 -6.526299e-001  3.033562e-001  3.999457e-001  4.489778e-001 -2.004541e+000  1.298823e+000  1.129892e+000 -1.047821e+000 -2.881454e-002 -3.032094e-002  6.869422e-001 -2.133993e-001 -1.179742e+000  1.347236e-001 -3.668917e-001 -3.238029e-001  5.746582e-001  5.179822e-001 -1.576758e-001  2.591967e-002  1.769842e-001
-5.547202e+000 -5.300712e+000 -3.778283e+000 -7.984753e+000 -2.632417e+000  1.113978e+000  1.151852e+001  3.147125e+000 -1.079704e+001 -9.134027e+000  1.657961e+000  1.009050e+000  4.056832e+001  2.904764e-001  1.154142e+000 -1.423241e+000 -1.390411e-001 -2.597579e+000 -7.658913e-001 -3.353623e-001  2.473552e-001  1.181310e+000 -1.100273e+000  1.399431e+000  1.288034e+000 -8.549122e-001 -7.590608e-002 -2.453514e-001  6.242960e-001  1.829349e-001 -4.713474e-001  2.988850e-002 -4.414529e-001 -2.054114e-001  4.753698e-001  8.062670e-001 -4.490730e-001 -5.275212e-002  2.467753e-001
-5.979797e+000 -6.591647e+000 -7.062144e+000 -6.842922e+000 -9.175628e+000 -2.153362e-001  8.124439e+000 -7.627745e-001 -1.024962e+001 -1.027589e+001  1.879526e+000  4.952968e+000  3.996773e+001  2.406114e-001  1.183243e+000 -1.993275e-001  6.672917e-002 -1.962507e+000 -1.054006e+000 -1.024512e+000 -1.920249e-002  1.511253e+000  4.784138e-001 -3.236142e-002 -6.090558e-001 -6.113304e-001 -2.011519e-001 -3.830339e-001  6.521312e-001  4.908634e-001  5.857812e-001 -1.601791e-001 -1.944937e-001 -6.676377e-002  2.421235e-002  5.809861e-001 -6.589190e-001 -4.347140e-001  3.084728e-001
-6.416018e+000 -4.065889e+000 -6.095878e+000 -3.923279e+000 -1.038140e+001  2.245258e-001  1.047728e+001  4.310420e+000 -8.836227e+000 -7.217065e+000  5.494384e+000  6.286655e+000  3.912217e+001 -1.599999e-001  1.223046e-001  1.549204e-001  1.324537e+000 -8.479531e-001 -1.076685e+000 -9.911234e-001  4.409201e-002  9.736924e-001  4.289438e-001 -2.295999e-001  4.108242e-001 -3.356270e-001 -4.396691e-001 -4.863844e-001  3.938243e-001  3.625307e-001  1.364219e+000 -3.480609e-001 -2.848312e-001 -3.664761e-001 -2.537876e-002  2.655464e-001 -6.206132e-001 -4.738984e-001  4.445963e-001
-5.843338e+000 -2.185768e+000 -2.571958e+000 -3.890944e+000 -5.784358e+000 -2.056445e+000  7.066139e+000  2.859755e+000 -4.671063e+000 -4.444912e+000  3.836963e-001 -1.218338e+000  3.882705e+001 -5.029820e-001 -2.935581e-002  8.145894e-001  1.515281e+000  1.437202e+000 -1.298129e+000 -3.412319e-001  1.677584e-001  6.738483e-001  1.357814e-001 -1.181257e+000 -6.050735e-001  2.349007e-001 -7.487468e-001 -3.787417e-001 -1.288412e-001  1.348577e-001  1.086270e+000 -1.466004e-001 -9.419585e-003 -3.286610e-001 -4.304426e-002  2.780093e-001  1.577622e-001 -5.020847e-002  6.143837e-001
-6.415431e+000 -6.892128e+000 -5.248775e+000 -2.838058e+000 -8.567818e+000 -3.348894e+000  7.092052e+000  1.556320e+000 -8.717856e+000 -9.904799e+000  1.257876e+000  6.148824e+000  3.946052e+001 -1.536072e+000 -6.714810e-001  3.892226e-002  9.493364e-001  2.523662e+000 -2.384135e+000 -2.101159e+000 -1.678506e+000  1.473119e+000  3.987755e-001 -1.129188e+000 -1.083449e+000  9.449539e-001 -9.730342e-001  2.005083e-001 -2.986759e-001 -5.806646e-001  1.032777e-001  2.907032e-001  3.570919e-001 -1.695019e-001  2.401169e-001  6.654221e-001  6.941913e-001 -1.618714e-001  6.727326e-001
