58 39
-5.476099e+000 -3.529656e+000 -9.314088e+000 -1.071053e+001 -1.305350e+001 -1.367071e+001 -1.245325e+001  1.275587e+001  2.494852e+001  1.297212e+001 -2.002277e+000 -6.225513e+000  3.841708e+001 -4.166683e+000 -3.177211e-001  4.487299e+000  1.480081e+000 -5.447896e+000  1.290456e+000  5.543735e+000  2.316156e+000 -3.300612e+000 -4.401050e+000  4.654329e+000  6.827821e-001 -2.375184e+000  7.852957e-001 -5.000306e-001  1.676990e+000 -1.728013e+000  1.140218e-001  5.625457e-001  2.071434e+000 -4.089727e+000 -3.702846e+000 -7.116312e-001 -1.139000e+000  9.116876e-001  2.841127e+000
-9.731686e+000  2.735896e+000  1.358741e+000 -9.469682e+000 -1.367779e+001 -6.912045e+000 -6.659800e-002  6.815019e+000  1.438006e+001  1.372578e+001  1.084484e+001 -1.847112e+000  3.480400e+001 -2.331371e+000 -1.157654e+000  6.051974e+000 -4.336904e-001 -4.026450e+000  1.510623e+000  6.549038e+000 -4.200119e+000 -5.336478e+000 -4.235823e+000  1.362175e+000  4.534048e-001  2.761115e+000  1.578733e+000 -9.062482e-001  3.519868e-001 -1.847224e+000  1.162769e+000 -6.627637e-001  9.888592e-002 -3.451418e+000 -1.715604e+000  4.080605e-001 -2.897985e+000 -8.339916e-002  3.375625e+000
-8.244570e+000 -3.276721e+000  4.583188e+000 -9.747237e+000 -1.765262e+001 -8.288101e+000 -4.356600e-001 -1.246109e+001 -3.567115e+000 -4.595674e+000 -4.847465e+000 -4.865989e+000  4.407132e+001  3.678750e-001 -2.171541e+000  5.611189e+000 -3.287625e+000 -1.104162e+000 -1.432045e+000  5.861392e+000 -7.259310e+000 -5.868032e+000 -2.264747e+000 -4.157189e+000 -7.065996e-002  7.145131e+000  1.439473e+000 -3.786707e-001 -7.526089e-001 -1.436613e+000  1.534179e+000 -8.864776e-001 -1.364020e+000 -4.511264e-001  8.040362e-001  1.812518e+000 -2.066527e+000 -3.140637e-001  1.810998e+000
-5.762625e+000 -5.522958e+000  1.063184e+001 -1.637353e+001 -1.706103e+001 -1.374408e+001  9.918088e+000 -1.577995e+001  3.994731e+000  1.835184e+000 -8.318358e+000 -5.221035e+000  5.876213e+001  1.455698e+000 -3.046451e+000  3.115142e+000 -3.932020e+000 -4.770157e-001 -2.640822e+000  2.542385e+000 -3.895372e+000 -3.055735e+000 -2.572165e-001 -5.358658e+000 -9.880970e-001  7.418699e+000  7.403322e-001  2.890274e-001 -1.370358e+000 -2.980965e-001  9.628835e-001 -8.034903e-002 -2.242322e+000  1.735945e+000  1.197993e+000  1.454119e+000 -2.975530e-001 -7.595796e-002 -5.919191e-001
-5.621255e+000 -1.025793e+001  1.410531e+001 -2.369673e+001 -1.688269e+001 -1.741492e+001  1.186137e+001 -1.224319e+001  8.010256e-001  7.593678e+000 -1.320662e+001 -4.891852e+000  6.216366e+001  1.137146e+000 -1.266676e+000  2.192670e+000 -3.953817e+000  4.482828e-001 -1.066209e+000  7.269624e-001 -9.184913e-002 -4.208024e-001  2.672237e+000 -2.317887e+000 -1.667853e-001  4.351012e+000  1.214538e-001  8.440604e-001 -1.244986e+000  8.469514e-001  2.210635e-001  1.070120e+000 -2.153151e+000  2.035436e+000  1.091218e+000  4.566811e-001  1.220695e+000  2.443945e-001 -1.977836e+000
-3.764855e+000 -9.005754e+000  1.217339e+001 -2.215504e+001 -1.644784e+001 -1.555275e+001  6.496810e+000 -1.277079e+001 -3.082684e+000  6.345025e+000 -1.176887e+001 -6.774666e+000  6.285132e+001  9.856545e-001 -1.649501e-001  9.094431e-001 -1.591077e+000  1.174536e-002  9.259604e-001 -2.095359e+000  8.958769e-001 -2.070128e+000  5.662786e-001 -1.045241e+000  1.216777e-001  1.198579e+000 -1.488802e-001  8.695074e-001 -6.921753e-001  1.148581e+000 -4.953230e-002  1.178107e+000 -1.239361e+000  8.969447e-001  4.957361e-001 -2.339092e-001  1.222002e+000  4.206204e-001 -1.864547e+000
-3.557727e+000 -7.868702e+000  1.477577e+001 -2.662557e+001 -1.571780e+001 -1.271481e+001  4.909791e+000 -1.442491e+001 -2.132420e+000  6.510589e+000 -1.471164e+001 -4.923100e+000  6.378179e+001  1.210166e+000  6.080101e-001  4.891070e-001 -2.233396e-001 -2.432253e-001  2.135164e+000 -2.585490e+000  5.222452e-001 -9.047451e-001 -3.930895e-001 -2.104225e-001  5.964249e-001  3.660111e-001 -1.195721e-001  3.259918e-001 -4.622553e-001  1.029226e+000 -2.326560e-001  5.595926e-001 -6.813325e-001  5.112991e-003  2.535356e-001 -5.601344e-001  5.654681e-001  2.439236e-001 -1.071710e+000
-1.866117e+000 -7.542325e+000  1.484383e+001 -2.286450e+001 -1.758474e+001 -1.146433e+001  2.917086e+000 -1.020971e+001 -4.889185e+000  5.208122e+000 -1.279205e+001 -4.597023e+000  6.394596e+001  6.747864e-001  3.637425e-001  5.060472e-001 -5.435467e-002 -3.789231e-001  1.649025e+000 -1.998194e+000  2.823042e-001 -3.350826e-001  1.059008e-001 -3.023785e-001  7.333997e-001  8.846512e-002 -1.832269e-001  4.067405e-002 -1.724229e-001  4.029866e-001 -8.382835e-002 -6.308498e-002 -1.647747e-002 -3.215660e-001  6.919001e-001 -1.846945e-002  3.206397e-001  1.637697e-001 -4.376698e-001
-5.197949e-001 -7.949599e+000  1.521562e+001 -2.445870e+001 -1.753036e+001 -8.783302e+000  7.237857e-001 -1.091251e+001 -2.819449e+000  6.196682e+000 -1.374714e+001 -2.998549e+000  6.344640e+001  6.947193e-001  9.893699e-002  8.309174e-002  4.239498e-001 -5.196632e-001  1.370222e+000 -2.728282e+000  2.405022e-001 -2.064686e-002  1.017535e-001  1.380226e-001  7.469717e-001 -4.524834e-001 -2.728462e-001  1.065574e-002 -4.090562e-002  1.416083e-001  5.926505e-002 -4.824804e-001  2.649352e-001 -2.939641e-001  4.449954e-001  1.856644e-001  2.230703e-001  1.687669e-001 -2.429138e-001
-1.909888e+000 -7.146593e+000  1.448370e+001 -2.351024e+001 -1.743617e+001 -9.273380e+000 -1.401160e+000 -1.311547e+001 -4.414582e+000  7.031482e+000 -1.376301e+001 -4.069943e+000  6.346135e+001  3.272432e-001  2.929567e-001  2.503362e-001  1.002113e-001 -2.691774e-001  9.930066e-001 -2.106350e+000 -5.710815e-001  9.473236e-001  2.265099e-001  3.837351e-001  8.652528e-001 -5.805225e-001 -1.460080e-001  1.095137e-001  1.460355e-001 -1.102114e-002  1.386404e-001 -4.104959e-001  4.206871e-001 -1.781722e-001  2.446972e-001  2.112313e-001  2.035706e-001  3.043396e-001 -1.406166e-001
-6.224462e-002 -7.571883e+000  1.537129e+001 -2.418295e+001 -1.839040e+001 -6.959179e+000 -6.572497e+000 -1.176952e+001 -2.472956e+000  6.107677e+000 -1.353605e+001 -1.451782e+000  6.176168e+001  1.970623e-002  6.966817e-001  4.124345e-001  4.074186e-001 -1.772881e-003  5.077143e-002 -1.206736e+000 -5.208826e-001  6.790289e-001  4.749281e-001  5.618722e-001  1.374333e+000 -5.140640e-001 -1.112075e-001  1.355464e-001  2.890697e-001 -1.383488e-001  1.829693e-001 -3.203646e-001  6.338356e-001 -1.004943e-001  8.624841e-002  2.417327e-001  9.324883e-002  2.010929e-001 -4.107135e-003
-4.586760e-001 -6.266399e+000  1.601768e+001 -2.250132e+001 -1.850061e+001 -7.411359e+000 -3.966521e+000 -1.263661e+001 -3.258142e-001  6.385174e+000 -1.097892e+001 -1.044142e+000  6.188571e+001  2.822528e-001  6.124385e-001  1.071554e+000 -1.011948e-001  5.533371e-002  2.562703e-001 -6.555318e-001 -2.278643e-001  5.385652e-001  9.754701e-001  5.035496e-001  1.941417e+000 -5.838276e-001 -1.429394e-002  3.299869e-002  1.726042e-001 -1.219722e-001  1.905006e-001 -2.751193e-001  4.222738e-001 -4.606945e-003  2.276367e-003  5.042383e-002 -7.262499e-002  7.557794e-002  2.233395e-003
-1.146870e+000 -4.906288e+000  1.651081e+001 -2.292607e+001 -1.700701e+001 -9.460456e+000 -4.027215e+000 -1.375635e+001 -1.468688e+000  8.894476e+000 -1.232983e+001  2.360214e+000  6.166389e+001  1.611770e-001  6.169279e-001  1.117831e+000 -1.670910e-001  2.329277e-001  1.367671e-001 -2.845135e-001 -4.335782e-001  6.149744e-001  9.359370e-001  5.443595e-001  1.214354e+000 -4.713665e-001 -1.064815e-002 -1.895431e-002 -8.634531e-002  6.992241e-002  1.424056e-001 -2.058787e-001  2.439649e-001 -6.906532e-002  2.284400e-001 -1.717973e-001 -4.904073e-002 -2.150398e-001  2.716333e-003
 4.368830e-002 -5.417198e+000  1.927171e+001 -2.464466e+001 -1.785120e+001 -6.741391e+000 -5.951460e+000 -1.326138e+001 -2.223890e+000  1.051543e+001 -1.184838e+001  3.731147e+000  6.059110e+001  1.850382e-001  4.978270e-001  7.606584e-001 -2.223949e-001  5.659754e-001 -4.255877e-001 -4.560920e-001 -6.377684e-001  9.907327e-001  2.481245e-001  2.936649e-002  1.323132e+000 -5.907043e-001 -1.431217e-001  8.099379e-002 -4.610740e-001  4.419287e-001  1.951225e-001 -5.289925e-001  3.631674e-001 -2.804362e-001  2.805497e-001 -2.698439e-001 -6.919622e-002 -3.312804e-001  2.510239e-002
 4.924580e-001 -4.911844e+000  1.933343e+001 -2.394673e+001 -1.755047e+001 -6.610328e+000 -7.002595e+000 -1.362502e+001  1.550954e+000  8.722233e+000 -1.037952e+001  2.232343e+000  6.005215e+001  1.507281e-002  6.592159e-001  1.361555e-001  8.176308e-001  4.549343e-001 -6.376933e-001 -8.663182e-002 -6.612571e-001  1.595145e+000 -2.038569e-002  5.537601e-001  6.082762e-001 -4.970440e-001 -1.615625e-001  1.503551e-001 -5.018129e-001  4.080736e-001  2.141275e-001 -6.070241e-001  5.670907e-001 -3.401490e-001  5.036072e-002 -1.522503e-001 -7.743247e-002 -1.530417e-001 -1.231533e-002
-3.531491e-001 -3.774486e+000  1.840966e+001 -2.310296e+001 -1.539900e+001 -1.096436e+001 -4.759291e+000 -1.589111e+001  3.118028e+000  7.711918e+000 -1.180724e+001  5.635453e+000  5.973806e+001 -3.603037e-001  9.962634e-001 -7.429783e-001  1.616088e+000  9.199430e-001 -2.001462e+000  1.061364e+000 -1.516206e+000  1.451228e+000  1.044118e-001  1.528682e-001  5.880541e-001 -4.454769e-001 -1.751745e-001  1.387062e-001 -2.500155e-001  1.213722e-001 -4.775867e-003 -1.612460e-001  4.798259e-001 -2.123642e-001 -1.156821e-001 -7.005700e-002  3.789148e-002 -2.621880e-001 -1.395012e-002
-8.730872e-001 -2.431564e+000  1.762261e+001 -1.960876e+001 -1.595844e+001 -1.053744e+001 -5.056458e+000 -1.574777e+001  3.836079e+000  1.019430e+001 -9.581594e+000  4.449442e+000  5.960520e+001 -3.739645e-001  1.119485e+000 -6.394144e-001  9.540354e-001  1.126582e+000 -2.110416e+000  1.792212e+000 -1.695105e+000  6.365302e-001  2.465418e-001  9.544630e-002  8.166844e-001 -6.055568e-001 -1.300757e-001 -4.877553e-002  1.269566e-001 -2.480735e-001 -2.458500e-001  2.552349e-001  1.145286e-001  5.688787e-004 -2.287138e-001 -1.202942e-001 -5.693064e-002 -1.856793e-001 -8.805969e-002
-1.075058e+000 -1.676021e+000  1.641223e+001 -1.873320e+001 -1.404750e+001 -1.478515e+001 -1.617707e+000 -1.978103e+001  3.889688e+000  1.030146e+001 -1.148300e+001  5.562867e+000  5.858720e+001 -4.963157e-001  9.612232e-001 -1.016342e-001  3.162636e-001  2.062724e-001 -4.954561e-001  1.003615e+000 -1.182665e+000  8.916298e-001 -2.356242e-001  4.479808e-001 -9.201212e-002 -6.061985e-001 -1.060258e-001 -1.843104e-001  4.369380e-001 -2.873662e-001 -6.502665e-001  6.592141e-001 -4.046913e-001  3.767745e-001 -2.067386e-001 -1.305893e-002  6.310990e-002 -1.858765e-001 -1.628653e-001
-1.016410e+000 -3.636505e-001  1.713507e+001 -2.136144e+001 -1.259331e+001 -1.525202e+001  3.876741e-001 -2.015559e+001  4.347775e+000  8.660173e+000 -1.006441e+001  6.352058e+000  5.759980e+001 -5.672995e-001  4.328583e-001  4.502667e-001  2.271755e-001 -4.174803e-001 -1.145219e-001  5.148855e-001 -8.251827e-001  7.313755e-001 -4.518388e-001  1.215506e-001  1.991286e-002 -8.569816e-001 -1.247678e-001 -2.019545e-001  3.383391e-001  1.545455e-001 -8.231355e-001  4.638926e-001 -6.876452e-001  3.373441e-001 -2.071383e-001  1.778254e-001  7.535500e-002 -2.294592e-001 -2.442501e-001
-2.763066e+000 -2.327429e-003  1.814526e+001 -2.064531e+001 -1.605020e+001 -1.108435e+001 -2.463280e+000 -1.960053e+001  7.320329e+000  7.300863e+000 -9.325930e+000  4.224084e+000  5.770976e+001 -7.937650e-001  4.180247e-001  8.968712e-001  5.426872e-001 -1.559359e+000  2.966611e-001 -3.234287e-001 -6.729393e-002  3.701126e-001  3.883075e-001  4.553656e-001  5.705714e-002 -1.134091e+000 -2.735972e-001  1.104615e-001 -3.997565e-001  5.889116e-001 -6.856315e-001 -1.491671e-001 -4.891074e-001  3.316248e-001 -5.221757e-001  3.060065e-001  6.849299e-001 -3.178743e-001 -6.474715e-001
-2.865580e+000 -1.104119e+000  1.900743e+001 -1.751683e+001 -1.704449e+001 -1.296044e+001 -2.059244e+000 -1.996393e+001  5.777636e+000  9.435407e+000 -1.005238e+001  5.218398e+000  5.575901e+001 -8.490790e-001  3.813122e-001  5.530283e-001  1.613551e+000 -2.106280e+000 -1.870118e-001 -9.824918e-001 -5.660702e-001 -1.384027e-001  8.237032e-001  4.685289e-001 -4.051464e-001 -1.562861e+000 -2.290608e-001  1.347587e-001 -8.155925e-001  6.816162e-001 -2.588317e-001 -2.200516e-001 -1.799970e-001  3.978665e-001 -7.878011e-001 -1.813148e-001  8.755168e-001 -6.241481e-001 -6.676600e-001
-4.119298e+000  7.843373e-001  1.996041e+001 -1.794207e+001 -1.961871e+001 -1.444763e+001 -2.011391e+000 -2.021333e+001  5.025321e+000  1.185538e+001 -9.212192e+000  6.414983e+000  5.383714e+001 -1.723412e+000  1.539304e+000 -2.151798e+000  2.567634e+000 -2.377485e+000 -1.205047e+000 -6.932329e-001  3.459024e-001 -1.284360e+000  6.566372e-001  3.699141e+000 -1.468854e+000 -3.490617e+000 -4.971536e-002 -2.998231e-002 -9.769514e-001  7.248268e-001  3.584014e-001 -2.849722e-003  1.038983e-001  5.704982e-001 -9.728111e-001 -8.880183e-001  5.111024e-001 -4.527453e-001 -7.011515e-001
-4.583690e+000  1.149578e+000  1.899264e+001 -1.464530e+001 -2.134046e+001 -1.450544e+001 -4.750730e+000 -2.267954e+001  4.803265e+000  1.050143e+001 -7.778639e+000  3.230877e+000  5.172181e+001 -1.247780e+000  5.460123e-001 -2.103361e+000  2.622783e+000 -1.302576e+000 -4.639259e-001 -2.001975e-001  9.575516e-001 -2.380394e+000 -1.492578e+000  2.877247e+000 -2.337872e+000 -3.017019e+000 -4.774087e-002 -1.325562e-001 -8.972719e-001  3.007495e-001  1.443629e+000  6.452373e-001  1.385831e-001  1.163494e+000 -5.637464e-001 -1.017860e+000 -1.617286e-002  3.692287e-001 -6.824453e-001
-1.052107e+001  6.567343e+000  7.393663e+000 -9.242902e+000 -2.578964e+001 -1.633709e+001 -4.583702e+000 -1.651322e+001  1.385716e+000  1.005104e+001  8.032908e+000 -2.126425e+000  4.227528e+001 -8.429914e-001  1.857631e-001 -2.659691e+000  3.662205e+000 -1.692040e-001  4.208695e-001 -1.950845e-001  2.023386e+000 -3.372947e+000 -2.893643e+000  1.806519e+000 -1.240306e+000 -3.912770e+000 -2.761636e-002 -2.892059e-001 -1.268501e-001 -3.586802e-001  2.344520e+000  1.219979e+000 -1.869574e-001  1.343355e+000  4.371362e-001 -6.108364e-001 -8.799679e-001  1.120383e+000 -9.574747e-002
-5.903593e+000 -1.265561e+000  1.477399e+001 -8.752499e+000 -2.047190e+001 -1.433534e+001 -1.774076e+000 -1.702623e+001 -4.304531e+000  2.874688e+000 -4.288692e+000 -2.200259e+000  4.645484e+001 -1.527994e+000  3.953014e-001 -3.679384e+000  2.570013e+000  4.007725e+000  2.226216e+000 -5.386506e-001  4.412656e+000 -1.912841e+000 -2.490457e+000  1.333976e+000  1.326723e+000 -4.764011e+000 -7.598377e-001  9.171329e-002  1.099491e-001 -9.838025e-001  2.234667e+000  1.076632e+000 -5.300401e-001  1.247303e+000  1.211259e+000  6.539173e-001 -3.049563e-001  1.007763e+000  3.072239e-001
-7.674303e+000  2.920722e+000  8.771275e+000 -2.577444e+000 -2.089901e+001 -1.242833e+001 -4.475140e+000 -1.292305e+001 -7.285517e+000  1.200531e+000 -1.924571e+000  2.929018e+000  3.690677e+001 -1.721387e+000  1.686298e-001 -1.998036e+000  8.006182e-001  6.689966e+000  3.549777e+000 -1.458793e+000  5.335124e+000  6.675449e-001 -1.898605e+000  7.093735e-002  2.300762e+000 -3.095858e+000 -7.865651e-001  1.228524e-001  7.349808e-001 -1.430827e+000  1.516558e+000  5.405808e-001 -1.124532e-001  5.920473e-001  1.331283e+000  1.541204e+000 -5.993009e-002 -5.359592e-002  1.048913e+000
-1.364704e+001  4.949396e+000 -9.308829e-002 -5.127966e+000 -3.747148e+000 -5.328738e+000 -7.498264e+000 -2.411339e+000 -4.253237e-001  2.474400e+000  3.869979e+000  7.336772e+000  3.058600e+001 -4.607770e+000  1.013145e+000 -1.884443e+000 -8.654361e-001  6.441175e+000  3.354783e+000 -2.218544e+000  5.538197e+000  1.655655e+000  1.279489e+000  2.220256e+000  9.304082e-001 -1.889355e+000  1.099089e-001 -1.182151e-002  1.006369e+000 -7.122149e-001 -3.404163e-001 -2.447327e-001  7.252029e-001 -6.453528e-001  2.837229e-001  1.163488e+000 -2.515680e-001 -1.216276e+000  1.254206e+000
-1.525628e+001  4.303014e+000  4.837023e+000 -7.052077e+000 -7.021862e-001 -3.091505e+000 -9.015574e+000  2.854959e+000  2.783837e+000  7.581546e-001  4.308259e+000  4.608871e+000  3.473041e+001 -3.235929e+000  4.911030e-001  1.177426e-001 -1.774206e+000  6.196862e+000  2.559490e+000  8.259597e-002  4.420853e+000  1.499218e+000  2.927404e+000  1.063728e+000 -1.310128e+000 -1.055302e-001  1.196706e+000 -3.961380e-001  2.749464e-001  5.359996e-002 -1.580735e+000 -7.868811e-001  1.377625e+000 -1.604424e+000 -6.140642e-001  2.120575e-001 -5.396441e-001 -1.160658e+000  8.796912e-001
-2.515146e+001  3.109021e+000  7.318905e+000 -1.084236e+001  1.635562e+000 -2.229841e+000 -1.059658e+001  2.775743e+000 -1.060935e+000  9.493323e+000  3.696172e+000  1.611855e+000  3.809624e+001 -2.211781e-001  1.749573e-001  2.945698e-001  2.963502e-001  2.552196e+000  1.497696e+000  2.316669e+000  1.643028e+000 -9.100634e-001  9.139773e-001 -4.202600e-001 -2.949210e+000  1.185570e-002  1.974353e+000 -9.040841e-001 -5.380215e-001  3.506033e-001 -2.134672e+000 -1.041679e+000  1.378855e+000 -2.139369e+000 -3.695240e-001 -1.059873e+000 -6.350685e-001 -3.500886e-001  1.328162e+000
-1.810174e+001  6.296425e+000  5.653991e+000 -8.591274e+000  7.393946e+000 -1.180325e+000 -2.513004e+000  6.587669e+000  5.283802e-001  1.232809e+001  3.480975e+000 -7.591652e-001  3.262400e+001  2.068846e+000 -1.392966e+000 -1.712811e+000  4.877249e-001  7.307805e-001  5.439147e-001  3.161726e+000 -7.394133e-001 -1.119917e+000 -6.555616e-001 -1.307025e+000 -1.562716e+000  3.519928e-001  8.242713e-001 -8.307697e-001 -9.820822e-001  1.347039e-001 -2.189513e+000 -1.215219e+000  6.268987e-001 -1.876370e+000  3.224134e-001 -1.264756e+000  2.147270e-001  6.673969e-001  1.876076e+000
-1.333020e+001  4.827477e+000  9.712768e-001 -2.876616e+000  4.965764e+000  1.204154e+000  8.337984e-001  3.937447e+000 -3.847912e+000  1.259318e+000  2.182321e+000 -4.725258e+000  3.169849e+001  2.611607e+000 -2.565241e+000 -3.659274e+000 -2.433850e-001 -1.499145e+000 -8.458248e-001  3.136167e+000 -2.578518e+000  1.117603e+000 -2.228395e+000  2.302903e-001 -6.937410e-001  4.522691e+000 -9.479594e-001 -4.063573e-001 -1.869996e-001 -2.551149e-001 -1.346044e+000 -1.127028e+000  2.607532e-001 -8.038706e-001  7.583169e-001 -4.662121e-001  5.357995e-001  9.219366e-001  1.695818e+000
-1.082268e+001 -3.521044e+000 -5.532155e-001 -8.596326e+000  1.286616e+000 -2.088929e+000  1.077868e+000 -1.422959e+000 -1.422261e+000  1.597349e+000 -1.469940e+000 -3.615347e-002  3.968925e+001 -5.309651e-001 -2.292646e+000 -2.815747e+000 -8.308185e-001 -2.725034e+000 -2.344846e+000  2.807341e+000 -2.850224e+000  2.097452e+000 -1.825192e+000  1.812088e+000  8.991216e-001  7.019430e+000 -1.853936e+000  2.931876e-001  1.041612e+000  2.311169e-001 -5.844775e-001 -5.921506e-001  4.046649e-001  3.233005e-001 -1.142717e-001  4.418521e-002  1.765362e-001  2.529215e-001  3.245111e-001
-1.573295e+001 -4.808448e+000 -7.873861e+000 -1.205676e+001 -2.806496e+000 -6.004663e+000  3.288823e+000 -6.111532e+000  5.502398e+000  3.716718e+000  7.323081e+000 -2.218355e+000  5.717707e+001 -3.661070e+000 -1.406989e+000 -8.895998e-002 -3.199526e-001 -2.450119e+000 -2.693061e+000  3.797628e+000 -1.320919e+000  1.272836e+000 -8.322680e-001  6.991809e-001  4.295541e-001  5.157229e+000 -1.406135e+000  4.303486e-001  1.657718e+000  6.091754e-001  4.035565e-002 -8.299001e-002  2.096713e-001  7.519563e-001 -1.117545e+000  2.009685e-001 -7.040629e-001  3.876990e-003 -1.715203e+000
-1.955519e+001 -3.488453e-001 -4.002175e+000 -8.155294e+000 -2.345096e+000 -9.300147e+000  1.029619e+001 -2.638958e+000  6.340487e+000  1.973432e+000  9.971036e+000  2.482992e+000  5.498186e+001 -4.064497e+000 -5.061535e-001  1.710091e+000  1.681593e+000 -1.716119e+000 -1.493220e+000  4.854320e+000  2.482898e-001 -1.768893e+000 -1.132699e+000 -6.587891e-001 -8.597565e-001  1.657279e+000  4.294842e-002 -2.632527e-002  8.022912e-001  2.446427e-001  2.106995e-001  4.301027e-001 -4.985922e-001  4.823803e-001 -1.081295e+000  6.037033e-003 -9.198661e-001 -2.097045e-001 -2.142908e+000
-2.726929e+001 -3.793569e+000  2.250957e+000 -4.696895e+000 -5.468977e+000 -8.655542e+000  1.521278e+001 -2.059150e+000 -1.365104e+000 -3.090063e+000 -4.226195e-002 -3.837060e+000  4.983833e+001 -2.652303e+000 -1.306744e+000  2.366397e+000  1.546286e+000 -1.801824e+000 -1.686588e+000  3.161034e+000 -3.679931e-001 -2.536950e+000 -1.569799e+000 -2.054586e+000  2.050830e-001 -1.372248e+000  1.354044e+000 -2.110838e-001 -3.899015e-001 -5.161972e-001  2.063860e-001  5.623246e-001 -1.175967e+000  1.311008e-001  2.870325e-002  1.501123e-001 -6.211513e-003  4.054331e-001 -1.185423e+000
-2.537699e+001 -6.559251e+000  2.934829e+000 -3.868294e+000 -5.962741e+000 -8.229591e+000  1.938749e+001 -2.207701e+000 -6.832973e+000 -6.627560e-001 -1.081214e+000 -3.525584e+000  5.164502e+001 -8.206062e-001 -2.474395e+000 -3.196929e-002 -5.407246e-001 -1.995685e+000 -6.975695e-001  6.326770e-001 -9.147852e-001 -1.404131e+000 -1.426241e+000 -1.410359e+000 -3.716544e-002 -4.303722e-001  1.610314e+000 -8.774910e-002 -8.140219e-001 -8.245212e-001  3.007740e-001  5.221531e-001 -1.243796e+000  2.371200e-001  1.109560e+000  4.941591e-001  9.307903e-001  6.789998e-001 -3.036810e-001
-2.608357e+001 -8.236966e+000  4.896232e-001 -6.468830e+000 -1.000679e+001 -1.497288e+001  1.454834e+001 -8.167126e+000 -5.956226e-001 -2.814183e+000  2.576276e+000  1.811347e+000  5.198425e+001  1.487206e+000 -1.478287e+000 -1.167438e+000 -1.789780e+000 -1.278407e+000 -2.792635e-001  2.861414e-002 -8.387790e-002  1.233972e+000  6.506456e-002  1.043908e+000  2.045424e+000  2.739391e-001  1.379825e+000  3.588523e-001 -6.082909e-001 -2.720735e-001  5.157328e-001  6.976613e-001 -8.103124e-001  6.355036e-001  9.641804e-001  8.497967e-001  1.203483e+000  2.436006e-001 -2.088462e-002
-2.425109e+001 -1.049912e+001 -3.281355e+000 -9.972950e+000 -1.005461e+001 -9.629326e+000  1.379179e+001 -4.158896e+000 -1.064908e+000 -5.295712e+000  1.609972e+000 -5.270393e-001  5.175703e+001  1.917320e+000 -8.591275e-001 -5.931013e-001 -7.729800e-001 -4.739580e-001  4.138830e-001  2.015517e-001  1.291832e+000  1.893446e+000  5.206648e-001  2.445915e+000  1.615072e+000 -6.842190e-001  6.395649e-001  6.728559e-001  1.455460e-001 -6.614340e-003  5.432087e-001  5.359783e-001 -7.359701e-001  1.105275e+000 -6.883761e-002  7.911237e-001  5.787709e-001 -5.254495e-001 -3.062057e-001
-2.039622e+001 -9.215070e+000 -4.781398e-001 -1.059347e+001 -9.815077e+000 -9.351993e+000  1.815370e+001 -1.502942e+000  1.920723e+000 -4.482620e-001  3.831686e+000  4.890788e+000  5.115202e+001  2.877861e+000 -3.201164e-001 -3.944910e-001  3.020465e-001  1.597691e-002  1.245992e+000 -6.749660e-001  1.706216e+000  6.351636e-001  1.705732e+000  2.034694e+000  5.969675e-001 -1.349747e+000 -2.752689e-001  6.058863e-001  5.857278e-001 -2.220576e-001  6.492773e-001  6.780698e-001 -1.332800e+000  7.574897e-001 -1.604497e+000  3.403013e-001 -2.990091e-001 -1.520731e+000 -3.506908e-001
-1.863407e+001 -1.036584e+001  4.532038e-001 -5.670876e+000 -8.428389e+000 -8.970620e+000  1.859257e+001  9.193692e-001  1.376084e+000  7.576070e-001  1.052066e+001  3.010056e+000  4.864005e+001  1.681891e+000  3.107990e-001  3.092875e-001 -1.619709e+000  7.316704e-002  1.219694e+000 -2.695384e+000  3.716541e+000 -1.448915e+000  1.709044e+000  9.881028e-001 -1.940184e+000 -1.149557e+000 -3.204347e-001  6.236815e-001  3.486089e-001 -2.920320e-001  4.814309e-001  6.635635e-001 -9.883065e-001 -1.751912e-002 -1.699315e+000 -9.383111e-002 -8.710548e-001 -1.116432e+000 -3.223799e-001
-1.450278e+001 -9.904191e+000 -3.350111e+000 -7.109634e+000 -1.074002e+001 -9.072271e+000  8.773122e+000 -2.175179e+000  1.359699e+000  2.687815e+000  8.294403e+000  3.027637e+000  4.679401e+001  2.285759e-001  9.661808e-001  1.310007e+000 -2.476703e+000  1.694417e+000  2.708180e+000 -5.186919e+000  2.491216e+000 -5.117332e+000  1.172382e+000  2.777690e-001 -3.780603e+000 -1.246846e+000 -1.534147e-001  5.563431e-001 -7.743407e-002  4.752254e-001  3.512115e-001  3.617881e-001  2.826736e-001 -7.117214e-001 -6.183674e-001 -8.363537e-001 -7.384814e-001 -2.506159e-001 -5.202727e-001
-1.878835e+001 -8.600567e+000 -2.989314e-001 -1.981341e+001 -9.226305e+000 -3.670718e+000  5.005161e+000  1.475993e+001 -8.028971e+000  1.681468e+000  4.319128e+000 -9.296386e+000  4.818825e+001  1.639788e+000  1.616132e+000  2.976942e-001 -8.437653e-001  1.093976e+000  3.000607e+000 -2.484004e+000  8.117368e-001 -3.726883e+000  3.181842e-001 -1.030896e+000 -1.778304e+000 -2.347569e+000  3.500407e-001  1.937649e-001 -8.965835e-001  1.597878e+000 -3.545520e-001 -4.674578e-001  1.171631e+000 -1.796444e+000  8.680612e-001 -1.038112e+000 -3.066534e-001  9.685390e-001 -7.475905e-001
-1.917620e+001 -5.266801e+000  6.447963e+000 -1.590571e+001 -9.440331e-001  1.538959e+000 -9.871910e-001  4.032859e+000 -1.896341e+001  4.951715e+000  8.321296e+000 -7.859009e+000  4.514369e+001  2.131838e+000  1.808933e+000 -7.758647e-001  2.290202e+000  1.261629e+000  2.164476e+000  6.327125e-001 -3.999886e-001 -1.317690e+000 -1.780607e+000 -6.482134e-001 -7.370521e-001 -3.352105e+000 -1.987199e-002  1.588022e-001 -1.109519e+000  1.569225e+000 -1.056589e+000 -9.376963e-001  1.169150e+000 -8.875237e-001  1.774150e+000 -6.753696e-001 -1.621903e-001  1.172897e+000 -1.851464e-001
-8.098415e+000 -4.603874e+000 -2.957362e+000 -5.491663e+000 -7.856500e+000  7.267975e-001  1.105270e+001  1.874034e+000 -7.096775e+000  1.216578e+000  5.352730e+000 -4.381423e-001  3.772736e+001  2.480463e+000  8.582477e-001 -3.130694e+000  3.986226e+000 -1.483199e+000 -8.457431e-001  2.529579e-001 -3.820078e+000  9.915698e-001 -2.005024e+000 -8.217306e-002  1.380735e+000 -3.834880e+000 -1.350834e+000  3.731816e-001 -9.082390e-002  4.897726e-001 -7.486461e-001 -5.060750e-001 -4.174688e-001  1.759133e-001  6.481909e-001  1.428365e-001 -2.752509e-001  3.763951e-002  9.191887e-001
-9.188552e+000 -2.857875e+000 -5.900219e+000 -2.819501e+000 -5.116774e+000 -4.486474e-001  8.912913e+000  2.267826e+000 -5.694847e+000 -5.982775e+000  4.536535e+000 -5.086745e+000  3.526393e+001 -2.911216e-001  2.139134e+000 -2.523392e+000  2.954427e+000 -2.299941e+000 -5.712637e-002 -7.096489e-001  3.695049e-001  1.394193e+000 -1.042862e+000 -1.007544e+000  5.043609e-001 -1.428922e+000 -1.402329e+000  3.213429e-001  7.464930e-001 -4.928536e-001 -3.841799e-001 -2.607034e-001 -1.323617e+000  8.742425e-001 -1.166006e-001  8.670389e-001 -4.813161e-001 -3.390122e-001  1.347447e+000
-1.137986e+001 -5.513792e+000 -9.778311e+000 -6.425390e+000 -1.455593e+001 -6.905630e+000  1.319898e+000 -3.457943e+000 -9.705404e+000 -2.876407e+000  5.800643e+000 -3.778843e+000  3.395373e+001 -3.902903e+000  3.316939e+000  7.173383e-001  1.272985e+000 -8.684690e-001  1.581033e+000 -3.900168e+000  1.306556e+000 -1.841870e+000  6.634942e-001 -2.227485e+000 -2.210813e+000  1.286783e+000 -4.377343e-001 -5.358888e-002  1.368617e+000 -6.599979e-001  6.718318e-001 -1.630095e-001 -8.602305e-001  8.862407e-001  1.498521e-002  4.489745e-001 -3.763959e-001 -3.607454e-001  9.475262e-001
-1.899108e+001  5.883827e+000 -2.758521e+000 -6.667152e-001 -9.094025e+000  5.069541e+000  3.309669e-001  8.546372e+000 -1.068813e+001  1.783898e+000  3.059619e+000 -3.666854e+000  3.988589e+001 -1.688124e+000  2.186301e+000  1.032584e+000  1.182554e+000 -9.666354e-001 -3.524284e-001 -3.908812e+000  1.407907e+000 -4.839725e-001  1.220328e+000 -1.982138e+000 -6.363389e-001  8.242970e-001  1.342913e+000 -1.290980e+000  2.732081e-001 -9.029302e-001  9.648304e-001 -6.267397e-001  5.607390e-001 -4.761150e-001  8.009643e-001 -5.709139e-001 -3.628492e-004  1.144059e-001 -3.506561e-002
-2.271167e+001  7.609972e+000 -9.415200e-001 -2.031302e-001 -1.021022e+001  5.872869e+000 -4.157164e+000  5.267542e+000 -1.380948e+001  6.507122e-001 -5.046238e+000 -1.220215e+001  4.185029e+001  9.902932e-001  5.667195e-001  1.934403e+000  1.572173e+000  1.209307e+000 -1.513140e+000 -2.448613e+000  9.192465e-002  2.005579e+000 -8.917469e-001 -1.476856e+000  1.473580e-001 -2.238586e-001  2.375209e+000 -1.857184e+000 -1.105122e+000 -1.300090e+000  7.082835e-001 -4.672197e-001  1.858390e+000 -5.718163e-001  1.421043e+000 -1.498236e+000  2.563399e-001  5.913593e-001 -2.169151e-001
-1.196327e+001  1.511750e+000 -5.155694e+000 -1.786065e-002 -1.212281e+001 -8.600039e+000 -7.892614e+000  4.944619e+000 -6.062669e+000 -1.644694e+000  4.928764e-002 -4.056784e+000  3.543713e+001  3.976846e+000 -2.940658e+000 -1.765884e+000 -1.709818e+000  1.485323e+000 -1.643738e+000  1.368269e+000 -1.403754e+000  3.475290e+000 -3.119811e+000 -1.384673e+000 -1.026950e-001 -8.489292e-001  1.487057e+000 -9.758383e-001 -1.161378e+000 -1.455047e+000  1.406025e-001  4.136489e-001  1.909338e+000  1.434528e-001  5.601529e-001 -1.221175e+000 -3.308777e-001 -4.622484e-001  5.449697e-001
-9.942300e+000 -4.941555e-001  1.092293e+000  1.111047e+000 -6.995005e+000 -7.636539e+000 -6.811379e+000 -1.197443e+000 -1.990240e+000 -5.620846e+000 -7.847025e-002 -2.847087e+000  3.505882e+001  5.140656e+000 -3.405502e+000 -3.409038e+000 -3.781277e+000  1.446969e+000 -1.094107e-001  2.753240e+000 -1.466945e-001  3.283714e+000 -4.657619e+000 -1.244518e+000  4.791612e-001  1.038821e+000  3.689029e-001  5.338681e-001 -4.582312e-001 -8.236853e-001 -7.703068e-001  4.069690e-001  9.617236e-001  9.840695e-001 -3.592494e-001  1.641439e-001 -7.724045e-001 -9.407508e-001  7.965953e-001
-5.491539e+000 -4.767401e+000 -1.260485e+001 -9.872894e+000 -3.275019e+000  3.605552e+000  8.499419e+000  4.760093e+000  7.786998e-001 -1.067938e+001 -6.347630e+000 -8.857862e+000  3.903699e+001  3.671980e+000 -7.067798e-001 -2.102583e+000 -3.415958e+000 -3.824542e-001  1.013952e+000  3.036952e+000  2.244481e+000  1.677725e+000 -3.002610e+000 -3.752695e+000 -3.113482e+000  2.917806e+000 -8.431424e-001  1.810936e+000  1.420477e+000  9.776865e-001 -8.970791e-001 -3.318860e-001 -6.536437e-001  8.793402e-001 -5.523162e-001  1.520334e+000 -3.098679e-001 -4.021143e-001  2.029427e-001
-2.442508e-001 -6.277960e+000 -1.426214e+001 -1.418200e+001 -7.399266e+000 -7.769801e-001  1.413018e+000  4.626333e+000 -8.116015e-001 -1.812004e+001 -8.070370e+000 -7.405809e+000  4.524447e+001  2.987240e+000  2.119121e+000 -1.884029e-001 -1.693184e+000 -1.708338e+000 -8.071393e-001  1.525663e+000  3.188154e+000  1.108115e+000 -1.296273e-001 -4.154867e+000 -3.051002e+000  1.875750e+000 -1.517717e+000  1.668196e+000  2.037820e+000  2.073156e+000 -4.000967e-001 -7.773134e-001 -1.161722e+000 -2.854312e-001 -4.056380e-001  1.974994e+000  6.237470e-001  3.401385e-001 -9.295591e-001
 1.547606e+000  8.697535e-001 -7.991395e+000 -9.451130e+000 -1.383295e+001 -6.960060e+000  3.179950e+000  1.325513e+001  1.736636e+000 -1.040815e+001 -1.471824e+001 -1.734484e+001  4.493334e+001  8.378412e-001  3.351710e+000  3.726181e+000  2.134568e+000 -1.422419e+000 -2.954304e+000 -1.286161e+000  1.325522e+000  1.801509e+000  2.217866e+000 -1.478838e+000 -3.481851e-001 -2.526806e-001 -1.468661e+000  5.198769e-001  1.598386e+000  2.001155e+000  5.446939e-001 -1.939714e-001 -9.788330e-001 -1.659772e+000 -5.521379e-001  1.058363e+000  1.801405e+000  1.563474e+000 -1.353904e+000
 1.474329e+000  7.282870e+000 -2.156448e+000 -7.565753e+000 -1.025773e+001 -6.389429e+000  3.476668e+000  1.049581e+001  3.071365e+000 -6.404595e+000 -1.666750e+001 -1.385861e+001  4.148939e+001 -1.030861e+000  2.906232e+000  3.865682e+000  3.809242e+000 -3.353157e-002 -2.011850e+000 -8.938126e-001 -1.114371e+000  1.193632e+000  2.607112e+000  7.372883e-001  7.972049e-001 -2.023732e+000 -1.213484e+000 -5.279631e-001  5.622793e-001  1.135411e+000  9.516705e-001  7.113392e-001 -4.926014e-001 -1.887110e+000 -9.175788e-001  1.261161e-002  1.823620e+000  1.279112e+000 -8.370501e-001
-2.161623e+000  5.210735e+000 -2.678577e-002 -2.508177e+000 -8.957880e+000 -8.359744e+000  1.036788e+000  8.452966e+000  7.844760e+000 -5.447768e+000 -9.443252e+000 -7.372387e+000  3.965112e+001 -1.662274e+000  1.499049e+000  3.862307e+000  3.838603e+000  1.503612e+000  6.464497e-001 -6.474751e-001 -3.903116e+000 -1.125723e+000  9.208359e-001  2.808252e+000  2.779782e+000 -1.901971e+000 -4.725112e-001 -7.425818e-001 -4.130670e-001 -2.273128e-002  9.092392e-001  1.195497e+000  2.019206e-001 -1.117139e+000 -1.248521e+000 -6.485745e-001  6.218978e-001  2.580710e-001 -1.563114e-001
-3.543942e+000  6.082707e+000  1.083970e+000  1.392735e+000 -1.000446e+001 -1.013639e+001 -1.984464e+000  1.455561e+000  2.102495e+000 -7.564671e+000 -7.021421e+000 -8.406009e+000  3.776692e+001 -1.830122e+000  4.056357e-001  2.554931e+000  3.131856e+000  1.586998e+000  9.491796e-001 -1.256688e+000 -3.633076e+000 -2.016163e+000  5.819458e-001  2.819688e+000  1.780575e+000 -1.484855e+000  5.541587e-003 -5.851606e-001 -5.917022e-001 -4.969207e-001  6.138509e-001  7.703716e-001  3.800557e-001  8.280726e-002 -8.871346e-001 -5.932733e-001 -1.916379e-001 -2.941210e-001  2.383476e-001
-4.254630e+000  8.965081e+000  9.699931e+000  5.262640e+000 -6.441525e+000 -1.854333e+000  2.673141e+000 -1.740325e+000 -3.407544e+000 -5.223933e+000 -5.500020e+000 -6.172227e+000  3.728472e+001 -1.125085e+000  8.890989e-001  2.316221e+000  2.359604e+000  2.313512e+000  1.542667e+000 -9.512086e-002 -3.000822e+000 -2.836200e+000 -1.242342e-002  5.894514e-001  4.504848e-001 -1.303676e+000  1.155365e-001 -4.265068e-001 -8.278615e-001 -6.755451e-001  1.133501e-001  1.005595e-001  4.502043e-001  9.504907e-001 -5.686400e-002 -2.685037e-001 -7.012160e-001 -8.225147e-001  2.053029e-001
-6.629777e+000  7.433875e+000  5.754848e+000  4.208118e+000 -3.580918e+000 -4.896236e+000 -3.624946e+000 -2.572924e+000 -1.383299e+000 -3.606784e+000 -4.540679e+000 -5.555817e+000  3.524832e+001 -1.271748e+000  2.854037e-001  1.680214e+000  2.064137e+000  2.630773e+000  1.391900e+000  7.302889e-001 -1.151482e+000 -2.386803e+000  1.073749e-001  8.884989e-001  4.912483e-001 -1.131141e+000  1.268776e-001 -3.291668e-001 -7.496682e-001 -6.176104e-001 -1.279970e-001 -1.091594e-002  4.481810e-001  1.113304e+000  3.646186e-001 -3.764390e-001 -8.037511e-001 -6.807947e-001  1.642528e-001
