21 39
-2.062819e+001 -1.220184e+001 -6.913793e+000 -5.272859e+000  1.269023e+001 -3.898309e+000  7.169249e+000  4.045592e+000  8.429959e+000  1.279429e+001  3.718237e+000  3.990625e-001  4.836080e+001 -8.004252e-001  5.015345e-002 -3.884945e-001  1.895063e+000 -2.039412e+000  1.688507e+000  5.347068e-001  1.010401e-001  1.607001e+000 -1.449015e+000  2.748863e+000 -2.527845e+000  5.932537e-001  9.324422e-002 -4.907456e-001 -3.880231e-002 -9.305833e-002 -1.831539e+000  3.678738e-001 -9.335935e-001 -5.320993e-001 -1.103919e+000 -4.827752e-001  3.972462e-001 -3.695980e-001 -3.074892e-001
-1.952434e+001 -1.099278e+001 -4.645046e+000 -4.701205e-001  3.712369e+000 -1.518049e+000  3.982804e+000  2.134375e+000  1.136622e+001  1.044035e+001  1.081296e+001 -8.824679e-001  4.945014e+001 -2.521635e-001 -7.547030e-001 -7.608144e-001  1.062565e+000 -3.818708e+000  1.101317e+000 -1.722742e+000 -1.693976e+000 -4.912447e-001 -1.669056e+000  2.692196e+000 -1.454552e+000  4.707237e-001  8.415190e-002 -4.175434e-001 -2.443027e-001 -4.506070e-001 -4.743559e-001 -1.585275e-001 -1.009064e+000 -5.275825e-001 -9.990098e-001 -2.803140e-001 -9.583499e-001  5.091470e-001 -1.235380e-001
-2.241219e+001 -1.433328e+001 -4.403748e+000  2.206053e+000  3.995756e+000 -9.225622e-001  6.478816e-001  5.122759e-001  8.059695e+000  7.689158e+000  1.170807e+001 -2.551125e+000  4.920579e+001 -3.500546e-001 -9.427503e-001 -8.626900e-001  1.380110e+000 -3.911235e+000  7.321469e-001 -3.298112e+000 -2.925262e+000 -2.281387e+000 -2.873020e+000  9.908105e-001  3.498374e-001  7.315262e-001  2.180178e-001 -4.010344e-002 -1.107062e-001 -5.254316e-001  5.381254e-001 -5.033475e-001 -3.271125e-001 -4.159860e-003 -3.048680e-001  7.731599e-002 -1.546576e+000  5.940874e-001  4.140331e-002
-1.984039e+001 -1.482087e+001 -8.369180e+000 -1.019078e+000 -3.999485e+000  3.983701e-001 -2.609814e+000 -7.539219e+000  6.289183e-001  9.115274e+000  9.859900e+000 -1.233905e+000  5.057190e+001 -2.126026e-001 -8.770782e-001 -1.595322e+000  1.567700e-001 -1.356680e+000 -6.500892e-002 -2.608281e+000 -1.412990e+000 -1.325264e+000 -1.988522e+000 -1.866709e+000  6.452876e-002  6.646580e-001  1.976278e-001  4.174308e-001  3.020409e-001 -4.293014e-001  1.326073e+000 -5.453957e-001  8.273959e-001  7.695951e-001  4.009558e-001  2.030397e-001 -1.211761e+000  2.084877e-001 -3.509868e-002
-2.222044e+001 -1.500155e+001 -9.365176e+000  1.902167e+000 -3.010018e+000 -1.195784e+000 -6.025003e+000 -5.743922e+000  2.391674e+000 -9.082661e-001  9.148819e+000  2.323968e+000  5.145755e+001  2.698832e-001 -8.917618e-002 -5.247717e-001 -2.791976e-001 -5.797990e-001 -2.450670e-001 -6.580861e-001 -6.025187e-002  4.996703e-001 -9.027028e-001 -2.704564e+000 -3.169481e-001  7.033032e-001  5.535479e-001  6.260377e-001  8.306262e-001 -4.975984e-001  8.826515e-001 -8.076567e-001  6.844184e-001  8.013788e-001  6.761230e-001  3.175923e-001 -3.478042e-001 -6.599972e-002 -6.337433e-002
-2.068323e+001 -1.504403e+001 -1.014094e+001  4.656721e-001  4.318551e-001 -1.706483e+000 -5.722160e+000 -1.802478e+000  7.573912e+000  4.796454e+000  2.759039e+000 -2.997370e+000  5.164755e+001  4.260067e-001  9.056638e-001  5.804311e-001 -2.542886e-001  1.145938e+000 -1.137055e+000  1.094224e+000  7.214949e-001  1.230056e-001 -1.639016e+000 -1.518925e+000 -7.872076e-002  3.093418e-001  1.312536e+000  9.647773e-001  9.209573e-001 -8.404615e-001 -2.427567e-001 -7.769136e-001  3.678521e-002  1.711861e-001 -4.056268e-001 -5.153833e-001  6.845585e-002 -7.079063e-003 -9.263491e-003
-2.064136e+001 -1.466757e+001 -6.141725e+000  6.769013e-002 -1.118909e+000 -1.095471e+000 -1.086376e+000 -2.657354e+000  7.085550e+000  5.335054e+000  1.735677e+000 -3.254132e+000  5.218448e+001  2.098380e+000  1.296067e+000  2.202565e+000 -9.023530e-001 -7.492862e-001 -2.770113e+000 -1.727273e+000  1.438919e-002  3.750928e-001 -1.459811e+000 -9.221028e-001  9.146361e-002  5.923126e-001  1.943652e+000  9.488295e-001  1.650203e-001 -1.855241e+000 -6.659570e-001 -2.672767e-001 -7.868701e-001 -2.546062e-001 -1.662207e+000 -2.017965e-001 -7.239462e-001 -1.249953e-001  1.477713e-001
-1.849990e+001 -1.045954e+001 -7.078750e+000 -1.373282e+000  7.846513e-001 -5.337062e+000  3.919936e-001 -5.475029e+000 -1.102991e+000 -2.201468e+000  5.971848e+000  1.161541e+000  5.175515e+001  5.435831e+000  3.254187e+000  1.645797e+000 -3.733960e+000 -2.485720e+000 -2.687053e+000 -1.889762e+000 -5.943803e-001 -3.291109e+000 -4.286884e+000 -2.415660e+000 -1.750724e-001  6.738358e-001  1.834808e+000  5.632906e-001 -6.532800e-001 -2.341170e+000 -5.965497e-001  8.677636e-001 -7.508371e-001 -2.397343e-001 -1.869533e+000  1.020396e+000 -1.605260e+000 -2.062187e-001  3.195692e-001
-1.282021e+001 -1.081346e+001  1.165518e-001 -1.690120e+000 -6.932847e+000 -1.323106e+001 -1.771844e+001 -3.835700e+000  8.605590e+000 -4.708359e+000  2.931900e+000  7.018303e-001  5.436532e+001  7.483230e+000  3.480710e+000 -2.323526e-001 -7.815565e+000 -2.093755e+000 -8.064512e-001 -3.100443e+000 -6.753455e-001 -6.104309e+000 -5.877516e-001 -5.875927e+000 -8.937489e-001  1.259912e+000  5.935727e-001 -1.370981e-002 -1.341188e+000 -1.770705e+000  3.425894e-001  1.766794e+000  4.454384e-001 -2.031739e-001 -1.694340e+000  1.783842e+000 -1.306032e+000  6.033685e-002  1.796619e-001
 2.585346e+000 -7.001582e-001 -5.041098e+000 -1.732522e+001 -9.089778e+000 -9.073954e+000 -6.854937e+000 -4.185206e+000 -9.641652e+000 -1.161626e+001 -9.917372e+000 -5.850714e+000  5.392631e+001  6.907620e+000  2.629796e+000 -1.468510e+000 -8.503534e+000 -1.164576e+000  2.219932e+000 -1.973376e+000 -1.323093e-001 -5.984958e+000  3.026936e+000 -7.068310e+000 -6.172083e-001  1.573388e+000 -1.202089e+000 -8.959566e-001 -8.738983e-001  2.484728e-001  8.719003e-001  1.464982e+000  6.625946e-001 -1.476824e-001  1.857472e-001  2.045517e+000  3.496779e-001  6.684867e-001  3.993416e-003
 6.232170e+000 -2.143715e+000 -8.322314e+000 -3.103417e+001 -6.650470e+000 -3.259281e+000 -1.296513e+001 -6.678993e+000 -1.916666e+001  7.103693e+000 -1.969935e+001 -4.216749e+000  5.739846e+001  4.330349e+000  1.539714e+000 -2.946223e+000 -7.371092e+000  3.030888e-001  3.610363e+000  5.417262e-001 -1.232516e+000 -6.749684e+000  3.802488e+000 -5.125938e+000  6.142158e-001  1.040846e+000 -2.050277e+000 -1.081642e+000 -2.665021e-002  2.160601e+000  5.847301e-001  2.646080e-001  8.597008e-001 -1.253468e-001  1.476389e+000  2.029579e-001  1.934419e+000  7.778147e-001 -3.157102e-001
 6.512014e+000 -1.645430e+000 -1.020187e+001 -2.921893e+001 -5.179417e+000  7.767063e-001 -1.185154e+001 -4.714929e+000 -1.714165e+001  7.027187e+000 -1.805408e+001  5.347897e-001  5.810551e+001  1.001824e+000 -2.550984e-001 -1.366760e+000 -2.713832e+000  6.753594e-001  2.429448e+000 -3.978742e-001 -1.054207e+000 -2.039685e+000  3.745580e+000 -1.042265e+000  2.413378e+000  8.033360e-001 -1.836418e+000 -9.943398e-001  5.512583e-001  2.577282e+000  2.099693e-001 -9.220444e-001  2.566412e-001 -1.435557e-001  1.688107e+000 -8.056651e-001  2.049512e+000  1.420252e-001 -3.558687e-001
 6.868205e+000 -2.642256e+000 -1.203418e+001 -3.259872e+001 -7.372583e+000 -1.045750e-001 -1.251151e+001 -9.733418e+000 -2.139283e+001  4.982357e+000 -1.862944e+001  5.801575e-001  5.747995e+001  1.847420e-001 -4.850534e-001 -4.164788e-001  9.259071e-002 -9.007225e-002  4.118307e-001  4.103095e-001 -8.411309e-001 -6.950010e-001  6.771608e-002  7.831453e-001  1.480031e+000  6.638718e-002 -1.107807e+000 -7.787910e-001  7.968421e-001  2.326683e+000 -9.644135e-003 -1.178777e+000 -4.775345e-001  3.359647e-001  1.689064e+000 -4.870283e-001  1.117084e+000 -8.112002e-001 -1.070450e-001
 7.276449e+000 -1.726380e+000 -1.001896e+001 -3.011210e+001 -5.351924e+000  1.495934e+000 -9.071117e+000 -7.929029e+000 -1.872699e+001  8.172305e+000 -1.566365e+001  3.817725e+000  5.790224e+001 -2.016653e-001 -1.329520e+000  2.290955e-002  6.510330e-001  8.185086e-002 -7.910236e-001 -6.244618e-001 -1.045780e+000 -5.717657e-001  8.659967e-001  2.247057e-001 -3.399901e-001  2.812740e-001 -4.530959e-001 -5.936214e-001  3.941012e-001  1.565037e+000 -5.750632e-002 -8.150582e-001 -8.536829e-001  6.087250e-001  9.692864e-001  1.626634e-001 -1.506696e-001 -1.828424e+000  9.467144e-002
 6.773662e+000 -4.528507e+000 -1.049616e+001 -3.012463e+001 -7.014577e+000 -1.559741e+000 -1.230379e+001 -9.277597e+000 -2.184900e+001  6.869715e+000 -1.697884e+001  1.541940e+000  5.783203e+001 -6.069410e-001 -1.817030e+000  3.431530e-001  2.579888e+000  5.516224e-001 -6.732857e-001 -1.732653e+000  4.430943e-001  9.616766e-001  2.807138e+000 -1.740028e-001 -2.065101e+000  7.666523e-001 -3.007157e-001 -5.216216e-001  4.014022e-001  1.233361e+000 -1.835908e-001 -3.814701e-001 -1.070196e+000  9.798243e-001  1.144641e+000  4.844012e-001 -5.295637e-001 -1.943017e+000  2.234756e-001
 5.550959e+000 -7.349903e+000 -1.085633e+001 -2.720082e+001 -4.949166e+000 -2.450829e+000 -1.507771e+001 -1.017174e+001 -1.977240e+001  1.041349e+001 -1.775585e+001 -1.646052e+000  5.933584e+001 -8.678144e-001 -2.557217e+000  2.239306e-001  3.867702e+000  6.698046e-002 -1.103285e+000 -3.594808e+000  1.347305e+000  1.978408e+000  3.189186e+000 -1.317039e+000 -4.956176e+000  9.265606e-001 -2.076331e-001 -1.211767e-001  6.710185e-001  1.051993e+000 -7.256700e-001 -2.249250e-001 -4.610502e-001  1.231088e+000  1.209405e+000 -9.279982e-001 -1.196133e-001 -1.205356e+000  2.195904e-002
 4.696245e+000 -8.915647e+000 -9.899732e+000 -2.115493e+001 -4.815851e+000 -1.497622e+000 -1.817147e+001 -6.396591e+000 -1.606175e+001  1.789745e+001 -1.845335e+001 -7.013458e+000  6.059641e+001 -9.857618e-001 -2.479313e+000  1.490022e+000  4.651062e+000 -1.000591e+000 -1.339389e+000 -3.455496e+000  2.861448e+000  3.753115e+000  1.328128e+000 -1.093801e+000 -5.926961e+000  8.611221e-001 -8.757809e-002  3.908209e-001  9.764522e-001  4.710691e-001 -1.159313e+000 -4.120755e-001  6.372942e-001  7.138460e-001  6.928853e-001 -2.696619e+000  5.527925e-001  1.208905e-001 -3.403859e-001
 3.976086e+000 -1.231889e+001 -9.197525e+000 -1.525844e+001 -6.116385e+000 -4.051549e+000 -2.411131e+001 -2.633008e+000 -1.172858e+001  1.860436e+001 -2.151159e+001 -1.668546e+001  6.115286e+001 -1.050420e+000 -1.604262e+000  2.804568e+000  4.875409e+000 -2.770393e+000 -1.582597e+000 -2.068291e+000  3.900485e+000  4.079542e+000 -3.034489e+000  8.653812e-002 -4.435838e+000  3.438343e-001 -1.327404e-001  9.976599e-001  1.461170e+000 -4.129314e-003 -6.609303e-001 -2.340002e-001  2.302065e+000 -4.042039e-002  5.141456e-002 -2.932160e+000  1.531920e+000  1.895166e+000 -6.382520e-001
 2.632290e+000 -1.444058e+001 -3.875453e+000 -1.284051e+001 -1.143392e+001 -7.456328e+000 -2.506447e+001  1.260274e+000 -7.105335e+000  9.414916e+000 -2.056997e+001 -2.057316e+001  6.122913e+001 -9.535285e-001 -3.394035e-001  3.935095e+000  4.431380e+000 -3.826258e+000 -2.494007e+000  6.905603e-001  2.735734e+000  3.375536e+000 -7.564120e+000  1.888171e+000 -1.720817e+000 -6.439140e-001 -3.888125e-001  1.162963e+000  1.188640e+000  1.602221e-003  5.864095e-001  5.498444e-001  2.455740e+000 -1.226826e+000 -8.329110e-001 -1.040580e+000  1.986572e+000  3.028992e+000 -1.037075e+000
 1.330835e+000 -1.260875e+001  1.543729e-001 -6.980982e+000 -1.549209e+001 -7.384458e+000 -2.197267e+001  5.502248e+000 -3.852893e+000 -5.176869e-001 -1.626485e+001 -1.704539e+001  6.073865e+001 -1.547633e+000  1.361128e+000  6.307243e+000  3.956896e+000 -1.824838e+000 -1.695977e+000  5.842490e+000  1.208060e+000  2.424270e+000 -7.025491e+000  4.851576e+000  2.416584e+000 -1.512182e+000 -6.810626e-001  1.224878e+000  8.095503e-002 -5.648113e-001  1.491387e+000  1.065192e+000  1.432124e+000 -1.875307e+000 -1.028387e+000  1.629212e+000  1.490976e+000  2.802642e+000 -1.589242e+000
 1.251228e+000 -1.046774e+001  5.099796e+000 -3.136762e+000 -1.925929e+001 -1.230120e+001 -1.578800e+001  3.214453e+000 -3.121909e+000 -1.036212e+001 -1.163586e+001 -1.543758e+001  5.758394e+001 -2.681218e+000  1.852807e+000  5.681885e+000  5.118329e+000  1.458679e+000  1.466523e+000  4.867815e+000 -1.926468e+000  4.161958e-001 -1.879272e+000  6.456538e+000  5.791791e+000 -3.396243e+000 -6.790848e-001  1.203770e+000 -1.545142e+000 -1.159449e+000  1.789626e+000  1.253940e+000 -8.741999e-002 -1.585022e+000 -7.525845e-001  3.321125e+000  3.601815e-001  1.275654e+000 -1.781332e+000
