16 39
-2.388346e+000 -7.050441e+000 -1.304404e+001 -9.732562e-001 -9.779036e+000 -6.750542e+000 -3.483243e+000  3.615114e+000  4.096460e+000 -2.328474e+001 -1.986233e+000  3.104295e+000  6.382295e+001  2.756863e-001  3.465233e-002 -1.459978e+000 -6.101837e-001  2.901016e+000 -1.379480e-002 -1.286238e+000 -1.345446e+000 -1.568116e+000 -1.227945e+000 -2.044001e+000  6.820180e-001  8.006393e-001  5.495194e-001  3.063823e-001  1.183866e+000 -4.838490e-001 -7.416247e-001 -8.134642e-001 -9.744391e-001 -1.629222e+000 -2.757184e-001  4.785853e-001 -1.299634e+000 -1.182492e+000 -7.424980e-002
-7.494990e-001 -5.452969e+000 -1.459359e+001 -2.292524e+000 -7.165343e+000 -1.112444e+001 -3.780003e+000  2.968786e+000  3.108897e+000 -2.533644e+001 -7.956855e+000  1.412799e+000  6.549629e+001  1.060215e+000 -4.390568e-001  2.855048e-001 -1.842522e+000  1.551165e+000  6.152720e-001 -1.833697e+000 -7.487824e-001 -2.557766e-001 -6.101158e-001 -2.301475e+000 -2.586785e+000  9.784119e-001  2.670043e-001 -1.139662e-001  9.370066e-001 -5.110967e-001 -1.074223e+000 -1.095307e-001 -1.083824e+000 -7.727191e-001 -9.102022e-002  4.204564e-001 -4.970307e-001 -1.141572e+000 -8.742018e-002
-2.490889e-001 -8.429806e+000 -1.309976e+001 -3.725190e+000 -9.223693e+000 -8.617466e+000 -7.755024e+000  2.899728e+000  6.604798e-001 -2.552430e+001 -1.175819e+001 -3.969594e+000  6.711284e+001  5.684842e-001 -3.196064e-001  4.756358e-001 -1.440119e+000 -2.344840e-001  3.944778e-003 -3.125509e+000 -1.933599e+000 -3.107311e-001 -2.491697e-001 -2.601295e+000 -2.610457e+000  1.197749e+000  1.564329e-002 -2.438406e-002  1.936215e-001 -1.995383e-001 -7.892050e-001  5.623239e-002 -5.789391e-001 -7.429266e-003 -2.603846e-001  9.647512e-002  1.435616e-001 -1.001404e-001 -2.535411e-001
 1.342151e-001 -7.676566e+000 -1.062898e+001 -7.563385e+000 -7.895780e+000 -9.318580e+000 -8.646570e+000 -7.450620e-001  3.793532e+000 -2.338121e+001 -9.782242e+000 -5.409514e+000  6.840265e+001  6.599476e-001 -7.554818e-001  3.029591e-001 -1.635115e+000 -7.859303e-001  3.991321e-001 -3.788920e+000 -1.822169e+000 -9.952374e-001 -6.654253e-001 -1.787746e+000 -1.772326e+000  4.586594e-001 -1.529879e-001  2.108763e-001 -3.184070e-001  1.258644e-001 -9.006408e-002 -1.179040e-002 -9.160855e-002  1.107265e-001 -7.606928e-001 -7.577427e-002  4.057135e-001  7.523711e-001 -4.440901e-001
 1.221766e-002 -7.536675e+000 -1.264816e+001 -5.538422e+000 -1.058624e+001 -7.633749e+000 -1.667750e+001 -4.195956e+000  2.200488e+000 -2.550820e+001 -1.408001e+001 -6.536832e+000  6.835852e+001  5.540367e-001  7.094455e-002 -5.005975e-001 -1.711579e+000  1.235382e-001  3.754371e-001 -3.203322e+000 -8.458991e-001 -2.500308e+000 -7.179148e-001 -1.583057e+000 -2.259139e-001 -2.071899e-001 -1.042782e-001  3.048912e-001 -3.879858e-001 -5.769598e-003  4.312406e-001 -1.982957e-001  4.911231e-001  3.252113e-001 -7.488913e-001 -1.739271e-002  7.455213e-001  4.134396e-001 -4.846259e-001
 2.419586e+000 -9.676944e+000 -1.330459e+001 -9.561481e+000 -1.041372e+001 -9.620640e+000 -1.826336e+001 -2.594219e+000 -2.637294e+000 -2.867161e+001 -1.573467e+001 -6.165209e+000  6.716675e+001  3.024997e-001  4.200494e-001 -8.184136e-001 -1.077470e+000  9.218339e-001  3.705738e-001 -2.252833e+000 -7.389998e-001 -2.964452e+000 -7.546147e-001 -7.820266e-001 -1.720119e-002 -5.395691e-001 -1.863380e-001  4.446570e-001 -2.691393e-001  1.150404e-001  2.575060e-001 -2.739707e-001  6.228374e-001 -6.021280e-002 -1.424661e-001  5.685320e-001  6.438863e-001 -1.206099e-001 -2.574531e-001
 1.378409e+000 -7.074894e+000 -1.426494e+001 -1.128404e+001 -7.347031e+000 -6.589251e+000 -1.896324e+001 -4.051894e-001 -8.625648e+000 -2.646868e+001 -1.669726e+001 -4.721316e+000  6.669484e+001  2.258173e-001  6.170839e-001 -9.036067e-001 -1.747790e+000  1.067837e+000 -9.732546e-001 -1.437936e+000 -8.491268e-001 -3.070580e+000 -2.915386e-001  6.234523e-001 -1.420821e+000 -7.262657e-001 -2.362468e-002  2.622059e-001  3.740116e-002  1.748836e-001 -1.664080e-001 -1.902687e-001  5.115223e-001 -3.605047e-001  6.119960e-001  1.156219e+000  5.969621e-001 -5.413943e-001 -9.540916e-002
 9.636181e-001 -5.807209e+000 -1.391266e+001 -1.007793e+001 -4.906214e+000 -7.987960e+000 -1.876787e+001 -6.335444e+000 -5.615661e+000 -2.667405e+001 -1.238375e+001 -6.403278e+000  6.653664e+001 -1.076326e-001  1.194733e+000 -8.412328e-001 -1.041807e+000  2.945056e-002 -2.963757e-001 -1.557426e+000 -2.121619e+000 -1.422432e+000  1.964047e+000  3.284308e-001 -1.777922e+000 -5.690681e-001  1.977775e-001  1.518371e-001  1.776702e-001  9.834940e-003 -4.335608e-001  8.283834e-002  2.175007e-001 -1.454941e-001  7.615030e-001  1.364856e+000  3.063754e-001 -3.054475e-001 -7.480590e-002
 1.869288e+000 -6.386123e+000 -1.686216e+001 -1.401915e+001 -8.000806e+000 -1.331636e+001 -2.361493e+001 -6.570977e+000 -1.166323e+001 -2.796468e+001 -1.263821e+001 -1.352190e+001  6.504224e+001  6.409795e-001  9.946319e-001 -3.021821e-001 -8.549922e-001 -2.623100e-001 -2.424316e-001 -9.934143e-001 -1.957113e+000 -2.113380e-001  3.703848e+000  8.465247e-001 -2.052525e+000 -6.694862e-001  3.067564e-001  1.526975e-001  2.791314e-001  6.048174e-002 -2.915701e-001  4.375838e-001  1.932502e-001  1.280033e-001  7.009648e-001  9.253911e-001  2.913329e-001  5.224488e-001 -1.073515e-001
 1.635983e+000 -4.047663e+000 -1.621214e+001 -1.340296e+001 -9.939582e+000 -7.738962e+000 -2.372465e+001 -1.011942e+001 -8.230662e+000 -1.810338e+001 -1.612204e+001 -1.065452e+001  6.514771e+001  1.083806e+000  9.904608e-001 -2.307750e-001 -1.474694e+000 -5.808965e-001  4.193541e-001 -1.387591e+000 -9.124771e-001 -5.865582e-001  4.071974e+000  6.383139e-001 -1.228586e+000 -9.419883e-001  2.375998e-001  1.217934e-001  3.068124e-001 -9.369618e-002  3.929882e-003  3.063732e-001  4.174649e-001  1.919928e-001  2.685273e-001 -1.997399e-001  5.377293e-001  9.170476e-001 -1.574168e-001
 4.247124e+000 -2.981507e+000 -1.462611e+001 -1.389648e+001 -6.141897e+000 -7.925907e+000 -2.145192e+001 -8.298765e+000 -8.374837e+000 -1.223477e+001 -1.059549e+001 -1.285832e+001  6.404188e+001  1.163880e+000  1.482708e+000  1.868212e-001 -1.228938e+000 -8.483992e-002  8.567996e-001 -5.566033e-001 -8.136815e-001  1.630688e-002  3.281453e+000  1.925175e+000  9.167554e-001 -1.076563e+000 -1.492340e-001  1.204419e-001  3.457342e-001  1.889003e-001 -4.382486e-002  2.540143e-001  7.662305e-001 -1.616266e-001  1.040850e-002 -1.050534e+000  4.118057e-001  1.125912e+000 -8.443811e-002
 5.193731e+000 -2.557213e+000 -1.618457e+001 -1.751273e+001 -8.740150e+000 -8.586417e+000 -2.678733e+001 -1.003394e+001 -1.019265e+001 -1.417913e+001 -1.021354e+001 -1.287800e+001  6.232689e+001  8.189161e-001  1.559662e+000  4.483275e-001 -1.323315e+000 -3.963508e-002  6.858747e-001  3.114925e-001 -1.733371e+000 -1.936177e-001  1.176544e+000  2.477752e+000  1.322676e+000 -1.152614e+000 -4.813696e-001 -9.223185e-002  6.222408e-001  8.618051e-001  1.317052e-001 -2.615987e-001  1.190271e+000 -2.605109e-001  2.687099e-001 -1.089256e+000  3.455895e-002  5.894536e-001  9.729625e-002
 5.909814e+000  2.821909e-001 -1.594185e+001 -1.810895e+001 -9.024721e+000 -8.608637e+000 -2.486661e+001 -1.068213e+001 -1.060070e+001 -1.351954e+001 -5.966584e+000 -7.826385e+000  6.106984e+001  2.725477e-002  1.312240e+000  1.086938e+000  1.381989e-002 -7.520650e-001  8.943793e-001  1.988197e+000 -2.354799e+000 -3.557657e-001 -1.011064e-001  1.985834e+000  2.301403e+000 -9.863640e-001 -7.435700e-001 -4.356172e-001  9.536340e-001  1.471074e+000  4.737024e-001 -6.216401e-001  1.140417e+000  2.490921e-001  3.040827e-001 -5.541795e-001 -6.217721e-001 -3.462114e-001  2.853943e-001
 4.899219e+000  2.118800e+000 -1.331264e+001 -1.791330e+001 -8.696345e+000 -3.968224e+000 -2.045984e+001 -1.759460e+001 -8.085818e+000 -1.157827e+001 -6.047735e+000 -6.557109e+000  6.087066e+001 -7.547293e-001  6.145352e-001  2.430371e+000  2.212953e+000  4.112420e-001 -9.074295e-001  3.291363e+000 -1.444473e+000  9.430274e-001  3.169759e-001  7.807794e-001  1.026358e+000 -5.006065e-001 -9.562157e-001 -7.368627e-001  9.938239e-001  1.929234e+000  1.010958e+000 -5.549001e-001  5.592839e-001  8.690641e-001  2.161944e-001  2.761045e-001 -7.651366e-001 -6.588184e-001  4.603265e-001
 4.530654e+000  1.241689e+000 -1.062738e+001 -1.362710e+001 -9.924125e+000 -5.763107e+000 -1.467468e+001 -1.629243e+001 -1.120708e+001 -1.404073e+001 -2.749223e+000 -4.511749e+000  5.983817e+001 -1.767148e+000 -2.228148e-001  3.963969e+000  4.358299e+000  2.058233e+000 -1.454749e+000  3.655545e+000  2.873300e-001  9.683980e-001  9.403393e-001 -3.351986e-001 -6.661426e-001  2.440491e-002 -1.262593e+000 -9.487746e-001  4.438612e-001  1.586747e+000  1.321026e+000  3.050182e-001 -1.457558e-001  1.125119e+000  2.873267e-001  7.281410e-001 -4.254553e-001 -4.926640e-001  5.284882e-001
 2.109665e+000  3.571440e-002 -6.689942e+000 -8.688895e+000 -6.234239e+000 -1.454633e+001 -1.542648e+001 -1.445115e+001 -5.174323e+000 -1.233365e+001 -7.918327e+000 -9.403531e+000  6.043969e+001 -3.064961e+000 -1.357124e+000  3.978931e+000  6.150617e+000  3.610007e+000 -9.140615e-001  2.274238e+000  1.290885e+000  2.252724e-001  2.036344e+000 -1.874146e-001 -4.876432e-001  6.436340e-001 -1.361514e+000 -1.042744e+000 -7.348993e-001  2.588757e-001  5.935758e-001  1.519136e+000 -3.034451e-001  8.823851e-001  2.258576e-001  9.981140e-001  3.437777e-001  7.321092e-001  3.361844e-001
