29 39
-1.595656e+001 -9.105681e-001  1.182934e+001  9.381990e+000  7.994636e-001 -6.748548e+000  3.593136e-001  6.848742e-001  4.384958e+000  9.973068e-002 -7.451862e+000 -9.089268e+000  5.347409e+001 -6.113579e+000 -1.785411e+000 -2.682192e+000 -8.072810e-001  1.138892e+000  2.995769e+000  2.793652e+000  1.829877e+000  2.625069e+000 -5.382801e-001 -1.910374e+000  2.223542e+000 -2.096986e+000  5.913374e-001 -1.236398e+000 -1.985319e-001 -8.112025e-001 -2.391155e-001 -9.691054e-001 -6.133542e-001  2.988843e-001 -1.774109e+000  3.754203e-001  3.784567e-001  1.454376e+000  2.490938e-001
-2.073870e+001 -5.684626e+000  3.694923e+000  6.971230e+000 -2.159528e+000 -9.996575e+000 -4.853397e-001  3.162563e+000  3.625545e+000 -1.193233e-001 -5.958292e+000 -2.196956e+000  5.239911e+001 -3.927370e+000 -2.966938e+000 -3.430375e+000 -1.408300e+000  1.323277e+000  2.456028e+000  9.579061e-001  1.737368e+000  6.511597e-002 -1.964391e-001 -1.376286e+000  3.299644e+000 -1.638908e+000  1.524691e+000 -7.791472e-002  5.346456e-001 -3.642417e-001 -3.489529e-001 -5.294271e-001 -6.387271e-001 -1.008518e-001 -1.146956e+000  3.673518e-001  9.000945e-001  1.662841e-001  1.621938e-001
-2.323004e+001 -7.248371e+000 -1.296506e-001  3.786067e+000 -4.103979e+000 -5.506664e+000 -3.463776e+000  3.695392e+000  5.224025e+000  3.510921e+000 -6.319644e+000  2.534599e+000  5.014804e+001 -1.592058e+000 -1.618273e+000 -2.365432e+000 -1.108489e+000  9.510104e-002  2.108804e+000  2.949662e-001  7.287249e-001 -4.655441e-001  3.199798e-001  1.990339e+000  2.359828e+000 -1.722358e+000  1.509513e+000  8.045043e-001  1.073900e+000  1.157371e-001 -4.360732e-001 -3.763562e-001 -4.182601e-001 -4.270882e-001 -2.373969e-001 -2.966783e-002  8.977824e-001 -1.112492e+000  2.952727e-001
-2.275720e+001 -7.334883e+000 -2.887042e-001  5.278032e+000  7.876269e-001 -1.166194e+000 -2.031881e+000  4.427200e+000  1.792764e+000 -1.292579e+000 -6.998505e+000  3.594787e+000  4.864199e+001 -5.909325e-001  2.548371e-001  2.395385e-001 -7.246316e-001  1.507875e-001  2.456506e+000  1.251285e+000  1.186789e+000  5.903490e-001 -4.228009e-002  1.510915e+000  5.093321e-002 -1.758619e+000  9.103879e-001  7.967401e-001  9.025329e-001  2.473109e-002 -6.967446e-001 -7.309186e-001 -4.466323e-001 -7.762220e-001  3.016235e-001  9.738753e-003  2.118097e-001 -1.332383e+000  6.079307e-001
-2.290761e+001 -8.176804e+000  1.993996e+000  4.686146e+000 -1.986085e-001 -6.197190e-001  2.607415e+000  3.696180e+000  2.973628e+000  2.286257e+000  3.019938e+000 -1.859985e-001  4.674086e+001 -2.342306e-001  6.262230e-001  8.523524e-001 -5.704299e-001 -4.552290e-001  1.113749e+000  5.556625e-001 -3.027453e-002  1.175468e+000 -7.636988e-001  1.134938e+000 -1.714561e+000 -5.607670e-001  1.062129e+000  3.990598e-001 -5.635587e-002 -4.341224e-001 -5.450852e-001 -8.331655e-001 -6.534371e-001 -1.048300e+000 -2.814369e-001 -2.562924e-002 -7.217771e-001 -8.275725e-001  1.119478e+000
-2.385458e+001 -3.946224e+000  3.830792e+000  2.898032e+000 -3.358275e+000 -1.575171e-001  2.735488e+000  9.096115e+000  7.702488e+000  2.816080e-001 -3.073505e+000 -5.819912e-001  4.530960e+001 -5.434399e-002 -1.054852e-001 -5.266026e-001 -1.553674e+000 -1.885281e+000 -7.010375e-001 -1.405603e+000 -1.764242e+000  7.527275e-001  3.940939e-001  1.104631e-001 -1.325078e+000  8.199505e-001  1.820012e+000 -1.085960e-001 -8.690940e-001 -1.164842e+000 -2.007729e-001 -5.940774e-001 -6.194128e-001 -1.193084e+000 -1.373890e+000  5.033923e-001 -3.836006e-001 -3.290712e-001  1.600625e+000
-2.385250e+001 -5.811585e+000  2.072363e+000  2.123917e+000 -4.307173e+000 -4.422563e-001 -3.069148e+000  1.209562e+000  8.146502e+000 -1.094667e+000 -2.607456e+000 -3.949816e+000  4.901040e+001  3.450291e+000  5.571876e-001 -2.264141e+000 -2.864579e+000 -1.612291e+000 -4.782518e-001 -1.643775e+000 -3.037257e+000 -1.953918e+000 -2.635347e-002 -9.183207e-001 -1.090029e+000  2.585750e+000  2.088691e+000 -1.419105e-001 -7.802878e-001 -1.592389e+000  3.565351e-001  1.147886e-001  1.083009e-001 -3.687128e-001 -1.619571e+000  9.258165e-001 -4.635265e-002 -2.011885e-001  1.545765e+000
-2.255647e+001 -9.044918e+000 -2.960901e+000 -1.209224e+000 -6.584495e+000 -4.760113e+000 -6.221617e+000 -3.150703e+000  2.969965e+000  2.368353e+000 -3.632493e+000 -1.148696e+000  5.160697e+001  6.666868e+000 -2.536250e-001 -2.547685e+000 -5.401766e+000 -2.745463e-001  2.821197e-001 -7.460602e-001 -3.275140e+000 -4.714407e+000  2.106009e+000  6.195414e-001 -1.906689e+000  4.671247e+000  1.265786e+000 -8.857822e-002 -9.182002e-002 -1.243047e+000  8.029535e-001  7.785356e-001  7.546277e-001  5.268160e-001 -8.133529e-001  5.763239e-001  1.484928e-001 -4.035960e-001  1.073726e+000
-6.305205e+000 -2.841519e+000 -5.930861e+000 -7.583121e+000 -6.646952e+000 -7.096802e-001 -1.132910e+000 -5.366694e+000 -4.429699e+000  1.111118e+000 -1.292172e+000 -5.352789e+000  5.652093e+001  6.848616e+000 -9.259748e-003 -2.038545e+000 -6.608331e+000  5.220795e-001  1.196114e+000  7.673956e-001 -1.118390e+000 -4.188818e+000  3.009426e+000  6.486351e-001 -2.429698e+000  5.242410e+000 -8.219607e-001 -3.681523e-001  4.164994e-001 -1.691201e-001  7.010325e-001  6.122691e-001  5.718755e-001  9.557123e-001  7.100390e-001  7.870642e-002 -1.178665e-001 -1.776352e-001  1.443145e-001
 7.061142e-001 -6.699382e+000 -4.906020e+000 -1.925728e+001 -3.561117e+000  1.386793e+000 -1.962932e+000 -3.991456e+000 -9.581447e+000  9.708761e+000 -6.334404e-001 -9.413948e+000  6.491057e+001  4.575422e+000 -2.651526e-001 -1.098500e+000 -5.897031e+000  1.062301e+000  2.354458e+000  1.161950e+000 -8.959603e-002 -2.196587e+000  1.757824e+000  6.944895e-002 -2.673224e+000  4.860249e+000 -2.194639e+000 -2.053720e-001  3.950450e-001  1.219945e+000  3.419995e-001  2.534540e-001  1.994847e-001  6.445270e-001  1.647759e+000 -9.771261e-001 -6.039678e-001  3.907058e-001 -8.720930e-001
-1.240712e+000 -7.030652e+000 -7.147803e+000 -2.189371e+001 -3.208464e+000  2.464858e+000 -1.361512e+000 -3.962011e+000 -6.521885e+000  1.028226e+001 -8.638065e-001 -1.196568e+001  6.857065e+001  3.862110e-001 -1.277810e+000 -9.062361e-001 -3.462547e+000  1.224448e+000  1.546925e+000  2.615967e-001  1.485327e-001  3.373668e-001  5.412713e-001 -1.232607e+000 -1.594937e+000  3.212821e+000 -2.079746e+000 -1.429273e-001  2.413081e-001  1.786457e+000  1.793874e-001 -9.809084e-002 -1.389048e-001 -3.238584e-002  1.320574e+000 -1.299802e+000 -4.937553e-001  7.812963e-001 -1.293119e+000
-2.211608e+000 -8.276114e+000 -7.844931e+000 -2.353909e+001 -2.992232e+000  5.424907e+000 -2.975674e-001 -4.301025e+000 -6.966876e+000  6.571899e+000 -3.499431e+000 -1.120837e+001  6.988335e+001 -1.075127e+000 -6.462097e-001 -1.138614e+000 -8.749317e-001  1.084267e+000  1.373984e+000  5.042627e-001 -6.859661e-001  1.261296e+000 -1.545544e+000 -1.459677e+000 -3.705402e-001  1.325576e+000 -1.141809e+000  9.486160e-002  1.088829e-001  1.571665e+000  1.141623e-001 -3.697013e-001 -1.616313e-001 -2.251439e-001  5.809598e-001 -7.724533e-001 -8.716309e-002  8.200121e-001 -1.168651e+000
-2.915288e+000 -8.442204e+000 -8.992586e+000 -2.275495e+001 -8.091569e-001  5.005886e+000 -6.576087e-001 -4.469246e+000 -4.050151e+000  5.385905e+000 -6.022213e+000 -1.243026e+001  7.009864e+001 -7.248427e-001 -5.333678e-001 -8.119476e-001 -1.870970e-001  1.408034e+000  1.195896e+000  4.017151e-001 -9.821341e-001  6.851112e-001 -1.837900e+000 -1.055578e+000  3.254413e-001  5.441498e-001 -1.662057e-001  3.152507e-001  1.570836e-001  9.141260e-001 -2.091337e-002 -2.266722e-001 -2.720317e-002 -9.460090e-002 -1.234502e-001 -1.823710e-001  3.252599e-001  5.213583e-001 -6.537383e-001
-3.832230e+000 -9.224655e+000 -9.676701e+000 -2.320132e+001  6.605653e-001  6.986200e+000  2.064297e-001 -7.167669e+000 -4.510835e+000  4.429220e+000 -5.352621e+000 -1.103436e+001  7.077445e+001 -5.780984e-001 -1.630657e-001 -6.012298e-001  3.235680e-001  1.541320e+000  6.814657e-001  2.837341e-001 -6.499822e-001  5.343403e-001 -9.148571e-001 -4.548809e-001  4.666475e-001  3.513275e-001  7.787105e-002  1.988591e-001  1.972824e-001  4.318357e-001 -2.259057e-001 -2.383543e-001 -1.312848e-001  2.548540e-001 -2.989175e-001  3.362707e-001  2.759720e-001  1.364617e-001 -1.849349e-001
-4.054615e+000 -9.223221e+000 -1.029166e+001 -2.299808e+001  2.005306e+000  7.663693e+000  3.950643e-001 -7.439360e+000 -4.324349e+000  2.164098e+000 -5.215103e+000 -1.042548e+001  7.084585e+001 -6.933317e-001  5.687151e-002 -3.895105e-001  5.088331e-001  8.913543e-001  7.598230e-001  2.358452e-001 -3.424637e-001  8.359347e-002 -6.859270e-001 -1.087058e-001  5.932604e-001  4.312538e-001  2.537689e-002  4.271856e-002  1.394635e-001  3.220293e-001 -4.344471e-001 -2.576242e-001 -1.277755e-001  3.571242e-001 -1.955916e-001  3.945436e-001 -2.042908e-003 -1.209627e-001 -1.159309e-002
-4.532437e+000 -8.700934e+000 -1.020154e+001 -2.179968e+001  3.307137e+000  7.503332e+000  5.947665e-001 -6.065879e+000 -4.158075e+000  3.608518e+000 -6.177390e+000 -9.877522e+000  7.126639e+001 -7.015268e-001  5.296612e-002 -3.634208e-001  9.362820e-001  2.130785e-001  4.002492e-001 -6.922632e-002  2.684685e-001  6.746729e-002 -4.401770e-001 -5.532531e-001  1.778589e-001  4.573494e-001  5.419727e-002 -1.883661e-001  1.069473e-001  2.424429e-001 -4.348518e-001 -2.962631e-001 -7.694152e-002  2.572319e-001 -1.465032e-001  2.084808e-001 -3.029677e-001 -2.592092e-001  3.461453e-003
-6.031844e+000 -8.419706e+000 -1.067772e+001 -2.091160e+001  2.324328e+000  8.546434e+000  3.274488e-001 -6.732460e+000 -3.808563e+000  2.366621e+000 -6.153358e+000 -1.004238e+001  7.200894e+001 -5.362440e-001 -4.277909e-001 -2.335346e-001  1.116693e+000 -1.000812e-001  4.838343e-002 -6.068212e-002  3.442614e-001 -5.941038e-002 -1.025222e-001 -1.016607e+000 -1.349777e-001  4.331734e-001  1.642947e-001 -3.257102e-001  1.312535e-001  2.934633e-001 -2.569579e-001 -4.540529e-001 -2.331733e-002  2.473235e-001 -4.921576e-002  1.873768e-001 -4.328701e-001 -3.294757e-001 -5.086899e-002
-6.351249e+000 -9.361582e+000 -1.130077e+001 -1.956314e+001  1.566447e+000  8.546075e+000 -1.058941e-001 -6.178777e+000 -4.431391e+000  2.127073e+000 -7.649759e+000 -1.033661e+001  7.247965e+001 -3.856558e-001 -8.625649e-001 -1.444815e-001  1.231853e+000 -1.372212e-001 -4.441299e-001  4.729013e-002  2.928147e-001 -1.266738e-001 -1.641557e-001 -1.515769e+000 -4.652794e-001  3.676750e-001  1.967114e-001 -3.053577e-001  2.182590e-001  3.412026e-001 -1.601099e-001 -4.869235e-001  1.341976e-002  3.309841e-001 -1.709715e-002  1.656872e-001 -3.737300e-001 -2.342735e-001 -8.288452e-002
-5.826428e+000 -1.103185e+001 -1.090971e+001 -1.853289e+001  2.375245e+000  7.384239e+000  4.419840e-001 -5.661604e+000 -4.484743e+000  2.392209e+000 -9.561953e+000 -1.087082e+001  7.240508e+001 -2.979383e-002 -1.113914e+000  1.572875e-001  1.828364e+000 -2.182854e-001 -1.088252e+000  6.100032e-002  8.819805e-001 -6.541481e-002  1.129461e-001 -1.791798e+000 -7.325488e-001  2.217461e-001  1.554449e-001 -1.695012e-001  2.907282e-001  3.394043e-001 -2.174763e-001 -5.287238e-001 -4.698335e-003  5.398183e-001 -1.014965e-002  1.445175e-001 -2.662140e-001 -4.259917e-002 -9.017219e-002
-6.563424e+000 -1.170769e+001 -1.080795e+001 -1.682978e+001  2.595573e+000  5.863780e+000  7.739495e-001 -5.137234e+000 -4.453354e+000  2.774945e+000 -1.205194e+001 -1.178970e+001  7.290669e+001  2.880530e-002 -1.130761e+000  5.324630e-001  2.286459e+000 -5.283688e-001 -1.466051e+000 -6.296876e-002  1.654529e+000 -1.501622e-002  2.805247e-001 -2.034307e+000 -6.947230e-001  1.486404e-001  1.122760e-001 -3.937305e-002  3.231427e-001  1.677657e-001 -2.822792e-001 -5.286475e-001  1.382012e-002  6.567658e-001  3.917832e-003  1.204157e-001 -5.107086e-002  1.930289e-001 -8.654357e-002
-6.074726e+000 -1.281622e+001 -1.013769e+001 -1.313647e+001  7.183381e-001  4.446321e+000  1.925285e-001 -2.843329e+000 -4.124656e+000  2.607416e+000 -1.291126e+001 -1.297858e+001  7.290415e+001  3.374968e-002 -1.141199e+000  8.816339e-001  2.286411e+000 -9.918890e-001 -2.084275e+000 -2.904435e-002  2.362496e+000 -1.659874e-001  3.977249e-001 -2.088407e+000 -2.332518e-001  9.182968e-002  9.106877e-002  9.392776e-002  2.762910e-001 -1.480902e-001 -2.647336e-001 -4.395531e-001  2.950810e-002  5.431675e-001  6.728310e-002  5.075732e-002  1.566091e-001  3.852576e-001 -1.173981e-001
-6.083074e+000 -1.412320e+001 -9.024472e+000 -1.082906e+001 -2.469437e-001  2.684781e+000 -2.960102e-001  6.847334e-001 -4.686516e+000  3.422093e+000 -1.614664e+001 -1.275635e+001  7.297332e+001  1.439524e-001 -1.045788e+000  1.109059e+000  1.841658e+000 -1.161815e+000 -2.589356e+000  1.614131e-001  2.836386e+000 -5.679832e-002  2.955332e-001 -1.622819e+000  2.502165e-001 -8.468628e-005  2.536582e-001  1.749343e-001  3.090107e-001 -3.593107e-001 -1.346376e-001 -3.044047e-001  5.443221e-002  2.268123e-001  2.546833e-001  2.198666e-004  4.490785e-001  4.214565e-001 -2.756746e-001
-5.897855e+000 -1.553009e+001 -7.393286e+000 -1.010119e+001 -1.162942e+000 -1.447637e+000  8.317421e-001  3.239892e+000 -5.198099e+000  4.057260e+000 -1.795664e+001 -1.155376e+001  7.283092e+001  3.679765e-001 -6.867619e-001  1.250444e+000  1.310313e+000 -1.225230e+000 -2.724365e+000  9.634990e-002  3.006890e+000  2.918918e-001  3.592285e-001 -1.214497e+000  7.212692e-001 -2.908821e-001  5.635288e-001  3.711332e-001  2.453682e-001 -6.509668e-002 -6.451784e-002  1.361131e-001  2.292028e-002 -2.143588e-001  4.985163e-001 -1.294533e-001  8.789068e-001  2.133368e-001 -6.382045e-001
-5.932097e+000 -1.557969e+001 -6.634860e+000 -9.139125e+000 -2.272863e+000 -4.136021e+000  1.261408e+000  6.003087e+000 -4.200624e+000  3.527689e+000 -1.764334e+001 -1.125103e+001  7.294289e+001  1.129983e+000 -4.833077e-001  1.893111e+000  9.779543e-001 -1.084886e+000 -2.668029e+000  1.464952e-001  2.466394e+000  1.029461e+000  3.008722e-001 -2.258699e-001  9.352987e-001 -1.038377e+000  5.048373e-001  5.974022e-001  3.863100e-001  7.097392e-001  2.704538e-001  7.862704e-001 -3.753481e-002 -7.558665e-001  3.430490e-001 -4.328862e-001  1.113333e+000 -1.391249e-001 -1.179875e+000
-4.310332e+000 -1.552179e+001 -5.080274e+000 -7.429866e+000 -4.394854e+000 -5.765102e+000 -1.044312e-001  9.531942e+000 -2.908143e+000  4.350760e+000 -1.823540e+001 -1.012490e+001  7.146496e+001  2.358378e+000  4.332268e-001  1.716449e+000  2.392779e+000 -1.352943e+000 -1.364373e+000  9.301601e-002  1.475698e+000  1.783465e+000 -2.522109e-001  1.607653e+000  4.908910e-001 -2.580047e+000 -3.118446e-001  8.057402e-001  5.847004e-001  9.906233e-001  6.409538e-001  1.281938e+000  2.708761e-001 -1.060876e+000  6.324474e-002 -6.726967e-001  1.204069e+000 -1.391333e-001 -1.475712e+000
-1.226921e+000 -1.654389e+001 -7.154214e-001 -7.274951e+000 -4.055417e+000 -8.496632e+000  9.045523e-001  9.870678e+000 -6.841897e-001  4.779704e+000 -1.713661e+001 -8.794286e+000  6.846442e+001  1.672938e+000  1.381229e+000  2.807607e+000  4.849121e+000  2.543100e-001  6.620005e-001 -2.459402e-002 -1.773506e-001  9.126602e-001 -1.563178e+000  2.532773e+000 -3.302189e-001 -4.754879e+000 -1.496741e+000  1.079721e+000  4.673339e-001  4.653367e-001  6.352566e-001  1.225097e+000  2.903143e-001 -1.036648e+000 -4.538144e-001 -4.280692e-001  1.092229e+000  8.348189e-002 -1.458486e+000
 3.541448e+000 -1.288186e+001 -1.770761e+000  9.306174e-001 -7.036379e+000 -6.089196e+000  1.475250e+000  8.684587e+000  1.961007e+000  2.170198e+000 -1.017174e+001 -1.032767e+001  6.216992e+001 -1.462724e+000  2.409671e+000  3.716699e+000  4.327847e+000  1.309941e+000  2.020311e+000  1.536275e+000 -9.756168e-001  6.665157e-001 -2.072230e+000  3.426524e+000  6.583616e-001 -5.811191e+000 -2.250448e+000  8.878421e-001  1.589972e-001 -8.697309e-001  4.206375e-001  6.595415e-001  2.585014e-001 -7.195663e-001 -7.689055e-001  5.597382e-002  5.475653e-001  3.346812e-001 -8.183885e-001
-1.493295e+000 -9.993511e+000  5.748417e+000  1.092624e+001  3.194495e-001 -6.639717e-001  3.485974e-001  5.540011e+000 -2.071898e+000 -3.197920e+000 -9.011306e+000 -1.280073e+001  5.381601e+001 -4.443171e+000  3.927078e+000  3.229656e+000  2.337104e+000  7.599552e-001  1.765112e+000  8.764369e-001 -1.491189e+000 -6.811366e-001 -9.294641e-001  4.325842e+000  1.268973e+000 -6.715236e+000 -1.627337e+000  4.196805e-001 -5.920951e-001 -1.645230e+000 -2.486657e-001 -3.422320e-001 -2.501508e-001 -4.267165e-002 -2.686218e-001  4.078522e-001 -1.011312e-001  5.250911e-001  2.232725e-001
-1.149077e+001 -6.748623e+000  1.027130e+001  5.108771e+000 -3.258266e-002  4.201228e-001  7.854921e+000  6.819192e+000  1.118289e+000 -2.021577e+000 -5.165432e+000 -4.829865e+000  4.973321e+001 -5.835805e+000  3.599513e+000  2.300410e+000 -6.998669e-001  4.974221e-001  1.381779e+000  9.350074e-001 -1.465214e+000 -1.264165e+000 -2.891988e-001  3.448945e+000  1.364701e+000 -5.691811e+000 -8.641951e-002 -3.867601e-001 -1.190161e+000 -9.812804e-001 -2.834771e-001 -8.214633e-001 -7.880407e-001  3.945597e-001  1.958331e-002  3.522562e-001 -8.306332e-001  1.766003e-001  1.061095e+000
