23 39
 5.855137e+000 -9.636127e+000  7.251109e+000 -2.006195e+001 -3.205317e+000 -1.305636e+001 -1.412187e+001 -1.469929e+001 -2.410499e+001  1.037003e+001 -1.338592e+001 -1.474668e+001  5.914808e+001  2.067585e+000  3.374666e+000 -5.614375e+000  2.464301e-001 -5.991032e-001  3.378447e+000  1.227682e+000 -2.397590e+000 -1.928152e-001 -1.451937e+000 -1.248296e-001 -1.380833e+000 -2.640497e+000 -3.423339e-001 -6.330717e-002  9.336806e-001  2.480391e-001 -1.547688e+000 -4.100145e-001  1.910953e+000 -2.728288e-001  6.655412e-001 -1.073086e+000 -4.655671e-001  1.777097e-001 -2.124019e-002
 8.019350e+000 -3.936916e+000  2.328643e+000 -1.873359e+001 -7.704694e+000 -8.464492e+000 -6.088558e+000 -1.457019e+001 -2.614123e+001  5.789203e+000 -1.092060e+001 -1.542367e+001  5.561666e+001  1.654321e+000  2.549898e+000 -3.348822e+000  1.128423e+000 -1.807912e+000  2.237340e+000  4.007304e+000 -2.041641e+000  1.090795e+000 -1.998661e+000 -1.223962e+000 -1.301956e-002 -2.378964e+000 -6.335630e-001 -8.514881e-001  1.507487e+000  8.559881e-002 -1.013173e+000 -1.322608e+000  1.042735e+000  2.460510e-001  8.217819e-001 -4.609960e-001 -6.424213e-001  4.295630e-001  6.378068e-001
 7.591542e+000 -3.348090e+000  9.801982e-002 -1.566747e+001 -1.527547e+001 -1.286502e+001 -3.336899e+000 -1.831085e+001 -2.248837e+001 -2.519758e+000 -1.773376e+001 -1.819644e+001  5.313110e+001  6.095349e-001  1.404806e+000 -1.944955e+000  2.004688e+000 -2.715337e+000  6.933061e-001  4.068941e+000 -1.169548e+000  2.378756e+000 -2.213796e+000 -2.088784e+000  7.196369e-001 -1.133308e+000 -6.575485e-001 -1.124673e+000  1.301211e+000 -5.873078e-001 -1.514730e-001 -1.329681e+000 -1.254511e-001  8.177337e-001  5.110080e-001  2.861585e-001 -6.904420e-002  5.103285e-001  1.154824e+000
 8.727960e+000 -2.714545e+000 -8.481713e-002 -1.172259e+001 -1.154870e+001 -8.757089e+000  9.514850e-001 -1.808579e+001 -1.565813e+001  1.697947e+000 -1.979038e+001 -1.285258e+001  5.351780e+001 -4.205184e-002 -2.976283e-001 -6.374534e-001 -1.334293e-001 -1.781098e+000 -1.538797e+000  2.454153e+000 -6.943209e-001  2.461600e+000 -1.190975e+000 -1.898583e+000  5.709914e-001  3.947819e-001 -5.279247e-001 -1.090685e+000  7.766299e-001 -1.436914e+000  2.600139e-001 -8.558417e-001 -7.517264e-001  9.668660e-001 -1.589299e-001  2.575040e-001  6.451232e-001  2.883889e-001  1.250226e+000
 8.548507e+000 -3.223284e+000 -1.266933e+000 -1.354401e+001 -1.486000e+001 -9.443535e+000  2.702815e+000 -1.878922e+001 -1.745276e+001  1.346675e+000 -1.939495e+001 -1.243404e+001  5.453098e+001 -3.719704e-001 -8.249375e-001 -4.640035e-001 -2.059183e+000 -1.369875e+000 -1.381891e+000  1.377002e+000  1.017419e+000  1.676822e+000 -4.249878e-001 -1.327402e-001  8.788043e-001  1.746750e+000 -2.964046e-001 -8.623419e-001  4.589702e-001 -1.512241e+000  8.117163e-001  1.670824e-001 -4.639242e-001  8.735327e-001 -5.388016e-001  9.697545e-002  1.044335e+000  4.665553e-001  9.801382e-001
 7.330608e+000 -5.487461e+000 -1.761478e-001 -2.046247e+001 -1.681792e+001 -1.786922e+001  3.162347e+000 -1.780261e+001 -1.635103e+001 -2.098887e+000 -1.958292e+001 -1.544991e+001  5.689063e+001 -4.945498e-001 -1.788653e+000 -2.061479e-001 -4.024212e+000 -1.180573e+000 -1.004270e+000  1.594641e+000  1.699206e+000  6.471122e-001 -1.605545e+000  1.023631e+000  1.349341e+000  2.432135e+000 -1.704131e-001 -5.647112e-001  1.924590e-001 -6.037350e-001  1.198303e+000  1.154045e+000 -3.616747e-002  4.011881e-001 -5.641677e-001 -1.398604e-001  8.973149e-001  5.431430e-001  5.191318e-001
 6.430366e+000 -6.086320e+000 -2.176332e+000 -2.159345e+001 -1.949023e+001 -1.521842e+001  2.442680e+000 -1.336534e+001 -1.375781e+001 -2.746280e+000 -1.850119e+001 -1.250376e+001  6.017843e+001 -6.462389e-001 -2.161392e+000  1.342437e-001 -3.611124e+000  1.042982e+000  1.261455e+000  2.179075e+000  2.001352e+000  5.919920e-001 -1.521634e+000  1.671785e+000  2.663239e+000  2.748706e+000 -2.299873e-001 -4.798106e-001  9.137568e-002  1.809425e-001  1.377690e+000  7.901012e-001 -3.116933e-001 -5.492545e-001 -4.015361e-001 -2.582582e-001  7.279743e-002 -2.701146e-001  4.139106e-002
 7.314281e+000 -1.022629e+001 -6.608572e-001 -2.781894e+001 -1.513645e+001 -1.089100e+001  9.054759e+000 -1.230170e+001 -1.427005e+001 -4.283300e+000 -1.511910e+001 -6.071020e+000  6.285475e+001 -7.569830e-001 -2.452957e+000  2.571771e-002 -2.376133e+000  3.003989e+000  2.909754e+000  1.872279e+000  8.196530e-001  1.831769e-001 -1.341954e+000  1.685729e+000  2.394489e+000  2.489463e+000 -3.030926e-001 -2.227519e-001 -2.368276e-001  1.003242e+000  9.145910e-001  2.413919e-001 -1.287053e+000 -9.578468e-001 -2.834564e-001  3.709266e-002 -5.190119e-001 -1.354098e+000 -2.653165e-001
 5.325476e+000 -1.166083e+001 -3.533604e-001 -2.792140e+001 -1.048583e+001 -6.625371e+000  1.065199e+001 -1.153292e+001 -1.553329e+001 -5.169286e+000 -1.326793e+001 -3.807293e+000  6.529245e+001 -1.390690e+000 -2.891838e+000 -1.230579e-001 -1.978510e+000  3.426292e+000  6.116027e-001 -3.202834e-001 -1.289077e+000 -9.889040e-002 -1.848074e+000 -9.980173e-002 -9.943426e-001  1.925042e+000 -1.037610e-001 -7.602020e-002 -3.239786e-001  1.240028e+000  2.083507e-001 -2.740021e-001 -1.719058e+000 -8.138816e-001 -1.159238e-001  3.522403e-001 -5.053599e-001 -1.760956e+000 -4.213548e-001
 4.098138e+000 -1.496499e+001 -9.590454e-001 -2.917916e+001 -6.300171e+000 -7.616971e+000  8.419087e+000 -1.462056e+001 -1.454741e+001 -7.597153e+000 -1.377091e+001 -7.825698e+000  6.678094e+001 -1.637787e+000 -2.537189e+000 -1.261635e+000  1.756922e-001  2.200727e+000  5.276159e-001 -3.590943e+000 -1.444813e+000 -4.247284e-001 -1.256861e+000 -6.856345e-001 -3.592358e+000  1.517385e+000  2.167692e-001  1.288191e-001 -9.497848e-002  1.262765e+000 -1.506332e-001 -1.814094e-001 -1.236628e+000 -1.504958e-001  1.848094e-001  6.998044e-001  8.136616e-002 -1.124225e+000 -4.246896e-001
 1.084986e+000 -1.817616e+001 -2.642528e+000 -3.080588e+001 -6.776910e+000 -1.379741e+001  1.159099e+000 -1.865130e+001 -1.411358e+001 -1.032973e+001 -1.967430e+001 -1.659813e+001  6.784055e+001 -7.246418e-001 -2.499377e+000 -8.419727e-001  1.313103e+000  2.486367e+000  1.082513e+000 -3.684602e+000 -9.358224e-001  3.163255e-001  1.970214e-001  3.306673e-001 -3.148120e+000  1.127971e+000  4.857563e-001  3.950412e-001  1.681532e-001  1.144548e+000 -2.043465e-001  2.636168e-001 -1.137862e-001  4.533304e-001  3.455939e-001  7.654243e-001  7.576537e-001  1.065070e-001 -3.751305e-001
 1.245591e+000 -1.965457e+001 -5.824449e+000 -2.549823e+001 -5.987274e+000 -4.666895e+000 -4.153511e+000 -1.596658e+001 -1.710354e+001 -7.987387e+000 -1.534409e+001 -1.763739e+001  6.916763e+001 -6.161082e-003 -2.005092e+000 -8.971731e-002  2.291887e+000  2.720786e+000  1.767251e+000 -2.628700e+000 -1.094531e-001  8.996159e-001  1.134521e+000  1.877325e+000 -2.149749e+000  7.645500e-001  4.222963e-001  5.533708e-001  5.286645e-001  4.180021e-001 -1.778863e-001 -3.774392e-001  9.094364e-001  5.073071e-001  4.776680e-001  2.422886e-001  6.038336e-001  7.254129e-001 -3.622666e-001
 3.128540e+000 -2.181292e+001 -2.130522e+000 -2.319635e+001  1.789557e+000 -2.687842e+000 -1.484726e+000 -1.553902e+001 -1.267360e+001 -3.989062e+000 -1.082800e+001 -1.464205e+001  6.973896e+001  2.222784e-001 -1.182680e+000  1.317489e-001  2.686134e+000  2.144530e+000  1.309869e+000 -1.370336e+000  3.098947e-001  9.669068e-001  7.833561e-001  2.406987e+000 -1.183112e+000  4.258064e-001  3.577790e-002  7.551819e-001  3.134563e-001 -8.994274e-002 -7.134272e-001 -9.617485e-001  8.145095e-001  5.478784e-001  5.968660e-002 -3.997057e-001 -1.468705e-001  5.979853e-001 -2.967114e-001
 3.045556e+000 -2.317207e+001 -1.663635e+000 -2.152449e+001  3.020524e+000 -4.335500e+000 -3.402498e+000 -1.672396e+001 -1.076932e+001 -5.094882e+000 -8.807431e+000 -1.955248e+001  6.965448e+001  2.343059e-004 -4.286831e-001  8.948265e-001  1.579187e+000  1.482214e+000 -1.473258e+000 -2.008937e-001  4.688632e-001  1.638321e+000 -3.385857e-001  1.295373e+000 -9.477969e-001  5.713425e-002 -1.288107e-001  7.363912e-001  1.913714e-001 -5.141482e-001 -8.369161e-001 -1.095408e+000  5.623912e-001  5.709587e-001 -1.569775e-001 -5.750119e-001 -6.898538e-001  6.344035e-001 -2.170589e-001
 1.296395e+000 -2.233081e+001 -4.064190e+000 -1.936209e+001 -5.581611e-001 -7.413768e+000 -6.068086e+000 -1.672313e+001 -1.244616e+001 -7.859198e+000 -1.090769e+001 -2.155614e+001  6.972615e+001 -5.489500e-001  4.883282e-001  2.330368e-001  1.219740e+000 -4.614831e-001 -2.105975e+000 -8.259578e-001  1.514412e+000  2.454059e-001 -1.064954e+000 -1.127093e-001 -7.591690e-001 -1.878357e-003 -4.604388e-002  4.284896e-001  2.391582e-001 -7.543116e-001 -6.270849e-001 -7.766544e-001  2.485602e-001  1.930876e-001 -4.129278e-002 -4.120974e-001 -8.211413e-001  6.229653e-001 -1.825699e-001
 2.162835e+000 -2.153904e+001 -3.834826e-001 -1.951943e+001  2.597654e+000 -9.670220e+000 -2.866300e+000 -1.303020e+001 -9.025658e+000 -7.745247e+000 -8.827379e+000 -1.891933e+001  6.945970e+001 -2.646004e-001  8.413593e-001  8.164955e-001  4.543432e-001 -1.607887e-001 -2.001869e+000 -8.893285e-002  2.143082e+000  4.754788e-001 -8.163838e-001 -3.120956e-001  8.102972e-001 -1.069023e-001  5.769534e-002  1.860822e-001  1.503775e-001 -6.129472e-001 -5.749850e-001 -2.710767e-001 -6.977546e-002 -8.134823e-001 -1.859555e-001 -1.038254e-001 -6.912579e-001  5.355508e-001 -2.315971e-001
 8.251505e-001 -2.018780e+001 -1.605414e+000 -1.810018e+001 -3.064234e-001 -1.055036e+001 -5.882615e+000 -9.813841e+000 -1.231840e+001 -7.988649e+000 -1.138157e+001 -1.875447e+001  6.982696e+001  1.244764e-001  3.247461e-001  1.366705e+000 -5.230020e-001 -1.693937e-001 -2.309097e+000 -1.835149e-001  4.382233e-001  1.341864e+000 -1.038232e+000 -8.949849e-001  1.052668e+000 -4.050247e-001  5.773903e-002  2.761673e-001  6.062439e-001 -4.208626e-001 -6.913620e-001 -4.578208e-001  3.288617e-001 -1.278775e+000 -2.762116e-002 -1.451849e-001 -5.463877e-001  5.583183e-001 -3.611764e-001
 1.958176e+000 -2.003678e+001  1.189455e+000 -1.988373e+001  2.090712e+000 -1.277655e+001 -3.939898e+000 -9.463200e+000 -8.455806e+000 -9.112075e+000 -1.013097e+001 -1.690183e+001  6.906956e+001 -4.800215e-002  5.835190e-001  1.079880e+000 -6.141779e-001 -1.538756e+000 -2.727080e+000 -8.709925e-001 -3.060454e+000  1.603145e-001 -8.710741e-001 -1.769778e+000  8.240385e-001 -8.992783e-001 -1.445052e-001  6.265066e-001  7.131622e-001  1.219482e-001 -9.972139e-001 -2.807997e-001  5.967488e-001 -7.132268e-001 -1.886014e-001  4.976892e-003 -3.955289e-001  5.031900e-001 -3.145518e-001
 2.021107e+000 -2.145821e+001  1.982868e+000 -2.179495e+001 -1.151659e+000 -1.740609e+001 -6.448861e+000 -1.631552e+001 -6.021766e+000 -1.236694e+001 -1.473082e+001 -1.730155e+001  6.789610e+001 -3.685540e-001  1.998085e+000  3.132564e+000 -3.503126e-001 -3.229310e+000 -4.032473e+000  1.209381e+000 -2.277693e+000  2.648823e-001 -1.763533e+000 -2.115807e+000  2.025552e+000 -1.411572e+000 -1.823662e-001  6.605532e-001  4.604282e-001  5.026518e-001 -4.021069e-001  4.875608e-001  8.696432e-001  3.942721e-001 -4.086381e-001  3.477005e-001  2.716835e-001  6.316885e-001 -6.472709e-002
 1.324846e+000 -1.798624e+001  3.221776e+000 -2.074294e+001 -4.673508e+000 -1.987775e+001 -6.938139e+000 -2.508164e+001 -1.137240e+001 -9.911471e+000 -1.600165e+001 -1.552559e+001  6.592874e+001 -7.406110e-001  3.137223e+000  3.499377e+000  9.777393e-001 -3.616900e+000 -2.544179e+000  2.198363e+000 -6.509380e-002  7.096253e-002 -4.288486e-001 -1.679329e+000  2.839806e+000 -1.176388e+000 -4.255358e-002 -5.460755e-002 -1.654305e-001  2.895301e-001  6.171771e-001  1.141433e+000  4.436653e-001  1.006283e+000 -4.583386e-001  2.787362e-001  7.799391e-001  3.167173e-001  2.325610e-001
-7.009546e-001 -1.122264e+001  1.304125e+001 -1.942214e+001 -1.307086e+001 -2.716212e+001  1.663410e+000 -1.339309e+001 -9.535691e+000 -1.640662e+001 -1.902527e+001 -9.314831e+000  6.433951e+001 -4.410502e-001  2.350660e+000  2.459098e+000  1.194298e+000 -1.140856e+000  3.725624e-002  2.630023e+000  9.119037e-001 -6.566502e-001  4.791578e-001  4.182081e-001  3.203227e+000 -5.901054e-001  1.603143e-001 -9.041393e-001 -1.188554e+000 -6.208153e-003  1.459375e+000  1.662902e+000 -6.482742e-001  2.266050e-001 -7.454653e-001  4.457009e-001  1.046968e+000 -4.187874e-001  4.039674e-001
-3.838485e-001 -9.468448e+000  1.315715e+001 -1.618143e+001 -1.003419e+001 -2.061943e+001  2.995783e+000 -1.124988e+001 -6.344030e+000 -9.236480e+000 -1.638039e+001 -6.696166e+000  6.496592e+001 -2.245219e-001  1.341934e-001  5.894608e-001  6.116714e-002  5.029027e-001  9.452200e-001  6.370125e-001  3.761639e-001 -1.670612e+000 -5.987385e-001  8.629094e-001  1.818787e+000 -1.472069e-001  2.510609e-001 -1.106748e+000 -1.235269e+000 -4.223195e-001  1.320161e+000  1.005111e+000 -1.024765e+000 -4.165203e-001 -6.147596e-001  1.848242e-003  7.931722e-001 -9.461455e-001  2.752386e-001
 6.702033e-001 -1.396380e+001  9.310668e+000 -1.810421e+001 -4.175599e+000 -1.684897e+001  1.734295e+000 -1.867188e+001 -1.181920e+001 -1.030865e+001 -1.245041e+001 -5.700129e+000  6.542698e+001  1.749728e-001 -1.021097e+000 -1.355249e+000  7.693271e-002  2.007665e+000  2.537335e+000 -1.251315e+000 -1.365297e+000 -2.591657e+000  5.499163e-001  1.847915e+000  4.421236e-001  9.367447e-002  1.324454e-001 -5.121534e-001 -6.183464e-001 -4.740621e-001  4.453909e-001  1.609036e-002 -6.854037e-001 -3.874721e-001  5.507836e-002 -4.355680e-002  1.564431e-001 -1.087061e+000  9.482757e-002
