32 39
-1.497111e+001  4.594907e+000  8.137120e+000 -4.344572e+000 -3.811568e+000 -1.458986e+001 -9.273195e+000 -1.000311e+001 -1.932281e+001 -1.300366e+001 -4.704926e+000 -4.341300e+000  5.945302e+001 -7.091512e+000  4.965141e+000 -1.534186e+000  5.136150e+000  2.207069e+000  6.031960e+000  5.071923e+000 -3.815997e-001  3.421322e+000  3.194872e+000  2.879427e+000  2.954784e+000 -3.047604e+000  5.236018e-001 -2.414733e+000 -1.402935e+000 -6.588581e-001  7.194415e-001 -1.265113e-001  3.181918e-001  1.574620e+000  1.214442e+000  1.924169e+000  3.424017e-001  2.491736e-001 -4.325296e-001
-2.227567e+001  3.519072e+000  3.505058e+000 -1.392593e+000 -2.268397e+000 -8.381639e+000  3.861350e+000 -8.530860e+000 -1.542888e+001 -1.181789e+001 -1.071832e+001 -8.114860e+000  5.679655e+001 -5.382684e+000  7.584304e-001 -3.010731e+000  3.081470e+000  3.070664e+000  4.137568e+000  4.734776e+000  1.323064e+000  3.680518e+000  4.645322e+000  2.666686e+000  2.689286e+000 -3.670013e+000  1.658149e+000 -2.472522e+000 -9.174060e-001 -1.265410e+000  7.160212e-002 -1.098539e+000 -1.322532e+000  9.654603e-001  6.359947e-001  5.697465e-001  1.566543e-001 -1.248088e-001  6.554103e-003
-2.451691e+001 -3.671996e-002 -1.395861e+000  2.804146e+000  4.934164e-001 -3.405617e+000  5.422896e+000 -8.107223e-001 -3.299446e+000  4.499555e+000  8.553348e-001  2.023294e-002  5.101137e+001 -2.565575e+000 -1.822339e+000 -4.211755e+000  1.806517e+000  1.611361e+000  2.067819e+000  1.364626e+000  1.101904e+000  4.227509e+000  3.508765e+000  2.138038e+000  1.979260e+000 -3.401260e+000  1.923674e+000 -1.410688e+000 -9.677768e-002 -1.307742e+000 -6.646863e-001 -1.192292e+000 -1.578430e+000  1.721620e-001 -2.234654e-001 -1.407167e+000 -5.751505e-001 -9.011776e-001  7.876071e-001
-2.652416e+001 -2.549740e-003 -6.291544e+000  3.432300e+000  2.039669e+000 -6.290148e+000  6.807919e-001 -5.852233e+000 -3.466306e+000 -2.598808e+000  1.298269e+000  5.685530e-001  4.676950e+001 -6.085701e-001 -1.471196e+000 -3.100650e+000  8.067015e-001  1.294111e+000  1.462296e+000 -1.050536e+000  4.273503e-001  3.471525e+000  1.257564e+000  2.429689e+000  1.189002e+000 -2.065238e+000  1.615843e+000 -1.430891e-001  7.556638e-001 -7.992004e-001 -1.172420e+000 -7.079692e-001 -9.813358e-001 -1.868281e-001 -5.355918e-001 -1.928460e+000 -5.868170e-001 -9.272802e-001  1.416021e+000
-2.567473e+001 -2.755976e+000 -8.023355e+000  2.275565e+000  2.091202e+000 -5.296516e+000 -8.597879e-001 -5.832903e+000 -4.166553e+000 -6.937445e-002 -2.302949e-002  1.213292e+000  4.746024e+001  1.397987e-001 -9.734880e-001 -1.973115e+000 -2.651749e-001 -2.280854e-001  1.408135e+000  7.243080e-002  9.270672e-001  2.408492e+000 -2.147083e+000  1.221731e-001 -8.009620e-001  8.804321e-002  1.072086e+000  5.863273e-001  1.198013e+000 -3.487354e-001 -1.174649e+000 -6.098763e-001 -1.377929e-001 -4.274363e-001 -8.361566e-001 -1.464200e+000 -4.422602e-001 -6.491008e-001  1.408084e+000
-2.473961e+001 -2.477282e+000 -8.684444e+000  2.905205e+000  3.403265e+000 -1.247075e-001  1.750013e+000 -3.883018e+000  2.362298e+000 -3.245606e+000  1.869306e+000 -2.766378e+000  4.824593e+001  1.343843e+000 -3.814406e-001 -3.517319e-001  1.213135e-001 -1.871712e+000  9.275643e-001  4.741939e-001  4.763422e-001  1.912068e+000 -2.169057e+000  7.405334e-001 -5.570043e-001  1.665441e+000  1.261582e+000  5.036583e-001  1.131647e+000 -5.251545e-001 -1.251054e+000 -1.268677e+000 -2.189759e-001 -6.108698e-001 -9.989901e-001 -7.519935e-001 -7.525666e-001 -2.074702e-001  1.112592e+000
-2.471020e+001 -3.666794e+000 -1.006499e+001  1.741819e+000 -1.328809e+000  5.523368e-001  5.250440e+000  2.840006e+000  5.828712e+000 -5.912459e+000  1.180682e+000 -2.317111e+000  5.071338e+001  1.818648e+000  5.644200e-001  4.038517e-001  4.055337e-001 -2.678975e+000 -7.141967e-001 -8.670370e-002 -1.059773e+000  8.264544e-001 -2.098927e+000  7.713155e-001 -3.932413e-001  1.773822e+000  1.620398e+000 -2.609577e-001  1.166412e+000 -1.576579e+000 -5.378821e-001 -2.053046e+000 -7.850147e-001 -6.547191e-001 -1.009466e+000 -1.284487e-001 -8.750353e-001  1.824312e-001  9.233072e-001
-2.028722e+001 -1.454344e+000 -7.029387e+000  4.305740e+000 -5.608885e+000 -4.576753e+000 -3.352571e-003 -7.806977e+000  1.096400e+000 -1.052255e+001  4.399081e+000 -4.512670e-001  5.347014e+001  4.859915e+000  2.781411e-001  1.369103e+000 -2.154426e+000 -3.735716e+000 -3.819923e+000 -2.065848e+000 -1.633578e+000 -7.324067e-001 -2.526481e+000 -1.657715e+000 -5.220908e-002  2.654832e+000  1.236064e+000 -1.186846e+000  9.506154e-001 -2.602074e+000  4.591540e-001 -1.809310e+000 -5.777087e-001  1.463053e-001 -8.077667e-001 -3.168962e-002 -1.327637e+000  5.512020e-002  8.071243e-001
-1.880769e+001 -4.453447e-001 -6.831625e+000  3.602966e+000 -6.797597e+000 -6.641477e+000 -4.166238e-001 -9.169791e+000  5.986676e-001 -6.925541e+000  2.568660e+000 -1.910470e+000  5.371724e+001  6.483751e+000 -2.608067e+000  2.998527e+000 -7.010202e+000 -1.985494e+000 -6.483350e+000 -2.582622e+000 -1.291568e+000 -1.316603e+000 -2.610614e+000 -3.053879e+000 -1.412036e-001  4.209884e+000  2.370100e-001 -1.797377e+000  5.987997e-001 -2.552308e+000  1.072026e+000 -8.186861e-001 -2.538725e-001  6.201572e-001 -7.789082e-001 -1.202390e-001 -1.125014e+000  1.369208e-004  5.641254e-001
-3.391290e+000 -2.697301e+000 -3.455612e+000 -8.797497e+000 -1.254092e+001 -1.562741e+001 -5.745697e+000 -6.046010e+000  1.315286e+000 -1.537147e+001 -7.113259e+000 -3.230744e+000  6.001815e+001  5.191612e+000 -4.729425e+000  3.104007e+000 -9.181189e+000  7.731733e-002 -5.234410e+000 -1.166390e+000  1.323766e+000 -1.055237e+000 -2.071661e+000 -3.985056e+000 -4.074222e-001  4.483032e+000 -1.416013e+000 -1.256973e+000  4.193690e-002 -5.982698e-001  1.507715e+000  8.516257e-001  4.282936e-001  6.982568e-001 -5.912977e-001  3.771107e-001 -3.640287e-002  1.552299e-001 -2.200222e-001
-7.394045e-001 -1.608565e+001  3.140761e+000 -2.675757e+001 -7.790258e+000 -2.633908e+001 -4.791498e+000 -4.498318e+000 -8.637453e-001 -1.654107e+001 -8.332544e+000 -1.633391e+000  6.848878e+001  2.837849e+000 -5.918680e+000  2.530398e+000 -8.842623e+000  7.746410e-001 -4.100383e+000 -1.805795e+000  5.623407e-001 -2.906672e+000 -2.927532e+000 -3.690082e+000 -2.149502e-001  3.680349e+000 -1.919767e+000  2.834357e-001 -5.494927e-001  1.930146e+000  1.038396e+000  2.002053e+000  7.035731e-001  5.783703e-001 -1.858709e-001  7.628664e-001  6.822805e-001  3.515264e-001 -1.040190e+000
-3.363296e+000 -1.728131e+001  3.504457e+000 -2.641994e+001 -4.725967e+000 -2.090000e+001 -3.647868e+000 -3.523883e+000 -3.448577e+000 -1.607309e+001 -1.007560e+001 -2.626918e+000  6.849953e+001 -3.971973e-001 -4.351418e+000  1.812852e+000 -4.229564e+000  2.422791e+000 -7.532776e-001 -3.127933e-001  9.307513e-001 -2.893861e+000 -4.824682e-001 -1.521628e+000  7.608138e-001  1.819489e+000 -1.290547e+000  1.266605e+000 -7.574301e-001  2.953391e+000  2.880801e-001  1.625952e+000  6.106515e-001  2.520062e-001  4.180174e-001  8.165276e-001  9.692859e-001  3.446331e-001 -1.162560e+000
-4.632439e+000 -2.274674e+001  2.340330e+000 -3.179893e+001 -6.831869e+000 -2.450710e+001 -1.049451e+001 -7.619151e+000 -1.155276e+001 -2.121239e+001 -1.440058e+001 -3.287134e+000  6.787830e+001 -3.206812e-001 -1.379893e+000  8.966416e-001  1.647141e-001  2.033748e+000  1.286351e+000  5.084450e-001  1.796791e+000 -1.326646e+000  4.091212e-001 -8.741907e-001  1.032311e+000  3.407074e-001 -3.864654e-001  1.611637e+000 -7.943290e-001  2.705702e+000 -2.773880e-001  9.755244e-001  7.053722e-001  3.374763e-001  1.200968e+000  7.557163e-001  7.313979e-001 -5.881378e-003 -8.468835e-001
-3.430760e+000 -2.112385e+001  6.008862e+000 -2.742464e+001 -9.061609e-001 -2.030979e+001 -4.458155e+000  1.681625e-001 -7.809512e+000 -1.544815e+001 -1.168738e+001  1.400197e+000  6.942084e+001  3.181430e-001 -6.657942e-001  1.337352e-001  1.082096e+000  8.881642e-001  2.019798e-001  7.297469e-001  1.966572e+000  2.448372e-001  3.426500e-001 -5.465721e-001  6.921129e-001  3.400513e-001  2.710260e-001  1.008803e+000 -6.910797e-001  1.189607e+000 -8.503379e-001 -1.392343e-002  2.409514e-002 -1.769273e-001  9.637766e-001  2.879875e-002  1.566125e-001 -6.045558e-001 -4.271387e-001
-2.309079e+000 -2.106385e+001  6.371767e+000 -2.543165e+001  4.685797e-001 -2.020243e+001 -1.844130e+000  2.639614e+000 -5.316506e+000 -1.480793e+001 -1.189761e+001  1.514605e+000  6.973167e+001  5.478522e-001  2.966957e-001 -6.016887e-001  2.030059e+000  1.550147e-001  2.996098e-001  1.199796e+000  1.731812e+000  1.528820e+000  4.384902e-001 -5.206210e-001 -2.100066e-001  1.856506e-001  1.101383e-001  2.760247e-001 -3.642631e-001 -1.684090e-001 -6.966382e-001 -4.869661e-001 -5.527087e-001 -8.352003e-001  2.395277e-001 -1.341141e-001 -5.155208e-002 -8.695832e-001 -1.820763e-001
-2.934261e+000 -2.145173e+001  2.157415e+000 -2.419309e+001 -3.935371e+000 -2.204244e+001 -4.324326e+000  1.179594e+000 -5.342517e+000 -1.756207e+001 -1.405995e+001 -1.567223e+000  6.927310e+001  5.236660e-001 -1.456943e-001 -8.933814e-001  7.858002e-001 -8.895314e-001 -3.295240e-001 -5.379930e-001  7.860433e-002  4.972896e-001 -3.531590e-001 -9.153501e-001 -1.640807e+000 -2.386765e-001 -4.532113e-002  1.126522e-001  1.560529e-001 -6.184276e-001 -1.306132e-001 -3.592936e-001 -8.139884e-001 -1.149112e+000 -2.442448e-001  1.821918e-001 -1.541828e-001 -8.051930e-001 -3.172131e-001
-2.141427e+000 -2.109932e+001  1.257611e+000 -2.326441e+001 -4.542191e+000 -2.214273e+001 -4.562450e+000  5.341913e-001 -5.142155e+000 -1.796298e+001 -1.581741e+001 -2.853457e+000  6.888042e+001  1.272490e-001 -2.598189e-001 -4.111153e-001 -5.291828e-001 -5.605946e-001 -8.827274e-001 -1.621229e+000 -1.435226e+000 -2.552334e-001  8.645506e-002 -9.475620e-001 -2.149146e+000 -2.803101e-001  2.230848e-002  3.599872e-001  5.581153e-001 -2.542749e-001  3.463343e-001  4.337280e-002 -9.931293e-001 -1.050522e+000 -3.789029e-001  7.210345e-001  2.726227e-001 -5.085437e-001 -5.910715e-001
-8.962555e-001 -2.183458e+001  4.099034e+000 -2.457926e+001 -2.848433e+000 -2.098726e+001 -5.788960e+000  1.613896e+000 -5.410240e+000 -1.563642e+001 -1.430423e+001 -4.619806e+000  6.865308e+001  3.018390e-001  1.757238e-001  8.187129e-001 -7.304207e-001  5.929028e-001 -1.003320e+000 -1.929683e+000 -2.195467e+000 -8.436008e-002  1.429627e+000 -1.104015e+000 -2.364283e+000 -1.013034e+000  1.176106e-001  8.648875e-001  3.989626e-001  6.547676e-001  4.594476e-001  5.824484e-001 -7.275010e-001 -6.169872e-001 -2.410848e-001  9.692085e-001  5.862762e-001 -2.111141e-001 -7.666311e-001
-2.691837e+000 -2.217152e+001  3.345380e+000 -2.788448e+001 -2.877862e+000 -2.514365e+001 -9.217957e+000 -4.753669e+000 -6.558812e+000 -1.533848e+001 -1.651327e+001 -7.704832e+000  6.864013e+001  7.703081e-001  1.935923e+000  1.332841e+000  1.516795e+000  1.145469e+000  8.533716e-001 -3.070006e+000 -2.383764e+000 -7.486939e-002  3.152270e+000  9.368249e-001 -2.390987e+000 -2.382528e+000  2.046825e-001  8.708602e-001 -3.237426e-003  1.129600e+000  1.067702e-001  9.331557e-001 -3.455696e-001  5.898193e-002 -2.012945e-001  5.664143e-001  6.656902e-001  2.333806e-002 -6.019289e-001
-1.149861e+000 -2.003701e+001  5.207095e+000 -2.553516e+001 -1.803021e+000 -2.555857e+001 -1.164499e+001 -7.153813e+000 -5.055989e+000 -1.172618e+001 -1.923209e+001 -1.096295e+001  6.432808e+001  7.901893e-001  3.080872e+000  2.294535e-001  3.036649e+000  5.546747e-001  1.714668e+000 -3.451109e+000 -2.532063e+000 -7.983165e-001  2.959976e+000  1.073837e+000 -2.575457e+000 -3.020723e+000  1.670407e-002  2.051563e-002 -3.322248e-001  3.650564e-001 -2.393051e-001  5.874760e-001  2.643818e-001  4.963864e-001 -2.973777e-001 -3.522551e-001  3.396958e-001  2.563725e-001  1.828435e-001
 1.836917e+000 -1.231849e+001  7.367783e+000 -1.520248e+001  6.624494e-001 -1.559022e+001 -1.698446e+001 -7.000776e+000 -5.693627e+000 -4.156749e+000 -8.669353e+000 -1.163682e+001  5.913028e+001  9.064860e-001  2.641908e+000 -1.326727e-001  3.235282e+000 -7.629728e-003  2.424057e+000 -2.588364e+000 -9.720191e-001 -9.047275e-001  2.153352e+000  1.291962e+000 -1.926868e+000 -2.286110e+000 -2.782349e-001 -1.198868e+000 -3.815470e-001 -1.079322e+000 -3.009441e-001 -2.827999e-001  1.066075e+000  8.712578e-001 -1.847187e-001 -1.244829e+000 -6.799285e-001  5.614097e-001  1.123725e+000
 7.903144e-001 -1.135674e+001  3.235100e+000 -1.573701e+001 -1.845215e+000 -1.719064e+001 -1.916125e+001 -9.922863e+000 -9.834414e+000 -6.427406e+000 -1.285700e+001 -1.553109e+001  5.830438e+001  3.172704e-001 -7.469054e-002 -1.096546e-001  2.356178e-001 -2.707333e-002  1.148718e+000 -8.485948e-001 -4.194079e-001 -1.156320e+000  1.678104e-001  4.168946e-001 -1.314480e+000 -1.470257e-001 -3.258840e-001 -1.753127e+000 -1.334058e-002 -1.737292e+000  2.844295e-002 -6.685331e-001  1.491598e+000  1.137974e+000  2.434239e-001 -1.487006e+000 -8.875172e-001  9.164579e-001  1.478529e+000
 8.705057e-001 -1.330212e+001  3.668014e+000 -1.660715e+001 -2.894914e+000 -1.720733e+001 -1.840164e+001 -8.229239e+000 -8.693236e+000 -7.221113e+000 -1.324100e+001 -1.505510e+001  6.022143e+001 -3.844067e-001 -2.480635e+000 -4.053403e-001 -2.479301e+000 -6.837755e-002 -2.776526e-001  9.591136e-001  9.161972e-001 -8.194615e-001 -1.675792e+000 -2.134346e+000 -2.144271e-001  1.799250e+000 -2.606927e-001 -1.223218e+000  6.716302e-002 -1.226760e+000  2.389379e-001 -5.604262e-001  1.361814e+000  1.161388e+000  4.313101e-001 -1.162107e+000 -7.017704e-001  9.741366e-001  1.110276e+000
 9.196961e-001 -1.991865e+001  6.508706e+000 -2.365474e+001 -1.597061e-001 -1.900643e+001 -1.517937e+001 -8.636621e+000 -9.337783e+000 -9.354950e+000 -1.486179e+001 -1.582621e+001  6.304738e+001 -1.937841e-001 -3.123491e+000  2.990844e-001 -2.792520e+000  7.272634e-001 -2.771425e-001  2.233143e+000  2.213699e+000  3.761702e-001 -2.560480e+000 -1.650594e+000  1.150612e+000  2.329243e+000 -7.545939e-002 -4.885900e-002 -2.116331e-002 -1.999090e-002  8.128130e-002 -2.346548e-001  6.169466e-001  1.034634e+000  3.460773e-001 -4.967260e-001 -1.416781e-001  6.027070e-001  2.849896e-001
-1.498076e-001 -2.044071e+001  3.704278e+000 -2.364013e+001 -5.221928e-001 -1.607059e+001 -1.417984e+001 -3.062911e+000 -1.003925e+001 -1.107194e+001 -1.833869e+001 -1.256140e+001  6.575504e+001 -1.414503e-001 -1.949783e+000 -1.227140e-003 -1.384449e+000  8.098914e-001  3.348559e-001  2.679837e+000  3.518368e+000  4.855781e-001 -2.293039e+000 -1.183145e+000  1.711269e+000  2.027133e+000  6.360612e-002  8.515085e-001  1.733805e-001  7.844335e-001 -1.139376e-001 -1.107750e-001 -1.701681e-001  1.603083e-001  7.530783e-002  2.666864e-001  6.407344e-001 -4.412125e-002 -4.472545e-001
 3.315505e-001 -2.340489e+001  4.712389e+000 -2.618312e+001  6.047411e-001 -1.914473e+001 -1.010644e+001 -1.437532e+000 -7.280557e+000 -1.730439e+001 -1.856113e+001 -1.102488e+001  6.718379e+001 -1.815048e-001 -5.844114e-001 -4.175278e-001 -4.117630e-001 -5.980133e-002 -3.308105e-001  1.375776e+000  3.452676e+000 -7.845297e-002 -2.007196e+000 -7.670965e-001  7.362074e-001  1.163981e+000 -1.078061e-002  1.210840e+000  3.043386e-001  1.065227e+000 -2.256415e-001 -2.050713e-001 -7.676336e-001 -1.126742e+000 -1.297508e-001  8.881932e-001  7.368536e-001 -5.623436e-001 -7.634784e-001
 4.573270e-001 -2.130791e+001  4.560037e+000 -2.226520e+001  7.723194e-001 -1.546390e+001 -7.538924e+000  5.763054e+000 -7.293959e+000 -1.471158e+001 -1.730706e+001 -8.899419e+000  6.828889e+001 -7.251579e-002  5.073677e-001  8.198683e-001  2.524876e-001 -2.445332e-001 -8.046936e-001  5.369564e-001  1.098250e+000 -2.156108e-001 -6.190017e-001  6.275765e-001 -2.278309e-001  1.456085e-001 -3.556244e-002  6.926483e-001  4.471080e-001  5.596958e-001 -6.446712e-002 -2.931886e-001 -8.560914e-001 -1.877899e+000 -1.026458e-001  6.173133e-001  6.724585e-001 -5.941250e-001 -6.396503e-001
-2.913953e-001 -2.240711e+001  3.993188e+000 -2.640102e+001 -1.105969e+000 -2.096382e+001 -1.162095e+001  4.213775e+000 -1.110269e+001 -1.757111e+001 -1.921309e+001 -1.397616e+001  6.760036e+001 -2.821544e-001  1.702134e+000  1.410230e+000  1.715148e+000  1.262682e-001 -7.327245e-001 -5.335840e-001 -2.209955e+000  7.801046e-002  1.043468e+000  1.128313e+000 -6.915558e-001 -5.473869e-001 -7.441410e-002  4.117588e-002  1.209427e-001  2.203796e-001  1.564149e-001  3.615276e-001 -3.387393e-001 -9.720221e-001 -1.739174e-001  2.436006e-001  3.758648e-001  2.584705e-002 -1.486981e-001
-2.009137e-001 -1.840276e+001  8.163220e+000 -2.226874e+001 -8.895037e-001 -1.918451e+001 -1.073780e+001 -3.973140e-001 -9.206236e+000 -1.403359e+001 -1.487483e+001 -1.222492e+001  6.627480e+001 -2.689377e-001  3.701859e-001  1.320434e+000  3.505751e-001  3.945211e-001 -9.301304e-001 -6.459398e-001 -3.039811e+000 -1.058828e-001 -7.318039e-001  1.231443e+000 -5.454748e-001 -3.154343e-001 -1.205451e-001 -7.927303e-001 -6.735135e-001 -4.691667e-001 -2.076775e-003  5.179179e-001 -7.671195e-002  4.575872e-001 -7.147560e-001 -5.275232e-001 -4.459159e-001  2.453343e-001  3.161866e-001
-7.501013e-001 -1.634680e+001  9.961946e+000 -1.760561e+001  2.066994e+000 -2.094805e+001 -1.117492e+001 -9.407122e+000 -5.934366e+000 -1.242605e+001 -1.413568e+001 -1.281991e+001  6.545390e+001 -4.553644e-001 -3.099411e-001 -6.309719e-002  6.410912e-001  4.027462e-001  1.539546e+000  2.735280e-001  6.615959e-001 -1.002904e+000 -7.327923e-001  8.102944e-001  1.024265e+000  6.510116e-001 -1.288021e-002 -1.078638e+000 -9.268948e-001 -7.903194e-001 -1.414710e-001  5.540380e-001  3.524709e-001  1.530404e+000 -8.348327e-001 -6.216161e-001 -6.720696e-001  3.002589e-001  4.947148e-001
-6.580086e-001 -2.248713e+001  8.177829e+000 -2.491002e+001  1.158443e+000 -2.012244e+001 -1.099164e+001 -2.625552e+000 -1.040754e+001 -2.094313e+001 -1.368855e+001 -1.220492e+001  6.778494e+001 -5.886365e-001 -2.450246e+000 -1.811036e+000 -1.556318e+000 -3.931560e-001  6.487609e-001 -2.501594e-001  1.950411e+000 -3.248934e+000 -2.368488e+000 -1.442994e+000  1.409305e-001  1.127342e+000  1.411804e-001 -4.893789e-001 -5.024341e-001 -2.146748e-001 -8.961642e-003  2.681767e-001  6.009806e-001  9.122091e-001 -1.700238e-001  3.376981e-001 -5.104932e-001  6.122649e-002  2.269185e-001
-2.339670e+000 -2.191463e+001  3.670398e+000 -2.187492e+001 -1.162116e-001 -1.279712e+001 -1.012639e+001  8.635874e+000 -1.551656e+001 -1.778030e+001 -1.575476e+001 -8.864839e+000  7.010034e+001 -1.867061e-001 -2.280838e+000 -1.658509e+000 -1.283003e+000 -1.872484e-001  1.248020e+000  1.030880e+000  2.946953e+000 -2.524628e+000 -1.246271e+000 -8.948167e-001  4.665362e-001  1.204799e+000  3.155354e-001  1.174183e-002  1.832881e-001  5.102833e-002  4.900701e-002 -4.877745e-001  4.686960e-001 -7.079983e-001  7.722768e-001  7.322608e-001 -1.562093e-001 -5.546981e-001 -2.045608e-001
