35 39
-9.295582e+000 -1.854144e-001  8.815804e+000  7.946724e+000  2.296487e+000 -2.014958e+000  8.792659e-001  6.923217e+000  5.135384e+000 -3.159242e+000 -3.339254e+000 -2.588192e+000  4.916676e+001 -8.695474e-001 -4.792471e-001 -1.087043e+000  6.825629e-001  2.890562e-001  3.481729e+000  1.804605e+000  1.167137e+000  4.058783e-001 -1.335426e+000 -2.157403e+000 -8.584484e-001 -6.533852e-001  4.263277e-001 -1.507833e+000 -1.109181e+000 -5.374522e-001 -9.197878e-001  1.874235e-001  6.245851e-001 -8.913821e-001 -6.015023e-001  4.105046e-001 -4.518312e-002 -9.064695e-001 -1.814261e-001
-9.569100e+000  3.172833e-001  9.066122e+000  8.609291e+000  2.362373e+000 -1.574557e+000 -3.685316e+000  6.482593e-001  3.810270e+000 -1.196499e-001 -2.590067e+000 -7.510989e-001  4.763002e+001 -1.286739e+000 -2.051416e+000 -2.419560e+000 -1.017904e-001 -4.007487e-001  2.344860e+000  1.972748e+000  2.779458e-001  9.493981e-002  2.278675e-002 -2.034295e-002 -9.477383e-001 -1.241307e+000  2.697269e-001 -7.373850e-001 -4.885440e-001 -5.658281e-001 -4.122350e-001 -5.137689e-001 -3.017079e-002 -4.077682e-001 -2.154730e-001  4.009216e-001  5.511150e-001 -2.678789e-001  1.452477e-001
-1.009180e+001 -2.122576e+000  5.746473e+000  6.953393e+000  4.006709e+000  3.007674e+000 -3.507337e-001  2.592983e+000  1.890284e+000 -9.164197e-001 -2.209965e+000 -6.063724e+000  4.604040e+001 -5.539187e-001 -1.816592e+000 -2.557247e+000 -1.631226e+000 -1.832695e+000  4.086460e-001  7.825856e-001 -4.242299e-001  5.400922e-002  3.218988e-001  1.079950e+000 -6.789339e-001 -4.239708e-001  5.661941e-001  3.182571e-001  4.313787e-001 -2.587095e-001  3.942672e-002 -1.076761e+000 -1.042894e+000 -5.004200e-001  5.161737e-003  2.136652e-001  5.631822e-001  4.667786e-001  7.203428e-001
-1.249731e+001 -5.286334e+000  9.770263e-001  5.154008e+000 -3.367933e+000  2.815747e+000  4.853697e+000  5.187533e+000  3.547426e+000 -1.156577e+000  8.720442e-001 -4.911095e+000  4.556604e+001 -7.965784e-002 -1.289832e+000 -1.239007e+000 -9.748657e-001 -3.569504e-001  4.481687e-001 -7.784531e-002  1.544845e-001  6.182875e-001 -3.432274e-001  4.865248e-001 -1.745540e-001  8.571838e-001  1.111646e+000  1.139259e+000  1.111013e+000  1.260539e-001  6.564607e-001 -6.607147e-001 -1.087914e+000 -4.946224e-001 -9.810674e-002 -5.737138e-002 -8.286060e-002  3.365542e-001  8.184860e-001
-1.060107e+001 -6.466568e+000  7.411784e-002  1.518237e+000 -4.001835e+000 -2.166880e+000  5.226873e-001  2.532431e+000  5.536852e+000 -1.031285e+000  3.294410e-001 -3.902863e+000  4.807890e+001  1.357882e+000  7.312462e-001  4.795742e-001 -1.744470e-001  4.642906e-001 -9.537319e-001 -2.384571e+000 -1.273233e+000  1.700131e-001 -8.409295e-002  4.050743e-001  1.088853e+000  1.899083e+000  1.384584e+000  1.302293e+000  8.851886e-001  4.360645e-003  5.812952e-001 -1.511576e-001 -4.369780e-001 -2.247679e-001 -5.141642e-001  8.255596e-003 -2.185511e-001  1.122880e-001  2.656730e-001
-9.712752e+000 -3.959880e+000  5.707262e+000  6.452540e+000  4.581893e+000  3.253563e+000 -4.511253e+000  1.450958e+000  5.078424e+000 -1.778354e+000 -1.427146e+000 -2.704299e+000  5.089669e+001  3.315593e+000  2.370960e+000  1.617096e+000 -1.999102e-001  1.733062e+000 -2.775250e-001 -1.883245e+000 -1.770665e+000 -4.535959e-001 -6.107431e-002 -9.720808e-002 -1.488604e-001  1.689595e+000  1.359551e+000  7.488931e-001 -9.783020e-003 -1.461804e+000 -4.298101e-001  1.201929e-001 -5.235162e-002  4.612016e-002 -1.355684e+000  4.013789e-001 -2.253870e-001 -4.430788e-002 -1.889429e-001
-4.694664e+000  8.704286e-001  5.779226e+000  5.431891e+000  2.353249e+000 -1.979894e+000 -7.591111e+000 -1.904892e+000  1.974851e+000 -1.025996e+000  9.650014e-001 -1.722858e+000  5.287049e+001  4.671377e+000  2.864475e+000  4.406443e-001 -1.996900e+000  2.877462e-002  1.570486e-002 -4.996042e-001 -5.854949e-001 -1.980870e+000  2.221002e-001  2.790610e-001 -1.303407e-001  4.881886e-001  5.547243e-001 -3.015105e-001 -7.098228e-001 -2.556325e+000 -9.625812e-001  5.807884e-001  1.456902e-001  5.467119e-001 -1.730037e+000  3.507677e-001 -4.673598e-001 -2.549174e-001 -3.300276e-001
 1.127452e+000  2.899969e+000  6.209954e+000  2.197630e+000  2.119835e+000  1.334628e+000 -5.056304e-001 -1.447128e+000  3.060447e+000 -1.464593e+000  6.822357e-002 -6.745399e+000  5.161822e+001  5.061352e+000  1.388019e+000 -1.268458e+000 -7.372660e+000 -2.288243e+000  5.644149e-001 -1.282087e+000  4.121650e-002 -5.084692e+000  1.510571e+000 -5.774037e-001  2.135032e-001  6.179165e-001 -5.523318e-001 -9.068156e-001 -8.385143e-001 -2.393727e+000 -1.067685e+000  2.982256e-001 -3.182627e-001  5.110832e-001 -1.427402e+000 -3.564378e-002 -7.167704e-001 -1.337136e-001 -1.284970e-001
 7.335712e+000  4.425885e+000  2.025994e+000 -6.338809e+000 -2.626933e+000 -1.128888e+000 -3.978145e+000  1.054000e+000 -3.358510e+000 -7.766448e-002  9.770610e-001 -2.534016e+000  5.015907e+001  3.258624e+000 -2.848360e-001 -1.626763e+000 -9.369696e+000 -2.337963e+000  1.529240e+000 -1.956699e+000  5.543863e-001 -6.164623e+000  8.839232e-001 -1.691627e+000 -3.669163e-001  7.847843e-001 -1.355182e+000 -8.028809e-001 -2.238280e-001 -8.353818e-001 -3.520756e-001 -1.191408e-001 -2.839183e-001  1.720354e-001 -2.012142e-001 -6.054542e-001 -9.134641e-001 -4.796415e-001  1.282967e-002
 9.578818e+000  1.202489e+000  1.241590e+000 -2.452541e+001 -4.369231e+000  5.650135e+000 -1.272817e+001  1.775945e-001 -1.767835e+001  5.300333e+000 -4.320194e+000 -1.231204e+000  5.534198e+001  1.260310e+000 -5.884623e-001 -1.541772e+000 -8.482148e+000 -2.421996e+000  4.568354e-001 -2.746011e+000  2.148106e-001 -5.498730e+000 -5.702047e-001 -2.695716e+000 -6.991407e-001  8.988125e-001 -1.419615e+000 -1.069157e-002  2.976114e-001  1.495436e+000  2.575068e-001 -8.276796e-001  5.359421e-001  7.995805e-002  1.473451e+000 -1.015629e+000 -4.710494e-001 -6.148979e-001 -3.379518e-001
 7.372772e+000  2.949887e-001  1.295929e-001 -2.805507e+001 -6.092034e+000  3.508552e+000 -1.126334e+001  5.467748e-002 -1.847886e+001  1.115767e-002 -5.298925e+000 -6.314537e+000  5.493253e+001 -2.040132e-001 -1.616882e-001 -5.418388e-001 -5.619065e+000 -1.664727e+000 -5.262092e-001 -1.187233e+000  1.878852e-001 -2.779922e+000 -1.764783e+000 -3.229104e+000 -2.072226e+000  4.118889e-001 -7.245260e-001  5.562796e-001  4.830341e-001  2.392759e+000  3.864035e-001 -1.119915e+000  9.694477e-001  1.528664e-001  2.049583e+000 -4.789813e-001  7.757878e-002 -2.183092e-001 -5.463664e-001
 7.410473e+000  2.023105e+000 -5.507035e-001 -2.935498e+001 -8.257597e+000  1.300085e+000 -1.059309e+001  1.265855e-001 -1.687303e+001 -4.360028e+000 -1.027236e+001 -8.350842e+000  5.372555e+001 -3.054062e-001  1.272988e+000 -3.228626e-001 -1.770797e+000 -1.337327e+000 -2.546259e+000  1.012891e+000  6.242573e-001  5.902130e-001 -2.243219e+000 -2.163913e+000 -2.008331e+000 -8.853951e-001 -1.039737e-001  6.167887e-001  4.324164e-001  2.232551e+000  4.368899e-001 -7.806068e-001  9.651740e-001  3.122344e-001  1.651559e+000  2.746420e-001  6.240442e-001  1.754337e-001 -5.315332e-001
 7.399818e+000  3.207135e+000  2.129465e-001 -3.201935e+001 -9.006385e+000 -1.584909e+000 -1.098185e+001  2.018930e+000 -1.766078e+001 -4.071400e+000 -1.219237e+001 -9.335328e+000  5.302673e+001  4.188517e-001  1.565837e+000  1.789529e-001 -7.615772e-001 -9.482802e-001 -2.568788e+000  1.011088e+000  1.113995e+000  1.038819e+000 -6.744761e-001 -1.569635e+000 -8.038669e-001 -1.054944e+000  1.604540e-001  4.022136e-001  1.380325e-001  1.568756e+000  3.647982e-001 -2.752867e-001  4.940071e-001  1.007708e-001  8.758022e-001  7.057171e-001  8.579894e-001  4.553977e-001 -2.884659e-001
 8.038264e+000  6.111354e+000 -4.144000e-001 -3.139725e+001 -9.598692e+000 -4.534428e+000 -7.804459e+000  2.316754e+000 -1.513633e+001 -3.874485e+000 -1.169303e+001 -9.762465e+000  5.186790e+001  4.290093e-001  1.631719e+000  2.599148e-001  2.518631e-001 -5.957702e-001 -2.424909e+000  9.806976e-001  1.312928e+000  8.496944e-001  2.578518e-001 -4.052297e-001 -4.561520e-001 -1.025437e+000  5.719723e-002 -1.418334e-002 -8.414155e-002  8.389008e-001  3.299598e-001  3.236608e-001  6.826214e-002 -2.508455e-001  7.387606e-002  8.379928e-001  5.643698e-001  3.259184e-001  8.372766e-003
 9.153135e+000  6.080049e+000  9.562055e-001 -3.084182e+001 -1.016289e+001 -6.418128e+000 -7.602211e+000  4.529567e+000 -1.415312e+001 -3.603994e+000 -1.243677e+001 -9.628060e+000  5.058664e+001  2.310489e-001  1.670015e+000 -1.430650e-001  1.213387e+000 -2.115148e-001 -1.963317e+000  1.298899e+000  3.474039e-001  1.469348e+000  5.132669e-001  1.815021e-001 -5.713275e-001 -9.604198e-001 -1.226181e-001 -1.712126e-001 -3.350112e-001  5.883191e-001  3.014892e-001  5.066834e-001  1.885601e-001 -5.239488e-001 -1.818190e-001  5.858680e-001  4.710627e-001  1.444618e-001  6.532427e-002
 8.678862e+000  8.745242e+000  3.772411e-001 -2.868443e+001 -1.065820e+001 -8.407852e+000 -7.379422e+000  5.435906e+000 -1.437839e+001 -3.304471e+000 -1.217632e+001 -1.048524e+001  4.981841e+001  7.448139e-002  1.149982e+000 -5.825614e-001  1.436225e+000 -5.591087e-002 -1.230690e+000  1.210296e+000 -2.466746e-001  7.443288e-001  1.352873e+000 -2.176321e-001 -4.950088e-001 -8.907932e-001 -8.125359e-002 -3.700426e-001 -4.242706e-001  3.200957e-001  1.926455e-001  6.282347e-001  2.551482e-001 -5.895104e-001 -4.651486e-001  3.964145e-001  2.979869e-001  3.828247e-001  8.140696e-002
 8.234764e+000  1.024026e+001 -8.981990e-001 -2.730882e+001 -9.534206e+000 -9.464784e+000 -4.699876e+000  2.196374e+000 -1.069301e+001 -1.790072e+000 -1.104322e+001 -1.183058e+001  4.924937e+001 -1.697474e-002  9.506424e-001 -1.074865e+000  1.587837e+000  2.892360e-001 -6.324801e-001  1.839090e+000 -7.259484e-001  1.824069e-001  1.707353e+000  6.918799e-001 -6.212940e-002 -7.956444e-001  1.400168e-002 -5.751935e-001 -3.731071e-001  1.052030e-001  1.311222e-001  6.055377e-001  2.737499e-001 -4.259731e-001 -7.920275e-001  8.567139e-002  3.211025e-001  6.124980e-001  1.471294e-001
 8.869857e+000  9.781157e+000 -2.400005e+000 -2.598263e+001 -1.019259e+001 -9.164551e+000 -3.204144e+000  2.249978e+000 -1.314474e+001  1.982922e+000 -1.347797e+001 -1.113625e+001  4.808257e+001  1.467532e-001  1.411919e-001 -1.395538e+000  1.665116e+000  1.170822e-001  5.084591e-002  1.986343e+000 -1.097948e+000 -8.325781e-001  1.642881e+000  8.295159e-001  1.203372e+000 -7.007900e-001  6.893187e-002 -7.047076e-001 -3.666918e-001  5.767465e-003  2.555890e-001  5.535076e-001  1.994936e-001 -4.896139e-001 -7.440727e-001 -1.609615e-001  4.353591e-001  7.210556e-001  2.661052e-001
 8.972764e+000  1.031530e+001 -3.029498e+000 -2.425353e+001 -8.949512e+000 -9.202180e+000 -4.944018e-001  2.492789e+000 -1.385791e+001  2.289075e+000 -8.326541e+000 -9.613201e+000  4.747634e+001  2.649214e-001 -7.015580e-001 -1.602112e+000  1.624956e+000  3.575998e-001  4.236030e-001  2.279625e+000 -1.356825e+000 -1.702336e+000  7.966200e-001  1.263440e+000  1.641972e+000 -3.197746e-001  4.551841e-002 -8.083702e-001 -3.601074e-001 -3.229868e-002  5.445824e-001  3.954426e-001 -1.802715e-001 -4.567740e-001 -5.269950e-001 -9.884753e-002  4.885538e-001  4.220053e-001  3.549497e-001
 9.043628e+000  9.413682e+000 -5.534800e+000 -2.188650e+001 -1.036513e+001 -8.284925e+000  4.495575e-001 -2.020434e-001 -1.695883e+001  2.870361e+000 -9.387075e+000 -5.577064e+000  4.720098e+001  2.781927e-001 -1.547455e+000 -2.152397e+000  1.446503e+000  1.187852e+000  1.008806e+000  1.987497e+000 -2.379306e+000 -2.033663e+000  1.003433e+000  1.673383e+000  2.258219e+000  2.017979e-001 -9.020454e-002 -6.281901e-001 -1.494758e-001  1.319299e-001  9.766474e-001  9.994949e-002 -6.509627e-001 -1.345737e-001  6.003605e-002  5.897187e-002  7.064742e-001 -2.074597e-001  3.136899e-001
 9.472486e+000  6.916212e+000 -7.341364e+000 -2.123211e+001 -7.659935e+000 -7.786582e+000  4.871397e+000 -3.361740e+000 -1.729764e+001  1.749308e+000 -6.771463e+000 -6.400313e+000  4.809129e+001  1.448976e-001 -2.246885e+000 -2.496973e+000  1.535651e+000  2.476763e+000  8.657526e-001  9.371552e-001 -2.369140e+000 -1.852025e+000  1.532840e+000  2.712715e+000  1.520474e+000  5.278103e-001 -2.075436e-001 -2.789455e-001  1.180217e-001  3.950291e-001  1.115172e+000 -4.790527e-001 -1.194818e+000  5.364152e-001  5.777513e-001  1.233932e-001  4.483322e-001 -5.892525e-001  1.203550e-001
 1.001096e+001  3.743427e+000 -1.100606e+001 -2.026083e+001 -4.898116e+000 -4.828318e+000  4.050439e+000 -6.719285e+000 -2.159319e+001  7.269969e+000 -5.888590e+000 -1.451600e+000  4.878408e+001 -2.442575e-001 -2.227095e+000 -1.695487e+000  2.369418e+000  3.940738e+000  3.295186e-001 -5.972352e-001 -1.264659e+000 -4.575529e-001  1.569631e+000  3.637250e+000  2.268229e-001  4.438671e-001 -2.101524e-001  1.375038e-001  3.856267e-001  4.955374e-001  9.338064e-001 -1.142085e+000 -1.466880e+000  1.354784e+000  1.006108e+000 -4.010613e-001 -1.833012e-001 -8.555425e-001 -7.521885e-002
 9.213586e+000  1.916005e+000 -1.277873e+001 -1.738811e+001  7.007929e-001 -6.601720e+000  2.390934e+000 -6.094290e+000 -2.080086e+001  7.753470e+000  3.487794e+000 -4.073565e+000  4.932384e+001 -5.115717e-001 -1.756466e+000 -1.240459e+000  3.138644e+000  4.557015e+000 -1.632016e+000 -2.402099e+000  7.679279e-001  3.983658e-001  1.130487e+000  2.523168e+000 -2.885928e-001  1.609657e-001 -1.017516e-001  3.370039e-001  5.869375e-001  3.687434e-001  3.311944e-001 -1.349713e+000 -1.130663e+000  1.565766e+000  9.970934e-001 -8.626506e-001 -1.466767e+000 -5.035370e-001 -1.034551e-001
 7.951790e+000  7.783111e-001 -1.129355e+001 -1.196140e+001  5.158193e+000 -7.229763e+000 -1.296387e+000 -5.159066e+000 -1.749499e+001  7.716434e+000  3.669545e+000 -5.606323e+000  4.880404e+001 -4.443349e-001 -1.105146e+000 -8.525205e-001  3.122693e+000  4.816758e+000 -3.452735e+000 -3.677278e+000  2.826082e+000  1.871683e+000 -8.006972e-001  8.516504e-001 -1.114961e+000  9.125900e-003 -1.852450e-002  4.070657e-001  5.527148e-001  1.626322e-001 -2.541392e-001 -1.021615e+000 -4.421507e-001  8.538859e-001  6.757211e-001 -9.065602e-001 -2.266232e+000 -1.031384e-001 -8.991974e-002
 7.944212e+000 -3.835595e-001 -1.339991e+001 -9.688601e+000  1.009699e+001 -1.474594e+001 -4.465686e+000 -3.022108e-001 -1.735491e+001  7.178509e+000  1.065309e+000 -5.765915e+000  4.888614e+001 -2.638218e-001 -1.122840e+000  1.623144e-002  3.002731e+000  3.694725e+000 -3.991686e+000 -3.176140e+000  3.414319e+000  1.968824e+000 -1.595249e+000 -3.228322e+000 -3.263194e-001  2.279053e-001 -1.112484e-001  3.345195e-001  6.964872e-001  2.014087e-001 -6.712251e-001  1.466343e-001  4.828840e-001 -2.367362e-001  5.018336e-001 -7.170739e-001 -2.016236e+000  1.764689e-001 -1.346121e-001
 8.423972e+000 -6.325226e-001 -1.495807e+001 -8.497118e+000  1.448758e+001 -1.801988e+001 -1.090764e+001  4.515084e+000 -1.395775e+001  3.553963e+000 -4.190955e-001 -6.180229e+000  4.904856e+001 -4.607550e-001 -5.085792e-001  4.397424e-001  3.250536e+000  3.101187e+000 -3.598721e+000 -2.420969e+000  1.681575e+000  2.135823e+000 -1.600302e+000 -4.818165e+000 -2.700059e-001 -3.920136e-002 -3.570193e-001  2.219156e-001  8.892248e-001  5.989755e-001 -8.044461e-001  1.240739e+000  1.275800e+000 -1.178798e+000  4.473767e-002 -2.721442e-001 -8.505002e-001  5.229505e-001 -2.980861e-001
 7.658386e+000 -2.992778e+000 -1.086532e+001 -4.106606e+000  1.450972e+001 -2.116509e+001 -8.684138e+000  6.140228e+000 -1.272536e+001  1.858460e+000 -1.060950e+001 -5.418209e+000  5.034111e+001 -1.059604e+000 -3.821519e-001  1.595846e+000  4.081766e+000  2.058675e+000 -8.258520e-001 -6.158341e-001  1.565003e-001  2.775464e+000 -2.055080e+000 -4.723104e+000  1.712745e-001 -4.879311e-001 -4.943102e-001  4.554266e-002  6.605822e-001  7.838867e-001 -7.218684e-001  1.394784e+000  1.223219e+000 -1.127474e+000 -3.043612e-001 -2.113889e-001  1.002153e+000  5.513184e-001 -4.556100e-001
 5.790928e+000 -4.599757e-001 -1.036213e+001  1.500278e+000  1.845776e+001 -2.201379e+001 -1.129200e+001  2.758939e-002 -9.130649e+000  2.374947e+000 -1.458388e+001 -7.130206e+000  4.788055e+001 -1.831540e+000 -3.659122e-001  2.803796e+000  5.578053e+000  1.612552e+000  1.168044e+000  1.421567e+000 -1.438997e+000  1.692051e+000 -1.931503e+000 -2.653460e+000  1.250995e+000 -1.123386e+000 -4.482480e-001 -4.110524e-001  2.349042e-001  5.154868e-001 -7.247650e-001  1.091925e+000  1.073107e+000 -3.152424e-001 -1.011503e+000 -2.503342e-001  1.808598e+000  6.786817e-001 -3.641557e-001
 3.962715e+000 -2.380593e+000 -7.718648e+000  5.721528e+000  1.840527e+001 -1.687825e+001 -7.352674e+000  2.724038e+000 -5.891143e+000 -2.507383e+000 -1.546782e+001 -4.434554e+000  4.703049e+001 -2.049980e+000 -9.664600e-001  2.137116e+000  5.758406e+000  8.296999e-001  5.988523e-001  1.018689e+000 -6.627653e-001  6.689040e-001 -2.486593e+000  7.000886e-001  1.669772e+000 -1.508052e+000 -2.459510e-001 -4.930363e-001 -5.028093e-001 -5.033486e-001 -7.356288e-001  3.569753e-001  5.430005e-001  4.847798e-001 -1.156748e+000  1.130107e-001  1.759071e+000  4.683450e-001 -2.134251e-001
 1.114106e+000 -2.768176e+000 -2.512423e+000  1.447908e+001  2.060256e+001 -1.432308e+001 -4.465538e+000 -9.718074e-001 -8.914597e+000 -3.920629e+000 -1.125724e+001 -4.170808e-001  4.508694e+001 -2.206807e+000 -2.271687e+000  1.343629e+000  4.989650e+000  9.184952e-002  1.148549e+000  2.127306e+000  5.149959e-001 -1.868414e+000 -2.636216e+000  1.513229e+000  2.374154e+000 -1.349919e+000 -6.187017e-002 -3.663132e-001 -1.108612e+000 -1.887096e+000 -9.773377e-001  2.052630e-001  1.298956e-002  7.703201e-001 -2.352879e-001  7.382258e-001  1.095903e+000  1.062392e-001 -3.524914e-002
-2.531044e-001 -6.670978e+000 -4.104593e+000  1.819602e+001  1.758582e+001 -2.201619e+001 -7.003925e+000  3.326100e+000 -9.488864e+000 -7.426718e+000 -8.772375e+000 -4.259102e-001  4.419765e+001 -2.101726e+000 -1.894446e+000 -1.881166e-001  1.859224e+000 -8.591173e-001  9.687718e-001  1.746299e+000  1.603403e+000 -1.228043e+000 -1.137670e+000  1.988909e+000  1.951420e+000 -1.441790e+000  6.040614e-002  1.647114e-001 -1.000963e+000 -2.526712e+000 -8.696863e-001  6.429211e-001 -6.551542e-002  3.888978e-001  7.545604e-001  1.310681e+000  3.501927e-001 -1.990998e-001  1.822857e-002
-3.135195e+000 -9.673220e+000 -5.451019e+000  2.021128e+001  1.932673e+001 -1.370208e+001 -8.298495e-001  2.301538e+000 -1.667386e+001 -8.346467e+000 -1.036545e+001  2.736240e+000  4.254737e+001 -2.115018e+000 -1.733485e+000 -1.576646e+000 -1.907838e+000 -2.429727e+000  2.009400e+000  1.122710e+000  1.279519e+000  1.464085e+000  1.085165e+000  2.181646e+000  1.641367e+000 -1.332763e+000  2.370883e-001  7.147224e-001 -4.623061e-001 -1.977194e+000 -6.494374e-001  4.642545e-001 -5.950992e-001 -2.104290e-001  1.276248e+000  1.118082e+000  3.532915e-001 -4.183592e-001  8.338392e-003
-4.421263e+000 -8.400301e+000 -7.189933e+000  1.215155e+001  1.474760e+001 -1.234489e+001 -4.390248e-001  9.104379e+000 -8.151729e+000 -5.982811e+000 -5.969166e+000  3.745887e+000  4.109132e+001 -1.793844e+000 -4.120038e-001 -1.407561e+000 -3.426411e+000 -2.257943e+000  3.383033e+000  1.193410e+000  8.994620e-001  2.775456e+000  2.206119e+000  2.116843e+000  1.040666e+000 -1.425488e+000  3.394553e-001  8.608477e-001  3.708912e-001 -4.878604e-001 -2.079614e-002  3.541645e-001 -8.143428e-001 -9.532859e-001  3.897689e-001  5.048196e-002 -5.273931e-002 -5.368875e-001  3.875657e-002
-7.376906e+000 -1.057094e+001 -8.852981e+000  7.962130e+000  9.873035e+000 -9.111732e+000 -2.134439e+000  2.536650e+000 -2.262737e+000  7.832407e-001 -1.750610e+000  5.703857e+000  3.997629e+001 -1.175306e+000  5.607036e-001 -3.581800e-001 -2.253500e+000 -2.455925e+000  2.262691e+000 -5.717459e-001 -1.851788e-001  2.511078e+000  1.282300e+000  3.215719e+000  7.377346e-001 -1.316378e+000  4.154337e-001  9.558637e-001  8.382366e-001  4.931088e-001  3.123077e-001  1.292179e-001 -5.286786e-001 -1.041316e+000 -7.736728e-001 -8.261040e-001 -2.997041e-001 -7.553433e-001  2.655823e-002
-7.101467e+000 -8.282136e+000 -9.441415e+000  7.188540e+000  1.102295e+001 -7.396194e+000 -3.845796e-001  7.705853e+000 -2.817141e+000 -9.609764e-001 -2.495582e+000  3.293613e+000  3.835576e+001 -8.743052e-001  1.262698e+000  1.057107e+000 -4.072467e-001 -9.499995e-001  2.612949e+000 -1.478187e+000 -2.430678e+000  1.973048e-001 -9.838275e-001  1.208176e+000 -2.812011e-001 -1.256200e+000  2.418719e-001  7.152530e-001  7.304509e-001  4.405939e-001 -1.101216e-001 -1.833578e-001  7.373443e-002 -7.851844e-001 -8.950623e-001 -7.921034e-001 -6.180196e-001 -6.487654e-001 -1.556146e-003
