44 39
-1.224276e+001  7.405917e+000  1.389432e+001  2.583504e-002 -2.678587e+000 -2.052147e+001 -8.268304e+000 -1.285934e+001 -1.668732e+001 -8.351231e+000 -1.173928e+000 -6.460844e+000  5.512383e+001 -5.828647e+000  1.219830e+000 -4.885045e+000  3.199244e+000  2.283762e+000  5.559647e+000  4.305813e+000 -7.798553e-001  1.420074e+000  2.593376e+000  4.491075e+000 -9.286091e-001 -6.961578e-001 -3.701685e-001 -9.463781e-001 -1.647680e+000  1.849478e-001 -5.113991e-001  1.103232e+000  1.373679e-001  1.894406e+000  2.005610e-001  1.322553e+000 -7.925660e-001  7.509722e-001 -5.665535e-002
-1.898557e+001  1.119579e+001  6.282184e+000  5.708366e+000 -4.998786e-001 -1.506870e+001  3.117343e+000 -1.025753e+001 -1.521151e+001  1.030712e+000 -2.643914e+000 -9.567113e+000  5.360977e+001 -5.638945e+000 -1.883459e-003 -6.092902e+000  3.445764e+000  1.574626e+000  5.818033e+000  4.670071e+000  2.715785e+000  2.802358e+000  2.634591e+000  2.456649e+000  8.325596e-001 -6.240959e-001  7.590311e-001 -8.566569e-001 -7.663498e-001 -6.792082e-001 -9.340136e-001 -3.339553e-001 -8.284364e-001  1.150821e+000  9.453462e-001  4.171006e-002 -8.969783e-001  8.729642e-001  1.395852e-001
-2.669864e+001  4.439794e+000 -7.546363e+000  5.188860e+000  2.144368e+000 -2.201576e+000  2.228813e+000 -1.212585e+001 -1.233280e+001  2.118333e+000  5.302776e+000 -5.931059e-001  5.163865e+001 -3.749408e+000 -6.007175e-001 -6.325627e+000  2.066005e+000 -5.389015e-002  3.621942e+000  3.921774e+000  2.142093e+000  5.119473e+000  1.736167e+000  1.247312e+000  1.241802e+000 -4.754333e-001  1.606285e+000 -1.313830e-001  7.200807e-001 -1.046363e+000 -1.270910e+000 -1.551012e+000 -1.060583e+000  4.083883e-001  6.168891e-001 -7.617244e-001 -9.017959e-001  2.188589e-002  3.460277e-001
-2.700238e+001  5.296569e+000 -6.095420e+000  9.921349e+000 -1.608044e+000 -2.304626e+000  8.449230e+000 -2.468512e+000 -3.505124e+000 -2.625484e+000  1.807673e+000 -1.011077e+000  5.234368e+001 -1.467186e+000 -4.282629e-001 -4.514955e+000 -4.040122e-002 -1.238639e+000  1.294383e+000  5.120937e-001  1.448713e+000  5.803700e+000  3.675853e-001  1.383643e+000  7.570202e-001  2.378635e-001  1.548421e+000  2.059060e-001  1.356131e+000 -1.017570e+000 -8.940263e-001 -1.273891e+000 -1.134825e+000 -6.306977e-001 -7.574542e-001 -6.956002e-001 -4.191587e-001 -4.123824e-001  3.329241e-001
-2.698140e+001  7.351939e+000 -1.154501e+001  8.249371e+000 -2.393955e+000 -8.793797e+000  8.674624e+000 -6.043382e+000  3.056849e+000  2.157702e+000  2.836838e+000 -4.529850e+000  5.337971e+001  1.168987e-001  7.761052e-001 -2.073615e+000 -2.894911e-001 -2.664154e+000  6.641199e-002  1.081886e+000  1.895622e+000  3.003848e+000 -8.174340e-002  5.185988e-001 -7.814100e-001  6.030010e-001  8.276355e-001  1.408517e-001  1.486229e+000 -3.487993e-001 -3.643885e-001 -3.694343e-001 -7.897425e-001 -5.872952e-001 -1.917838e+000 -3.922021e-001 -2.891741e-001 -1.775215e-001  1.403757e-001
-2.618012e+001  7.598403e+000 -1.429326e+001  3.976105e+000 -4.423910e+000 -5.300677e+000  2.454906e+000 -6.055199e+000  6.112165e+000  2.848954e+000  5.507267e+000 -3.813640e+000  5.392856e+001  1.700045e-001  3.392350e-001 -1.438252e+000 -4.643374e-001 -1.590373e+000  1.226344e+000  4.158915e-001 -3.144686e-001  7.289926e-002  6.554532e-002  7.252122e-001 -2.177462e-001  5.013073e-001  9.751103e-002 -8.765879e-002  1.089147e+000  3.119044e-001  3.140703e-001  2.798826e-001 -2.435525e-001 -5.154122e-001 -2.036230e+000 -1.106664e-001 -7.522197e-001 -4.351913e-002 -1.448442e-001
-2.652528e+001  7.169404e+000 -1.381551e+001  6.714026e+000 -9.768468e+000 -3.714907e-001  1.063541e+001 -8.543987e-001 -2.122200e+000 -1.027603e+000  6.045973e+000 -3.098875e+000  5.386122e+001 -4.298260e-001 -2.802078e-001 -4.328316e-001  5.339768e-001 -1.699965e+000  1.808790e+000  2.116296e-002  8.720727e-002 -1.604318e+000 -7.382380e-002  1.306564e-001  8.415779e-001  9.472351e-002 -2.529989e-001 -3.230917e-001  6.201928e-001  4.143648e-001  8.605193e-001  2.563254e-001 -5.477971e-001 -5.364689e-001 -1.078640e+000  1.315676e-001 -6.416416e-001  2.295952e-001 -2.687452e-001
-2.638042e+001  7.084012e+000 -1.215143e+001  8.367333e+000 -5.872654e+000 -3.840581e-001  9.548297e+000 -6.635346e+000 -5.511035e-001 -7.051045e-001  3.829166e+000 -2.815296e+000  5.460946e+001 -7.062685e-001 -3.384003e-001  1.103889e-001  1.107387e+000 -1.503814e-001  1.822607e+000 -1.753072e-001 -2.241412e-001 -2.073365e+000 -1.897064e-001 -2.183485e+000 -2.720695e-001 -2.322189e-001 -1.460902e-001 -1.193092e-001  5.391862e-001  1.840198e-001  4.625143e-001 -2.540015e-001 -5.116071e-001 -2.713493e-002 -1.196990e-001  1.365716e-001 -4.918153e-001  1.149586e-001 -2.022356e-001
-2.903038e+001  6.208096e+000 -1.478009e+001  8.723640e+000 -1.016941e+001 -2.208156e+000  5.233744e+000 -5.317272e+000 -1.633109e+000  3.565612e+000  4.329171e+000 -8.211326e-001  5.351287e+001 -7.099590e-001 -5.005354e-001  2.530287e-001  9.964705e-001  9.184467e-001  1.049907e+000 -1.361500e+000 -8.318863e-001 -1.316218e+000  7.037205e-001 -1.235261e+000  3.937277e-001 -3.739616e-001  1.222589e-001 -7.251060e-002  4.959520e-001 -2.830854e-001  1.595143e-001 -4.273169e-001 -2.136036e-001  1.947962e-001  5.244142e-001  2.607752e-003 -1.460773e-001 -4.905619e-002  1.073921e-002
-2.845891e+001  6.387055e+000 -1.325903e+001  8.508233e+000 -4.975346e+000  4.730692e+000  4.279201e+000 -4.944468e+000 -4.499203e+000 -3.961855e-001 -4.551754e+000 -6.312858e+000  5.294164e+001 -4.203800e-001 -1.471472e-001  9.147484e-001  2.245150e-001 -5.870078e-001  3.357780e-001 -1.450813e+000  9.403562e-003 -6.696455e-001  3.596312e-001 -1.050906e+000  5.809717e-001 -2.755280e-001  2.319040e-001 -1.634440e-001  4.154380e-001 -4.868329e-001 -4.075538e-001 -6.706053e-001 -5.098053e-002  4.393669e-001  8.980535e-001 -6.501018e-002  4.375250e-001 -4.322350e-002  1.601980e-001
-2.903583e+001  5.015205e+000 -1.199657e+001  1.162593e+001 -5.624889e+000  2.320670e+000  6.462454e+000 -5.859269e+000 -6.729241e+000  2.336540e+000  4.060130e+000  6.185451e-001  5.282532e+001  3.852425e-002 -7.383873e-001  1.644748e+000 -4.400142e-001 -6.840805e-001  4.156201e-001 -4.091024e-001  9.444160e-001  3.158934e-001 -3.354538e-001 -1.166020e+000  1.697764e-001  1.700741e-001  1.886398e-001 -1.117758e-001  1.137401e-001 -5.532986e-001 -4.911553e-001 -4.140659e-001  6.122938e-002  3.832408e-001  9.542756e-001 -4.364959e-001  2.070082e-001 -3.954923e-001  1.675682e-001
-2.847960e+001  6.944721e+000 -8.969449e+000  8.038764e+000 -1.107995e+001 -9.695808e-001  1.679879e+000 -6.317330e+000 -1.351265e+000  1.707587e+000 -1.290842e+000 -6.302768e-001  5.357560e+001  7.900963e-002 -1.036694e+000  1.491719e+000 -6.085353e-001 -1.386887e+000 -1.213275e+000 -9.064087e-001  1.084542e+000  1.600847e+000  4.829884e-003 -3.048012e-002 -3.762113e-001  2.967533e-001  1.114174e-001  5.730952e-002 -4.598168e-001 -2.131859e-001  9.259888e-002 -1.041674e-002 -4.700980e-002 -2.695474e-001  5.485483e-001 -4.351687e-001  3.350444e-001 -1.054218e-001  7.258373e-002
-2.882742e+001  2.237326e+000 -8.701138e+000  6.758304e+000 -1.053751e+001  2.720082e+000  4.487893e+000  9.123893e-002 -1.627611e+000  8.364564e-001 -3.131383e+000 -2.813541e+000  5.404626e+001 -1.645508e-002 -6.146408e-001  5.332440e-001 -1.353498e+000 -1.137391e+000 -2.458958e-001 -1.327555e+000  5.467482e-001  2.319913e+000 -1.301358e+000 -7.104326e-001 -1.105142e+000  1.777389e-001  2.091050e-001  5.066377e-001 -7.568329e-001 -2.727843e-002  3.021722e-001  9.825581e-002 -1.729943e-001 -6.151770e-001 -1.438799e-001 -3.170362e-001  5.203875e-001  3.387023e-001  7.793862e-002
-2.816807e+001  2.592524e+000 -7.448155e+000  7.899369e+000 -9.453469e+000 -1.535391e+000  7.344376e-001 -2.497012e+000  9.542166e-001  3.780056e-001 -1.108399e+000 -6.477871e+000  5.381493e+001  1.641964e-001  7.752714e-002 -8.285836e-001 -3.846727e-001  1.026417e-001  6.144522e-001 -1.226635e+000 -1.139500e+000  1.071086e+000 -1.333260e+000  3.965228e-001  6.913218e-001  8.355828e-002  7.141441e-001  5.770011e-001 -5.167217e-001 -2.211973e-001  1.081280e-001  3.287013e-001  2.526816e-002 -2.646665e-001 -7.278047e-001 -1.119236e-001  5.016009e-001  4.791393e-001  4.026037e-001
-2.927387e+001  4.118100e+000 -1.009100e+001  4.928139e+000 -1.212508e+001  1.374096e+000  2.973994e-001 -5.035687e+000  3.717585e+000 -3.505462e+000  4.167449e-001 -1.983368e+000  5.359435e+001  1.041456e+000  1.237691e+000 -9.792649e-001 -6.883376e-001  8.201647e-002 -6.964648e-003 -1.113961e+000 -1.019448e+000 -1.386256e-001 -1.251590e+000  1.222417e+000  1.329521e+000  6.663647e-001  1.420099e+000  1.517210e-002  5.839192e-001 -2.934935e-001 -5.453920e-001 -5.954785e-001 -1.463578e-001  1.811165e-002 -1.084263e+000  3.571831e-001  4.173467e-001  7.595698e-002  7.194530e-001
-2.743539e+001  6.391970e+000 -1.241744e+001  7.030483e+000 -9.772957e+000  2.775673e+000 -2.358050e+000 -9.451365e+000  1.331566e+000 -2.787753e+000 -1.082293e+000  2.411246e+000  5.421935e+001  3.120775e+000  9.221457e-001 -3.356349e-001 -2.047102e+000 -1.455950e+000  3.107657e-001 -8.868650e-001  5.443078e-001 -8.089069e-001 -5.796725e-001  1.511100e+000  8.021535e-001  2.065459e+000  1.676782e+000 -1.105031e+000  1.972512e+000 -9.879363e-001 -1.093210e+000 -1.462655e+000 -5.400020e-001  3.791150e-001 -1.118501e+000  8.578625e-001 -2.492026e-001 -3.685774e-001  7.758617e-001
-2.398648e+001  6.526056e+000 -1.111282e+001  3.751059e+000 -9.967682e+000  5.297264e-001  4.643323e-001 -1.528825e+000 -2.509414e+000 -3.838614e+000  2.967648e+000 -6.104931e-001  5.717588e+001  5.605751e+000 -9.610896e-001  3.206365e+000 -1.989750e+000 -3.085055e+000 -3.071445e+000 -2.229229e+000 -2.045972e-001 -2.161405e+000  1.077633e-001  8.190123e-001 -7.807730e-001  2.784053e+000  1.032812e+000 -1.910724e+000  2.433362e+000 -1.260398e+000 -8.519049e-001 -1.622507e+000 -7.464448e-001 -4.499632e-002 -9.989352e-001  1.336313e+000 -9.518758e-001 -5.079544e-002  3.993852e-001
-1.520789e+001  5.999275e+000 -8.615417e+000 -1.747601e+000 -1.781192e+001  4.406227e-001 -3.783354e+000 -1.528904e+000  2.318150e-002 -2.353781e+000  5.171649e+000 -3.153542e+000  6.235146e+001  6.265960e+000 -4.348238e+000  6.941163e+000 -4.673648e+000 -3.779871e+000 -5.166585e+000 -3.369011e+000  3.486499e-001 -3.510028e+000  2.276376e+000 -6.477882e-001 -9.641777e-002  2.904023e+000 -3.491281e-001 -1.661291e+000  1.684609e+000 -9.685817e-001  1.105618e-001 -1.032361e+000 -2.386940e-001 -3.208061e-001 -7.573783e-001  1.357114e+000 -1.210907e+000  4.679226e-001 -1.827942e-001
-7.358863e+000 -4.910002e-001  4.039820e+000 -6.315706e-001 -2.353088e+001 -1.281560e+001 -1.013610e+001 -1.001990e+001 -6.435250e+000 -3.183632e+000  1.384836e+000 -3.104840e+000  6.344856e+001  4.632921e+000 -5.680739e+000  7.549146e+000 -5.677056e+000 -3.015548e+000 -5.380826e+000 -3.605112e+000 -1.146601e+000 -3.782741e+000  4.001952e+000 -2.457518e+000  1.524830e+000  2.244009e+000 -1.587218e+000 -4.040536e-001 -3.122786e-001 -4.485650e-001  8.710483e-001  5.581589e-001  7.713960e-001 -1.576838e-001 -1.511578e-001  7.840275e-001 -8.988096e-001  4.791404e-001 -5.281976e-001
-4.419397e+000 -1.184069e+001  1.471205e+001 -1.414644e+001 -2.189071e+001 -1.638459e+001 -1.390289e+001 -3.462576e+000 -1.425566e+001  8.266635e+000 -3.529828e+000  3.176330e+000  6.560312e+001  1.861549e+000 -5.024482e+000  5.916021e+000 -5.046358e+000 -9.378945e-001 -3.696347e+000 -1.392393e+000 -5.887213e-001 -3.785130e+000  4.258802e+000 -2.905172e+000  1.988965e+000  1.421510e+000 -1.815768e+000  1.267998e+000 -1.917112e+000  1.047582e+000  9.153417e-001  1.328883e+000  1.388762e+000 -4.769613e-001  3.445373e-001 -2.629722e-001 -3.955905e-001 -2.180635e-001 -7.744779e-001
-6.216120e+000 -1.295766e+001  1.496917e+001 -1.843480e+001 -2.300603e+001 -1.796180e+001 -1.250146e+001 -6.294993e+000 -1.428370e+001  1.086094e+001 -4.969205e+000  3.848720e+000  6.677010e+001 -1.281347e-001 -2.643236e+000  2.157543e+000 -4.046220e+000 -1.508017e-001 -1.015769e+000  6.394418e-001 -5.243309e-001 -2.779643e+000  3.036687e+000 -2.546344e+000  5.722374e-001  8.843216e-001 -1.146584e+000  2.065454e+000 -2.066457e+000  1.863311e+000  6.227345e-001  1.050203e+000  1.249730e+000 -5.905854e-001  3.932536e-001 -8.394945e-001 -1.204859e-001 -7.459895e-001 -9.414392e-001
-6.471513e+000 -1.288981e+001  1.550001e+001 -1.807777e+001 -2.276382e+001 -1.546801e+001 -9.562640e+000 -6.334966e+000 -1.497824e+001  1.191795e+001 -6.177190e+000  3.314504e+000  6.779824e+001 -4.323524e-001  4.729994e-001  5.140257e-002 -2.511539e-001 -6.355351e-001 -7.046989e-001  1.452522e+000 -2.347291e+000 -2.288890e+000  1.444147e+000 -2.581328e+000 -7.104393e-001 -2.885231e-001 -3.105993e-001  1.780022e+000 -1.661815e+000  2.127427e+000  6.049399e-001  4.799794e-001  9.314778e-001 -4.335344e-001  7.675129e-001 -1.329507e+000  3.498850e-001 -8.383362e-001 -9.196714e-001
-6.973479e+000 -1.318262e+001  1.443356e+001 -1.889701e+001 -2.384833e+001 -1.835274e+001 -9.109012e+000 -1.120536e+001 -1.997217e+001  1.017415e+001 -1.002320e+001 -3.127396e-001  6.677261e+001  4.695077e-002  1.897791e+000  1.491692e-001  1.241899e+000 -5.305538e-002 -1.625636e+000  1.221081e+000 -3.220242e+000 -2.564593e+000  1.211807e+000 -3.221870e+000 -8.554156e-001 -1.608170e+000  1.047094e-001  8.264960e-001 -9.502227e-001  2.104652e+000  1.089458e+000  5.979827e-001  1.177968e+000  5.552753e-001  1.310496e+000 -1.386014e+000  1.110040e+000 -4.602926e-001 -1.197090e+000
-6.202479e+000 -9.363214e+000  1.523687e+001 -1.517111e+001 -2.464724e+001 -1.971261e+001 -8.336507e+000 -1.274385e+001 -2.285587e+001  1.583076e+001 -1.390947e+001  1.704864e+000  6.415925e+001  2.210101e-001  1.605116e+000 -1.388869e+000  2.946715e+000  2.037932e+000 -9.915167e-001  2.974176e+000 -1.408437e+000 -5.509090e-002 -1.476295e+000 -8.179837e-001 -1.488889e+000 -1.930601e+000 -3.838283e-001 -8.736552e-002 -7.828805e-001  1.347059e+000  1.684785e+000  5.063188e-001  7.650754e-001  1.823209e+000  2.049987e+000 -1.567936e+000  2.338535e+000  4.091418e-003 -1.448489e+000
-6.115883e+000 -5.231996e+000  1.584659e+001 -1.367864e+001 -2.232960e+001 -2.396768e+001 -7.009118e+000 -1.919176e+001 -2.316785e+001  1.496356e+001 -1.721241e+001  3.764617e-001  6.054874e+001  6.873117e-002  9.231861e-001 -1.873435e+000  4.878108e+000  3.959753e+000  2.117553e+000  5.768453e+000  1.782619e+000  2.655938e+000 -2.433159e+000  2.122183e+000 -1.340000e+000 -4.280090e+000 -1.184525e+000 -6.207606e-001 -7.480147e-001  6.881410e-001  1.477530e+000 -1.984440e-002 -2.043936e-001  2.304661e+000  2.217607e+000 -1.217323e+000  3.105367e+000  5.357181e-001 -1.305300e+000
-5.795261e+000 -8.839540e+000  7.849152e+000 -5.953382e+000 -1.333353e+001 -1.761812e+001  4.258294e+000 -9.383953e+000 -1.365586e+001  2.141766e+000 -6.672503e+000 -4.474544e+000  6.125717e+001 -2.362384e+000  5.234744e-001 -2.851698e+000  4.666035e+000  5.781985e+000 -4.469938e-002  3.004213e+000  4.267322e+000  5.350780e+000 -4.573050e+000  6.439319e+000 -4.476898e-001 -6.195009e+000 -1.239706e+000 -2.058900e-001 -2.292846e-001 -4.088884e-001  1.289781e-001 -3.772226e-001 -1.617238e+000  1.367812e+000  1.112179e+000  1.442887e-001  1.928535e+000  1.254508e+000 -1.117837e+000
-6.833432e+000 -8.828528e+000  8.760248e+000  8.846662e-001 -9.706420e+000 -8.812215e+000  1.343585e+001 -3.972216e+000 -1.129249e+001  4.852853e+000 -3.030770e+000 -3.923038e+000  4.682320e+001 -4.583975e+000 -6.651911e-001 -2.859490e+000  3.822944e+000  5.462570e+000 -2.198267e+000  1.840950e-001  5.465183e+000  5.820504e+000 -3.326431e+000  8.676315e+000  1.302575e+000 -6.002467e+000 -3.816494e-002 -6.014921e-002 -3.554355e-001 -1.285145e+000 -1.081101e+000 -4.458587e-003 -2.136092e+000 -2.828202e-001 -3.127362e-001  8.909109e-001 -5.050073e-001  9.137175e-001  4.501496e-001
-1.765563e+001 -4.947575e+000  4.521554e+000  8.774151e-001 -2.048900e+000 -2.751384e+001 -3.537927e+000  9.829879e-001 -2.039651e+000 -1.979132e+000  1.119630e+001  1.616164e+000  4.004697e+001 -3.651169e+000  1.369854e+000 -2.042264e+000  1.429855e+000  1.931414e+000 -7.197198e-001 -2.319834e+000  3.589339e+000  3.923519e+000 -3.082154e-001  5.547626e+000  3.462360e+000 -6.658597e+000  1.815388e+000 -3.939610e-001 -7.287148e-001 -1.277942e+000 -1.867573e+000  1.471897e+000 -1.020266e+000 -1.625180e+000 -1.103656e+000  1.482024e+000 -2.642299e+000  1.554132e-001  2.472362e+000
-2.310557e+001 -1.050393e+001  3.212936e+000  2.020684e+000 -6.590576e-001 -3.001115e+001 -2.190533e+000  2.950683e+000  1.265641e-001  3.918554e-001  1.723476e+001  3.843983e+000  4.114150e+001  5.222988e-001  1.992501e-001 -4.055329e+000  7.047515e-002  4.795356e-001  2.432770e+000 -2.249985e+000  7.075093e-001  1.805887e+000 -1.110221e-001  4.299278e-002  1.273562e+000 -1.797548e+000  2.529110e+000 -3.026792e-001 -1.046883e+000 -6.672587e-001 -1.463165e+000  1.521398e+000 -3.247017e-001 -1.979140e+000 -9.798591e-001  7.440557e-001 -3.111509e+000 -8.224264e-001  3.650962e+000
-1.591504e+001 -1.152565e+000  4.114878e-001  6.278838e-001 -8.200139e+000 -1.061725e+001  4.723185e-001  5.101292e+000  2.522106e-001  2.831188e+000  1.093287e+001  8.953747e+000  3.080503e+001  4.161419e+000 -1.878551e+000 -5.897352e+000  1.525580e-001 -1.064364e+000  4.999269e+000 -8.800760e-001 -1.479741e+000  1.839809e+000  1.229367e+000 -2.455515e+000  3.438829e-001  4.064339e+000  8.987437e-001 -1.047586e-001 -4.484796e-001  2.766176e-001 -2.192095e-001  9.687031e-003  1.189000e-001 -1.073262e+000 -3.451658e-001 -1.325973e-001 -1.645390e+000 -1.434810e+000  3.696652e+000
-5.092234e+000 -9.729783e+000 -9.461364e+000  1.361808e+000 -4.233122e+000 -5.096657e+000  1.808015e-001 -2.493821e+000 -3.408984e+000  1.892583e+000 -2.684088e+000 -1.224019e+000  4.245643e+001  4.155280e+000 -5.543842e-001 -6.166362e+000  1.125299e+000 -3.553632e-001  2.549227e+000 -2.159292e+000 -1.895979e+000  1.963063e+000 -3.749439e-001 -2.879656e+000 -1.250318e+000  6.890876e+000 -1.853338e+000  1.148349e+000  1.039375e+000  4.138837e-001  1.155435e-001 -7.710743e-001  5.571401e-001  2.987878e-001 -3.778086e-001 -7.282277e-001  1.689034e-001 -5.100994e-001  1.068065e+000
-5.855202e+000 -1.472740e+001 -1.862806e+001  1.969643e+000 -5.583689e+000 -1.497475e+001 -9.123974e+000 -3.693466e+000  8.927169e+000  3.417341e+000  8.878149e+000  5.869580e+000  5.971120e+001 -9.739413e-001  1.222879e+000 -3.229145e+000  2.285531e+000  1.252816e+000 -7.295131e-001 -1.770680e+000 -4.752279e-001  2.119102e+000 -8.392410e-001 -1.217998e+000 -2.449749e+000  7.480451e+000 -3.275674e+000  1.998414e+000  2.169541e+000  1.091487e-001  3.135022e-001 -3.415260e-001  1.165291e+000  9.510775e-001 -1.156008e+000 -1.069492e+000  2.881841e-001  5.373297e-002 -1.868164e+000
-7.359089e+000 -6.488434e+000 -1.809910e+001  6.976301e+000 -3.744099e+000 -1.508627e+001 -8.188848e+000 -2.131833e+000  5.604402e+000 -1.775940e+000  3.863837e+000 -8.655240e-001  6.114280e+001 -6.176710e+000  4.390278e+000 -1.925564e-001  1.073407e+000 -1.013370e-001  1.441790e+000  9.810174e-001  1.699192e+000 -2.228021e-001 -2.717857e+000  2.687511e-001  1.198812e-001  1.834719e+000 -2.495252e+000  1.474736e+000  2.054267e+000 -3.885270e-001 -5.798001e-002  5.512408e-001  1.574851e+000  7.342004e-001 -1.378644e+000 -3.385366e-001  2.099009e-001  8.041039e-001 -3.020903e+000
-1.965131e+001  3.341154e+000 -1.141537e+001  9.248291e+000 -2.180571e+000 -9.270015e+000 -4.196256e+000  2.544158e+000  6.341026e+000  4.692446e-001  1.568914e+000 -3.474245e+000  5.886410e+001 -7.050958e+000  5.641190e+000  1.963452e+000  7.242475e-001  3.761336e-001  3.845357e+000  3.376224e+000  1.478061e+000 -2.847299e+000 -2.946639e+000 -2.588799e+000 -7.255200e-002 -2.748404e+000 -9.882961e-002  4.023340e-001  9.807674e-001 -5.269201e-001 -3.572711e-001  3.762486e-001  8.603717e-001  2.883779e-002 -9.962209e-001  4.639040e-001  1.883888e-001  6.951441e-001 -2.433850e+000
-2.907773e+001  3.187329e+000 -1.403049e+001  3.089520e+000 -6.441366e+000 -7.400760e-001  2.622030e+000  2.883325e+000 -3.229923e+000 -1.022265e+001  2.314286e+000  4.047300e+000  5.205358e+001 -5.282472e+000  4.610143e+000  1.508676e+000 -3.669434e-002 -2.069222e-001  3.017996e+000  3.141509e+000  7.983783e-001 -2.446954e+000 -1.013928e+000 -1.144751e+000  1.581603e+000 -3.099209e+000  1.830377e+000 -7.534443e-001  1.656855e-001 -1.824578e-001  1.576138e-001 -1.068116e+000 -2.388093e-001 -5.813952e-001 -1.605209e-001  1.466554e+000  4.740163e-001 -2.014146e-001 -3.898804e-001
-3.025068e+001  8.640662e+000 -1.084510e+001  7.534271e+000 -2.354387e+000 -2.921058e+000  2.351707e+000  1.189260e+000 -8.921636e-001 -7.092497e+000 -3.291070e+000  3.050408e+000  5.051379e+001 -1.915208e+000  3.124617e+000  8.240760e-001  2.059809e-001 -4.807470e-001  3.636267e-001  1.450933e+000  1.193677e-001 -1.749927e+000  6.283148e-001  4.306973e-001  2.951109e-001 -2.221835e+000  2.166519e+000 -1.529361e+000 -2.648526e-001 -2.605336e-001  6.020583e-002 -1.730500e+000 -6.868225e-001 -5.585983e-001  3.217971e-001  1.172904e+000  1.017321e+000 -4.226061e-001  9.651671e-001
-2.847177e+001  1.391253e+001 -1.084086e+001  7.649839e+000 -4.691802e+000 -3.170765e+000  4.244713e+000  2.537508e+000 -3.013775e+000 -3.064710e+000  5.700716e-001  3.780163e+000  4.982190e+001  4.073019e-001  1.881343e+000  1.205559e+000  4.202517e-001  1.115172e+000 -2.157926e+000  7.496163e-001 -5.284377e-001 -1.574093e+000  2.827436e+000  1.129085e+000 -1.071023e+000 -3.779667e-001  1.914550e+000 -1.859468e+000  1.885198e-002 -4.277363e-001 -6.273611e-001 -1.317885e+000 -7.024078e-001 -5.489311e-001  3.178158e-001  1.441326e-001  8.302492e-001 -5.208045e-001  1.326682e+000
-2.953033e+001  1.360164e+001 -8.889806e+000  7.998036e+000 -5.459088e+000 -6.236537e+000  2.247068e+000  3.313906e+000 -2.516681e+000  3.184762e-002  4.594507e+000 -1.865122e+000  4.887076e+001  9.367477e-001 -6.412181e-001  7.907473e-001 -8.068937e-001  1.611558e-002 -2.219183e+000  1.138058e+000 -6.515225e-001 -1.674744e+000  9.972017e-001  1.360886e+000 -8.592693e-001  7.168102e-001  1.678745e+000 -1.890165e+000  4.537821e-001 -4.846870e-001 -1.587780e+000 -6.512462e-001 -7.076237e-001 -3.063332e-001  5.266186e-001 -6.520501e-001  1.017476e+000  2.321973e-001  7.846657e-001
-2.740139e+001  1.011356e+001 -8.980345e+000  4.958896e+000  6.868454e-001 -9.871968e+000  6.422431e+000 -8.211860e-001 -1.028813e+001  3.523568e-001  4.016920e+000  1.149948e+000  5.098526e+001  2.864298e+000 -2.804282e+000  1.619600e+000 -1.668938e+000 -3.592159e+000 -2.280023e+000 -2.140925e-001 -1.560832e+000 -8.954668e-001 -4.777085e-001  2.541400e+000 -4.452295e-001  2.064878e+000  1.454901e+000 -1.445506e+000  5.657088e-001 -1.770935e-001 -2.107824e+000 -1.744157e-001 -7.276943e-001  4.786673e-001  1.238902e+000 -1.927022e-001  1.435305e+000  1.006118e+000 -6.551570e-001
-2.610213e+001  7.334055e+000 -7.821624e+000  4.845274e+000 -4.963133e+000 -1.066637e+001  6.953137e+000 -3.890057e-001 -5.628710e+000 -3.815022e+000  1.789934e+000  6.916875e-002  5.351617e+001  5.250021e+000 -3.983396e+000  2.885966e+000 -1.172859e+000 -6.065982e+000 -2.831556e+000 -1.605331e+000 -8.961012e-001  5.438534e-001 -9.793636e-001  4.811921e+000  1.143200e+000  4.800705e-001  8.166013e-001 -3.433640e-001  2.847495e-001 -7.110122e-002 -6.293480e-001  9.852073e-002 -4.052103e-001  9.982902e-001  1.560945e+000  1.226935e+000  9.817280e-001  9.145007e-001 -1.974468e+000
-1.586438e+001  3.024906e+000 -3.276949e+000  8.815281e-001 -2.290057e+001 -1.235596e+001  8.212163e-001 -3.415197e+000 -5.935095e+000 -3.529818e+000  1.467936e+001  5.868698e-001  5.782359e+001  5.525171e+000 -3.675098e+000  2.986494e+000 -2.822331e-001 -6.382899e+000 -2.723818e+000 -1.517161e+000  1.987188e+000  3.511119e+000  2.852208e+000  6.580090e+000  2.958331e+000 -3.535382e+000 -6.491247e-001  7.712285e-001 -6.096691e-001 -1.784859e-001  1.917431e+000  7.363538e-001  5.473908e-002  9.505376e-001  1.181273e+000  1.850803e+000 -9.228764e-001  3.293338e-001 -2.474780e+000
-9.048732e+000 -2.771012e+000  2.688328e+000  4.172424e+000 -2.399529e+001 -1.915232e+001 -2.978978e+000  1.304050e-001 -1.973930e+000 -2.923883e+000  2.332289e+001  4.132419e+000  4.785195e+001  3.689317e+000 -1.922630e+000  1.531048e+000 -1.855752e+000 -1.735254e+000 -1.504681e+000 -2.364596e-001  2.565918e+000  3.926686e+000  5.466919e+000  4.250181e+000  2.011454e+000 -6.355401e+000 -1.906225e+000  1.369861e+000 -1.299672e+000 -4.159815e-001  3.218692e+000  1.674833e+000  2.163392e-001 -2.250189e-002  1.665859e-001  7.412595e-001 -2.964844e+000 -6.592990e-001 -1.270055e+000
-8.302233e+000 -3.209399e+000  6.971474e-001  3.884155e+000 -2.171157e+001 -1.924808e+001  3.802682e+000  8.855049e+000  5.440076e+000  1.416783e+001  2.615089e+001  1.390998e+001  3.614046e+001  3.990258e-001  2.147752e-002 -7.512865e-001 -2.219921e+000  3.829632e+000  7.383085e-001 -6.248327e-001  1.460846e+000  3.319484e+000  5.553167e+000 -1.792112e+000  7.673126e-001 -6.891285e+000 -2.051297e+000  1.189935e+000 -1.123717e+000 -2.134961e-001  2.915722e+000  2.048500e+000  3.401268e-003 -1.026661e+000 -9.944655e-001 -1.442348e+000 -3.493724e+000 -1.271588e+000  5.914792e-001
-1.143661e+001  8.380581e-001 -2.153433e+000 -5.934801e+000 -1.423391e+001 -1.474372e+001  4.280106e+000  6.305462e+000  8.317132e+000  1.467075e+001  1.730507e+001  3.464885e+000  3.258073e+001 -1.718030e+000  1.017621e+000 -1.743502e+000 -2.283922e+000  4.921213e+000  3.811546e+000 -9.697987e-001 -7.454398e-001  1.472600e+000  1.376454e+000 -5.826197e+000 -1.057786e+000 -4.192252e+000 -1.280048e+000  4.673238e-001 -3.107046e-001  6.600927e-001  9.580743e-001  1.451621e+000 -1.276236e-001 -1.211039e+000 -1.640597e+000 -2.478786e+000 -1.809325e+000 -9.119010e-001  1.608528e+000
