30 39
-1.609987e+001  2.039755e+000  1.916903e-001  1.049489e+000  5.172941e-001 -3.412913e+000 -6.019779e-001  1.757002e+000  3.067008e+000  7.396822e+000  9.683846e+000  5.285895e+000  2.903751e+001  8.121276e-001 -3.890242e+000 -1.716427e+000 -1.200672e-002 -6.796960e-002 -1.119235e-001  2.678770e-001 -1.626981e-001 -1.822961e+000 -9.768471e-001 -1.283185e+000 -5.556633e-003  5.710626e+000  4.964690e-002 -8.225908e-001 -5.661598e-001 -3.560195e-001 -8.166691e-001 -3.413798e-001 -4.420927e-001 -3.016784e-001  1.153606e-001 -7.881495e-001 -1.148485e+000 -9.674943e-001  1.439853e+000
-1.403217e+001 -5.001171e+000  6.416604e-001  2.229602e+000  2.465501e-002  1.792131e+000  2.356265e+000  4.328214e+000  2.600887e+000  4.721374e+000  2.345666e+000  3.156697e+000  3.477172e+001  8.940678e-001 -4.965491e+000 -2.380459e+000 -1.044754e+000 -2.010294e+000 -2.373200e+000 -5.286462e-001  3.168470e-002 -6.114263e-001 -1.540386e+000 -2.303828e+000 -1.837401e+000  7.838068e+000 -5.451803e-001  7.623156e-001  2.177905e-001  3.827289e-001 -3.469134e-001 -1.718022e-001 -3.516815e-001 -6.424727e-001  3.037908e-002 -2.361958e-001 -5.656652e-002 -6.190885e-001 -6.598685e-001
-1.348038e+001 -1.407393e+001 -8.085418e+000 -3.516087e+000 -7.120561e+000 -8.878353e+000 -4.354860e+000 -6.068879e-001  4.890374e-001 -1.362916e+000 -1.828798e+000 -4.869284e+000  5.441729e+001 -1.027452e-001 -1.746288e+000 -1.215371e+000 -1.904229e-001 -1.396290e+000 -7.392450e-002 -1.483615e+000 -1.427658e+000 -3.137013e-001  6.206965e-002 -9.077805e-001 -2.558046e+000  3.809947e+000 -1.001264e+000  1.980520e+000  1.227594e+000  1.138385e+000  5.987073e-001  7.337908e-001  7.282539e-002 -1.456297e-001  1.554928e-001  4.990685e-001  6.224869e-001  4.397512e-001 -2.905024e+000
-1.249385e+001 -1.385924e+001 -7.683521e+000 -2.208122e+000 -5.450348e+000 -9.038816e+000 -2.312078e+000  2.032141e+000  4.076663e+000  2.080269e+000  3.939131e-001 -4.219816e+000  5.571167e+001 -1.784467e+000  1.668191e+000  9.857686e-001  3.245043e+000  6.785001e-001  5.116092e-001 -8.005782e-001 -2.145215e+000 -1.551994e+000  1.829580e-001  1.486258e-001 -1.594060e-001 -1.149755e+000 -1.026026e+000  1.548008e+000  9.630846e-001  6.321131e-001  5.669843e-001  7.653508e-001  3.166624e-001  2.170404e-001 -9.582140e-002  2.368053e-001  7.296259e-001  1.291955e+000 -2.736613e+000
-1.738276e+001 -2.262653e+000 -1.722574e+000  2.316236e+000 -3.726656e+000  1.632938e+000 -5.685880e+000 -4.233253e+000  7.606136e-001  9.027723e+000  6.120820e+000 -3.816079e+000  3.761728e+001 -2.854923e+000  2.695518e+000  2.738429e+000  3.535018e+000  1.581169e+000  2.114626e+000  7.679699e-001  1.976031e-001 -5.752137e-001  6.568230e-001  6.030231e-001  1.354202e+000 -4.320584e+000 -3.392513e-001 -2.208610e-001 -2.149439e-001 -8.422939e-001 -3.338536e-001 -3.049101e-001  3.712860e-001  6.018549e-001  2.240092e-001  1.909780e-002  3.884994e-001  1.149423e+000 -4.772882e-001
-2.100331e+001 -2.565857e+000  2.389081e+000  1.553865e+001  1.720203e+000 -9.054691e-001 -9.811167e-001 -4.584678e+000 -5.294870e+000  4.408445e-001 -8.860139e-001  1.833065e+000  3.742296e+001 -2.859976e+000  5.536478e-001  4.580636e-001  2.530909e-001 -6.641027e-001  3.592789e-001 -7.112632e-002  3.042560e-001 -9.597771e-001 -6.537363e-001  5.888996e-001  2.666251e+000 -1.779732e+000  4.692281e-001 -1.174219e+000 -9.359315e-001 -2.160584e+000 -1.139991e+000 -7.299943e-001 -8.491840e-002  6.431414e-001  7.208390e-001  3.178098e-001  1.941053e-001 -7.522369e-002  1.127982e+000
-2.350027e+001 -6.243032e+000  5.704263e-001  5.285614e+000 -2.799989e+000 -2.371898e+000 -1.180491e+000  3.689538e+000  2.298736e+000  2.740911e+000  1.826281e+000 -1.124715e+000  4.195872e+001 -1.261247e+000 -2.293322e+000 -2.026238e+000 -2.905916e+000 -2.394257e+000 -1.522310e+000  8.089488e-003  3.568808e-001  5.102366e-001  5.759058e-001  8.145795e-001  1.776241e+000  1.738495e+000  9.590941e-001 -8.244676e-001 -6.291472e-001 -1.248968e+000 -8.317417e-001 -5.089619e-001 -2.373348e-001  1.923996e-001  6.280102e-001  3.873698e-001  1.035198e-001 -8.517112e-001  1.326275e+000
-2.373498e+001 -9.100807e+000 -6.539703e+000 -2.427356e+000 -9.234195e+000 -5.240004e+000 -4.920404e+000 -4.079743e-001 -1.491283e+000  1.954993e+000  5.485681e+000  7.765759e+000  4.464228e+001 -2.351644e-001 -1.708486e+000 -1.311555e+000 -4.337411e+000 -3.033740e+000 -1.319895e+000 -8.452300e-001  9.908531e-001  1.509476e+000  1.812466e+000  1.013374e+000 -7.465440e-001  1.460614e+000  8.306739e-001  1.000541e-001  3.662961e-001  3.541215e-001  3.677124e-001  5.437812e-001  2.053964e-001  3.847986e-001  5.951836e-001  2.447823e-001 -2.537033e-002 -1.110673e+000  3.402511e-001
-2.232317e+001 -1.046179e+001 -7.389371e+000 -3.230340e+000 -1.022074e+001 -3.811345e+000 -3.675789e+000 -4.537201e+000  1.410003e+000  1.115018e+001  7.007870e+000  2.098778e+000  4.270009e+001  6.281418e-001 -2.957536e-001  4.775025e-001 -4.145718e-001 -1.392720e+000  4.094032e-001 -3.165245e-002  8.163026e-001  1.330211e+000  1.360571e+000  9.083848e-001 -1.197956e+000  6.906163e-001  4.335471e-001  7.879803e-001  7.065416e-001  1.273575e+000  1.148448e+000  1.098668e+000  1.527751e-001  1.273240e-001 -2.928350e-001 -6.513292e-001 -1.521474e-001 -2.971254e-001 -2.536797e-001
-2.276769e+001 -8.998911e+000 -1.887968e-001 -1.890427e+000 -9.738121e+000 -6.785219e+000 -3.959618e+000  4.482957e+000  2.696877e+000  5.298540e+000  1.590061e+000 -3.511402e+000  4.435534e+001  3.486992e-001  5.513439e-002  1.037674e+000  7.780265e-001  6.736912e-001  2.112328e+000  9.757266e-001  1.998538e+000  1.606154e+000  1.778425e-001  4.151453e-001 -1.400014e+000  4.454624e-001  2.945853e-001  6.430877e-001  2.160094e-001  7.687697e-001  1.179952e+000  7.667757e-001 -1.703962e-001 -6.034778e-001 -9.802863e-001 -7.722598e-001 -3.583409e-001  4.917113e-001  1.180267e-003
-2.084320e+001 -7.772748e+000 -2.175144e-001  2.944291e+000 -9.511628e+000  4.477254e-001 -1.819147e+000  5.325585e+000  6.855710e+000  7.871992e+000  8.316014e+000 -1.475917e+000  4.555527e+001  6.145565e-001  7.647697e-001  3.318554e-001  9.042422e-001  1.494265e+000  2.254921e+000 -1.385132e-001  4.896585e-001 -1.002277e+000 -1.863429e+000  3.529567e-001  6.173487e-001  9.776722e-001  4.115338e-001  3.584538e-001 -1.530749e-001 -1.860597e-001  6.996806e-001 -1.291106e-001 -4.884178e-001 -8.635882e-001 -1.284192e+000 -7.505770e-001 -7.681301e-001  4.784004e-001  4.264351e-002
-2.273146e+001 -1.016965e+001 -4.937261e+000 -1.624539e+000 -6.220295e+000  3.192103e+000 -9.700920e-001  4.653324e+000  3.816633e+000  4.483299e+000  6.907335e+000  2.553037e+000  4.544200e+001  1.244555e+000  9.766908e-001 -1.586848e-001 -1.152970e+000  1.422529e+000  1.591225e+000 -1.643780e+000 -1.863214e+000 -2.225712e+000 -4.368336e-001 -5.006164e-001  8.043597e-001  1.322987e+000  1.134132e+000  5.246477e-001 -2.123315e-001 -6.785166e-001 -3.136597e-001 -1.034311e+000 -5.983716e-001 -1.147341e+000 -1.233585e+000 -6.902136e-001 -8.853393e-001 -1.280556e-001  2.421333e-002
-1.926850e+001 -6.052565e+000 -3.355862e+000  1.157927e+000 -4.508330e+000  2.474598e+000 -5.863118e+000 -2.174093e+000 -4.161261e+000  2.240655e+000  6.114017e+000  2.153301e+000  4.704512e+001  2.237883e+000  1.035737e+000  3.103075e-001 -3.793719e-001  1.731263e+000  2.440142e-002 -1.163988e+000 -1.570762e+000 -3.174815e+000 -2.084976e+000 -2.474385e+000  9.185897e-002  4.650715e-001  1.590070e+000  3.146605e-001 -2.676279e-001 -1.359360e+000 -9.063284e-001 -1.281279e+000 -9.615262e-002 -7.349448e-001 -6.667904e-001 -4.543905e-001 -8.453933e-001 -7.784740e-001  6.478291e-002
-1.733227e+001 -4.975548e+000  5.869529e-001 -6.762095e+000 -5.127123e+000  1.574715e-001 -1.015654e+001 -1.083274e+000 -2.923197e+000  5.930040e+000  1.879780e-001 -1.304212e+000  5.022535e+001  5.207697e+000  2.542889e+000 -1.320945e-002 -1.972749e+000 -1.013106e+000 -1.943968e+000 -1.503394e+000 -2.707956e+000 -3.475502e+000 -3.162452e+000 -2.597880e+000 -1.777547e+000  8.228294e-001  1.450054e+000 -1.263282e-002 -3.357965e-001 -1.595896e+000 -8.584481e-001 -9.072735e-001  2.919532e-001 -1.948246e-001 -4.275870e-001 -2.098003e-001 -3.953798e-001 -5.238495e-001  2.560187e-001
-1.235338e+001 -5.191116e+000 -1.428084e+000  3.616209e+000 -1.401898e+000  2.087048e+000 -3.045864e+000  3.400727e-001 -5.648452e+000 -3.276261e+000 -6.962297e-001  9.120025e-001  4.548895e+001  6.583334e+000  1.554973e+000 -1.079022e+000 -5.482670e+000 -1.819559e+000 -2.383876e+000 -6.894695e-001 -2.762694e+000 -3.711334e+000 -2.772572e+000 -2.825378e+000 -1.984068e+000  1.551666e+000  4.369329e-001 -5.095226e-001 -1.716003e-001 -2.100884e+000 -4.615347e-001 -2.772831e-001  7.133336e-002  7.372753e-002 -9.878004e-002  7.682557e-001  4.743404e-002 -3.908256e-002  5.914966e-001
-1.505341e-001  2.114068e+000 -5.967197e+000 -1.271743e+001 -1.283904e+001 -6.333963e+000 -9.895690e+000 -1.014354e+001 -1.281728e+001 -8.570501e+000 -2.676944e+000 -5.714049e+000  5.033423e+001  6.322098e+000  6.539086e-001 -1.143003e+000 -6.580801e+000 -1.094300e+000 -1.741004e+000 -4.212735e-001 -2.241371e+000 -4.095387e+000 -1.142037e+000 -2.302019e+000 -7.769243e-001  2.059783e+000 -1.124416e+000 -1.155048e+000  3.151776e-001 -8.955320e-001  7.656529e-001  5.231681e-001  3.828681e-001  8.055920e-001  4.598923e-001  1.172528e+000  2.683396e-001  7.261577e-001  2.960880e-001
 5.057312e+000 -1.822508e+000 -5.473895e+000 -2.327776e+001 -9.750165e+000 -6.199062e+000 -9.440887e+000 -1.145743e+001 -1.777089e+001 -4.371933e+000 -6.580412e+000 -5.562120e+000  5.474901e+001  3.865347e+000 -5.673856e-001  1.720271e-002 -8.579765e+000 -5.358138e-001 -1.463496e+000 -1.348381e+000 -1.435417e+000 -3.358773e+000  7.460949e-001 -2.385145e+000 -6.038653e-001  2.804078e+000 -1.898348e+000 -9.207051e-001  5.806205e-001  7.774816e-001  1.029603e+000  6.857195e-001  5.506638e-001  7.766834e-001  1.118805e+000  5.733908e-001  6.094551e-001  7.097117e-001 -1.488898e-001
 5.572875e+000 -3.390310e+000 -3.105156e+000 -2.621912e+001 -6.424489e+000 -4.404491e+000 -9.065391e+000 -6.391376e+000 -1.733891e+001  7.676887e-001 -8.380024e+000 -1.951772e+000  5.589424e+001  9.446129e-001 -2.171172e+000  1.014567e+000 -4.901862e+000  2.173285e+000  2.116826e-001  7.404024e-001  6.563654e-001 -1.352321e+000  9.408551e-001 -1.476299e+000  1.163140e+000  1.677063e+000 -1.781181e+000 -5.718670e-001  3.150259e-001  1.659479e+000  5.801238e-001  3.091932e-001  6.990736e-001  1.828143e-001  1.328360e+000 -3.061904e-001  6.174148e-001  1.307038e-001 -4.201207e-001
 4.111645e+000 -5.275855e+000 -2.773091e+000 -3.253177e+001 -7.288244e+000 -6.195170e+000 -1.020292e+001 -8.713095e+000 -2.018150e+001 -4.214881e+000 -9.770415e+000 -3.988462e+000  5.672934e+001 -2.196644e-001 -1.636012e+000  7.452962e-001 -2.434732e+000  1.694666e+000  6.837902e-002  1.483011e+000 -3.281453e-001  5.111597e-001 -9.470639e-001 -1.909625e-001  5.944583e-001  9.985763e-001 -1.036526e+000 -9.782511e-002 -7.304481e-002  2.214622e+000 -2.384323e-003 -1.433456e-001  8.413277e-001 -2.256959e-001  1.165676e+000 -4.537532e-001  5.536047e-001 -3.919644e-001 -4.749536e-001
 5.045363e+000 -7.015118e+000 -2.244766e+000 -3.259973e+001 -3.203577e+000 -5.277496e+000 -5.812662e+000 -8.233881e+000 -1.837358e+001 -3.944751e+000 -8.463436e+000 -6.851788e-001  5.772939e+001 -5.413023e-001 -1.671113e+000  6.807975e-002 -1.355925e+000  6.910792e-001 -9.609753e-001  1.658398e+000 -1.880935e+000  6.114479e-001 -1.826410e+000 -3.120362e-001 -7.225668e-001  8.619305e-001 -4.012623e-001  1.856442e-001 -3.316245e-001  1.645897e+000 -7.121392e-001 -8.117585e-001  1.824542e-001 -3.615546e-001  4.438709e-001  5.199596e-002  1.169607e-001 -1.079335e+000 -1.956804e-001
 4.222745e+000 -8.190165e+000 -2.177609e+000 -3.226111e+001 -2.887293e+000 -5.420664e+000 -3.652194e+000 -1.217691e+001 -1.469776e+001 -6.751032e+000 -7.493518e+000 -3.223125e+000  5.882432e+001 -5.743263e-001 -1.306541e+000  1.252221e-001  7.203773e-001  1.933677e-001 -1.593895e+000  2.399260e+000 -1.295246e+000  1.487722e+000 -1.390383e-001 -1.992529e-001 -1.620834e+000  8.368759e-001 -1.042216e-001  2.055609e-002 -1.981038e-001  1.338316e+000 -5.228254e-001 -1.026415e+000 -2.243936e-001  4.650508e-001 -1.774070e-001  7.688060e-001 -1.914998e-001 -9.868354e-001 -8.055793e-002
 2.810813e+000 -1.028872e+001 -3.062499e+000 -3.313408e+001 -5.169569e+000 -9.596621e+000 -4.048763e+000 -1.406415e+001 -1.702354e+001 -7.096286e+000 -1.107865e+001 -5.947275e+000  5.915640e+001 -8.843675e-001 -1.407687e+000 -3.335189e-001  1.750068e+000 -6.367614e-001 -3.015973e+000  1.194549e+000 -6.678573e-001  3.787521e-001  7.968222e-001 -8.873502e-001 -3.125888e+000  7.795116e-001  6.043893e-002 -1.253578e-002  6.660365e-002  1.209237e+000 -1.269749e-001 -9.995477e-001 -5.504763e-001  1.279539e+000 -1.160587e-001  6.840624e-001 -1.771955e-001 -5.138658e-001 -9.296811e-002
 2.357289e+000 -1.017176e+001 -1.738114e+000 -2.866271e+001 -5.338409e+000 -1.200508e+001  9.114287e-001 -1.227419e+001 -1.341790e+001 -3.334305e+000 -9.459071e+000 -9.461583e+000  6.020021e+001 -5.692399e-001 -1.664945e+000 -4.442344e-002  2.703850e+000 -2.555407e-001 -4.036196e+000  5.929677e-001  1.390570e+000 -2.595274e-001  1.585350e+000 -8.608047e-001 -3.138058e+000  6.369961e-001  1.532578e-001 -1.598275e-002  2.590743e-001  8.984953e-001  1.040826e-001 -6.886954e-001 -9.457776e-001  1.437134e+000  1.815327e-001 -8.307727e-002 -1.377976e-001  3.096904e-001 -1.226138e-001
 1.556254e+000 -1.306275e+001 -4.132108e+000 -2.564859e+001 -5.161825e+000 -1.706515e+001 -2.121726e+000 -1.152452e+001 -1.711975e+001 -1.669004e+000 -1.191741e+001 -1.319539e+001  6.093900e+001 -2.416509e-001 -1.554590e+000  4.859208e-001  3.698523e+000  2.806590e-001 -4.737563e+000 -1.908371e-001  3.173852e+000  9.047796e-001  7.317076e-001 -8.672380e-001 -2.533284e+000  4.970299e-001  1.774640e-001  1.567779e-001  6.291267e-001  4.895423e-001  5.555951e-002 -1.808086e-001 -7.635883e-001  1.044580e+000  5.961646e-001 -7.520299e-001  1.269700e-001  1.284466e+000 -1.534325e-001
 2.003825e+000 -1.512787e+001 -1.864921e+000 -2.248461e+001 -4.168869e+000 -2.186738e+001 -1.650874e+000 -6.493869e+000 -1.594729e+001 -1.537923e+000 -1.137816e+001 -1.528936e+001  6.111800e+001 -1.293955e-001 -1.313003e+000  1.010874e+000  4.238626e+000  2.550703e-001 -4.176577e+000 -1.636935e+000  3.969569e+000  2.132372e+000 -5.218673e-001 -8.982968e-001 -3.686838e-001  3.650478e-001  8.458294e-002  3.526257e-001  8.339639e-001 -1.630479e-001 -4.322234e-001  4.373144e-001 -7.731360e-001  1.196718e-001  2.650107e-001 -9.769700e-001  4.544924e-001  1.675999e+000 -1.960926e-001
 1.779290e+000 -1.558361e+001 -5.694909e-001 -1.773051e+001 -4.351044e+000 -2.835329e+001 -3.721797e+000 -1.085048e+000 -1.123495e+001 -4.335939e+000 -1.445530e+001 -1.569981e+001  6.118266e+001 -2.169699e-001 -7.997683e-001  2.284466e+000  3.430391e+000 -6.142693e-001 -3.849826e+000 -1.508441e+000  3.265542e+000  2.163625e+000 -1.909719e+000 -2.337542e-001  1.911754e+000  1.483234e-001  7.113540e-002  5.745713e-001  8.324332e-001 -6.486194e-001 -8.248971e-001  1.538101e+000 -6.424575e-001 -5.601003e-001 -5.251697e-001 -7.608671e-001  9.601794e-001  1.314796e+000 -4.749677e-001
 1.598794e+000 -1.547634e+001  1.534947e+000 -1.142862e+001 -4.468449e+000 -2.724390e+001 -6.473212e+000  2.353914e+000 -5.698441e+000 -4.610174e+000 -1.268161e+001 -1.005279e+001  6.190362e+001 -1.586657e-001 -2.792273e-001  3.226123e+000  2.022676e+000 -1.969193e+000 -2.293493e+000 -2.613911e+000  1.943084e+000  4.361032e-001 -1.978787e+000  1.094915e+000  3.019419e+000 -1.691135e-001  5.703211e-002  1.385454e+000  1.189099e-001 -3.673915e-001 -6.463630e-001  2.372166e+000 -2.017366e-001 -1.558420e+000 -1.248393e+000 -6.750022e-001  8.567795e-001  1.718358e-001 -1.247908e+000
 6.739210e-001 -1.688736e+001  5.590287e+000 -1.402463e+001 -8.083382e+000 -3.362602e+001 -7.252761e+000  3.792949e-001 -1.142604e+001 -9.681471e+000 -1.243446e+001 -6.254900e+000  6.128781e+001  1.286612e-001  8.013787e-001  3.540462e+000  1.563401e+000 -2.731695e+000  2.011399e+000 -2.914637e+000  1.386594e+000 -8.729345e-001 -2.344168e+000  2.937053e+000  2.346646e+000 -1.610728e+000 -2.155471e-001  1.875845e+000 -8.169896e-001  3.872649e-001 -1.757503e-004  2.923960e+000  5.147502e-001 -2.103300e+000 -6.487127e-001  3.197367e-001  3.193779e-001 -9.791452e-001 -1.796727e+000
 1.763182e+000 -1.587213e+001  1.118581e+001 -1.422417e+001 -1.214867e+001 -3.069848e+001 -1.295494e+001  2.489378e+000 -1.367123e+001 -8.759090e+000 -6.914006e+000 -4.914718e+000  6.021986e+001 -1.705047e-002  4.813694e+000  9.774249e-001  3.335163e+000 -1.918032e+000  4.753643e+000 -1.942520e+000 -2.883055e+000 -2.591314e+000 -3.679653e+000  1.800197e+000  2.730497e-001 -4.994966e+000 -7.724601e-001  1.100625e+000 -1.673761e+000  6.371101e-001  6.880522e-001  2.245760e+000  1.575042e+000 -1.865155e+000  7.775145e-001  1.830654e+000  6.170439e-002 -1.085796e+000 -1.609825e+000
 2.340402e+000 -1.137882e+001  1.230739e+001 -8.515737e+000 -1.416941e+001 -1.656900e+001 -1.505412e+001  5.780188e+000 -1.161323e+001 -1.398232e+001 -2.653837e+000 -6.535618e+000  5.397090e+001 -1.365513e+000  6.032994e+000 -6.761329e-001  4.710472e+000 -6.407288e-001  7.246409e+000  7.296154e-001 -4.837888e+000  4.337707e-001  5.393980e-001  1.010494e+000 -1.610787e+000 -6.422387e+000 -1.103647e+000 -7.336944e-001 -1.850070e+000 -6.107807e-003  9.818931e-001  5.939866e-001  1.825816e+000 -6.858358e-001  1.657116e+000  3.073791e+000  4.937389e-001  2.304075e-001 -4.248984e-001
