36 39
-5.528613e+000 -5.619272e-001  9.199874e+000  1.285978e+000 -1.972820e+001 -1.477753e+001 -2.832525e+000 -8.906603e+000 -1.068696e+001 -1.772642e+001 -4.192555e+000 -6.299526e+000  4.800878e+001 -3.857093e+000 -4.688561e-001  7.123770e-001  2.060541e+000  9.462408e-001  6.876595e+000  2.930024e+000  1.598146e+000 -1.786947e+000 -2.285176e+000  2.344408e+000  7.456727e-001 -3.876041e-001 -1.673601e-002  3.389390e-001 -4.169182e-001 -3.814371e-001  1.875805e+000  3.956859e-001 -2.872249e-001  7.194412e-001  1.015556e+000  2.192028e+000 -7.553345e-001  1.938964e-001 -1.509837e+000
-1.175761e+001  1.103790e-001  8.206950e+000  9.483472e-001 -1.093452e+001 -3.691707e+000 -4.176786e+000 -5.098987e+000 -1.460914e+001 -1.446032e+001 -7.163348e-001 -3.530548e+000  5.024645e+001 -3.141791e+000  3.422881e-001 -1.682008e-001  2.060338e+000  3.139488e+000  5.223734e+000  1.592630e+000  2.089776e+000  8.984715e-001  1.171731e+000  1.499641e+000  1.009077e+000 -3.521665e+000  6.898154e-001  4.285219e-001 -6.666728e-001 -5.667723e-001  1.098934e+000 -1.300095e+000 -4.655470e-001  2.006043e-001  1.837822e+000  2.400247e+000 -8.499434e-001 -1.030011e-001 -1.761614e+000
-1.318335e+001 -4.550196e-001  9.006661e+000  2.729638e+000 -7.281090e+000 -4.827430e-001 -2.363041e+000 -3.922120e+000 -1.331637e+001 -1.493856e+001 -2.948585e+000 -5.765366e+000  4.272875e+001 -1.859058e+000  1.253952e+000 -1.945991e+000  7.899693e-001  4.594782e+000  3.368744e+000  1.199522e+000  1.689428e+000  4.040402e+000  6.035610e+000 -4.019983e-001 -8.507290e-002 -5.580986e+000  9.022457e-001  2.862092e-001 -7.868584e-001 -6.294907e-001  1.303339e-001 -1.900238e+000 -7.134150e-001 -4.162180e-002  1.441696e+000  1.565567e+000 -4.779901e-001  5.009873e-002 -6.847522e-001
-1.227299e+001  3.934111e+000  4.729553e+000  6.368614e+000 -4.104825e+000 -5.990847e+000 -2.204674e+000 -5.663014e+000  2.946649e-001 -2.789319e-001 -2.315054e+000 -3.395464e+000  3.078728e+001 -8.143684e-001  1.094593e+000 -1.886824e+000  3.724137e-001  2.377609e+000  4.455650e-001  9.357260e-001  1.380000e+000  4.895476e+000  4.749747e+000  1.746622e-001  7.105598e-001 -5.560371e+000  6.623715e-001 -2.264217e-001 -2.477509e-001 -5.848544e-001 -6.220923e-001 -1.310830e+000 -5.122615e-001  3.805979e-002 -1.742671e-001 -3.168953e-001  1.426532e-001  1.087914e-001  9.498577e-001
-1.456621e+001  3.795966e+000  1.208617e+000  2.525691e+000 -1.691384e-001  3.215765e+000  2.179028e+000 -1.774497e-001  2.063152e+000  5.360936e+000 -5.403187e+000 -6.792432e+000  2.983344e+001 -5.095760e-001  5.860376e-001 -2.362604e+000 -2.429504e-001  1.978850e+000 -2.355125e-001 -3.085989e-001  1.744925e+000  3.423033e+000  3.753649e+000  6.169467e-001  1.145425e+000 -2.792012e+000  3.414008e-001 -5.230604e-001  3.558411e-001 -2.683468e-001 -8.909726e-001 -9.446688e-001 -6.807070e-001 -7.014114e-002 -1.300538e+000 -1.602618e+000  5.775902e-001  3.242075e-001  1.660044e+000
-1.513802e+001  3.457850e+000  2.671852e+000  2.912389e+000 -2.602446e+000 -3.313136e+000 -1.769190e+000 -7.132036e-002  2.178476e+000 -8.613360e-001  1.384277e+000  5.357844e-001  2.889225e+001 -5.046743e-001 -4.558633e-001 -1.198649e+000 -3.474745e-001  1.336993e+000  4.717131e-001 -2.146172e-001  2.252327e+000  3.358204e-001  7.282344e-001  1.703435e+000  9.377846e-001 -1.668632e-001  1.572148e-001 -4.226221e-001  4.032074e-001 -2.677467e-001 -6.408026e-001 -2.659281e-001 -2.706825e-001 -2.086136e-001 -1.497756e+000 -1.463099e+000 -1.599428e-003 -6.452326e-002  1.414989e+000
-1.429872e+001  2.713299e+000 -1.777506e+000  3.242998e+000  1.861968e+000 -2.999161e+000 -4.123777e+000  2.006655e+000  2.856884e+000  4.120889e+000 -1.713516e+000 -2.003866e+000  2.971620e+001 -3.069006e-001 -5.861219e-001 -5.108734e-001 -1.918204e-001  6.602276e-001 -1.367674e+000 -1.628841e+000  9.025591e-001 -1.824597e-001  3.327463e-002  1.721567e+000  1.422352e+000  2.247810e-002  6.558879e-002 -1.265859e-001  4.731286e-001 -1.303507e-001 -8.343123e-001 -5.591966e-002  2.889942e-001 -4.479803e-001 -8.998263e-001 -1.176230e+000 -3.028850e-001 -1.745725e-001  5.905639e-001
-1.493011e+001  2.196128e+000  2.293692e-001  4.272587e+000  1.564588e+000 -5.248190e-001 -1.263576e-001  4.506567e+000  1.576901e+000  3.982264e+000  4.357284e+000 -1.100824e+000  3.001158e+001 -1.296319e-001 -4.324377e-001 -7.966524e-001 -9.918847e-001 -1.670926e-001 -3.179948e-001  2.424348e-001  7.581148e-001 -7.905566e-001 -7.055600e-001 -3.856449e-001  2.494797e-001  1.073286e-001 -8.915941e-002 -1.319832e-001  2.756853e-001 -5.414962e-001 -1.311807e+000  2.993572e-001  1.721242e-003 -5.782049e-001 -6.772228e-001 -3.513747e-001 -6.121627e-001 -2.698588e-001  9.438118e-001
-1.620467e+001  1.496218e+000 -1.245092e-001  8.864902e-001  1.048483e+000 -5.016763e+000 -6.786596e+000  2.046402e+000  1.451641e+000  3.105509e+000  1.718143e+000  1.137634e+000  2.938617e+001 -3.691532e-001 -5.860481e-002 -1.979587e-001 -5.724989e-001 -1.440669e+000 -1.202568e-001  9.078463e-001  2.521290e-001 -5.129107e-001 -1.410605e+000  1.470615e-001  6.167147e-001  2.371159e-002 -3.409445e-001 -2.171499e-001  2.166214e-001 -5.854568e-001 -1.366234e+000  9.209574e-001  2.993526e-002 -6.003274e-001 -5.870820e-001  1.040532e-001  1.783323e-002 -3.551327e-001  1.750393e+000
-1.483321e+001  1.904202e+000 -2.137909e+000 -8.687803e-001 -3.031166e+000 -3.894309e+000  7.743930e-001  3.699380e+000 -1.071685e+000 -3.881446e+000 -2.259777e+000  2.124327e-001  2.959391e+001 -9.193451e-001 -1.379538e+000  2.332036e-002 -2.864616e+000 -4.171595e+000  1.344790e+000 -1.474355e+000 -3.134829e-001 -2.885068e+000 -3.066992e-001 -5.701266e-001 -8.690530e-003  4.551579e+000 -3.297312e-001 -2.961072e-001  1.213233e-001 -3.632572e-001 -9.754717e-001  3.248301e-001 -2.686352e-001 -9.039171e-001 -2.956462e-001  5.186574e-001  6.447218e-001 -1.888541e-001  1.941156e+000
-1.619294e+001  2.566238e+000 -1.583660e+000  2.951188e+000 -3.043501e+000 -1.915700e+000 -3.492127e-002  3.670894e+000  1.616624e+000  9.997167e-001  2.330322e+000  4.230787e-001  3.004359e+001 -1.616766e+000 -1.198321e+000  1.622470e-001 -2.182739e+000 -4.168694e+000  2.405721e+000 -6.207703e-001 -1.563279e+000 -2.070614e+000  3.541100e-001  1.902974e+000 -2.242258e-001  6.552318e+000  5.464919e-002 -4.047809e-001  1.280333e-001 -1.579170e-001 -2.350203e-001 -7.317271e-001  2.545571e-001 -5.677952e-001  3.981907e-001  2.568789e-001  3.336155e-001 -6.423985e-002  9.156629e-001
-1.953270e+001 -5.236571e+000  1.075547e+000 -1.108284e+001 -1.724740e+001  4.648602e+000 -1.087397e+001  2.126907e+000 -1.293093e+001  3.501664e+000  1.200562e+000 -7.869992e-001  5.244076e+001 -1.154481e+000 -1.343115e+000 -3.701387e-001 -2.003051e+000 -3.680439e+000  4.316667e-002 -3.364331e-001 -2.853767e+000 -1.489936e+000  1.005369e+000  1.960008e+000 -2.743204e-001  6.548803e+000  8.000551e-001 -1.094892e-001  4.746661e-001  9.695515e-001  9.990256e-001 -1.721752e+000  1.165860e+000 -1.775327e-002  1.224513e+000 -5.725576e-001 -3.005382e-001  4.455071e-002 -1.487236e+000
-2.193875e+001 -9.250010e-001 -9.200019e-001 -4.920173e+000 -1.268687e+001  2.740386e+000 -4.066266e+000 -4.983755e+000 -2.971807e+000  1.184504e+000  9.502841e+000  5.162213e-001  5.072433e+001  2.166080e-002 -2.100721e+000  6.389374e-001 -1.792866e+000 -2.861349e+000 -3.128080e+000  1.611671e+000 -1.316705e+000  7.804767e-001 -7.822450e-001  5.500718e-001  4.283304e-001  3.603414e+000  1.654355e+000 -1.540643e-001  7.028219e-001  1.132966e+000  1.180121e+000 -2.023829e+000  1.500521e-001  4.669483e-001  3.915448e-001 -1.051374e+000 -1.357703e+000 -3.460277e-001 -2.177875e+000
-1.773270e+001 -3.065755e+000 -4.320432e+000 -6.948353e+000 -1.661168e+001 -6.006519e+000  1.107900e+000 -6.242129e+000 -6.227150e+000  1.053007e+000  3.954004e+000 -1.205741e+000  5.199756e+001  2.261717e+000 -1.475784e+000  2.158306e+000  1.788205e+000  1.698603e-001 -4.497069e+000  3.238723e+000 -5.255363e-001  1.811951e+000 -2.601310e+000 -1.396367e+000 -1.122151e-001 -1.410147e+000  1.875759e+000 -5.045736e-003  6.905005e-001  1.061175e+000  1.239525e+000 -1.318781e+000 -1.405920e+000  8.391870e-001 -3.065408e-001 -8.574780e-001 -1.076960e+000 -8.421992e-001 -1.578215e+000
-1.698463e+001 -9.022773e+000  4.309016e+000 -8.080389e+000 -1.766810e+001 -1.222854e+001  2.032499e+000  1.271888e+000  2.167117e+000 -1.687180e+000  3.703959e+000  2.774101e+000  4.828226e+001  4.946907e+000 -1.902308e+000  2.412134e+000  1.586464e+000 -1.932376e-001 -5.443306e+000 -1.658088e+000 -3.926524e-001 -1.763833e+000 -3.099420e+000 -3.207356e+000 -2.035417e+000 -3.575798e-001  1.372164e+000  2.318696e-001 -8.180754e-002  3.469144e-001  1.095738e+000 -5.330929e-001 -2.397389e+000  6.231434e-001 -1.117706e+000  4.562199e-002 -4.093601e-001 -1.138959e+000 -1.264208e-001
-1.070118e+001 -8.566607e+000  9.252565e+000 -5.617061e-001 -1.390748e+001 -1.035228e+001  2.270264e+000 -3.628596e+000 -6.440638e+000 -8.069042e+000 -2.881832e+000 -2.477015e+000  4.661106e+001  5.761692e+000 -1.467550e+000  2.195765e+000  1.613162e+000  1.183133e+000 -5.393124e+000 -5.731152e+000  8.801420e-001 -1.750485e+000 -2.123433e+000 -1.546079e+000 -3.253443e+000  6.382236e-001  1.323869e-001  9.454339e-002 -7.165107e-001 -9.517633e-001  6.480775e-001 -2.101804e-001 -1.874666e+000  7.971355e-001 -8.324752e-001  9.181404e-001  2.708278e-001 -4.784541e-001  9.109031e-001
-7.199801e-001 -7.686117e+000  4.354169e+000 -1.811786e-001 -1.500516e+001 -2.230326e+001 -1.293789e+001 -8.253783e+000 -1.168423e+001 -9.751572e+000 -3.116024e+000 -9.025228e+000  5.162968e+001  5.132492e+000 -9.454897e-001  2.111697e-001  2.922729e-002  2.110704e+000 -5.345518e+000 -5.890339e+000  1.096173e+000 -3.026838e+000 -7.930732e-001 -1.421872e+000 -3.695849e+000  1.947125e+000 -1.209741e+000  1.159333e-001 -5.889257e-001 -1.095777e+000  5.113344e-001  3.761826e-001  5.904186e-001  8.019398e-001  4.591658e-002  9.699339e-001  4.617424e-001  7.009603e-001  3.960319e-001
 2.943429e+000 -1.107183e+001  6.635819e+000 -2.832150e+000 -1.202749e+001 -2.793478e+001 -2.006267e+001  2.921416e+000 -8.053901e+000 -5.531962e+000 -3.663995e-001 -1.157329e+001  5.351497e+001  2.830859e+000 -1.481477e+000 -3.237659e-001 -2.191993e+000  2.258277e+000 -5.596865e+000 -4.018482e+000  2.715729e+000 -1.718923e+000  8.362187e-001 -9.349698e-001 -1.674269e+000  1.992016e+000 -1.751612e+000  1.518236e-001 -1.205032e-001 -7.083004e-001 -3.107066e-001  9.170144e-001  2.339798e+000  4.764497e-002 -1.171277e-001  4.954280e-001  2.058285e-001  1.370448e+000 -9.245674e-002
 1.855528e+000 -1.249761e+001  6.673237e+000 -6.799031e+000 -8.054580e+000 -3.016488e+001 -1.625273e+001  3.477746e+000 -1.216044e+001 -6.921086e+000 -4.663119e+000 -1.115701e+001  5.456593e+001  3.636159e-001 -1.315679e+000  7.272710e-001 -1.989845e+000  1.825862e+000 -3.460522e+000  4.376703e-001  2.699253e+000 -1.550031e+000  2.704233e-001 -1.204199e+000  6.797978e-001  9.456837e-001 -1.505092e+000  2.563558e-001  5.697496e-001 -3.129325e-002 -9.906620e-001  1.576807e+000  2.677350e+000 -6.765079e-001 -2.126708e-001  2.666050e-001  6.261631e-001  1.182947e+000 -3.828862e-001
 2.165365e+000 -1.356824e+001  6.474202e+000 -8.212744e+000 -6.091380e+000 -3.440580e+001 -1.616473e+001  4.084283e+000 -1.479715e+001 -5.303192e+000 -6.783134e+000 -9.782472e+000  5.510302e+001 -6.119289e-001 -5.233375e-001  1.335199e+000 -9.188041e-001 -2.279795e-001 -1.750550e+000  2.803833e+000  3.168268e-001 -3.074526e+000 -1.780412e-001 -6.257732e-001  1.410975e+000  6.766605e-001 -8.593026e-001  5.242053e-001  7.660021e-001  1.667532e-001 -1.189323e+000  2.229514e+000  2.106560e+000 -1.542054e+000 -4.321502e-001  3.400048e-001  7.614272e-001  2.573009e-001 -3.170985e-001
 1.487131e+000 -1.301631e+001  8.071333e+000 -7.440107e+000 -8.843898e+000 -3.637037e+001 -1.269851e+001  4.661048e+000 -1.606276e+001 -8.513841e+000 -5.928651e+000 -6.521647e+000  5.556408e+001 -6.715726e-001 -1.427802e-001  2.230435e+000 -7.638333e-001 -1.599478e+000  6.153584e-001  4.085255e+000 -1.086916e+000 -3.412390e+000  1.047082e+000  1.554345e+000  6.762643e-001  6.903717e-001 -2.686992e-001  6.250738e-001  5.297906e-001 -3.470258e-001 -9.490376e-001  2.480088e+000  6.619228e-001 -1.684559e+000 -6.050963e-002  7.570357e-001  5.226498e-001 -5.799245e-001 -1.760934e-001
 6.798243e-002 -1.342917e+001  1.261277e+001 -7.105632e+000 -1.277272e+001 -3.358478e+001 -7.820616e+000  3.913899e+000 -2.147537e+001 -5.625791e+000 -2.862499e+000 -6.836097e+000  5.639920e+001 -9.480596e-001  5.531009e-001  2.754663e+000 -1.971232e+000 -1.975668e+000  3.512763e+000  4.690528e+000 -3.101456e+000 -2.948495e+000  2.147913e+000  1.492894e+000 -3.859980e-001  5.341797e-001 -2.423267e-002  6.681383e-001  3.062538e-001 -9.606147e-001 -2.275255e-001  2.303645e+000 -6.976051e-001 -1.104593e+000  8.834949e-001  5.616387e-001 -3.724673e-001 -5.191749e-001 -2.693099e-001
-4.536440e-001 -1.328104e+001  1.475613e+001 -1.117175e+001 -1.271130e+001 -2.749860e+001  1.488448e-003 -1.871640e+000 -2.588328e+001 -1.524378e+000  1.148287e+000 -9.248874e+000  5.736970e+001 -8.118149e-001  1.271471e+000  2.666492e+000 -3.198760e+000 -2.045481e+000  6.308264e+000  2.803936e+000 -4.014401e+000 -1.915595e+000  2.892625e+000  3.497165e-001 -1.321339e+000  1.364571e-001  1.234512e-002  6.528668e-001  1.881323e-002 -9.612378e-001  2.276714e-001  1.364610e+000 -1.829384e+000 -2.918001e-001  1.404733e+000 -2.522500e-001 -1.275486e+000  5.130807e-002 -3.626069e-001
-1.604546e+000 -1.067037e+001  1.690512e+001 -1.620308e+001 -1.403602e+001 -2.127787e+001  9.379169e-001 -8.156654e+000 -2.462936e+001  1.941645e+000 -2.857130e+000 -1.034885e+001  5.687111e+001 -6.629711e-001  2.110229e+000  2.648439e+000 -4.504414e+000 -1.142605e+000  6.921225e+000 -4.353363e-002 -3.742393e+000  5.945507e-001  1.707381e+000 -1.885795e+000 -1.860985e-001 -3.929318e-001  4.777137e-002  3.884829e-001 -2.941474e-001 -4.171111e-001  4.888382e-001 -4.934869e-002 -2.056929e+000  5.450338e-001  1.338027e+000 -1.006025e+000 -1.146392e+000  7.269446e-001 -2.838711e-001
-1.735679e+000 -8.038354e+000  1.925762e+001 -1.888518e+001 -1.843966e+001 -1.098250e+001 -3.058090e+000 -9.375679e+000 -2.406374e+001  2.165564e+000 -4.182754e+000 -1.137196e+001  5.601041e+001 -7.523912e-001  2.342990e+000  2.377613e+000 -4.303432e+000 -8.776518e-001  5.734179e+000 -2.694634e+000 -2.225448e+000  1.839750e+000  6.098092e-003 -3.133743e+000  8.328550e-001 -6.591069e-001  2.596566e-002  9.011739e-002 -5.998589e-001  2.595605e-001  6.638853e-001 -1.371596e+000 -1.228169e+000  7.896678e-001  9.242625e-001 -1.223538e+000 -5.095503e-001  9.826764e-001 -1.250247e-001
-2.605855e+000 -5.499374e+000  2.360422e+001 -2.577099e+001 -1.562157e+001 -7.236707e+000 -6.508495e+000 -1.104605e+001 -1.941238e+001  1.066142e+000 -9.625957e+000 -6.705044e+000  5.511418e+001 -7.389145e-001  1.959756e+000  1.428365e+000 -3.504452e+000 -1.153919e-001  3.553062e+000 -2.844834e+000 -1.270764e+000  1.863965e+000 -1.438949e+000 -2.497338e+000  2.171628e+000 -4.873939e-001  6.622739e-002 -1.934069e-001 -8.396289e-001  8.969084e-001  5.154690e-001 -1.804968e+000 -1.565765e-001  5.160828e-001  2.761711e-001 -7.853850e-001  4.031183e-001  4.878491e-001  1.067822e-002
-3.714945e+000 -4.151593e+000  2.329465e+001 -2.790496e+001 -1.630678e+001 -5.848284e+000 -9.748477e+000 -1.155418e+001 -1.929302e+001 -1.056136e+000 -1.113601e+001 -6.906501e+000  5.495263e+001 -6.440149e-001  1.797294e+000  2.772349e-001 -2.400938e+000  7.603387e-001  1.134365e+000 -1.936257e+000 -1.301877e+000  2.071010e+000 -1.651901e+000 -1.892264e+000  2.413180e+000 -4.414352e-001  1.867463e-001 -1.715094e-001 -7.938758e-001  1.160257e+000  2.452301e-001 -1.434136e+000  6.478416e-001  1.440066e-001 -7.382420e-002 -1.603529e-001  8.966762e-001 -7.934123e-002 -2.197029e-002
-4.309485e+000 -2.814973e+000  2.202843e+001 -2.921546e+001 -1.567942e+001 -6.079669e+000 -9.941059e+000 -1.342122e+001 -1.769490e+001 -3.642247e+000 -1.186719e+001 -1.723440e+000  5.496303e+001 -3.860223e-001  1.416042e+000 -4.995159e-001 -9.711187e-001  6.157441e-001  1.962934e-001 -1.205605e+000 -1.623765e+000  1.859776e+000 -1.390545e+000 -4.909431e-001  1.462984e+000 -4.483765e-001  2.486437e-001  2.271962e-002 -6.031634e-001  1.249874e+000 -2.062921e-001 -8.050956e-001  7.615633e-001 -4.594420e-002 -2.307120e-001  1.599839e-001  7.960017e-001 -7.502436e-001 -1.759420e-001
-4.103939e+000 -3.940843e-001  2.143169e+001 -2.916764e+001 -1.460904e+001 -5.889196e+000 -1.102309e+001 -1.469748e+001 -1.456743e+001 -3.739743e+000 -1.252345e+001 -1.796865e+000  5.387881e+001  4.894352e-003  1.757300e+000 -6.278254e-001  2.311855e-001 -1.706924e-002  2.418816e-001 -2.750404e-001 -1.328914e+000  1.472724e+000 -8.198685e-001  3.464408e-001  7.904706e-001 -7.884670e-001  1.686750e-001  7.035731e-002 -3.865747e-001  1.172442e+000 -3.817419e-001 -3.527093e-001  4.125258e-001  5.480628e-002 -4.210719e-001  2.125940e-001  5.947870e-001 -1.142180e+000 -2.374978e-001
-4.341470e+000 -2.979190e-001  2.203812e+001 -2.999524e+001 -1.339172e+001 -6.234784e+000 -1.189921e+001 -1.759323e+001 -1.247629e+001 -4.544777e+000 -1.138695e+001 -1.944940e+000  5.340921e+001  1.798492e-001  2.093351e+000 -1.134921e+000  1.428855e+000 -7.581485e-001 -2.617445e-002  1.323742e-001 -1.486966e+000  1.009548e+000 -1.055045e+000  3.633180e-001 -7.682352e-001 -1.193588e+000 -4.453452e-002  4.739307e-002 -2.674333e-001  1.135848e+000 -2.617014e-001  1.936455e-002  1.109340e-001  1.061497e-001 -4.373426e-001  1.719915e-001  3.526052e-001 -1.085486e+000 -2.052651e-001
-3.674481e+000  3.376378e+000  2.015067e+001 -2.635914e+001 -1.753597e+001 -4.561318e+000 -1.014460e+001 -1.611275e+001 -1.453870e+001 -4.704214e+000 -9.643929e+000 -2.843398e+000  5.178720e+001 -8.357553e-002  1.810426e+000 -1.337936e+000  2.261284e+000 -4.614244e-001 -5.179476e-001 -5.426178e-001 -1.096245e+000  3.907643e-001 -7.566805e-001  6.545405e-001 -2.182111e+000 -1.256318e+000 -3.697832e-001 -2.709588e-001 -2.386650e-001  1.302579e+000  3.118240e-003  3.581021e-001  3.038387e-002  7.317561e-002 -4.314901e-001  3.964878e-002  3.057583e-001 -9.090758e-001  1.928346e-002
-3.624968e+000  5.766551e+000  1.699433e+001 -2.347543e+001 -1.800669e+001 -6.874480e+000 -9.718433e+000 -2.014842e+001 -1.266153e+001 -8.435238e+000 -1.149037e+001 -5.041350e+000  5.004089e+001 -5.644600e-001  1.626444e+000 -1.481627e+000  3.693071e+000 -4.705853e-001  6.730307e-001 -5.171460e-001 -1.209351e+000  2.140429e-001 -5.621810e-001  1.118033e+000 -2.478154e+000 -1.240776e+000 -7.055535e-001 -5.570359e-001 -1.802335e-001  1.554649e+000  2.116230e-001  7.095823e-001  3.343694e-001  2.383252e-001 -6.146812e-001  1.302756e-001  4.149387e-001 -5.422786e-001  2.544092e-001
-4.880067e+000  5.625811e+000  1.726390e+001 -2.112112e+001 -1.460868e+001 -8.159086e+000 -1.482657e+001 -1.890110e+001 -1.252100e+001 -5.577916e+000 -9.199045e+000 -1.115921e+001  4.928138e+001 -1.471867e+000  6.359590e-001 -1.647797e+000  5.611974e+000 -1.452597e-001  1.682790e+000  2.016390e-001 -1.101844e+000 -2.869743e-001 -8.680567e-001  1.497874e+000 -2.899949e+000 -6.684555e-001 -8.170707e-001 -6.290187e-001 -4.400710e-001  1.174800e+000 -7.232647e-002  8.535906e-001  1.048933e+000  5.078707e-001 -4.279504e-001  8.685399e-002  4.401184e-001 -1.297832e-001  3.575517e-001
-6.560977e+000  6.709585e+000  1.607337e+001 -1.414890e+001 -1.720830e+001 -1.070746e+000 -1.214396e+001 -2.224581e+001 -1.241493e+001 -6.918831e+000 -6.019228e+000 -1.017780e+001  4.845824e+001 -2.653773e+000 -1.045948e-001 -1.881158e+000  7.526757e+000  1.418842e-001  2.421368e+000  1.432093e+000 -2.925406e-001 -1.724989e+000 -3.479791e-001  2.016345e+000 -3.120709e+000 -2.154736e-001 -7.671513e-001 -7.572352e-001 -8.965220e-001 -1.137293e-001  4.211140e-003  3.577425e-001  8.583136e-001  1.127208e+000  3.664419e-001  6.376991e-001  4.846401e-001  3.648963e-001  2.673433e-001
-9.565811e+000  6.084657e+000  1.237217e+001 -2.962535e+000 -1.866147e+001  9.507621e-001 -7.923647e+000 -2.057328e+001 -1.609687e+001 -9.802700e+000 -4.890126e+000 -1.477492e+001  4.923625e+001 -3.124273e+000 -4.691477e-001 -3.338525e+000  6.218440e+000 -1.129292e+000  2.875837e+000  3.727428e+000  9.847038e-001 -7.794722e-001 -4.295115e-001  2.405977e+000 -2.509749e+000  1.878853e-002 -3.732921e-001 -6.921990e-001 -1.173696e+000 -1.728296e+000  9.313782e-002 -3.301705e-001  6.464443e-002  1.198098e+000  1.124154e+000  1.300654e+000  5.960503e-001  1.143888e+000 -2.746239e-002
-1.455096e+001  5.014154e+000  1.003440e+001  5.079058e+000 -1.527087e+001  6.774374e-001 -6.009431e+000 -2.077503e+001 -1.949853e+001 -8.062741e+000 -3.563101e+000 -1.883704e+001  4.898609e+001 -3.574013e+000 -1.607178e+000 -5.118874e+000  2.821191e+000  4.248638e-002  1.865220e+000  2.011527e+000  3.383413e+000  2.292501e+000  2.407042e+000  3.087183e+000 -8.487723e-001 -2.476818e-001  1.009112e-001 -6.682960e-001 -1.011425e+000 -2.410844e+000  2.361026e-001 -7.147862e-001 -4.202618e-001  1.259139e+000  1.544506e+000  1.444091e+000  5.386235e-001  1.849318e+000 -2.387173e-001
