29 39
 9.298270e+000  1.080816e+000 -2.948379e+000 -3.327020e+001 -1.111033e+001 -5.918290e+000 -5.165943e-002 -2.533415e+000 -2.791950e+001  2.308904e+000 -4.787804e+000 -1.028913e+001  5.476577e+001  4.077331e-001  3.115409e+000  9.993115e-001  1.875977e+000 -2.566917e+000 -1.363044e+000  5.821192e-001  3.173981e+000  1.911993e+000 -2.652766e+000  3.095599e-001 -1.335898e+000 -1.900967e+000 -1.105044e-001 -4.005519e-001 -1.230360e-001  1.472790e+000  1.972717e-001 -1.002887e+000 -6.216025e-001 -1.449960e-001  2.116932e+000  7.300076e-001  1.958202e-001 -4.380189e-001  6.242095e-002
 9.850456e+000  4.051487e+000 -1.713987e+000 -3.122003e+001 -1.118596e+001 -7.815862e+000 -3.344623e+000  2.243785e-001 -2.510348e+001  4.311967e+000 -2.664660e+000 -1.509992e+001  5.260932e+001  2.880227e-001  2.479856e+000  5.522861e-001  3.428801e+000 -2.284364e+000 -2.119182e+000 -4.289286e-001  2.339768e+000  3.965977e+000 -1.578957e+000  8.138905e-001 -1.876683e+000 -1.810418e+000 -1.661879e-001 -7.099955e-001 -4.593260e-001  1.097833e+000  4.519417e-001 -4.290057e-001 -8.397755e-001 -9.015399e-001  1.223743e+000  7.142447e-001 -4.629702e-002  3.016367e-001  1.952870e-001
 9.919714e+000  7.059151e+000  1.434831e-001 -2.643607e+001 -1.682758e+001 -1.115443e+001 -1.920924e+000  4.666489e+000 -1.553366e+001 -1.612997e+000 -3.304682e+000 -1.454620e+001  5.073864e+001  2.927381e-001  1.206770e+000 -2.219130e-001  4.641335e+000 -1.357351e+000 -2.260491e+000 -1.576116e+000  9.027314e-001  4.451029e+000 -3.418503e-001  2.021360e-001 -1.066561e+000 -1.577568e+000 -1.956253e-001 -8.657771e-001 -4.770728e-001  2.359595e-001  8.328059e-001  2.907233e-001 -4.525882e-001 -1.581889e+000 -4.558294e-002  8.688799e-001 -2.969470e-001  8.890517e-001  3.622711e-001
 1.046417e+001  6.847932e+000 -1.707547e+000 -2.182053e+001 -1.596492e+001 -1.246344e+001 -4.122993e+000  2.678773e+000 -1.343714e+001  6.746688e-001 -2.416897e+000 -1.728533e+001  4.927100e+001 -5.438509e-002  3.549306e-001 -8.103272e-001  4.183761e+000 -2.255675e-001 -1.539843e+000 -2.140880e+000 -8.828241e-001  3.607079e+000 -3.497372e-001 -2.657017e-001  7.065471e-001 -1.130745e+000 -2.805654e-001 -7.594830e-001 -1.503285e-001 -7.442107e-001  8.349547e-001  5.132307e-001  3.288121e-001 -1.497239e+000 -7.735543e-001  6.799808e-001 -4.714650e-001  9.063592e-001  5.719960e-001
 1.045510e+001  5.716446e+000 -4.061164e+000 -1.476327e+001 -1.550761e+001 -1.489696e+001 -7.543052e+000  7.530452e-001 -1.149752e+001  2.418302e+000 -3.901006e+000 -1.452923e+001  4.854709e+001 -3.991894e-001 -1.510135e-001 -7.047458e-001  2.678295e+000  5.677146e-001 -1.990972e-001 -8.248461e-001 -3.124170e+000  1.863527e+000  1.077023e+000 -6.353792e-001  1.817745e+000 -4.294487e-001 -2.941616e-001 -5.260140e-001  2.897006e-001 -1.579208e+000  6.156383e-001  4.880061e-001  1.383750e+000 -7.967839e-001 -1.078423e+000  6.256366e-001 -5.928216e-001  3.601761e-001  7.637529e-001
 9.310837e+000  6.497492e+000 -3.663300e+000 -1.613762e+001 -1.297379e+001 -1.364381e+001 -1.123796e+001 -2.233020e+000 -9.086156e+000  5.476323e-001 -3.695007e+000 -1.157566e+001  4.805137e+001 -7.688406e-001 -6.386669e-001  4.206000e-002  6.892676e-001  9.278764e-001 -5.837259e-001  8.394973e-001 -3.132979e+000  1.391957e+000  1.111510e+000 -1.124677e+000  1.212960e+000  4.755016e-001 -1.322443e-001 -4.805766e-001  4.318025e-001 -1.781594e+000  4.156727e-001  3.374332e-001  1.889065e+000  3.019226e-001 -1.075516e+000  6.810076e-001 -7.627496e-001 -3.708102e-001  8.303848e-001
 8.500436e+000  6.479303e+000 -2.402369e+000 -1.588605e+001 -1.548457e+001 -1.155973e+001 -2.487671e+000 -8.498466e+000 -8.391521e+000  3.835639e+000 -5.842523e+000 -8.312304e+000  4.920121e+001 -8.208423e-001 -9.265009e-001  8.003965e-001 -1.507460e+000  1.144118e+000 -2.985194e-001  3.852445e+000 -1.956111e+000  1.664766e-001  2.055709e+000 -2.332484e+000  4.811137e-001  1.438073e+000  1.491681e-002 -4.898677e-001  2.155304e-001 -1.661026e+000  4.176665e-001  3.151165e-001  1.262276e+000  1.400984e+000 -9.721103e-001  1.142917e-001 -7.260241e-001 -7.565091e-001  6.883965e-001
 7.597304e+000  3.273169e+000 -2.326644e+000 -1.781280e+001 -1.133706e+001 -1.705068e+001 -2.453197e+000 -8.360365e+000 -8.030360e+000  5.523551e+000 -7.069523e+000 -1.432900e+001  5.132145e+001 -5.047801e-001 -1.660209e+000  5.961144e-001 -2.631332e+000  1.564594e+000  1.970344e-001  4.965798e+000  4.275913e-002 -9.219753e-001  2.565958e+000 -3.230897e+000 -4.791881e-001  2.087418e+000  1.343218e-001 -4.264552e-001 -1.334482e-001 -1.211652e+000  3.805156e-001  8.184901e-001  3.444500e-001  1.520443e+000 -8.971499e-001 -4.996175e-001 -2.500981e-001 -3.551498e-001  3.531804e-001
 7.207657e+000  2.696103e+000 -7.275091e-001 -2.146298e+001 -1.060538e+001 -1.468612e+001  7.326793e+000 -5.963838e+000 -1.119304e+001  1.020889e+001 -1.387617e+001 -1.074699e+001  5.410241e+001 -4.566356e-001 -2.089581e+000  9.587915e-002 -3.966533e+000  2.337688e+000  9.861051e-001  3.423384e+000  2.292881e+000 -1.840058e+000  9.212579e-001 -3.212389e+000 -1.118726e+000  2.206575e+000  1.116633e-001 -3.402511e-001 -4.434148e-001 -4.752305e-001  4.225830e-001  1.017489e+000 -1.071128e+000  9.663036e-001 -5.068734e-001 -1.261815e+000  7.865343e-001  4.203642e-002 -2.578776e-002
 7.433326e+000  8.804815e-002 -1.520158e+000 -2.650582e+001 -7.590410e+000 -1.109544e+001  8.683801e+000 -3.286539e+000 -1.229528e+001  1.019079e+001 -1.583267e+001 -1.275426e+001  5.603786e+001 -2.793350e-001 -2.189403e+000 -2.729223e-001 -4.139454e+000  2.233669e+000  2.866412e+000  2.776278e+000  2.344741e+000 -2.090525e+000 -8.193518e-001 -1.935215e+000  2.371308e-001  1.857152e+000  4.739302e-002 -2.227472e-001 -4.989583e-001  3.262169e-001  3.241213e-001  1.026961e+000 -1.842368e+000 -3.433870e-002 -1.050977e-001 -1.480566e+000  1.692770e+000  4.535914e-001 -2.707974e-001
 6.299247e+000 -2.376042e+000 -2.326217e+000 -3.137221e+001 -5.669455e+000 -9.606822e+000  9.060751e+000  4.290264e-001 -1.545936e+001  6.108305e+000 -1.752290e+001 -1.469331e+001  5.787589e+001 -3.752485e-001 -2.363159e+000 -9.821591e-001 -3.129551e+000  2.922496e+000  3.454239e+000 -4.084324e-001  1.724416e+000 -1.783616e+000 -2.560711e+000  9.523463e-001  3.331364e-001  1.424267e+000  2.175865e-002 -9.491841e-002 -4.299252e-001  1.149497e+000  1.341209e-001  7.638032e-001 -1.941882e+000 -8.239158e-001  3.697487e-001 -9.829911e-001  2.038708e+000  5.183558e-001 -3.102825e-001
 6.654834e+000 -5.137773e+000 -2.891902e+000 -3.355546e+001 -2.636674e+000 -5.258271e+000  1.056121e+001  1.669069e-001 -1.634983e+001  3.477084e+000 -1.492223e+001 -1.117019e+001  5.872047e+001 -3.085085e-001 -2.637156e+000 -1.359658e+000 -1.418739e+000  2.892797e+000  4.097771e+000 -2.330134e+000  1.552981e-001 -1.475685e+000 -3.095886e+000  3.150584e+000  1.062838e+000  1.124585e+000 -2.369368e-003  2.140379e-003 -2.484184e-001  1.438362e+000  5.946517e-003  1.283728e-001 -1.787036e+000 -9.458370e-001  7.801232e-001 -2.187872e-001  1.460171e+000  3.167385e-002 -2.332795e-001
 5.720660e+000 -6.506782e+000 -4.952433e+000 -3.358592e+001  1.530226e+000 -3.335093e-001  4.345924e+000  9.315214e-001 -1.808384e+001  7.621927e-001 -9.569655e+000 -9.873347e+000  5.988244e+001 -3.332555e-001 -2.340297e+000 -1.510379e+000  4.205959e-001  2.678729e+000  4.189442e+000 -3.732822e+000 -7.319765e-001 -2.987351e-001 -2.855430e+000  4.438252e+000  1.060199e+000  1.021446e+000 -2.185370e-002  1.051765e-001  1.177296e-001  1.181847e+000 -2.555346e-001 -5.518556e-001 -7.600003e-001 -8.661768e-001  1.115823e+000  5.761014e-001  1.854432e-002 -1.208333e-001 -1.415521e-001
 6.180077e+000 -1.103236e+001 -7.005340e+000 -3.249266e+001  3.273734e+000  4.756760e+000 -6.094571e-001 -2.761296e+000 -1.836146e+001 -2.615580e+000 -4.056371e+000 -9.850051e+000  6.065751e+001 -3.121783e-001 -2.190132e+000 -1.250904e+000  1.277282e+000  2.385285e+000  3.140675e+000 -4.496708e+000 -1.156247e+000  1.067650e+000 -1.765928e+000  3.622685e+000  3.196859e-002  8.921654e-001 -9.335124e-002  3.128832e-001  4.331584e-001  7.043322e-001 -3.051106e-001 -1.172901e+000  5.971930e-002 -2.937683e-001  1.230590e+000  1.046340e+000 -1.264911e+000 -1.770410e-001 -8.570661e-002
 4.870348e+000 -1.113023e+001 -7.821392e+000 -2.980063e+001  4.768985e+000  6.332871e+000 -4.018022e+000 -1.766755e+000 -1.594721e+001 -5.122514e+000 -7.645687e-001 -1.005238e+001  6.201460e+001 -4.826821e-001 -2.060788e+000 -4.478877e-001  1.431675e+000  1.898578e+000  1.173509e+000 -3.125147e+000 -1.950695e+000  2.523833e+000 -3.451829e-001  8.090174e-001  2.444042e-001  8.327168e-001 -1.084996e-001  2.649798e-001  5.878021e-001  3.177606e-001 -4.642472e-001 -1.375985e+000  5.326775e-001  1.414153e-001  9.110889e-001  1.118209e+000 -2.000782e+000 -1.719145e-002 -7.351833e-002
 5.519099e+000 -1.377671e+001 -7.711945e+000 -2.906170e+001  7.670374e+000  7.111912e+000 -7.740354e+000 -4.265193e+000 -1.207989e+001 -2.410203e+000 -1.211352e+000 -1.092083e+001  6.211522e+001 -7.005515e-001 -1.212494e+000  2.748886e-001  1.597382e+000  1.757319e+000 -2.587654e-001 -2.335375e+000 -7.041844e-001  3.265979e+000  8.806913e-001 -1.359353e+000  5.855301e-001  7.904171e-001 -1.190467e-001  2.751055e-001  5.153448e-001  2.518850e-001 -6.842052e-001 -1.211882e+000  8.448206e-001  4.017380e-001  5.532839e-001  4.683124e-001 -1.645459e+000  1.254913e-001 -5.167026e-002
 3.637738e+000 -1.543855e+001 -6.838569e+000 -2.814302e+001  8.824798e+000  4.356460e+000 -7.714362e+000 -8.070004e+000 -8.605461e+000 -1.066410e+000 -6.947078e+000 -8.115937e+000  6.331717e+001 -6.815671e-001 -1.504217e+000  6.657351e-001  1.849349e+000  6.714758e-001 -9.907649e-001 -2.150101e+000 -2.509314e-001  3.157545e+000  1.412304e+000 -3.074640e+000  6.974614e-001  7.047287e-001 -5.276283e-002  2.806567e-001  1.876694e-001  3.815985e-001 -1.021790e+000 -7.946508e-001  7.469427e-001  4.884271e-001  1.470414e-001 -3.590115e-001 -8.029379e-001  7.367235e-002 -7.432987e-002
 3.293624e+000 -1.494067e+001 -6.122309e+000 -2.533455e+001  1.003242e+001  4.451138e+000 -1.043816e+001 -3.130594e+000 -5.702440e+000 -2.401759e-001 -7.761882e+000 -7.890620e+000  6.395831e+001 -8.079695e-001 -1.092890e+000  7.690082e-001  2.327870e+000 -4.221895e-001 -1.836596e+000 -7.601284e-001  2.560663e-003  3.517214e+000 -3.031093e-001 -2.662780e+000  4.328967e-001  6.978081e-001  5.399632e-002  1.989332e-001 -1.341636e-001  5.072817e-001 -1.421548e+000 -5.141463e-001  9.580866e-001 -5.192033e-003 -2.032423e-001 -8.400236e-001 -2.686444e-001  2.528270e-001 -1.379531e-001
 2.575250e+000 -1.806934e+001 -5.287535e+000 -2.241746e+001  6.945339e+000  2.709434e+000 -1.341962e+001 -3.588711e+000 -3.348210e+000  8.539929e-001 -1.286250e+001 -8.080173e+000  6.461670e+001 -6.927873e-001 -7.173064e-001  2.433994e-001  2.974424e+000 -2.120618e+000 -2.010829e+000 -1.780566e-001  1.380680e-001  3.133422e+000 -1.548340e+000 -2.553959e+000  6.890827e-001  5.073719e-001  1.985552e-001  3.382601e-001 -2.436639e-001  6.487159e-001 -1.574570e+000 -4.927095e-002  1.112314e+000 -1.025029e-001 -3.936794e-001 -6.265408e-001  6.469999e-002  6.623769e-001 -2.081529e-001
 2.010496e+000 -1.792577e+001 -4.642421e+000 -2.028513e+001  6.499156e+000 -1.247557e+000 -8.688367e+000 -6.493036e+000  2.877557e+000 -4.885952e+000 -1.156754e+001 -8.774227e+000  6.495450e+001 -4.249598e-001 -6.112829e-001 -1.847618e-001  3.571253e+000 -3.954373e+000 -2.319465e+000  1.469036e+000 -9.246443e-001  2.261829e+000 -1.839105e+000 -2.962915e+000  1.853855e+000  1.993301e-001  3.636016e-001  3.318302e-001  5.468751e-002  3.544675e-001 -1.275416e+000  1.968478e-001  8.242149e-001  4.116317e-002 -8.594114e-001  5.373785e-001  3.926315e-002  8.413407e-001 -3.360865e-001
 8.153662e-001 -1.753253e+001 -6.361516e+000 -1.579561e+001 -1.165605e-002 -2.848340e+000 -9.479543e+000 -5.698443e+000  2.771652e+000 -6.485222e+000 -1.781404e+001 -4.228720e+000  6.535593e+001  1.197042e-001 -5.371990e-002 -7.569966e-002  4.471237e+000 -5.435281e+000 -9.956855e-001  2.296887e+000 -2.998434e-001  1.816840e+000 -9.524021e-001 -2.601072e+000  3.298867e+000 -8.679657e-002  3.488361e-001  4.681622e-001  7.230248e-001 -3.402854e-001 -1.738350e-001 -7.192476e-002  5.270095e-001  1.302939e-001 -1.176095e+000  1.402973e+000  3.342968e-001  3.459105e-001 -5.002747e-001
 2.048767e+000 -1.826549e+001 -6.509127e+000 -1.078921e+001 -6.260942e+000 -4.367298e+000 -5.063024e+000 -6.698949e+000  2.546776e+000 -5.766092e+000 -2.010069e+001 -5.470740e-001  6.458534e+001  6.037929e-001  2.344673e-001  1.201995e+000  3.351801e+000 -5.141936e+000 -1.359929e+000  2.123474e+000  4.273322e-001 -1.215524e-001  2.085814e+000 -2.442908e+000  3.334708e+000 -6.855400e-001  1.175850e-001  4.998525e-001  1.097740e+000 -1.075333e+000  1.038121e+000 -3.169435e-001 -6.297581e-002  2.588157e-001 -1.184801e+000  1.372887e+000  5.637771e-001 -3.933371e-001 -4.672225e-001
 3.154635e+000 -1.816808e+001 -4.732680e+000 -4.809236e+000 -1.385102e+001 -7.091228e-001 -3.747856e+000 -4.984972e+000  5.901382e+000 -3.467947e+000 -2.160129e+001  4.300585e+000  6.436729e+001  5.370167e-001  1.200630e+000  3.165145e+000  1.382723e+000 -2.396011e+000 -2.850221e+000  2.129771e+000  1.135493e-001 -1.555359e+000  3.504066e+000 -1.142479e+000  1.678209e+000 -1.551566e+000 -1.731141e-001  3.237887e-001  6.704174e-001 -1.392100e+000  1.474375e+000 -3.066942e-001 -4.936303e-001  9.859534e-002 -7.318391e-001  4.516779e-001  5.807427e-001 -8.122315e-001 -1.922859e-001
 3.859826e+000 -1.643566e+001  5.531375e-001 -9.019314e+000 -1.229084e+001 -9.116812e+000 -9.368383e-001 -4.713111e+000  7.049295e-001  4.034482e+000 -2.188846e+001  3.634659e+000  6.202112e+001 -4.569094e-002  1.260805e+000  3.683518e+000 -2.611542e-001 -2.834008e-001 -2.976914e+000  1.237714e+000  1.627378e-001 -1.976073e+000  2.797098e+000 -8.733267e-001  6.974982e-001 -1.404397e+000 -3.041888e-001 -2.704234e-002 -3.855273e-001 -8.174238e-001  8.401399e-001  6.709796e-001 -6.971744e-001  2.072858e-001  3.502128e-001 -1.015791e+000  5.529521e-001 -3.724929e-001  3.236284e-001
 2.594920e+000 -1.244430e+001  5.933077e+000 -9.766944e+000 -8.976759e+000 -1.472469e+001 -8.937783e-001 -6.123616e+000 -4.084222e+000  6.134820e+000 -2.263255e+001  2.071457e+000  5.888021e+001 -4.211244e-001  1.052055e+000  2.035626e+000 -6.827872e-001 -4.926731e-001 -1.720664e+000  2.716158e-001  3.254305e-001 -9.150947e-001  9.503452e-001 -4.821489e-001  5.563143e-001 -6.887974e-001 -2.166696e-001 -4.978088e-001 -1.320074e+000 -1.085653e-001 -2.709600e-001  1.724430e+000 -7.124312e-001  4.954466e-001  1.067017e+000 -1.838697e+000  5.139205e-001  3.298293e-001  7.788067e-001
 2.100170e+000 -1.482335e+001  6.575583e+000 -9.616127e+000 -1.011508e+001 -1.224409e+001 -3.014904e-001 -5.315938e+000 -2.340787e+000  3.418015e+000 -2.395169e+001  4.054981e+000  6.030690e+001 -4.380805e-001  1.735430e-001 -1.608819e-001  2.974375e-001 -1.892906e+000  1.430190e+000 -4.333195e-001  1.357820e+000  1.309379e+000 -1.716279e+000 -8.312034e-003  2.033190e+000  5.012172e-001 -7.268336e-002 -5.256569e-001 -1.298598e+000  1.786881e-001 -4.511447e-001  1.667106e+000 -3.665994e-001  5.499691e-001  7.070115e-001 -1.650833e+000  7.923937e-001  3.814326e-001  7.063334e-001
 1.928841e+000 -1.371396e+001  2.434228e+000 -7.924765e+000 -1.740227e+001 -7.748805e+000 -2.707451e+000 -3.056406e+000  2.848767e+000  1.592013e+000 -2.298042e+001  6.871995e+000  6.178042e+001 -3.501364e-001 -7.447834e-001 -1.513026e+000  5.606011e-001 -2.946059e+000  3.568375e+000 -5.968674e-001  1.993241e+000  2.137002e+000 -3.432730e+000  9.946167e-001  2.659509e+000  1.389660e+000 -4.643933e-002 -3.039140e-001 -5.365810e-001 -2.903015e-002  6.077859e-001  4.458945e-001  1.830661e-001  3.664544e-001 -4.160515e-001 -8.118134e-001  8.704559e-001 -1.514410e-001  3.237600e-001
 2.002463e+000 -1.493311e+001  1.498153e+000 -8.453216e+000 -1.754262e+001 -5.453803e+000 -2.196599e+000  5.423862e-001  3.785330e+000 -2.275507e+000 -2.175608e+001  1.140034e+001  6.307710e+001 -4.446017e-001 -4.690605e-001 -1.035147e+000  1.059222e-002 -1.312432e+000  2.714095e+000 -1.610412e-001  2.078678e+000  3.293636e-002 -3.265528e+000  2.350259e+000  1.553064e+000  1.088041e+000 -8.279449e-002  1.025307e-001  2.441968e-001 -4.442983e-001  1.541495e+000 -9.331485e-001  4.725130e-001  6.867731e-002 -1.430978e+000  2.631988e-001  6.759705e-001 -8.667999e-001 -1.365013e-001
 8.930920e-001 -1.611333e+001  9.066647e-001 -7.545394e+000 -1.999328e+001 -2.779538e-001 -2.930561e+000  9.134279e-001  3.537729e+000 -8.182070e+000 -1.875727e+001  1.169632e+001  6.444341e+001 -6.500604e-001 -1.462136e-001 -2.101464e-001 -6.845154e-001  2.256020e+000 -1.331437e-001  1.050807e+000  1.797274e+000 -2.357131e+000 -2.334097e+000  2.690845e+000  3.917255e-002  6.365906e-001 -3.856204e-002  2.977251e-001  6.122207e-001 -5.661453e-001  1.809733e+000 -1.611158e+000  5.190330e-001 -1.789230e-001 -1.301514e+000  9.027169e-001  2.062284e-001 -1.087085e+000 -3.786957e-001
