35 39
-1.835435e+001 -8.376727e+000 -1.092503e+001 -3.973628e+000 -6.823955e+000 -5.111639e+000  3.027032e+000  1.076416e+001  1.171478e+001  8.222521e+000  6.474989e-001 -1.164058e+001  4.678409e+001 -4.742490e-001  1.683280e+000 -2.785850e-001  6.964040e-001 -1.144874e+000 -2.311480e+000 -6.180458e+000 -3.434448e+000 -4.595627e-001  1.187407e-001  3.867911e+000  1.564255e+000  5.046875e+000  1.823068e+000 -4.020929e-004  5.297022e-001 -1.612684e+000  6.488442e-001  9.169840e-001  2.565222e-001 -1.077512e+000 -2.856486e+000 -8.615755e-001 -1.388198e+000  7.675062e-001  1.253822e+000
-2.034984e+001 -6.983104e+000 -9.639207e+000 -7.618761e+000 -9.708879e+000 -6.192873e+000 -1.820649e+000  3.920454e+000  2.152162e+000  3.857120e-001  2.756886e+000 -4.933640e+000  5.214227e+001  3.637608e+000  1.165907e+000 -4.653327e-001 -1.961851e+000  2.320528e-001  1.015413e-001 -4.894538e+000 -4.755240e+000 -3.219413e+000 -1.432076e+000  1.303203e+000  1.800058e+000  5.917712e+000  2.199667e+000 -1.213662e+000  4.639298e-001 -1.992467e+000  1.436403e+000  1.017521e+000  1.677494e+000 -4.285891e-002 -2.519310e+000 -2.533614e-002 -2.670650e+000 -5.472779e-001  2.806455e-001
-1.401458e+001 -6.688066e+000 -4.129251e+000 -4.356146e+000 -5.439926e+000 -9.575949e+000 -7.885691e+000  1.545125e+000 -2.484341e+000  2.498118e+000  2.245454e-001 -6.715494e+000  5.846612e+001  6.366161e+000 -2.275534e+000  3.782196e-001 -5.487753e+000  2.643535e+000  7.483389e-001 -1.407257e+000 -4.265850e+000 -6.885363e+000 -3.342238e-001 -5.490144e+000 -6.702529e-001  5.599226e+000  7.998486e-001 -1.481514e+000 -5.822082e-002 -1.457739e+000  1.044098e+000  7.616545e-001  1.881095e+000  5.385160e-001 -1.249251e+000  1.060226e-001 -2.171074e+000 -1.265560e+000 -6.594857e-001
 1.878718e+000 -1.008455e+001 -1.145000e+001 -1.417028e+001 -6.124291e-001 -1.301466e-001 -4.846764e+000 -4.334935e+000 -7.359217e+000 -8.843953e-001 -8.748072e+000 -1.212033e+001  6.424405e+001  5.822603e+000 -3.447326e+000  8.690171e-002 -5.464478e+000  3.389965e+000  1.642026e+000  2.833762e-001 -2.304329e+000 -6.283202e+000  1.380213e+000 -5.893610e+000 -2.124587e+000  4.404898e+000 -1.308300e+000 -7.928366e-001  6.863739e-002  2.447900e-001  2.730657e-001 -2.584243e-001  1.161535e+000  9.015974e-001  2.591851e-001 -6.034902e-002  6.255369e-002 -1.014122e+000 -1.334078e+000
 2.362174e+000 -1.820367e+001 -8.128532e+000 -2.813663e+001  1.845494e+000 -4.401308e+000 -2.496196e+000 -6.437400e+000 -1.795635e+001  7.186455e+000 -2.105074e+001 -1.139850e+001  6.872933e+001  2.432497e+000 -3.417676e+000 -8.458064e-001 -4.840975e+000  2.496658e+000  7.265502e-001  6.360588e-001 -1.967324e+000 -5.173925e+000 -7.572910e-001 -3.389051e+000 -2.801223e+000  2.505854e+000 -2.122309e+000  4.958034e-001  1.121101e-002  1.969090e+000 -4.392254e-001 -4.758724e-001  1.754660e-001  7.493410e-001  1.805000e+000 -6.628761e-001  2.334990e+000 -1.607753e-001 -1.507318e+000
 5.747904e-001 -1.846193e+001 -7.205058e+000 -2.305091e+001  3.598236e+000 -5.700656e-001 -3.098515e+000 -3.609931e+000 -2.152785e+001  4.942611e+000 -1.607352e+001 -1.321507e+001  6.903516e+001 -9.370617e-001 -2.227205e+000  4.898672e-001 -1.061290e+000  1.670820e+000 -1.179686e+000 -1.085210e-001 -1.396516e+000 -2.779207e+000 -1.522288e+000  5.654246e-001 -2.205065e+000  7.940056e-001 -1.547995e+000  1.007379e+000  1.898325e-001  2.174572e+000 -5.654250e-001 -5.143918e-001 -9.391230e-002  4.175350e-001  2.132067e+000 -4.880292e-001  2.067926e+000  6.618060e-001 -1.181841e+000
-1.200137e+000 -1.958776e+001 -1.048076e+001 -2.412071e+001  4.938031e+000 -5.723238e+000 -5.579521e+000 -8.653996e+000 -2.126965e+001 -4.201840e+000 -1.305798e+001 -2.017423e+001  6.859984e+001 -8.655525e-001 -4.065779e-001  2.327919e-001  2.156101e+000  1.306980e+000 -2.201673e-001 -3.339786e-001 -9.730520e-001  3.876392e-001 -2.197354e+000  2.955288e+000 -1.433891e+000 -1.319168e-001 -4.133854e-001  9.911999e-001  3.946926e-001  1.599367e+000 -3.155986e-001 -4.341862e-002  2.666154e-002  6.062769e-001  1.747669e+000  5.134994e-001  8.016393e-001  1.193506e+000 -6.187831e-001
-1.025435e+000 -2.052854e+001 -7.824556e+000 -2.148469e+001  6.195400e+000 -5.367610e+000 -3.847706e+000 -1.020922e+001 -1.959860e+001 -2.801686e+000 -9.917328e+000 -1.875778e+001  6.827882e+001 -2.683468e-001  8.401871e-002  4.967652e-001  1.909845e+000  1.157679e+000 -4.565744e-001  2.988335e-001 -7.137904e-001  1.596351e+000 -3.399013e-001  1.273848e+000  5.007774e-001 -1.854225e-001  1.911974e-001  5.490323e-001  2.224731e-002  2.695314e-001 -3.256405e-001  9.677575e-002 -4.805987e-002  5.339811e-001  6.244529e-001  5.877851e-001 -6.098592e-001  8.973526e-001 -1.701533e-001
-1.165476e+000 -1.920326e+001 -6.654824e+000 -1.813924e+001  7.081815e+000 -3.103372e+000 -3.791494e+000 -8.003016e+000 -1.698277e+001  7.183513e-002 -9.352396e+000 -1.579660e+001  6.844791e+001  3.121210e-002  3.827118e-001  1.124207e+000  1.670290e+000  1.175235e+000  1.479014e-001  5.656893e-001  7.226977e-001  1.376641e+000  1.219013e+000  2.649334e-001  1.813384e+000 -9.834747e-002  4.621850e-002 -3.105531e-002 -9.319680e-002 -6.645290e-001 -4.679917e-001 -4.067163e-001 -2.876259e-001  2.590990e-001 -5.311064e-001  2.324751e-001 -1.256014e+000  2.392567e-001  4.365767e-003
-7.842740e-001 -1.823408e+001 -6.634198e+000 -1.649241e+001  8.314739e+000 -4.162870e+000 -2.498362e+000 -7.504373e+000 -1.568953e+001  1.106267e+000 -1.155708e+001 -1.290000e+001  6.818401e+001 -4.294569e-001  1.233118e-001  1.553960e-001  5.292727e-001  1.084894e-001 -8.798413e-001 -7.986543e-001  4.255148e-001 -1.514425e-001 -2.915453e-001 -1.138694e+000  6.580612e-001 -7.354584e-002 -7.965690e-002 -2.377182e-001 -1.748437e-001 -6.143872e-001 -4.858002e-001 -3.878362e-001 -4.350778e-001  1.184970e-001 -8.322855e-001 -1.808933e-001 -9.410691e-001 -2.230318e-001  7.434995e-003
-1.164657e+000 -1.882142e+001 -5.454897e+000 -1.826540e+001  9.754538e+000 -5.586101e+000 -3.425747e+000 -6.392931e+000 -1.634098e+001 -6.075080e-002 -1.091344e+001 -1.403620e+001  6.815551e+001 -5.539050e-001 -5.815010e-001 -6.250749e-002 -4.762571e-001 -5.083832e-001 -2.042115e+000 -1.223364e+000 -2.472095e-001 -1.393996e+000 -1.059156e+000 -2.118512e+000 -3.162490e-001 -1.660263e-001 -5.298403e-002 -2.425015e-001 -1.676794e-001 -2.992679e-001 -3.757973e-001 -2.688420e-001 -1.743152e-001 -9.849159e-002 -4.911820e-001 -1.304171e-001 -6.458618e-001 -2.142864e-001 -4.264452e-003
-3.173129e+000 -2.010290e+001 -7.647539e+000 -1.877525e+001  5.401485e+000 -8.525453e+000 -8.023851e+000 -8.886687e+000 -2.067671e+001 -4.193119e+000 -1.483027e+001 -1.634767e+001  6.805730e+001 -3.740728e-001 -6.224657e-001  2.159043e-001 -8.881722e-002 -4.295129e-001 -1.300747e+000 -9.820287e-001  3.636483e-001 -1.179758e+000 -1.052830e-001 -2.239774e+000  4.504350e-001 -1.144081e-001  1.017343e-001 -7.057205e-002  6.016875e-002  8.153322e-002  1.702102e-002  1.425869e-001  2.646935e-001  2.537249e-002  1.086366e-001  3.065678e-001 -1.241316e-001  4.311275e-002 -7.859649e-003
-2.740573e+000 -2.117636e+001 -6.460690e+000 -1.937911e+001  5.996526e+000 -1.113266e+001 -7.145569e+000 -8.547907e+000 -2.145917e+001 -2.574254e+000 -1.830836e+001 -1.565401e+001  6.768114e+001 -2.614002e-001 -4.569069e-001  2.555563e-001  4.829952e-001 -4.347500e-001 -9.858554e-001 -2.141997e-001  2.611730e-001 -5.651113e-001  4.737963e-001 -2.413835e+000  8.457655e-001 -9.923859e-002  1.268883e-001  1.097691e-001  6.963254e-002  2.656637e-001  2.367681e-001  3.434817e-001  3.608159e-001  1.379233e-001  3.426937e-001  3.395345e-001  3.848910e-001  6.577146e-003  8.253633e-003
-1.866680e+000 -2.016894e+001 -5.051780e+000 -1.637965e+001  8.046181e+000 -7.893328e+000 -5.548594e+000 -4.608643e+000 -1.902923e+001  1.836603e+000 -1.905849e+001 -9.838926e+000  6.784915e+001 -6.703796e-002 -2.918455e-001  2.972078e-001  4.573126e-001  1.567779e-001 -6.950371e-001  2.023096e-002  2.981859e-001 -2.270203e-002  4.748173e-001 -1.611691e+000  2.926177e-001 -1.462379e-001  9.913663e-002  1.427396e-001  5.493829e-002  1.316410e-001  3.183905e-001  1.486131e-001  3.114161e-001  1.164206e-001  2.246922e-001  1.093029e-001  6.370980e-001 -1.975055e-001 -1.477126e-003
-3.124883e+000 -2.107293e+001 -5.474996e+000 -1.704822e+001  6.258440e+000 -1.083144e+001 -5.734375e+000 -7.226088e+000 -1.999028e+001 -7.066303e-001 -2.086851e+001 -1.306175e+001  6.776339e+001 -7.298090e-002 -1.979656e-001  2.450034e-001  5.789965e-001  3.823120e-001 -6.275617e-001  7.958560e-002  4.751379e-001 -2.590561e-001  3.484662e-001 -5.080990e-001 -2.044546e-001 -1.088432e-001  1.147630e-001  1.488073e-001  1.346622e-001  1.629148e-001  2.694762e-001  2.714624e-001  1.735360e-001  3.306039e-001  1.826385e-001  1.342233e-001  7.158312e-001 -1.571020e-002  1.318787e-002
-3.316164e+000 -2.161384e+001 -6.654347e+000 -1.765413e+001  6.054418e+000 -1.215125e+001 -8.628294e+000 -8.056667e+000 -2.152466e+001 -2.752844e+000 -2.160865e+001 -1.618071e+001  6.728498e+001  2.740076e-002 -3.823853e-002  4.958722e-001  5.213874e-001  7.539085e-001 -7.368287e-001  4.281592e-001  8.387690e-001 -2.093252e-001  5.038967e-001 -7.152557e-003 -1.198263e-002 -1.169914e-001  9.154204e-002  1.423915e-001  1.074194e-001  3.786362e-001 -3.767607e-002  3.159440e-001  2.171882e-001  3.752285e-001  1.821419e-001  1.911635e-001  5.221603e-001  1.929419e-001  3.423614e-002
-2.380736e+000 -2.144374e+001 -4.434390e+000 -1.584688e+001  8.903967e+000 -1.214151e+001 -5.207791e+000 -4.448205e+000 -2.150673e+001  1.462801e+000 -1.957377e+001 -1.350539e+001  6.741901e+001  2.651953e-001  1.603262e-001  8.295351e-001  1.265532e+000  6.140659e-001  3.923523e-001  4.495162e-001  1.643901e+000  4.413929e-001  1.130373e+000  3.630516e-001  9.195147e-001 -4.792251e-002  4.000501e-002  1.195176e-001 -4.753188e-002  4.079667e-001 -3.135888e-001  2.773485e-001  8.470977e-002  2.706411e-001  1.383781e-001  3.562466e-002  2.672338e-001  1.758449e-001  5.237770e-002
-2.101749e+000 -2.017473e+001 -3.092722e+000 -1.437338e+001  1.049296e+001 -1.092244e+001 -3.671089e+000 -1.803739e+000 -1.931763e+001  3.271371e+000 -1.974162e+001 -9.677019e+000  6.743639e+001  2.215842e-001  2.409662e-001  5.420391e-001  2.007226e+000 -1.474794e-001  3.747260e-001  9.212066e-001  1.589947e+000  5.377828e-001  1.039682e+000  5.635357e-001  6.953424e-001 -5.517578e-003 -1.013335e-001 -3.250902e-002 -3.445292e-001  1.664326e-001 -6.261836e-001 -2.991696e-002 -2.421140e-001  2.401114e-003 -2.363901e-001 -5.219532e-001  7.315603e-002 -1.407229e-001  8.553505e-002
-2.406114e+000 -2.099085e+001 -3.108133e+000 -1.236094e+001  7.109499e+000 -9.484083e+000 -5.965396e+000 -2.133046e+000 -1.888683e+001  1.933127e+000 -1.998677e+001 -1.171602e+001  6.744807e+001  2.995246e-002  2.600201e-001 -1.573944e-002  1.875911e+000 -7.349383e-001  2.034033e-001  2.566108e-001  1.452755e+000  5.928040e-002  2.586971e-001  5.427259e-001  3.211076e-001  9.730835e-002 -1.780468e-001 -1.495137e-001 -4.268545e-001 -3.141874e-001 -5.206373e-001 -4.579437e-001 -3.335439e-001 -1.848231e-001 -4.146787e-001 -1.018087e+000 -1.603422e-001 -4.457452e-002  9.655815e-002
-2.195554e+000 -2.063545e+001 -4.607280e+000 -9.360970e+000  6.214255e+000 -1.160633e+001 -3.643459e+000 -1.264512e+000 -2.014570e+001  2.210400e+000 -1.858447e+001 -1.359869e+001  6.724286e+001 -3.616453e-001 -2.506306e-001 -8.041368e-001  1.048361e+000 -1.702507e+000 -7.919390e-001 -6.859580e-001  9.463478e-001 -1.200220e+000 -1.670031e+000  2.687904e-001 -4.163937e-001  2.380684e-001 -1.905940e-001 -2.081897e-001 -1.998670e-001 -7.210908e-001 -4.057648e-001 -3.978859e-001 -4.595885e-001 -1.924942e-001 -2.675060e-001 -1.193043e+000 -4.653684e-001  4.071553e-001  9.568649e-002
-2.184071e+000 -1.991328e+001 -3.755808e+000 -8.973535e+000  7.368628e+000 -1.078255e+001 -3.938553e+000  2.545954e+000 -2.079629e+001  3.286772e+000 -1.743872e+001 -9.939016e+000  6.800231e+001 -3.334240e-001 -3.414440e-001 -6.316494e-001  1.740269e-001 -1.211607e+000 -1.314034e+000 -4.146211e-001  1.041585e+000 -7.629992e-001 -2.605208e+000 -2.912870e-001  1.252510e+000  3.130752e-001 -1.468976e-001 -1.402708e-001  1.085844e-001 -7.181233e-001 -4.685871e-001 -1.510970e-001 -1.229501e-001 -3.025675e-001  8.015064e-002 -9.176978e-001 -6.804198e-001  6.546155e-001  2.290855e-002
-4.020998e+000 -2.196667e+001 -6.789568e+000 -1.082527e+001  1.850858e+000 -1.423290e+001 -8.114301e+000  5.884991e-001 -2.436399e+001 -5.755607e+000 -1.967170e+001 -1.264749e+001  6.834961e+001 -5.496974e-001 -4.992502e-001 -1.493407e-001 -7.472860e-001 -1.937969e+000 -8.559847e-001 -1.041120e+000  8.330607e-001 -3.886076e-001 -3.493580e+000 -1.346300e+000  2.265418e+000  3.650314e-001  1.488331e-002  2.282528e-001  4.718441e-001 -2.673787e-001 -3.696588e-001  3.814250e-001  6.263874e-001 -2.716409e-001  6.791496e-001  6.959581e-003 -4.122094e-001  7.821482e-001 -7.058998e-002
-3.160512e+000 -2.203246e+001 -5.175236e+000 -1.075865e+001  3.233163e+000 -1.474097e+001 -5.803080e+000  2.148375e+000 -2.059268e+001 -7.109908e+000 -2.089959e+001 -5.929068e+000  6.846008e+001 -6.105096e-001 -3.170238e-001  1.997843e-001 -8.168823e-001 -2.960143e+000 -5.200588e-001 -1.805588e-001 -3.439361e-003  5.422764e-002 -3.418018e+000 -2.051828e+000  2.253279e+000  1.483696e-001  8.375350e-002  4.635054e-001  5.742192e-001  7.663104e-002 -5.758665e-001  7.426768e-001  8.826239e-001 -3.146803e-001  6.689324e-001  6.943946e-001  4.637580e-002  2.100998e-001 -1.601848e-001
-4.455821e+000 -2.207211e+001 -4.644269e+000 -1.220484e+001 -1.407857e+000 -1.390704e+001 -7.916795e+000  3.099581e+000 -2.219055e+001 -1.005916e+001 -2.358554e+001 -4.276571e+000  6.883913e+001 -1.486860e-001  8.784233e-001  1.139367e+000  2.069222e-001 -2.676533e+000  7.181986e-001  2.328948e+000  1.106557e-001  1.786915e+000 -1.228828e+000 -9.119860e-001  2.993963e+000 -3.252869e-002  1.927339e-001  5.995567e-001  5.910528e-001  1.813155e-001 -3.071125e-001  7.106922e-001  9.499372e-001 -2.687582e-001  6.634755e-001  1.108760e+000  6.854538e-001 -3.096936e-001 -2.302070e-001
-5.019207e+000 -2.144568e+001 -3.829535e+000 -1.236816e+001 -5.802730e+000 -1.354577e+001 -4.940100e+000  1.273216e+000 -2.161188e+001 -1.165154e+001 -2.574094e+001 -2.858080e+000  6.849940e+001 -1.151622e-001  1.287246e+000  1.595093e+000  8.007793e-002 -3.721657e+000  1.612258e+000  2.313464e+000 -1.706136e-001  1.493901e+000 -2.656106e-001 -2.765650e-001  1.938737e+000 -2.890686e-001  1.455476e-001  4.789502e-001  5.423976e-001 -1.415294e-001  7.834463e-002  2.655640e-001  3.631155e-001 -1.463850e-001  4.087605e-001  8.886434e-001  1.045090e+000 -7.817311e-001 -2.064129e-001
-3.835080e+000 -1.786794e+001 -1.765585e+000 -8.985907e+000 -7.013863e+000 -1.123951e+001  3.098947e+000  1.579357e+000 -1.491982e+001 -9.628931e+000 -2.181095e+001  7.868319e-001  6.816730e+001  1.662985e-001  1.696398e+000  2.108269e+000 -2.891885e-001 -3.092775e+000  1.631318e+000  2.461554e+000 -4.271434e-001  2.208933e+000  4.740154e-001  1.193338e+000  8.742207e-001 -5.672844e-001 -5.025891e-002  9.482549e-002  2.567377e-001 -6.531822e-001  2.006305e-001 -6.042137e-001 -4.961437e-001 -3.366177e-001 -1.542053e-001  1.691250e-001  6.755607e-001 -1.294639e+000 -1.655560e-001
-4.046693e+000 -1.769831e+001  1.360886e+000 -1.196773e+001 -1.257212e+001 -8.013442e+000  2.563706e-001  2.055419e+000 -1.675853e+001 -8.653075e+000 -2.316971e+001  1.232913e+000  6.735065e+001 -4.026377e-002  1.668740e+000  2.427321e+000 -1.276474e+000 -2.360299e+000  3.512017e-001  1.568715e+000 -4.664647e-001  1.887021e+000  1.737773e-001  2.120960e+000 -5.955052e-001 -6.163170e-001 -9.410681e-002 -8.298872e-002 -6.443610e-002 -4.890752e-001  4.133101e-001 -1.197216e+000 -6.789424e-001 -4.378513e-001 -1.344005e-001 -3.114651e-001  3.498951e-001 -1.220963e+000 -1.058306e-001
-4.110585e+000 -1.546380e+001  3.301863e+000 -1.385100e+001 -1.348703e+001 -8.516616e+000  1.792742e+000  5.727627e-001 -1.357256e+001 -9.188315e+000 -1.890446e+001 -1.950964e+000  6.657709e+001 -4.374297e-001  1.161804e+000  2.006941e+000 -2.380713e+000 -2.354060e+000 -1.672342e+000  2.206036e-001 -1.424507e+000  8.193284e-001 -6.028970e-001  1.267055e+000 -2.212110e+000 -6.966842e-001 -6.444342e-002 -1.622404e-001 -4.498354e-001  1.495618e-001  3.861487e-001 -1.135203e+000 -9.422997e-001 -2.626433e-001 -4.384137e-001 -4.799537e-001 -1.706928e-001 -7.394717e-001 -1.568862e-001
-5.082773e+000 -1.430406e+001  5.773346e+000 -1.631798e+001 -1.436764e+001 -1.315121e+001  3.556581e+000 -5.558097e-001 -1.285041e+001 -1.100296e+001 -1.658938e+001 -4.466708e+000  6.621292e+001 -2.838321e-001  1.139600e+000  1.323576e+000 -1.319536e+000 -2.024464e+000 -2.721991e+000  3.922770e-002 -1.861188e+000  1.516701e+000 -1.284480e+000  1.436052e+000 -2.622916e+000 -7.535217e-001  1.183450e-001 -8.167832e-002 -7.230225e-001  1.114298e+000  8.465267e-001 -4.439807e-001 -1.096625e+000  4.701080e-002 -5.770656e-001 -3.358542e-001 -1.702641e-001 -8.491793e-002 -3.811851e-001
-5.504189e+000 -1.375605e+001  6.062891e+000 -1.871434e+001 -1.788640e+001 -1.703233e+001  2.551860e+000 -4.237566e+000 -1.277724e+001 -1.146847e+001 -1.876584e+001 -7.423905e+000  6.525275e+001 -3.413444e-002  1.149767e+000  4.109640e-001  4.801517e-001 -1.329949e+000 -2.508102e+000 -1.485201e+000 -1.042998e+000  2.020239e-001 -1.196624e+000  6.823279e-001 -1.809432e+000 -1.283113e+000  6.382973e-002  2.102874e-001 -6.646937e-001  1.936803e+000  1.483569e+000  4.222766e-001 -1.151167e+000  2.972361e-001 -5.730273e-001 -1.026165e-001  1.408331e-001  5.251069e-001 -6.244624e-001
-4.769052e+000 -1.285419e+001  6.598252e+000 -1.613374e+001 -2.049476e+001 -1.736554e+001  7.294996e-002 -4.845356e+000 -9.572684e+000 -1.393540e+001 -1.605876e+001 -9.145196e+000  6.424521e+001  3.498137e-001  1.266367e+000 -3.898026e-001  2.864583e+000  1.360279e+000 -1.450822e+000 -3.061506e+000 -4.221651e-001 -6.896545e-001 -1.208630e+000  1.562003e+000 -1.221434e+000 -2.229028e+000 -4.816541e-001  5.234962e-001 -2.624877e-001  1.920079e+000  1.731500e+000  1.172822e+000 -8.615592e-001  1.676324e-001 -3.151340e-001  3.932143e-001  4.705209e-002  6.116928e-001 -6.768476e-001
-4.438118e+000 -1.043990e+001  4.944230e+000 -1.154237e+001 -1.707322e+001 -1.894996e+001 -3.891446e+000 -2.497456e+000 -1.420130e+001 -1.370522e+001 -1.575813e+001 -8.658881e+000  6.114538e+001 -4.351039e-001  2.149858e+000 -4.598378e-001  5.211245e+000  3.371414e+000 -1.965429e-001 -3.984862e+000 -6.578382e-001 -9.426299e-001 -1.153904e+000  1.908245e+000 -2.873161e-001 -3.081243e+000 -1.093515e+000  4.361931e-001  2.139495e-001  8.784571e-001  1.134883e+000  1.500980e+000  2.226022e-001  2.029098e-001  4.980893e-001  5.981259e-001  7.527409e-002  6.195201e-001 -2.485995e-001
-3.866740e+000 -9.630300e+000  4.383664e+000 -5.581058e+000 -7.972837e+000 -1.944650e+001 -8.529297e+000 -3.536690e+000 -1.558665e+001 -1.592774e+001 -1.028322e+001 -9.956388e+000  5.712146e+001 -2.491618e+000  3.257035e+000  4.465383e-001  5.915314e+000  4.282356e+000  1.986338e+000 -3.018737e+000 -1.215606e+000  5.133583e-001  6.602317e-001  1.058354e+000 -3.255098e-001 -3.238695e+000 -1.385601e+000 -1.718043e-001  2.815558e-001 -5.922403e-001 -2.951806e-001  1.328602e+000  1.508040e+000  5.814978e-001  1.317827e+000  9.516835e-001  7.270264e-003  5.804863e-001  4.227797e-001
-8.130864e+000 -4.618709e+000  4.870997e+000  2.065539e+000 -7.290291e+000 -1.697457e+001 -1.307133e+001 -8.181089e+000 -1.448341e+001 -1.624182e+001 -1.211239e+001 -8.454890e+000  5.340841e+001 -4.080992e+000  2.335398e+000  1.062541e+000  3.347072e+000  2.883428e+000  3.278221e+000 -3.935741e-001  3.682708e-001  2.090964e+000  8.595740e-001  1.310523e+000  8.402063e-001 -2.021277e+000 -9.851031e-001 -1.247333e+000 -3.522270e-001 -1.781914e+000 -1.210943e+000  6.389705e-001  2.023137e+000  1.107309e+000  1.747101e+000  1.301416e+000  3.861662e-001  3.337244e-001  8.645113e-001
-1.538077e+001  5.203874e-001  8.867560e+000  6.638883e+000 -3.974442e+000 -8.421543e+000 -1.043079e+001 -8.081570e+000 -6.864837e+000 -9.365937e+000 -1.258986e+001 -1.087474e+001  5.192022e+001 -4.755247e+000  3.145749e-001  2.567872e-001  8.354678e-001  1.283686e-001  3.454807e+000  2.683051e+000  1.972270e+000  4.382684e+000  2.543048e+000  1.897216e+000  1.117237e+000 -6.451126e-001 -1.165104e-003 -1.776745e+000 -1.178366e+000 -2.060259e+000 -1.418678e+000 -6.394554e-001  9.881471e-001  1.050653e+000  1.099040e+000  8.922620e-001  5.668643e-001  1.053269e-001  7.183858e-001
