71 39
-2.433361e+001 -9.831654e+000  2.268214e+000 -8.837368e-002 -3.765672e+000 -4.038242e-001 -1.970866e+000 -6.599686e-001  2.760735e+000 -1.193486e+001 -3.366182e+000 -1.414761e+000  5.202886e+001 -1.557504e+000 -2.560962e+000 -4.513208e+000 -2.197405e+000  8.547773e-002  2.637477e+000  3.253125e+000  3.540988e+000  9.972830e-001  2.234440e+000  1.250415e+000  4.916410e-001 -1.790345e+000  1.644618e+000  3.090867e-001  5.804228e-001 -1.171319e+000 -1.511154e+000 -1.346776e+000  6.192642e-002 -8.029052e-001 -1.704404e+000  2.152174e+000  3.216930e-002 -1.106538e-001  5.131760e-001
-2.330874e+001 -1.040063e+001 -9.084629e-001 -2.475793e+000 -5.071970e+000 -4.443612e+000 -3.044673e+000  3.137477e+000  2.068036e+000 -9.945050e+000 -7.169778e+000 -1.036230e+001  4.859812e+001 -1.418495e-003 -1.276728e+000 -3.681561e+000 -3.150875e+000 -3.236492e-001  2.159769e+000  2.981881e+000  2.495462e+000  4.223231e-001  2.370956e+000  6.173953e-001  6.750092e-001 -1.035553e+000  1.408677e+000  8.755487e-001  1.518149e+000  3.409672e-001 -5.194465e-001 -1.334196e+000 -8.762227e-001 -1.637347e+000 -1.099966e+000  6.100159e-001  3.569049e-001 -8.023759e-002  9.954951e-001
-2.360038e+001 -9.134671e+000 -4.923891e+000 -4.581038e+000 -5.331571e+000  1.887583e+000  7.667203e+000  5.952752e+000 -2.698512e-001 -7.065090e-001 -5.797303e+000 -6.789922e+000  4.731930e+001  2.716692e-001 -9.753710e-001 -6.378731e-001 -1.718268e+000 -7.144037e-001 -5.793897e-001  3.050590e-002 -4.382603e-001 -6.330313e-001  3.258637e+000  1.741996e+000  1.986423e-002  8.388432e-001  1.587281e+000  5.659454e-001  1.578201e+000  5.523765e-001  4.306534e-001 -1.713421e+000 -1.848260e+000 -1.950920e+000 -6.229374e-001 -7.006167e-001 -6.367176e-001 -2.698165e-001  1.540047e+000
-2.424884e+001 -1.209764e+001 -5.321147e+000 -8.740209e+000 -5.397019e+000  2.520758e+000  5.351489e+000  5.540380e+000  3.869944e-001 -5.979473e+000 -4.002385e+000 -3.898947e+000  4.983002e+001  1.662067e+000  1.105764e-001  2.065325e+000  9.052103e-001  8.843901e-001 -1.601519e+000 -1.637420e+000 -3.080661e+000 -9.505923e-001  7.786605e-001  1.775890e+000  6.758732e-001  2.343388e+000  1.925160e+000  8.886831e-002  6.156190e-001 -4.634671e-002  6.978483e-001 -1.567964e+000 -1.218195e+000 -1.185906e+000 -5.828013e-001 -7.697532e-001 -1.894681e+000 -5.864021e-001  1.466783e+000
-2.250522e+001 -1.386001e+001  1.285191e+000 -5.547508e+000 -7.175166e+000 -6.782958e+000 -6.016417e+000 -4.052722e+000  4.360990e-001  2.375535e+000  3.760101e+000 -4.547119e+000  5.560712e+001  5.547159e+000 -4.248874e-001  5.043535e-001 -1.463564e+000  1.634725e+000 -4.048983e+000 -3.678523e+000 -3.425552e+000 -1.430947e+000 -4.724951e-001 -2.512421e+000 -8.578737e-001  4.220421e+000  1.601901e+000 -2.913957e-001 -8.573725e-001 -1.026168e+000  5.860903e-001 -4.648412e-001  3.104078e-001  2.027151e-001 -5.040482e-001 -8.015714e-001 -2.876323e+000 -4.916640e-001  7.636842e-001
-1.554599e+001 -7.485081e+000  6.313621e+000  2.533493e+000  2.717782e-001 -8.115934e+000 -4.389962e+000 -7.263092e+000 -3.037900e+000 -7.592770e+000 -3.069029e+000 -8.104341e+000  5.617115e+001  6.986638e+000 -1.107629e+000 -1.174580e+000 -3.509960e+000  1.991028e+000 -3.945256e+000 -1.254579e+000 -1.940423e+000 -2.092726e+000  3.877559e-001 -6.728799e+000 -1.818132e+000  4.607574e+000  1.967493e-001 -6.682084e-001 -1.327132e+000 -1.291558e+000  1.034671e-001  4.920111e-001  1.074175e+000  1.262821e+000 -4.977226e-001  1.480550e-001 -1.884475e+000 -3.135700e-002 -2.413256e-002
-2.160095e-001 -1.356539e+001 -8.219507e+000 -1.753571e+001  7.655492e-003 -1.303899e+001 -5.854684e+000 -4.773272e+000 -5.712137e+000 -2.262336e+000 -1.882608e+001 -8.976594e+000  6.525084e+001  5.618891e+000 -1.823247e+000 -3.304783e+000 -4.641525e+000  1.662729e+000 -1.731727e+000  1.391124e+000  5.195952e-003 -2.582205e+000 -5.537682e-001 -8.387277e+000 -1.191453e+000  3.525171e+000 -1.699778e+000 -3.615875e-001 -2.262237e-001  2.846804e-001 -1.174919e-001  1.319285e+000  1.066636e+000  1.047185e+000 -3.989390e-001  1.818240e-001  5.741287e-001  6.168761e-001 -9.165701e-001
-4.602533e-001 -1.778309e+001 -6.441697e+000 -2.029591e+001  9.667099e-001 -1.407751e+001 -1.002273e+000 -3.801461e+000 -7.002517e+000 -1.721757e+000 -2.635329e+001 -1.077487e+001  6.804604e+001  2.609947e+000 -2.531286e+000 -2.665766e+000 -3.963598e+000  1.387724e+000 -3.000912e-001  1.198632e+000  1.518072e+000 -2.863576e+000  1.559572e+000 -4.709059e+000  6.858780e-001  2.570350e+000 -2.147711e+000  3.043129e-002  6.617942e-001  1.308409e+000 -5.521137e-002  1.248972e+000 -9.558316e-002  4.676372e-001 -4.483423e-002 -1.288493e-001  2.509140e+000  8.311445e-001 -1.138254e+000
-1.953635e+000 -1.782724e+001 -8.861067e+000 -1.734043e+001  7.910116e-001 -1.246081e+001 -7.546390e-001 -5.757557e+000 -1.049262e+001 -3.328812e+000 -2.653415e+001 -9.169121e+000  6.729553e+001 -7.633844e-001 -1.520996e+000  1.188280e-001  1.866564e-001  1.348918e+000  7.248605e-001  4.280519e-001  8.112313e-002 -3.040217e+000 -1.492831e-001 -6.516470e-001  9.745017e-001  6.561829e-001 -1.480992e+000  2.730095e-001  1.140679e+000  1.418213e+000  1.206891e-001  6.118316e-001 -8.032250e-001  4.669015e-002  3.671476e-001 -1.615756e-001  2.819644e+000  4.346958e-001 -8.262257e-001
-1.627437e+000 -1.801059e+001 -6.694429e+000 -1.738213e+001  6.818718e+000 -9.905479e+000 -9.468223e-001  8.194134e-001 -1.496554e+001  7.383265e-001 -2.276029e+001 -4.578687e+000  6.800055e+001 -5.607805e-001 -1.106598e+000  4.225857e-001  6.179932e-001  1.871877e+000  1.071310e+000 -1.250958e+000  3.597992e-001 -2.087891e+000 -4.587330e-001  1.949086e+000  1.254613e+000  3.507973e-001 -5.317779e-001  3.942469e-001  7.210546e-001  8.233528e-001  1.486921e-003  1.162975e-001 -6.590990e-001 -1.771590e-001  6.843563e-001 -4.688187e-001  1.581968e+000 -1.551941e-001 -4.554339e-001
-3.449340e+000 -2.105662e+001 -7.499002e+000 -1.805932e+001  3.826241e+000 -1.150070e+001 -3.742150e+000 -6.678093e+000 -1.693171e+001 -4.238793e+000 -2.388082e+001 -7.202177e+000  6.855450e+001 -2.007045e-001 -1.170544e+000  8.544383e-001  1.587452e-001  2.024098e+000  6.417306e-001 -1.400205e+000  8.177834e-001 -1.134309e+000 -3.524938e-001  2.381869e+000  6.976584e-001  5.038185e-001  1.126668e-001  2.680670e-001 -1.597199e-002 -1.149869e-001 -2.214738e-001 -2.902589e-001 -3.175263e-001  9.427702e-002  5.842780e-001 -9.348862e-002  2.379942e-001 -3.764323e-001 -9.913269e-002
-2.516303e+000 -2.170139e+001 -5.009801e+000 -1.684650e+001  8.808478e+000 -9.201015e+000 -5.763310e+000 -1.542197e+000 -1.422243e+001 -3.560431e+000 -1.793452e+001 -5.485277e+000  6.917054e+001 -3.302817e-001 -7.352778e-001  5.717016e-001  1.671219e-001  1.057568e+000  3.229613e-001 -1.182734e+000  2.639475e-001 -3.947477e-001 -6.829165e-001  1.684020e+000  4.832940e-002  3.693627e-001 -5.151092e-002  2.819303e-001 -3.491694e-001 -1.997209e-001 -6.692089e-001 -4.990289e-001  7.949932e-002 -3.187748e-001  1.993410e-001 -6.850985e-002 -7.768364e-001 -5.103835e-001 -8.760483e-002
-2.512724e+000 -2.183455e+001 -5.431189e+000 -1.681452e+001  9.916620e+000 -9.604386e+000 -5.347421e+000 -4.878354e-001 -1.653572e+001 -2.941902e+000 -1.703769e+001 -5.227534e+000  6.922963e+001 -3.153000e-001 -3.663210e-001 -3.558998e-002 -1.628424e-001  6.487032e-001 -3.522596e-001 -1.193692e+000  6.004341e-001 -9.653987e-001 -5.046344e-001  6.708568e-001 -3.045180e-001  1.512367e-001 -1.193907e-001  2.599791e-001 -5.065799e-001 -8.569185e-002 -7.904922e-001 -4.118323e-001  2.715513e-002 -5.072698e-001 -3.044281e-002 -8.973803e-002 -1.046099e+000 -3.441840e-001 -1.346964e-001
-3.747153e+000 -2.129801e+001 -4.869827e+000 -1.716892e+001  9.061371e+000 -9.238828e+000 -6.057855e+000 -9.559779e-001 -1.713727e+001 -3.324702e+000 -1.776175e+001 -5.324361e+000  6.950980e+001 -7.610373e-001 -9.905720e-002 -8.782471e-001 -2.198175e-001 -7.864704e-001 -9.268397e-001 -9.567185e-001 -1.125400e+000 -1.175642e+000 -7.252119e-001 -1.079590e+000 -7.962161e-001  8.906402e-002 -1.842925e-003  1.002538e-001 -3.053466e-001 -4.717455e-002 -5.295809e-001 -1.845590e-001  4.235028e-002 -3.139506e-001 -1.279218e-001  1.098860e-001 -7.847706e-001 -6.555247e-002 -1.172800e-001
-4.410415e+000 -2.308991e+001 -7.746939e+000 -1.871232e+001  6.943311e+000 -1.324309e+001 -9.563336e+000 -3.969032e+000 -2.030128e+001 -6.879830e+000 -2.061292e+001 -8.805224e+000  6.914105e+001 -5.822800e-001 -1.887587e-001 -9.534868e-001 -7.624435e-002 -1.006344e+000 -7.925304e-001 -1.377437e+000 -1.023892e+000 -8.960764e-001 -7.800362e-001 -1.466822e+000 -6.009891e-001 -2.951431e-002  1.738013e-001  1.364879e-001  1.622951e-001  2.839388e-001 -1.515344e-001  3.837882e-001  4.383575e-001  7.274937e-002  3.211064e-001  4.418777e-001 -3.343422e-002  4.229102e-001 -5.744232e-002
-5.372644e+000 -2.156899e+001 -8.243162e+000 -1.699669e+001  6.362781e+000 -1.201586e+001 -8.438945e+000 -5.428599e+000 -1.821786e+001 -5.217526e+000 -2.154486e+001 -7.677512e+000  6.966015e+001 -2.060063e-001 -3.227900e-001 -4.960832e-001 -1.120499e-001 -7.628126e-001 -3.796983e-001 -8.791097e-001 -4.936427e-001 -1.069018e+000  4.214621e-003 -1.170993e+000 -1.311975e-001 -1.266617e-001  2.771415e-001  1.314069e-001  4.117508e-001  3.705671e-001  1.658553e-001  5.637038e-001  6.098300e-001  4.014446e-001  5.021867e-001  4.717056e-001  5.067467e-001  6.083755e-001 -3.797439e-002
-4.611378e+000 -2.264285e+001 -8.511955e+000 -1.728186e+001  6.234196e+000 -1.217852e+001 -1.104406e+001 -3.370984e+000 -2.047581e+001 -5.895670e+000 -2.248025e+001 -7.055904e+000  6.900688e+001  2.761911e-001  4.279848e-001  5.848036e-001  1.202968e+000 -1.207976e-001  1.293111e+000  9.592911e-001  6.483021e-001  5.868214e-001  1.340041e+000  5.493873e-001  1.477524e+000 -2.811203e-002  1.962516e-001  1.651698e-001  4.088799e-001  3.590539e-001  2.472458e-001  4.076717e-001  7.973602e-001  2.107416e-001  6.101460e-001  3.723413e-001  6.132358e-001  5.556719e-001  1.035111e-002
-4.676703e+000 -2.313548e+001 -6.967734e+000 -1.844440e+001  5.601865e+000 -1.166960e+001 -9.713041e+000 -3.723215e+000 -2.239510e+001 -3.795708e+000 -2.268305e+001 -6.855009e+000  6.894357e+001  1.954348e-001  2.496056e-001  4.113616e-001  9.934117e-001 -3.999672e-001  8.488589e-001  9.240671e-001  4.572552e-002  5.938432e-001  5.732777e-001  4.460390e-001  1.206405e+000 -1.015091e-001  7.018098e-002  5.713376e-002  2.462641e-001  1.363344e-001  1.790776e-001  6.790958e-002  4.015746e-001  2.974418e-002  4.582674e-001 -4.982788e-002  3.551219e-001  2.837432e-001  1.753166e-002
-3.377430e+000 -2.016674e+001 -5.460635e+000 -1.197363e+001  6.719780e+000 -6.950665e+000 -4.129833e+000 -1.580214e+000 -1.527856e+001 -8.905360e-001 -1.729688e+001 -1.828857e+000  6.935878e+001  1.982573e-001  3.508928e-001  6.371903e-001  1.166294e+000  4.846268e-002  6.315495e-001  1.707775e+000 -2.398679e-001  1.323223e+000  7.971388e-001  7.908407e-001  1.508569e+000  9.664917e-003 -7.489923e-002 -2.741843e-001 -6.895733e-003 -4.507743e-001 -8.648018e-002 -4.639098e-001 -3.888417e-001 -2.184552e-001 -2.320457e-001 -5.443097e-001 -3.401459e-001 -1.977099e-001 -3.512131e-002
-5.012444e+000 -2.155902e+001 -7.712014e+000 -1.468375e+001  4.120153e+000 -1.038550e+001 -7.275724e+000 -6.095357e+000 -1.784727e+001 -4.853705e+000 -2.190635e+001 -4.259012e+000  6.897665e+001  1.838655e-001  1.424789e-003  7.090439e-001  5.879591e-001  4.794512e-002  2.906302e-001  7.545213e-001  9.916326e-002  8.541185e-001  2.652614e-002  4.838896e-001  1.271996e+000 -5.789185e-002 -6.103949e-002 -2.796561e-001  7.571155e-002 -3.904606e-001 -2.380990e-001 -2.923609e-001 -5.215064e-001  9.627007e-003 -2.801385e-001 -5.517690e-001 -3.297853e-001 -1.404185e-001 -3.421181e-002
-3.452221e+000 -2.167662e+001 -4.953864e+000 -1.333071e+001  7.217366e+000 -9.662827e+000 -3.723843e+000 -3.384253e+000 -1.613361e+001 -1.380978e+000 -1.891440e+001 -8.110580e-001  6.903867e+001 -9.252033e-002 -8.188465e-001  4.014838e-001 -8.481774e-001 -7.771547e-001 -7.473239e-001 -9.001445e-001 -4.706929e-001 -7.035446e-001 -1.108132e+000 -1.170267e+000  4.561785e-001 -2.255272e-001 -7.909950e-002 -2.023305e-001  4.858202e-002 -2.163395e-001 -5.248488e-001 -5.241846e-002 -5.533791e-001  3.753620e-002 -2.135083e-001 -5.928459e-001 -2.732956e-001 -1.991897e-001 -4.787391e-002
-3.719980e+000 -2.237342e+001 -3.675901e+000 -1.482606e+001  5.592798e+000 -8.860371e+000 -6.143430e+000 -2.325380e+000 -1.769698e+001 -3.417857e+000 -1.945485e+001 -1.003928e+000  6.881417e+001  3.562620e-002 -5.638052e-001  9.077727e-001  4.834452e-002 -1.177653e+000  7.649088e-002 -3.795052e-001  2.092731e-001  2.065348e-001 -1.232932e+000 -2.223335e-001  1.030507e+000 -1.549721e-001 -3.431322e-002  6.670223e-002  8.457102e-002  1.879063e-001 -3.916069e-001  1.982387e-001  7.106221e-003  8.626478e-002  2.264015e-001 -2.057622e-001  1.091229e-001 -5.382896e-002 -4.644698e-003
-4.486264e+000 -2.385378e+001 -5.471272e+000 -1.614336e+001  2.097684e+000 -1.144985e+001 -9.196702e+000 -5.818667e+000 -1.887142e+001 -7.149121e+000 -2.437397e+001 -1.175507e+000  6.831239e+001 -1.231205e-001 -3.781448e-001  7.807360e-001  3.544038e-001 -1.962982e+000  4.765269e-001 -4.921067e-001 -1.072417e-001  5.794736e-001 -1.537362e+000 -2.225254e-001  6.333647e-001 -1.811645e-001  1.129819e-002  2.795347e-001  1.271322e-001  3.612134e-001 -1.390807e-001  3.567967e-001  4.206321e-001  2.072104e-001  4.107719e-001  1.681972e-001  4.350117e-001  4.530821e-002  3.753113e-002
-4.317292e+000 -2.328947e+001 -2.914446e+000 -1.303570e+001  7.917264e-001 -9.109531e+000 -6.436821e+000 -3.831784e+000 -1.544569e+001 -8.134292e+000 -2.028823e+001  1.075750e+000  6.856493e+001  2.759952e-002  1.145851e-001  9.422728e-001  9.261999e-001 -1.317176e+000  6.698985e-001  5.860335e-001  3.487616e-001  1.344617e+000 -7.876703e-001  5.556332e-001  9.142581e-001 -1.032967e-001 -1.819669e-002  2.603214e-001  5.287483e-002 -1.637577e-002  2.319624e-002  1.441261e-001  3.143653e-001  1.704522e-001 -2.124101e-002  3.498522e-001  1.426350e-001  1.466874e-002  3.675072e-002
-3.769168e+000 -2.310932e+001 -1.430911e+000 -1.245387e+001 -1.970085e-001 -7.155612e+000 -6.037681e+000 -3.167259e+000 -1.436189e+001 -6.709569e+000 -1.961034e+001  1.315927e+000  6.825746e+001 -3.201606e-002  2.396317e-001  1.019895e+000  5.189620e-001 -1.402797e+000  7.399560e-001  7.202468e-001  4.956148e-001  7.812738e-001 -4.897770e-001  6.158079e-001  7.408442e-001 -6.370926e-002 -4.950727e-002  2.271808e-001  1.226466e-002 -3.013670e-001  3.626361e-002 -6.267804e-002  2.404452e-001  1.527676e-001 -3.333839e-001  2.148348e-001  1.377743e-002  3.595462e-002  3.035950e-002
-3.940531e+000 -2.217272e+001 -9.847174e-001 -1.203980e+001  1.542661e-001 -7.657996e+000 -4.792773e+000 -1.907276e+000 -1.322866e+001 -7.575984e+000 -1.905850e+001  2.321646e+000  6.832515e+001 -1.009095e-001  4.289137e-001  1.052567e+000 -1.158134e-001 -1.341765e+000  6.654066e-001  5.861446e-001  7.601057e-001 -5.703926e-004 -7.463026e-003  7.167473e-002  1.050111e+000 -2.994614e-002 -9.698527e-002  2.017906e-001 -6.221576e-002 -3.561052e-001 -2.016579e-001 -9.167047e-002  6.079182e-002  7.271892e-003 -4.002123e-001 -5.982279e-002  1.621227e-002 -1.130347e-001  9.240417e-003
-4.834725e+000 -2.321399e+001 -1.336664e+000 -1.404650e+001 -4.597570e+000 -8.475835e+000 -6.417492e+000 -4.302847e+000 -1.607357e+001 -9.877160e+000 -2.190979e+001  1.905767e+000  6.811373e+001 -3.064024e-001  6.005947e-001  7.869120e-001 -6.314243e-001 -1.769369e+000  1.653826e-001  7.100638e-001  4.509243e-001 -4.148522e-001 -8.532912e-001  8.834095e-002  7.452112e-001 -6.604233e-002 -1.204183e-001  2.333292e-001 -1.020568e-001 -2.375297e-001 -2.223875e-001 -1.640763e-001  6.706747e-002 -1.461175e-002 -2.766743e-001 -2.038994e-001  2.022011e-001 -3.419048e-001  5.201797e-003
-4.289061e+000 -2.109257e+001  2.301267e+000 -1.281846e+001 -3.716817e+000 -5.122386e+000 -3.316192e+000  5.365383e-001 -1.459270e+001 -6.587811e+000 -1.878012e+001  6.031387e+000  6.848707e+001 -3.201336e-001  9.430565e-001  7.476854e-001 -2.791328e-001 -2.142179e+000  4.988328e-001  8.950841e-001  4.074662e-001 -5.838146e-002 -9.050271e-001  9.004280e-001  3.469014e-001 -5.592804e-002 -1.690454e-001  1.047487e-001 -1.275075e-001 -3.085677e-001 -2.642301e-001 -4.718439e-001  5.572272e-002 -3.084308e-001 -2.551134e-001 -4.055150e-001  1.476578e-001 -7.777479e-001 -2.245331e-002
-5.126915e+000 -2.064643e+001  8.606571e-001 -1.522167e+001 -7.108315e+000 -7.596503e+000 -3.225652e+000 -2.134544e+000 -1.575413e+001 -1.147011e+001 -1.930782e+001  3.187112e+000  6.784629e+001 -5.244952e-001  1.149206e+000  6.620517e-001 -5.870268e-001 -2.114527e+000  2.861214e-003  9.011144e-001  5.988758e-001 -5.731923e-001 -1.060492e+000  1.212437e+000 -6.170747e-001 -2.470932e-002 -1.332595e-001  2.974457e-002  1.018027e-002 -3.175283e-001 -7.829001e-002 -4.694636e-001  4.046025e-002 -2.716770e-001 -1.594615e-001 -9.640741e-002  1.328247e-002 -8.120635e-001 -1.763237e-002
-5.395104e+000 -1.874122e+001  1.655049e+000 -1.284788e+001 -9.301256e+000 -5.603498e+000 -1.913272e+000 -9.540961e-001 -1.368029e+001 -1.130464e+001 -1.585735e+001  3.415480e+000  6.817923e+001 -8.370903e-001  6.783516e-001  4.774599e-001 -1.680851e+000 -2.490336e+000 -1.612552e+000  7.692329e-001 -8.560238e-001 -1.196967e+000 -1.931437e+000  2.479157e-001 -2.157485e+000 -1.628792e-001 -3.650728e-002 -4.571102e-002  7.550152e-002 -3.745691e-001  1.622640e-001 -4.726788e-001  5.383236e-002 -1.525585e-001 -9.326734e-002  1.617188e-001 -2.347768e-001 -6.010041e-001 -3.114044e-002
-6.904180e+000 -1.864363e+001  2.296704e+000 -1.696692e+001 -1.237799e+001 -8.220973e+000 -2.613380e+000 -5.631512e-001 -1.939573e+001 -1.282120e+001 -1.730900e+001  1.283463e-001  6.814410e+001 -7.142218e-001  8.816700e-001  9.729261e-001 -1.518207e+000 -1.986741e+000 -1.126243e+000  9.752906e-001 -2.757154e-001 -6.428668e-001 -8.221231e-001  4.810095e-001 -2.062913e+000 -1.007286e-001  1.091438e-001  1.521917e-002  3.729071e-002  4.493272e-003  3.519247e-001 -1.851827e-001  7.660361e-002  5.059970e-002  3.835829e-001  3.701102e-001 -1.202999e-001 -1.510530e-001 -2.708916e-002
-7.585880e+000 -1.870221e+001  3.970544e+000 -2.035008e+001 -1.353366e+001 -1.287291e+001  2.238358e-001 -4.529277e+000 -1.875673e+001 -1.556945e+001 -1.853996e+001 -3.226655e+000  6.752377e+001 -4.078067e-001  8.482695e-001  9.697558e-001 -1.686388e+000 -1.394752e+000 -1.300009e+000  1.127158e+000  8.196954e-002 -4.898809e-001 -2.156174e-001  9.225798e-002 -1.935200e+000 -1.736206e-001  2.137058e-001  1.502860e-001 -5.679023e-003  4.435938e-001  3.962504e-001  6.921121e-002 -2.692274e-002  3.484244e-001  6.309842e-001  5.239307e-001  2.323846e-001  3.037064e-001 -1.615204e-002
-7.602636e+000 -1.625758e+001  4.567540e+000 -1.906160e+001 -1.492581e+001 -9.593013e+000  5.822467e-001 -1.725531e+000 -1.643024e+001 -1.344832e+001 -1.556147e+001 -3.806385e+000  6.767038e+001 -1.934182e-001  1.140343e+000  6.023574e-001 -5.617916e-001 -9.026958e-001 -1.079324e+000  1.105170e+000  3.828776e-001  9.911789e-001 -6.785069e-002  6.887665e-001 -1.483482e+000 -1.547844e-001  1.524393e-001  1.307203e-001 -2.473792e-002  6.248153e-001  2.627763e-001 -2.116361e-001 -2.611588e-001  4.439165e-003  4.950453e-001  3.291636e-001  3.342404e-001  4.548312e-001 -6.735984e-002
-7.084909e+000 -1.569290e+001  5.368410e+000 -2.023248e+001 -1.500110e+001 -1.141752e+001  2.124704e+000  3.694141e-002 -1.761244e+001 -1.206917e+001 -1.626982e+001 -4.293154e+000  6.754799e+001 -2.896295e-002  1.300445e+000  6.343492e-001  5.891075e-002 -1.051107e+000 -1.289956e+000  5.696794e-001  5.568016e-001  1.140931e+000  3.110801e-001  1.305960e+000 -9.286685e-001 -2.166115e-001  6.926401e-002  5.665123e-002  7.894524e-002  7.949349e-001  9.406446e-002 -3.513417e-001 -5.662317e-001 -5.360001e-001  2.890387e-001  1.811852e-001  4.358422e-001  5.343571e-001 -1.789019e-001
-8.121756e+000 -1.444657e+001  4.609558e+000 -1.983468e+001 -1.615775e+001 -1.434528e+001  1.962036e+000 -9.318726e-001 -1.501199e+001 -1.491060e+001 -1.500023e+001 -6.755814e+000  6.735807e+001 -1.414474e-001  1.309184e+000  1.016940e+000  7.332205e-001 -8.446820e-001 -2.189450e+000 -5.176426e-002 -4.909356e-001  1.016954e+000  5.603461e-001  1.545361e+000 -2.920228e-001 -4.160324e-001  4.591189e-002 -5.916951e-002  1.764597e-002  7.559909e-001  1.969601e-002 -3.765743e-001 -9.366442e-001 -8.882191e-001 -3.339480e-001 -8.900160e-002  1.377221e-001  5.046049e-001 -4.042833e-001
-7.471135e+000 -1.310549e+001  7.121281e+000 -1.966899e+001 -1.817323e+001 -1.694655e+001  2.382339e+000 -2.142099e+000 -1.376121e+001 -1.328292e+001 -1.229077e+001 -6.395283e+000  6.659686e+001 -8.747206e-002  1.047105e+000  1.157191e+000  1.640780e+000 -9.534369e-001 -2.501654e+000 -1.125534e+000 -2.161124e+000  9.424253e-001  3.762100e-001  1.843172e+000  1.408559e-001 -9.375061e-001  3.340886e-002  2.361176e-002 -2.770001e-001  8.907308e-001  3.077298e-001 -1.500037e-002 -1.293820e+000 -8.318633e-001 -5.791433e-001 -4.467859e-001  1.541271e-002  3.711434e-001 -6.891546e-001
-8.116760e+000 -1.100537e+001  8.775804e+000 -1.567724e+001 -1.756316e+001 -1.777575e+001  1.946079e-001 -3.090689e+000 -1.327109e+001 -1.003972e+001 -9.824189e+000 -4.215434e+000  6.606578e+001  6.539583e-002  9.711653e-001  4.291664e-001  2.427228e+000 -8.530508e-001 -2.356346e+000 -2.730444e+000 -2.699255e+000 -5.793082e-001 -5.454237e-001  1.108771e+000  5.047802e-001 -1.815754e+000 -1.002297e-001  2.847268e-001 -5.532212e-001  6.811682e-001  6.231130e-001  5.243719e-001 -9.831040e-001 -3.206343e-001 -6.390731e-001 -5.346793e-001 -1.801960e-001 -8.852191e-002 -8.034261e-001
-7.524767e+000 -1.217797e+001  9.071241e+000 -1.410730e+001 -1.906558e+001 -2.221056e+001 -2.619251e+000 -9.689272e+000 -1.377076e+001 -1.262356e+001 -9.641985e+000 -4.859065e+000  6.350660e+001  3.465972e-002  1.587513e+000 -4.567648e-001  3.665561e+000  4.917263e-001 -1.281510e+000 -4.560081e+000 -2.498355e+000 -9.566544e-001 -1.369964e+000  1.601318e+000  5.286468e-001 -2.962524e+000 -4.327766e-001  3.976549e-001 -5.853316e-001  4.409286e-001  9.419588e-001  8.011553e-001  1.683199e-002  4.687558e-001 -5.694561e-001 -3.273873e-001 -5.064027e-001 -3.979103e-001 -5.635403e-001
-7.767960e+000 -1.005450e+001  5.780409e+000 -1.047938e+001 -1.997683e+001 -2.349501e+001 -9.189391e+000 -1.065456e+001 -1.790375e+001 -1.796739e+001 -1.078077e+001 -5.000022e+000  5.982443e+001 -7.036616e-001  2.462614e+000 -9.421887e-001  3.126671e+000  1.548302e+000 -1.776628e-001 -3.250011e+000 -1.925492e+000 -1.228872e+000 -1.239963e+000  7.653073e-001 -9.285278e-001 -3.420654e+000 -7.489097e-001 -1.521863e-002 -2.602970e-001  1.639866e-001  9.050784e-001  8.997934e-001  1.514180e+000  9.505762e-001 -8.062738e-003 -5.271798e-002 -7.336483e-001 -4.184971e-001 -8.515835e-004
-7.472236e+000 -5.643358e+000  6.335154e+000 -3.940118e+000 -1.450777e+001 -2.049447e+001 -1.572606e+001 -1.085194e+001 -1.622815e+001 -1.616890e+001 -3.805890e+000 -3.359754e+000  5.490492e+001 -1.866826e+000  2.289655e+000 -1.083790e+000  3.495702e+000  2.555681e+000  4.147810e-001 -7.815906e-001 -2.042269e-001 -1.580073e+000 -9.134569e-001 -5.171094e-001 -1.132041e+000 -2.952757e+000 -7.742950e-001 -7.600936e-001 -1.163810e-001 -3.787740e-001  3.513601e-001  8.426681e-001  2.550872e+000  1.410728e+000  6.331764e-001  2.338451e-001 -1.005590e+000 -2.092026e-001  5.730554e-001
-1.166133e+001 -1.959608e+000  5.432904e+000 -5.127481e+000 -1.210056e+001 -1.952211e+001 -9.502039e+000 -1.213681e+001 -1.818675e+001 -1.446687e+001 -8.915700e+000 -9.607728e+000  5.326335e+001 -2.728410e+000  5.440009e-001 -5.588061e-001  3.332091e+000  2.640364e+000  1.294476e+000  2.951211e+000  9.065624e-001 -3.079124e-001 -1.037267e+000 -1.500257e+000 -7.573614e-001 -1.824895e+000 -3.532321e-001 -1.309610e+000 -1.544691e-001 -8.006998e-001 -1.186843e-001  8.519207e-001  1.854428e+000  1.567478e+000  1.341473e+000  5.019919e-001 -2.319505e-002  5.481563e-001  7.157420e-001
-1.491221e+001 -4.777142e+000  3.826046e+000  6.952548e-001 -1.022531e+001 -2.212311e+001 -6.370880e+000 -9.969279e+000 -2.152963e+001 -1.894111e+001 -1.316007e+001 -8.215419e+000  5.202336e+001 -2.824441e+000 -1.253648e+000 -1.230361e+000  1.668981e+000  1.702496e+000  2.195761e+000  5.093667e+000  3.139255e+000  1.748748e+000 -3.020870e-001 -2.293849e+000 -6.029493e-001 -8.951263e-001  2.351380e-001 -1.188313e+000 -2.484345e-001 -1.517567e+000 -4.060463e-001  7.423329e-001  5.483955e-001  1.168058e+000  1.500322e+000  9.483869e-001  1.312208e+000  9.525979e-001  4.181982e-001
-1.769002e+001 -7.767605e+000  4.240933e+000  3.863384e+000 -8.916237e+000 -1.620831e+001  8.890746e-001 -6.563077e+000 -1.679257e+001 -2.176763e+001 -1.360497e+001 -6.358997e+000  5.214074e+001 -1.991015e+000 -2.313784e+000 -1.641248e+000  3.653244e-002  1.381473e+000  3.191451e+000  3.084501e+000  4.240159e+000  3.814084e+000  9.643111e-001  1.537702e+000  1.547708e+000 -8.707600e-001  7.906688e-001 -5.468041e-001 -2.173062e-001 -1.596020e+000 -5.059749e-001  4.987109e-002 -8.971129e-001  4.199071e-001  9.524969e-001  1.140095e+000  1.942206e+000  1.143619e+000 -1.645499e-001
-1.858010e+001 -9.007601e+000  7.793349e-001 -9.064588e-002 -7.587449e+000 -1.117256e+001  4.546711e+000  2.057470e+000 -8.181497e+000 -1.402895e+001 -1.293050e+001 -7.998867e+000  5.099059e+001 -1.059834e+000 -2.223018e+000 -1.784741e+000 -2.444356e+000  1.154895e+000  3.177958e+000  1.893742e+000  3.969264e+000  3.860539e+000  2.827688e+000  4.524953e+000  2.478413e+000 -1.338834e+000  1.066245e+000  1.641312e-001  2.995026e-001 -7.487675e-001 -3.884795e-001 -3.941960e-001 -1.380626e+000 -5.103328e-001  7.310231e-002  2.465567e-001  1.337946e+000  1.006433e+000 -5.488815e-001
-1.978246e+001 -1.141330e+001 -1.249983e+000 -4.551868e+000 -6.512125e+000 -9.040128e+000  4.616687e-001  3.050607e+000 -5.790397e+000 -1.210139e+001 -1.341972e+000 -1.977466e+000  4.942593e+001  3.426310e-001 -1.705335e+000 -1.368147e+000 -2.591341e+000  3.842897e-001  1.052733e+000  6.560928e-002  2.591094e+000  3.398677e+000  3.098318e+000  4.801371e+000  3.420055e+000 -2.425790e+000  9.255542e-001  6.615174e-001  5.714629e-001  1.984319e-001 -4.199494e-001 -5.677065e-001 -7.916511e-001 -1.092087e+000 -6.309550e-001 -5.623435e-001 -4.295812e-001  3.133305e-001 -5.977972e-001
-1.916516e+001 -1.406938e+001 -2.352201e+000 -7.318902e+000 -5.652894e+000 -9.817409e+000  3.311533e+000  5.070197e+000 -7.728018e+000 -9.635786e+000  3.333200e+000  1.985882e+000  4.668659e+001  1.339959e+000 -7.372168e-001  1.306013e-001 -7.609201e-001  2.586901e-001  1.294140e+000 -3.000179e-001  1.412124e+000  2.321963e+000 -1.363070e-001  2.764045e+000  3.493044e+000 -2.862019e+000  5.809209e-001  9.822185e-001  4.457973e-001  9.030111e-001 -1.986828e-001 -1.307671e-001 -1.647123e-001 -1.069022e+000 -6.765622e-001 -7.910212e-001 -1.195085e+000 -2.725750e-001 -3.393069e-001
-1.568434e+001 -1.376339e+001 -1.034034e+000 -5.479192e+000 -7.962066e+000 -1.162223e+001  1.834710e+000  4.886028e+000 -2.592738e-002 -8.472618e+000  2.270038e+000  5.748902e+000  4.216379e+001  1.436860e+000  2.509028e-001  2.583947e-001  1.869739e-001 -2.701721e-001  1.294827e+000  2.231251e-001  5.829627e-002  1.428597e+000 -3.654085e-001  2.702502e-001  2.607045e+000 -3.098153e+000  2.992668e-002  1.173338e+000  8.038931e-002  7.498285e-001  2.547183e-001  1.695544e-001  3.061081e-001 -5.990621e-001 -7.977530e-001  1.253162e-001 -9.270054e-001 -9.805928e-001 -9.780884e-003
-1.392937e+001 -1.151864e+001  1.324367e+000 -3.431585e+000 -5.569027e+000 -3.410812e+000  2.360101e+000  8.200379e+000  5.460848e-001 -1.652487e+001 -9.162861e-001  5.603168e+000  4.031157e+001  1.297656e+000  1.709956e+000 -3.690255e-001  6.815420e-001  4.887115e-001  2.403076e+000  9.914228e-001 -1.094474e-001  1.462768e+000  6.044458e-001  8.150872e-001  1.522043e+000 -2.699186e+000 -3.998861e-001  1.108543e+000 -2.465274e-001  3.032284e-001  3.652735e-001 -3.663494e-001  1.301480e-001 -4.221255e-001 -6.030771e-001  1.287622e+000 -1.819693e-001 -1.266166e+000  1.079879e-001
-1.521606e+001 -1.143416e+001 -1.796294e+000 -5.560658e+000 -7.904919e+000 -5.769289e+000  2.053010e+000  1.776997e+000 -2.784464e+000 -1.048389e+001  2.134022e+000  9.249116e+000  3.712268e+001  5.134160e-001  2.937771e+000 -7.163872e-001  4.365706e-001  1.542871e+000  1.346037e+000  9.504294e-001  3.565691e-001 -1.604907e-001  3.354523e+000  1.140823e+000 -4.974093e-001 -2.556111e+000 -4.994904e-001  7.928833e-001  1.120363e-001  2.888137e-001  2.323427e-001 -5.085667e-001 -5.585901e-001 -2.976833e-001  5.883730e-003  9.948618e-001  4.123136e-002 -1.263043e+000  2.255818e-001
-1.291102e+001 -6.684221e+000 -3.816199e+000 -3.870459e+000 -3.237910e+000 -7.284977e-001  8.159497e+000  6.077476e+000  9.650922e-001 -5.607923e+000  7.476644e+000  7.845991e+000  3.571122e+001 -1.977493e-001  3.462065e+000 -6.146445e-001  6.304234e-001  1.178536e+000 -5.632118e-001 -1.293020e-002 -8.476402e-001  1.011215e-001  4.441836e+000  1.418912e+000 -1.285561e+000 -2.593101e+000 -3.834468e-001  1.573602e-001  4.864812e-001  1.983883e-001 -3.136153e-001 -5.868828e-001 -9.559452e-001 -5.479392e-001  2.311323e-001  2.571672e-001 -4.765940e-001 -9.966606e-001  3.225389e-001
-1.362643e+001 -1.491742e+000 -2.045687e+000 -3.076902e+000 -1.413272e+000 -6.233197e+000  3.687159e+000  7.730326e+000 -1.037884e+000  2.841522e+000  3.777687e+000  2.140444e+000  3.168341e+001 -3.128893e-001  3.339265e+000  9.413858e-001  1.656602e+000  5.466289e-001  2.351374e-001 -2.067649e+000 -1.061024e+000  2.138839e+000  2.690205e+000  1.744948e-001 -2.304366e+000 -2.023287e+000 -7.596572e-002 -5.211224e-001  4.716782e-001 -2.586203e-002 -5.777727e-001  3.816405e-002 -4.010592e-001 -4.080073e-001  5.087048e-001 -7.374334e-001 -7.015857e-001 -4.253364e-001  6.044937e-001
-1.571293e+001  8.204797e-001 -1.624158e+000 -1.521346e+000 -2.922169e+000 -5.994917e+000  1.478375e+000  9.855142e-001  1.784028e-001 -9.783948e-001  5.356439e+000  2.729698e+000  3.006570e+001 -2.064255e-001  2.296010e+000  1.234494e+000  1.063468e+000 -5.812439e-001  2.411188e-002 -2.279264e+000 -2.140347e+000  1.468765e+000  2.222441e+000 -1.084719e+000 -2.557782e+000 -1.352904e+000  2.081197e-001 -8.327888e-001  2.291496e-001 -3.475655e-001 -3.134972e-001  2.855952e-001  3.336431e-001  2.606204e-001 -1.892091e-001 -1.010402e+000 -4.966687e-001  1.253001e-001  7.853449e-001
-1.537955e+001  1.509818e+000  1.814615e+000  1.547795e+000 -5.329645e+000 -1.960392e+000 -4.944674e+000 -9.821411e-001  8.303076e+000  6.523765e-001  4.066598e+000  2.854333e-001  2.982900e+001  1.379254e-001  9.151869e-001  7.174348e-001  9.073820e-002 -4.661027e-001  1.243196e+000  7.830036e-002 -1.037114e+000  1.699212e+000  7.770538e-001 -1.115291e+000 -1.987981e+000 -1.537409e-001  2.341824e-001 -9.125099e-001 -4.279666e-001 -5.494316e-001  1.828557e-001 -4.299875e-002  9.334090e-001  6.551940e-001 -1.060234e+000 -9.825346e-001  1.463233e-001  7.659896e-001  6.720116e-001
-1.306658e+001  3.295050e+000  4.261192e-001 -8.654680e-001 -4.185943e+000 -2.744340e+000  1.079094e+000 -2.680262e-001  3.638437e+000  6.598853e+000  1.908593e+000 -4.015412e+000  2.987391e+001  6.174420e-001  5.101606e-001  6.430791e-001 -3.244725e-001  1.174164e-001  3.607354e-001  5.823108e-001  4.435073e-001 -6.251103e-001  3.464007e-001 -4.195394e-001 -8.172529e-001  3.988508e-001  6.612476e-002 -7.623782e-001 -6.011424e-001 -2.818307e-001  3.778646e-001 -4.256592e-002  5.581219e-001  8.943448e-001 -6.167053e-001 -8.596989e-001  5.408359e-001  1.133495e+000  3.879286e-001
-1.425998e+001  1.846908e+000  5.163482e-001 -2.951150e+000 -3.111899e+000 -1.642507e+000  4.278302e+000  3.171525e+000  5.728158e+000  2.938167e+000 -7.484377e-002 -4.426907e+000  3.101061e+001  4.460889e-001 -3.303597e-001 -9.027399e-001 -3.965858e-001  1.111577e+000 -1.481681e-001  1.168609e+000  9.230195e-001 -2.115392e+000 -1.284448e+000  5.735216e-001  6.553180e-001  4.608938e-001 -1.330085e-001 -5.297539e-001 -4.694279e-001  6.423886e-003  2.599630e-002 -2.979993e-001 -2.182913e-001  2.388504e-001 -9.046559e-002 -6.368040e-002  4.767413e-001  9.083083e-001  1.617651e-002
-1.318551e+001  3.202738e+000  2.240371e+000 -8.942356e-001 -3.443960e+000 -4.350183e+000 -2.215585e-001  1.126218e+000 -1.659690e+000 -3.892865e-001  5.329463e+000  9.996038e-001  3.146915e+001 -2.988338e-002 -8.931078e-001 -9.611309e-001 -1.020234e-001  5.192391e-001  5.069641e-001 -3.380905e-002  1.351310e+000  2.925401e-001 -1.045303e+000  7.750543e-001  1.788042e+000  2.794220e-001 -2.463273e-001 -2.573247e-001 -2.758203e-001  7.600949e-002 -4.302451e-001 -1.677710e-001 -3.674009e-001 -2.243892e-001  6.949342e-001  3.345594e-001 -1.473497e-001  1.089890e-001 -1.203165e-001
-1.308965e+001 -9.582419e-002 -3.606210e+000 -4.207504e-001 -1.427495e-001 -1.898311e+000  1.548696e+000  2.935834e+000  3.751805e-001 -2.275792e+000  5.223771e+000  1.054516e+000  3.133584e+001 -2.034544e-001 -1.031948e+000 -8.275996e-001  1.163311e-002 -5.370326e-001 -3.199152e-001 -7.050961e-001 -2.967637e-001  7.880588e-001  1.154504e+000  6.711189e-001  1.250913e+000 -1.314392e-002 -1.724308e-001  2.176480e-001  2.746573e-001 -1.298535e-002 -6.931778e-001 -2.973201e-001 -1.685128e-001 -3.229480e-001  4.771375e-001  4.748138e-001 -5.683117e-001 -3.724649e-001 -1.516720e-001
-1.380116e+001 -1.991233e-001 -2.318256e+000 -2.640785e+000 -3.074322e+000 -8.161735e-002  2.274851e+000  6.606370e+000  7.777626e+000  3.979317e+000  3.134558e+000  2.184086e+000  3.110840e+001 -2.894227e-001 -4.256686e-001 -7.735927e-001 -1.485345e-001 -1.209504e+000 -3.922459e-001 -3.178413e-001 -6.854697e-002  1.397836e+000  7.997219e-001 -1.205086e+000 -5.701053e-001  3.428726e-002 -3.162561e-002  4.339905e-001  3.756283e-001  6.504787e-002 -3.041649e-001 -3.912171e-001  5.348855e-002 -3.602037e-001 -5.141963e-001 -2.346653e-001 -5.568320e-001 -4.969083e-001 -1.136159e-001
-1.496942e+001 -1.611903e+000 -1.342337e+000 -2.019710e+000 -5.981881e+000 -5.376366e+000 -4.953834e-001 -1.052370e+000  4.949794e+000  6.526382e+000  4.378203e+000  1.235417e+000  3.112527e+001 -2.862957e-001  5.241606e-001  3.767776e-001 -4.382570e-001 -1.489940e+000 -1.185164e+000  4.680609e-001  1.820810e-002 -2.823522e-001  1.671088e-001 -1.277966e+000 -2.793300e-002 -1.748989e-001  9.494113e-002  4.324836e-001  4.062572e-001  2.347665e-001  2.686130e-001  7.730722e-002  2.626181e-001  4.780230e-002 -5.701175e-001 -8.000196e-001 -2.588146e-001 -1.583305e-001 -3.984610e-002
-1.369273e+001  1.832434e+000 -2.759530e+000 -8.374285e-001 -6.571916e+000 -4.572386e+000 -7.887252e-001  2.777585e+000  3.042182e+000 -7.917643e-001 -2.731848e-001 -1.941373e+000  3.174588e+001 -1.465908e-001  4.987904e-001  3.148218e-001  4.481610e-001 -5.251318e-001 -1.016497e+000 -3.529448e-001 -6.071942e-001 -1.743236e+000 -1.724932e+000 -1.034563e+000 -5.707657e-002 -2.077799e-001  1.024545e-001  1.449043e-001  3.001170e-001  3.226813e-001  7.143869e-001  4.434850e-001  4.403474e-002 -2.321914e-001 -6.006224e-002 -1.623040e-001  4.996278e-001  1.015201e-001 -2.562907e-004
-1.457534e+001  1.509200e+000 -1.501685e+000 -3.513714e+000 -5.843652e+000 -5.578745e+000  5.420789e+000  4.941267e+000  1.331142e+000  9.452925e-001  5.378104e-001  2.977581e+000  3.014261e+001  1.998353e-001  6.682401e-001  6.594789e-001  8.871179e-001  4.638461e-001  3.787463e-001  6.255459e-001  2.115714e-001 -4.919931e-001 -1.583268e+000 -7.082156e-001  2.027461e-001 -9.134082e-002  6.304029e-002 -6.026806e-002  2.147623e-002  3.297905e-001  8.604902e-001  6.697138e-001 -2.935115e-001 -4.911520e-001  4.024563e-001  5.409381e-001  6.890962e-001 -2.498224e-001  6.915672e-002
-1.473116e+001  7.342775e-001 -6.644725e-001  3.470224e-001 -5.769095e+000 -5.062912e+000 -2.447959e+000  5.735806e-001  8.707735e-001 -1.854798e+000 -1.180604e-001  1.027622e+000  3.056083e+001 -2.021561e-002  2.268129e-001  5.856414e-001  8.021848e-001  1.385537e+000  1.043224e+000 -1.764101e-001 -1.326186e+000  1.202345e+000  8.633903e-001  1.008177e+000 -1.778445e-001 -8.773232e-003 -2.753632e-002 -7.931215e-002 -7.760521e-002 -6.306394e-002  5.196891e-001  4.656585e-001 -1.490716e-002 -2.194399e-001  2.748308e-001  1.011403e+000  7.101476e-001 -2.742579e-001  2.096994e-002
-1.345103e+001  2.278376e+000  9.075293e-001  1.823655e+000 -4.064060e+000 -3.237371e+000  3.461963e+000  1.107489e+000  3.575533e+000 -8.584391e-001  7.595631e-001  7.646500e-001  3.126109e+001 -3.428183e-002  3.588091e-001  3.487490e-001  1.033684e+000  1.857177e+000  1.133545e+000 -1.087764e+000 -2.078056e+000  2.571391e-001  1.577638e+000  1.146145e+000 -1.216661e+000  7.138138e-002 -1.546503e-001 -2.308628e-001 -3.428954e-001 -2.417016e-001 -9.957419e-002 -4.885041e-002 -2.288112e-001  9.309263e-002  4.196761e-002  7.308170e-001  3.989738e-001 -1.391110e-002 -6.596538e-002
-1.435597e+001  2.581911e+000 -1.035930e+000  5.048112e-001 -5.340242e-001 -5.269530e-001 -6.913627e-001 -1.936455e+000  7.931712e+000  4.427053e+000  4.656826e+000 -1.724130e+000  3.114277e+001 -1.672138e-001  2.569452e-001  8.216073e-002  5.955848e-002  1.376649e+000  9.343965e-001  4.291745e-001 -5.595798e-001 -7.436482e-001  1.751631e+000  1.588995e+000 -7.186626e-001 -1.842913e-001 -9.379403e-002 -2.775677e-001 -3.858922e-001 -2.526833e-001 -7.626768e-001 -4.266314e-001  1.141820e-001  9.466122e-001 -2.766908e-001 -3.193254e-001 -2.852304e-001  4.471121e-001 -7.130947e-002
-1.493435e+001  2.379429e+000  4.277883e-001  1.575810e+000  8.246960e-001 -2.179001e+000 -8.963297e-001 -4.193997e+000 -9.136318e-001  5.692557e+000  3.881090e+000 -1.729848e+000  3.020854e+001 -4.999169e-001 -5.011400e-001 -8.032575e-001  4.992295e-002 -2.958039e-002  1.889080e-001 -8.213022e-001  2.937315e-001  6.908416e-001  1.626697e+000  9.962447e-001  4.035997e-001 -3.334087e-001  3.733207e-003 -2.938980e-001 -3.316695e-001 -3.241065e-001 -7.925507e-001 -3.672996e-001  2.861749e-001  1.127552e+000  2.076318e-001 -8.617933e-001 -5.686601e-001  6.383410e-001  3.495027e-003
-1.482557e+001  1.968477e+000 -1.379829e-002  7.687373e-001 -1.330231e+000 -9.201151e-001  1.877059e+000  4.264248e-001 -6.028852e-001  3.627859e+000  6.266151e+000 -1.318442e+000  3.016564e+001 -2.563682e-001 -7.310511e-001 -7.678163e-001  3.064883e-002 -1.484468e+000 -6.176147e-001  2.612692e-001  2.220982e+000 -3.979602e-001 -7.577665e-001 -3.430248e-001  1.247586e+000 -1.629255e-001  1.050826e-001  6.233591e-003  5.115882e-002 -2.347737e-001 -2.605078e-001 -3.507060e-001 -1.735311e-001  2.391957e-001  3.005221e-001 -7.120395e-001 -6.115276e-001  1.450860e-001  8.832079e-002
-1.571581e+001  7.939325e-002 -3.619824e+000  1.941306e+000 -3.813859e+000 -2.096250e+000 -1.928759e+000  1.394707e+000  1.129704e+001  7.674644e+000  4.936124e+000  2.579804e+000  3.008261e+001  2.896137e-002 -6.166825e-001 -8.846101e-001 -5.723939e-001 -6.750187e-001  7.305241e-002  4.270627e-001  2.169422e+000  1.122454e+000 -1.476630e+000 -7.311460e-001  9.919199e-001  7.817364e-002  1.475047e-001  3.778924e-001  5.597296e-001 -2.555006e-001  2.356623e-001 -1.741058e-001  1.052350e-001 -5.006839e-001 -2.689123e-001 -1.675522e-001 -1.392237e-001 -3.382341e-001  1.233502e-001
-1.524707e+001  7.667277e-002 -2.851205e+000  4.753070e-001 -5.637086e+000 -3.656402e+000  1.131198e+000  6.374102e+000 -1.634245e-001 -3.528232e-001  2.414185e+000  2.358971e+000  3.039111e+001  9.376001e-002  3.458844e-001  3.786311e-001 -8.031515e-001  3.968288e-001 -7.612058e-001 -1.062663e+000 -3.014465e-001  5.431561e-001 -2.569029e-001 -6.049475e-001 -2.873926e-001  5.152149e-002 -2.413508e-001  2.987063e-001  6.255216e-001 -1.758683e-002  2.668558e-001 -6.021852e-002  1.716245e-001 -8.134143e-001 -1.734832e-001  7.009334e-001  3.370900e-001 -4.960718e-001  3.209362e-001
-1.457879e+001  2.419190e-001 -2.576559e+000 -1.139444e+000 -3.969696e-001 -4.455956e-001  1.611915e+000  3.679275e+000  4.478909e+000  2.997477e-001  2.151343e+000  1.391045e+000  3.048668e+001  6.254244e-002  8.498542e-001  1.422167e+000 -8.106796e-001  2.080825e-001 -6.098256e-001  3.668388e-001 -9.484740e-001 -1.124278e+000  5.385043e-001  4.310873e-001 -5.200818e-001  1.761189e-001 -7.519840e-001 -1.111735e-003  2.906602e-001  5.049655e-001 -5.644662e-002 -1.653869e-001  2.468151e-001 -5.260625e-002 -7.130701e-001  7.877600e-001  2.980680e-001 -1.930479e-001  6.054688e-001
-1.492528e+001  3.616636e+000  1.357725e+000 -1.706645e+000 -1.054531e+000 -5.551471e+000 -5.206594e+000 -2.223092e+000  5.521960e+000  6.030792e+000  4.633804e+000 -2.161026e+000  3.022122e+001 -1.479913e+000  2.921192e-002  1.206403e+000  6.185751e-002 -5.917392e-001 -5.772683e-001  1.149504e+000 -2.871422e-001 -1.420103e-001  1.739333e+000  7.613083e-001 -4.767725e-001  1.392783e+000 -9.124025e-001 -2.559567e-001 -5.310383e-001  7.387547e-001 -2.029232e-001  2.536509e-001  6.216578e-001  9.957039e-001 -5.553055e-001  4.948159e-002 -1.175418e-001  3.488573e-001  8.085956e-001
-1.556400e+001  2.558682e+000  1.386546e+000 -1.021116e+000 -5.064723e+000 -4.197844e+000  3.074331e+000  9.509339e-001  2.832958e+000  7.175357e+000  5.981751e+000  2.239394e+000  3.104815e+001 -2.944122e+000 -4.639049e-001  1.548051e-001  1.519929e+000 -4.629678e-001 -8.458506e-001  5.550547e-001  1.899238e+000 -2.100313e+000  1.464052e+000  7.606597e-002  1.213703e-001  2.434887e+000 -6.536775e-001 -2.976715e-002 -9.521977e-001  6.116257e-001  1.038857e-001  3.501731e-001 -2.368227e-002  8.173236e-001 -4.648858e-001 -7.408665e-001 -5.106040e-001  1.428126e-001  6.054068e-001
