38 39
-2.542283e+001 -4.407252e+000 -6.454647e+000 -1.630711e+000 -5.562293e+000 -5.039435e+000 -3.868942e+000 -2.625532e+000 -1.594778e+000  1.893818e+000  5.074697e+000 -1.877650e+000  5.067698e+001  1.373187e+000  2.614841e+000  2.114329e+000 -6.938721e-001 -1.785140e+000 -3.457397e+000 -1.790281e-001 -3.361581e-001  9.363969e-002 -1.827774e+000 -4.490112e+000 -1.890965e+000  1.204102e-001  1.549467e+000 -4.244499e-001  1.075465e+000 -5.525737e-001 -1.624566e+000 -1.298931e+000 -2.488844e-001 -5.579531e-001 -1.008135e+000 -7.812906e-001 -3.913137e-001 -3.973852e-001  7.531640e-001
-2.526882e+001 -6.266963e-001 -5.046793e+000 -7.454256e-001 -8.978539e+000 -5.610436e+000  1.039510e+000  3.875156e+000 -2.377446e+000 -5.005047e+000  1.660391e-001 -5.266525e+000  5.198153e+001  4.317434e+000  1.781272e+000  4.254782e+000 -2.184939e+000 -3.070977e+000 -5.026740e+000 -2.489373e-001 -1.600549e+000 -2.102134e+000 -3.921771e+000 -3.720634e+000 -2.254673e+000  1.158252e+000  1.816346e+000 -1.766523e+000  1.151094e+000 -6.512360e-001 -9.343765e-001 -1.024801e+000 -8.759587e-001 -5.330215e-001 -8.267376e-001  1.679041e-001  6.347876e-001  3.169606e-001  7.629546e-001
-1.927197e+001  2.368579e+000  5.209585e-001 -1.246940e+000 -1.903905e+001 -1.731936e+001 -4.182191e+000 -9.933677e+000 -6.676808e-001 -6.217233e+000 -2.265966e+000 -4.075702e+000  5.172080e+001  6.764151e+000 -1.826798e+000  5.848097e+000 -4.240582e+000 -3.345510e+000 -5.404069e+000 -2.089619e+000 -9.778399e-001 -2.847861e+000 -3.197099e+000 -2.221463e+000 -1.123479e+000  2.707653e+000  9.271466e-001 -2.217741e+000  4.401779e-001  4.236295e-002  4.891172e-001  1.575996e-001 -7.676407e-001  6.734048e-001 -6.628848e-001  7.741230e-001  1.143739e+000  5.975009e-001  4.648474e-001
-6.959796e+000 -2.790353e+000  1.056572e+001 -9.756128e+000 -1.512344e+001 -2.024439e+001 -3.378184e+000 -5.091278e+000 -9.021208e+000 -1.384250e+001 -2.415698e+000 -8.692844e+000  5.631881e+001  6.887959e+000 -4.630256e+000  5.969663e+000 -2.832720e+000 -2.046975e+000 -5.006140e+000 -3.118286e+000 -3.559740e-001 -2.590798e+000 -4.848086e-001 -8.128366e-001 -2.035870e-001  2.535571e+000 -7.187728e-001 -1.377911e+000 -9.847811e-001  1.351833e+000  1.098961e+000  8.673666e-001 -3.347672e-001  9.211900e-001  6.870589e-002  1.255149e+000  9.557084e-001  7.695580e-001 -2.363285e-001
-7.565823e-001 -1.245941e+001  1.497958e+001 -1.832827e+001 -1.921739e+001 -2.474280e+001 -1.210819e+001 -3.031515e+000 -1.251220e+001 -9.672951e+000 -4.741751e+000 -5.781886e+000  6.204660e+001  4.723658e+000 -5.268101e+000  3.457778e+000 -1.581672e-001  1.484445e-001 -2.679698e+000 -2.582557e+000  2.408578e+000 -2.976452e+000  3.243600e-001 -2.253167e-001  7.099696e-002  1.755988e+000 -1.771573e+000  2.434241e-001 -1.918170e+000  1.929152e+000  1.290671e+000  1.184850e+000  5.509848e-001  4.890680e-001  2.974011e-001  5.473436e-001  5.895319e-001  3.109373e-001 -7.758551e-001
-8.671732e-002 -1.636398e+001  1.757221e+001 -6.368359e+000 -1.912424e+001 -2.692941e+001 -1.058892e+001 -1.355794e+000 -9.409175e+000 -5.701231e+000 -2.660252e+000 -5.431368e+000  5.949648e+001  1.743817e+000 -3.387634e+000  5.260355e-001  2.533018e+000  6.768490e-001 -2.052092e+000 -1.676304e+000  1.312192e+000 -1.694309e+000  5.932465e-001  5.983400e-002  9.958783e-001  4.524422e-001 -1.759482e+000  1.286879e+000 -1.904511e+000  8.621321e-001  7.777520e-001  1.190779e+000  1.076023e+000  6.579830e-002  2.655240e-001 -2.709058e-001  1.294818e-001 -1.832629e-001 -5.358586e-001
 9.097813e-001 -1.718511e+001  1.430660e+001 -3.731661e+000 -1.629643e+001 -2.737534e+001 -1.348961e+001  2.414711e-001 -1.535596e+001 -8.666069e+000 -3.270272e+000 -5.351455e+000  5.891190e+001  4.783558e-001 -1.230989e+000 -1.020939e+000  2.722310e+000  1.745935e+000 -9.568430e-001 -5.568609e-002  6.334172e-001 -1.809099e+000 -9.994089e-001  2.898607e-001 -1.685252e-001 -1.300583e-001 -1.122746e+000  1.347350e+000 -9.575802e-001 -6.516894e-001  2.992516e-002  8.971483e-001  1.169229e+000 -3.516818e-001  3.685932e-001 -1.197964e-001 -4.085233e-001 -6.503822e-001 -1.071163e-001
 9.261047e-001 -1.736567e+001  1.353239e+001 -4.389344e+000 -1.319968e+001 -2.918858e+001 -1.106900e+001 -1.668128e-001 -1.607087e+001 -1.137971e+001 -2.852267e+000 -3.928668e+000  6.014837e+001  2.131998e-001 -2.144184e-001 -1.313536e+000  3.770234e-002  1.043040e+000  8.632584e-002  9.983953e-001  8.605978e-001 -1.846854e+000 -1.177453e+000 -4.230163e-001 -1.000140e+000  7.993011e-001 -4.779501e-001  8.323477e-001 -3.423285e-002 -1.654140e+000 -2.612567e-001  8.576123e-001  1.090647e+000 -6.189512e-002  3.839119e-001  4.158001e-001 -7.803733e-001 -8.395904e-001  2.303510e-001
 1.128785e+000 -1.811351e+001  1.189480e+001 -5.706224e+000 -1.345000e+001 -2.839743e+001 -1.214658e+001 -4.589196e-001 -1.822685e+001 -1.183076e+001 -3.196440e+000 -7.375862e+000  6.107037e+001 -1.247656e-001 -1.179604e-001 -4.103373e-001 -2.168957e+000  1.149748e-001  7.368342e-001  1.926236e+000  8.759658e-001 -1.057214e+000  6.107281e-001 -2.026508e+000 -2.182904e+000  1.046977e+000 -2.527179e-001  3.348744e-001  5.720588e-001 -1.660101e+000 -2.819551e-001  6.248639e-001  9.004260e-001  1.580509e-001  4.665185e-001  1.258023e+000 -8.599154e-001 -9.046625e-002  2.641166e-001
 8.697798e-001 -1.697187e+001  1.221043e+001 -5.192566e+000 -1.533226e+001 -2.598673e+001 -6.268457e+000  3.297390e+000 -1.720800e+001 -1.000615e+001 -4.812249e+000 -9.419866e+000  6.241375e+001 -3.443730e-001  2.175905e-001  4.957056e-002 -3.292049e+000  1.860458e-001  1.389131e+000  2.785968e+000  8.814417e-001 -1.506920e-001  1.867179e+000 -2.683848e+000 -2.194884e+000  1.015680e+000 -2.572088e-001  1.546984e-001  7.034806e-001 -9.608271e-001 -1.062057e-002  3.465273e-001  5.561852e-001 -5.630919e-002  3.255486e-001  1.395856e+000 -4.328785e-001  6.312015e-001  4.686515e-002
 3.141157e-001 -1.797182e+001  1.291590e+001 -1.417483e+001 -1.465526e+001 -2.529209e+001 -6.258701e+000  2.889199e+000 -2.007346e+001 -6.299207e+000 -1.242282e+001 -1.352038e+001  6.301409e+001 -5.064472e-001  2.273788e-001  1.157802e+000 -3.913317e+000  7.646565e-001  1.516074e+000  3.552657e+000  1.413250e+000 -3.245881e-001  3.768389e+000 -2.879300e+000 -2.348471e-002  1.082335e+000 -1.901947e-001  1.966960e-001  5.099791e-001  6.625199e-003 -1.952754e-003  1.546055e-001  2.119987e-001 -2.165397e-001  1.709968e-001  9.086754e-001  3.424617e-001  1.109947e+000 -6.897167e-002
-3.884252e-001 -1.634857e+001  1.326969e+001 -1.661528e+001 -1.166682e+001 -2.379560e+001 -8.309798e-002  2.566337e+000 -1.590102e+001 -4.809592e+000 -1.165832e+001 -1.183083e+001  6.425491e+001 -8.820033e-001  3.864042e-001  1.419797e+000 -3.894253e+000  6.650962e-001  1.429343e+000  2.966110e+000  3.104100e-001 -5.854238e-001  4.222998e+000 -2.161013e+000  1.076158e+000  1.015948e+000 -1.045746e-001  2.722051e-001  2.295944e-001  6.671181e-001 -2.850087e-001  6.915486e-003 -3.399421e-001 -4.282449e-001  2.065573e-001  2.695043e-001  7.178714e-001  8.972257e-001 -2.112600e-001
-7.743479e-001 -1.728827e+001  1.715418e+001 -1.956145e+001 -1.145944e+001 -2.191263e+001  2.524024e+000  6.972856e+000 -2.050328e+001  4.412907e+000 -1.416991e+001 -6.287804e+000  6.556147e+001 -8.069241e-001  7.811126e-001  1.454445e+000 -1.834729e+000 -1.343141e-001  1.489756e+000  2.896158e+000  7.878332e-002  1.513643e-002  3.976196e+000 -5.756174e-001  1.731310e+000  7.019844e-001  1.920331e-002  4.473719e-001 -1.501175e-001  9.314343e-001 -4.849969e-001  4.903909e-002 -7.783315e-001 -5.885770e-001  5.218610e-001 -5.230666e-001  8.879890e-001  2.246607e-001 -3.868355e-001
-2.996005e+000 -1.538162e+001  1.719027e+001 -2.197052e+001 -1.360469e+001 -2.052975e+001  4.170732e+000  2.807611e+000 -1.992021e+001  5.752777e+000 -1.474377e+001 -7.655365e+000  6.621980e+001 -7.170074e-001  1.301749e+000  1.049221e+000 -9.957523e-001 -7.895125e-001  1.436867e+000  1.414507e+000 -5.925499e-001  7.122324e-001  3.110797e+000 -2.463324e-001  1.413847e+000  1.495552e-001  1.659384e-001  5.066588e-001 -2.002086e-001  6.749969e-001 -2.418585e-001  9.634855e-002 -9.332453e-001 -2.189296e-001  4.686107e-001 -6.570547e-001  6.305487e-001  9.156589e-002 -4.667203e-001
-2.416715e+000 -1.454972e+001  1.822783e+001 -2.067086e+001 -1.435790e+001 -1.947623e+001  6.095174e+000  3.162478e+000 -1.798819e+001  8.300588e+000 -1.375818e+001 -6.951562e+000  6.554156e+001 -4.929286e-001  2.006566e+000  5.925022e-001 -7.053957e-001 -9.330236e-001  1.757507e+000  4.368016e-001 -1.078156e+000  1.635888e+000  1.709156e+000  6.033046e-001  9.309738e-001 -4.186462e-001  1.398219e-001  5.369138e-001 -1.752888e-001  8.873262e-002  4.827254e-002  1.816000e-001 -1.079417e+000  6.233300e-002  1.100724e-002 -4.818434e-001  2.673774e-001  1.261744e-001 -4.221615e-001
-3.152279e+000 -1.120910e+001  1.797897e+001 -2.103934e+001 -1.416515e+001 -1.782946e+001  5.203864e+000  1.508776e+000 -1.359741e+001  8.800550e+000 -1.309584e+001 -4.429712e+000  6.501263e+001 -2.093089e-001  2.306972e+000  8.497257e-001 -1.083935e+000 -1.448417e-001  1.777210e+000 -4.704382e-001 -2.057687e-001  9.472539e-001  2.071244e+000  4.022699e-001  1.934155e+000 -7.573387e-001  2.909084e-002  4.998052e-001 -3.977901e-002 -1.966669e-001  2.022306e-001  3.086242e-001 -9.004105e-001  2.808996e-001 -3.152951e-001 -2.838899e-001  1.326354e-001  2.639073e-001 -2.742273e-001
-3.160854e+000 -9.341702e+000  1.972234e+001 -2.355402e+001 -1.584433e+001 -1.447524e+001  4.191466e+000  2.231495e+000 -1.548524e+001  1.143480e+001 -1.197735e+001 -3.245761e+000  6.407182e+001 -3.616640e-001  2.963070e+000  6.777489e-001 -1.346974e+000 -2.152868e-001  2.227585e+000 -1.558454e+000  1.970577e-001 -4.733811e-002  2.086756e+000  4.369682e-001  2.102028e+000 -9.553760e-001 -1.316155e-001  3.693194e-001  6.311397e-002 -4.925253e-002  3.704746e-002  3.096856e-001 -5.929847e-001  1.798136e-001 -2.601377e-001 -2.614086e-001  1.927939e-002  3.069265e-001 -1.118317e-001
-3.670480e+000 -6.450777e+000  2.069165e+001 -2.594862e+001 -1.358568e+001 -1.414420e+001  2.770395e+000  2.244260e+000 -1.643542e+001  1.454189e+001 -1.362284e+001  1.625087e-001  6.316798e+001 -6.371855e-001  3.322523e+000  8.077027e-001 -1.658298e+000 -1.372281e-001  2.744950e+000 -2.089917e+000  1.743416e-001 -2.262983e-002  1.502548e+000  5.000130e-001  2.147857e+000 -9.532166e-001 -1.300097e-001  3.986285e-002  8.322116e-002  3.886760e-001 -2.330691e-001  1.180066e-001 -7.488302e-002 -1.827447e-001  1.687618e-001 -7.023463e-001  2.703348e-001 -7.060666e-002 -6.698899e-002
-3.965934e+000 -2.113533e+000  2.026024e+001 -2.495109e+001 -1.572406e+001 -1.018094e+001 -4.803596e-001  3.780025e+000 -1.680587e+001  1.586370e+001 -1.130984e+001  1.262468e+000  6.168701e+001 -9.370676e-001  3.345387e+000  9.290836e-001 -6.644772e-001 -7.515931e-001  2.822065e+000 -1.718382e+000 -3.691428e-001  8.201416e-001  6.864617e-001  6.508300e-001  2.358755e+000 -8.798656e-001  2.153969e-002 -3.962578e-001  4.872475e-002  7.813028e-001 -1.173112e-001 -2.721896e-001  3.408647e-001 -3.061863e-001  4.076400e-001 -9.772086e-001  2.956023e-001 -1.714303e-001 -9.036878e-002
-5.935666e+000  1.789435e+000  2.174854e+001 -2.863229e+001 -1.491142e+001 -6.251863e+000 -2.909811e+000  1.606219e+000 -1.305024e+001  1.409884e+001 -1.092953e+001  4.055457e+000  6.143896e+001 -5.716556e-001  2.315127e+000  1.140164e+000  5.181961e-001 -1.042034e+000  2.070003e+000 -7.648891e-001 -8.363917e-001  1.357323e+000 -7.403407e-001  1.647013e+000  1.452758e+000 -1.130039e+000  2.397688e-001 -6.233091e-001 -2.026931e-001  9.976013e-001  1.463474e-001 -6.846972e-001  5.438321e-001 -2.491709e-001  1.754840e-001 -9.135043e-001  2.123275e-001 -3.228775e-001 -1.787485e-001
-6.713599e+000  3.265130e+000  2.383932e+001 -2.553457e+001 -1.893942e+001 -4.311085e+000 -1.560342e+000  7.048014e-001 -1.307712e+001  1.508863e+001 -1.006985e+001  6.601541e+000  6.053701e+001 -2.867304e-001  1.485479e+000  7.551419e-001  1.471293e+000 -3.494397e-001  1.204110e+000 -5.166441e-001 -8.285070e-001  1.300885e+000 -1.677843e+000  1.341480e+000  1.592426e+000 -1.318809e+000  3.676075e-001 -5.139332e-001 -4.436938e-001  5.409175e-001  5.538765e-001 -7.399275e-001  4.291147e-001 -1.950640e-001 -5.092510e-002 -7.316206e-001 -2.750568e-002 -5.046359e-001 -2.103712e-001
-5.154926e+000  2.435527e+000  2.460293e+001 -2.306590e+001 -1.718817e+001 -6.729116e+000 -5.140588e-001 -4.000873e-001 -1.151318e+001  1.122772e+001 -6.007768e+000  4.756763e+000  5.809279e+001  2.364898e-001  1.135932e+000 -1.187918e-001  2.261824e+000  3.934324e-001  1.304409e-001  2.837371e-002 -8.418310e-001  6.144185e-001 -1.882821e+000  1.216326e+000  9.166341e-001 -1.627488e+000  2.849803e-001 -1.606626e-001 -4.619775e-001 -1.007747e-001  5.584680e-001 -3.387626e-001  1.845660e-001 -2.356405e-001 -1.875360e-001 -1.895827e-001 -3.407119e-001 -3.858022e-001 -1.156768e-001
-5.789957e+000  4.990816e+000  2.260875e+001 -2.037782e+001 -1.633289e+001 -3.921763e+000 -4.261456e+000  6.406432e-001 -1.106998e+001  8.910042e+000 -7.063326e+000  8.873946e+000  5.676605e+001  4.968971e-001  1.365319e+000 -6.599075e-001  1.168296e+000  1.300056e+000  9.220839e-002  3.055974e-002 -1.341743e+000  9.369684e-001 -2.400401e+000  7.286451e-001  1.036377e-001 -1.682997e+000  2.522831e-001 -2.422384e-001 -5.720471e-002 -6.492631e-001  2.745369e-001 -1.155934e-001  1.980623e-001 -3.467597e-001 -3.352206e-001  3.393983e-001 -3.362968e-001 -4.831022e-001  7.922196e-002
-5.215038e+000  6.606251e+000  2.176986e+001 -1.990154e+001 -1.424753e+001 -5.794319e+000 -1.417385e+000 -2.570857e+000 -1.098172e+001  7.774030e+000 -6.351163e+000  7.502425e+000  5.518700e+001  4.614319e-001  1.571894e+000 -4.621988e-001  1.658211e-001  9.255583e-001  9.321405e-001 -1.156610e-001 -1.757976e+000  6.016013e-001 -1.326975e+000  2.498708e-001  2.681414e-001 -1.526329e+000  9.902155e-002 -3.942244e-001  3.214170e-001 -8.394129e-001  2.501779e-001  6.735456e-003 -1.912086e-001 -1.755985e-001 -2.224075e-001  5.913305e-001 -4.922611e-001 -3.394347e-001  2.523753e-001
-4.199058e+000  8.006363e+000  2.195631e+001 -2.127526e+001 -1.390947e+001 -4.317441e+000 -9.558805e-001 -4.918531e+000 -8.658006e+000  4.813474e+000 -6.254930e+000  5.746899e+000  5.357492e+001  8.622138e-001  5.630593e-002  6.408218e-001 -7.270214e-001  7.571818e-001  2.252934e-001  5.456846e-001 -2.104233e+000 -3.688095e-001 -2.587747e-001  1.432230e-001 -4.988383e-001 -9.732784e-001 -4.596456e-002 -3.553258e-001  2.693490e-001 -4.057782e-001  3.514035e-001 -8.488182e-002 -2.615745e-001 -7.426665e-002  1.607344e-003  6.920043e-001 -5.198848e-001 -2.027092e-001  2.039598e-001
-3.643216e+000  8.787225e+000  2.261815e+001 -2.178807e+001 -1.377209e+001 -1.870575e+000 -2.745152e+000 -6.410379e+000 -9.711158e+000  6.641122e+000 -5.162612e+000  7.660994e+000  5.205671e+001  5.489392e-001 -1.806837e-001  8.379284e-001 -9.875814e-001  1.915759e+000  9.757566e-002 -1.185232e+000 -1.338579e+000  1.552700e-001  3.017950e-003 -9.522689e-001 -4.793012e-001 -7.204704e-001 -1.654764e-001 -5.462944e-002 -8.443840e-002  7.479689e-002  5.480407e-001 -7.381053e-002 -2.249905e-001 -6.701122e-002  5.191107e-001  3.443930e-001 -3.936842e-001 -1.186509e-001 -2.288635e-002
-2.264799e+000  4.181859e+000  2.538871e+001 -2.306967e+001 -1.278470e+001 -4.757168e+000 -8.691497e-001 -7.960760e+000 -1.354930e+001  8.182622e+000 -6.941486e+000  6.300470e+000  5.346480e+001  2.233206e-001  4.649788e-001  3.677406e-002 -2.838938e-001  2.561973e+000  8.508170e-002 -7.425277e-001 -1.922775e+000  1.168171e+000  3.946243e-001 -1.269709e+000 -5.361868e-001 -1.066127e+000 -2.962278e-001  4.997315e-001 -5.012217e-001  5.545174e-001  2.995175e-001  4.122573e-001 -2.125903e-001 -2.156248e-002  8.572232e-001  5.351694e-002 -1.427117e-001  7.666646e-002 -3.763657e-001
-3.437471e+000  7.615085e+000  2.424330e+001 -2.394225e+001 -5.231117e+000 -5.086577e+000 -7.386909e+000 -7.742635e+000 -7.759718e+000  6.104546e+000 -1.076923e+001  4.829134e+000  5.163970e+001 -4.650359e-002  1.094411e+000 -5.823669e-001  3.182417e-001  2.763366e+000  6.331937e-001 -5.965073e-001 -2.183761e+000  2.428665e+000  6.829033e-002 -1.012084e+000 -3.064388e-001 -1.594336e+000 -2.535789e-001  3.010228e-001 -4.110872e-001  9.490212e-001 -4.461794e-001  5.543160e-001  3.036003e-001 -4.903247e-002  3.519401e-001 -7.892894e-002  1.092469e-001  9.746261e-002 -4.615980e-001
-3.185327e+000  1.091733e+001  2.132761e+001 -2.161764e+001 -5.370088e+000 -2.284032e+000 -2.347641e+000 -1.386628e+001 -3.792872e+000  7.054884e+000 -9.800167e+000  4.481895e+000  4.845279e+001 -3.212041e-001  1.917416e+000 -1.155139e+000  1.392654e+000  1.830966e+000  2.018771e+000 -8.116292e-001 -1.789454e+000  2.780609e+000 -2.382622e-002 -5.404277e-001 -2.019372e-001 -2.418174e+000 -3.288061e-001 -2.882809e-001 -8.943173e-002  1.174254e+000 -6.659479e-001  2.798958e-001  3.574060e-001  4.900477e-001 -5.914461e-001 -7.353761e-002  1.438926e-001 -1.364253e-001 -2.937576e-001
-3.415470e+000  1.089154e+001  2.173687e+001 -2.092288e+001 -3.662565e+000  5.882533e-002 -4.988442e+000 -1.437642e+001 -2.446051e+000  7.546443e+000 -8.793692e+000  7.038088e+000  4.659104e+001 -4.466929e-001  5.982115e-001 -6.215512e-001  2.919251e+000  5.036602e-002  1.902311e+000  3.673204e-001 -1.650401e+000  1.108751e+000 -1.824015e-001 -7.706751e-001 -1.591129e-001 -2.352437e+000 -3.751528e-001 -7.309627e-001 -1.571735e-001  1.320520e+000 -3.857304e-001 -1.488616e-001  4.098022e-001  1.012202e+000 -1.240012e+000 -3.373462e-001  3.746781e-001 -4.079947e-001 -8.846464e-002
-3.881820e+000  1.213071e+001  2.086623e+001 -1.761608e+001 -4.414145e+000  2.763985e+000 -6.126529e+000 -1.359114e+001 -2.303093e+000  7.342542e+000 -1.063139e+001  4.186307e+000  4.389826e+001 -1.220615e+000 -7.283263e-001 -3.907925e-001  4.286874e+000  5.887338e-001  8.500016e-001  5.625885e-001  2.607838e-001 -1.129103e+000  1.522821e-001 -6.709509e-001 -1.291976e+000 -2.155865e+000 -2.923021e-001 -1.000658e+000 -6.561593e-001  9.835664e-001  1.288583e-001 -9.339783e-001  1.855730e-001  1.496373e+000 -1.119630e+000 -8.930001e-001  8.880814e-001 -2.201215e-001  1.028556e-001
-5.322690e+000  9.999450e+000  2.136623e+001 -1.134678e+001 -5.457258e+000  1.900970e+000 -3.660862e+000 -1.613221e+001 -2.960850e+000  5.048709e+000 -1.420699e+001  4.181363e+000  4.215478e+001 -1.472562e+000 -1.237532e+000 -1.750408e+000  5.473734e+000  1.455830e+000  4.732702e-001  7.653949e-001  1.852129e+000 -1.816537e+000 -1.706495e+000  9.265683e-001 -1.801393e+000 -2.167814e+000 -1.634035e-001 -7.559919e-001 -1.414906e+000  1.357678e-001  5.254894e-001 -1.111079e+000 -3.279649e-001  1.657852e+000 -1.728306e-001 -8.361263e-001  1.189250e+000 -1.762673e-001  8.480825e-002
-8.334794e+000  7.721742e+000  1.955896e+001 -4.971325e+000 -1.529073e+000  1.044904e+000 -1.984883e-001 -1.168447e+001 -9.180987e+000  9.065162e+000 -1.044827e+001 -5.496249e-001  3.989159e+001 -1.269780e+000 -2.168003e+000 -3.871507e+000  5.033245e+000  1.772525e+000 -1.936600e+000 -8.280148e-002  3.941146e+000 -1.354897e+000 -3.726780e+000  3.051358e+000 -4.814046e-001 -1.996208e+000  3.517386e-002 -3.577098e-001 -1.494180e+000 -7.888299e-001  3.391589e-002 -8.680090e-001 -3.139616e-001  1.060143e+000  1.071608e+000 -3.483752e-001  7.774099e-001  5.476518e-001  7.342856e-002
-8.551792e+000  6.908370e+000  1.363846e+001  1.234149e-001  2.174050e+000  3.284717e+000 -4.125488e+000 -6.069118e+000 -8.089789e+000 -1.847340e+000 -4.252411e+000  3.990903e-001  3.775531e+001 -1.239128e+000 -2.461910e+000 -5.955724e+000  3.224904e+000  2.085917e+000 -2.259784e+000 -9.498090e-001  4.798680e+000  3.574958e-001 -2.423502e+000  3.314420e+000 -1.445736e+000 -2.008224e+000  3.855194e-002  1.895045e-002 -6.525217e-001 -1.489442e+000 -4.954023e-001 -5.608169e-001 -1.195511e-001  7.197385e-002  1.366732e+000  7.606668e-001  4.979635e-002  8.196742e-001  1.142797e-001
-8.616170e+000  2.836238e+000  5.372581e+000  1.815045e+000  6.328257e-001 -7.610889e+000 -6.308223e+000  1.083043e+000 -6.513110e+000 -7.843333e+000 -3.518958e-001  3.670420e+000  3.611696e+001 -1.161463e+000 -1.904686e+000 -5.759036e+000  1.467139e+000  4.432696e-001 -2.123516e+000 -1.496174e-001  4.088222e+000  3.141922e+000 -1.231090e+000  2.022173e+000  1.268454e+000 -1.868517e+000  2.695202e-002  5.525164e-001  5.812760e-001 -1.610616e+000 -8.278186e-001  4.407757e-001  4.560331e-001 -9.213277e-001  1.003599e+000  1.363188e+000 -3.957060e-001  4.786910e-001  1.912220e-001
-1.137764e+001  1.326523e-001 -1.319195e+000  1.384561e+000  3.891381e+000 -5.070054e+000 -5.355040e+000  1.477431e+000 -2.507310e+000  1.385446e+000 -2.683081e+000 -5.157338e+000  3.400097e+001 -1.333961e+000 -1.274438e+000 -4.069252e+000 -1.904225e-001 -3.565535e-001 -2.237356e+000  2.010476e-001  2.138460e+000  2.768714e+000  8.489946e-001  1.690142e+000  1.422049e+000 -1.660261e+000  1.731628e-001  9.038432e-001  1.564358e+000 -1.047968e+000 -8.005970e-001  7.035809e-001  4.947762e-001 -1.462719e+000  5.256259e-002  7.368118e-001 -3.941677e-001  2.678440e-001  3.163335e-001
-1.272918e+001  1.586170e+000 -1.757388e+000  1.733796e+000 -1.713898e-001 -5.395292e+000 -3.317997e-001  4.983367e+000  3.737380e+000  1.293318e+000 -1.122071e+000  8.570858e+000  3.242618e+001 -1.087604e+000  8.430153e-004 -1.908363e+000 -1.312172e+000 -1.145332e+000  2.560642e-001  1.621936e+000  6.646173e-001  2.457490e+000  1.452911e+000  1.884966e+000  4.781580e-001 -1.214079e+000  2.984764e-001  8.378161e-001  1.605339e+000 -3.879710e-001 -3.038785e-001  7.819476e-001  1.458548e-001 -1.316528e+000 -7.667052e-001  3.014183e-002 -5.228792e-001 -9.930377e-001  3.913193e-001
-1.316509e+001  1.161214e+000 -3.142812e+000 -7.880735e-001  7.933905e-001 -9.009861e+000 -6.108462e+000  2.673020e+000  6.285340e-001 -2.170692e+000  4.583388e+000  5.059116e+000  3.129939e+001 -4.102435e-001  1.104542e+000 -5.927137e-002 -6.252823e-001 -1.122766e+000  6.832971e-002  6.382952e-001 -8.031153e-001  9.625244e-001 -8.144367e-002  1.412184e+000  2.886325e-001 -7.537756e-001  3.316380e-001  5.249710e-001  1.206552e+000  2.165031e-001 -1.681100e-001  7.296753e-001  2.413575e-002 -8.852516e-001 -7.941265e-001 -5.388188e-001 -1.020265e+000 -1.044568e+000  3.796189e-001
