30 39
-1.508936e+001  7.510627e+000  3.031591e+000  2.356943e+000 -6.696293e-001 -4.319946e+000  2.075153e+000  7.847216e-003 -9.295553e-002 -2.350564e+000  3.797649e-001 -1.082078e+000  3.320947e+001 -1.205478e+000  2.142142e+000 -6.310148e-001  1.108391e+000  2.060798e+000  1.069675e+000 -5.147560e-001 -9.188287e-001 -2.165435e+000 -4.159090e+000 -2.727606e+000 -2.766905e+000  2.857883e+000  2.970837e-001  6.301199e-001  1.691244e-001  3.475372e-001 -1.460287e-001 -7.599615e-001 -8.113940e-001 -3.659503e-001  4.850805e-001  1.979042e-001 -2.174481e-002 -5.874117e-001  9.376727e-001
-1.809715e+001  6.581055e+000 -4.039663e+000  6.801080e+000  2.370989e+000 -5.941239e+000  3.974047e+000  1.650098e+000 -9.604695e+000 -9.871815e+000 -3.717185e+000 -8.829859e+000  3.982037e+001 -2.340211e-001  2.950662e+000  2.947188e-001  1.991047e+000  3.667748e-001 -1.770353e+000 -2.212695e+000 -1.342793e+000 -1.211189e+000 -3.088331e+000 -1.071244e+000 -3.768458e+000  3.974616e+000  5.242344e-001  4.001455e-001  7.367013e-001 -6.837120e-002 -8.925821e-001 -1.183740e+000 -3.411889e-001 -3.562220e-001  1.220495e+000  1.246791e+000  3.528626e-001  1.915605e-001  3.968048e-001
-1.867173e+001  1.199758e+001  1.152095e+000  5.711790e+000  3.432923e+000 -5.335463e+000 -7.290523e+000 -9.876184e+000 -8.860448e+000 -1.632299e+001 -7.226774e+000 -1.296474e+001  4.035889e+001  8.979966e-001  3.275733e+000  8.637963e-001  1.221304e+000 -1.171154e+000 -4.722402e+000 -1.221101e+000 -2.283586e+000 -6.716535e-001 -1.395121e+000 -8.368306e-001 -2.984156e+000  4.139684e+000  2.028262e-001 -3.897528e-001  2.413637e-001 -1.291997e-001 -7.041551e-001 -4.373956e-001  5.722359e-001  3.337743e-001  8.531391e-001  1.581764e+000  6.563578e-001  1.143726e+000  8.211572e-002
-1.370427e+001  1.522320e+001  2.798819e+000  8.079974e+000 -2.397210e+000 -1.527443e+001 -5.177542e+000 -8.927296e+000 -7.438802e+000 -9.508341e+000  1.124592e-001 -1.552566e+001  4.680765e+001  7.050419e-001  2.675508e+000  1.976670e+000  7.562113e-001 -1.962633e+000 -3.109888e+000  1.372897e-001 -1.301212e+000  1.700460e+000  1.071586e+000 -6.973059e-001 -5.421225e-001  3.420036e+000 -4.547423e-001 -1.109379e+000 -3.807415e-001 -4.983851e-001  1.339705e-001  1.297662e+000  6.040299e-001  4.936420e-001  1.728179e-001  9.049926e-001  1.062706e-001  1.698126e+000 -2.548235e-001
-1.279581e+001  1.956822e+001  3.931331e+000  7.824015e+000 -4.141299e+000 -2.326536e+001  5.454417e-001 -6.121385e+000 -4.534170e+000 -9.507906e+000 -5.719211e+000 -1.265496e+001  5.041425e+001 -6.608785e-001  3.309553e-001 -2.651715e-001  1.079811e+000 -2.952740e-001 -4.475350e-001  1.171431e+000  7.292524e-001  6.444361e-001  1.669771e+000  3.672134e-001  1.338559e+000  3.545752e+000 -5.025586e-001 -1.464608e+000 -4.941962e-001 -6.411433e-001  9.416649e-002  1.598954e+000 -3.142961e-001  3.565282e-001 -3.141611e-001  1.726739e-001  2.084867e-001  1.545163e+000 -2.119775e-001
-1.750989e+001  1.617327e+001  4.454067e+000  9.526024e+000 -3.655063e+000 -1.252573e+001  7.425137e-001 -6.733363e+000 -3.265534e+000 -7.921428e+000 -7.957497e+000 -1.169536e+001  5.189287e+001 -1.728295e+000 -1.123846e+000 -1.044505e+000 -4.301322e-001  5.986872e-001  2.580525e+000 -3.888116e-001 -3.810017e-001 -1.005144e+000 -9.581403e-002 -1.141913e+000  2.560817e+000  2.997464e+000  3.677698e-001 -1.431682e+000 -4.507694e-002 -1.090906e+000 -8.519937e-001  4.023755e-002 -9.370832e-001  1.453957e-001 -5.085205e-001 -1.541300e-001  2.485841e-001  9.577880e-001 -6.545114e-003
-2.007331e+001  1.317732e+001 -1.001387e+000  1.038782e+001  2.585480e+000 -8.947487e+000 -4.393394e+000 -7.326888e+000 -7.724901e+000 -8.767591e+000 -1.355729e+000 -8.187094e+000  5.554504e+001 -3.981277e-001 -2.147628e+000 -9.659746e-002 -1.391241e+000 -1.980981e+000  4.271596e-001 -2.529531e+000 -9.610501e-001 -8.896571e-001  5.194831e-002  4.279066e-001  3.190191e+000  3.291082e+000  1.250679e+000 -1.319019e+000  9.781762e-001 -1.766525e+000 -2.168698e+000 -1.615410e+000 -9.788812e-001  2.568575e-001 -3.009081e-001  1.819538e-001 -2.755033e-001  1.894095e-001 -8.135800e-002
-1.870700e+001  1.279942e+001  4.265327e-002  4.647412e+000 -2.767163e+000 -9.530740e+000 -4.652182e+000 -1.022955e+001 -1.086915e+001 -1.035757e+001 -7.778848e+000 -4.955506e+000  5.922958e+001  2.412515e+000 -3.243612e+000  1.666998e+000 -3.462794e+000 -5.379747e+000 -3.346048e+000 -2.697645e+000  2.709177e-001 -7.509570e-002  1.109847e+000  5.152680e-001  3.321002e+000  3.514645e+000  1.386385e+000 -1.157559e+000  1.203089e+000 -1.504746e+000 -1.981237e+000 -1.723541e+000 -1.631204e-001  1.085018e+000  7.194605e-002  8.574207e-001  2.142555e-001 -5.902513e-001 -1.898321e-001
-1.418790e+001  1.051700e+001  5.654051e+000  3.307117e+000 -1.449016e+001 -2.262706e+001 -9.404866e+000 -9.178540e+000 -5.180645e+000 -8.030094e+000 -3.669002e+000 -7.393280e-002  6.320131e+001  3.522110e+000 -5.204256e+000  3.269958e+000 -6.236485e+000 -8.149546e+000 -5.561298e+000 -2.568558e+000  1.687580e+000 -1.325128e+000  1.976710e+000 -1.838894e+000  1.905514e+000  2.880371e+000  6.192641e-001 -8.313979e-001  4.821997e-001 -1.018996e+000 -1.226531e-001 -8.668666e-002  6.036023e-001  1.382445e+000 -3.228141e-001  8.045029e-001  1.880156e-001 -1.162441e+000 -4.897002e-001
-8.390019e+000  1.285371e+000  9.461337e+000 -4.247597e+000 -2.201598e+001 -2.241619e+001 -1.023997e+001 -4.452948e+000 -4.913141e+000 -2.740943e+000 -4.224520e+000  8.530657e-001  6.563796e+001  3.243511e+000 -5.383326e+000  3.287664e+000 -5.531242e+000 -6.223218e+000 -3.042949e+000 -1.184900e+000  3.719774e+000 -4.276777e-001  3.228909e+000  1.062765e+000  2.518987e-001  2.253660e+000 -2.470080e-001 -1.137947e-001 -6.063011e-001  2.141333e-001  1.881603e+000  1.201544e+000  1.025509e+000  9.636202e-001 -4.994305e-001  1.441626e-001  6.090510e-001 -1.112335e+000 -6.785196e-001
-7.621244e+000 -7.086934e+000  1.063906e+001 -1.634710e+001 -2.853784e+001 -3.031125e+001 -1.444229e+001 -1.777289e+000 -1.732855e+001 -2.692355e+000 -1.232736e+001 -1.563807e+000  6.674270e+001  2.282695e+000 -5.234761e+000  1.504068e+000 -5.451995e+000 -2.172512e+000 -1.578232e-001 -2.678917e-001  4.226748e+000 -2.327436e+000  3.014932e+000  1.094236e+000 -1.087460e+000  1.473074e+000 -4.201002e-001  6.465448e-001 -1.481993e+000  1.536013e+000  3.199657e+000  1.195142e+000  1.284415e+000  5.588368e-001 -2.665216e-001 -4.954129e-001  9.651824e-001 -5.484622e-001 -6.720339e-001
-5.772769e+000 -5.315239e+000  1.398847e+001 -1.318169e+001 -2.685941e+001 -2.090339e+001 -8.057972e+000  4.668692e+000 -6.933591e+000  3.118104e+000  1.864155e+000 -2.951076e+000  6.872718e+001  1.797183e+000 -3.797333e+000 -4.815622e-001 -2.784373e+000  1.039749e+000 -4.006729e-002  1.279569e+000  3.819435e+000 -2.071094e+000  1.311549e+000  2.093958e+000 -7.441866e-001  8.256958e-001 -2.377611e-001  7.189885e-001 -1.821414e+000  1.721525e+000  2.934571e+000 -3.181768e-001  7.962350e-001 -6.066847e-002 -5.318710e-001 -1.056692e+000 -2.475559e-001 -1.956019e-001 -6.668454e-001
-4.083049e+000 -1.235650e+001  1.091082e+001 -1.948581e+001 -2.293100e+001 -2.417257e+001 -1.183533e+001  7.394377e+000 -1.580760e+001  4.115042e+000 -1.242158e+000 -3.609163e+000  6.902207e+001  2.144773e+000 -2.764528e+000 -2.255392e+000  7.014322e-002  4.217257e+000 -1.087027e+000  2.621283e+000  4.431933e+000 -1.836028e+000  4.583248e-001  2.471421e+000 -3.387536e-001  2.341835e-001  1.648266e-002  8.287416e-001 -1.464062e+000  1.726703e+000  2.031351e+000 -1.173434e+000  3.716952e-001 -5.639825e-001  3.445476e-001 -8.616431e-001 -8.073835e-001  1.832408e-003 -5.893912e-001
-1.173203e+000 -1.506651e+001  6.917645e+000 -1.660011e+001 -1.962066e+001 -2.568586e+001 -5.145610e+000  1.005840e+001 -1.602909e+001  4.131019e-001  7.026700e-001 -1.845189e+000  6.862675e+001  2.123666e+000 -3.023500e+000 -3.939676e+000  3.153142e-001  5.254751e+000 -4.169231e+000  1.351688e+000  3.313839e+000 -3.332736e+000 -7.762462e-001 -8.636075e-001 -1.100464e+000 -4.611221e-001 -4.801912e-002  8.015475e-001 -9.256318e-001  8.242494e-001  1.076883e+000 -8.053848e-001 -5.135159e-001 -1.127211e+000  7.889999e-001 -6.824359e-002 -1.368703e+000 -9.047122e-002 -4.460561e-001
 8.028377e-001 -1.603394e+001  2.897512e+000 -1.428718e+001 -1.107093e+001 -3.335515e+001 -2.792055e+000  1.768753e+001 -2.196095e+001  9.517709e-001  6.104885e-001 -3.810519e+000  6.796383e+001  2.201867e+000 -1.477969e+000 -4.087183e+000  1.631674e+000  5.876740e+000 -3.960411e+000  1.554525e+000  1.659633e+000  2.612286e-002 -2.493858e-001 -1.463898e+000 -9.001594e-001 -8.304726e-001 -2.444981e-001  9.001935e-001 -4.171559e-001  1.107517e-002  1.072939e-001  3.519810e-001 -1.141560e+000 -1.668248e+000  1.161753e+000  5.966503e-001 -1.303557e+000  1.471149e-001 -2.649905e-001
 2.402618e+000 -1.859402e+001 -1.703255e+000 -1.420443e+001 -6.515697e+000 -3.715826e+001 -5.821168e+000  1.609131e+001 -2.052060e+001  8.185087e-001 -3.380207e+000 -8.352719e+000  6.695069e+001  1.528540e+000 -4.328749e-001 -4.193826e+000  5.561084e-001  5.594422e+000 -2.630299e+000 -7.546315e-001 -4.304679e-001  9.428300e-001  1.324186e+000 -2.781897e+000 -9.158398e-001 -8.722565e-001 -3.357800e-001  1.132566e+000  1.236072e-002 -1.690949e-001 -4.504327e-001  1.664305e+000 -1.053111e+000 -1.188104e+000  1.036796e+000  1.019834e+000 -3.656065e-001  6.847247e-001 -5.968254e-002
 5.138375e+000 -1.798259e+001 -5.214646e+000 -1.252528e+001 -9.978029e-002 -3.823843e+001 -3.724923e+000  1.267609e+001 -1.343123e+001  2.665410e+000 -6.520211e+000 -4.856195e+000  6.570774e+001  1.219845e+000  4.411264e-001 -4.214097e+000  5.121994e-003  4.583891e+000 -9.658775e-002 -2.033356e+000 -2.037152e+000  1.834955e+000  2.391360e+000 -3.087218e+000  3.045088e-001 -8.852021e-001 -4.206273e-001  7.965118e-001  1.799937e-001 -4.162144e-001 -1.129026e+000  1.896175e+000 -9.469214e-001 -5.695511e-001 -2.493584e-001  5.481016e-001  2.087918e-001  6.349147e-001  5.188424e-002
 4.301729e+000 -1.625656e+001 -9.995405e+000 -1.470051e+001  2.865879e+000 -3.639572e+001 -8.452333e+000  1.041178e+001 -1.557979e+001  6.177213e+000 -9.641464e+000 -5.901550e+000  6.539352e+001  9.357769e-001  1.679784e+000 -3.814416e+000  2.831158e-001  3.649012e+000  2.220381e+000 -2.119925e+000 -7.782905e-001  9.468269e-001  3.002549e+000 -1.879980e+000  1.720825e+000 -7.321701e-001 -3.021753e-001  3.289548e-001  4.922393e-001 -2.512608e-001 -1.532401e+000  1.503022e+000 -2.201582e-001 -6.645764e-002 -8.906615e-001 -2.727439e-001  9.024856e-001  2.820359e-001  8.123394e-002
 5.952509e+000 -1.499704e+001 -1.402690e+001 -1.401353e+001  7.157743e+000 -3.421936e+001 -1.164325e+001  1.034153e+001 -1.525657e+001  1.022922e+001 -1.169497e+001 -3.513559e+000  6.431641e+001  3.951122e-001  1.448260e+000 -3.376920e+000 -3.129016e-001  1.204313e+000  3.095123e+000 -2.497436e+000 -1.014211e+000 -1.222668e+000  1.651941e+000 -8.708979e-001  9.560813e-001 -6.410946e-001 -2.870500e-001 -1.177057e-001  8.366277e-001 -1.492299e-001 -1.665197e+000  8.276569e-001  3.569243e-001  1.435755e-001 -1.173406e+000 -7.396902e-001  1.247557e+000 -3.448476e-001  1.409147e-001
 6.674436e+000 -1.168788e+001 -1.636921e+001 -1.204473e+001  8.100599e+000 -2.806589e+001 -1.246163e+001  1.336714e+001 -1.487379e+001  1.204935e+001 -1.019273e+001 -4.199100e-001  6.398551e+001  4.300300e-001  7.083325e-001 -2.151218e+000 -5.411839e-001 -3.777960e-001  3.288955e+000 -1.623382e+000 -1.274227e+000 -1.981666e+000  3.301763e-001  6.223712e-001  1.685534e-001 -5.881405e-001 -2.524173e-001 -5.069010e-001  1.019831e+000 -2.133634e-001 -1.428222e+000  1.029521e-001  6.471081e-001 -2.229911e-001 -8.958406e-001 -7.013480e-001  9.600251e-001 -7.761807e-001  1.528722e-001
 5.927583e+000 -1.302563e+001 -1.891234e+001 -1.541768e+001  3.304425e+000 -2.692773e+001 -1.420745e+001  6.127350e+000 -1.989757e+001  7.989048e+000 -1.059907e+001 -2.816609e+000  6.320627e+001  3.746877e-002  3.383236e-001 -8.625572e-001 -3.288774e-001 -1.728692e+000  3.507410e+000 -4.970055e-001 -1.071307e+000 -2.567828e+000  2.909565e-002  1.899389e+000 -6.435934e-001 -2.526432e-001 -1.572762e-001 -3.499852e-001  1.092569e+000  5.771331e-002 -7.273641e-001 -1.019316e-001  9.128576e-001 -6.483328e-002 -7.221851e-002 -1.479797e-001  6.670659e-001 -5.016265e-001  1.743096e-001
 6.464343e+000 -1.370060e+001 -1.830877e+001 -1.670436e+001  2.903558e+000 -2.359676e+001 -1.528714e+001  6.147734e+000 -2.316763e+001  8.948181e+000 -7.077560e+000 -5.407258e+000  6.300788e+001 -1.474881e-001 -2.997533e-001  2.756004e-002 -7.757133e-001 -2.025596e+000  2.528998e+000  1.154006e-001 -1.864698e+000 -2.859796e+000  3.072314e-001  1.535002e+000 -1.360241e+000 -1.620346e-001 -1.857582e-001 -1.891718e-001  7.307453e-001 -5.322365e-002 -4.364035e-001 -4.085700e-001  5.801851e-001 -4.362842e-001  4.276407e-001 -2.934081e-001 -1.099624e-001 -3.727769e-001  8.674892e-002
 6.244899e+000 -1.229906e+001 -1.736990e+001 -1.332810e+001  1.112802e+000 -1.891688e+001 -1.271552e+001  8.594699e+000 -2.394880e+001  1.192528e+001 -3.755610e+000 -4.237852e+000  6.354200e+001 -1.025100e-001  2.023770e-001  9.965338e-001  9.292965e-002 -1.608607e+000  2.965443e+000  1.197461e+000 -1.043142e+000 -1.144696e+000  9.235147e-001  2.008116e+000 -7.876540e-001  1.740036e-002 -6.199568e-002  2.827483e-002  3.721086e-001 -2.344468e-001 -1.407945e-001 -4.064544e-001  2.382087e-001 -7.158151e-001  8.921888e-001 -5.471675e-001 -7.822717e-001  1.244540e-001 -8.281628e-002
 5.778337e+000 -1.354993e+001 -1.700263e+001 -1.696809e+001 -9.315695e-001 -1.942633e+001 -1.263059e+001  2.809970e+000 -2.714716e+001  1.161739e+001 -5.939445e+000 -6.510493e+000  6.300747e+001 -4.287718e-001 -1.695530e-001  5.729629e-001 -1.018206e+000 -2.619856e+000  1.517088e+000  4.303096e-001 -3.469730e+000 -5.550293e-001 -1.584074e+000  1.819568e-002 -1.623301e+000 -2.894177e-001 -1.777771e-002  3.729784e-001  1.268121e-001 -1.551180e-001 -6.150715e-002 -9.992379e-002  1.804713e-001 -7.504427e-001  1.241835e+000 -8.731204e-001 -8.942953e-001  5.425431e-001 -1.989937e-001
 5.758036e+000 -1.208908e+001 -1.458275e+001 -1.482117e+001 -2.821047e+000 -1.418573e+001 -9.548425e+000  2.580523e+000 -2.363128e+001  1.127202e+001 -1.127547e+000 -6.203261e+000  6.329348e+001 -1.318677e-001  4.145976e-001  7.252842e-001 -1.379865e+000 -2.135535e+000  1.981093e+000  5.365833e-001 -3.847866e+000  7.407320e-001 -1.761089e+000 -1.253566e+000  1.102065e-001 -6.030331e-001 -1.979082e-001  5.798308e-001  4.081632e-002 -2.755611e-002  8.163998e-002 -1.175654e-001  6.979530e-002 -8.341500e-001  1.109777e+000 -1.043469e+000 -8.659119e-001  4.914124e-001 -2.904571e-001
 4.563915e+000 -1.465335e+001 -1.683753e+001 -2.104885e+001 -8.228798e+000 -1.837689e+001 -1.471914e+001 -8.193830e+000 -2.610153e+001  1.354444e+000 -8.300613e+000 -1.254106e+001  6.168505e+001 -2.216978e-001  1.459029e+000  7.972453e-001 -8.149060e-001 -2.069668e+000  2.521554e+000  1.348196e+000 -4.214550e+000  2.406665e+000 -2.716069e+000 -1.305633e+000  9.035444e-001 -8.467861e-001 -5.676384e-001  8.961286e-001  4.890462e-001  9.768968e-001  6.144685e-001  1.134917e-001  1.896039e-001  6.408818e-002  8.691753e-001 -5.087833e-001 -4.069972e-002  4.595689e-001 -2.703232e-001
 6.192771e+000 -9.674358e+000 -1.382603e+001 -1.818704e+001 -5.916257e+000 -9.536130e+000 -8.988328e+000 -5.142731e+000 -2.076795e+001  8.251307e+000 -8.842855e+000 -6.715381e-001  6.118805e+001 -1.195588e+000  2.287241e+000  1.088474e+000 -1.465008e-001 -1.475501e+000  1.875383e+000  1.087494e+000 -4.841482e+000  2.923344e+000 -3.727834e+000 -1.659529e+000  4.059854e-001 -1.156201e+000 -1.216256e+000  6.039392e-001  7.686954e-001  1.856658e+000  8.253083e-001 -1.781447e-001 -1.932776e-001  8.016474e-001  3.177506e-001 -6.930186e-001  3.783768e-001 -5.369187e-001 -2.266167e-001
 4.452480e+000 -7.462149e+000 -1.339476e+001 -1.935968e+001 -9.732305e+000 -9.143354e+000 -6.169662e+000 -1.440115e+001 -1.654550e+001 -4.525999e-001 -8.609957e+000 -4.758633e+000  5.982626e+001 -2.735104e+000  3.374768e+000  2.836599e+000  3.249596e+000  1.224696e-001  2.137401e+000  1.102874e+000 -2.652481e+000  2.699541e+000 -3.144618e+000  1.767855e-002  5.266544e-001 -1.364450e+000 -1.403823e+000 -7.587779e-002  7.185256e-001  1.901534e+000  8.788230e-001 -5.303403e-001 -6.888748e-001  1.804733e+000  2.183599e-002  9.697104e-002  6.447789e-001 -6.664911e-001 -1.359543e-002
-1.641865e-001 -4.248480e+000 -1.086176e+001 -1.639826e+001 -9.446799e+000 -9.425581e+000 -8.385695e+000 -1.852323e+001 -1.379258e+001 -6.463628e+000 -9.270519e+000 -8.064547e+000  5.844188e+001 -4.956446e+000  2.476424e+000  3.549084e+000  5.871173e+000  8.949378e-001  1.282446e+000 -3.071436e-001 -6.206633e-001  2.183047e+000 -5.011908e+000 -2.333779e-002 -2.385942e+000 -1.477285e+000 -1.036451e+000 -7.551475e-001  1.711600e-001  9.379492e-001  3.616585e-001 -5.300208e-001 -5.824059e-001  2.174604e+000  7.055616e-002  1.082748e+000  8.834171e-001 -2.191921e-001  1.957600e-001
-5.933125e+000 -4.924480e-001 -4.136672e+000 -5.695266e+000 -5.851179e+000 -7.745160e+000 -9.506093e+000 -1.476599e+001 -1.609151e+001 -7.011178e+000 -7.998389e+000 -6.211280e+000  5.623589e+001 -5.360384e+000  9.850481e-001  3.159569e+000  5.683927e+000  1.139228e+000  1.663214e-001 -1.398860e+000  2.698704e+000  2.885993e+000 -1.589176e+000  1.100166e+000 -1.032947e+000 -7.542213e-001 -4.162734e-001 -1.223712e+000 -6.414986e-001 -7.805035e-001 -2.648850e-001 -4.863795e-001 -1.559941e-001  1.474971e+000  2.727449e-001  1.525700e+000  8.720852e-001  2.583773e-001  1.101196e-001
