46 39
-3.111299e+000  5.802045e+000 -7.168318e+000 -1.261012e+000 -1.896820e+001 -1.800854e+001 -9.375768e+000 -5.325886e-002  1.064752e+000 -7.574399e+000 -7.150034e+000 -2.723558e+000  5.458221e+001  4.142712e-001 -1.846223e+000 -4.837391e+000 -4.048930e-001  5.165177e+000  1.711293e+000 -2.078353e+000 -4.125322e-001  4.342813e+000  9.424776e-001 -4.407466e+000 -3.079344e+000  3.252041e-001  5.835461e-003 -1.321415e+000  1.972448e+000 -7.096817e-001 -8.093829e-002  1.167932e+000 -2.940181e-001 -1.612732e+000 -1.286743e+000  6.885089e-001  1.870847e-001 -1.159239e+000  1.068669e+000
-6.933618e+000 -6.591794e-001 -6.753479e+000  1.562608e+000 -1.720288e+001 -9.691859e+000 -1.322028e+001  1.536589e+000  6.942400e+000  1.128444e+001 -6.409938e-001 -1.189935e+001  4.927703e+001  8.922817e-001 -2.156672e+000 -1.240287e+000 -9.380974e-001  3.750717e+000  2.337894e+000 -8.828171e-001 -1.361264e+000  2.354810e+000  2.016147e+000 -4.790586e+000 -4.450010e+000  1.151116e+000  3.885169e-001 -8.114555e-001  1.968503e+000 -6.029448e-001 -9.298214e-001  5.109553e-001  4.103222e-001 -7.109159e-001 -1.977766e+000 -3.860834e-001  8.772846e-001 -1.512239e-002  1.198191e+000
-4.471901e+000 -6.261868e+000 -2.884416e+000 -1.847206e+000 -9.537551e+000 -7.734457e+000 -1.427518e+001 -1.078366e+001 -2.705925e+000  1.841398e+000 -1.134724e+001 -1.754933e+001  5.970999e+001  1.687196e+000 -3.275936e+000  1.933991e-001 -1.298034e+000  1.680084e+000  3.113640e+000  6.097488e-001 -1.272597e+000 -4.199868e-001  5.952824e-001 -1.461825e+000 -3.473276e+000  1.816061e+000  5.120496e-001 -9.177921e-002  8.860925e-001 -3.566343e-001 -1.274369e+000 -1.110555e-001  6.995007e-001  5.022076e-001 -1.138438e+000 -4.250205e-001  1.694045e+000  8.426136e-001  5.525991e-001
 2.807881e+000 -2.335414e+000 -5.884878e+000 -3.581520e+000 -1.301516e+001 -8.890561e+000 -4.632111e+000 -1.699610e+000  7.084533e+000  3.902859e+000 -1.506318e+001 -1.925010e+001  5.622511e+001  2.520190e+000 -2.892085e+000  2.659285e-001 -2.232197e+000  7.583607e-001  2.230811e+000  6.082115e-001  2.761607e-001 -1.020146e+000 -1.582373e+000 -7.780280e-001 -1.730202e+000  3.334970e+000  5.414710e-002  1.241194e-001 -3.433506e-002  5.523115e-002 -8.056911e-001 -3.581100e-001 -1.780551e-002  3.527989e-001 -5.603436e-001 -3.874032e-001  1.815394e+000  1.155299e+000  2.471028e-001
 4.539295e-001 -9.739516e+000 -6.635623e+000 -5.179120e+000 -1.266165e+001 -2.840989e+000 -1.062111e+001 -4.798146e+000 -1.106248e+000 -9.071981e-001 -7.248069e+000 -1.641457e+001  6.018848e+001  2.160565e+000 -1.937412e+000 -1.160036e+000 -1.541015e+000  2.895086e-001  1.209557e+000  6.736366e-001  1.279794e+000  3.381004e-001  6.166347e-001  2.056481e+000 -2.261797e-001  1.996273e+000 -2.904530e-001  5.909762e-001 -1.792169e-001  3.914508e-001 -3.169688e-001 -5.603549e-001 -2.861970e-001 -1.176694e-001  2.079456e-001  6.330946e-002  9.662003e-001  5.574714e-001 -2.897947e-001
 3.204418e+000 -1.338078e+001 -3.548233e+000 -7.932419e+000 -1.184903e+001 -9.845406e-001 -1.200626e+001 -7.536289e-002  1.041829e+000  4.746871e+000 -6.580720e+000 -2.111774e+001  6.571264e+001  9.263325e-001 -2.205337e+000 -7.352449e-001 -5.404514e-001  4.175490e-001  1.499385e+000 -1.003788e+000 -8.734645e-001 -8.259515e-001  6.845478e-002  2.527231e+000 -2.970621e-001  2.296525e+000 -5.639972e-001  8.266645e-001 -1.950807e-001  7.609270e-001 -1.955794e-001 -3.860441e-001 -1.060547e-001 -7.467304e-001  1.654308e-001  1.485417e-001  3.899802e-001  5.867655e-002 -8.420217e-001
 6.132654e+000 -1.042625e+001 -9.852919e+000 -7.376831e+000 -8.673074e+000 -5.639680e+000 -7.219926e+000 -5.196810e+000  2.005929e+000  4.502565e+000 -5.306067e+000 -1.774640e+001  6.494759e+001  1.031859e+000 -6.644289e-001 -2.020986e-001 -1.866529e-001  2.656457e-001  6.775777e-001 -1.523609e-002 -1.286132e+000  5.226439e-001  8.641590e-002  1.716547e+000 -1.402489e+000  8.863106e-001 -4.872715e-001  8.715149e-001 -3.416026e-003  6.090648e-001 -1.586118e-001 -1.649281e-001  5.258401e-002 -5.981979e-001 -1.738778e-001 -2.019346e-001 -3.329755e-001 -2.343574e-001 -7.533022e-001
 4.600181e+000 -1.301873e+001 -7.952455e+000 -5.184921e+000 -1.292170e+001  5.709472e-003 -1.135164e+001 -5.867601e+000  1.398687e+000  1.540251e+000 -3.398024e+000 -2.006949e+001  6.532818e+001  2.645569e-001  6.047457e-001 -1.188444e+000  8.952571e-001 -2.076047e-001  5.665800e-001  4.223744e-001 -2.174528e+000 -2.852641e-001 -5.745549e-001  1.341840e+000 -8.486649e-001 -3.201576e-001 -1.603271e-001  9.723986e-001 -2.038695e-001  6.825926e-002  2.550631e-001 -4.837505e-001  4.669716e-001  8.971099e-002 -1.005827e-001 -9.618759e-002 -3.045729e-001  4.199960e-002 -7.466867e-001
 4.915344e+000 -1.324268e+001 -5.444006e+000 -7.486133e+000 -1.079708e+001  5.177461e-002 -1.102460e+001 -8.332686e+000  1.328542e+000  1.128191e+000 -2.566823e-001 -2.395114e+001  6.481226e+001  5.509505e-002  1.015121e+000 -9.505168e-001  7.864546e-001 -1.909737e-001  8.513194e-001  2.234752e-001 -1.060663e+000 -8.016320e-001 -7.153340e-002  9.842985e-001 -1.122165e+000 -4.618973e-001 -5.440062e-002  6.387264e-001 -2.709122e-001 -3.238926e-001  5.763444e-001 -4.597415e-001  2.314518e-001  4.689009e-001 -2.373829e-001 -1.596795e-001 -7.161349e-002  5.275896e-001 -3.727110e-001
 5.135857e+000 -8.948833e+000 -1.169491e+001 -3.401482e+000 -1.182505e+001 -9.973681e-001 -7.992054e+000 -9.380066e+000 -4.579835e-002  3.561284e+000 -2.396213e+000 -2.225870e+001  6.417951e+001  6.130789e-001  1.816881e+000 -1.380383e+000 -6.857089e-001  1.921174e+000 -1.006238e+000  1.211714e+000 -5.376438e-001 -6.667268e-001 -3.335085e-001  1.370490e+000 -2.272261e-001 -7.628052e-001  9.416333e-002  1.655260e-001  1.992346e-001 -7.180709e-001  5.970455e-001 -2.415583e-001 -8.799884e-002  6.576799e-001 -2.933551e-002 -6.824499e-002  2.126764e-002  5.587659e-001 -9.153698e-002
 6.140291e+000 -7.385593e+000 -1.273428e+001 -4.336277e+000 -1.017627e+001 -8.815447e-001 -7.782346e+000 -8.743895e+000 -1.279989e+000  3.134382e+000 -8.854800e-001 -2.226262e+001  6.321243e+001  5.855952e-001  1.923135e+000 -1.460690e+000 -1.015633e+000  2.082978e+000 -8.347207e-001  7.473532e-001  2.399300e-001 -4.735394e-001 -8.325049e-001  1.344154e+000  9.247395e-001 -7.559208e-001  4.287039e-002 -8.404368e-002  3.439901e-001 -5.617985e-001  2.681969e-001  5.170472e-002 -2.971033e-001  3.011575e-001  1.328875e-001 -2.742247e-002 -1.332944e-001  6.122785e-001 -2.850208e-002
 7.053102e+000 -6.862873e+000 -1.120924e+001 -1.018839e+001 -3.626235e+000 -4.558823e+000 -6.914201e+000 -8.350216e+000 -6.306816e-001 -1.130387e+000  3.768826e+000 -2.204988e+001  6.231407e+001  4.701235e-001  9.783685e-001  6.281576e-002 -1.794054e+000  1.640647e+000  2.018085e-001 -2.795588e-001  4.635742e-001 -5.959880e-001 -5.352941e-001  1.268250e+000  9.217123e-001 -6.308308e-001 -9.457105e-002 -2.444436e-001  4.357627e-001 -3.139501e-002 -4.377398e-001  7.026473e-001 -5.396094e-001 -1.406821e-002  3.479449e-001  1.359046e-001 -4.158612e-001  4.309133e-001  3.627949e-002
 6.884698e+000 -4.669989e+000 -1.299029e+001 -9.170841e+000 -4.481595e+000 -2.341102e+000 -7.826759e+000 -7.647962e+000 -7.467133e-001 -6.884983e-001  3.381569e+000 -1.943185e+001  6.196538e+001  3.409247e-001  1.014159e+000  4.783449e-002 -1.468365e+000  1.290274e+000  5.058196e-001 -5.164048e-001 -5.548501e-002 -1.725639e-001 -1.077530e-001  3.689464e-001  1.364758e+000 -6.703949e-001 -6.071435e-002 -1.380073e-001  2.449546e-001  1.831524e-001 -4.777646e-001  6.072186e-001 -2.469426e-001 -3.887723e-001  5.692360e-001  6.186185e-002 -3.722948e-001  7.575369e-002 -9.871030e-003
 7.114271e+000 -5.414793e+000 -1.125282e+001 -9.954470e+000 -6.469149e+000  7.414526e-001 -9.367641e+000 -7.610161e+000 -3.292376e+000  2.796253e+000  1.811513e+000 -1.906552e+001  6.164888e+001  2.625588e-001  1.049152e+000  4.416819e-002 -6.163176e-001  1.288271e-001  1.836728e+000 -8.544539e-001 -4.602774e-001  9.225100e-001 -1.636163e-002 -2.212115e-001  1.707331e+000 -6.241707e-001 -2.745928e-002  6.978218e-002 -1.240181e-001  2.804926e-001 -2.465663e-001  2.230464e-001  1.077031e-001 -4.577114e-001  6.511199e-001 -1.612269e-001 -1.445369e-001 -1.067042e-001 -3.572151e-002
 7.814330e+000 -3.038840e+000 -1.247331e+001 -1.179507e+001 -2.303440e+000 -1.002585e+000 -9.137650e+000 -9.391347e+000 -8.119612e-001  6.322974e-001  1.937908e+000 -1.693101e+001  6.019305e+001  3.858058e-001  1.197707e+000 -2.265934e-001 -6.887389e-001  4.500651e-001  1.383913e+000 -1.999122e-001 -1.242006e+000  1.613391e+000 -7.826619e-001  2.274109e-001  9.106985e-001 -8.086060e-001  1.365464e-002 -1.240914e-001 -8.915375e-002  2.577076e-001 -3.101483e-001  5.285551e-002  2.184733e-001 -2.725934e-002  6.153527e-003 -1.200016e-001  2.006049e-001 -2.765644e-001  1.811302e-002
 7.901080e+000 -2.432689e+000 -1.124689e+001 -1.195787e+001 -4.071177e+000  3.955559e+000 -1.053102e+001 -9.779910e+000  4.014493e+000 -1.872593e+000  3.384599e+000 -1.476365e+001  6.007938e+001  3.103866e-001  1.235505e+000 -4.200606e-001 -7.814039e-001  8.279197e-001  8.779939e-001  1.007102e-001 -1.231722e+000  1.766634e+000 -1.003974e+000  6.163335e-001  6.152214e-001 -7.403328e-001  5.686466e-002 -3.587970e-001 -3.067397e-002  2.218993e-001 -2.138919e-001 -4.688271e-001  4.686343e-001  2.713175e-001 -8.483635e-001  1.451032e-001  3.272122e-001 -3.105280e-001  4.740833e-002
 8.420322e+000 -1.725065e-001 -1.412623e+001 -1.161284e+001 -3.430255e+000  2.971409e+000 -8.244628e+000 -1.277312e+001  3.666809e+000 -2.267385e+000  3.732081e+000 -1.702930e+001  5.870710e+001  3.852841e-001  3.005250e-001 -1.658198e-001 -9.728441e-002 -6.100135e-001  1.249464e+000  9.837981e-002  1.939406e-001 -5.638583e-001 -2.139546e-001  9.531984e-001  5.279913e-001 -5.217487e-001  3.064535e-002 -4.789746e-001  1.286220e-001  3.541934e-001 -3.529174e-001 -4.627154e-001  4.869190e-001  5.059656e-001 -1.244027e+000  4.608939e-001  2.016565e-001  2.170411e-002  9.671558e-002
 8.363208e+000 -6.704328e-001 -1.252667e+001 -1.395260e+001 -1.766143e+000  3.144426e+000 -9.310601e+000 -1.207789e+001  3.301410e+000 -7.737752e-001  3.996095e+000 -1.594027e+001  5.869019e+001  5.471430e-001 -2.962422e-001 -1.395884e-001  1.974517e-001 -4.105932e-001 -4.401832e-001  1.339572e+000  1.783367e-001 -2.230683e+000  4.248009e-001  1.051956e+000  3.460445e-001 -5.305576e-001  1.987640e-002 -2.274050e-001  1.625065e-001  1.955688e-001 -1.469834e-001 -4.204170e-001  4.231125e-001  3.542647e-001 -1.011451e+000  4.464677e-001 -5.354178e-003  1.518205e-001  7.583725e-003
 9.509686e+000 -2.417343e+000 -1.266252e+001 -1.128412e+001 -6.506024e+000  5.650302e+000 -9.255962e+000 -7.272655e+000 -3.274712e+000 -9.868844e-001  6.398153e+000 -1.370274e+001  5.827890e+001  4.206543e-001 -4.312921e-001  2.762803e-001  5.928003e-001 -6.952655e-001 -2.705756e-001  1.615252e+000  5.827926e-001 -2.608085e+000  8.074201e-001  1.017882e+000  1.153808e+000 -4.299156e-001 -7.542900e-002  1.227566e-001  2.306318e-001 -1.428682e-001  2.552392e-001 -3.263633e-001  3.444555e-001 -1.632317e-001 -2.530525e-002  8.648183e-002 -1.292596e-001  1.254402e-001 -5.689397e-002
 1.009211e+001 -2.791482e+000 -1.267668e+001 -1.113497e+001 -4.586258e+000  4.151959e-001 -3.327500e+000 -1.163846e+001 -3.668160e+000 -3.888383e-001  7.311342e+000 -1.469670e+001  5.764069e+001  3.920835e-001  4.643887e-001  1.714219e-001 -1.486022e-001  1.356287e-001 -4.640709e-001  1.457836e+000  3.451754e-001 -2.268507e+000  7.176773e-001  5.572207e-001  1.061416e+000 -7.483307e-001 -1.685556e-001  1.053764e-001  3.853790e-001 -2.874969e-001  2.517825e-002  2.542826e-001  3.717923e-003 -3.315405e-001  6.388598e-001 -2.769966e-001 -2.003280e-001  1.396995e-001  2.890164e-003
 9.659142e+000 -1.268442e+000 -1.266982e+001 -1.005765e+001 -5.496525e+000  2.983146e+000 -3.159919e+000 -1.007887e+001 -5.888831e+000  1.577247e+000  7.163869e+000 -1.188205e+001  5.708228e+001  8.566885e-002  5.339925e-001  8.318338e-001 -6.385983e-001  3.930713e-001 -3.704084e-001  1.761525e+000 -7.056373e-001 -6.714723e-001  7.201638e-002  5.542680e-001  7.975068e-001 -6.973320e-001 -1.901439e-001 -1.846824e-001  4.911178e-001 -3.436337e-001 -2.288467e-001  4.676840e-001 -1.501183e-001 -4.893720e-001  8.555584e-001 -5.361247e-001 -1.880735e-001  1.943259e-002  1.034989e-001
 1.024890e+001  1.077060e+000 -1.166591e+001 -1.530885e+001 -1.592749e+000  2.157650e+000 -5.069441e+000 -8.948903e+000 -6.734066e+000  1.532546e+000  6.399340e+000 -1.154354e+001  5.554685e+001 -1.281424e-001 -2.520024e-001  1.509530e+000 -6.243334e-001 -8.288703e-001  8.811464e-001  1.285025e+000 -8.351508e-001 -4.689932e-003 -5.924803e-001  2.821231e-001  1.222692e+000 -3.823986e-001 -1.868648e-001 -4.285671e-001  4.874289e-001 -9.565642e-002 -5.878862e-001  5.859860e-001 -2.480259e-001 -3.239971e-001  6.482525e-001 -4.836084e-001 -1.373830e-001  9.080378e-002  2.145250e-001
 9.859638e+000 -1.681652e+000 -9.008738e+000 -1.239017e+001 -6.037422e+000  2.927034e+000  4.226333e-001 -1.214562e+001 -5.099120e+000 -1.587494e+000  9.625494e+000 -1.129179e+001  5.583916e+001 -2.699524e-001 -9.965084e-001  2.062815e+000 -8.875028e-001 -1.357249e+000  1.395236e+000  9.510661e-001 -1.273905e+000  5.377981e-001 -1.218125e+000  2.150639e-001  1.170332e+000 -9.538727e-002 -8.569575e-002 -4.688381e-002  9.024674e-002 -6.970471e-003 -4.501232e-001  3.899876e-001 -5.263981e-001  1.219530e-001  2.018271e-001 -2.037863e-001 -2.659826e-001  9.235267e-002  1.031165e-001
 9.351152e+000 -3.844890e+000 -6.959572e+000 -1.309038e+001 -8.460161e+000  4.848984e+000  1.306347e+000 -1.478084e+001 -4.086465e+000 -1.768869e+000  7.491145e+000 -8.878370e+000  5.635026e+001 -3.644300e-001 -9.131963e-001  1.993075e+000 -5.024320e-001 -1.928642e+000  1.583037e+000  6.229362e-001 -9.906768e-001  3.681202e-001 -1.055294e+000  3.990793e-002  1.329022e+000  2.332192e-002  3.939096e-002  4.423793e-001 -2.737604e-001  2.535809e-002 -2.986844e-002 -7.847980e-002 -4.818663e-001  4.098552e-001 -2.132799e-002 -2.580943e-002 -2.423649e-001 -1.678840e-002 -9.012283e-002
 8.758252e+000 -3.790009e+000 -4.708908e+000 -1.560440e+001 -8.849065e+000  8.613656e+000 -1.592483e+000 -1.353242e+001 -4.523641e+000 -2.862669e+000  7.693286e+000 -7.362968e+000  5.620364e+001 -2.246661e-001  6.301704e-001  1.041295e+000 -7.344013e-001 -1.307659e+000  1.228585e+000 -5.394213e-001 -1.810923e-002  1.512582e-001 -7.155083e-001 -6.545374e-001  1.206105e+000 -3.846100e-001  1.173690e-001  5.524129e-001 -4.214592e-001  7.834935e-002  1.865503e-001 -3.691409e-001 -2.894905e-001  5.920289e-001 -1.506497e-001  1.019724e-001 -2.501176e-001  2.350156e-002 -1.681075e-001
 8.977441e+000 -2.434742e+000 -3.850445e+000 -1.621389e+001 -9.830136e+000  7.229524e+000 -9.472015e-001 -1.320888e+001 -5.181205e+000 -3.106338e+000  7.564984e+000 -6.862838e+000  5.548122e+001  4.616928e-002  1.146555e+000  6.514879e-001 -5.740937e-001 -1.003008e+000  5.720729e-001 -3.790630e-001  5.862277e-001  8.194010e-002 -9.728356e-001 -4.949007e-001  1.120864e+000 -6.884014e-001  1.307702e-001  2.224987e-001 -2.759595e-001 -3.712046e-002  3.111085e-001 -3.483656e-001 -1.385476e-001  5.471994e-001 -1.928400e-001  1.513813e-001 -2.474726e-001  4.775644e-002 -1.217706e-001
 8.923163e+000  7.641264e-001 -5.356828e+000 -1.450042e+001 -1.189073e+001  7.879686e+000 -1.147699e+000 -1.302214e+001 -3.795459e+000 -4.496302e+000  6.315887e+000 -6.269027e+000  5.435063e+001  1.115931e-001  7.356807e-001  6.263131e-001 -4.599253e-001 -8.873148e-001  5.501308e-002  4.613298e-003  8.977877e-001 -7.236037e-002 -7.494920e-001 -7.681199e-001  1.391919e+000 -5.800629e-001  7.216844e-002 -2.307173e-001 -3.938530e-002 -1.005453e-001  2.811044e-001 -2.171752e-001  9.056812e-002  2.950285e-001 -2.298580e-001  2.179859e-001 -1.814832e-001  5.506015e-002  4.420319e-003
 9.499543e+000 -3.891833e-001 -3.378172e+000 -1.651284e+001 -1.195437e+001  8.076333e+000 -8.113602e-001 -1.210484e+001 -4.040856e+000 -5.816231e+000  5.705341e+000 -3.821022e+000  5.383475e+001  1.212916e-001  1.465419e-001  8.207687e-001 -8.252724e-001 -5.832714e-001  4.279949e-001 -3.418193e-001  1.287372e+000 -4.842707e-001 -2.813955e-001 -1.140664e+000  1.474897e+000 -4.878048e-001 -1.104525e-002 -1.703211e-001 -1.616910e-001 -5.569823e-002  2.072134e-001 -5.534481e-003  6.206544e-003  1.574088e-001 -2.568406e-001  3.437874e-001 -2.779698e-001 -8.427918e-003  3.285453e-002
 9.055166e+000 -1.134385e+000 -1.813478e+000 -1.775456e+001 -1.222352e+001  8.465317e+000 -1.637337e+000 -9.595509e+000 -5.455617e+000 -5.255183e+000  4.782508e+000 -1.924280e+000  5.412656e+001  9.861489e-002 -2.340985e-002  7.597278e-001 -1.111539e+000 -1.120050e-001  2.147473e-001 -1.052025e-001  1.106461e+000 -7.149264e-001  2.870131e-002 -1.239072e+000  1.304389e+000 -4.628067e-001  3.279901e-002  1.006244e-001 -3.649450e-001  7.266188e-002  9.706616e-002  1.092623e-001 -7.273068e-002 -8.074129e-003 -4.876314e-002  1.932702e-001 -2.532295e-001 -1.909634e-001 -8.138943e-002
 9.517898e+000 -7.527770e-001 -1.518276e+000 -1.871319e+001 -1.258010e+001  9.076683e+000 -2.411479e+000 -8.485341e+000 -6.772479e+000 -4.133875e+000  2.628356e+000 -1.660725e+000  5.315424e+001 -2.567864e-003  6.744945e-001 -2.236743e-001 -5.267782e-001 -3.545953e-001  4.645333e-001 -2.931224e-001  1.268935e+000 -8.809800e-001  3.570047e-001 -1.649274e+000  1.122489e+000 -5.827568e-001  5.977820e-002  3.500099e-001 -4.720463e-001  2.481134e-001  2.202490e-002 -1.034277e-001  1.459875e-001 -1.911111e-001  1.899360e-001 -8.592019e-002 -4.734426e-002 -3.441909e-001 -1.981623e-001
 9.407061e+000  8.288740e-001 -2.488137e+000 -1.895794e+001 -1.213789e+001  8.453248e+000 -8.736521e-001 -9.299583e+000 -6.004280e+000 -5.193973e+000  1.659020e+000 -8.272294e-001  5.237685e+001  3.375178e-001  9.748266e-001 -6.761903e-001 -2.458630e-001 -5.163220e-001  5.830554e-001 -3.833886e-001  8.666356e-001 -1.178214e-001 -1.023411e-001 -1.779962e+000  6.133064e-001 -9.395340e-001  1.628871e-002  3.048439e-001 -3.237163e-001  3.807531e-001  6.374797e-002 -4.628543e-001  3.108550e-001 -9.981484e-002  2.262510e-001 -9.400920e-002  1.600956e-001 -4.805462e-001 -2.367963e-001
 9.310757e+000  2.001660e+000 -4.159214e+000 -1.854504e+001 -1.377016e+001  1.040503e+001 -2.658814e+000 -5.908127e+000 -8.171425e+000 -4.061812e+000 -9.792843e-001  1.242898e+000  5.179582e+001  3.007312e-001  1.397473e+000 -8.215035e-001 -1.754322e-002 -2.709884e-001 -2.732975e-001  5.272111e-001  4.517291e-001  1.668566e-001 -6.454753e-001 -1.106940e+000  9.948429e-002 -1.240253e+000 -1.129245e-001  1.967683e-001 -8.954558e-002  5.378078e-001  1.738658e-001 -8.044195e-001  5.527173e-001 -7.254209e-002  1.876047e-001 -2.495676e-002  3.186416e-001 -6.063669e-001 -2.212244e-001
 1.084633e+001  2.362530e+000 -3.873960e+000 -1.906795e+001 -1.421010e+001  1.071642e+001 -3.430612e+000 -6.550938e+000 -5.345252e+000 -5.802920e+000 -2.313484e+000 -3.095598e-001  5.010809e+001  2.840891e-002  1.139320e+000 -5.599390e-001  5.376095e-001  1.649314e-001 -1.730609e+000  1.038906e+000  1.015990e+000 -1.075897e-001  5.989533e-002 -7.097610e-001 -5.868394e-001 -1.318040e+000 -3.784397e-001  1.680760e-001  5.375445e-002  7.912853e-001  1.114983e-001 -7.577884e-001  6.405258e-001 -7.861922e-002  3.675708e-002  5.885031e-002  3.105214e-001 -4.668007e-001 -1.357372e-001
 1.030192e+001  5.467761e+000 -4.932881e+000 -1.874590e+001 -1.289893e+001  6.578610e+000  1.503056e+000 -7.601018e+000 -6.267710e+000 -7.056778e+000 -9.200904e-001 -1.422138e+000  4.808735e+001 -4.126360e-001  1.576089e+000 -7.295278e-001  1.770524e+000  1.741068e-001 -2.400732e+000  1.759317e+000  8.315472e-001  5.192761e-002  1.511027e-001 -5.911667e-001 -1.309273e+000 -1.499626e+000 -6.002642e-001  9.203587e-002  4.274297e-001  1.162225e+000  2.083495e-001 -2.511697e-001  8.162519e-002 -4.933355e-001 -1.096509e-001 -1.161623e-001  7.077309e-002 -3.738859e-001 -1.505224e-001
 9.053523e+000  4.792425e+000 -4.900999e+000 -1.616946e+001 -1.174885e+001  1.713415e+000  2.239942e+000 -3.373187e+000 -7.494085e+000 -3.397013e+000 -1.919382e+000 -2.428908e+000  4.764089e+001 -1.197997e+000  1.725899e+000 -4.534059e-001  2.816530e+000 -1.813782e-001 -2.142169e+000  2.203187e+000  2.836304e-001  1.234285e-001 -2.063785e-001 -4.852419e-001 -1.016319e+000 -1.488533e+000 -6.706859e-001  2.087990e-001  9.597687e-001  1.122959e+000  1.538719e-001  2.759818e-001 -2.781630e-001 -9.194709e-001 -3.084720e-001 -5.348185e-001 -1.245777e-001 -3.829725e-001 -2.128101e-001
 8.143978e+000  8.667157e+000 -7.293334e+000 -1.114166e+001 -1.413025e+001  2.902877e+000  3.302494e+000 -3.339267e+000 -6.837370e+000 -4.509252e+000 -4.132169e+000 -4.243791e+000  4.553130e+001 -2.087387e+000  1.564363e+000  1.262378e+000  4.654122e+000  9.439141e-001 -1.323366e+000  3.531963e-001 -1.648769e+000 -4.969068e-001 -1.093150e+000 -8.653338e-001 -1.555205e+000 -1.907618e+000 -5.026844e-001  8.180845e-003  1.256826e+000  8.250675e-001  4.777678e-001  4.521913e-001 -6.117356e-001 -6.588695e-001 -4.892798e-001 -6.016751e-001 -2.879240e-001 -4.023382e-001 -1.147464e-001
 5.935313e+000  9.392324e+000 -4.960763e+000 -8.787417e+000 -1.450133e+001  1.843439e+000  6.685605e+000 -7.263661e+000 -4.443279e+000 -8.108576e+000 -3.133655e+000 -3.980327e+000  4.394345e+001 -2.487645e+000  2.189178e+000  3.242951e+000  4.710604e+000  5.493874e-001 -8.893828e-001  3.511512e-001 -2.341207e+000 -1.375533e+000 -1.992071e+000 -1.195566e+000 -2.378735e+000 -2.178094e+000 -1.169196e-001 -1.926478e-001  8.100467e-001  2.623961e-001  8.603736e-001  4.675615e-001 -7.142367e-001  2.539750e-001 -2.450055e-001 -3.784805e-001 -3.526395e-001 -2.025914e-001  7.927893e-002
 1.424091e+000  1.098963e+001  1.408893e+000  8.336896e-001 -6.803120e+000 -1.032313e-001  1.046206e+000 -1.389962e+001 -1.027765e+001 -1.016675e+001 -4.639623e+000 -8.422456e+000  4.039798e+001 -2.281234e+000  1.385353e+000  3.706425e+000  4.948825e+000  2.197563e+000 -7.661687e-001 -3.733428e-001 -1.150382e+000 -1.644991e+000 -1.964427e+000 -1.675625e+000 -2.639755e+000 -1.728577e+000  2.834047e-001 -4.861857e-001 -2.364826e-001 -6.878679e-001  7.774357e-001  7.926650e-001 -2.285042e-002  9.970418e-001  3.705459e-001  1.041512e-001  3.856969e-003  6.253992e-001  3.622712e-001
-2.476004e-002  1.457708e+001  6.962644e+000  1.395885e+000 -1.266548e+001 -1.230445e+000  5.123842e+000 -9.799041e+000 -1.265161e+001 -1.052862e+001 -7.643486e+000 -1.223325e+001  3.931707e+001 -1.685671e+000  8.521649e-001  2.374804e+000  3.981159e+000  3.493665e+000 -8.296057e-002 -1.004727e+000  1.304312e+000 -5.275570e-001 -1.663143e+000 -1.843294e+000 -1.487001e+000 -1.181659e+000  3.928013e-001 -9.466730e-001 -1.108362e+000 -9.189976e-001  8.596364e-001  1.034339e+000  3.348550e-001  6.940761e-001  6.322806e-001  4.485995e-001  3.366644e-001  1.218593e+000  4.231602e-001
-2.821544e-001  1.300154e+001  5.277089e+000  8.510814e+000 -4.060367e+000  6.089752e-001  2.216662e+000 -7.823486e+000 -1.095816e+001 -1.312136e+001 -1.025538e+001 -1.331610e+001  3.920160e+001 -1.071350e+000 -1.980583e-001  5.140389e-001  1.579505e+000  3.358953e+000  2.236748e+000  9.168832e-001  1.513681e+000  9.318348e-001 -7.368576e-001 -5.221850e-001  1.125923e+000 -5.944794e-001  2.227060e-001 -1.065818e+000 -1.080846e+000 -1.151461e+000  6.285939e-002  7.054832e-001  6.171920e-001  1.164603e-001  2.331872e-001  5.485625e-001  5.371417e-001  1.049483e+000  2.371013e-001
-1.639921e+000  1.264719e+001  4.979157e+000  7.279814e+000  1.595618e+000  1.072532e+000  1.076743e+000 -3.780170e+000 -6.740809e+000 -1.494698e+001 -9.542248e+000 -8.968507e+000  3.863335e+001 -1.128580e+000 -1.752481e+000 -7.026654e-001  1.800275e+000  4.266874e+000  2.780856e+000  1.380313e+000 -2.028577e-001  4.974576e-001 -3.628579e-001 -8.896379e-002  1.831393e+000 -6.293423e-001 -7.212275e-002 -1.128462e+000 -7.880292e-001 -1.022936e+000 -6.316637e-001 -1.731322e-001  4.149347e-001 -3.805659e-001 -2.867663e-001  9.051502e-001  7.452402e-001  1.958313e-001  3.747292e-002
-3.125081e+000  1.096428e+001  4.970830e+000  5.789248e+000  2.861100e+000  9.929019e+000  7.654171e+000 -9.340653e+000 -8.573874e+000 -1.164185e+001 -6.301167e+000 -4.425212e+000  3.776744e+001 -1.446249e+000 -2.641412e+000 -1.590691e-001  2.819600e-001  2.125255e+000  1.329339e+000  1.520097e+000  1.855045e-001 -9.915622e-001  1.282437e-001  1.329188e-001  9.484616e-001 -8.192291e-001 -2.088021e-001 -8.536881e-001 -5.988898e-001 -7.695235e-001 -9.798843e-001 -1.225075e+000 -7.003280e-001 -5.684790e-002 -3.116485e-001  7.759845e-001  7.260310e-001 -3.314877e-001 -4.274086e-002
-4.246199e+000  6.833309e+000  3.602447e+000  1.175804e+001  5.208161e+000  8.013813e+000  9.306654e+000 -1.005475e+001 -1.135646e+001 -1.308266e+001 -1.006541e+001 -7.521735e+000  3.688744e+001 -1.858836e+000 -3.568468e+000 -1.228788e+000 -4.847472e-001  9.521956e-001 -4.949170e-001  7.683396e-001  6.557114e-002 -9.996899e-001  2.430058e+000  1.555355e+000 -4.191137e-001 -8.819195e-001 -9.079572e-002 -1.591084e-001 -4.745210e-001 -9.082153e-001 -1.188384e+000 -1.156584e+000 -1.216182e+000  1.928437e-001  2.102397e-001  5.792878e-001  6.788133e-001  8.797815e-002  7.505304e-003
-6.210262e+000  2.701424e+000  5.170099e+000  7.681499e+000  4.759638e+000  3.785030e+000  5.702193e+000 -3.758676e+000 -1.360814e+001 -1.341230e+001 -9.329202e+000 -9.297183e+000  3.597841e+001 -1.750233e+000 -3.558505e+000 -2.217349e+000 -1.125601e+000  1.168712e-001 -2.250740e+000 -2.278770e+000  1.095227e+000  1.221658e-001  1.746607e+000  2.285811e+000  5.937377e-001 -6.818951e-001  2.420059e-001  6.125035e-001 -4.555984e-001 -4.965280e-001 -6.542153e-001 -1.710540e-001 -8.258421e-001 -2.657455e-001  5.311866e-001  1.532069e-001  2.989881e-001  7.595434e-001  1.156104e-001
-9.391510e+000 -1.063718e+000 -1.264418e+000  3.909953e+000  5.407327e+000  1.669942e+000  5.894431e+000 -6.243303e+000 -9.222125e+000 -1.911466e+000 -2.514559e-001 -8.628090e+000  3.511827e+001 -1.430567e+000 -2.089476e+000 -2.046130e+000 -2.037020e+000 -6.708532e-001 -1.212024e+000 -2.801165e+000  3.064995e-001  9.917919e-001  1.724399e+000  2.228657e+000  2.448645e+000 -6.604828e-001  5.748875e-001  1.268183e+000  2.620569e-001 -7.091437e-002 -2.277677e-001  7.877191e-001 -1.339428e-001 -3.529079e-001  3.240593e-001 -4.266687e-001 -6.127566e-001  5.516039e-001  1.768613e-001
-9.303592e+000 -2.879731e+000 -3.682483e+000  4.085287e+000  3.345873e+000  1.847255e+000 -2.033567e+000 -5.770238e+000 -9.030214e+000 -8.494417e+000  2.209094e-001 -9.033465e-001  3.524255e+001 -4.503541e-001 -3.183904e-001 -2.028390e+000 -1.424543e+000 -3.342967e-001  8.326226e-001 -8.243613e-001 -1.263687e+000  6.686299e-001  1.247107e+000  1.291208e+000  3.312299e+000 -3.518955e-001  5.608223e-001  1.242659e+000  6.732908e-001  1.455564e-001  6.148679e-002  1.084429e+000  8.234121e-001 -2.948955e-001  1.109682e-001  7.007308e-002 -7.861780e-001 -3.718152e-001  1.553018e-001
