50 39
-6.044313e+000 -2.325669e+000  7.824379e+000 -9.791565e+000 -2.817276e+001 -1.209608e+001  2.335885e+000  9.486869e+000 -7.158488e+000 -8.593988e+000 -7.450812e-001 -4.437331e+000  4.939677e+001 -1.856753e+000  1.286689e+000  8.494794e-001 -2.836267e+000 -8.549318e-001  1.762583e+000  2.480520e+000  5.375019e-001 -1.238264e+000  2.356397e+000 -1.616157e+000 -2.898292e-001  1.681598e+000  5.609934e-001 -1.159396e-001 -1.111941e-001  7.057546e-001  5.855335e-001  1.221251e+000 -3.287262e-001 -2.991726e+000  7.008830e-001 -2.489643e-001 -6.199740e-001 -6.080703e-001  9.530420e-001
-8.083089e+000 -2.254494e+000  7.660457e+000 -1.105469e+001 -2.438159e+001 -3.949119e+000  2.106751e+000  4.309838e-002 -1.756322e+001 -1.243492e+001 -4.224991e+000 -6.134339e+000  6.003287e+001 -9.206849e-001  6.861619e-001  7.606220e-001 -7.902113e-001  4.501314e-001  2.605757e+000  1.912876e+000 -1.902247e+000 -4.847036e-001  2.083006e+000 -2.062190e+000 -6.183084e-001  2.131799e+000  7.911453e-001 -7.350250e-001 -2.161316e-001  8.049917e-001  4.373536e-001  4.190770e-001 -8.464324e-001 -1.486986e+000  1.146230e+000 -3.853820e-001  1.728064e-001 -6.093595e-001  4.480523e-001
-4.170656e+000 -2.948512e+000  5.994837e+000 -1.376296e+001 -1.896968e+001 -2.604249e+000  1.294194e+000  1.007669e+000 -7.890554e+000 -1.030784e+001 -8.341845e+000 -9.716451e+000  5.872807e+001  5.507830e-001 -1.468498e+000 -8.507828e-002 -5.430146e-001  1.440500e+000  3.306840e+000 -7.963802e-001 -2.115997e+000  3.523064e-002 -1.567071e-001 -6.586356e-001 -2.193268e+000  3.650008e+000  2.864969e-001 -8.417794e-001 -1.138683e-001  5.538689e-001 -1.973298e-001 -1.916801e-001 -7.410005e-001 -7.021726e-002  3.719457e-001 -4.819224e-001  6.610601e-001 -3.385122e-001  1.745196e-001
-3.552043e+000 -5.256207e+000  6.913762e+000 -9.165673e+000 -2.154202e+001  1.589955e+000  2.712195e-001  1.215937e+000 -1.093628e+001 -8.728709e+000 -4.054018e+000 -1.014840e+001  6.251310e+001  4.601584e-001 -1.969200e+000  1.397484e-001 -5.274158e-001 -2.850140e-001  1.518600e+000 -3.698952e-001 -4.493364e-001  1.520757e+000  8.475639e-001  2.984775e-001 -1.847613e+000  2.114498e+000 -2.673512e-001 -3.145732e-001  2.400659e-002  7.432099e-002 -5.449449e-001 -5.834728e-001 -2.617341e-001  4.553751e-001  1.332672e-001 -2.342307e-001  5.341727e-001 -6.307696e-002 -1.742359e-001
-5.555921e+000 -8.167300e+000  7.772336e+000 -1.345115e+001 -2.239005e+001  1.668583e+000 -7.282504e-001 -1.679536e+000 -1.029580e+001 -1.123063e+001 -4.123746e+000 -1.339664e+001  6.640670e+001 -1.114690e+000 -1.594527e+000  5.905750e-001 -1.983204e-001 -1.474008e+000  1.347761e+000 -8.309729e-002 -5.400395e-001 -3.812660e-001  5.645061e-001  5.088093e-001 -1.367738e+000  2.562847e+000 -5.107260e-001  3.835504e-001  1.737772e-001  1.575619e-001 -4.714179e-001 -5.715317e-001  1.987196e-001  4.474545e-001 -6.340167e-002  1.325498e-001  2.148587e-001  2.674810e-001 -5.567516e-001
-5.089664e+000 -9.491102e+000  7.470449e+000 -1.384767e+001 -2.409648e+001  1.507465e+000  1.268497e+000 -8.599811e-001 -8.756806e+000 -7.735707e+000 -4.841653e+000 -1.353231e+001  6.676604e+001 -1.424704e+000 -8.236892e-001  5.428283e-001 -5.909535e-001 -8.173388e-001  6.679325e-001  2.475636e-001 -4.133500e-001  3.898807e-001  5.512458e-001  2.495093e-002 -1.346458e+000  1.804200e+000 -2.008864e-001  5.679337e-001  1.478447e-001  2.271378e-001  7.890217e-002 -1.459054e-001 -1.813953e-002  1.823577e-001 -1.355302e-001 -8.290658e-002  1.952639e-001  1.941867e-001 -4.545027e-001
-8.975297e+000 -8.803699e+000  8.669368e+000 -1.241356e+001 -2.506249e+001  4.175801e+000  3.800687e-001 -6.545697e-001 -1.088662e+001 -7.981810e+000 -5.403980e+000 -1.486318e+001  6.941583e+001 -1.060416e+000 -1.235013e-001  5.822679e-001  2.765635e-001 -6.504267e-001  8.745153e-001 -1.115116e-001  1.032820e-001  2.836605e-001  6.542011e-001  5.524213e-001 -1.106440e+000  1.021399e+000  3.661329e-001  3.847842e-001  1.099489e-001  1.390293e-001  3.131834e-001 -1.966794e-001 -1.016136e-001  1.625670e-001  2.745904e-001 -1.645810e-002  2.987379e-001  1.545824e-001 -6.309195e-001
-8.965875e+000 -9.056453e+000  9.179387e+000 -1.263923e+001 -2.429249e+001  3.676009e+000  9.548781e-001 -1.363296e+000 -8.691466e+000 -7.596890e+000 -3.289146e+000 -1.614742e+001  7.002953e+001 -5.714111e-001  1.349551e-001  8.831254e-001  3.708314e-001 -3.022940e-001  1.025696e+000 -4.463857e-001  1.407913e-001  5.106431e-001  3.881834e-001  1.252991e+000 -1.007328e+000  6.127083e-001  4.764701e-001  6.525630e-002  1.965492e-001  4.612130e-002  1.825939e-001 -3.826390e-001 -7.989633e-002  2.219106e-002  4.714573e-002 -1.661295e-002  3.015382e-001  1.237390e-001 -4.876373e-001
-8.919893e+000 -9.002131e+000  9.829206e+000 -1.267255e+001 -2.554418e+001  4.956888e+000 -1.128999e+000 -9.114684e-001 -8.910172e+000 -8.029033e+000 -2.137893e+000 -1.762129e+001  6.988195e+001  2.893276e-001 -1.499283e-001  9.701710e-001  1.593380e-002 -1.656137e-001  1.854825e-001 -2.441909e-001 -4.274926e-003  9.313048e-001  5.637468e-001  1.388479e+000 -7.643911e-001  3.995514e-003  3.338356e-001 -1.427452e-001  1.955747e-001 -1.768375e-001  1.449465e-001 -7.248482e-001  9.875091e-002 -2.116933e-001 -4.104134e-002 -1.247523e-002  1.224617e-001  1.634787e-002 -3.046214e-001
-7.974422e+000 -8.717111e+000  1.130616e+001 -1.186402e+001 -2.536711e+001  6.245401e+000 -2.088975e-001 -2.757547e-002 -7.191815e+000 -5.771178e+000 -2.097425e-001 -1.718990e+001  6.959653e+001  2.827752e-001 -4.841942e-001  1.331623e+000 -2.300322e-001 -1.467756e-001 -9.007459e-001 -8.557836e-002 -2.486163e-001  3.017873e-001  5.134082e-001  1.114613e+000 -8.987877e-001 -1.252846e-001  6.837017e-002 -6.068641e-002  8.947439e-002 -1.729022e-001  1.161705e-002 -7.644060e-001  8.232021e-002 -3.124048e-001 -1.265713e-001  3.263343e-002  5.708076e-002 -4.543373e-002 -1.460998e-001
-8.024385e+000 -9.723012e+000  1.245684e+001 -1.272150e+001 -2.535325e+001  3.818517e+000 -2.589978e-001 -1.343805e+000 -6.979922e+000 -6.075932e+000 -1.286330e-003 -1.816390e+001  6.965231e+001  1.816694e-001 -5.276526e-001  1.335893e+000 -3.071920e-001 -3.453255e-003 -1.786505e+000  2.018393e-001 -7.604807e-001  1.828817e-001  5.292126e-001  1.233919e+000 -1.078971e+000 -1.327118e-001 -1.399564e-001  2.578435e-001 -2.120845e-002 -5.118442e-002 -1.327985e-001 -3.933793e-001 -1.461162e-001 -3.028039e-001 -9.735075e-002  1.215503e-001  1.729340e-001  7.164237e-002 -3.492104e-002
-7.999753e+000 -1.111698e+001  1.452368e+001 -1.376492e+001 -2.512183e+001 -2.585351e-001  9.198575e-002 -2.390209e+000 -8.147655e+000 -6.006399e+000  1.215615e+000 -2.037005e+001  6.951793e+001 -1.757312e-001  2.038527e-002  1.147636e+000 -3.321168e-001 -3.252890e-001 -1.810341e+000 -2.577997e-001 -1.043130e+000  2.519981e-001  5.686177e-001  1.615675e+000 -1.077207e+000 -4.943695e-002 -9.189653e-002  4.782112e-001 -9.678062e-002  5.493372e-002 -2.535416e-001  4.375619e-002 -4.231226e-001 -2.694770e-001  4.479673e-002  2.616425e-001  2.281642e-001  3.773546e-001 -6.701363e-002
-7.998881e+000 -1.044046e+001  1.489991e+001 -1.325806e+001 -2.568408e+001 -7.236679e-001 -2.702440e-001 -3.532555e+000 -7.517843e+000 -5.265359e+000  3.319021e+000 -2.142607e+001  6.925769e+001 -1.812014e-001  8.869993e-001  9.561218e-001 -1.889460e-001 -7.403498e-001 -1.326617e+000 -8.886614e-001 -1.121038e+000  4.694456e-001  1.143893e+000  2.002618e+000 -3.169697e-001 -2.085335e-001  5.821373e-002  3.889870e-001  3.699589e-003  1.162938e-001 -2.574613e-001  2.651561e-001 -5.811583e-001 -1.179307e-001 -9.128509e-002  3.451725e-001 -2.727199e-003  5.965375e-001 -1.567196e-001
-8.865830e+000 -8.256461e+000  1.582280e+001 -1.325633e+001 -2.682813e+001 -5.352097e-001 -1.492273e+000 -4.148848e+000 -5.662864e+000 -3.333376e+000  6.208478e+000 -2.094485e+001  6.954665e+001  4.727983e-003  1.199536e+000  1.037605e+000 -1.448660e-002 -1.046035e+000 -9.119090e-001 -1.655941e+000 -1.415723e+000  3.824890e-001  1.514280e+000  1.871084e+000  6.069843e-001 -4.224419e-001  2.436509e-001  4.694394e-002  9.578624e-002  1.650079e-001 -9.126015e-002  2.986981e-001 -4.421954e-001  8.425719e-002 -4.423248e-001  3.424844e-001 -5.049683e-001  6.328156e-001 -2.447649e-001
-8.497354e+000 -6.718277e+000  1.658789e+001 -1.392052e+001 -2.820185e+001 -2.676229e+000 -3.910175e+000 -6.069675e+000 -5.875090e+000 -1.692976e+000  7.515372e+000 -1.946135e+001  6.859528e+001  3.825085e-001  8.277072e-001  1.409407e+000  1.154616e-001 -9.303865e-001 -9.099398e-001 -2.004882e+000 -1.163837e+000 -3.387891e-001  1.782244e+000  1.092578e+000  1.061621e+000 -7.298073e-001  2.335890e-001 -2.587729e-001  1.279977e-001  1.478719e-001  1.655619e-001  3.477646e-001 -1.149867e-001  2.818023e-001 -5.645653e-001  1.175555e-001 -8.356882e-001  3.362466e-001 -1.940733e-001
-7.726876e+000 -6.980395e+000  1.886772e+001 -1.350612e+001 -2.909312e+001 -3.841799e+000 -6.367755e+000 -8.200263e+000 -7.056586e+000 -2.211892e-001  8.472860e+000 -1.831749e+001  6.773692e+001  7.606684e-001  2.847510e-001  1.399925e+000  3.407189e-001 -6.865713e-001 -5.251884e-001 -1.910667e+000 -6.004439e-001 -1.555508e+000  1.961865e+000 -4.541468e-001  1.397576e+000 -1.012624e+000  9.368473e-002 -2.579222e-001  8.335913e-003  5.781307e-002  3.820936e-001  3.897314e-001  2.360214e-001  4.015269e-001 -3.319734e-001 -1.530541e-001 -8.670157e-001  4.782876e-002 -8.714638e-002
-6.655816e+000 -6.939955e+000  2.042448e+001 -1.255586e+001 -2.920352e+001 -3.620072e+000 -7.856912e+000 -7.326035e+000 -8.514928e+000  2.089765e+000  7.649720e+000 -1.743164e+001  6.651352e+001  6.087732e-001  5.052695e-002  1.414950e+000  3.728107e-001 -9.227256e-002  2.188459e-001 -1.336232e+000 -1.196661e-001 -1.384382e+000  1.507879e+000 -1.013208e+000  9.689671e-001 -8.838089e-001 -1.308819e-001 -3.524643e-002 -1.628856e-001 -3.799953e-002  3.938767e-001  4.372722e-001  3.333092e-001  3.007598e-001  7.805912e-002 -4.637386e-001 -5.431463e-001 -1.321937e-001  4.958343e-002
-5.983257e+000 -6.721867e+000  2.090413e+001 -1.223506e+001 -2.976015e+001 -2.689230e+000 -9.072239e+000 -6.522888e+000 -1.212049e+001  4.584577e+000  3.870570e+000 -1.497182e+001  6.552441e+001  3.600192e-001  2.985152e-001  1.076513e+000  1.459043e-001  4.453758e-001  4.723552e-001 -8.101591e-001  6.982613e-002 -7.545813e-001  8.861923e-001 -1.411102e+000  8.924549e-001 -7.811729e-001 -2.969275e-001  1.966779e-001 -2.828917e-001 -6.390531e-002  2.894895e-001  3.040437e-001  2.560297e-001  5.615204e-002  4.379914e-001 -7.097293e-001 -4.063795e-002 -2.515617e-001  1.270538e-001
-6.325297e+000 -6.594906e+000  2.264443e+001 -1.269200e+001 -2.832969e+001 -2.158284e+000 -9.239093e+000 -7.506693e+000 -1.026505e+001  3.443534e+000  4.750478e+000 -1.628935e+001  6.528249e+001 -7.157645e-002  6.445930e-001  7.566849e-001  2.287130e-002  4.730236e-001  7.776492e-001 -8.885896e-001  4.826689e-003 -3.489570e-001  1.387072e-003 -1.144676e+000  6.532125e-001 -5.976158e-001 -2.500272e-001  2.732263e-001 -3.851861e-001  3.274175e-002  5.481163e-002  1.104664e-001  3.076004e-002 -9.716798e-002  2.432798e-001 -5.738080e-001  1.128397e-001 -2.368331e-001  5.659149e-002
-6.092040e+000 -5.660344e+000  2.314031e+001 -1.270853e+001 -2.730316e+001 -2.210917e+000 -9.727460e+000 -7.760803e+000 -9.954432e+000  3.532888e+000  2.866973e+000 -1.442636e+001  6.444657e+001 -3.837942e-001  9.711077e-001  3.145994e-001  1.961620e-001  4.782280e-001  7.156287e-001 -8.543396e-001 -3.819301e-001  1.167363e-001 -8.335356e-001 -5.916024e-001  2.976450e-001 -5.204521e-001 -8.208855e-002  1.731143e-001 -3.374497e-001  1.591112e-001 -1.776273e-001  3.621560e-002 -2.135523e-001 -8.985668e-002 -1.016878e-001 -2.261585e-001  1.200407e-001 -3.181038e-001 -7.594146e-002
-6.959307e+000 -4.247752e+000  2.308982e+001 -1.220477e+001 -2.806690e+001  2.901782e-002 -1.197225e+001 -6.682943e+000 -1.134274e+001  2.622545e+000  2.428139e+000 -1.443831e+001  6.406436e+001 -2.694562e-001  1.080362e+000 -1.300236e-001  5.113905e-001  1.653595e-001  6.495412e-001 -1.160342e+000 -3.796279e-001 -6.036420e-001 -5.012969e-001 -8.587588e-001  8.220682e-002 -7.312118e-001  1.866997e-001  2.930164e-004 -1.967779e-001  2.333618e-001 -2.484505e-001 -1.551691e-001 -1.875286e-001 -3.921558e-002 -3.503273e-001  2.474522e-001 -4.095465e-002 -3.256047e-001 -2.571402e-001
-7.585224e+000 -3.039905e+000  2.225444e+001 -1.149787e+001 -2.750041e+001 -2.047375e-001 -1.197736e+001 -8.844413e+000 -1.099796e+001  8.273938e-001  2.073728e+000 -1.440911e+001  6.353122e+001  4.851632e-002  9.462022e-001 -1.673817e-001  6.972005e-001 -2.889284e-001  7.174873e-001 -1.742044e+000 -1.872300e-001 -1.135678e+000  6.741619e-003 -9.538567e-001 -4.125610e-001 -1.094082e+000  4.399566e-001 -1.912694e-001  8.209188e-003  3.324464e-001 -1.937522e-001 -4.418508e-001  9.765447e-002  9.934478e-002 -5.447587e-001  5.885704e-001 -2.219473e-001 -8.454566e-002 -4.234587e-001
-6.925986e+000 -2.503315e+000  2.243725e+001 -1.074038e+001 -2.740427e+001  8.633228e-002 -1.391585e+001 -8.863028e+000 -1.276150e+001  2.289797e+000  8.533068e-001 -1.588694e+001  6.208411e+001  6.457669e-001  6.585108e-001  1.378593e-002  9.391612e-001 -3.856508e-001  8.743011e-004 -1.382380e+000 -2.886012e-001 -1.474386e+000  8.185095e-001 -1.168322e+000 -6.197081e-001 -1.596502e+000  5.391165e-001 -1.196190e-002 -5.352047e-002  6.421082e-001  4.234838e-001 -9.473412e-001  1.020894e+000  7.401513e-003 -3.242705e-001  2.922075e-001 -1.075505e-001  3.922166e-001 -7.689731e-001
-5.866118e+000 -1.801551e+000  2.262968e+001 -9.954722e+000 -2.907911e+001  1.347862e+000 -1.746588e+001 -7.606911e+000 -1.492344e+001  3.732970e+000 -1.114895e+000 -1.576485e+001  5.996629e+001  1.358377e+000  2.256862e-001  2.837406e-001  1.644509e+000 -2.150276e-001 -1.169292e+000 -2.550479e-001  6.928053e-002 -2.171685e+000  1.449413e+000 -1.546557e+000  2.258741e-001 -2.205101e+000  4.304800e-001  7.231996e-001 -4.870866e-001  8.665413e-001  1.417426e+000 -1.110882e+000  1.582806e+000 -3.639539e-001  3.014984e-001 -5.702258e-001 -3.008183e-002  9.528909e-001 -1.196514e+000
-4.590025e+000 -1.574375e+000  2.297112e+001 -8.280536e+000 -2.920580e+001 -7.429104e-001 -1.613989e+001 -8.744700e+000 -1.675193e+001  5.262304e+000 -1.819160e+000 -1.685898e+001  5.786432e+001  1.771196e+000  1.380810e+000 -6.231871e-001  3.248277e+000  2.245828e+000 -3.143775e+000  3.200630e+000 -4.708756e-001 -1.706991e+000  2.384048e-001 -1.100161e+000  1.724072e+000 -4.020568e+000  7.986987e-002  1.365859e+000 -9.869676e-001  6.195685e-001  2.015566e+000 -5.180629e-001  1.071010e+000 -4.279185e-001  1.038506e+000 -1.385816e+000 -6.017938e-002  9.015647e-001 -1.248509e+000
-1.961318e+000 -2.375945e+000  2.340620e+001 -4.505247e+000 -2.767478e+001 -5.636575e+000 -1.214058e+001 -8.557174e+000 -1.986117e+001  6.588205e+000 -4.322824e+000 -1.279372e+001  5.461561e+001  1.638202e+000  4.201050e+000 -2.284328e+000  3.875349e+000  5.482465e+000 -3.264598e+000  3.880479e+000 -1.915862e+000  4.881168e-001 -2.554335e+000 -1.138346e+000  3.180003e+000 -5.864619e+000 -6.421233e-001  1.147564e+000 -1.249531e+000 -1.356042e-001  1.767417e+000  5.787293e-001  3.567976e-003 -8.117687e-002  1.560397e+000 -1.442202e+000 -3.777774e-002  1.029466e-001 -8.040682e-001
-2.240629e-002  4.687934e+000  1.893306e+001  2.776273e+000 -1.687729e+001 -1.214033e+001 -5.753536e-001 -1.074227e+001 -1.882759e+001  2.054203e+000 -3.043535e+000 -8.752145e+000  4.465661e+001  9.052039e-001  5.500124e+000 -3.637018e+000  2.921584e+000  6.843431e+000 -1.541788e+000  1.904904e+000 -1.435622e+000  2.388244e+000 -4.108696e+000 -1.673324e+000  2.411051e+000 -6.009287e+000 -1.339216e+000 -3.543895e-001 -9.177948e-001 -1.003703e+000  4.392916e-001  1.477991e+000 -1.033780e+000  7.181264e-001  1.316099e+000 -3.219740e-001  3.452359e-001 -4.859356e-001  2.483715e-001
 4.108109e-002  1.607255e+001  1.322708e+001  3.893617e+000 -7.831043e+000 -9.276418e+000 -5.845752e+000 -1.618744e+001 -1.144503e+001 -7.434655e+000 -6.194439e+000 -3.918253e+000  3.724704e+001 -1.419243e+000  3.903852e+000 -4.457001e+000  1.129834e+000  6.323255e+000  9.233611e-001  4.106550e-001  1.457696e-001  3.582682e+000 -3.588045e+000 -1.448864e+000  3.971176e-001 -5.231082e+000 -1.566588e+000 -2.095984e+000 -1.789829e-001 -1.157570e+000 -7.748066e-001  1.401995e+000 -7.089542e-001  1.554739e+000  5.936989e-001  1.169384e+000  1.102895e+000 -4.471116e-001  1.080141e+000
-1.065205e+000  1.670200e+001  9.875598e+000  2.127951e+000 -4.910515e+000 -6.631927e+000 -9.762784e+000 -1.210768e+001 -9.018782e+000 -8.269743e+000 -9.249974e+000 -9.241462e+000  3.650217e+001 -3.396164e+000 -2.425375e-001 -4.125825e+000 -3.974796e-001  4.021891e+000  2.152201e+000 -2.333572e-001  2.088940e+000  3.326222e+000 -8.546103e-001  7.812771e-001  6.858369e-001 -3.095479e+000 -1.165453e+000 -2.517220e+000  4.719001e-001 -6.944324e-001 -1.290050e+000  6.038725e-001  2.972151e-001  1.464769e+000  7.034607e-002  1.767076e+000  1.670592e+000  3.924458e-001  1.197198e+000
-8.536135e+000  1.113628e+001  5.649928e+000  1.468086e+000 -2.041901e+000 -3.773969e+000 -5.493589e+000 -7.145622e+000 -6.852160e+000 -6.190046e+000 -8.463925e+000 -1.056347e+001  3.253742e+001 -4.044053e+000 -3.407540e+000 -2.934839e+000 -2.529708e-001  3.019202e+000  1.898385e+000  1.404839e+000  4.095554e+000  2.987622e+000  1.665543e+000  3.148829e+000  1.807052e+000 -1.920820e+000 -1.163828e-001 -1.825914e+000  6.325253e-001 -4.935770e-001 -1.548864e+000 -2.806383e-001  4.703295e-001  4.647206e-001 -4.053146e-001  1.296058e+000  1.268912e+000  6.439589e-001  1.853887e+000
-1.271462e+001  5.943379e+000  2.092507e+000  2.001641e+000  3.375890e-001 -4.130546e+000 -1.918221e+000 -4.818480e+000 -4.492915e+000 -2.841153e+000  1.997594e+000 -2.000350e+000  3.153402e+001 -3.609657e+000 -3.430278e+000 -2.038598e+000  1.408242e-001  2.045208e+000  9.900630e-001  2.893888e+000  3.913330e+000  3.037504e+000  2.099891e+000  4.380788e+000  3.668313e+000 -1.678427e+000  5.587652e-001 -5.370284e-001  3.189284e-001 -5.395205e-001 -1.746959e+000 -7.248299e-001 -1.610970e-003 -7.365084e-001 -6.429936e-001  2.075224e-001  1.535021e-001 -5.491067e-002  2.632717e+000
-1.435448e+001  4.414158e+000  2.444430e+000  2.691918e+000  4.640913e+000 -1.035182e+000 -2.743840e+000  6.457328e-001  1.230150e+000 -1.821235e+000  3.925920e+000  1.496451e+000  3.012702e+001 -1.894410e+000 -3.631846e+000 -2.337987e+000 -1.607203e+000 -4.327265e-001  1.012384e-001  1.198680e+000  1.557178e+000  1.700468e+000  1.414994e+000  3.095940e+000  2.125674e+000  3.329827e+000  4.171694e-001  5.294925e-001  3.403136e-001 -4.643198e-001 -1.886164e+000 -7.358012e-001 -2.896019e-001 -1.342843e+000 -8.611208e-001 -3.390729e-001 -4.266663e-001 -6.102774e-001  2.913618e+000
-1.620432e+001  2.911670e+000  1.285357e+000  2.220156e+000  1.974120e+000 -3.051006e+000  3.331779e+000  3.563292e+000  2.127584e+000  4.530795e-002  6.459041e+000  3.070138e+000  2.931524e+001 -1.677159e+000 -2.815526e+000 -2.829609e+000 -2.417966e+000 -2.986941e+000 -5.733752e-001 -1.383327e-001 -3.244133e-001  7.548307e-001  3.082761e-001  1.575232e+000  2.519723e-001  7.442782e+000  2.935529e-004  9.977653e-001  1.117585e+000  9.724691e-002 -1.255373e+000 -4.746299e-001  9.766494e-002 -7.729618e-001 -1.161785e+000 -5.169589e-001 -7.936431e-001 -6.827526e-001  1.919980e+000
-1.626334e+001 -5.507094e+000 -5.636434e+000 -6.677185e+000 -5.023799e+000 -3.807547e+000 -2.125189e+000 -3.550619e+000 -1.660070e+000 -5.583057e-001  4.785051e+000 -2.470347e+000  5.029595e+001 -2.924455e+000 -1.067453e+000 -8.377654e-001 -1.295174e+000 -3.895545e+000 -9.989015e-001  1.472939e+000 -4.997884e-001 -1.766448e-001  8.659862e-001  2.418275e+000  4.638353e-001  8.086665e+000 -1.202785e-001  1.293078e+000  2.048139e+000  8.712442e-001 -2.152870e-001 -2.738471e-001  9.464403e-001  2.849610e-001 -7.817986e-001 -3.673910e-001 -8.531509e-001  1.000497e-001 -7.977266e-001
-2.014598e+001 -3.173626e+000 -8.015106e+000 -5.403639e+000 -9.764760e+000 -5.611239e+000 -2.919210e+000 -4.342370e+000  7.263486e-001 -1.931237e+000  9.444189e+000  1.242911e+000  5.866347e+001 -3.093167e+000  2.763518e-001  2.799217e+000  4.710447e-001 -2.500247e+000 -8.330165e-001  3.245083e+000  1.077004e+000 -1.832866e+000 -2.103992e-001  7.514047e-001  1.085469e+000  5.543056e+000  6.245102e-001  7.329007e-001  1.793066e+000  7.680805e-001  4.554051e-001  4.149616e-004  1.045001e+000  6.790779e-001 -2.126541e-002 -1.333540e-002 -1.178951e+000  1.349362e-001 -2.578511e+000
-2.700592e+001  2.119539e+000  2.905835e+000  2.794341e-002 -8.967371e+000 -4.749573e+000  7.746351e+000  2.099622e+000  1.047544e+000  3.496968e+000  1.452472e+001  4.729241e+000  5.588623e+001 -1.787799e+000  1.287607e+000  5.088296e+000  1.304513e+000 -1.752508e+000 -1.138176e+000  4.239174e+000  2.281274e+000 -9.146768e-001 -1.626233e-001 -7.579011e-001  2.209174e+000  2.910576e-001  1.664352e+000 -1.586608e-001  3.553394e-001  9.445754e-002  5.144610e-001  3.187540e-001 -5.722881e-002 -4.684734e-003  7.011406e-001  8.007754e-002 -1.499431e+000 -4.081456e-001 -2.670783e+000
-2.629886e+001  4.801120e-001  1.101031e+001  1.222816e+000 -8.555331e+000 -6.745075e+000  1.462142e+001  6.123193e+000 -8.390553e+000 -3.034325e+000  5.346230e+000  4.897689e+000  5.423537e+001  8.770638e-001 -3.285525e-001  3.172688e+000  1.225928e-001 -1.781434e+000 -5.016630e-001  3.703555e+000  1.680445e+000  1.017520e+000  7.559038e-001 -2.731436e+000  5.398369e-002 -1.551971e+000  2.011586e+000 -5.236626e-001 -1.085964e+000 -4.250768e-001 -3.485077e-002  3.038440e-001 -1.499478e+000 -1.185405e+000  5.732738e-001  3.413503e-001 -7.966444e-001 -7.467958e-001 -1.680900e+000
-2.212589e+001 -8.959289e-001  1.029234e+001 -3.467848e+000 -1.439106e+001 -8.931511e+000  1.030037e+001  2.622968e+000 -1.675003e+000 -8.198780e-001  3.044525e+000  6.748134e+000  5.396529e+001  3.412188e+000 -1.558305e+000  7.521960e-001 -6.486608e-001 -1.682647e+000  4.291915e-001  9.575589e-001 -8.249325e-001  1.903865e+000  7.832224e-001 -3.337459e+000 -1.061150e+000 -1.719738e+000  1.441066e+000 -2.508096e-001 -1.281113e+000 -3.226607e-001 -1.937890e-001 -3.919012e-002 -2.268373e+000 -1.385805e+000 -7.750018e-001  3.509832e-001  2.611790e-002 -7.312343e-001 -3.614199e-001
-1.820068e+001 -3.308654e+000  4.155085e+000 -3.042779e+000 -1.596009e+001 -6.028585e+000  1.432156e+001  3.798183e+000  7.175220e+000  4.006705e+000  1.527106e+000  5.033824e-001  5.186408e+001  4.364770e+000 -9.190053e-001 -4.625527e-001 -6.777524e-001 -2.709432e+000 -9.748054e-002 -2.611499e+000 -3.296916e+000 -3.757683e-001  1.023429e+000 -1.942039e+000 -1.013348e+000 -1.856046e+000  8.157682e-002  4.985145e-001 -5.343077e-001  7.056064e-003  3.626198e-002 -5.533897e-001 -2.001919e+000 -3.627728e-001 -1.445590e+000  5.361056e-001  9.199952e-001  2.667554e-001 -1.613951e-001
-1.399407e+001 -3.777603e+000  1.009443e+001 -1.082563e+000 -1.367823e+001 -2.961860e+000  1.268408e+001 -8.625363e-001  2.783983e+000  3.892565e+000 -2.530095e-001  1.620644e+000  4.847318e+001  3.673676e+000  3.287850e-001  5.003525e-001  9.138195e-002 -2.257454e+000 -1.536218e+000 -3.945167e+000 -2.159073e+000 -4.093042e+000  1.458530e+000 -1.022010e+000 -9.133316e-001 -1.364004e+000 -1.160812e+000  8.714648e-001 -4.138168e-001  3.898136e-001  1.023041e+000 -4.652725e-001 -7.296047e-001  1.181870e+000 -3.462223e-002  6.567048e-001  1.646397e+000  7.923302e-001 -6.308637e-001
-8.540917e+000 -2.674077e+000  8.796500e+000 -3.358588e+000 -2.245891e+001 -1.021730e+001  3.720734e-001 -8.618632e+000 -1.249889e+001 -2.733994e-001 -2.715196e+000  2.394694e+000  4.770119e+001  1.154204e+000  1.220475e+000  6.270719e-001 -2.121482e-001 -1.312720e+000 -2.285907e+000 -3.854677e+000  5.336514e-001 -3.211979e+000  3.098778e+000  7.108158e-001  1.313851e+000 -2.536813e+000 -1.711623e+000  6.723024e-001 -5.843735e-001  6.376257e-001  2.437843e+000  8.155761e-001  1.005863e+000  1.825453e+000  2.132446e+000  2.590612e-001  1.448598e+000  6.045455e-001 -1.050982e+000
-8.587392e+000  4.307074e-001  1.047339e+001 -2.853034e+000 -2.242892e+001 -1.451824e+001 -2.450728e+000 -1.963989e+000 -1.230316e+001  8.612825e+000  5.562384e-002  1.235820e+000  4.922671e+001 -7.865863e-001  1.729279e+000 -1.861701e+000  1.067605e+000  2.734200e+000 -8.029578e-001 -2.068875e+000  3.169136e+000  3.148859e+000  3.029072e+000  3.568099e+000  1.736902e+000 -4.533673e+000 -1.376924e+000  1.219786e-001 -7.746851e-001  5.984782e-001  2.595672e+000  1.895484e+000  1.805916e+000  1.080185e+000  2.940207e+000 -8.122110e-001  5.539634e-001  3.502510e-001 -1.036864e+000
-1.513300e+001  6.895648e-001  7.100961e+000 -3.218285e+000 -1.814834e+001 -1.167993e+001  2.615577e+000  7.017166e+000 -1.341102e+000  1.714047e+001  4.926868e+000  7.265052e+000  3.880325e+001 -1.963215e+000  1.742260e+000 -2.203393e+000  2.022264e+000  6.983957e+000  3.613770e+000  1.479669e+000  3.166245e+000  6.665510e+000  1.533465e+000  3.005898e+000  6.842629e-001 -5.526122e+000 -3.659649e-001 -2.897801e-001 -3.276518e-001  3.325102e-001  1.583668e+000  1.752805e+000  1.198313e+000 -2.210439e-001  1.159444e+000 -1.632561e+000 -6.483701e-001 -4.463852e-001  6.288333e-002
-1.463096e+001  3.186972e+000  1.633693e+000  4.185312e+000 -2.162509e+000 -6.245337e+000  1.217948e+000  7.165244e+000  1.294939e+001  1.033099e+001  1.376645e+001  7.869973e+000  3.025379e+001 -1.652234e+000  6.777855e-001 -1.957840e+000  1.966567e+000  6.572568e+000  4.991363e+000  2.417238e+000  1.925554e+000  5.669248e+000 -1.819868e+000  6.002651e-001  1.152717e+000 -5.053669e+000  3.192703e-001 -6.181676e-001  4.152038e-001 -3.540609e-001 -5.471791e-001  2.661826e-001 -1.490788e-001 -1.115904e+000 -1.491032e+000 -1.161794e+000 -1.464827e+000 -7.535652e-001  1.262110e+000
-1.533521e+001  4.659090e+000  2.199383e+000  3.233560e+000  2.327676e+000  3.715093e+000  5.936080e+000  2.647975e+000  8.202390e+000  6.534840e+000  5.458882e+000  2.498933e+000  2.955704e+001 -2.427966e-001  2.973211e-001 -9.631174e-001  1.000922e+000  4.686436e+000  3.580956e+000 -1.061673e-001  5.022287e-002  1.325047e+000 -2.639555e+000 -1.047118e+000 -6.259826e-001 -1.962399e+000  5.548005e-001 -6.228770e-001  4.393842e-001 -7.102216e-001 -2.102511e+000 -1.443127e+000 -1.308330e+000 -1.029444e+000 -2.381850e+000 -4.543038e-001 -8.663418e-001 -6.498616e-001  1.625335e+000
-1.674746e+001  1.834872e+000  3.134981e+000  3.753876e+000  1.959165e-001  2.741060e+000  7.975212e+000  9.848377e+000  1.127133e+001  4.816298e+000  2.790943e+000  9.382467e+000  2.858146e+001 -5.044403e-002 -6.390895e-001 -4.058196e-001 -1.920282e-001  1.147065e+000  5.443623e-001 -2.021351e+000 -8.523736e-001 -1.636068e+000 -6.933902e-001 -1.729528e+000 -1.375802e+000 -4.986763e-003  3.578843e-001 -2.912035e-001  2.441854e-001 -6.174387e-001 -1.906779e+000 -1.670097e+000 -1.228685e+000 -9.194942e-001 -1.573686e+000  4.377957e-001 -1.880677e-002 -6.146359e-001  1.219160e+000
-1.528874e+001  2.852220e+000  1.534730e+000  2.002043e+000  4.104624e+000  1.731652e+000 -1.293891e+000  5.926714e+000  6.123158e+000  6.700037e+000  5.179034e+000  3.378891e+000  2.982742e+001  9.892655e-003 -7.136877e-001 -7.824829e-001 -4.495468e-001 -8.158452e-001 -1.378363e+000 -2.842685e+000 -5.920101e-001 -1.591080e+000 -1.301293e+000 -1.609140e-001 -1.300785e+000  7.621155e-002  1.115074e-002 -7.195850e-002  6.073811e-002 -2.997515e-001 -1.322060e+000 -9.892597e-001  1.635740e-001 -3.327624e-001 -1.665664e-001  5.388318e-001  3.487621e-001  1.888339e-001  3.330153e-001
-1.490642e+001  8.949595e-001 -6.307901e-002  3.840930e+000  2.684343e+000 -2.531805e+000 -5.273822e+000  1.264007e+000  5.808664e+000  6.781442e+000  5.258737e+000  5.509842e-001  3.009366e+001  1.084271e-002 -2.727277e-001 -8.272303e-001 -3.953927e-001 -2.101848e-001 -8.794646e-001 -2.357929e+000 -2.350800e+000 -7.411201e-001 -3.000204e-001  6.312940e-002 -1.583061e+000  2.282467e-002 -9.274513e-002  1.310744e-001  1.665162e-002 -2.073928e-001 -3.674273e-001 -1.312962e-001  1.092556e+000  3.161941e-001  4.543523e-001 -5.496400e-002  2.767835e-001  5.485502e-001 -8.698215e-002
-1.620626e+001  1.560608e+000 -1.140019e-001  9.422998e-001 -2.995764e+000 -5.402901e-001 -1.652828e+000  3.980110e+000  2.978325e+000 -9.541999e-001  3.420415e+000  4.107481e-001  2.918200e+001 -2.176863e-001 -2.456523e-001 -4.487215e-001 -3.961535e-001 -1.245240e+000 -6.534294e-001  8.799918e-001 -8.643758e-001  4.474092e-002 -1.420808e-001 -1.996361e-001  4.218161e-001 -3.112278e-001 -1.881875e-002  1.830283e-001  1.589036e-001 -1.029122e-001  1.734181e-001  2.376254e-001  1.225307e+000  7.824883e-001  3.779566e-001  3.031996e-001  6.667979e-002  5.237847e-001 -2.919270e-002
-1.623449e+001  1.117040e+000 -1.768044e-001  2.306785e+000  2.695187e+000 -5.202919e-001 -3.634967e+000 -9.323217e-001  9.138148e+000  7.143314e+000  3.985899e+000  2.951236e+000  2.901830e+001 -4.003802e-001 -2.177354e-001 -4.894422e-001 -1.255689e+000 -4.753738e-001 -4.745857e-001  1.580089e+000  8.647798e-001 -1.822163e-001 -1.547817e+000 -3.262496e-001  5.056485e-001 -2.461779e-001  3.334967e-001 -8.350732e-001  6.604998e-001 -3.245420e-001 -8.572673e-001  4.271013e-001  5.328575e-001  1.170303e+000 -2.592149e-001 -1.163697e-001  1.659166e-001 -1.228396e-001  7.707255e-001
