42 39
-1.383263e+001  2.938687e+000 -1.521615e+000  3.262710e-001 -2.159003e+000  5.420964e+000  1.442318e+000 -8.982805e+000 -1.011726e+001 -8.873779e+000  7.837264e+000  8.688135e-001  3.773738e+001 -5.086448e+000 -4.071469e-001  2.272665e-002 -4.965942e-001  1.071915e+000  1.938998e+000  1.936589e+000  3.662801e+000  4.484489e+000  5.100186e+000  6.367922e+000  3.566075e+000 -2.965900e+000  8.892501e-001 -5.238809e-002 -4.019818e-001 -3.973762e-001 -1.727012e+000 -1.763756e+000  3.004557e-002 -7.465328e-001  7.051662e-001 -2.483220e-001 -2.017335e+000 -1.164952e+000  2.531988e+000
-1.764438e+001  5.924500e+000  6.497480e+000 -1.256385e+000 -3.158374e+000 -2.240297e+000 -1.931144e+000 -2.506569e-001 -1.519078e-001 -4.153478e+000  4.784853e+000  3.699390e-001  3.381735e+001 -2.202751e+000 -1.039875e+000 -1.031089e+000 -1.425318e+000 -7.587926e-001 -5.921178e-001  1.813817e-001  1.538398e+000  4.001977e+000  2.870379e+000  2.593488e+000  2.176031e+000  2.461716e+000  1.406647e+000 -2.808723e-001 -4.300551e-001 -5.107180e-001 -1.105712e+000 -1.280925e+000 -1.740257e-001 -6.857952e-001 -5.149075e-001 -1.377208e+000 -2.951141e+000 -1.290475e+000  3.094562e+000
-2.121817e+001  2.783952e+000  2.362361e+000  3.477152e+000 -1.985432e+000  3.151447e+000  4.969022e+000 -5.061965e+000 -2.084690e+000  5.524417e-001  8.714933e+000  1.468367e+000  3.600748e+001 -4.859295e-001 -1.780801e+000 -1.764642e+000 -1.817543e+000 -1.878446e+000 -2.174870e+000  7.860963e-001  2.216317e+000  4.148385e+000  1.005215e+000 -2.877711e+000  4.124538e-001  6.594738e+000  1.142604e+000 -3.954473e-001  6.158180e-001 -1.319085e-001 -4.484257e-001 -7.259382e-001 -2.968790e-001 -1.069608e-001 -9.751210e-001 -1.139349e+000 -2.696939e+000 -1.408079e+000  1.890931e+000
-1.297845e+001 -3.483213e+000 -6.973975e+000 -4.686952e+000 -7.887256e+000 -2.131011e+000 -2.986665e+000 -3.659137e+000  4.063724e+000 -7.003181e+000 -2.729183e-001  1.658199e+000  5.624300e+001 -1.286907e-002 -1.865365e+000 -1.038542e+000 -2.098196e+000 -1.499373e+000 -1.884690e+000  1.041700e+000  1.992820e+000  2.140812e+000 -1.767290e-001 -3.790989e+000 -3.679545e-001  7.080179e+000  1.630903e-001 -1.781283e-001  1.709482e+000  7.645688e-001  3.986299e-001  4.372250e-001  1.677875e-001 -1.032041e-001 -1.542662e+000  9.307445e-002 -6.191301e-001 -1.273347e+000 -8.392976e-001
-1.859524e+001 -1.261464e+000 -3.609099e+000 -7.046161e+000 -9.186792e+000 -5.508030e+000  5.900559e+000  3.803020e+000  8.516846e+000 -2.422852e+000 -4.022406e+000  2.286952e+000  5.949825e+001 -4.683701e-001 -1.971638e+000  3.105544e+000 -8.196977e-001 -7.999230e-001 -1.044407e+000  2.203424e-002  2.900786e+000  5.394669e-001  9.269965e-001 -3.924532e+000 -2.202328e+000  4.179526e+000 -4.592978e-002 -1.410952e-001  1.726388e+000  1.544624e+000  7.789708e-001  9.001551e-001 -2.779066e-001 -7.306733e-001 -1.755291e+000  5.659387e-001  1.381109e+000 -8.996646e-001 -2.381898e+000
-1.902019e+001 -1.379616e+000  4.290498e+000 -6.485708e+000 -7.054557e+000 -7.334009e+000  2.811589e+000  5.280950e+000  5.251387e+000 -3.549476e+000 -7.801425e+000 -1.879126e+000  5.747286e+001 -1.396080e+000 -1.835098e+000  5.081228e+000  1.898603e+000  6.950955e-001  1.028775e+000  1.402350e+000  6.801428e-001 -1.906873e+000  3.374860e+000  2.124797e-002 -2.883316e+000 -5.271656e-001  5.859342e-001  9.322493e-002  5.127137e-001  1.497028e+000  1.401772e-001  6.686163e-003 -8.863686e-001 -1.303419e+000 -1.398036e+000 -3.566653e-001  1.656405e+000 -1.842388e-001 -2.172322e+000
-2.053915e+001 -8.126039e+000  1.225784e+001  2.780410e-001 -6.401396e+000  5.309129e-001  2.180066e+000  4.971922e+000  1.881346e-002  3.460572e+000 -7.143474e+000 -7.774612e+000  5.629018e+001 -2.397308e-002 -2.501410e+000  3.807413e+000  3.907177e+000  9.191736e-001  8.691726e-001 -7.837617e-001 -7.807109e-001 -2.604225e+000  2.059114e+000  2.121717e+000 -2.828189e+000 -1.511078e+000  1.806058e+000  4.013513e-001 -1.468142e+000  3.983096e-001 -6.082828e-001 -1.389640e+000 -1.597618e+000 -1.541059e+000 -7.290013e-001 -1.856121e+000  7.628711e-001  8.727636e-001 -8.498673e-001
-1.898690e+001 -9.226417e+000  1.049870e+001  1.143962e+000 -5.804476e+000 -6.606230e-003  5.885332e+000 -8.428745e-001 -1.221626e+000  6.929409e+000  1.393856e+000 -7.727597e+000  5.521121e+001  2.694604e+000 -1.134354e+000  1.174092e+000  3.023506e+000 -1.658035e+000 -2.808049e+000 -2.987244e+000 -2.683528e+000 -3.277522e+000 -2.526114e+000  1.467912e+000 -9.762182e-001 -9.361286e-001  2.595874e+000  3.409316e-001 -2.436312e+000 -6.450663e-001 -1.083707e+000 -1.926424e+000 -2.488857e+000 -7.336358e-001  1.868718e-001 -2.669046e+000 -9.255061e-001  1.384228e+000  3.679311e-001
-1.873175e+001 -9.845116e+000  1.232387e+001  8.674889e+000 -5.215965e+000 -4.825869e+000  4.448798e-001  2.961377e+000 -1.267774e+000  2.633274e+000  1.988538e+000 -8.929756e+000  5.307369e+001  6.516577e+000 -3.152542e-001 -2.281598e+000  6.093990e-001 -2.664772e+000 -6.074194e+000 -5.771260e+000 -3.122671e+000 -2.420216e+000 -5.403119e+000 -8.335086e-001  1.207941e+000  1.346706e-001  2.057832e+000  1.065360e-001 -2.174633e+000 -1.072678e+000 -7.587490e-001 -8.936922e-001 -1.862642e+000  7.081298e-002  8.557233e-001 -1.654869e+000 -1.320850e+000  1.256430e+000  6.036373e-001
-6.450868e+000 -6.191848e+000  1.012794e+001  4.433396e+000 -1.593745e+001 -1.869586e+001 -1.125704e+001 -7.131419e+000 -1.049293e+001 -1.576640e+001 -5.027871e+000 -6.182646e+000  5.440047e+001  8.313015e+000 -1.223518e+000 -4.055828e+000  3.221606e-001 -2.931467e+000 -5.131659e+000 -8.548184e+000 -1.817056e+000 -1.064519e+000 -6.239252e+000 -3.128670e+000  2.019762e+000  4.896156e-001  3.036293e-001 -4.434731e-001 -9.079099e-001 -5.161595e-001  3.031021e-001  1.015354e+000 -3.887996e-001  1.209969e+000  1.268056e+000  3.403381e-001 -3.763908e-001  5.125747e-001  3.582817e-001
 5.775721e+000 -1.121959e+001  1.035230e+000  1.680319e+000 -1.465877e+001 -2.049543e+001 -1.810505e+001 -7.497163e+000 -7.446613e+000 -1.220712e+001 -8.100153e+000 -2.507381e+000  5.736891e+001  7.455984e+000 -1.924148e+000 -4.450793e+000 -1.055388e-001 -2.237855e+000 -2.437483e+000 -7.316502e+000 -8.598823e-001  5.678902e-001 -4.358663e+000 -2.184245e+000  1.955973e+000  7.942371e-001 -1.660757e+000 -3.274950e-001  8.762826e-001  3.417745e-002  5.689885e-001  1.833538e+000  1.365426e+000  1.643606e+000  6.745394e-001  1.312916e+000  8.820735e-001 -3.040512e-001  7.480858e-002
 1.032444e+001 -1.465677e+001 -4.136124e+000  6.252049e+000 -1.574041e+001 -1.783012e+001 -2.758063e+001 -4.698884e+000 -3.454801e+000 -1.684665e+001 -9.205148e+000 -8.399767e-001  5.551168e+001  3.743047e+000 -2.547272e+000 -2.280860e+000  8.001770e-001 -3.559825e-001  4.503679e-001 -4.158622e+000  2.234921e+000  1.568705e+000 -1.346652e+000  2.613257e-001  1.212639e+000  5.254967e-001 -2.557121e+000  2.000966e-001  2.048040e+000 -1.267246e-001  2.788166e-001  1.218085e+000  2.719671e+000  1.303081e+000 -4.463845e-001  1.609764e+000  1.625102e+000 -7.730070e-001  1.052504e-001
 1.016051e+001 -1.523340e+001 -2.798064e+000  7.237868e+000 -1.650376e+001 -1.744616e+001 -2.797583e+001 -2.554302e+000 -1.947386e+000 -1.861991e+001 -6.844048e+000 -1.821226e+000  5.648927e+001  4.977780e-001 -1.290852e+000  1.212332e+000  5.412780e-001 -1.107572e+000  3.024818e-001 -1.138910e+000  3.069370e+000 -3.641305e-001 -1.284839e+000  1.881861e+000  9.124657e-002  4.907730e-001 -2.267570e+000  6.072790e-001  2.210798e+000 -3.097790e-001 -2.552104e-001  3.750805e-001  2.692625e+000  6.952111e-001 -1.483464e+000  1.444681e+000  1.334083e+000 -8.495968e-001  1.498638e-001
 1.007197e+001 -1.692131e+001  6.402930e-001  5.655506e+000 -1.679486e+001 -1.796866e+001 -2.711476e+001  1.571757e+000 -5.399014e+000 -1.929326e+001 -4.349295e+000 -4.625261e-001  5.746777e+001 -9.934882e-001 -5.396837e-001  3.352811e+000 -6.348709e-001 -2.102526e+000 -4.112167e-001  1.961375e+000  2.733725e+000 -2.830431e+000  2.726583e-001  2.963788e+000 -9.129101e-001  1.167600e+000 -1.312375e+000  8.245758e-001  1.375075e+000 -4.664073e-001 -7.228732e-001 -2.051035e-002  1.945109e+000 -4.612708e-001 -1.566487e+000  1.058544e+000  7.172260e-001 -8.261572e-001  1.781426e-001
 8.390844e+000 -1.654159e+001  4.708680e+000  4.684980e+000 -1.966940e+001 -1.891375e+001 -2.403254e+001  4.714364e+000 -8.295159e+000 -1.740801e+001 -1.118775e+000 -2.239874e+000  5.884473e+001 -1.513601e+000  1.084524e-001  3.786359e+000 -9.369099e-001 -2.640635e+000 -1.312887e-001  3.086622e+000  2.366771e+000 -4.649860e+000  2.055086e+000  3.134940e+000 -1.229236e+000  1.222504e+000 -4.997322e-001  6.335812e-001  2.826776e-001 -3.587013e-001 -4.160018e-001  3.182886e-001  9.237171e-001 -1.151567e+000 -7.020904e-001  1.029181e+000  2.786391e-002 -5.967683e-001  3.265353e-002
 6.241829e+000 -1.670109e+001  8.874559e+000  4.354138e+000 -2.467022e+001 -1.915241e+001 -1.974540e+001  5.335406e+000 -1.443307e+001 -1.608931e+001  2.751157e+000 -5.195203e+000  6.017195e+001 -1.813141e+000  8.759543e-001  3.307504e+000 -7.927656e-001 -3.203816e+000  5.647014e-001  3.454157e+000  2.798664e-001 -4.120864e+000  2.276108e+000  3.220917e+000 -2.257905e+000  1.050344e+000 -5.820147e-002  4.806216e-001 -3.739069e-001 -1.921689e-001  1.143716e-001  5.774696e-001 -1.313705e-002 -1.476952e+000  5.561108e-001  5.215623e-001 -5.382761e-001 -2.828350e-001 -1.940615e-001
 4.507575e+000 -1.480124e+001  1.201660e+001  3.204002e+000 -2.576926e+001 -1.751073e+001 -1.622740e+001  7.397729e+000 -2.067966e+001 -9.946457e+000  5.280426e+000 -5.601068e+000  6.124970e+001 -1.591056e+000  1.169235e+000  2.648373e+000 -1.173281e+000 -2.636936e+000  1.405966e+000  2.733285e+000 -1.461536e+000 -3.229366e+000  2.859339e+000  1.892616e+000 -2.220097e+000  7.126686e-001  1.098073e-001  3.032432e-001 -6.636342e-001 -1.852655e-001  4.692196e-001  4.407166e-001 -5.100030e-001 -1.523987e+000  1.458100e+000 -1.156080e-001 -8.980693e-001 -3.478432e-003 -2.323057e-001
 2.947901e+000 -1.341171e+001  1.352385e+001  2.432168e+000 -2.976402e+001 -1.584667e+001 -1.374654e+001  1.629406e+000 -1.981108e+001 -1.164350e+001  8.555687e+000 -1.007146e+001  6.151700e+001 -1.245768e+000  1.333033e+000  2.052269e+000 -1.477530e+000 -1.532518e+000  1.707504e+000  2.072359e+000 -2.736880e+000 -7.601240e-001  2.478343e+000  8.935695e-001 -1.831655e+000  4.522102e-001  1.950780e-001  7.029396e-002 -6.709556e-001 -1.773098e-001  6.807302e-001  1.865451e-001 -7.375419e-001 -8.929897e-001  1.525365e+000 -3.747075e-001 -1.029101e+000  4.105126e-001 -1.883281e-001
 2.082526e+000 -1.234010e+001  1.562590e+001 -2.204401e-001 -3.030718e+001 -1.353679e+001 -1.336554e+001 -7.403147e-001 -2.175298e+001 -5.334223e+000  5.442042e+000 -1.090223e+001  6.173554e+001 -1.248251e+000  1.396129e+000  1.095805e+000 -1.520856e+000 -1.130186e+000  1.500893e+000  1.227506e+000 -3.744788e+000  9.602693e-001  1.375928e+000 -1.917330e-001 -1.459754e+000  3.600430e-001  1.812106e-001 -5.067505e-002 -5.299371e-001  8.926463e-003  6.333228e-001 -2.934908e-002 -6.257685e-001 -1.757623e-001  1.257471e+000 -6.282334e-001 -5.979864e-001  5.697286e-001 -1.106467e-001
 1.225514e+000 -1.126650e+001  1.733126e+001 -1.321288e+000 -3.006385e+001 -1.260185e+001 -1.081453e+001 -4.279973e+000 -1.769703e+001 -6.003715e+000  7.138196e+000 -1.170289e+001  6.219008e+001 -1.009153e+000  1.113977e+000  7.290094e-001 -1.505528e+000 -5.535396e-001  1.449963e+000  5.193366e-001 -3.043456e+000  1.411143e+000  1.144276e+000 -8.824142e-001 -5.855139e-001  2.850166e-001  1.802612e-001 -1.483694e-001 -2.568032e-001  1.087749e-001  5.258234e-001 -5.482452e-002 -5.229784e-001  4.957963e-001  5.404081e-001 -4.453949e-001 -2.254136e-001  5.923125e-001 -7.441559e-002
-8.724880e-001 -8.893202e+000  1.559192e+001 -2.523548e+000 -3.127027e+001 -1.162866e+001 -1.155587e+001 -8.371524e+000 -1.693534e+001 -5.886706e+000  5.030506e+000 -1.208412e+001  6.271338e+001 -8.033108e-001  1.025388e+000  6.603174e-001 -1.114650e+000  4.018879e-002  1.387991e+000  3.809537e-001 -2.187059e+000  1.972357e+000  3.852057e-001 -2.093238e-001  5.475330e-003  2.430317e-001  2.391028e-001 -2.279570e-001  8.398850e-002  7.856481e-002  5.097077e-001 -5.274259e-002 -3.682474e-001  8.809788e-001 -3.174354e-002 -1.529312e-001  6.841756e-002  5.189254e-001 -9.273869e-002
-6.203586e-001 -9.565275e+000  1.718589e+001 -3.943917e+000 -3.205017e+001 -9.550915e+000 -1.205469e+001 -9.772267e+000 -1.516419e+001 -5.645876e+000  4.349384e+000 -1.240808e+001  6.245317e+001 -5.669323e-001  7.765568e-001  9.859977e-001 -1.136758e+000  5.114115e-001  1.489833e+000 -1.192570e-001 -1.036763e+000  1.435873e+000  7.467300e-001 -2.247032e-001  3.972935e-001  1.386379e-001  1.790933e-001 -1.897673e-001  1.190233e-001  4.651265e-002  3.305987e-001 -1.261762e-001 -3.527785e-001  8.175555e-001 -4.492074e-001  3.720448e-002  6.806187e-002  2.730027e-001 -8.963162e-002
-1.011091e+000 -8.063776e+000  1.900017e+001 -4.482376e+000 -2.911308e+001 -8.122310e+000 -1.084069e+001 -8.929464e+000 -1.315761e+001 -3.587114e+000  5.789829e+000 -1.052226e+001  6.281916e+001 -2.738476e-001  4.250541e-001  1.387254e+000 -1.312416e+000  8.858768e-001  1.217245e+000 -2.944337e-001 -3.432408e-001  7.891866e-001  8.100456e-001 -1.785007e-001  6.434695e-001 -3.046112e-002  6.726575e-002 -1.382076e-001 -1.247710e-001  4.433334e-002 -3.744184e-002 -2.822001e-001 -3.049815e-001  3.406003e-001 -6.150038e-001 -6.776115e-002 -1.341550e-001 -6.494147e-002 -7.268593e-002
-1.539846e+000 -7.798425e+000  2.055712e+001 -6.025663e+000 -2.858539e+001 -6.905869e+000 -1.176841e+001 -9.184818e+000 -1.240653e+001 -3.419861e+000  5.635019e+000 -1.049735e+001  6.283038e+001 -3.784182e-001  4.653071e-001  9.606579e-001 -1.174081e+000  6.766098e-001  9.044546e-001 -9.068621e-001  1.224129e-001 -2.433092e-001  1.117878e+000 -5.575164e-001  4.605023e-001 -2.639503e-002  2.265533e-002 -2.306573e-002 -3.878056e-001  2.761651e-001 -2.727022e-001 -3.684868e-001 -2.094631e-002 -1.633528e-001 -3.539054e-001 -3.398810e-001 -4.864580e-002 -2.217551e-001 -4.150315e-002
-1.781982e+000 -7.651356e+000  2.084258e+001 -8.044757e+000 -2.857328e+001 -6.864961e+000 -1.317118e+001 -1.038145e+001 -1.436824e+001 -2.949486e+000  3.495185e+000 -9.822135e+000  6.237247e+001 -5.612391e-001  4.899749e-001  4.913254e-002 -8.743215e-001 -2.296196e-001  2.696790e-001 -7.501512e-001 -1.063646e+000 -2.630712e-001 -1.391743e-001 -7.136922e-001 -3.508365e-001 -3.788147e-002  4.193603e-002  9.715530e-002 -4.761960e-001  5.475381e-001 -2.924848e-001 -3.383404e-001  2.760338e-001 -4.026687e-001  1.214617e-002 -4.028378e-001  1.069312e-001 -2.144301e-001 -2.642197e-002
-2.127004e+000 -7.444950e+000  2.106797e+001 -8.033132e+000 -2.893702e+001 -5.657316e+000 -1.542376e+001 -8.434209e+000 -1.577543e+001 -3.752991e-001  2.709124e+000 -1.045564e+001  6.254454e+001 -3.099599e-001  6.287678e-001 -2.839697e-001  2.502046e-002 -2.943514e-001  1.211818e-001  3.870201e-003 -1.493325e+000  1.924745e-001 -4.780653e-001 -2.003365e-001 -2.143290e-001 -6.516762e-002  1.352584e-001  1.134640e-001 -2.336812e-001  5.260748e-001 -5.305115e-002 -3.133235e-001  5.153266e-001 -4.224370e-001  2.623131e-001 -3.629175e-001  1.976963e-001  1.874163e-002 -7.656769e-002
-3.523708e+000 -5.790639e+000  1.899041e+001 -7.850249e+000 -3.008536e+001 -7.398191e+000 -1.276378e+001 -1.462300e+001 -1.278852e+001 -5.805267e+000  3.684315e+000 -1.229730e+001  6.277267e+001 -9.839658e-002  8.291003e-001 -3.714125e-001  8.257234e-001 -9.106636e-002 -8.282013e-002  6.303694e-001 -1.548715e+000  6.320256e-001 -4.061715e-001  1.775653e-001 -9.126520e-002 -1.431847e-001  1.840477e-001  8.713580e-002  4.768564e-002  3.466511e-001  1.831129e-001 -1.692234e-001  2.452353e-001  1.785049e-002  8.122578e-002  4.563135e-002  4.863437e-002  2.700511e-001 -1.319186e-001
-2.218783e+000 -5.584944e+000  2.006336e+001 -5.997815e+000 -2.930111e+001 -6.033345e+000 -1.195276e+001 -1.453067e+001 -1.223401e+001 -4.382297e+000  4.538772e+000 -1.033141e+001  6.230444e+001  6.645248e-002  8.630645e-001  2.524567e-003  6.062707e-001  3.420774e-001 -4.859134e-001  9.795105e-001 -1.747237e+000  6.207078e-001 -5.632108e-001 -1.466374e-002  4.244248e-001 -3.565819e-001  4.562259e-002  6.201918e-002  1.289708e-001  6.540086e-003  1.225857e-001 -1.068582e-001 -1.440565e-001  1.891743e-001 -2.464036e-001  1.030002e-001 -2.307316e-001  2.673947e-001 -1.414763e-001
-2.228076e+000 -4.435858e+000  1.948782e+001 -4.933798e+000 -2.884657e+001 -7.091047e+000 -1.175483e+001 -1.507680e+001 -1.297882e+001 -2.976844e+000  3.468188e+000 -1.034057e+001  6.177659e+001  1.707931e-001  8.085055e-001  1.443136e-001  5.683091e-001  3.677307e-001 -2.728904e-001 -1.179495e-002 -8.474373e-001 -7.105903e-002  1.315553e-001 -5.633568e-001  6.800423e-001 -5.517673e-001 -3.461877e-002  3.565490e-002  1.544401e-001 -1.641490e-001  7.506781e-002  9.198442e-003 -3.020027e-001  2.347116e-001 -2.994104e-001  1.443810e-002 -1.966958e-001  2.187763e-001 -1.206531e-001
-2.442558e+000 -3.807018e+000  2.083189e+001 -6.460003e+000 -2.784603e+001 -8.240455e+000 -1.103067e+001 -1.694349e+001 -1.257674e+001 -4.605565e+000  2.743869e+000 -9.311877e+000  6.125967e+001 -2.164418e-001  9.491611e-001  1.030210e-001  1.864280e-001  8.917847e-002 -3.180742e-001 -3.953300e-001 -8.980922e-001 -6.880015e-001 -2.319276e-001 -9.835332e-001  7.369906e-001 -5.682579e-001 -6.150698e-002  2.299630e-002  9.512089e-002 -7.237244e-002  3.370230e-002  1.169590e-001 -2.493388e-001  2.789432e-001 -1.496296e-001  7.857822e-003  8.213377e-002 -1.986206e-002 -6.550671e-002
-2.557855e+000 -2.637075e+000  1.932771e+001 -4.777609e+000 -2.897425e+001 -7.659088e+000 -1.328379e+001 -1.765377e+001 -1.297245e+001 -5.035857e+000  1.764983e+000 -9.406861e+000  6.053622e+001 -1.300433e-001  9.643264e-001  3.505396e-001  2.148995e-001  4.107222e-001 -1.207475e-001 -1.922238e-001 -7.997299e-001 -2.106720e-001 -4.996226e-001 -3.214788e-001  8.463333e-001 -6.406120e-001 -6.475507e-002  1.528074e-002  9.400919e-002 -1.215432e-001  7.019354e-002  6.813692e-002 -2.267851e-002  1.934431e-001  3.374161e-002 -7.434332e-002  2.254662e-001 -2.225391e-001 -3.037655e-002
-3.136102e+000 -1.738530e+000  2.065852e+001 -5.143769e+000 -2.879137e+001 -7.339695e+000 -1.316493e+001 -1.773264e+001 -1.567720e+001 -4.512429e+000  4.727085e-001 -7.113317e+000  6.008334e+001 -9.066422e-002  9.001356e-001  3.750160e-001  4.211133e-001  4.890932e-001  2.281027e-002 -1.769690e-001 -3.763748e-001 -5.763378e-002 -2.083328e-001  2.750661e-001  2.419690e-001 -6.396931e-001  2.009360e-002  4.638398e-003  5.723976e-002 -1.021959e-001  1.439359e-001  3.003190e-002 -4.259098e-002  2.418163e-001  2.192436e-001 -2.865995e-002  1.646644e-001 -3.240416e-001 -4.974979e-002
-2.531520e+000 -6.484695e-001  2.132721e+001 -4.517418e+000 -2.632028e+001 -8.145164e+000 -1.164882e+001 -1.868088e+001 -1.248195e+001 -5.521525e+000  2.996375e+000 -7.208185e+000  5.916170e+001 -2.158711e-001  9.094220e-001  4.783621e-001 -1.567497e-001  5.187410e-001 -1.026481e-001 -2.343680e-001 -1.410805e-001 -2.175348e-001 -2.519587e-001 -6.532565e-002 -1.851422e-001 -6.679325e-001  6.746040e-003  2.860934e-002  5.416602e-003 -1.401341e-001  1.212745e-001  3.593504e-002 -2.439368e-001  2.532870e-001  3.686460e-002  5.095618e-002 -2.217489e-001 -1.518783e-001 -6.135384e-002
-2.909046e+000 -3.006426e-001  2.170722e+001 -4.484532e+000 -2.672755e+001 -7.883365e+000 -1.273300e+001 -1.831182e+001 -1.311016e+001 -5.404394e+000  3.503504e+000 -9.201370e+000  5.874846e+001 -7.305992e-002  9.998053e-001  3.253086e-001 -1.387266e-001  7.548485e-001 -1.769645e-001 -5.872129e-001 -1.833553e-002  4.116478e-001 -4.990593e-001 -2.882878e-001 -3.674795e-001 -8.033466e-001 -1.968271e-002  1.496770e-001 -1.158529e-001 -1.986078e-002  1.207299e-001  7.107665e-002 -2.611116e-001  1.534081e-001 -1.174749e-001  1.086821e-001 -4.657756e-001  1.636066e-001 -7.741531e-002
-3.750738e+000  1.191091e+000  2.119517e+001 -5.890976e+000 -2.741245e+001 -7.900494e+000 -1.467160e+001 -1.806959e+001 -1.534365e+001 -5.849668e+000 -7.704318e-002 -9.288546e+000  5.786399e+001 -1.051152e-001  1.057538e+000  4.024763e-001 -2.058512e-001  8.842169e-001  1.588151e-001 -1.206786e+000  2.876852e-001 -2.609898e-001 -9.947848e-002 -1.148546e+000  3.916658e-001 -8.655545e-001 -2.335414e-003  2.071531e-001 -1.959583e-001  2.261022e-001  1.204939e-001  1.360005e-001 -7.859578e-002  3.732985e-003 -2.004513e-001  3.416608e-001 -3.994261e-001  1.355504e-001 -9.125897e-002
-2.891793e+000  2.340716e+000  2.235108e+001 -5.150623e+000 -2.447104e+001 -8.346853e+000 -1.458961e+001 -1.812996e+001 -1.218811e+001 -6.843654e+000  5.679784e-001 -7.910534e+000  5.671545e+001 -2.444557e-001  1.574463e+000 -1.663055e-001  3.463601e-001  9.100050e-001  2.474619e-001 -9.963179e-001  1.762831e-001 -6.232808e-001  2.588377e-001 -1.512202e+000  7.715982e-001 -9.279587e-001 -1.354610e-001  2.636606e-001 -2.450506e-001  3.375150e-001  1.285361e-001  1.566019e-001  3.298748e-001 -2.164266e-001 -5.430741e-001  5.323282e-001 -2.584462e-001 -7.133001e-003 -7.345482e-002
-3.065723e+000  3.318542e+000  2.301766e+001 -5.213628e+000 -2.302745e+001 -7.119345e+000 -1.675445e+001 -1.733338e+001 -1.424792e+001 -5.299288e+000 -1.278593e+000 -5.895274e+000  5.585043e+001 -1.418503e-001  1.657859e+000 -2.556225e-001  7.312180e-001  1.043632e+000  3.651411e-001 -4.227944e-001 -2.197248e-001 -7.023270e-001  1.077397e+000 -1.450499e+000 -7.692900e-002 -1.061921e+000 -2.234202e-001  2.767078e-001 -2.483442e-001  4.382122e-001  1.982811e-001  9.425312e-002  1.037375e+000 -4.028017e-001 -3.389052e-001  2.380692e-001 -8.756930e-002 -8.488739e-002 -1.276507e-001
-4.473832e+000  6.507945e+000  1.996445e+001 -3.091406e+000 -2.437002e+001 -7.036630e+000 -1.667317e+001 -1.779851e+001 -1.677443e+001 -4.385396e+000 -3.456730e+000 -7.040015e+000  5.511545e+001 -7.319977e-001  2.017948e+000 -5.708950e-001  1.080314e+000  1.317821e+000  5.028818e-001  6.701657e-001 -8.467633e-001 -2.083054e+000  1.574144e+000 -1.429542e+000 -1.688471e-001 -1.072437e+000 -3.938592e-001  4.830641e-002 -2.694849e-001  2.723279e-001  3.906578e-001  1.316935e-001  1.641256e+000 -4.350158e-001  2.536204e-001 -3.164292e-001  1.317454e-001 -7.271378e-002 -5.660300e-002
-3.668970e+000  7.396771e+000  2.111037e+001 -3.264495e+000 -2.224480e+001 -6.729900e+000 -1.574379e+001 -1.933394e+001 -1.656212e+001 -1.691813e+000 -5.317185e+000 -1.010845e+001  5.335439e+001 -9.784451e-001  2.219335e+000 -6.369501e-001  1.618233e+000  1.671715e+000  5.023707e-001  3.146846e+000 -1.214800e+000 -1.225629e+000  4.332144e-001 -1.627722e+000  4.374515e-001 -1.431569e+000 -8.081669e-001 -2.501656e-001 -7.507330e-001  1.295417e-001  4.408644e-001 -6.919563e-003  1.864354e+000  1.110818e-001  9.329302e-001 -8.472693e-001  6.748776e-001  1.933793e-001  1.846332e-001
-6.250158e+000  1.039134e+001  2.045025e+001 -7.236211e-001 -1.827326e+001 -6.027167e+000 -1.174411e+001 -2.136350e+001 -2.144628e+001 -7.766703e-001 -4.560437e+000 -6.648181e+000  5.260129e+001 -1.795454e+000  1.535257e+000 -1.323066e+000  1.264492e+000  2.549253e+000  8.373144e-001  5.425143e+000 -1.501258e+000  9.064720e-001 -1.001217e+000 -7.648630e-001  1.508390e-001 -1.026150e+000 -1.123679e+000 -7.496477e-001 -1.355368e+000 -2.409923e-001  3.923417e-001 -5.064306e-002  1.299023e+000  9.312183e-001  1.642429e+000 -5.071799e-001  1.433904e+000  3.524427e-001  4.348418e-001
-7.069786e+000  1.247352e+001  1.959001e+001  1.693645e+000 -1.771726e+001 -5.112223e+000 -3.484751e+000 -2.162488e+001 -1.804014e+001 -4.937578e+000 -8.865351e+000 -3.903933e+000  4.994967e+001 -3.650957e+000  6.483766e-001 -3.633202e+000  1.286837e+000  2.632238e+000  1.633270e-001  6.521486e+000  6.629318e-001  2.467561e+000 -1.871269e+000  1.591549e+000  7.301246e-001 -1.618992e-001 -1.131880e+000 -9.649660e-001 -1.809291e+000 -7.132681e-001  3.512978e-001 -4.148979e-002  8.797331e-002  1.550520e+000  1.285212e+000  4.610874e-001  1.800388e+000  1.758604e-001  5.722620e-001
-1.175070e+001  1.164585e+001  1.410930e+001  7.519850e-001 -1.388753e+001 -3.658896e+000  4.323029e+000 -2.415933e+001 -1.150306e+001 -7.768599e+000 -5.506962e+000 -9.388079e+000  5.168706e+001 -5.014139e+000 -9.448120e-001 -5.849611e+000  4.105034e-002  2.799268e+000  4.191884e-001  5.477959e+000  2.870462e+000  4.282495e+000  1.904868e-001  4.130340e+000  1.447030e+000  4.669372e-001 -4.828306e-001 -6.747989e-001 -1.478853e+000 -8.019798e-001 -2.116142e-001 -2.152893e-001 -1.340499e+000  1.603172e+000  5.902231e-001  1.115185e+000  1.031459e+000  8.026168e-002  2.671842e-001
