41 39
-9.297709e+000  4.205214e+000 -1.951832e+000 -4.342209e+000 -1.423198e+001 -1.061652e+001 -1.183046e+000  5.125156e+000  1.246388e+001  1.265369e+001  1.326413e+001  1.294872e+001  3.324044e+001  7.715096e-002 -4.991520e+000  2.129353e-001 -1.520551e+000 -9.640130e-001  2.474757e+000  2.325438e+000  1.632197e+000 -1.989496e+000 -6.977687e-001 -2.333834e+000 -2.986748e+000  4.634178e+000 -7.569246e-001 -7.482998e-001  5.713117e-001  8.953912e-002  1.073605e+000  1.010840e-001 -6.597829e-003  5.265791e-001 -1.140196e+000 -1.760595e+000 -2.079488e+000 -1.924166e+000  3.008607e+000
-4.218325e+000 -1.415220e+001  5.812731e+000 -1.039101e+001 -1.037143e+001 -1.657899e+001 -4.872715e+000  3.217418e+000 -6.909266e+000 -9.351557e-001 -9.022495e+000 -1.305934e+000  6.213387e+001  9.595821e-001 -4.022890e+000  1.136532e+000 -7.475330e-001  1.639968e+000  8.744103e-001  1.701646e+000  2.854380e+000 -1.276772e+000 -1.325979e+000 -4.932382e+000 -4.609414e+000  5.992447e+000  2.080575e-001  6.770357e-001  5.223429e-001  5.146385e-001  1.220406e-001  9.716747e-002 -1.193108e+000  3.264285e-001  3.904204e-001 -5.108732e-001  1.698302e-001 -4.735741e-001  5.024685e-001
-5.550251e+000 -1.473823e+001  4.259745e+000 -1.062315e+001 -1.218890e+001 -2.038769e+001 -4.968072e+000  6.897201e+000 -7.104676e-001  2.395773e+000 -6.432765e+000 -4.081457e+000  6.449406e+001  2.157978e+000 -3.268106e+000  2.171710e+000  3.944132e-001 -9.569445e-002  1.187016e+000 -1.538040e+000  2.987795e+000 -1.219498e+000 -1.996725e+000 -3.893370e+000 -3.444801e+000  4.816938e+000  4.163565e-001  8.682185e-001  3.121653e-001  4.179931e-001 -5.625088e-001  9.385605e-001 -1.292578e+000 -1.771705e-002  5.226721e-001 -1.378994e-001  1.506093e+000  8.296393e-001 -8.733116e-001
-3.089347e+000 -7.765894e+000  5.074366e+000 -3.789815e+000 -1.128227e+001 -1.812766e+001 -2.445872e+000  1.822386e+001  8.658365e+000  4.152251e+000 -9.493039e+000 -2.204887e+000  5.115371e+001  1.847600e+000 -1.324611e+000  1.539457e+000  7.780648e-001 -1.837925e+000  4.221163e+000 -2.034186e+000  3.332357e+000  1.557881e+000 -4.655254e-001  1.350453e+000 -1.104936e+000  1.006681e+000 -9.923691e-002  3.663670e-001  1.857281e-004 -2.796327e-001 -9.339026e-001  1.003898e+000 -7.402958e-001 -8.230237e-001 -3.985425e-002 -1.237835e-001  2.012251e+000  1.087349e+000 -4.793189e-001
 9.276906e-001 -1.532847e+001  9.275901e+000 -5.670738e+000 -1.425503e+001 -3.907103e+000 -1.008667e+001  1.256091e+001 -1.417431e+000  1.263673e-001 -5.967448e+000 -3.825802e+000  6.281522e+001  1.714925e+000 -1.999567e+000  1.572299e+000 -1.933843e-001 -2.037611e+000  5.494183e+000 -2.269535e+000  1.304623e+000 -7.934631e-001 -1.817492e+000  2.055214e+000 -5.907915e-001  2.760503e+000 -6.397125e-001  3.890445e-001 -3.025841e-001 -6.014057e-001 -2.655771e-001 -1.607618e-001  4.963500e-001 -9.905735e-001 -2.267286e-002 -1.960662e-002  1.111198e+000  7.680899e-001 -2.176678e-001
 1.780703e+000 -2.048013e+001  1.100194e+001 -8.976890e+000 -1.852799e+001 -3.713464e+000 -1.248435e+001  1.704735e+001  1.233622e+000 -2.128080e+000 -2.502888e+000 -6.958440e+000  6.800669e+001  6.849242e-001 -2.825325e+000  1.437166e+000 -1.851798e+000 -2.058586e+000  3.740318e+000 -1.634086e+000 -4.191528e-001 -1.689061e+000 -2.034512e+000  2.154580e+000 -5.996746e-001  4.624071e+000 -7.083021e-001  4.678811e-001 -1.984106e-001 -4.133396e-001  4.013940e-001 -1.404311e+000  1.046133e+000 -1.031828e+000 -3.118396e-001  1.582545e-001 -2.767205e-001  4.080702e-001 -1.484706e-001
 5.893468e-001 -1.837894e+001  9.157454e+000 -8.996539e+000 -1.875409e+001 -1.238758e-001 -1.129651e+001  1.400857e+001 -9.654117e-001 -3.551523e+000  3.482269e-001 -4.658638e+000  6.987008e+001 -4.592467e-001 -5.725271e-001  7.099355e-001 -1.297684e+000 -1.313249e+000  6.236296e-001  7.436592e-001 -8.931732e-002  2.906088e-001 -1.310264e+000  1.260555e+000  1.430183e-001  1.919904e+000 -5.968354e-001  7.184659e-001 -5.236127e-002  4.458630e-002  5.946299e-001 -1.792199e+000  1.134562e+000 -5.350443e-001  1.286487e-001  7.768290e-001 -5.537421e-001  2.520552e-001 -8.666586e-001
 5.044461e-001 -2.036728e+001  1.231942e+001 -1.138590e+001 -1.932567e+001 -1.317683e+000 -1.001138e+001  1.540426e+001 -1.294984e-002 -4.181365e+000 -1.877979e+000 -4.786841e+000  7.074663e+001 -6.068251e-001  3.012745e-001  9.785861e-001 -7.364834e-001 -1.931356e-001 -3.651171e-001  1.689879e+000 -1.129813e+000 -5.433529e-001  7.213292e-002  3.641801e-001  5.685107e-001  6.846275e-001 -2.664673e-001  7.788321e-001 -4.215472e-002  4.546080e-001  4.526841e-001 -1.110262e+000  6.425437e-001 -2.070249e-001 -6.408695e-002  9.530459e-001 -3.501616e-001  1.007058e-001 -1.042764e+000
-7.304148e-001 -1.824753e+001  1.216684e+001 -1.095465e+001 -2.042244e+001 -1.986845e+000 -7.604857e+000  1.293587e+001  6.588991e-001 -5.398312e+000  2.287180e-002 -4.196509e+000  7.104477e+001 -6.233779e-001  2.946262e-002  1.539783e+000 -5.281099e-001  2.813149e-003 -1.414097e+000  1.741294e+000 -1.015268e+000 -7.230737e-001  1.013330e+000  1.817030e-001  8.539190e-002  3.969315e-001 -1.309993e-002  3.992580e-001 -5.500890e-002  3.481510e-001  6.398273e-002 -2.661111e-001 -1.231675e-001 -9.905413e-002 -5.107598e-001  7.830510e-001 -7.907088e-002 -2.353024e-002 -4.165551e-001
-5.935420e-001 -1.903946e+001  1.439018e+001 -1.168025e+001 -1.865950e+001 -4.607564e+000 -5.880779e+000  1.193463e+001 -2.295298e+000 -8.440210e-001 -5.193100e-001 -4.346951e+000  7.084248e+001 -5.653469e-001  7.678410e-001  8.114687e-001  3.645515e-002 -4.531969e-001 -7.921299e-001  1.079815e+000 -9.913022e-001 -1.502655e+000  1.568920e+000  9.431977e-001 -6.733251e-002  1.717377e-001  5.320093e-002  3.475838e-001 -2.130404e-001  2.033779e-001 -3.380992e-001  2.050079e-001 -5.889055e-001  1.560988e-001 -3.041016e-001  3.452186e-001  1.265222e-001  1.262527e-002 -1.876232e-001
-1.978548e+000 -1.889554e+001  1.582099e+001 -1.148991e+001 -1.907311e+001 -5.549418e+000 -4.655343e+000  1.066705e+001 -3.439606e+000 -1.535448e-001  5.774076e-001 -4.451623e+000  7.180681e+001 -5.454855e-001  1.190480e+000  5.184497e-001  5.660152e-002 -8.633047e-001 -4.934195e-001  4.328536e-001 -6.538436e-001 -1.783539e+000  1.856597e+000  5.756917e-001  3.432887e-001  9.357376e-002  1.161151e-001  3.058627e-001 -1.851192e-001  8.641978e-002 -3.713756e-001  4.611922e-001 -8.015960e-001  1.703037e-001 -1.792932e-001  1.089086e-001  1.018692e-001  1.798217e-001 -1.833470e-001
-1.698222e+000 -1.620407e+001  1.454969e+001 -1.093600e+001 -2.226632e+001 -3.497046e+000 -6.087061e+000  1.158216e+001 -5.476970e+000  1.040851e+000  2.560742e+000 -4.995947e+000  7.122430e+001 -3.797666e-001  1.458685e+000  4.240507e-001 -1.194983e-002 -1.450573e+000  1.995837e-001 -6.004282e-001 -5.300313e-001 -1.533628e+000  1.376593e+000  7.997966e-001  5.026886e-001 -1.018097e-001  3.846205e-002  2.839229e-002  8.706655e-002 -3.126410e-002  1.173539e-002  1.479417e-001 -6.259682e-001 -5.986469e-002  4.678036e-002  2.064060e-002 -8.344340e-002  3.104356e-001 -1.089809e-001
-2.905503e+000 -1.371283e+001  1.467933e+001 -1.104377e+001 -2.293555e+001 -5.009202e+000 -5.337448e+000  9.842886e+000 -6.667962e+000  2.942238e+000  1.361305e+000 -2.155568e+000  7.132173e+001 -1.355925e-001  1.213354e+000  8.078955e-001 -7.180853e-002 -1.355377e+000  3.960073e-001 -1.426564e+000 -3.943847e-001 -1.604053e+000  1.654037e+000  7.627493e-001  6.994898e-001 -3.830299e-001 -2.194527e-002 -1.760170e-001  1.994490e-001  1.309881e-002  3.190593e-001 -6.548895e-002 -3.768439e-001 -2.753132e-001  1.161544e-001 -4.766854e-002  3.309711e-002  1.424595e-001 -5.061539e-002
-2.028898e+000 -1.433739e+001  1.708126e+001 -1.196307e+001 -2.398114e+001 -3.879755e+000 -8.541867e+000  9.696559e+000 -8.349260e+000  4.491050e+000  3.087725e+000 -2.981536e+000  7.057597e+001 -5.779831e-001  8.983651e-001  1.102079e+000 -5.566034e-002 -1.484838e-001 -4.971348e-001 -1.120317e+000 -1.420355e+000 -1.358496e+000  1.773403e+000  4.324518e-001  1.306745e+000 -1.348648e-001 -9.938601e-002 -2.222593e-001  1.090628e-001  1.007327e-001  4.963518e-001 -2.791297e-001  3.252416e-002 -4.222371e-001  1.176013e-001 -5.734738e-002 -3.911613e-002 -3.327249e-002  2.384811e-002
-2.491173e+000 -1.376211e+001  1.859468e+001 -1.133542e+001 -2.499258e+001 -3.378028e+000 -1.056076e+001  9.637926e+000 -1.002373e+001  6.391541e+000  4.127663e+000 -1.961380e+000  7.021582e+001 -5.561036e-001  5.905545e-001  1.176681e+000  1.439508e-001  8.094712e-002 -4.725050e-001 -1.191422e+000 -1.585248e+000 -1.290333e+000  1.419849e+000  9.248496e-001  6.535580e-001 -1.429756e-001 -2.217223e-002 -1.928509e-001 -3.393797e-002  1.241658e-001  3.272218e-001 -1.950134e-001  2.752602e-001 -3.584558e-001  2.164865e-001 -2.773283e-001 -1.150444e-001 -2.880004e-001 -5.317611e-003
-4.795302e+000 -1.168761e+001  1.810241e+001 -1.106847e+001 -2.198022e+001 -6.798307e+000 -9.076988e+000  4.582865e+000 -1.059157e+001  8.183216e+000  3.339822e+000  1.440684e+000  7.110293e+001 -6.664411e-001  6.587884e-001  7.849718e-001  3.838342e-001  3.130243e-001 -7.618089e-001 -5.553787e-001 -2.045785e+000 -1.102482e+000  1.206949e+000  5.231658e-001  3.592920e-001 -1.025963e-001  2.659220e-001 -2.324023e-001 -5.608330e-002  7.574837e-002 -7.521206e-002  2.037682e-001  1.304705e-001  1.657453e-001  1.935480e-001 -3.987277e-001 -1.328952e-001 -5.516787e-001 -1.953356e-001
-4.302818e+000 -1.208495e+001  2.005216e+001 -1.077132e+001 -2.353128e+001 -5.912450e+000 -1.102700e+001  4.473494e+000 -1.199848e+001  8.195401e+000  5.859504e+000 -1.098888e+000  7.034338e+001 -2.022246e-001  3.688882e-001  7.967590e-001  3.292732e-001  4.997788e-002 -4.467227e-001 -3.327324e-001 -1.873948e+000 -6.496279e-001  5.506220e-001  1.421702e-001 -2.667859e-001 -4.257523e-001  3.174391e-001 -2.393781e-001 -3.637204e-002 -3.429788e-002 -2.125355e-001  4.675104e-001 -8.613902e-003  6.332201e-001  1.441330e-001 -3.213065e-001 -1.176660e-001 -5.775844e-001 -2.644887e-001
-4.455281e+000 -1.188203e+001  2.027738e+001 -1.032595e+001 -2.314667e+001 -6.421588e+000 -1.108564e+001  2.049848e+000 -1.287430e+001  9.623867e+000  4.837633e+000 -1.616322e+000  6.999921e+001  5.746872e-001 -1.528130e-001  1.011623e+000  2.304203e-001 -5.090595e-001  5.088152e-001 -8.973087e-001 -4.472786e-001 -7.111087e-001  2.143780e-001  1.593153e-001 -9.914764e-001 -9.701546e-001  2.780051e-001 -2.590268e-001  1.158896e-001 -2.640711e-001 -1.697972e-001  5.254429e-001 -1.210124e-001  1.019556e+000  5.121943e-002 -1.150319e-001  1.326509e-001 -4.874417e-001 -2.684058e-001
-3.672307e+000 -1.182046e+001  2.149099e+001 -1.006031e+001 -2.415947e+001 -5.800001e+000 -1.122010e+001  1.534693e+000 -1.213050e+001  8.424325e+000  4.089608e+000 -1.766806e+000  6.863892e+001  4.105277e-001 -2.005351e-001  8.814951e-001  4.916840e-002 -5.706884e-001  1.229735e+000 -1.063526e+000  7.815992e-001 -7.653548e-001  3.096023e-001  5.184451e-001 -1.558980e+000 -1.031640e+000  8.706843e-002 -6.057907e-002 -1.803286e-001 -9.262111e-002 -1.573872e-001  3.758557e-001  9.030479e-003  9.653382e-001 -2.464312e-002  1.689245e-001  2.994026e-001 -2.512181e-001 -2.243021e-001
-2.237122e+000 -1.258392e+001  2.244111e+001 -1.027187e+001 -2.421142e+001 -4.310455e+000 -1.346698e+001  3.815873e+000 -1.408110e+001  9.140644e+000  5.021347e+000 -3.182739e+000  6.710439e+001  4.172083e-001 -3.516340e-001  1.322052e+000 -7.964689e-001 -2.256283e-001  1.027177e+000 -7.950441e-001  1.724219e+000 -7.885211e-001  7.522997e-001  9.982827e-001 -1.431819e+000 -1.141682e+000 -2.320031e-001  3.317895e-001 -6.392312e-001  1.443453e-001 -1.297583e-001 -3.783610e-001  6.054946e-001  1.626140e-001  2.916904e-001  3.161277e-001  2.079931e-001  1.989975e-001 -2.612968e-001
-3.359259e+000 -1.273668e+001  2.337777e+001 -1.055251e+001 -2.585235e+001 -8.193423e-001 -1.515396e+001  7.498477e+000 -1.522185e+001  9.985024e+000  8.359873e+000 -8.110578e+000  6.663259e+001  3.118569e-001  1.654034e-001 -2.600983e-001  3.796123e-001 -8.786739e-001  1.173375e+000 -3.387123e-001  1.866994e+000 -7.341372e-001  1.126283e+000  1.219700e+000 -1.302705e+000 -1.461499e+000 -3.600982e-001  5.262594e-001 -8.050794e-001  3.334903e-001  1.733085e-001 -1.124283e+000  1.006316e+000 -5.641962e-001  2.980124e-001  1.926276e-001 -2.662179e-001  5.964604e-001 -1.218010e-001
-2.525763e+000 -1.318209e+001  2.594424e+001 -1.406220e+001 -2.342838e+001 -3.776033e+000 -1.309393e+001  7.689049e+000 -1.527123e+001  1.260502e+001  7.693914e+000 -5.603534e+000  6.529397e+001 -5.359930e-001  1.323165e+000 -1.613736e+000  7.869251e-001 -1.003858e+000 -1.354810e+000  1.767757e+000 -1.769062e-001  7.317346e-001  1.386676e+000  8.486537e-001 -1.246261e-001 -2.061709e+000 -4.164208e-001  5.041915e-001 -5.090292e-001  3.284022e-001  2.186275e-001 -1.594250e+000  9.885371e-001 -7.446933e-001  2.367415e-002  1.620298e-001 -3.152296e-001  5.678476e-001 -2.359082e-001
-1.968702e+000 -1.069436e+001  1.843893e+001 -6.267091e+000 -2.894436e+001 -2.003375e-001 -1.310018e+001  8.933076e+000 -1.520612e+001  1.232356e+001  8.851822e+000 -7.069934e+000  6.223663e+001 -9.133627e-001  1.593362e+000 -1.676008e+000  9.249231e-001  6.849691e-001 -3.200688e+000  2.686656e+000 -1.088820e+000 -3.542051e-002  9.555525e-001 -7.378300e-001  7.697256e-001 -1.180631e+000 -3.005496e-001  3.815610e-001 -3.427747e-001  4.317131e-002  5.887107e-001 -1.649753e+000  6.852964e-001 -7.522824e-001  3.061664e-001 -3.415448e-001 -1.418486e-002  6.476432e-001 -8.642764e-001
-5.612366e+000 -6.989256e+000  1.684185e+001 -8.479959e+000 -2.768471e+001 -1.139401e+001 -5.655083e+000  2.214043e+000 -1.043029e+001  1.490476e+001  9.018641e+000 -4.326191e+000  5.899382e+001 -1.052286e+000  1.455344e+000 -5.151392e-001  5.728868e-001  8.568783e-002 -4.757040e+000  2.634958e+000 -5.213410e-001 -1.019509e+000  1.647814e+000  4.008995e-001  3.712032e-001 -2.461657e+000  2.947369e-001  2.623751e-001 -5.793939e-001  4.809058e-001  6.161358e-001 -4.117383e-001 -2.214373e-001 -2.571108e-001  6.172851e-001 -9.030771e-001 -9.416924e-002  1.994734e-001 -1.259970e+000
-6.382771e+000 -7.866287e+000  1.954893e+001 -8.719017e+000 -2.029934e+001 -1.301380e+001 -5.440105e+000  4.791883e+000 -1.781942e+001  1.361292e+001  4.008360e+000 -4.900621e+000  6.387951e+001 -9.327446e-001  2.007119e+000 -2.523270e+000  7.024879e-001  1.520107e+000 -5.374274e+000  2.654170e+000 -1.722200e+000  1.672316e+000 -7.120097e-001  1.372652e+000  1.687596e+000 -5.582907e+000  6.873578e-001  3.958088e-001 -9.611637e-001  8.665650e-001  2.314219e-001  7.727678e-001 -7.744996e-001 -1.626370e-001  1.302435e+000 -9.916010e-001 -4.244326e-001 -4.164578e-001 -1.324780e+000
-5.580157e+000 -7.319400e+000  2.281355e+001 -9.971799e+000 -2.732245e+001 -2.115450e+001 -3.749184e+000  7.152941e+000 -1.906212e+001  2.019941e+001  1.212014e+001 -4.832174e+000  5.216425e+001  9.473823e-001  2.428162e+000 -4.087074e+000  3.302672e+000  1.659252e+000 -2.326709e+000  6.768137e-001 -1.145770e+000  2.964292e+000 -2.294929e+000 -6.774337e-001  4.138052e-001 -6.160420e+000  3.673191e-001  4.013788e-001 -9.016180e-001  8.259982e-001  8.775192e-001  2.199168e+000 -9.496872e-001 -2.264955e-001  1.262549e+000 -1.174355e+000 -1.360400e+000 -6.223574e-001 -3.203503e-001
-6.648529e+000 -4.936875e-001  2.836728e+000 -2.008731e+000 -2.152496e+001 -2.219146e+001 -7.822831e-001 -2.147375e+000 -2.528623e+000  6.116182e+000  1.416433e+001  1.621040e+000  3.773688e+001  1.523592e+000  3.085997e+000 -4.695859e+000  3.892856e+000  1.055296e+000 -5.520144e-001 -2.067705e-001 -1.589790e+000  4.484856e+000 -2.031081e+000 -2.320826e+000 -1.333864e+000 -5.955147e+000 -4.509329e-001 -1.526674e-001  3.937695e-001  1.360946e-002  9.056408e-001  2.818748e+000 -4.451945e-001  3.321772e-001  1.472998e-001 -2.148146e-001 -1.345875e+000 -7.681987e-001  8.563268e-001
-7.425756e-001  1.465255e+000  4.762577e+000  4.678257e+000 -1.877563e+001 -1.843872e+001 -4.599926e+000 -4.517857e-002 -3.254228e+000  7.178482e+000  5.534859e-001 -5.517995e+000  4.126303e+001 -4.438587e-001  2.922799e+000 -3.936935e+000  3.107694e+000  4.705689e+000  3.827673e+000 -6.830084e-001 -1.720024e+000  3.886967e+000 -3.564424e+000 -4.554363e+000 -1.229854e+000 -3.877288e+000 -1.376738e+000 -6.242893e-001  1.060429e+000 -1.020919e+000  7.338130e-001  2.047172e+000  2.865651e-001  6.101613e-001 -4.377109e-001  3.617465e-001  1.653417e-001  1.764583e-001  9.621173e-001
-1.183600e+000  3.171371e+000  5.095121e+000  3.420234e+000 -1.929626e+001 -1.713176e+001 -6.048587e+000  4.419902e-001 -3.299092e+000  9.967973e+000 -1.812443e+000 -1.122703e+001  3.955438e+001 -2.491788e+000  9.964639e-001 -6.294925e-001  8.680240e-001  4.525092e+000  5.642277e+000  1.108108e+000  2.258124e-001  1.947478e+000 -1.151335e+000 -3.418260e+000 -1.331568e+000 -2.442839e+000 -1.216745e+000 -8.927883e-001  1.033371e+000 -1.039850e+000  2.338435e-001  8.351311e-001  4.142693e-001  7.999577e-001 -7.724641e-001  6.865308e-001  1.447918e+000  1.120739e+000  8.883381e-001
-1.053191e+001  5.462065e+000  1.999679e+000  2.852189e+000 -4.908351e+000 -4.545988e+000 -4.531075e+000 -2.741859e+000  7.579451e-001  4.513922e-001 -2.663285e+000 -4.557407e+000  3.186905e+001 -3.928619e+000  3.514820e-001 -8.181118e-001 -2.895077e-001  3.593420e+000  4.812006e+000  1.452200e+000  9.972354e-001  2.044426e+000 -9.260693e-001  6.979918e-001  1.294949e+000 -3.105988e+000 -1.013970e-001 -8.519465e-001  5.644281e-001 -6.413882e-001 -1.162957e+000 -9.063382e-001  1.723174e-001  9.075907e-001 -7.776732e-001  1.305111e+000  1.872308e+000  1.161408e+000  8.566012e-001
-1.421280e+001  2.490227e+000  1.070715e+000  3.244422e+000 -5.833138e+000 -9.264361e-001  4.723832e+000  3.300271e-001  5.202680e+000  3.723053e+000 -1.318583e+000 -5.517093e+000  3.021968e+001 -2.817755e+000 -9.228595e-002 -1.088414e+000  3.922071e-001  2.780649e+000  3.131474e+000  7.969717e-001  1.051369e+000  1.543806e+000  8.239570e-002  2.292588e+000  3.007429e+000 -1.899106e+000  8.506727e-001 -3.751950e-001  3.217871e-002 -3.102624e-002 -1.378650e+000 -1.496124e+000 -5.054581e-001  3.681196e-001 -8.300541e-001  9.566067e-001  9.490359e-001  7.267653e-001  9.282949e-001
-1.387107e+001  3.563237e+000  2.684221e+000  3.318624e+000 -7.540099e+000 -2.481348e+000 -2.725135e+000  4.996980e+000  2.717015e+000  5.670596e+000  3.796515e+000 -1.898222e+000  3.040045e+001 -7.878604e-001 -7.925584e-001 -8.853337e-001  1.386615e-001 -2.368724e-001  5.513833e-001  3.341470e-001  2.405152e+000  2.004369e-001  2.344265e+000  1.951754e+000  2.407686e+000  1.338516e-001  1.060597e+000 -2.379443e-001  1.414129e-003  4.301921e-002 -1.069939e+000 -1.149357e+000 -6.008745e-001 -2.939753e-001 -7.616634e-001  7.117052e-001 -7.226003e-001 -4.423570e-001  9.110739e-001
-1.360280e+001  3.659355e+000 -6.892216e-001  5.148052e+000 -4.077143e+000 -2.506709e+000 -2.966698e+000  1.829413e+000  3.440402e+000  7.770350e+000  6.420598e+000  2.480520e+000  3.079315e+001  1.911956e-001 -3.074911e-001 -4.349879e-001  4.988082e-001 -4.530108e-001  2.919693e-001 -8.601562e-001  1.362452e+000 -1.280798e+000  1.996532e+000  7.000385e-001  1.745890e+000  5.787157e-001  6.291543e-001 -3.312288e-002  5.182009e-002 -1.880329e-001 -6.902167e-001 -7.886282e-001 -4.244303e-001 -5.870973e-001 -4.216522e-001  2.945226e-002 -1.490604e+000 -1.023752e+000  4.131424e-001
-1.477622e+001  9.147089e-001 -1.547022e+000  2.593682e+000 -6.970711e+000 -9.989356e-001  9.849251e-001  8.534206e+000  2.641269e+000  1.014907e+001  3.225895e+000  3.482216e+000  3.225157e+001 -1.301078e-001 -7.306371e-001 -1.137754e+000 -1.277122e-001 -1.394446e-001  4.849735e-001 -7.236089e-001 -6.281828e-001 -3.515891e-001  1.675389e+000 -2.118735e+000 -2.860670e-001  2.104704e-001  1.358343e-001  1.489423e-001  8.611054e-002 -2.202520e-001  4.265054e-003 -5.226725e-001 -1.146521e-001 -8.762289e-001  1.473118e-001 -9.041319e-001 -1.123810e+000 -7.856684e-001 -6.815979e-002
-1.280425e+001  2.277036e+000  1.011397e+000  6.100935e+000 -8.382886e+000 -2.077957e-001 -1.431979e+000  5.373674e+000 -1.163438e+000  1.146648e+001  2.466920e+000  5.221376e-001  3.218769e+001 -8.598327e-004 -2.888610e-001 -7.031035e-001 -4.147707e-001 -7.191488e-001 -7.784617e-001 -7.963017e-001 -3.674506e-001 -2.884422e-001  5.640950e-001 -3.125187e+000 -7.644569e-001  1.282961e-001 -3.784305e-002 -1.567429e-001 -1.417231e-002 -3.460057e-001 -3.361572e-002 -8.143260e-001  1.925303e-001 -1.655217e-001  2.760075e-001 -1.321828e+000 -2.033734e-001 -5.921489e-002 -4.335370e-002
-1.492088e+001  6.012108e-001 -3.854860e+000  2.203622e+000 -6.084450e+000 -1.205937e+000 -7.110539e+000  8.393542e-002  3.260990e+000  1.219948e+001 -4.820320e+000 -2.349365e+000  3.075553e+001 -1.266127e-002 -5.716175e-002 -3.207232e-001 -5.058092e-001 -8.247814e-002 -1.526764e+000 -2.710410e-001 -1.111041e+000  4.408181e-001 -1.460177e+000 -1.754682e+000 -2.654823e-001  1.826248e-002  7.773887e-002 -2.827890e-001  1.452494e-001 -7.495028e-002 -1.009226e-001 -6.620747e-001  4.031442e-001  6.595758e-001 -4.522513e-001 -1.291112e+000  1.120725e+000  7.460150e-001  1.840087e-001
-1.353476e+001  2.371799e+000 -3.050820e+000  3.269228e+000 -8.116017e+000 -6.295516e+000 -2.900475e+000  4.217296e+000  1.688331e+000  9.565620e+000 -5.182229e+000  1.574026e+000  3.218266e+001 -5.674295e-002 -1.427943e+000 -9.143651e-001 -1.042172e+000 -6.495726e-001 -2.773792e+000 -1.237887e-001  7.762727e-001 -2.969646e-001 -3.044823e+000 -4.988549e-001  1.439523e+000  4.580511e-001  8.282202e-002 -5.378067e-001 -5.653176e-002  1.526516e-001 -1.440376e-001  1.954746e-001  3.580050e-001  7.179435e-001 -4.571810e-001 -5.310994e-001  1.489421e+000  5.587267e-001  2.526352e-001
-1.447427e+001  5.815189e-001 -1.119529e+000  1.480489e+000 -7.516536e+000 -5.588895e+000  3.639678e-001  3.557189e+000  3.419475e+000  3.798612e+000 -1.722939e+000  1.628860e+000  3.234540e+001  2.865281e-001 -1.575041e+000 -3.058763e-001 -1.887629e-001 -6.788459e-001 -1.827735e+000  9.558554e-001  2.097835e+000 -2.608585e+000 -2.975710e+000  2.171724e+000  2.342018e+000  9.656364e-001  1.303094e-001 -4.524765e-001 -1.583724e-001  3.515984e-001 -3.050606e-001  6.320937e-001  3.467216e-001  7.696697e-001 -1.307157e-001  5.281060e-001  1.026172e+000 -1.784094e-001  2.195609e-001
-1.331127e+001 -4.852835e+000 -4.928094e+000  1.251642e+000 -1.091471e+001 -1.188528e+001 -5.788176e+000  7.518411e+000 -2.727504e+000  4.427927e-001 -1.576046e+000  5.730640e+000  3.368301e+001  2.636556e-001 -2.218955e+000 -9.931858e-001  1.899642e-001 -1.141153e+000  3.493968e-001  3.802749e-001  1.617829e+000 -1.049646e+000 -1.333635e+000  2.358715e+000  7.254262e-001  9.177853e-001  1.150780e-001  2.866672e-002  3.932585e-002  2.366709e-001  1.196457e-001  9.361573e-001  3.359877e-001 -2.675601e-001  6.402550e-001  1.233986e+000  3.983066e-001 -9.917486e-001  1.663387e-002
-1.359999e+001 -3.661676e+000 -4.445605e+000  2.268601e+000 -8.079335e+000 -7.549731e+000 -8.874112e-001  8.922551e+000 -7.574017e+000  1.882338e+000  4.235208e+000  7.282418e+000  3.483353e+001  4.786863e-001 -1.924038e+000 -1.073175e+000  6.361148e-001 -1.361991e+000  7.211030e-002  1.210535e+000  2.316529e+000  1.635800e-001  3.247595e-001  1.947396e+000 -8.004811e-001  8.862000e-001  6.600664e-002  1.848062e-001  7.521993e-002 -1.529603e-001  3.266844e-001  4.138493e-001  1.434013e-001 -8.944032e-001  1.306905e+000  1.073631e+000 -4.691513e-001 -9.526618e-001 -1.763708e-001
-1.265363e+001 -6.601380e+000 -6.353711e+000  3.824994e+000 -1.354038e+001 -3.568115e+000 -3.734104e-001  9.623760e+000  1.936847e+000  3.855581e+000  3.632272e+000  2.374379e+000  3.552752e+001  4.225678e-001 -1.110111e+000 -3.340865e-001 -2.712563e-001  2.902282e-001  9.570722e-001  1.428810e+000 -6.708748e-001  1.518228e+000  1.474873e+000  1.604842e+000 -1.947971e+000  5.809387e-001  5.180885e-002  4.772272e-001  2.907431e-001 -4.022361e-001  5.084568e-001 -1.542834e-001 -1.099649e-001 -1.085262e+000  4.065669e-001  2.642334e-001 -5.769316e-001 -1.536586e-002 -2.328353e-001
