33 39
-5.287809e+000 -5.821154e+000  1.335939e+001 -1.653328e+001 -1.943925e+001 -1.048985e+000 -6.326166e+000 -1.499159e+001 -3.054660e+001  2.807649e+000 -1.163789e+001 -1.040383e+001  6.250412e+001  1.696170e+000 -7.923834e-001  7.408353e-001 -1.305000e-001  3.204213e+000  1.271737e+000 -1.788656e+000 -1.135749e+000 -1.091958e+000 -7.289822e-001  1.354705e+000 -7.853109e-001 -1.157314e+000  9.066434e-001  2.434823e-001 -1.176642e+000  2.168069e+000 -5.537276e-001 -9.009451e-001 -7.733340e-001 -7.046383e-001  1.233023e+000  3.976306e-001 -2.858319e-001  3.910156e-001 -6.893941e-001
-2.854604e+000 -6.715974e+000  1.525635e+001 -1.609214e+001 -1.409251e+001  7.303972e-001 -9.102654e+000 -1.046737e+001 -3.456411e+001  5.076624e+000 -1.127865e+001 -8.515476e+000  6.088874e+001  3.095881e+000  7.726793e-002 -1.416620e+000  3.279342e+000  1.821372e+000  3.818963e-001 -2.054546e+000 -2.603540e+000  1.738788e+000  6.205528e-001  2.458014e-001  1.325930e-001 -2.055562e+000  4.572057e-001  3.153846e-001 -1.429742e+000  1.997411e+000 -1.333231e+000 -1.007166e+000 -1.363290e-001 -7.520639e-001  1.535832e+000  5.943457e-002 -7.255235e-001  3.878182e-001 -3.328611e-001
 1.501873e+000 -5.738854e+000  1.242435e+001 -1.115857e+001 -1.447485e+001 -8.224921e-001 -1.728650e+001 -1.401829e+001 -2.984144e+001 -5.289990e-002 -6.476972e+000 -1.083800e+001  5.755444e+001  2.892960e+000  3.668549e-001 -3.333167e+000  5.254852e+000 -6.420623e-001 -1.066745e+000 -1.551229e+000 -3.873344e+000  3.134232e+000  3.456397e-002 -1.383829e+000  5.800818e-001 -2.022680e+000 -3.546312e-001  2.918991e-002 -5.721540e-001  7.254843e-001 -9.471817e-001 -7.238080e-001  6.483026e-001  1.860975e-001  8.031541e-001 -8.177283e-002 -7.098413e-001  5.304821e-001  3.120918e-001
 5.430169e+000 -4.098692e+000  4.805670e+000 -1.035165e+000 -1.745160e+001 -1.789180e+000 -1.329853e+001 -2.622452e+001 -2.160222e+001  6.930221e+000 -1.518886e+001 -8.534266e+000  5.517244e+001  2.029720e+000  1.216000e-001 -3.326556e+000  5.257557e+000 -1.579180e+000 -1.645261e+000  1.092005e-002 -3.540613e+000  3.683502e+000 -2.860057e-001 -1.789277e+000  1.077272e+000 -1.260306e+000 -1.188329e+000 -5.080827e-001  5.773126e-001 -1.556992e+000  1.936409e-001 -3.384367e-001  8.704641e-002  2.357875e+000 -6.119002e-001 -1.082627e+000 -2.496292e-001  2.337480e-001  1.024636e+000
 5.034606e+000 -5.295520e+000  1.918896e+000  2.212496e+000 -2.097002e+001 -5.122921e+000 -1.198437e+001 -2.647973e+001 -2.135639e+001  2.053671e+000 -1.660194e+001 -7.494030e+000  5.524887e+001  4.560943e-001 -6.685999e-001 -1.164967e+000  2.507814e+000  1.685804e-001 -1.333725e+000  4.201240e-001  2.632750e-001  1.951455e+000 -6.845670e-001 -1.176962e+000  1.394760e+000  5.517197e-003 -1.487729e+000 -7.234808e-001  8.791777e-001 -2.783718e+000  1.168497e+000  4.276946e-001 -7.014182e-001  3.780576e+000 -1.213301e+000 -1.512989e+000 -3.438682e-002  2.792869e-002  1.376687e+000
 5.527630e+000 -6.329641e+000  3.876297e+000  3.510111e+000 -1.874082e+001 -5.345694e+000 -1.169912e+001 -2.193971e+001 -2.038913e+001  2.593310e+000 -1.516255e+001 -4.801099e+000  5.573999e+001 -1.627329e+000 -1.945418e+000  3.858432e-001 -3.132099e+000  2.384255e+000 -1.176797e+000 -2.604991e+000  7.117527e+000 -7.293245e-001 -4.433014e+000 -1.105778e+000  8.939939e-001  2.053518e+000 -1.307194e+000 -5.616465e-001  1.703616e-001 -2.295569e+000  1.240870e+000  1.112705e+000 -1.090620e+000  3.369015e+000 -9.345423e-001 -1.561695e+000  5.600175e-002 -2.400145e-001  1.213828e+000
 3.733614e+000 -7.966379e+000  7.064205e+000 -8.921407e-001 -1.298734e+001 -5.712858e+000 -1.598559e+001 -1.484432e+001 -2.069071e+001 -1.307280e+000 -1.237493e+001 -5.730780e+000  5.729825e+001 -2.717161e+000 -2.217040e+000 -7.934779e-001 -4.468909e+000  3.218704e+000  8.374957e-001 -3.750364e+000  9.700464e+000 -7.258587e-001 -5.456877e+000 -1.897513e+000  8.113644e-001  3.203844e+000 -6.557290e-001 -1.851367e-001 -8.387286e-001 -5.351985e-001  5.989448e-001  1.239046e+000 -3.558848e-001  8.920244e-001 -4.471885e-002 -8.417299e-001  1.472913e-001 -4.958292e-001  5.671967e-001
-2.055982e+000 -1.249035e+001  4.162231e+000 -1.514334e+001 -9.521663e+000 -7.378198e+000 -2.432288e+001  3.545403e+000 -2.558168e+001 -1.355437e+001 -2.283125e+001 -4.945921e+000  6.441534e+001 -2.919622e+000 -1.912413e+000 -2.660493e+000 -2.731927e+000  3.100109e+000  2.832653e+000 -3.356935e+000  8.585865e+000  3.494474e-001 -5.708325e+000 -1.148993e+000  1.688972e-001  3.209670e+000  2.624327e-001  3.191687e-001 -9.513760e-001  1.425358e+000  1.565060e-001  1.011310e+000  1.143987e+000 -2.106798e+000  7.300189e-001  8.130263e-001  8.538099e-001 -6.347874e-001 -3.673944e-001
-4.759396e+000 -1.330036e+001 -2.191461e+000 -1.080532e+001 -9.486083e+000  8.080912e-002 -2.442431e+001  9.280027e+000 -2.238940e+001 -1.715687e+001 -2.225515e+001 -3.364797e+000  6.693042e+001 -2.176404e+000 -1.610786e+000 -3.835442e+000 -3.682642e-001  2.805377e+000  2.856780e+000 -9.833279e-001  3.989228e+000  1.188475e+000 -4.255561e+000 -4.188986e-001 -7.218378e-001  2.263425e+000  7.571043e-001  4.494470e-001 -3.027523e-001  1.375836e+000 -9.865458e-002  3.973540e-002  1.546930e+000 -3.491916e+000  3.945973e-001  1.536990e+000  1.001136e+000 -8.610659e-001 -8.804570e-001
-4.823977e+000 -1.322471e+001 -4.798334e+000 -5.192936e+000 -4.990904e+000  5.920739e+000 -2.426443e+001  8.927438e+000 -1.779254e+001 -1.802352e+001 -1.596741e+001 -5.139604e+000  6.697226e+001 -5.855446e-001 -6.527019e-001 -2.850055e+000  1.944368e+000  3.373448e+000  2.870111e+000  1.731427e+000 -5.608459e-001  1.963603e+000 -9.685405e-001  2.423964e+000 -1.513342e+000  6.867554e-001  7.946984e-001  4.342808e-001  3.202608e-001  3.293144e-001 -4.095901e-001 -6.010112e-001  1.049981e+000 -3.046314e+000 -2.754022e-001  1.535087e+000  4.852570e-001 -6.795011e-001 -8.968108e-001
-5.764408e+000 -1.565313e+001 -7.632723e+000 -7.708664e+000 -1.225829e+000  1.921574e+000 -2.093145e+001  2.410803e+000 -1.864290e+001 -2.035051e+001 -1.790135e+001 -9.243128e+000  6.733691e+001 -9.867897e-002 -5.996603e-001 -2.212458e+000  7.212581e-002  2.588762e+000  1.017444e+000  1.440104e+000 -3.185763e+000  4.400501e-001 -1.418194e-001  1.321690e+000 -2.652845e+000  6.301651e-002  5.767853e-001  4.608144e-001  6.887565e-001 -3.051612e-001 -6.380013e-001 -4.243863e-001  1.917169e-001 -1.226366e+000 -4.333707e-001  1.052540e+000  1.756190e-001 -5.896852e-002 -5.871134e-001
-4.481198e+000 -1.457748e+001 -7.367411e+000 -6.969828e+000  3.215452e+000  6.051973e+000 -1.741217e+001  4.175786e+000 -1.763692e+001 -1.680026e+001 -1.288833e+001 -9.573467e+000  6.764587e+001  1.500692e-002 -2.465713e-001 -1.870680e+000 -1.305550e+000  1.160467e+000  7.472655e-001  6.812557e-001 -3.058210e+000 -6.533510e-001 -8.975983e-002  4.069982e-001 -2.263104e+000 -1.741798e-001  1.982654e-001  2.794892e-001  5.921109e-001 -3.827994e-001 -9.315909e-001 -2.998945e-001 -5.025358e-001  3.045841e-001 -2.924186e-001  2.553937e-001 -4.269853e-001  5.413820e-001 -2.077634e-001
-5.424180e+000 -1.562228e+001 -1.196921e+001 -9.556247e+000 -6.454529e-001  5.102412e+000 -2.064992e+001 -4.272960e+000 -2.026696e+001 -1.847760e+001 -1.718624e+001 -1.441209e+001  6.690870e+001  4.072470e-001  4.902204e-001 -8.813465e-001 -2.691111e-001  7.218617e-001  1.796272e+000  5.003422e-001 -8.939179e-001  3.300983e-001  5.677465e-001  1.467679e+000 -6.417994e-001 -2.416748e-001  7.152635e-002  1.673899e-001  6.590675e-001  4.443156e-001 -7.212162e-001 -3.444964e-002 -3.552445e-001  1.247564e+000  2.595755e-001  1.541289e-001 -2.961643e-001  1.092961e+000 -1.945266e-003
-4.919057e+000 -1.447299e+001 -1.198349e+001 -1.079690e+001  5.212417e-001  8.066648e+000 -2.099892e+001 -3.021731e+000 -2.024726e+001 -1.940878e+001 -1.428997e+001 -1.387064e+001  6.631547e+001  1.528195e-001  1.998039e-001 -5.550565e-001  2.009901e-001 -3.510561e-001  9.812244e-001 -3.113712e-001 -1.838480e-001  5.564854e-001 -4.635487e-002  2.160429e-001  1.880445e-001 -1.997162e-001 -4.457473e-002 -9.752697e-002  6.786908e-001  7.710006e-001 -4.367877e-001 -4.324035e-001 -5.892931e-002  1.091038e+000  4.937048e-001  1.348764e-001 -4.962429e-001  9.946481e-001  1.224963e-001
-3.509244e+000 -1.325427e+001 -9.731416e+000 -7.140686e+000  3.730585e+000  9.895596e+000 -1.663637e+001  1.539972e+000 -1.568724e+001 -1.620752e+001 -9.862133e+000 -1.030354e+001  6.679374e+001  1.900465e-001  1.410170e-002  4.250670e-001  1.540434e+000 -2.615578e-001  7.282164e-001  1.601946e-001  1.614877e+000  1.133010e+000  6.071226e-001 -6.365414e-002  1.586385e+000  6.605835e-002 -2.416546e-001 -3.827747e-001  3.905707e-001  3.629057e-001 -4.820666e-001 -1.086820e+000 -4.996533e-003  2.545950e-001  3.295395e-002 -1.976479e-001 -9.670042e-001  3.438524e-001  1.453841e-001
-4.674569e+000 -1.476246e+001 -1.126159e+001 -7.172658e+000 -7.278470e-001  8.561503e+000 -2.097581e+001  3.500801e-001 -1.714436e+001 -1.816707e+001 -1.547017e+001 -1.068752e+001  6.670477e+001 -9.926645e-002 -4.961469e-001  8.695668e-001  1.644681e+000 -5.317619e-001 -8.807246e-001  5.566829e-001  1.142581e+000  1.413717e+000  5.649340e-001 -1.308550e+000  1.596044e+000  2.844353e-001 -2.256554e-001 -1.938181e-001  3.227351e-001  9.797436e-002 -2.285808e-001 -1.001433e+000  4.651191e-001  2.349889e-003 -1.843574e-001 -1.028412e-001 -4.746367e-001  8.171819e-002  1.289471e-001
-4.596191e+000 -1.540704e+001 -1.020483e+001 -3.666198e+000 -1.328698e+000  8.496066e+000 -1.986050e+001  2.115522e+000 -1.615337e+001 -1.606284e+001 -1.691441e+001 -8.071730e+000  6.704434e+001 -6.749830e-001 -1.075678e+000  3.591955e-001  8.235720e-001 -1.598118e+000 -2.706855e+000  4.133243e-002 -2.841578e-001  6.625213e-002 -7.261375e-001 -2.605046e+000  3.734628e-001  2.431702e-001 -2.058400e-001  4.191106e-004  1.208970e-001 -2.575264e-001 -2.111254e-001 -8.730361e-001  5.846303e-001 -1.931172e-001 -6.166942e-001 -1.820212e-001 -3.573339e-002 -1.677728e-001  4.205986e-002
-4.871915e+000 -1.587735e+001 -7.398951e+000 -4.310738e+000  3.920735e-001  4.362789e+000 -1.660344e+001  2.403400e+000 -1.294561e+001 -1.665645e+001 -1.730658e+001 -7.006325e+000  6.761234e+001 -5.429426e-001 -2.243967e-001  1.091555e+000  1.049293e+000 -8.256797e-001 -2.308407e+000  2.073655e+000  7.774191e-001  1.680771e-001  1.060690e-001 -8.864447e-001  1.203096e+000  3.564636e-001 -8.023711e-002  2.606227e-001  6.172682e-002 -2.153971e-001 -1.459384e-001 -3.291301e-001  6.264168e-001  1.827328e-001 -9.543369e-001  6.181272e-002  5.365620e-001 -1.161452e-002 -4.355950e-002
-6.785486e+000 -1.807522e+001 -9.866759e+000 -4.453786e+000 -4.819967e+000 -1.539322e+000 -1.861589e+001 -9.074771e-001 -1.745535e+001 -2.059352e+001 -2.196916e+001 -1.027682e+001  6.755580e+001 -6.173153e-001 -1.196778e-001  9.185580e-001  5.504957e-001 -1.170226e+000 -2.923123e+000  2.324860e+000  8.318723e-001 -1.327641e+000 -7.355108e-002 -4.533735e-001  9.439945e-001  2.403435e-001  4.710229e-002  4.270851e-001  9.811516e-002 -2.206385e-001  1.774180e-003 -3.438809e-002  4.034332e-001  4.337038e-001 -9.080441e-001  2.662374e-001  7.200137e-001  1.789105e-001 -1.282465e-001
-6.294635e+000 -1.455035e+001 -5.972853e+000 -1.532400e+000 -3.110610e+000  2.037163e+000 -1.122983e+001  5.748675e+000 -1.565298e+001 -1.537138e+001 -1.737502e+001 -3.569494e+000  6.823135e+001 -5.292858e-001  3.289667e-001  8.985196e-001  7.042331e-001 -1.475400e+000 -2.418241e+000  2.547003e+000  1.498230e+000 -2.661021e+000  5.477043e-001  2.984243e-001  1.252706e+000  6.805114e-002  7.238564e-002  3.096362e-001 -1.670875e-001 -2.795814e-001 -2.622930e-001 -9.002008e-002 -4.961133e-001  2.272853e-002 -7.279667e-001 -1.014508e-001  2.148358e-001 -1.066637e-001 -2.706837e-001
-6.971408e+000 -1.666892e+001 -6.325087e+000 -2.302888e+000 -5.428486e+000 -4.956737e+000 -1.092300e+001  4.602246e+000 -2.143789e+001 -1.707313e+001 -1.914706e+001 -5.070173e+000  6.793655e+001 -4.463000e-001  7.830660e-001  9.462889e-001 -1.070909e-001 -1.264387e+000 -2.823878e+000  1.821824e+000  1.523956e+000 -3.059419e+000  3.842317e-001  4.025887e-001  1.243211e+000 -2.538559e-001  2.691630e-001  3.618051e-001 -2.069470e-001 -1.925862e-002 -1.611950e-001  2.907658e-001 -9.526040e-001 -2.978981e-001  2.033886e-001 -2.866953e-001  4.705990e-002 -9.307622e-002 -4.094263e-001
-7.425384e+000 -1.493566e+001 -4.677188e+000 -1.865021e+000 -6.680665e+000 -6.019708e+000 -7.714863e+000  7.139689e+000 -2.425944e+001 -1.567812e+001 -1.722551e+001 -3.346121e+000  6.776222e+001 -2.665221e-001  8.724122e-001  2.422518e-001 -1.982102e-002 -2.090064e+000 -2.808130e+000 -1.553938e-001  5.450200e-001 -2.605867e+000 -6.300762e-001 -2.402468e-001  5.201698e-001 -7.498550e-001  6.308988e-001  2.942369e-001 -8.259918e-002  3.451283e-001 -6.841352e-002  4.641961e-001 -1.131145e+000 -1.135771e+000  1.031396e+000 -2.465521e-001 -5.410614e-002 -2.903242e-001 -6.360683e-001
-8.451612e+000 -1.396724e+001 -5.783147e+000 -4.822930e+000 -9.356876e+000 -1.163028e+001 -1.126426e+001  6.016795e+000 -2.844921e+001 -1.851899e+001 -2.003097e+001 -4.172455e+000  6.652109e+001  5.971176e-001  1.417625e+000  2.119567e-001  8.162297e-001 -1.668869e+000 -1.274350e+000 -1.086962e+000 -1.810129e-001 -3.382750e-001 -9.181374e-001  5.126152e-002  8.448814e-001 -1.397835e+000  1.001230e+000  1.733507e-001  2.814155e-001  8.063344e-001 -3.816257e-001  9.178358e-001 -5.319015e-001 -1.915579e+000  1.420561e+000  4.778166e-001 -1.151821e-001 -3.238125e-001 -8.110102e-001
-6.887144e+000 -1.153914e+001 -5.032564e+000 -3.714845e-001 -1.159674e+001 -8.666716e+000 -1.183618e+001  7.766500e+000 -2.517665e+001 -1.779883e+001 -1.813430e+001 -1.417503e+000  6.518981e+001  2.103499e+000  1.482872e+000  8.526899e-001  1.968214e+000 -1.615227e+000 -8.720244e-001 -1.654326e+000 -3.328139e+000  1.135388e+000 -3.387146e-002  2.035572e-001  2.494335e-004 -2.540301e+000  9.690434e-001  1.813531e-002  5.929643e-001  5.931094e-001 -5.580996e-001  9.835551e-001  2.708393e-001 -2.213323e+000  1.102101e+000  1.240013e+000 -2.625697e-001 -3.255734e-001 -7.208919e-001
-4.254940e+000 -1.127906e+001 -5.087615e+000  1.031493e+000 -1.131480e+001 -1.000498e+001 -1.429715e+001  3.383776e+000 -2.267066e+001 -2.060346e+001 -1.843635e+001 -1.810074e+000  6.223359e+001  3.374841e+000  1.344590e+000  2.048147e+000  2.930564e+000 -3.409935e+000  7.972480e-001 -8.821726e-002 -6.117359e+000  2.172760e+000  2.475213e+000 -3.952240e-001 -1.158917e-001 -3.413684e+000  4.811392e-001 -1.056962e-001  5.324804e-001  1.261021e-001 -7.011604e-001  8.280042e-001  8.117446e-001 -1.663243e+000  3.781407e-001  1.428702e+000 -3.813382e-001 -1.966850e-001 -3.287844e-001
 9.937766e-001 -8.865393e+000 -7.615048e-001  5.048839e+000 -1.377784e+001 -1.119248e+001 -1.447005e+001 -8.184496e+000 -2.147178e+001 -1.480525e+001 -1.700503e+001 -4.526064e+000  5.720447e+001  3.189833e+000  9.996063e-001  2.288978e+000  1.888559e+000 -4.010029e+000  1.073847e+000  6.994306e-001 -7.553422e+000  1.649120e+000  3.873316e+000 -1.329852e+000 -6.273104e-001 -3.346390e+000 -2.315917e-001  3.018420e-002  2.324052e-001 -5.437040e-001  1.980519e-001  6.843625e-001  7.365333e-001  6.995201e-005 -1.696209e-002  7.072607e-001  3.897575e-001  1.545653e-001  2.294947e-001
 4.482134e+000 -8.581161e+000  2.322060e+000  7.119728e+000 -2.531600e+001 -6.381157e+000 -1.038841e+001 -1.659450e+001 -1.943785e+001 -7.639723e+000 -2.257172e+001 -3.197633e+000  5.344534e+001  2.459647e+000  1.130777e+000  2.156215e+000  1.486568e+000 -3.977270e+000  1.892735e+000  1.794883e+000 -6.384584e+000  1.295563e+000  4.271781e+000 -1.088724e+000  1.752364e-001 -2.638713e+000 -7.731481e-001  2.867810e-001 -3.923363e-001 -9.540451e-001  2.053298e+000  7.013161e-002  1.767025e-001  1.812538e+000 -2.769040e-001 -3.945042e-001  2.009831e+000  2.015820e-001  5.336006e-001
 4.693484e+000 -7.890054e+000  2.707487e+000  6.027194e+000 -2.464628e+001 -5.109396e+000 -1.029340e+001 -2.001147e+001 -1.854746e+001 -4.914119e+000 -2.271588e+001 -3.860276e+000  5.285199e+001  1.403138e+000  1.740699e+000  1.960682e+000 -2.830815e-002 -3.412992e-001  2.002045e+000  1.086790e+000 -3.194176e+000  1.489176e+000  2.604148e+000  2.499095e+000  6.275117e-001 -1.780313e+000 -1.043796e+000  9.744016e-002 -9.138003e-001 -1.032263e+000  3.016152e+000 -1.066907e-001  1.042227e-001  3.128604e+000 -1.763739e-002 -1.007324e+000  2.691139e+000 -1.162248e-001  4.234738e-001
 6.193440e+000 -6.112847e+000  3.958962e+000  7.975154e+000 -2.576692e+001 -3.582847e+000 -7.411065e+000 -2.262566e+001 -1.765500e+001 -4.190117e+000 -2.102455e+001 -1.266786e+000  5.121626e+001  4.024484e-001  2.407948e+000  2.506138e-001 -8.812283e-001  5.022190e+000  6.838070e-001  6.016153e-001  7.657078e-001  8.682114e-001  1.137276e+000  7.739457e+000  2.646075e-001 -1.528719e+000 -1.311158e+000 -4.723653e-001 -1.464469e+000 -1.002923e+000  2.603023e+000 -5.117143e-001  6.449328e-002  2.830192e+000 -1.549941e-002 -1.071881e+000  2.055898e+000 -5.096648e-001  3.331895e-002
 7.153813e+000 -1.396054e+000  8.223455e+000  4.479585e+000 -1.525887e+001 -2.581408e+000 -1.052477e+001 -2.113980e+001 -1.491732e+001 -3.509311e+000 -5.283142e+000 -2.353929e+000  4.941744e+001 -1.000548e+000  8.482214e-001 -1.327223e+000 -2.088860e+000  6.571002e+000  1.144857e+000  1.817178e+000  4.514452e+000  1.774609e+000  4.039493e-001  7.711751e+000 -1.253120e+000 -1.784018e+000 -1.461221e+000 -6.790721e-001 -1.390014e+000 -5.271353e-001  6.252799e-001 -3.988424e-001  3.729389e-001  1.367017e+000 -1.699276e-001 -5.737198e-001 -2.107894e-001 -3.459158e-001 -4.806992e-001
 5.264211e+000  2.115787e-001  8.171452e-001  3.487391e+000 -4.898752e+000 -4.226116e+000 -7.264648e+000 -1.220180e+001 -1.691187e+001 -2.655746e+000  7.409194e+000 -2.627769e+000  4.751902e+001 -2.894299e+000 -7.848112e-001 -3.522177e+000 -2.497769e+000  5.581695e+000 -2.372426e-001  1.752156e+000  3.912060e+000  1.075350e+000  1.247549e-002  6.584437e+000 -1.432772e+000 -2.470266e+000 -1.535413e+000 -4.020604e-001 -1.693849e-001  2.057755e-001 -1.260609e+000  1.753894e-002  1.654984e-001 -1.251199e-001  2.170952e-001 -1.441765e-001 -2.360706e+000  2.002095e-001 -5.793456e-001
 1.553586e-001 -6.811160e+000 -2.357719e+000 -2.173223e+000 -2.225359e+000  9.365258e-001 -1.280717e+000 -2.651144e+000 -1.004599e+001 -3.661558e+000  1.626007e+000 -9.445384e+000  4.578052e+001 -4.254595e+000 -5.828200e-002 -3.102993e+000 -1.855714e+000  2.505348e+000  4.683577e-001  2.376215e+000  2.067730e+000  5.359688e-001  2.979490e-001  2.022658e+000 -2.533776e-001 -3.713036e+000 -1.166611e+000  1.491998e-001  8.235003e-001  6.674230e-001 -1.898876e+000 -1.464865e-001 -5.445784e-001 -1.020161e+000  2.506959e-001  4.694720e-002 -2.520621e+000  8.434843e-001  4.986443e-001
-4.778825e+000 -7.329350e+000 -8.361338e+000 -1.187290e+000 -4.375205e+000 -6.528027e+000 -3.272311e+000 -1.230968e+001 -1.471392e+001 -4.051617e+000  8.443059e+000 -4.884919e+000  4.068339e+001 -5.647593e+000  8.508978e-001  2.915740e-001  3.107634e-002  7.519745e-001  1.109752e+000  1.149589e+000  1.363469e+000  2.573008e+000  4.693938e-001 -1.219524e+000  7.657837e-001 -3.460938e+000 -2.624089e-001  2.554444e-001  1.263107e+000  5.656002e-001 -1.653745e+000  9.039399e-003 -7.937791e-001 -5.021262e-001  5.931008e-001 -1.562377e-002 -1.865365e+000  7.773205e-001  2.021355e+000
