35 39
-7.729341e+000  9.399058e+000 -9.504557e-001  6.406599e+000 -2.374747e+000 -3.214932e+000 -5.996586e+000 -1.129492e+001 -1.708092e+001 -8.253645e+000 -1.323990e+000 -2.183888e+000  5.492982e+001 -6.826472e+000  3.791890e-001 -2.745413e+000  4.952111e-001  3.612964e+000  3.032724e+000  1.397732e+000 -8.938131e-002 -8.181502e-001  3.058653e+000  5.081052e+000  2.918628e+000  1.101696e-001 -5.871444e-001 -1.982914e+000  1.242036e-001 -2.214286e-001 -1.578399e+000  9.198262e-001 -4.904860e-001  3.889824e-001  1.121744e+000  1.005725e+000 -1.143317e+000  7.856133e-001 -8.205685e-002
-1.586890e+001  5.064190e+000 -3.691721e+000  6.478079e+000 -8.624071e-001  4.470718e-001 -5.495672e+000 -7.600029e+000 -1.722453e+001 -3.907819e+000  4.420739e+000  1.850470e+000  5.506012e+001 -7.016874e+000 -2.018321e+000 -1.718960e+000 -2.167451e-001  1.649459e+000  3.218543e+000  6.221693e-001  5.974374e-001  1.130373e+000  3.867369e+000  2.264107e+000  2.768458e+000 -1.973415e-001  5.337476e-001 -1.342097e+000  3.510091e-001 -2.366357e-001 -1.956005e+000 -3.669277e-001 -2.662544e-001  4.935854e-001  1.485315e+000 -7.323501e-002 -1.565600e+000 -2.033288e-001 -6.114452e-002
-2.289264e+001  7.098920e-001 -8.089242e+000  3.920254e+000 -4.679892e+000  5.161067e+000 -4.159120e+000 -1.408700e+001 -1.622737e+001 -2.791798e-002  8.336217e+000  3.845269e+000  5.386828e+001 -5.470916e+000 -2.870668e+000 -1.461800e+000 -5.675907e-001 -1.459196e+000  8.205802e-001 -3.437597e-001  2.520327e+000  3.586663e+000  2.091221e+000  6.334018e-001  5.954925e-001 -2.172546e-002  1.302368e+000 -2.881305e-001  4.820583e-001 -2.150705e-003 -1.151970e+000 -1.058367e+000  2.754391e-001  7.327720e-001  1.188973e+000 -8.635141e-001 -1.465594e+000 -8.134619e-001  7.763836e-002
-2.820875e+001 -3.849929e-002 -7.232320e+000  3.979412e+000 -4.499035e+000  2.907281e+000 -7.170112e+000 -6.690963e+000 -6.875832e+000  4.026306e-001 -6.650431e-002  1.173694e+000  5.424032e+001 -3.512043e+000 -1.860287e+000 -1.143319e+000 -1.204783e-001 -1.819836e+000 -6.080463e-001  8.871075e-001  2.295183e+000  3.746793e+000  1.066952e+000 -3.253438e-001  3.468480e-001  1.457024e-001  1.581094e+000  4.245606e-001  2.768179e-001  5.512042e-002 -1.533522e-001 -8.499515e-001  6.696305e-001  7.036543e-003  1.390825e-001 -1.335454e+000 -7.293704e-001 -4.948253e-001  1.816005e-001
-2.891399e+001 -2.402935e+000 -6.489158e+000  4.817978e+000 -7.852413e+000 -3.421357e-001 -6.878164e+000  8.521759e-001 -4.321959e+000  4.723557e-002  4.086641e+000  1.131963e+000  5.523110e+001 -2.067046e+000 -1.140480e+000 -6.229414e-001  4.363241e-001 -4.122375e-001 -3.458156e-001  2.642459e+000  2.725606e+000  3.818504e+000  1.412914e-001 -9.521936e-001  6.212310e-002  3.268394e-001  1.415648e+000  5.581836e-001  3.273535e-001 -4.208699e-001  4.130856e-001 -1.976054e-001  6.756627e-001 -7.823410e-001 -7.838512e-001 -1.361674e+000 -3.491305e-001 -7.066967e-002  2.483411e-001
-3.041843e+001 -2.680831e+000 -1.020836e+001  5.426826e+000 -8.375328e+000  1.584416e-001  2.993873e-001 -3.593702e+000 -4.443266e+000  1.389362e+000  4.918808e+000  4.941363e+000  5.510722e+001 -8.133381e-001 -7.606113e-001 -7.542997e-001 -4.431004e-001  3.592191e-001 -4.480171e-001  2.477212e+000  5.299805e-001  1.709864e+000 -1.834938e+000 -5.899466e-001  5.610162e-001  5.363785e-001  1.615846e+000  5.658938e-001  7.969995e-001 -7.886391e-001  9.205285e-002 -7.028423e-001 -3.575678e-001 -1.062250e+000 -1.411641e+000 -1.331554e+000 -1.017578e-001 -1.384650e-001  4.302545e-001
-3.212302e+001 -3.671344e+000 -9.715930e+000  5.378168e+000 -4.802932e+000  4.806408e+000  5.318423e+000 -2.007605e+000  1.648870e+000  1.851736e-001  1.082593e+000  2.272050e+000  5.506903e+001  2.579708e-001 -6.295875e-001 -1.954231e-002 -2.510629e+000 -4.832959e-001 -2.474613e-001  2.239501e+000 -5.087771e-001  6.858708e-001 -3.266206e+000 -9.799497e-001  1.350600e-001  1.024642e+000  2.148361e+000  6.372349e-001  1.078121e+000 -7.390059e-001 -6.334003e-001 -1.476318e+000 -1.359024e+000 -1.045457e+000 -1.736562e+000 -5.124152e-001 -1.991162e-001 -9.470232e-002  5.392534e-001
-3.067093e+001 -3.207351e+000 -9.390432e+000  1.483815e+000 -4.227680e+000 -1.907076e+000 -8.823433e-001 -2.611170e+000 -1.311925e+000 -8.841029e+000 -1.514213e+000  3.408731e+000  5.700325e+001  3.404677e+000  7.137358e-001  2.539979e+000 -2.590197e+000 -1.324043e+000 -4.171435e+000 -6.992527e-001 -1.398876e+000 -1.745094e+000 -3.887070e+000 -8.202549e-001 -3.819454e-001  1.948074e+000  2.240379e+000  3.143186e-001  1.057964e+000 -1.198659e-001 -1.034305e+000 -1.325351e+000 -1.539422e+000 -3.237058e-001 -1.260875e+000  1.053125e+000 -5.918028e-001 -9.800838e-002  4.154918e-001
-2.749789e+001 -5.287612e+000 -6.995832e+000 -5.763664e+000 -1.234272e+001 -5.466833e-001  4.910207e+000 -2.182976e+000 -2.458276e+000 -1.116860e+001  2.403403e+000  2.573579e+000  5.940630e+001  6.565754e+000  1.308521e+000  3.120522e+000 -2.185157e+000 -2.737608e+000 -5.865695e+000 -2.564428e+000 -1.537252e+000 -3.136825e+000 -1.394719e+000 -1.832621e+000  6.009231e-002  2.317258e+000  1.480638e+000 -2.875476e-001  5.488987e-001  5.092040e-001 -6.829629e-001 -6.214209e-001 -1.304419e+000  4.070214e-001 -6.450577e-001  2.144276e+000 -6.995128e-001  3.206313e-002  2.441285e-002
-1.570761e+001  1.695982e+000  1.131487e+000 -1.953245e+000 -1.122565e+001 -1.802219e+001 -2.992768e+000 -1.050039e+001 -1.111516e+001 -1.236910e+001  1.571281e-001  2.880872e+000  6.267896e+001  7.234667e+000 -1.580725e-001  2.965489e+000 -1.205166e+000 -3.685150e+000 -4.265655e+000 -2.817932e+000 -5.743107e-001 -2.683165e+000  2.494945e+000 -3.122625e+000  1.084582e-001  1.967529e+000 -3.011107e-001 -1.076148e+000 -1.644006e-001  3.617352e-001 -1.549000e-001  1.024862e+000  8.807924e-002  1.123675e+000  1.478584e-001  2.475477e+000 -1.830148e-001  5.279215e-002 -4.287269e-001
-6.775912e+000  4.195932e-001  6.257221e-001 -3.829089e+000 -1.499199e+001 -1.646451e+001 -6.448504e+000 -5.749255e+000 -9.133637e+000 -5.024383e+000 -8.916181e+000  2.836442e+000  6.381746e+001  5.746165e+000 -1.631421e+000  2.512196e+000 -6.571251e-001 -2.717556e+000 -3.307456e+000 -3.223252e+000  1.114048e+000 -2.070382e+000  4.264169e+000 -3.326329e+000  5.017395e-002  1.136979e+000 -1.770108e+000 -9.614378e-001 -2.699844e-001  3.053863e-001  6.230360e-001  1.321785e+000  1.211031e+000  7.823953e-001  1.964054e-001  1.609606e+000  8.999538e-001  4.436912e-002 -6.408349e-001
-4.858580e+000 -6.851317e+000  1.626237e+000 -5.509304e+000 -2.132880e+001 -1.527643e+001 -9.292648e+000 -3.699584e+000 -1.139007e+001  5.615860e-001 -1.146755e+001  3.819591e+000  6.463531e+001  2.308918e+000 -3.197031e+000  2.022139e+000 -1.545537e+000 -2.108568e+000 -3.262444e-001  7.055519e-002  2.893851e+000 -1.539023e+000  5.660871e+000 -9.884747e-001 -1.130254e-001  3.945797e-001 -1.986986e+000  9.312844e-002 -2.606845e-001  4.762678e-001  1.367433e+000  7.149662e-001  1.668803e+000 -5.028240e-002 -2.615804e-001  1.319520e-001  1.404761e+000  9.558338e-002 -8.327651e-001
-4.191582e+000 -9.171070e+000  5.317772e+000 -7.271260e+000 -2.087893e+001 -1.845684e+001 -8.056111e+000 -1.314279e-002 -1.267273e+001  3.686903e+000 -8.415903e+000  2.355089e+000  6.411301e+001  1.780901e-001 -1.979189e+000  2.242276e+000 -4.880403e-001 -4.107185e-001 -1.226476e+000  2.046482e+000  6.406432e-001 -2.726869e+000  5.070348e+000  1.600073e+000  3.926797e-001 -1.004417e-001 -1.241343e+000  1.166332e+000 -4.407636e-001  9.762118e-001  1.640136e+000  4.292383e-001  1.406477e+000 -7.761255e-001 -3.108558e-001 -1.338528e+000  1.022919e+000  1.725457e-001 -1.179853e+000
-5.455185e+000 -9.493843e+000  8.896156e+000 -7.959846e+000 -1.882502e+001 -1.865725e+001 -1.836189e+000  1.100804e+000 -1.704073e+001  1.157961e+001 -5.035384e+000  2.556421e+000  6.450408e+001  8.377500e-002  4.814532e-001  1.797027e+000  1.091630e+000  1.998597e+000 -1.731313e+000  2.891214e+000 -5.890205e-001 -3.662824e+000  2.751615e+000  1.437981e+000  4.151222e-001 -1.577586e+000 -2.297672e-001  2.057047e+000 -5.762758e-001  1.134592e+000  1.275678e+000  3.946242e-001  9.010435e-002 -6.636037e-001  3.019070e-001 -2.802465e+000 -7.252258e-003 -1.867920e-001 -1.598176e+000
-5.587159e+000 -8.155087e+000  8.202142e+000 -5.044020e+000 -1.829747e+001 -2.090649e+001  5.567321e-002 -4.946233e+000 -1.994265e+001  1.481835e+001 -4.131896e+000  5.431425e+000  6.338087e+001  6.520224e-001  2.360995e+000  4.209337e-001  2.905350e+000  3.429538e+000 -4.587301e-001  2.398804e+000 -1.025144e+000 -2.562761e+000 -9.738433e-001  5.750402e-001  6.488287e-001 -3.776204e+000  3.520671e-001  2.024298e+000 -6.967717e-001  5.518531e-001  4.215646e-001  1.180220e+000 -6.900388e-001  7.216343e-002  1.614165e+000 -3.071583e+000 -4.533431e-001 -5.971168e-001 -1.661487e+000
-3.741917e+000 -4.952043e+000  9.169187e+000 -1.164771e+000 -1.262654e+001 -2.270817e+001  1.107531e+000 -4.178141e+000 -2.606923e+001  8.753939e+000 -6.419649e+000  4.357034e+000  5.711345e+001  9.231156e-001  4.918112e+000  5.143084e-002  2.430727e+000  2.349694e+000  1.263003e+000  3.449157e-001  4.087264e-001 -1.115423e-001 -5.329361e+000 -5.122195e-001 -1.175060e+000 -5.758418e+000  2.554109e-001  1.192886e+000 -3.892999e-001 -1.302593e-001 -4.369801e-001  1.287994e+000 -1.186472e+000  1.081406e-001  2.204291e+000 -1.927403e+000 -1.635978e-001 -7.021966e-001 -8.979215e-001
-1.788104e+000  3.630032e-001  7.285925e+000  3.857955e+000 -6.830473e+000 -1.872503e+001  2.466048e+000 -2.499391e+000 -2.097229e+001  2.305207e-001 -4.848570e+000  4.698926e+000  4.892731e+001  1.518755e+000  5.923971e+000 -3.687850e-001  1.601677e+000  1.521556e+000  3.177466e+000 -1.305632e-001  5.025870e-001  3.568315e+000 -6.247077e+000  3.084577e-001 -1.797813e+000 -6.317460e+000 -2.547874e-001  3.804912e-002  4.073378e-003 -7.253550e-001 -5.472069e-001  8.452694e-001 -1.436178e+000 -4.149348e-001  1.546346e+000 -7.991469e-002  1.101533e-001 -3.604383e-001  1.672013e-001
-2.739135e+000  1.083767e+001  9.611419e+000 -2.571955e-001 -1.281005e+001 -1.343296e+001 -1.316797e+000  1.921015e+000 -1.708362e+001 -7.773284e+000 -7.238145e+000 -2.952631e+000  4.293877e+001  9.274630e-001  4.664394e+000  2.453869e-001  1.092171e+000  7.676879e-001  2.890558e+000 -1.776462e+000 -8.121830e-001  4.293096e+000 -4.248783e+000  7.532828e-001 -1.872540e+000 -4.796566e+000 -1.014985e+000 -2.514646e+000 -4.829842e-001 -6.063315e-001  6.781886e-001 -4.637456e-002 -1.021632e+000 -1.030513e+000  7.202034e-001  1.875251e+000  1.916717e-001  5.160716e-001  1.543228e+000
 1.505227e+000  1.356991e+001  6.137101e+000  2.510575e+000 -1.059793e+001 -9.656765e+000  6.150213e-001 -5.482876e+000 -6.593884e+000 -8.153422e+000 -2.180360e+000  9.719266e-002  3.888091e+001 -6.240880e-001  2.678100e+000  3.443226e-001 -5.214674e-002  1.484507e+000  2.953840e+000 -3.721396e+000 -2.489364e+000  2.966649e+000 -1.913706e+000  4.930555e-001 -8.046227e-001 -3.421124e+000 -1.640120e+000 -4.113996e+000 -1.147703e+000 -4.559103e-001  1.370241e+000 -6.897954e-001 -3.573197e-001 -3.752491e-001  1.599015e-001  2.501054e+000 -1.555114e-001  6.821817e-001  2.536975e+000
-7.512680e-001  1.176647e+001  1.097053e+001  4.969772e+000 -6.904373e+000 -1.278951e+001 -6.849267e+000 -6.747313e+000 -1.179295e+001 -8.298002e+000 -3.987340e+000 -2.704799e+000  3.815382e+001 -3.080390e+000 -6.032182e+000 -2.720044e+000  2.259818e-001  5.759161e+000  1.142944e+000 -2.967826e+000 -3.247862e+000  3.790307e+000  1.880207e+000  3.538399e-001  9.087024e-001  5.095543e-001 -1.708850e+000 -3.639786e+000 -1.626157e+000 -4.409375e-001  6.531000e-001 -9.348735e-001  1.304253e+000  9.134012e-001  2.268579e-001  1.599223e+000 -2.722919e-002  6.866577e-001  2.878992e+000
-5.902478e+000  1.328910e+001  8.327981e+000  9.837369e-001 -2.360779e+000 -4.277550e+000 -1.337470e+001 -1.061205e+001 -8.784377e+000 -9.075650e+000 -4.008695e+000  5.518968e-001  3.421417e+001 -4.677917e+000 -9.297722e+000 -4.624586e+000 -2.447805e-001  5.877025e+000  6.022964e-001 -1.321480e+000 -1.558189e-001  4.619216e+000  3.193697e+000 -2.693777e-001  2.224742e-001  3.714355e+000 -1.381756e+000 -1.180245e+000 -7.202655e-001 -7.642870e-002 -1.125036e+000 -1.202662e+000  2.462438e+000  1.897559e+000 -1.585280e-001  2.853473e-001  6.283007e-001  4.149650e-001  2.427762e+000
-1.443723e+001 -1.918283e+001 -5.084239e+000  1.636133e+000  1.186718e+001 -1.040785e+001 -9.161067e+000 -1.175371e+001  2.963160e+000  2.088863e+000 -4.554778e+000  1.363529e+000  4.781991e+001 -5.589870e+000 -7.546628e+000 -5.400944e+000 -1.016200e+000  1.836928e+000 -6.080377e-001  3.544845e+000  2.588051e+000  4.601102e+000  1.193631e+000  9.983535e-001  1.047200e+000  6.030656e+000 -7.028840e-001  2.908144e+000  1.152119e+000  2.603424e-001 -2.831406e+000 -6.106111e-001  2.150253e+000  1.851827e+000 -1.451048e+000 -1.229701e+000  9.927306e-001  1.212108e-001  6.296637e-001
-1.504137e+001 -1.744404e+001 -8.958443e+000  2.953493e+000  9.401417e+000 -7.836115e+000 -4.836479e+000 -3.758772e+000  9.124139e+000  2.621628e+000 -3.243530e+000 -8.246002e-001  5.261964e+001 -6.278126e+000 -2.465900e+000 -1.916555e+000  1.868007e-001 -2.179559e+000 -2.183979e+000  5.334458e+000  4.080476e+000  1.768612e+000 -1.436817e-001  3.312302e+000  1.200953e+000  5.957133e+000 -1.579123e-002  4.028789e+000  1.889430e+000  5.653638e-001 -2.171920e+000 -7.843966e-003  7.692720e-001  1.644963e-001 -2.131127e+000 -1.241704e+000  7.531564e-001  1.794035e-001 -9.907949e-001
-2.413117e+001 -1.060009e+001 -7.390973e+000 -1.096106e+000 -3.600828e+000 -1.405042e+001  6.605845e+000  2.766303e+000  2.258298e+000 -8.178486e+000  6.218449e-001  3.219451e+000  5.910436e+001 -5.794705e+000  5.092628e+000  1.686536e+000  1.311903e+000 -4.369578e+000 -5.169742e-001  4.455471e+000  3.893127e+000 -2.039631e+000 -2.599608e+000  3.526653e+000  1.025517e+000  2.536484e+000  9.510118e-001  2.735390e+000  1.372136e+000  6.032444e-001 -1.365717e-001  9.919955e-001 -1.177632e+000 -1.472302e+000 -1.542044e+000 -4.023891e-002  4.012392e-002 -2.020523e-001 -1.922339e+000
-3.244614e+001 -3.331767e+000 -1.014263e-001  3.283859e+000 -5.524571e+000 -1.337616e+001  5.414138e+000  2.530326e+000  4.111131e-001 -4.660384e+000  9.964503e+000  5.628703e+000  5.835761e+001 -4.654455e+000  4.526592e+000  1.278825e+000  1.417987e+000 -1.879322e+000  5.175447e-001  2.069567e+000  1.412437e-002 -2.716054e+000 -1.118206e+000  2.232254e+000  1.130334e+000  5.074669e-001  1.668842e+000  4.168631e-001 -2.685404e-001  2.841799e-002  1.101711e+000  1.557388e+000 -1.680727e+000 -2.106428e+000 -2.679855e-001  6.899521e-001 -8.370489e-001 -4.128441e-001 -1.712717e+000
-3.470838e+001 -7.758293e-001 -1.080068e+000  8.030466e+000 -2.517717e+000 -1.022270e+001  7.990981e+000  4.567377e+000 -2.878484e+000 -7.268172e+000  6.474472e+000  3.264460e+000  5.763335e+001 -1.646647e+000  2.634074e+000 -1.379562e-001  1.384429e+000  1.003951e+000  3.001178e+000 -7.108713e-001 -2.740283e+000 -8.667868e-001  1.479699e+000  1.738997e+000  7.224898e-002 -8.562050e-001  1.675711e+000 -1.361884e+000 -1.170350e+000 -5.937113e-001  8.453616e-001  7.391275e-001 -1.287587e+000 -1.432588e+000  7.243586e-001  1.023722e+000 -8.326033e-001 -4.636483e-001 -8.140858e-001
-3.302505e+001  2.767821e-001 -5.719771e+000  5.480142e+000 -5.367491e-001 -7.162251e+000  4.818789e+000 -4.588687e+000 -1.887742e+000 -3.424558e+000  4.991428e+000  4.804563e+000  5.589248e+001 -7.947159e-003  8.476921e-001 -2.347011e+000  2.926278e-001  6.422315e-001  3.843884e+000 -4.860056e-001 -3.134960e+000 -1.577381e-001  1.266426e+000  2.088575e-002 -3.866331e-001 -9.101074e-001  1.197304e+000 -1.303113e+000 -8.099316e-001 -6.645136e-001 -1.941971e-001 -1.261130e-001 -2.906410e-001  3.583322e-001  7.246822e-001  3.576412e-002 -7.252471e-001 -4.827072e-001 -2.148905e-001
-3.207495e+001  7.660024e-001 -5.271582e+000  4.727898e+000 -1.074983e+000 -2.151484e+000  3.349164e+000 -7.375604e+000 -9.262089e-001 -1.397907e+000  1.180337e+001  3.992766e+000  5.605590e+001  2.605961e-001  1.226573e-001 -2.352298e+000 -1.093974e+000 -1.403547e+000  1.515494e+000 -7.046764e-001 -1.695270e+000  3.030036e-001  1.326686e+000  4.693208e-001 -5.342413e-001 -8.251583e-001  4.667560e-001 -9.575714e-001 -1.095023e-001 -5.551364e-001 -7.229850e-001 -1.035878e+000  3.352213e-001  1.436257e+000  5.222370e-001 -6.729509e-001 -9.829124e-001 -2.388220e-001  6.178696e-002
-3.380259e+001  1.357778e-001 -9.740725e+000  6.398283e+000 -3.034781e+000  1.807652e+000  5.305018e+000 -7.172984e+000 -1.353715e+000 -1.263389e+000  7.404485e+000  3.331384e+000  5.459579e+001  3.784451e-001 -7.332670e-001 -1.663662e+000 -6.653798e-001 -1.646558e+000  6.298217e-001  6.132643e-001  1.283279e+000  3.224614e-001 -8.628789e-001 -7.591432e-001 -9.799571e-001 -5.825089e-001  2.321372e-001 -6.461073e-001  7.021986e-001 -1.274707e-001 -1.463811e-001 -9.395561e-001 -6.587471e-002  9.280934e-001  2.098691e-001 -6.872953e-001 -7.104905e-001 -2.526767e-002  6.283589e-002
-3.301663e+001 -9.204073e-002 -1.083108e+001  2.101527e+000 -8.286435e+000 -7.130180e+000  4.224484e+000 -2.616825e+000 -1.630479e+000 -1.715327e+000  7.614548e+000  1.329843e+000  5.415590e+001  4.939369e-001 -1.363303e+000 -1.027142e+000 -9.122492e-001 -1.466578e+000 -5.711797e-001  4.156000e-001  2.231882e+000  1.504299e+000 -8.204039e-001 -2.785550e+000 -8.251992e-001 -7.110695e-001  1.590381e-001 -2.459466e-001  9.568933e-001  2.802809e-001  6.169262e-001  3.164938e-002 -6.562118e-001 -8.442435e-002 -8.389610e-002 -3.615048e-001 -4.579136e-001  3.633660e-001 -8.484032e-002
-3.066198e+001 -2.960531e+000 -1.125833e+001  3.466429e+000 -5.163815e+000 -1.523795e+000  7.447450e+000 -5.516812e-001  7.670042e-002 -7.580242e+000  3.290122e+000  1.236239e+000  5.392994e+001  1.036068e+000 -1.639864e+000  5.014037e-001 -4.355881e-001 -5.815797e-002  1.894402e-001 -1.375517e+000 -4.580691e-001  2.909598e-001 -1.096506e+000 -1.904131e+000 -3.674925e-001 -6.529724e-001 -5.251587e-002  3.394904e-001  9.309618e-001  7.522326e-002  7.222266e-001  1.998522e-001 -9.710542e-001 -4.726014e-001 -2.231700e-001  1.838614e-001  1.018633e-001  2.250181e-001 -2.823059e-001
-3.117557e+001 -4.502358e+000 -9.648489e+000  1.632579e+000 -7.343359e+000 -3.341659e+000  4.355948e+000  4.731541e-001  5.880076e+000 -2.341500e+000 -6.720343e-002  9.143429e-001  5.283348e+001  7.269748e-001 -6.537769e-001  1.349635e+000  1.925352e-001  8.868840e-001  1.893932e+000 -2.991345e+000 -1.246718e+000 -1.007261e-001 -3.640247e-001 -1.247754e+000  9.763563e-001 -1.214128e+000 -1.602712e-001  7.757719e-001  7.125139e-001 -1.533398e-001  7.814716e-001  1.331768e-001 -3.869461e-001  1.642463e-002 -7.342274e-001  3.450664e-001  7.161635e-001 -1.859014e-001 -3.399693e-001
-2.954277e+001 -5.858384e+000 -7.825003e+000  4.454816e+000 -3.797109e+000  8.605927e-001 -1.638301e+000 -1.100832e+001 -3.654194e+000 -6.432833e+000  1.724706e+000  1.701672e+000  5.199214e+001 -6.532669e-004  6.094220e-001  1.802758e+000 -8.416557e-001  7.878434e-001  3.965268e-001 -2.538534e+000  6.595720e-001  9.123882e-003 -1.717614e-001 -1.018725e+000 -7.556446e-001 -1.742509e+000 -1.622086e-001  8.259201e-001  2.626123e-001 -2.754865e-001  4.307347e-001 -4.952533e-001  4.456972e-001  7.134571e-001 -2.683381e-001  5.652818e-001  6.641202e-001 -2.802990e-001 -3.023229e-001
-2.994136e+001 -1.911999e+000 -5.799570e+000  2.570009e+000 -4.535368e+000  1.147284e+000 -6.189364e+000 -3.622095e+000 -2.686622e-001 -4.109155e+000  2.158489e+000  5.978909e+000  4.905416e+001  2.109419e-001  1.390913e+000  1.884750e+000 -1.475914e+000  2.017779e+000 -8.838898e-003 -9.376220e-001  1.755184e+000 -2.025920e+000  4.425560e-001  3.525643e-001 -1.560630e+000 -1.866148e+000  1.680937e-001  1.360227e-001 -3.108641e-001 -2.198251e-001 -1.155608e-001 -8.541698e-001  8.054965e-001 -3.824689e-002 -2.076936e-001  3.941151e-002  6.646858e-001 -2.401341e-002  1.944458e-001
-3.128235e+001 -1.208601e+000 -4.169000e+000 -1.210565e+000 -2.628593e+000 -1.785632e+000  2.743606e-002  4.793803e+000  3.196689e+000 -7.555221e+000 -2.916351e+000 -5.074267e+000  4.710706e+001  4.830419e-001  1.467391e+000  1.546908e+000 -9.787957e-001  1.530068e+000 -1.335441e+000 -1.738925e-001  1.608265e+000 -8.813354e-002  1.326613e+000  6.163111e-001 -5.004943e-001 -1.838577e+000  6.515964e-001 -5.309349e-001 -8.130034e-001  3.078977e-001 -5.530927e-001 -2.163258e-001  4.187117e-001 -1.549419e+000 -3.430158e-001 -4.370109e-001  4.600745e-001  8.461463e-001  1.003842e+000
