38 39
-1.799383e+001  2.116950e+000  6.199842e-001  5.160589e+000  7.830253e+000  6.973121e+000  5.822092e+000  8.585608e+000 -1.913226e+000  1.598321e+000  5.428028e-001 -7.248475e+000  2.838810e+001  6.927046e-001 -9.906504e-001 -3.732589e-001  6.067686e-001 -3.498412e+000 -3.918390e+000 -2.659158e+000 -4.645000e-001 -3.658613e+000 -1.277346e+000 -3.197572e+000  3.340681e+000  4.039264e+000  8.116112e-001 -2.325502e-001  3.420279e-002  4.078272e-001 -1.470845e+000 -1.218737e+000 -1.228759e+000 -1.262352e+000  4.031548e-001 -4.994309e-003 -1.644560e+000  2.110233e+000  1.655263e+000
-1.746128e+001 -4.694751e+000  4.414176e-001 -8.249189e-001 -4.037900e+000  1.399353e+000  8.803360e+000  1.383233e+001 -7.563100e+000 -6.119783e-001  1.033187e+001 -2.018257e+000  3.347335e+001  2.067526e+000 -1.437896e+000 -7.760174e-001  1.179845e+000 -5.721687e+000 -5.562133e+000 -3.887672e+000 -1.613206e+000 -1.495264e+000 -1.486447e+000 -5.544353e+000  5.824364e+000  6.243074e+000  8.945813e-001  6.590222e-001  1.955911e-001  5.845368e-001 -2.659255e-001 -4.477431e-001 -1.041089e+000 -1.790090e+000  7.889353e-001 -1.353359e-001 -1.533857e+000  7.925291e-001  8.473088e-001
-1.563636e+001 -4.813781e+000 -3.717138e+000  6.954979e+000 -1.112012e+001 -1.023427e+001 -4.165310e+000 -2.169469e+000 -9.461129e+000 -1.184370e+000 -1.310585e+001  1.627639e+001  4.464341e+001  2.794564e+000 -3.752929e-001  5.356119e-001  1.874078e+000 -5.357637e+000 -4.331697e+000 -4.926343e+000 -4.832722e+000 -1.938008e+000 -1.560959e+000 -5.311380e+000  5.138654e+000  5.614444e+000  4.838510e-001  1.233006e+000  9.855534e-002 -2.010111e-001  1.094928e+000  7.596691e-001  2.524981e-001 -4.051476e-001  8.400441e-001 -3.861947e-001  5.450461e-001 -1.750549e+000 -4.638721e-001
-9.581572e+000 -3.285035e+000 -6.935213e-001  8.468128e+000 -1.701146e+001 -1.400952e+001 -9.708012e+000 -5.636248e+000 -8.439551e+000 -2.018815e+000 -1.438804e+001  1.587911e+001  4.986214e+001  3.338939e+000  2.339234e+000  4.067216e-001  1.665142e+000 -2.020728e+000 -3.198075e+000 -4.346455e+000 -5.075320e+000 -7.294931e-002 -1.981119e+000 -5.870440e+000  1.532515e+000  4.459981e+000 -3.355504e-001  1.411419e+000 -2.092011e-001 -5.936671e-001  1.630333e+000  1.275499e+000  1.402266e+000  8.109005e-001  2.698630e-001 -2.415409e-001  1.934690e+000 -2.862968e+000 -1.199219e+000
-7.960871e+000 -4.643721e-001  3.865513e+000  9.884454e+000 -1.247115e+001 -6.980928e+000 -9.553939e+000 -5.843712e+000 -1.116504e+001 -5.503056e+000 -1.365414e+001  9.496111e+000  4.826592e+001  2.476253e+000  3.285815e+000 -4.718516e-001 -6.409358e-001  1.257475e-001 -1.302074e+000 -1.167277e+000 -7.591806e-001 -1.695496e-001 -2.960984e+000 -3.092970e-001 -3.266140e+000  2.611450e+000 -1.036528e+000  8.270776e-001 -4.413238e-001 -6.092961e-001  1.031710e+000  9.473767e-001  1.763634e+000  1.688845e+000  1.447589e-001  3.280161e-002  2.348868e+000 -2.160775e+000 -1.097436e+000
-4.604333e+000  4.826715e+000 -1.316300e+000  6.036054e+000 -1.346602e+001 -1.621769e+001 -1.023460e+001 -9.707144e+000 -7.075891e+000 -8.358231e+000 -1.874619e+001  9.034453e+000  5.396200e+001  5.489293e-001  3.788645e+000 -1.318291e+000 -5.309840e-001 -3.117139e-001 -6.994511e-001  1.244122e+000  4.045261e-001 -1.030178e+000 -1.994140e+000  1.628059e+000 -4.288079e+000  1.748476e+000 -1.431117e+000 -2.096382e-001  7.613011e-002 -1.416428e-001  3.011435e-001  1.096890e+000  1.167656e+000  1.189465e+000 -1.692306e-001  5.609097e-001  2.130256e+000 -7.647085e-001 -9.079619e-001
-5.743716e+000  7.559422e+000 -5.765007e+000  4.966337e+000 -1.226410e+001 -1.564055e+001 -9.738399e+000 -3.929924e+000 -1.099071e+001 -1.281958e+001 -1.247326e+001  3.368015e+000  5.565073e+001 -9.930731e-001  3.035389e+000 -8.085010e-001 -7.434001e-002 -1.053594e+000 -8.441257e-001  1.096540e+000  8.715802e-001 -7.355995e-001 -1.390441e+000  2.683710e+000 -2.754926e+000  1.483017e+000 -1.185911e+000 -8.363243e-001  7.401153e-001  1.998376e-001  2.283938e-001  9.117967e-001  1.683254e-001 -4.262896e-001  1.837317e-001  9.765037e-001  4.761027e-001  5.466563e-001 -5.149660e-001
-7.945502e+000  1.164629e+001 -2.469717e+000  8.272266e+000 -1.867355e+001 -1.317697e+001 -3.395170e+000 -4.570511e+000 -1.367761e+001 -8.331251e+000 -6.838188e+000 -2.497233e+000  5.491211e+001 -2.081983e+000  1.416256e+000  9.556968e-001  6.736301e-001  7.466049e-002  2.057404e+000  3.599187e-001  5.662699e-002 -6.360775e-001  3.815804e-002  3.284337e+000 -2.546635e+000  4.843880e-001 -5.546790e-001 -1.242563e+000  9.267971e-001 -2.170418e-001  5.856826e-001  5.182265e-001 -3.515359e-001 -1.059715e+000  5.775356e-001  5.433402e-001 -3.522467e-001  8.428266e-001 -1.904556e-001
-1.125565e+001  1.130278e+001  3.997165e-001  8.394648e+000 -1.513536e+001 -1.272192e+001 -7.490953e+000 -4.054127e+000 -1.154218e+001 -1.246875e+001 -6.189592e+000  1.487322e+000  5.520595e+001 -2.137848e+000  2.903888e-001  2.091731e+000 -2.440549e-001  1.074529e+000  1.878482e+000  1.164523e-001 -2.716679e+000  5.520587e-001  9.053863e-001  1.243077e+000 -1.403581e+000  6.686646e-001  1.118159e-001 -1.274547e+000  4.174981e-001 -7.092865e-001  3.838353e-001  1.502412e-002 -1.080817e-001 -1.057095e+000  5.384021e-001 -1.817407e-002 -7.866852e-001  3.819107e-001  9.521578e-002
-1.225828e+001  1.003631e+001  3.798227e-001  7.690049e+000 -1.165709e+001 -7.389987e+000 -9.558729e+000 -9.361907e+000 -9.980541e+000 -8.342855e+000 -5.466337e+000 -2.758373e+000  5.660633e+001 -1.652078e+000 -1.051668e+000  1.865578e+000 -1.531336e+000  1.552637e+000  5.303773e-001 -2.351317e-002 -3.099920e+000  1.213671e+000 -4.253519e-001  5.871419e-001 -7.496184e-001  1.203375e+000  5.832784e-001 -1.128865e+000 -1.289904e-001 -9.026895e-001 -3.307185e-001 -1.026487e+000  3.697205e-001 -3.095510e-001  7.276149e-002 -5.318806e-001 -9.239020e-001  4.807991e-001  3.496044e-001
-1.427657e+001  9.816357e+000  3.268879e+000  4.037171e+000 -1.039968e+001 -9.141633e+000 -6.074358e+000 -1.511762e+001 -1.007895e+001 -8.286845e+000 -6.943803e+000 -3.519319e+000  5.814695e+001 -6.489459e-001 -2.103384e+000  8.240484e-001 -2.518290e+000  1.265943e-001 -5.491781e-003  7.478477e-001 -2.835619e+000  1.031537e+000 -1.249556e+000  9.888192e-002 -1.743881e+000  1.599603e+000  8.015321e-001 -9.644595e-001 -2.497348e-001 -5.022041e-001 -7.794073e-001 -1.022336e+000  3.507934e-001  7.557890e-001 -6.071750e-001 -1.321145e-001 -5.981393e-001  4.408969e-001  2.185413e-001
-1.469544e+001  7.131167e+000  5.423594e+000  2.794327e+000 -1.327820e+001 -1.231522e+001 -4.221034e+000 -1.453837e+001 -8.340870e+000 -1.254896e+001 -3.525373e+000 -3.742004e+000  5.945849e+001  8.995829e-002 -3.031184e+000  9.445859e-001 -2.702700e+000 -1.104964e+000 -2.133044e+000  1.892823e+000 -1.431658e+000 -5.120090e-001 -1.543774e+000 -7.630754e-001  2.751091e-002  1.766941e+000  7.619328e-001 -6.537066e-001 -3.051921e-002 -1.360160e-001 -8.546935e-001 -7.037973e-001 -1.474658e-001  1.053350e+000 -1.282125e+000  8.670071e-001 -6.255202e-001  2.418267e-001 -7.621064e-002
-1.328180e+001  2.238440e+000  1.998073e+000 -1.748940e+000 -1.369183e+001 -1.028676e+001 -6.420562e+000 -1.564399e+001 -7.204334e+000 -1.661348e+001 -6.665665e+000 -6.740268e+000  6.177789e+001  9.987947e-001 -3.542151e+000  1.303553e+000 -2.169393e+000 -1.493706e+000 -1.901488e+000  9.122511e-001  2.281349e-001 -1.620976e+000  8.040245e-001 -1.072511e+000  4.123389e-001  1.479588e+000  5.820696e-001 -2.359669e-001  3.505576e-001  3.234470e-001 -5.470240e-001 -2.739214e-001 -6.676953e-001  1.199448e+000 -1.330434e+000  1.632318e+000 -2.179216e-001  1.731270e-001 -3.584800e-001
-1.230587e+001 -1.330650e+000  5.738155e+000 -2.930393e+000 -1.553584e+001 -1.748264e+001  7.848962e-002 -1.625701e+001 -1.397789e+001 -1.189841e+001 -9.420783e+000 -1.010344e+000  6.362556e+001  1.333716e+000 -3.600818e+000  1.473230e+000 -2.385864e+000 -1.910680e+000 -2.040611e+000 -8.430437e-001  6.349511e-001 -3.870697e+000  2.882894e+000 -1.954762e+000 -6.185951e-001  8.823288e-001  4.334448e-001  2.177913e-001 -1.702446e-002  5.588660e-001 -1.624859e-001  2.206160e-001 -9.087515e-001  1.070949e+000 -7.919016e-001  1.367496e+000  3.539042e-001 -4.122351e-001 -5.470587e-001
-1.047738e+001 -3.663489e+000  9.629365e+000 -3.947436e+000 -1.673940e+001 -1.606536e+001 -3.662864e+000 -1.311762e+001 -1.536532e+001 -4.592000e+000 -9.358652e+000 -2.823454e+000  6.346135e+001  1.639523e+000 -2.998401e+000  2.312515e+000 -1.059473e+000 -2.205668e+000 -1.421315e+000 -1.222695e+000  2.128315e+000 -3.941290e+000  4.698699e+000 -3.948827e-001 -5.551930e-001  2.495087e-001  2.256509e-001  4.968558e-001 -6.843603e-001  5.962220e-001  1.535779e-001  2.058084e-002 -3.655903e-001  7.143587e-001 -2.541803e-001  1.690000e-001  5.908693e-001 -3.697580e-001 -5.106081e-001
-9.429072e+000 -7.921958e+000  8.974097e+000 -8.035745e+000 -2.130782e+001 -1.962898e+001 -9.815102e+000 -1.262680e+001 -2.361386e+001 -4.145233e+000 -1.195269e+001 -8.793386e+000  6.302840e+001  1.936818e+000 -2.214103e+000  3.549830e-001 -4.633302e-001 -1.561413e+000 -1.270050e+000 -1.583461e+000  2.972999e+000 -3.311360e+000  3.346372e+000  6.676314e-001 -1.549899e+000 -3.533131e-001  9.460066e-002  5.918620e-001 -1.107886e+000  6.732943e-001  7.231834e-001 -1.272922e-001  2.694658e-001  5.190960e-001  6.393571e-001 -7.536513e-001  5.265907e-001  2.272634e-001 -3.064475e-001
-6.522585e+000 -9.457911e+000  1.194267e+001 -4.493628e+000 -2.183418e+001 -1.632017e+001 -7.587242e+000 -6.817525e+000 -2.209280e+001  3.003432e+000 -7.374124e+000 -5.624712e+000  6.332401e+001  1.825498e+000 -1.751229e+000 -1.559125e+000 -1.495500e-001 -9.004499e-001 -2.183864e+000 -5.454916e-001  2.630905e+000 -3.171546e+000  1.417285e+000  5.706387e-001 -9.707993e-001 -4.556316e-001 -3.405451e-002  4.451568e-001 -1.306148e+000  3.758826e-001  1.089513e+000 -2.830592e-001  2.851669e-001  1.452385e-001  8.476903e-001 -1.186035e+000 -1.629667e-001  4.197032e-001 -9.217910e-002
-4.599175e+000 -9.503952e+000  6.356416e+000 -4.973948e+000 -2.079552e+001 -2.370549e+001 -5.876627e+000 -4.542060e+000 -2.717095e+001  1.035736e+000 -7.074890e+000 -7.359208e+000  6.192767e+001  1.713732e+000 -1.265094e+000 -2.130381e+000  5.256464e-001  1.052628e+000 -2.295797e+000  1.656834e-001  2.979136e+000 -1.058783e+000  7.553440e-001  1.954304e-001  7.255250e-001 -2.973385e-001 -6.190065e-002  2.943236e-001 -7.622159e-001  3.819610e-001  1.098127e+000  2.308985e-001 -3.319382e-002  8.139491e-002  1.183394e+000 -6.604424e-001 -6.221216e-001  6.824611e-001  9.097587e-002
-3.764835e+000 -1.162864e+001  3.142582e+000 -6.226084e+000 -2.149780e+001 -2.494643e+001 -8.359559e+000 -4.005469e+000 -2.944450e+001 -9.605724e-002 -8.944360e+000 -8.394540e+000  6.173356e+001  1.580794e+000 -1.247122e+000 -2.975541e+000  3.254520e-001  1.934876e+000 -2.323738e+000 -6.714326e-001  2.851439e+000 -8.291271e-001  6.404024e-002 -9.736155e-001  4.056113e-001 -2.393742e-001 -7.146533e-002  2.497627e-001 -3.671793e-001  3.493631e-001  8.909956e-001  6.594961e-001 -4.920772e-001  1.146003e-001  1.357081e+000 -3.529579e-001 -8.008607e-001  4.757515e-001  1.386593e-001
-2.239289e+000 -1.316206e+001  2.722237e+000 -4.541285e+000 -1.621287e+001 -2.679483e+001 -8.600526e+000  8.628582e-001 -2.523192e+001  1.181232e+000 -1.019042e+001 -3.780847e+000  6.233693e+001  1.749667e+000 -9.945386e-001 -2.747888e+000  1.208974e+000  2.511559e+000 -4.562092e-002 -1.686460e+000  3.269707e+000  1.434398e+000  7.207825e-001 -1.670850e+000  1.174202e+000 -6.562424e-003 -1.481824e-001  1.521204e-001 -2.715719e-001  1.713889e-001  3.752226e-001  5.369322e-001 -6.822832e-001  4.170787e-002  8.399834e-001 -6.073228e-001 -7.252829e-001  8.217940e-002  1.238391e-001
 2.014418e-001 -1.386446e+001 -1.117943e+000 -3.082699e+000 -1.445112e+001 -2.639419e+001 -9.582456e+000  4.737211e+000 -2.720795e+001  3.250885e+000 -1.068443e+001 -5.385836e+000  6.192250e+001  1.450204e+000 -6.376932e-001 -3.086268e+000  1.255602e+000  2.825063e+000 -1.147194e-002 -2.079806e+000  3.058621e+000  2.367267e+000 -3.302235e-001 -2.500525e+000  1.183619e+000  9.227677e-002 -2.718719e-001  9.544776e-002  6.967594e-002 -8.657801e-003  1.073315e-001  1.667806e-001 -2.065601e-001 -1.590793e-002  5.050095e-001 -8.817187e-001 -3.305651e-001  8.286850e-002  1.348806e-001
 2.166021e+000 -1.335873e+001 -5.252763e+000 -5.007716e-001 -1.176106e+001 -2.320972e+001 -1.369748e+001  7.435133e+000 -2.111724e+001  2.966177e+000 -1.455910e+001 -2.992550e+000  6.180038e+001  1.038115e+000 -8.092061e-001 -3.432878e+000  9.175161e-001  2.483647e+000 -7.672693e-001 -2.541546e+000  3.084085e+000  1.542937e+000 -2.084138e+000 -2.667530e+000  7.474179e-001  1.560314e-001 -3.677040e-001  4.406471e-002  3.619213e-001 -1.820799e-001 -2.889994e-001 -1.842005e-001  6.366034e-001 -2.339720e-001 -9.394809e-002 -9.898983e-001  2.998586e-001 -2.350809e-001  1.122747e-001
 1.283528e+000 -1.471877e+001 -8.301256e+000 -1.968332e+000 -9.598387e+000 -2.679634e+001 -1.621011e+001  8.001500e+000 -1.966551e+001 -2.639647e+000 -1.926264e+001 -2.870591e+000  6.246322e+001  5.772104e-001 -8.625490e-001 -2.284667e+000  4.278918e-001  2.485489e+000 -1.129011e+000 -1.276690e+000  2.864710e+000  1.641651e+000 -2.942093e+000 -2.128101e+000  1.033346e+000  3.537319e-001 -2.896461e-001  3.085766e-002  7.130306e-001 -8.010155e-002 -8.108336e-001  3.481967e-001  1.202041e+000 -3.211611e-001 -3.326604e-001 -3.705169e-001  8.714199e-001 -5.356784e-001  9.955894e-002
 2.410243e+000 -1.678094e+001 -1.085049e+001 -5.108879e-001 -6.221002e+000 -3.043010e+001 -1.799443e+001  1.465114e+001 -2.128846e+001 -6.294193e+000 -1.923897e+001 -1.301380e+000  6.284673e+001  3.476434e-001 -6.617872e-001 -1.339082e+000  7.124291e-001  1.236349e+000 -4.078541e-001  1.094999e+000  2.196802e+000  1.327466e+000 -2.922774e+000 -3.577684e-001  7.393422e-002  4.240833e-001 -2.729729e-001  1.947061e-001  8.464180e-001 -3.311691e-002 -1.119879e+000  1.135376e+000  1.310381e+000 -3.924525e-001 -2.387713e-001  3.477701e-001  1.024051e+000 -8.063997e-001  1.166463e-001
 2.965383e+000 -1.646610e+001 -9.742413e+000 -9.381821e-001 -4.793709e+000 -2.842905e+001 -1.381743e+001  1.545276e+001 -1.891409e+001 -6.829395e+000 -1.898501e+001 -1.064692e+000  6.316799e+001  3.472089e-001 -5.571144e-001 -5.680121e-001  9.576374e-001 -6.054558e-001  1.549804e+000  2.112126e+000  1.896457e+000  8.117005e-001 -1.763490e+000  7.016941e-001 -1.158031e+000  4.560455e-001 -3.140437e-001  2.237676e-001  5.625879e-001 -9.606734e-002 -1.200755e+000  1.548611e+000  6.161803e-001 -4.534090e-001 -3.183940e-001  6.396435e-001  6.875495e-001 -7.954949e-001  1.463415e-001
 3.063311e+000 -1.579400e+001 -1.122760e+001  2.546299e+000 -7.981656e+000 -2.443264e+001 -9.418822e+000  1.469351e+001 -1.485562e+001 -9.552820e+000 -1.648676e+001 -3.525829e+000  6.356841e+001 -2.117489e-001  1.160717e-002 -5.911531e-002  4.870587e-001 -1.570276e+000  3.570205e+000  2.315953e+000  1.605949e+000  7.640556e-001 -9.345890e-001  1.037830e+000 -2.188892e+000  6.881062e-001 -3.850554e-001  1.301713e-001  4.251400e-001 -4.363399e-001 -6.868399e-001  1.269272e+000 -2.579191e-001 -5.159509e-001 -2.011988e-001  5.390504e-001  1.758098e-001 -3.729306e-001  1.724985e-001
 2.693038e+000 -1.799781e+001 -1.095277e+001  1.291261e+000 -1.174534e+001 -2.204606e+001 -9.937285e+000  1.746260e+001 -1.882343e+001 -9.827784e+000 -1.713028e+001 -7.548520e+000  6.438261e+001 -7.133120e-001 -8.040838e-002 -1.117110e-001  6.024032e-002 -2.114973e+000  4.625014e+000  1.193734e+000  8.930920e-001  3.313861e-001 -7.379678e-001  6.118476e-001 -1.812715e+000  9.534279e-001 -3.787782e-001  8.494768e-002  3.258308e-001 -5.644369e-001 -3.052506e-002  3.524201e-001 -5.638415e-001 -6.981179e-001 -4.309190e-003  2.916735e-001 -8.710314e-002  8.587164e-002  1.220516e-001
 1.487671e+000 -1.595705e+001 -1.054089e+001  8.096839e-001 -1.059657e+001 -1.577057e+001 -8.354733e+000  2.167596e+001 -1.751351e+001 -9.467943e+000 -1.497718e+001 -9.003927e+000  6.567995e+001 -1.047373e+000 -2.492838e-001  5.584669e-001 -1.020572e+000 -1.443092e+000  4.400901e+000  2.645995e-001  1.187300e-001  5.616292e-001 -7.402834e-001  5.662041e-001 -1.463377e+000  1.037884e+000 -1.968069e-001 -9.736595e-003  1.753708e-001 -4.668876e-001  1.152399e-001 -7.586438e-001 -7.172838e-001 -7.489777e-001 -9.673504e-002  1.119295e-001 -3.673340e-001  3.057615e-001 -5.318795e-002
 1.866425e-001 -1.678662e+001 -1.064432e+001  2.313269e-001 -1.406112e+001 -9.635007e+000 -8.380806e+000  1.642700e+001 -1.592821e+001 -1.056167e+001 -1.668056e+001 -7.389219e+000  6.687936e+001 -1.128870e+000 -1.930523e-003  7.523507e-001 -1.110732e+000 -8.216729e-001  2.896556e+000  3.185951e-001 -8.505230e-001  8.913678e-001 -4.022753e-001  5.019913e-001 -1.091430e+000  8.914146e-001  6.184650e-003  1.724624e-001  7.294018e-002 -1.179585e-001  9.922608e-002 -1.379511e+000 -4.610060e-001 -2.627919e-001 -1.185264e-001  2.329247e-001 -3.550909e-001  3.586620e-001 -2.106759e-001
-9.203556e-001 -1.764602e+001 -8.589485e+000 -2.026593e+000 -1.403923e+001 -8.633657e+000 -8.874064e+000  1.580496e+001 -1.349508e+001 -1.288729e+001 -1.388060e+001 -1.092236e+001  6.750946e+001 -9.880043e-001 -7.631473e-002  3.857077e-001 -1.261893e+000 -1.640727e+000  6.412150e-001 -8.328962e-001 -1.267132e+000  3.895760e-004 -5.427877e-001 -7.439119e-001 -1.020727e+000  4.531731e-001  1.257876e-001  3.732536e-001 -1.344949e-001  3.203489e-001 -5.114044e-002 -1.335316e+000 -9.470114e-002  6.941854e-003 -1.070055e-001  4.356083e-001 -3.326672e-001  5.188941e-001 -2.691401e-001
-1.747301e+000 -1.716298e+001 -8.166717e+000 -2.844258e+000 -1.413237e+001 -1.113173e+001 -8.084644e+000  1.614548e+001 -1.637580e+001 -1.012949e+001 -1.516861e+001 -1.204645e+001  6.792493e+001 -7.120731e-001  6.954193e-001  3.393695e-001 -4.088914e-001 -1.520026e+000 -3.926959e-001 -5.625482e-001  2.720636e-001  1.937399e-002  3.279080e-001 -5.085492e-001 -2.407299e-001  1.924042e-001  1.246542e-001  4.482855e-001 -3.372557e-002  4.311790e-001 -1.612525e-001 -6.975603e-001  9.370342e-002 -3.591454e-002  4.387027e-002  3.874938e-001 -1.465949e-001  5.670580e-001 -2.674265e-001
-2.485379e+000 -1.615044e+001 -9.851157e+000 -3.961990e+000 -1.876457e+001 -1.181613e+001 -1.266730e+001  1.548106e+001 -1.728776e+001 -1.239797e+001 -1.945272e+001 -1.177895e+001  6.742303e+001 -6.268335e-001  1.268309e+000  9.248285e-002  2.302530e-001 -1.349618e+000 -6.310536e-001  2.316654e-001 -4.078541e-001  4.625988e-001  1.072667e+000 -5.918615e-001  7.057434e-001  4.168930e-002  1.078299e-001  3.539351e-001  1.298008e-001  3.988152e-001  6.844056e-003 -2.179962e-001  3.193825e-001 -5.566066e-001  1.968834e-001  2.275197e-001  7.937718e-002  4.830194e-001 -2.610485e-001
-2.591211e+000 -1.405731e+001 -8.316635e+000 -8.454316e-001 -1.929857e+001 -1.000725e+001 -9.296931e+000  1.794927e+001 -1.393500e+001 -9.166791e+000 -1.643725e+001 -8.164577e+000  6.788459e+001 -6.861846e-001  1.567185e+000  7.303352e-001  2.990901e-001 -1.773490e+000  4.488916e-002  2.548314e-001 -1.459735e+000  8.796145e-001  7.274668e-001 -3.070084e-001  8.806244e-001 -2.399757e-001  1.075144e-001  4.887105e-002  2.899947e-001  1.461277e-001  1.255101e-001 -7.903155e-002 -2.019846e-002 -1.260973e+000  9.818370e-002 -2.198264e-001  5.711350e-003  2.692422e-001 -3.092428e-001
-3.632568e+000 -1.285731e+001 -8.052112e+000 -1.874741e+000 -1.820422e+001 -1.235117e+001 -7.109594e+000  1.286380e+001 -1.240249e+001 -8.005307e+000 -1.620559e+001 -9.334584e+000  6.773808e+001 -4.617991e-001  1.257478e+000  8.392287e-001  3.781920e-001 -1.479774e+000 -6.675586e-001  3.553264e-001 -3.184266e+000  5.546861e-001  3.950315e-001 -4.477964e-001  8.336927e-001 -6.358795e-001  1.553088e-002  8.983051e-002  4.314090e-001  3.796702e-002  5.007208e-001 -2.107771e-001 -2.796931e-002 -1.317242e+000  6.090102e-002 -5.143639e-001  1.039087e-001  1.122940e-001 -3.257266e-001
-4.604630e+000 -1.097363e+001 -5.414563e+000 -2.392432e+000 -2.328000e+001 -1.063977e+001 -9.589338e+000  1.015544e+001 -1.442037e+001 -8.688485e+000 -1.832722e+001 -8.865514e+000  6.656753e+001 -2.570182e-001  9.451903e-001  1.415970e+000  2.477777e-001 -8.273972e-001 -7.696012e-001 -7.253709e-001 -4.644596e+000  4.642488e-001 -4.324067e-001 -5.520250e-001  1.041506e+000 -1.015025e+000 -3.816369e-001  6.397113e-001  4.424808e-001 -2.122731e-002  1.273717e+000 -3.831514e-001  5.858320e-001 -6.939921e-001  8.952638e-002 -5.812015e-001  4.269587e-001 -5.289059e-002 -2.805387e-001
-3.787666e+000 -1.140490e+001 -7.106050e+000 -1.297530e+000 -2.417273e+001 -1.483766e+001 -1.074446e+001  3.456645e+000 -1.427165e+001 -1.066197e+001 -2.074671e+001 -7.260015e+000  6.490217e+001 -7.637623e-001  2.028459e+000  1.906711e+000  4.457443e-001  6.809397e-001 -1.277694e+000  5.819200e-001 -5.401634e+000  9.747868e-001 -9.192165e-001  5.019016e-002  1.186773e+000 -1.199419e+000 -9.827993e-001  1.199633e+000  4.813273e-001  2.059749e-001  1.865393e+000 -2.725107e-002  8.356858e-001  1.676341e-001 -2.907200e-002 -8.932432e-002  1.246042e+000 -9.436239e-002 -1.596775e-001
-3.798753e+000 -1.005756e+001 -1.709816e+000  1.048515e-001 -2.045130e+001 -1.261201e+001 -1.110635e+001 -5.701331e-001 -1.067918e+001 -1.000049e+001 -1.692681e+001 -3.994330e+000  6.422742e+001 -2.443387e+000  4.380251e+000  2.408998e+000  1.591775e-001  3.514740e+000 -1.565800e+000  3.070695e+000 -3.821011e+000  1.117196e+000 -1.521417e+000  1.578792e+000  4.396315e-001 -1.360900e+000 -1.373062e+000  8.518119e-001  1.099448e-002  6.638030e-001  1.996505e+000  6.102165e-001  7.281209e-001  9.149008e-001 -1.319897e-001  5.622376e-001  1.710298e+000 -1.385724e-001 -5.335665e-002
-7.854318e+000 -3.173043e+000 -3.709323e-001 -8.946612e-001 -1.621387e+001 -1.775352e+001 -3.441487e+000 -8.781582e+000 -9.399152e+000 -1.194539e+001 -1.665484e+001 -5.836313e+000  6.291104e+001 -4.282611e+000  5.538114e+000  2.749351e+000  1.452367e+000  5.676124e+000 -4.057145e-001  2.635723e+000 -2.757888e+000  8.285246e-002  4.929150e-001  4.717003e+000  6.628181e-001 -1.261330e+000 -1.145905e+000 -5.767924e-001 -7.859416e-001  7.879172e-001  1.171317e+000  1.377477e+000 -3.290976e-001  1.407148e+000  1.498581e-001  1.393931e+000  1.440332e+000  2.298917e-001 -2.331494e-002
