33 39
-5.754485e+000  7.760247e-001  1.076531e+001 -1.218436e+000  6.630344e+000 -1.348469e-001 -7.634290e+000  4.508574e-001  5.084736e+000 -5.961787e+000  3.899612e+000  2.785008e+000  5.549967e+001 -8.571078e+000  1.566764e+000  8.186017e-001 -3.722594e+000  5.383261e+000 -1.943075e+000  4.521818e+000  2.942123e+000  2.066223e+000 -2.537027e+000  3.470558e+000 -1.438195e+000 -4.390160e-001 -6.176116e-001 -8.735226e-001 -1.518960e+000 -4.596549e-001 -1.199221e+000 -5.864127e-001 -3.638747e-001  4.982089e-001 -1.371491e+000  1.533580e+000 -8.245584e-001 -6.211005e-001  7.533816e-001
-1.471144e+001 -2.858664e+000  4.636556e+000 -2.677290e+000  1.183047e+001 -4.579712e+000 -1.424201e+000  1.007662e+001  9.302624e+000 -2.288227e+000  3.249410e+000  2.798952e-002  5.677715e+001 -7.667269e+000  4.809624e-001 -1.071828e+000 -3.662331e+000  3.131353e+000 -2.940455e+000  4.202589e+000  1.850834e+000  1.038577e-001 -9.451669e-002  5.837865e-001 -1.658026e+000  4.448589e-001  9.947797e-001 -4.819410e-001 -1.147423e+000  1.182232e-001 -1.969049e+000  1.867119e-002 -1.065028e+000 -6.999180e-001 -1.537001e+000  1.524678e+000 -1.636219e+000 -8.498856e-002  3.499348e-001
-2.196814e+001 -2.165075e+000  3.095146e+000 -7.340253e+000  8.885414e+000 -9.210657e+000 -7.105298e+000  1.098305e+001  4.854372e+000  1.097551e+000 -3.320040e-001 -1.200740e+000  5.724660e+001 -5.233830e+000  7.649129e-002 -2.519648e+000 -2.721385e+000  1.320479e-001 -2.220606e+000  1.889458e+000  9.757850e-001 -1.904324e+000  2.229980e+000 -2.607609e+000 -1.511201e+000  2.487534e-001  1.834836e+000 -1.993988e-002 -6.258783e-001  6.968210e-001 -1.473800e+000  3.977685e-001 -1.033445e+000 -1.314046e+000 -1.104777e+000  6.308932e-001 -6.802477e-001  4.697164e-001 -1.095554e-001
-2.320886e+001 -7.434163e-001  2.760640e+000 -1.036875e+001  9.525021e+000 -8.764383e+000 -8.015749e-001  6.074853e+000  7.954130e-001  1.534134e+000 -4.638710e+000 -1.381941e+000  5.767837e+001 -2.929853e+000  1.235728e+000 -1.810486e+000 -2.383956e+000 -9.005965e-001 -5.165828e-001  1.661152e+000 -1.436287e+000 -2.419825e+000  1.264939e+000 -1.671168e+000 -7.904016e-001 -2.631195e-001  1.503947e+000  1.284946e-001 -4.209014e-002  8.179414e-001 -6.201917e-001  4.423198e-001 -1.034000e+000 -1.062069e+000 -2.898201e-001 -1.726359e-001  7.194548e-001  7.608843e-001 -3.035086e-001
-2.767492e+001  1.008571e-001 -8.949773e-001 -1.097963e+001  8.443311e+000 -9.145539e+000  1.501689e+000  7.330666e+000 -1.832792e-001  3.276932e+000 -5.194371e+000 -4.066033e+000  5.629283e+001 -1.765604e+000  1.089681e+000 -1.941461e+000 -8.776768e-001  3.023405e-002 -1.166169e+000  6.253121e-001 -1.984544e+000 -2.195818e+000 -6.228941e-002  1.196796e+000  4.765744e-001 -6.328037e-001  9.460194e-001  4.191371e-002  4.409121e-001  7.220834e-001  1.622856e-001  5.747177e-002 -4.967929e-001 -3.751911e-001  5.972490e-001 -8.804511e-001  1.035678e+000  8.490898e-001 -1.684982e-001
-2.650731e+001  2.187009e+000 -2.420811e+000 -1.277738e+001  7.548543e+000 -7.195186e+000  2.578068e+000  4.721376e+000 -2.776761e-001  2.946778e+000 -2.675245e+000 -2.491372e+000  5.593843e+001 -1.881648e+000  6.168405e-001 -1.571372e+000 -4.944779e-001  8.130150e-002 -1.256074e+000 -3.353372e-001 -1.979348e+000 -1.199496e+000  1.884384e-001  2.278858e+000  1.152508e+000 -6.319054e-001  5.426676e-001 -2.368459e-001  4.681843e-001  5.309044e-001  2.699824e-001 -3.376893e-002 -2.049989e-001  5.037851e-001  1.148890e+000 -5.430982e-001  1.049167e-001  5.665543e-001  2.838562e-002
-2.914693e+001  1.818120e+000 -4.021435e+000 -1.052432e+001  1.002482e+001 -1.582610e+001 -5.668559e+000  1.737065e+000 -5.588176e+000  7.978152e-002  4.670245e+000  1.736847e+000  5.495255e+001 -1.027835e+000  5.955035e-001 -4.346445e-001 -5.570717e-002  4.525270e-001 -1.563501e+000  4.037387e-001 -6.286402e-001  4.717560e-001 -1.634025e+000  5.957693e-001  1.762793e+000 -4.093449e-001  6.113446e-001 -2.815985e-001  4.678287e-001 -6.632465e-003 -9.217806e-002  4.639228e-001  3.912430e-001  8.277786e-001  1.035874e+000 -1.440410e-001 -9.636109e-001 -2.309725e-001  1.711035e-001
-3.188110e+001  1.482155e+000 -3.532993e+000 -1.306879e+001  9.140772e+000 -1.170447e+001  1.106863e+000 -1.025084e+000 -2.499616e+000  4.074901e+000  1.823272e+000  1.479158e+000  5.518898e+001 -5.853996e-001  2.985875e-001 -2.229723e-001 -1.404195e-001  2.381691e-001 -4.867615e-001  7.469444e-001  4.046866e-001  1.990840e+000 -6.646839e-001 -8.460708e-001  1.399261e+000 -2.329208e-001  9.410698e-001 -4.068353e-001  2.364100e-001 -3.984210e-002 -4.487441e-001  3.154982e-001  3.028335e-001  6.926963e-001  2.836108e-001 -1.258202e-002 -9.774970e-001 -9.925340e-001  1.842762e-001
-3.012720e+001  3.430802e+000 -2.512109e+000 -1.111246e+001  9.909831e+000 -1.470840e+001  4.255985e+000  7.060695e+000  3.286471e+000 -5.457256e+000 -4.464783e+000  2.762668e+000  5.462083e+001  6.429949e-001 -1.591845e-001 -2.765178e-001 -1.087868e+000 -5.090901e-001  7.687886e-001  2.040386e+000  9.623318e-001  1.388385e+000 -3.559331e-001 -2.058794e+000 -8.016647e-001  2.322159e-002  1.029665e+000 -8.438737e-001 -1.806450e-002  7.580202e-002 -6.820983e-001 -8.740154e-002 -4.040431e-001  5.958504e-002 -3.693963e-001  7.576988e-001 -2.637640e-001 -1.049425e+000  1.162995e-002
-2.894417e+001  2.873605e+000 -4.290336e+000 -1.318541e+001  8.796885e+000 -1.018784e+001  1.350518e+000  4.082994e+000  5.239202e+000  2.391876e+000 -2.338085e+000  3.992021e+000  5.493969e+001  1.988286e+000 -1.039992e+000 -4.683856e-001 -1.776078e-001 -1.681610e+000 -8.447282e-001  3.605066e-001  6.886479e-001 -2.397561e-001 -5.135179e-001 -1.281346e+000 -2.527933e+000  7.319260e-002  1.203176e+000 -8.012296e-001  1.262888e-001  4.944388e-001 -5.965810e-001 -3.733097e-001 -4.651609e-001  4.394261e-001 -4.117353e-001  8.251037e-001  2.782644e-001 -2.956640e-001 -3.609540e-001
-2.740042e+001  3.264722e-001 -5.025353e+000 -1.590535e+001  7.651317e+000 -1.274047e+001  4.411545e+000  3.994685e+000 -2.515660e+000 -8.583716e-001 -3.543048e+000 -3.527908e+000  5.519330e+001  2.833644e+000 -2.954576e+000 -4.022603e-001  3.418971e-001 -1.998075e+000 -1.821525e+000 -1.423258e+000 -4.726956e-001 -2.599274e-001  2.078886e+000 -5.054132e-001 -1.520737e+000 -5.042518e-001  1.479640e+000 -2.055266e-001  8.329118e-001  9.137637e-001 -6.104160e-001  4.219003e-002 -9.912102e-001  6.505721e-001 -1.954677e-001  7.736870e-001  6.831153e-001  4.812168e-001 -2.809213e-001
-2.330306e+001 -2.165639e+000 -4.618299e+000 -1.156039e+001  1.861978e+000 -1.691208e+001  2.831616e+000  3.951160e+000 -7.973313e-001 -7.921304e-001 -5.044323e+000 -8.015222e+000  5.526871e+001  4.335154e+000 -2.309865e+000  4.713432e-001  1.616892e+000 -2.000243e+000 -1.058153e+000  1.529622e-001  3.319331e+000  7.563200e-001  2.243425e+000 -2.314393e-001  2.804768e-001 -1.773954e+000  1.266450e+000  2.744458e-001  1.572894e+000  5.542693e-001 -4.492568e-001  8.343695e-001 -1.083767e+000  5.742511e-001 -4.858241e-001  2.304625e-001  7.888921e-001  4.935524e-001  5.263493e-001
-1.877954e+001 -8.822453e+000 -4.359428e+000 -1.021549e+001  3.386909e+000 -2.045391e+001 -3.600854e+000  4.763134e+000  5.005101e+000  6.529176e+000 -5.638730e+000  1.162604e+000  5.193506e+001  6.867763e+000 -5.518808e-001  3.418177e+000  2.583700e+000 -3.401854e+000  1.086451e+000 -2.811893e+000  2.899851e+000 -8.699174e-002  2.134030e+000  8.318292e-001  2.002140e-001 -4.578114e-001  5.061945e-001  6.101479e-001  1.732653e+000  2.086210e-001 -3.662062e-001  8.265085e-001 -9.726977e-001 -1.355491e-002 -1.339591e+000 -9.841902e-001  8.218517e-001 -3.999343e-001  1.460202e+000
-1.157884e+001 -4.101256e+000 -2.266582e+000 -7.945882e+000  9.278720e-001 -1.162189e+001  6.121529e+000  2.029542e+001  5.260422e+000  9.915228e+000 -2.447441e+000  3.049149e+000  4.769904e+001  6.303478e+000 -8.691099e-001  5.485868e+000  1.472837e+000 -3.226005e+000  1.873131e+000 -4.364009e+000  1.873630e+000 -2.755345e+000  6.112221e-001  1.994494e+000 -9.206470e-001  2.681719e+000 -7.943318e-001  2.350312e-001  9.767876e-001 -1.218324e-001  5.854502e-002 -1.778837e-001 -9.688446e-001 -1.298197e+000 -1.662352e+000 -1.423979e+000  7.164502e-001 -9.273998e-001  1.667058e+000
 1.076286e+000 -1.465123e+000  1.088967e+001 -4.794105e+000 -8.890898e+000 -9.953310e+000 -1.129288e+001  1.032181e+001 -5.979496e+000  4.458101e+000 -6.823438e-001 -8.059023e+000  5.668908e+001  4.380455e+000 -6.242135e-001  5.753740e+000  1.457029e+000 -3.216225e+000  8.453749e-001 -4.028261e+000  1.823801e-001 -5.202048e+000 -2.025964e+000  2.490879e+000 -2.919847e+000  4.568921e+000 -1.829312e+000  8.257974e-002 -5.193755e-001  2.514018e-002  9.261332e-001 -1.086341e+000  7.103828e-001 -1.061044e+000 -8.088484e-001 -1.049463e+000  2.383346e-001 -3.573414e-001  1.287761e-001
-1.713580e+000 -1.018985e+001  1.518649e+001 -6.906894e+000 -8.129144e+000 -1.279672e+001 -1.514242e+001  1.053997e+001 -9.081757e+000  3.299518e+000  2.449952e+000 -8.007643e+000  6.630029e+001  1.607149e+000 -1.098543e+000  4.187500e+000  1.571065e+000 -1.800332e+000 -1.827033e+000 -4.083076e+000 -1.812920e+000 -4.997910e+000 -2.796474e+000  2.521287e+000 -2.796492e+000  4.047972e+000 -1.571589e+000  1.001019e+000 -1.470820e+000  6.723078e-001  1.276076e+000 -9.691222e-001  1.767234e+000 -8.346502e-001  2.465365e-001 -1.152187e-001 -2.629228e-001  4.537624e-001 -2.059710e+000
-1.809895e+000 -8.899222e+000  1.568274e+001 -3.449834e+000 -8.165709e+000 -1.563962e+001 -1.311019e+001  1.055276e+001 -1.383405e+001 -2.927886e-001  4.366969e+000 -7.908232e+000  6.547904e+001  6.936947e-002 -2.426567e-002  1.470483e+000  2.660287e+000  5.159758e-001 -2.495171e+000  5.995550e-001 -5.620940e-001 -3.009951e+000 -1.409439e+000  1.760105e+000 -6.485707e-001 -4.970577e-001 -1.070704e+000  1.728994e+000 -1.629627e+000  5.743861e-001  1.169828e+000  5.017990e-002  1.838366e+000 -5.485592e-001  1.177116e+000  8.423187e-001 -6.171052e-001  1.359541e+000 -3.269095e+000
-2.100005e+000 -5.876921e+000  1.627438e+001 -7.626907e-001 -8.436384e+000 -1.791390e+001 -1.338520e+001  1.111535e+001 -1.580185e+001 -1.691695e+000  7.634336e+000 -1.100871e+001  6.354392e+001  6.010775e-001  3.836012e+000  2.733980e-001  4.232747e+000  1.288276e+000 -1.302207e+000  2.158251e+000 -1.927384e+000 -2.618711e+000 -2.731338e-001  1.045266e+000  2.125271e-001 -5.083842e+000 -9.227720e-001  1.558790e+000 -1.525832e+000  5.405412e-002  6.420447e-001  1.267011e+000  1.001122e+000 -1.932470e-001  1.818061e+000  1.065622e+000 -7.567533e-001  1.873110e+000 -2.861119e+000
 1.616346e+000 -3.742918e+000  1.769814e+001  5.435228e+000 -6.157398e+000 -1.987057e+001 -9.173710e+000  7.223649e+000 -1.766920e+001 -9.348606e-002  5.525991e+000 -9.801344e+000  5.558198e+001 -4.700292e-001  5.553480e+000 -4.373446e-001  2.998119e+000  1.088612e+000  8.338614e-001  2.042907e+000 -2.503184e+000 -5.060655e-001  9.239599e-001  1.433634e-001  2.373351e+000 -7.210647e+000 -1.323096e+000  1.351100e-001 -1.505098e+000 -1.107086e+000  5.556713e-002  1.462422e+000 -1.978490e-001  2.030192e-001  2.113145e+000  7.377403e-001 -5.113993e-001  1.303675e+000 -7.969730e-001
-4.213129e-001  6.412053e+000  1.554578e+001  9.814310e+000 -2.691919e+000 -1.719228e+001 -6.319401e+000  2.567610e+000 -2.025773e+001  1.834198e+000  7.096772e+000 -5.998451e+000  4.582962e+001 -2.737012e+000  3.906533e+000 -2.487748e+000  1.672420e+000  1.123573e+000  2.843504e+000  2.008559e-001 -1.808610e+000  2.840450e+000  1.364939e+000 -4.541086e-001  5.058095e+000 -6.900828e+000 -1.577709e+000 -2.005391e+000 -1.241597e+000 -1.667002e+000 -1.483191e-002  3.441339e-001 -1.944315e-001  1.010151e+000  2.231429e+000  2.266596e-002 -5.119224e-001  4.298234e-001  1.569188e+000
-4.999387e+000  1.272369e+001  1.386032e+001  6.252258e+000 -5.594880e+000 -1.183112e+001 -6.428550e+000  2.310709e+000 -1.413644e+001  2.564064e+000  5.352569e+000  1.453393e+000  3.828296e+001 -4.877068e+000  6.160238e-001 -4.674436e+000 -1.594980e+000  8.761629e-001  2.744083e+000  5.890076e-001  3.936151e-001  4.826192e+000  1.460226e+000 -4.720383e-002  3.447021e+000 -3.573430e+000 -1.139710e+000 -2.850920e+000 -6.585804e-001 -1.258720e+000  3.792123e-001 -1.136136e+000  2.974869e-001  1.143812e+000  1.113484e+000 -7.627321e-001 -7.183731e-001 -1.012491e+000  3.049616e+000
-1.247720e+001  5.422439e+000  5.754553e+000  7.190895e+000 -3.099777e+000 -7.716108e+000 -1.375350e+001  4.528768e+000 -3.365983e+000  3.804224e+000  5.450505e+000  8.654399e+000  3.768929e+001 -5.083950e+000 -3.722217e+000 -3.816039e+000 -1.805714e+000  1.320341e+000 -5.366489e-001  1.913043e+000  1.674972e+000  5.872307e+000 -4.279372e-001 -1.419062e+000  1.824809e+000  9.434875e-001 -3.398493e-001 -1.991490e+000  3.260709e-001 -7.113899e-001  2.446638e-001 -2.058511e+000  7.559347e-001  4.534769e-001 -4.534454e-001 -1.030008e+000 -7.023133e-001 -1.839401e+000  3.089486e+000
-1.674105e+001 -1.679919e-001 -7.784250e-001 -1.227963e+000 -1.572655e+000 -1.088825e+001 -2.511623e+000  8.211145e+000 -1.984119e+000  6.222633e+000  6.113106e+000  1.073385e-001  4.178500e+001 -4.995111e+000 -4.886747e+000 -3.066101e+000 -1.556416e+000  2.886290e+000 -3.156743e+000  2.674248e+000  1.474087e+000  3.545428e+000 -1.993263e+000 -2.966026e+000 -1.072460e+000  4.115274e+000  4.110891e-001 -3.155878e-001  1.004257e+000  8.018160e-002 -8.080041e-002 -1.501997e+000  1.315786e-001 -3.553865e-001 -1.452115e+000 -8.256091e-001 -3.247572e-001 -9.470174e-001  1.821001e+000
-1.997023e+001 -5.753190e+000  3.784952e+000  4.525853e+000  1.898673e+000 -2.034697e+001  1.287352e+000  7.992249e+000  3.027646e+000 -2.134773e+000 -3.788060e-001  3.798620e+000  4.879604e+001 -4.377237e+000 -3.299532e+000 -1.661561e+000 -1.903811e+000  1.341829e+000 -4.498640e+000  2.937909e+000 -8.146124e-002  1.213605e+000 -2.058356e+000 -2.506264e+000 -1.879170e+000  4.702250e+000  7.697492e-001  1.177768e+000  7.360783e-001  1.675618e-003 -3.671208e-001  2.717252e-001 -3.433329e-001 -6.728008e-001 -1.850443e+000 -4.828500e-002  8.041433e-001 -1.431021e-001  1.195959e-001
-2.622843e+001 -6.122231e+000 -4.853869e-001 -1.973022e-001  6.337345e+000 -2.129941e+001 -5.777370e-001  7.949403e+000  3.938888e-001 -4.432752e+000 -6.562903e+000 -1.481019e+000  5.330595e+001 -3.174979e+000 -1.173257e+000 -7.303912e-001 -1.145023e+000  4.614171e-001 -2.784908e+000  7.344676e-001 -5.051008e-001 -1.050335e-001 -1.852610e+000 -1.127389e+000  5.639238e-001  3.652192e+000  1.083002e+000  1.566803e+000  5.172985e-001 -1.303196e-002 -5.304941e-001  1.503250e+000 -5.231628e-001 -5.880439e-001 -1.482202e+000  3.784677e-001  1.476905e+000  5.390450e-001 -9.823465e-001
-2.961970e+001 -8.098101e+000 -2.699771e+000 -2.843490e+000 -3.456340e-001 -2.500373e+001 -3.089553e-002  4.252333e+000  1.513041e+000 -1.159863e+000 -7.428111e-001  5.272835e-002  5.544006e+001 -2.145270e+000  3.098780e-001 -1.303503e+000 -2.003032e+000  6.971735e-001  6.360596e-001  1.166269e+000 -6.994387e-001 -1.554677e+000 -7.396888e-001  1.682336e+000  2.911064e-001  1.773008e+000  1.153796e+000  1.194962e+000  1.269670e-001  9.165956e-002 -1.859964e-002  1.602277e+000 -5.034856e-001 -1.935442e-001 -7.608598e-001  5.572562e-001  9.247730e-001  3.881974e-001 -1.187563e+000
-2.779122e+001 -4.861824e+000 -1.188020e+000 -3.268407e+000  1.856585e+000 -2.248441e+001  1.819839e+000  7.555599e+000 -1.751984e+000 -3.527871e+000  6.581646e-001  4.799903e+000  5.672395e+001 -6.960850e-001  1.142560e+000 -6.586382e-001 -1.571966e+000  5.561469e-001  1.792156e+000  9.442539e-001 -1.157144e+000 -2.481441e+000 -7.602577e-001  2.324201e+000  5.376264e-001  6.681625e-001  1.039488e+000  6.214534e-001 -2.203049e-001  1.798034e-001 -1.200559e-001  8.123351e-001 -5.157376e-002 -8.095062e-002  4.013198e-001  8.480945e-001  1.166413e-001 -4.081262e-002 -8.463855e-001
-2.991519e+001 -4.834003e+000 -2.381245e+000 -3.953756e+000  7.624921e+000 -1.657417e+001  5.919907e+000  4.691957e+000 -3.672800e+000 -6.285657e+000  4.422341e+000  2.113691e+000  5.595208e+001  1.522976e-001  1.517368e+000 -1.062603e+000 -1.232042e+000  1.201465e+000  1.224212e+000  3.155881e-001 -7.231606e-001 -1.402490e+000  1.817489e-001  3.918062e-001  7.496557e-002  2.564491e-001  1.027106e+000  2.969834e-001 -1.471169e-001  7.794372e-001 -6.145964e-001  1.634681e-001  1.345531e-002 -1.776837e-001  1.407521e+000  9.963272e-001 -6.817794e-001 -9.283499e-002 -4.249200e-001
-2.956111e+001 -2.041477e+000 -3.937841e+000 -7.501997e+000  5.132802e+000 -1.655341e+001  1.168131e+000  1.943871e+000 -9.420396e+000 -5.671143e+000  2.475525e+000  1.766313e-001  5.639075e+001  8.736769e-001  1.330264e+000 -1.952366e+000 -6.315013e-001 -3.910085e-001  9.826916e-001  9.019390e-001 -8.979930e-001  1.825472e+000  1.927144e+000  1.010830e-001  4.679312e-001  1.785435e-001  8.819902e-001  1.363889e-001  1.892317e-001  1.387412e+000 -8.253219e-001  5.008228e-001  3.794529e-001 -8.743615e-002  1.808120e+000  7.392484e-001 -4.735755e-001 -2.201476e-001 -5.478818e-001
-2.797326e+001 -1.921432e+000 -6.637874e+000 -6.886905e+000  4.023585e+000 -2.184816e+001  1.872899e+000  3.442394e+000 -1.665203e+000  8.205178e-001  3.075395e-001  2.739192e+000  5.688890e+001  2.205379e+000  1.700943e+000 -1.392223e+000  1.423922e+000 -1.902231e+000  1.858132e+000  1.254703e+000 -1.717433e+000  3.329473e+000  2.898247e+000 -6.150021e-001 -1.382210e-001 -1.067825e-001  8.818661e-001  7.414100e-002  8.260842e-001  1.477264e+000 -5.896298e-001  1.227076e+000  1.276778e-001 -1.202213e-002  8.901575e-001 -3.347688e-002  4.386795e-002 -2.090122e-001 -1.078186e+000
-2.439379e+001  3.332121e-001 -8.821535e+000 -4.959339e+000  1.702210e+000 -1.493395e+001  8.353038e+000  3.690416e+000  6.371578e+000  2.554761e+000  3.220981e+000  6.826808e+000  5.714825e+001  2.687325e+000  1.732718e+000  4.523308e-001  4.037111e+000 -2.018615e+000  3.979310e+000  2.371961e+000 -1.097189e+000  4.193175e+000  1.577735e+000  4.597278e-001 -4.565186e-001 -1.889631e+000  7.072061e-001 -4.769169e-002  1.174542e+000  6.094913e-001  1.597470e-001  1.015527e+000 -7.141966e-001  4.874373e-001 -6.195381e-001 -7.242677e-001  1.670189e-001 -3.315110e-001 -1.729020e+000
-2.147195e+001  2.483367e+000 -6.900515e+000  1.894524e+000 -1.709388e-001 -8.093237e+000  8.600966e+000 -4.768479e+000  5.078579e+000  4.092624e+000  9.746033e-001 -1.902503e+000  5.503942e+001  3.654804e+000  1.686847e+000  1.865470e+000  3.819973e+000 -9.328803e-001  5.861285e+000  2.189662e-001 -6.836734e-001  1.864446e+000  1.890688e-001  4.318236e-001 -5.078708e-001 -4.100394e+000  1.281316e-001 -3.744323e-001  7.750363e-001 -8.609814e-001  5.965525e-001  3.504038e-002 -1.174567e+000  1.046840e+000 -1.247537e+000 -8.677871e-001  1.246117e-002  9.222505e-003 -1.774368e+000
-1.937514e+001  4.419712e+000 -1.544866e+000  8.292845e+000 -2.863009e+000 -3.534322e+000  9.663902e+000  5.633649e-001  8.173589e+000  5.814806e-001  4.440632e+000  2.148861e-001  4.786734e+001  3.684995e+000  1.098854e+000  2.291496e+000  1.217930e+000 -7.694863e-002  4.058753e+000 -2.151175e+000  1.022314e+000 -5.397044e-001 -3.396055e-001  4.127650e-001 -1.004799e+000 -6.469751e+000 -4.523148e-001 -5.460014e-001  6.832266e-003 -1.699558e+000  6.153280e-001 -1.195812e+000 -1.282244e+000  5.864632e-001 -1.232474e+000 -2.730075e-001 -2.762089e-001  1.098418e-001 -8.119693e-001
