32 39
-6.173360e+000 -3.942441e+000  2.377503e+000  4.725065e-001  6.743865e+000  2.156690e+000 -4.393293e+000 -4.054257e+000 -5.211372e-001  3.941541e+000  4.059149e+000  2.115382e-002  5.739327e+001 -8.984543e+000 -8.438545e-001  2.504812e+000  1.533146e+000  3.583719e+000  1.136504e+000  2.794760e+000  1.835656e+000  2.563674e+000  1.482952e+000  1.396929e-001 -2.084326e+000 -5.211151e-001  3.043265e-001 -9.788690e-001 -6.039013e-001 -6.955775e-001 -1.942780e+000 -2.354679e-001  4.961337e-001 -1.008734e-001 -3.490102e-001 -5.142656e-001  1.165817e+000  2.650494e-001  3.582751e-001
-1.447701e+001 -1.145215e+001 -2.557395e+000  3.897784e+000  5.661976e+000  5.047548e+000  2.770603e+000  5.762205e+000 -1.592184e-001  4.551500e+000  4.055744e-001  3.953680e-001  5.843294e+001 -7.378819e+000 -2.292808e+000  5.453131e-001  8.459116e-001  5.667190e-002  6.736178e-001  1.406639e+000  1.246822e-001  1.408491e+000  2.216420e-001  6.477677e-001 -1.218062e+000  1.782715e-001  1.904747e+000 -1.101870e-001 -6.196772e-001 -9.156427e-001 -1.781682e+000 -8.389491e-001 -4.906362e-001 -6.762957e-001 -6.166894e-001 -6.325390e-001  1.058367e+000  7.035912e-001  9.664028e-002
-1.873700e+001 -1.532739e+001 -7.067724e-001  7.803694e+000  4.215209e+000  3.129531e+000  1.872518e+000  7.543430e+000  3.330637e+000  2.614579e+000  5.520898e+000  2.185350e+000  5.821518e+001 -3.196494e+000 -9.091386e-001 -6.227323e-001 -5.580145e-001 -2.185745e+000 -1.378641e+000  1.744105e+000  8.911142e-002  1.921263e-001 -6.714427e-001  1.901932e+000  1.293982e-001 -8.879509e-002  2.361423e+000  8.480449e-001 -6.731828e-001 -1.006295e+000 -5.657454e-001 -6.601951e-001 -9.411582e-001 -7.010944e-001 -3.997173e-001 -8.803760e-002  2.081615e-001  5.019828e-001 -1.466379e-001
-2.079535e+001 -1.260291e+001 -3.211033e+000  5.692850e-001 -3.245434e-001  7.135437e-001 -1.106285e+000 -3.738518e+000 -3.676357e+000  1.394392e+000  5.863205e+000 -3.052077e-001  5.826529e+001 -1.360135e+000  1.272278e+000  2.169271e-001 -1.810753e+000 -8.282204e-001 -2.093362e+000 -2.489496e-001 -1.388206e+000  4.861739e-002  8.575495e-002  2.273315e+000  9.837000e-002 -7.301178e-001  1.856706e+000  8.031999e-001 -1.701587e-001 -3.801511e-001  7.020224e-001 -1.606162e-001 -8.657237e-001  1.005482e-001  4.708149e-001  3.561953e-001 -5.455188e-001  7.998045e-002 -2.397575e-001
-1.899666e+001 -7.912752e+000 -4.093401e-001 -6.533164e-001 -1.191602e+000 -2.569515e+000  6.265675e+000  1.141661e+000  2.198064e+000  2.162881e+000  1.083999e+001  1.018433e+000  5.703312e+001 -1.867689e-001  1.613827e+000 -6.969097e-001 -2.169995e+000  1.197438e+000 -7.809816e-001 -1.083237e+000 -9.133720e-001  1.245024e+000  1.110708e+000  3.677269e-001 -2.326279e-001 -8.001099e-001  1.110002e+000  4.186759e-002 -8.192137e-002  2.572892e-001  8.775691e-001  4.840599e-001 -7.685237e-001  2.424875e-001  3.221861e-001  5.743795e-002 -1.386659e+000 -5.648585e-001 -4.160443e-002
-2.114786e+001 -8.798075e+000 -1.621476e+000 -9.274785e-001  4.224279e+000 -2.569741e+000 -6.707234e-001  2.022059e+000  6.501549e-001  5.206123e+000  9.112602e+000  1.470677e+000  5.537338e+001  3.998488e-001  4.617091e-001 -2.683917e-001 -2.488532e-001  1.875192e+000 -4.282933e-001 -1.508309e+000  1.128665e+000  3.236117e+000  1.111543e+000 -1.312724e+000 -6.371469e-001 -6.648586e-001  1.083653e+000 -4.977619e-001 -1.556696e-001  5.347964e-001 -1.757623e-001  6.425674e-001  1.900357e-001  4.616638e-001 -1.712741e-001 -3.578337e-001 -1.059875e+000 -6.356279e-001 -6.448054e-002
-1.949459e+001 -9.160676e+000 -4.986100e+000 -2.297901e+000  7.927989e+000  8.662655e-001 -3.761449e+000  9.628104e-002  7.392502e+000  6.262253e+000  5.734834e+000  1.342683e-001  5.566059e+001  1.473523e+000 -2.945160e-001 -7.896798e-001 -5.251852e-002  8.503937e-001  2.091236e-001 -1.468834e+000  4.311371e-002  2.093071e-001 -8.971472e-001 -3.238345e+000 -2.327136e+000 -3.294468e-001  1.507126e+000 -3.401805e-001  3.811908e-001 -1.401136e-001 -1.145186e+000  6.320643e-001  4.845074e-001  8.912908e-002 -1.203116e+000 -5.305088e-001  1.544079e-001 -4.590860e-001 -1.454005e-001
-1.854714e+001 -9.670403e+000 -2.264612e+000  1.473112e-001  4.491622e+000 -3.145813e+000 -3.634266e+000  2.427495e+000  9.907007e+000  4.902423e+000  1.852168e+000 -3.048860e+000  5.562727e+001  3.227982e+000 -2.623597e-001 -5.150356e-001 -1.955097e-001 -1.533509e+000  6.244220e-001  8.940276e-001  4.418701e-001 -2.898946e-001 -6.994861e-001 -1.223025e+000 -2.032516e+000 -1.287852e+000  1.738321e+000 -1.204347e-001  5.871222e-001 -1.404001e+000 -1.347682e+000  1.009203e+000  1.174519e-002 -3.037250e-001 -1.837326e+000  4.638167e-002  1.204240e+000 -1.484315e-001  3.743868e-001
-1.292940e+001 -8.949167e+000 -4.036171e+000 -1.453304e+000  2.926695e+000 -1.235861e+000  4.032736e-001  1.154512e+000 -1.383827e+000 -2.171005e+000 -1.721512e+000 -8.357478e+000  5.525894e+001  5.934795e+000  2.749589e-001  1.332366e+000 -2.897235e+000 -2.824142e+000  1.852983e+000  1.381316e-001 -1.243294e-001 -3.007550e+000 -6.363212e-001  1.094917e+000 -1.830374e+000 -1.215616e+000  1.339686e+000 -2.198974e-001  5.673711e-001 -1.772309e+000 -8.498306e-001  9.239954e-001 -5.940707e-001 -1.393570e-001 -1.014417e+000  9.433721e-001  1.472024e+000  1.658912e-001  1.045428e+000
-8.290540e+000 -1.021563e+001 -4.671618e+000 -2.327326e+000 -9.426215e-001  1.603432e+000  1.717053e+000  3.702295e+000  3.588846e+000  5.925322e+000  6.725650e+000 -4.446030e+000  4.913494e+001  6.860816e+000 -4.252020e-001  1.606196e+000 -5.846498e+000 -3.025949e+000  3.795793e+000 -2.253066e+000 -3.062387e-001 -4.342086e+000  1.213039e+000  2.541844e+000 -1.627685e+000  1.650160e+000  2.688622e-001 -3.373619e-001  2.284396e-003 -1.230445e+000  6.888926e-002  4.974356e-001 -9.998004e-001 -5.897799e-002 -3.871430e-001  6.929597e-001  4.662405e-001 -1.114628e-001  1.568131e+000
 5.051083e+000 -7.513269e+000  2.879236e+000 -1.554676e+001 -3.475597e+000  7.756555e+000 -5.746451e+000 -1.162765e+000 -4.486169e+000  2.569198e+000  8.772678e+000 -8.319015e+000  5.282867e+001  6.355535e+000 -1.312582e+000  9.865601e-001 -6.088571e+000 -2.652540e+000  3.243415e+000 -2.865641e+000 -2.796170e-001 -2.836682e+000  2.863451e+000  2.239341e+000 -1.700095e+000  3.428689e+000 -1.301698e+000 -4.075690e-001 -7.971581e-001  4.419386e-001  7.412710e-001 -2.939947e-001 -1.369596e-001  2.247124e-001  8.516185e-001  3.169598e-001 -5.517236e-001 -3.956974e-002  1.078043e+000
 6.766694e+000 -1.251436e+001  2.308665e+000 -2.203845e+001 -7.436974e+000  1.133694e+001 -1.182473e+001  2.054941e+000 -1.025225e+001  8.597516e+000  9.314292e+000 -1.120652e+001  6.509320e+001  4.361923e+000 -1.155399e+000 -3.307105e-001 -4.752069e+000 -1.274864e+000  2.416384e+000 -2.603088e+000  2.246240e-001 -2.311044e+000  1.015427e+000  5.359656e-001 -2.654969e+000  4.230649e+000 -2.015213e+000 -1.105754e-001 -7.282419e-001  1.678599e+000  1.091022e+000 -8.835937e-001  8.219427e-001  2.056250e-001  1.426331e+000 -4.147613e-001 -1.042164e+000  8.375405e-002 -2.030234e-001
 1.131966e+001 -1.436271e+001 -2.593512e+000 -2.204059e+001 -7.088829e+000  1.011446e+001 -7.154039e+000  5.801036e-001 -8.646688e+000  1.081015e+001  8.180871e+000 -1.347771e+001  6.442326e+001  6.757518e-001 -1.397788e+000 -1.684971e+000 -1.234757e+000  6.671143e-003  1.072713e+000 -3.716552e-001  7.338014e-001  2.350212e-001  1.047284e+000 -6.607618e-001 -1.514580e+000  2.884356e+000 -1.984459e+000  1.094097e-002 -5.261141e-002  1.728165e+000  1.049744e+000 -8.628047e-001  8.750070e-001  1.678481e-001  9.588900e-001 -5.844944e-001 -1.031480e+000  3.564500e-001 -7.807103e-001
 1.038479e+001 -1.256790e+001 -3.588797e+000 -2.284075e+001 -5.510326e+000  1.250640e+001 -1.059459e+001  3.953980e+000 -5.886113e+000  6.881977e+000  9.701382e+000 -1.514153e+001  6.449089e+001 -3.753603e-001 -9.354761e-001 -6.992481e-001  1.195883e-001  1.099559e+000  4.631748e-001  6.096549e-001  2.151773e-001  1.253717e+000  4.731569e-002 -1.218924e+000 -1.301672e+000  9.072090e-001 -1.249875e+000 -8.205096e-002  4.844237e-001  1.204245e+000  6.547631e-001 -7.798765e-001  5.957724e-001 -4.335082e-003  3.810280e-001 -1.314329e-002 -7.785509e-001  5.736366e-001 -8.120701e-001
 6.620795e+000 -1.447544e+001 -2.596888e+000 -2.131940e+001 -4.405565e+000  1.253539e+001 -8.219796e+000  1.556722e+000 -5.494132e+000  8.663387e+000  5.275324e+000 -1.392441e+001  6.755161e+001 -1.198119e+000 -1.367838e+000  9.077719e-001  1.164276e-001  1.408969e+000 -9.400406e-002 -9.697790e-002  5.643467e-001  1.753879e-001  4.250347e-001 -2.040614e+000 -5.944935e-001  1.186857e+000 -2.565524e-001  1.677794e-002  5.661344e-001  4.439234e-001  1.969243e-001 -5.096268e-001 -9.563641e-002  6.489605e-002 -2.330697e-001 -1.209894e-002 -3.540677e-001  2.715439e-001 -4.883822e-001
 7.239323e+000 -1.713538e+001 -1.185888e+000 -2.180111e+001 -3.280812e+000  1.244235e+001 -8.243579e+000  2.642518e+000 -5.559944e+000  9.907477e+000  4.672447e+000 -1.749153e+001  6.806507e+001 -9.505157e-001 -1.580629e+000  7.950367e-001  5.935653e-001  1.297802e+000 -8.996404e-001  2.384355e-001  2.876759e-001 -3.760870e-001  1.260835e+000 -2.666862e+000 -2.468295e-001  1.019047e+000  9.092855e-002  1.072021e-001  1.359973e-001  2.863866e-001 -2.133071e-001 -2.794563e-001 -3.479409e-001  2.432150e-001 -2.597627e-001 -5.104748e-003  7.999063e-003  1.710547e-001 -2.234160e-001
 6.901796e+000 -1.891816e+001  7.438926e-001 -2.197827e+001 -1.158741e+000  9.676464e+000 -8.814436e+000  4.057569e+000 -7.932832e+000  1.142258e+001  4.922672e-001 -1.527518e+001  6.857045e+001 -3.194323e-001 -9.913219e-001  3.985586e-001  7.478712e-001  8.921708e-001 -7.940128e-001 -6.642275e-001  1.022032e+000 -1.154258e-001  3.800297e-001 -1.707131e+000 -6.842823e-001  3.865257e-001  1.989649e-001  3.148478e-001 -1.674215e-001  3.312494e-001 -4.823349e-001 -1.292072e-002 -2.605374e-001  2.270089e-001  1.482933e-001 -3.120861e-001  4.858555e-001 -1.159561e-001 -2.718259e-001
 5.491709e+000 -1.824968e+001 -1.284003e+000 -1.954348e+001 -6.447266e-001  9.437660e+000 -9.105096e+000  4.141937e+000 -6.547197e+000  1.180656e+001 -1.241402e+000 -1.570029e+001  6.907671e+001 -3.600606e-001 -5.877239e-001  2.353450e-001  1.235799e+000  2.914224e-001 -5.841020e-001 -8.464248e-001  1.202409e+000  1.003101e-001  4.429445e-002 -1.345670e+000 -4.015044e-001  1.902947e-001  1.516449e-001  2.461833e-001  8.316110e-002  1.208155e-001 -5.297670e-001  7.145888e-002 -1.900777e-001  2.336058e-001  2.958530e-001 -4.642779e-001  6.746235e-001 -1.993773e-001 -2.091619e-001
 5.897440e+000 -1.887490e+001 -5.550376e-001 -1.870885e+001 -1.262754e+000  1.006767e+001 -1.111018e+001  5.917175e+000 -5.577634e+000  9.613997e+000 -3.034057e-001 -1.824144e+001  6.897842e+001 -4.985217e-001 -2.900516e-001  3.505103e-001  1.451558e+000 -4.995155e-001 -3.163769e-001 -8.572348e-001  1.242024e+000  6.786561e-001 -5.271258e-001 -2.719327e-001 -1.096936e+000  2.421036e-001  7.824986e-002  1.175883e-001  2.683333e-001 -1.693227e-002 -4.412431e-001 -1.404688e-001  7.663983e-002 -6.062042e-002  2.979910e-001 -2.589127e-001  5.725012e-001 -2.620916e-002 -1.220305e-001
 5.941198e+000 -2.009563e+001  6.403022e-001 -1.725682e+001 -1.771693e+000  9.326233e+000 -1.132783e+001  7.724761e+000 -6.235992e+000  1.103324e+001 -1.658065e+000 -1.801592e+001  6.881256e+001 -1.027465e-001 -7.003469e-001  1.234866e+000  8.457996e-001 -6.551893e-001 -7.811641e-001 -6.154495e-001  1.345709e+000  7.061372e-001 -6.069769e-001 -1.134395e-002 -1.037389e+000  4.544907e-002  1.836874e-001  6.736620e-002  3.408514e-001 -2.563502e-001 -1.826494e-001 -3.604066e-001  1.289570e-001 -3.057239e-001  2.163075e-001 -1.108264e-001  5.963872e-001  1.866782e-001 -1.624245e-001
 4.184443e+000 -1.944545e+001  1.534291e+000 -1.586381e+001 -3.092834e+000  8.150293e+000 -1.198924e+001  8.476278e+000 -4.695154e+000  9.173605e+000 -6.590647e-001 -1.960205e+001  6.991304e+001 -5.684008e-002 -3.470690e-001  1.240465e+000  8.582098e-001 -8.407391e-001 -1.397826e+000 -3.965159e-001  6.472805e-001  1.071616e+000 -5.888980e-001  4.882121e-001 -4.973858e-001 -1.512039e-001  2.521713e-001  1.879862e-001  2.079835e-001 -3.064644e-001  2.267783e-002 -3.809109e-001  8.246119e-002 -6.067698e-001 -2.019901e-002  6.595021e-002  6.737959e-001  5.719514e-001 -2.424058e-001
 5.834475e+000 -2.146614e+001  3.845665e+000 -1.673701e+001 -3.005633e+000  6.490530e+000 -1.174281e+001  9.590929e+000 -3.457751e+000  8.991867e+000 -1.120292e+000 -2.020694e+001  6.883664e+001  3.375358e-001 -2.223843e-001  1.494625e+000  2.507222e-001 -4.512126e-001 -1.845410e+000 -4.319994e-001 -2.883825e-002  9.853681e-001 -4.789513e-001  1.256194e+000  2.321112e-001 -4.251739e-001  1.355204e-001  5.627268e-001 -1.090447e-001 -4.983414e-002  3.157821e-002 -1.413146e-002 -9.897569e-003 -9.567052e-001 -3.165337e-001  4.338191e-002  9.077250e-001  8.046600e-001 -3.199316e-001
 5.666601e+000 -1.992498e+001  4.044604e+000 -1.467771e+001 -4.849480e+000  4.496397e+000 -1.288527e+001  8.220493e+000 -1.608677e+000  7.690193e+000  1.868768e+000 -1.963286e+001  6.821036e+001  5.421938e-001  4.108982e-001  1.260549e+000  2.167742e-001 -4.881147e-001 -1.688808e+000 -5.366540e-001 -1.104551e+000  4.380456e-001 -2.613875e-001  2.463278e+000  1.128070e+000 -7.346138e-001  6.013055e-002  8.871178e-001 -2.831929e-001  1.712659e-001  1.271530e-001  4.707043e-001  8.351605e-002 -1.249903e+000 -6.688873e-001 -1.402911e-001  8.684397e-001  9.823201e-001 -5.528297e-001
 6.887798e+000 -2.096778e+001  6.858270e+000 -1.659626e+001 -3.149434e+000  1.926129e+000 -1.303982e+001  7.708462e+000 -2.852391e+000  9.380189e+000  3.358987e+000 -1.683995e+001  6.753803e+001  2.753386e-001  1.734303e+000  6.796007e-001  9.173467e-001 -6.736105e-001 -7.063301e-001 -5.948684e-001 -2.561901e+000 -5.597463e-001 -5.538226e-001  3.539748e+000  2.173183e+000 -1.262504e+000 -1.817485e-001  1.320537e+000 -5.250481e-001  4.200474e-001  2.175720e-001  5.909751e-001  5.767831e-001 -1.242434e+000 -7.298362e-001 -3.640467e-001  2.213071e-001  1.053533e+000 -7.845387e-001
 6.368751e+000 -1.764013e+001  6.330731e+000 -1.485031e+001 -5.461507e+000  1.988453e+000 -1.402401e+001  3.894757e+000 -2.807606e+000  7.672506e+000  9.417686e+000 -1.564518e+001  6.688927e+001  2.749113e-001  3.110176e+000  2.320120e-001  1.381227e+000 -9.377508e-002  3.861554e-001  1.024988e-001 -4.335702e+000 -1.500264e+000 -1.252918e+000  3.688634e+000  3.443679e+000 -2.496687e+000 -4.995795e-001  1.274970e+000 -4.646741e-001  3.676056e-001  5.521645e-001  2.637494e-001  1.116330e+000 -4.855193e-001 -4.377292e-001 -6.551814e-001 -8.593947e-001  8.030438e-001 -7.697936e-001
 6.860094e+000 -1.393705e+001  6.100605e+000 -1.206397e+001 -6.067672e+000  4.212852e+000 -1.414778e+001 -1.055710e+000 -5.657018e+000  6.231597e+000  1.280399e+001 -1.133486e+001  6.318466e+001 -4.375655e-001  5.030661e+000 -6.163473e-001  1.768733e+000  4.394774e-001  7.198322e-002  2.132340e+000 -4.625433e+000 -1.694658e+000 -1.803420e+000  1.750051e+000  4.341971e+000 -3.466831e+000 -7.757353e-001  6.094868e-001 -1.552684e-001  1.284555e-001  6.520340e-001 -9.724309e-002  1.114267e+000  8.100560e-001  4.812187e-002 -8.615679e-001 -1.568022e+000  1.564937e-001 -3.024511e-001
 7.055010e+000 -7.889470e+000  5.583497e+000 -1.003772e+001 -3.859236e+000  5.283812e+000 -1.181879e+001 -9.075933e+000 -7.707683e+000  2.999899e+000  1.558944e+001 -5.167014e+000  5.790361e+001 -1.599252e+000  5.137569e+000 -4.148476e-001  1.629109e+000  1.716164e+000 -7.592180e-001  3.681390e+000 -2.500382e+000 -1.183145e+000 -2.912496e+000 -9.388472e-001  4.058895e+000 -3.481418e+000 -8.025968e-001 -2.961221e-001  3.630876e-002 -1.897840e-001  4.713920e-001 -2.270721e-001  4.374811e-001  1.823166e+000  5.091140e-001 -6.782283e-001 -1.603595e+000 -6.808483e-001  4.292198e-001
 4.356841e+000 -6.898130e-001  4.150150e+000 -1.015890e+001 -1.753183e+000  6.383653e-001 -3.480728e+000 -8.933357e+000 -8.875642e+000  2.699395e+000  9.023370e+000 -3.691810e-001  5.469671e+001 -2.666256e+000  3.768041e+000  2.266887e-001  1.435683e+000  1.681590e+000 -6.198589e-001  3.187022e+000  5.707186e-001 -4.776966e-001 -4.031873e+000 -1.986621e+000  2.648043e+000 -2.282394e+000 -2.768416e-001 -9.635320e-001  5.823963e-002 -6.858433e-001  1.611616e-001  1.365631e-002 -4.689489e-001  1.466125e+000  7.135069e-001 -9.427059e-002 -9.404518e-001 -1.195123e+000  8.947246e-001
-3.758805e-001  1.424092e+000  5.231720e+000 -7.657306e+000  9.620679e-001 -2.039439e-002 -9.505854e-001 -4.668328e+000 -7.114018e+000 -5.123872e+000  6.613760e+000 -8.335479e-001  5.372616e+001 -2.623728e+000  2.260875e+000 -7.962179e-003  5.988316e-001  1.642129e+000 -4.032841e-001  1.762563e+000  2.182053e+000  4.368254e-001 -3.529833e+000 -2.461006e+000  8.864014e-001 -9.428070e-001  6.842442e-001 -1.009508e+000 -2.007387e-001 -1.103916e+000 -5.767285e-001  1.142815e-001 -7.801009e-001  2.964061e-001  7.237959e-001  7.670092e-001 -2.735876e-001 -1.108538e+000  8.696877e-001
-2.755742e+000  2.463730e-001  7.409936e+000 -6.075765e+000 -7.037248e-002  3.765661e+000 -3.646773e+000 -4.059193e-001 -8.342334e+000 -9.865883e+000  7.358726e+000 -2.613773e-001  5.386142e+001 -1.309535e+000  1.651347e+000 -5.285919e-001 -1.145345e+000  1.282303e+000 -3.770217e-002  7.470084e-001  3.639728e-001  1.062891e+000 -1.966104e+000 -2.191128e+000 -4.739890e-002 -2.625133e-001  1.531495e+000 -8.429123e-001 -2.554527e-001 -1.260696e+000 -1.253468e+000  7.152312e-002 -6.483527e-001 -3.150033e-001  4.548297e-001  1.267254e+000  7.822835e-002 -7.892452e-001  5.274814e-001
-2.507336e+000  2.946814e+000  3.913793e+000 -9.085132e+000  3.510002e+000  1.703744e+000 -2.922952e+000 -2.429386e+000 -5.790210e+000 -8.366626e+000  4.116730e+000 -7.889091e-001  5.360722e+001  1.143609e+000  1.148377e+000 -1.040901e+000 -2.599957e+000 -9.678347e-001 -4.788891e-001  1.000892e+000 -9.149781e-001  1.665541e+000 -1.103346e-001 -2.204531e+000 -1.360723e-001 -1.429199e-001  1.776062e+000 -9.100302e-001  1.466595e-002 -7.578419e-001 -1.833463e+000  3.322185e-001 -6.428860e-001  2.193491e-001 -1.112774e-001  9.824343e-001  5.793621e-001 -5.259585e-001  2.551312e-001
-1.125108e+000  6.805562e+000  2.166155e+000 -1.517171e+001  3.384364e+000 -4.122145e-001  1.240497e+000 -8.232965e+000 -4.223088e+000 -5.509750e+000 -6.837566e-001 -6.284949e-001  5.344361e+001  3.107552e+000  1.097291e-001 -5.341054e-001 -3.268403e+000 -3.280769e+000 -2.244408e-001  3.260940e-001  5.442178e-001  1.182094e+000  5.946455e-001 -1.723716e+000 -7.869461e-001 -4.493065e-002  1.247995e+000 -1.036318e+000  2.433823e-001  1.006583e-001 -1.542304e+000  3.896885e-001 -6.864043e-001  1.228487e+000 -5.951031e-001  5.682321e-001  7.882805e-001 -4.112744e-001  2.147831e-001
