33 39
-1.576262e+001  1.688830e+000  2.435238e+000 -2.462171e+000  1.076919e+000  1.939072e-001 -2.688847e+000 -2.386525e+000  3.155040e+000  4.947698e-001  3.102860e+000 -1.451499e+000  3.801957e+001  1.720597e+000 -7.672693e-001 -7.718147e-002 -4.505873e-001 -1.744339e+000  2.425516e+000 -2.388821e+000 -1.498751e+000  1.184014e+000  3.898687e-001 -2.180999e+000 -2.249484e+000 -5.129617e+000 -4.611559e-001  2.236348e-001 -9.829468e-001  2.757006e-001 -3.891531e-001 -7.782708e-001  8.013923e-001 -2.690099e-001 -1.211375e-001  9.157576e-002 -1.819948e-001  1.401907e-001  1.916450e+000
-1.326281e+001  1.993186e+000  2.379556e-001 -2.100026e+000  1.414935e+000  2.208539e-001 -5.477773e+000 -3.602991e+000 -2.493848e+000 -2.424355e+000 -2.149323e+000 -5.064519e+000  3.467837e+001  5.421588e-001 -8.401751e-001 -3.025967e-001  1.119386e+000 -1.145097e+000  5.221475e-001  7.349340e-001 -1.169625e+000  7.729198e-001  9.841700e-001 -1.773661e+000 -1.108332e+000 -1.596626e+000  4.644335e-001 -1.963713e-001 -8.520656e-001 -3.902200e-001 -3.865446e-001 -8.242087e-001  5.596415e-001 -5.015727e-002 -5.405914e-001  5.651102e-001 -4.089437e-001  6.815568e-001  3.322669e+000
-1.555915e+001 -1.013624e-001  1.918607e-001 -4.653237e+000 -4.804322e+000  2.274245e-001 -2.426882e+000 -1.635698e+000 -4.686462e-002  1.712969e+000 -7.588716e-001 -6.938668e-001  3.679792e+001  2.219569e+000 -5.006450e-001 -8.748823e-001 -3.364739e-001 -2.096561e+000 -6.008071e-001  8.251834e-001 -3.113106e-001 -2.160608e+000  1.728779e+000 -2.100730e+000  9.281849e-001  2.473829e+000  1.407032e+000 -5.059069e-001 -8.789358e-001 -1.069639e+000 -1.639826e-002 -4.384881e-001 -6.136093e-001  2.037326e-001 -9.405029e-001  4.081052e-001 -8.013763e-001 -2.032176e-002  3.287964e+000
-1.492480e+001 -2.055235e+000  2.373132e+000  4.571722e+000 -1.434924e+000 -2.990324e+000  3.561063e+000 -9.721790e-001  7.548389e-001  3.247955e+000 -3.419292e+000 -7.706135e-001  3.984013e+001  5.022602e+000 -1.771259e+000 -2.421150e+000 -2.761766e+000 -2.284944e+000 -1.480202e-001 -2.055533e+000 -1.077962e+000 -1.874214e+000  2.357842e+000 -3.970394e+000 -5.204341e-001  6.286572e+000  1.308436e+000 -7.900214e-001 -1.000743e+000 -1.402617e+000 -3.907420e-002  3.380373e-001 -1.403576e+000  8.907464e-002 -6.146721e-001 -1.611549e-001 -8.955567e-001 -7.812769e-001  2.031563e+000
-3.833784e+000  1.209815e+000 -3.006763e+000 -7.480415e+000 -7.980958e+000 -1.204539e+000 -3.082348e+000 -5.258483e+000 -9.272345e+000  6.302509e+000 -6.765805e+000  1.042473e+000  4.780784e+001  6.515535e+000 -2.831262e+000 -3.412584e+000 -3.858204e+000 -1.256407e+000  5.681589e-001 -4.061634e+000 -5.259197e-001 -2.194934e+000  1.743559e+000 -5.089514e+000 -2.645042e+000  7.368602e+000 -1.987905e-001 -8.467481e-001 -5.271445e-001 -2.988248e-001  2.741732e-001  5.937506e-001 -5.909564e-001 -1.169985e-001  1.652323e-001 -1.038888e+000 -2.501452e-001 -1.100026e+000  1.206351e-001
 5.987514e+000 -7.518697e+000 -1.026848e+001 -1.449527e+001 -8.421466e+000  1.967347e-001 -1.542770e+001 -7.181408e+000 -7.252178e+000  7.070085e+000 -1.899783e+001 -8.534860e+000  6.060627e+001  4.936357e+000 -3.624974e+000 -4.037463e+000 -4.132833e+000 -1.760545e+000  1.627851e+000 -3.839537e+000 -6.169473e-001 -2.283278e+000  1.710058e-001 -4.757053e+000 -3.228103e+000  6.113802e+000 -1.795266e+000  2.918565e-002  2.674750e-001  8.698240e-001  4.977931e-001  2.577718e-001  9.713257e-001 -4.842393e-001  3.290258e-001 -1.716628e+000  9.392894e-001 -9.754495e-002 -1.600894e+000
 6.562372e+000 -1.152594e+001 -1.055025e+001 -1.441076e+001 -7.593088e+000  1.474689e+000 -1.324067e+001 -1.160682e+000 -7.018026e+000  8.519699e+000 -1.841718e+001 -1.003695e+001  6.325787e+001  1.268739e+000 -3.807528e+000 -2.702448e+000 -1.145065e+000 -9.878947e-001  1.480010e+000 -1.237597e+000 -1.126811e+000 -1.129915e+000 -2.372241e+000 -2.958126e+000 -3.218110e+000  3.163390e+000 -2.124612e+000  8.209954e-001  8.397318e-001  1.321481e+000  7.659573e-001 -3.325850e-003  1.457636e+000 -9.134166e-001  6.115007e-001 -1.442204e+000  1.639233e+000  8.238997e-001 -2.087739e+000
 4.558911e+000 -1.381223e+001 -1.404244e+001 -1.262727e+001 -1.043159e+001  3.809317e+000 -1.055746e+001 -6.105816e+000 -1.178871e+001  2.994389e+000 -2.137887e+001 -1.137142e+001  6.268413e+001 -1.330331e+000 -1.137198e+000 -1.438842e+000  2.307838e-001  6.976533e-002  6.849133e-001  1.389077e+000 -3.198713e+000 -7.615944e-001 -4.167398e+000 -3.396408e-001 -7.216247e-001  3.847065e-001 -1.185501e+000  1.170320e+000  1.102473e+000  1.275703e+000  1.093348e+000  6.863265e-002  6.521792e-001 -3.641891e-001  8.232138e-001 -4.474811e-001  1.762798e+000  1.216570e+000 -1.625363e+000
 3.224212e+000 -1.468106e+001 -1.463202e+001 -1.413974e+001 -1.191537e+001  4.389220e+000 -1.170545e+001 -1.143033e+001 -1.265365e+001 -3.520850e+000 -2.036591e+001 -1.362980e+001  6.258586e+001 -9.741780e-001  2.982702e-002 -5.132352e-001  5.673914e-001  1.658224e+000  1.022998e+000  6.122375e-001 -3.802119e+000  1.017277e-001 -3.298258e+000  8.979464e-001  2.212179e-001 -2.055466e-001  2.166086e-002  8.774266e-001  8.748533e-001  6.673776e-001  9.049616e-001  2.349479e-001 -4.030765e-001  4.908288e-001  5.729629e-001  6.312115e-001  1.164472e+000  1.076588e+000 -7.884274e-001
 1.004939e+000 -1.162713e+001 -1.542181e+001 -1.347686e+001 -5.911497e+000  2.164036e+000 -9.249927e+000 -1.804015e+001 -8.242336e+000 -7.746633e+000 -1.972166e+001 -1.034656e+001  6.286581e+001  1.303087e-001  3.079510e-001  3.802928e-001  1.389455e+000  2.383134e+000  2.199520e+000 -1.503558e+000 -1.100238e+000  1.216970e+000 -1.603391e+000  2.128900e+000  1.135082e+000 -3.285469e-001  6.101744e-001  2.822102e-002  6.000202e-001  3.306416e-001  3.069536e-001  1.440919e-001 -8.325558e-001  1.267934e+000  1.864191e-001  1.013608e+000  3.624513e-001  3.223920e-001 -1.745028e-001
 3.468468e+000 -1.246936e+001 -1.242674e+001 -1.114901e+001 -1.562012e+000  7.412322e+000 -1.083325e+001 -1.420411e+001 -8.282574e+000 -2.601082e+000 -1.475605e+001 -9.443291e+000  6.213929e+001  6.467233e-001 -1.429694e-001  7.622505e-001  1.612488e+000  2.380229e+000  1.897446e+000 -1.806662e+000  2.780963e-001  7.456176e-001 -4.981874e-001  1.629962e+000  1.236476e+000 -4.221203e-001  3.160942e-001 -3.558154e-001  2.145589e-001  6.201328e-002 -4.386634e-001 -6.073848e-001 -2.403188e-001  9.439023e-001 -1.828362e-001  2.755727e-001 -3.065777e-001 -1.293104e-001  1.839470e-002
 5.088326e+000 -1.337832e+001 -1.324362e+001 -7.175361e+000 -3.692596e+000  1.329537e+001 -1.851136e+001 -1.022012e+001 -7.889398e+000 -5.482452e+000 -1.353930e+001 -7.789259e+000  6.126468e+001  9.100900e-001 -9.096946e-001  9.235155e-001  1.361444e+000  1.243531e+000  9.681491e-001 -1.564252e+000  1.100848e+000 -1.514440e-001 -4.993940e-001  1.106608e+000  3.827059e-001 -3.795204e-001 -1.036415e-001 -4.568584e-001  7.291219e-002 -2.714702e-001 -7.189864e-001 -1.358197e+000  6.928286e-001  5.079932e-002 -2.889428e-001 -2.928576e-001 -7.302392e-001 -3.518515e-001  1.685770e-001
 4.416135e+000 -1.452031e+001 -1.190987e+001 -9.228050e+000 -1.123678e+000  8.310785e+000 -1.610805e+001 -1.394987e+001 -9.102034e+000 -7.143878e+000 -1.530728e+001 -8.726067e+000  6.127582e+001  2.164026e-001 -1.140427e+000  2.879481e-001  8.914634e-001  3.470861e-002 -1.398240e+000 -5.590097e-001 -1.831513e-001 -1.282460e-001 -2.472393e+000 -1.237962e-001 -4.914594e-002 -8.808632e-002 -3.267247e-001 -3.240820e-001  4.075206e-002 -3.550159e-001 -8.712915e-001 -1.245079e+000  7.342409e-001 -3.739803e-002 -2.071514e-001 -4.040592e-001 -7.355788e-001 -2.652720e-001  2.611645e-001
 5.081556e+000 -1.515012e+001 -1.106267e+001 -7.630123e+000  8.699004e-002  6.555550e+000 -1.443379e+001 -1.266303e+001 -8.589827e+000 -7.972205e+000 -1.391300e+001 -8.791642e+000  6.139994e+001 -1.727385e-001 -1.477612e+000  9.820049e-001  3.926163e-001 -3.903780e-002 -2.943620e+000  1.336759e+000 -6.156181e-001  2.091876e-001 -2.080577e+000 -6.454171e-001  1.863594e-002  3.473213e-001 -3.997970e-001 -3.880869e-002  5.688339e-002 -3.731137e-001 -8.179263e-001 -7.364193e-001  4.578496e-001  3.125953e-001 -2.802939e-001 -3.918621e-002 -7.446944e-001  6.857737e-002  2.424659e-001
 4.553866e+000 -1.728559e+001 -1.207748e+001 -6.464312e+000 -3.278262e+000  3.791031e+000 -1.566708e+001 -1.389841e+001 -8.573589e+000 -1.371817e+001 -1.518818e+001 -9.187829e+000  6.163123e+001 -4.454861e-001 -1.479421e+000  9.367661e-001  3.218219e-001 -1.334944e+000 -2.372065e+000  4.140372e-001  9.493394e-001 -4.704552e-001 -1.727892e+000 -1.171920e+000  9.215136e-002  5.202812e-001 -2.604769e-001  3.287287e-001  3.396489e-002 -3.397383e-001 -7.363185e-001 -1.687953e-001  1.860756e-001  9.163020e-001 -5.909550e-001  4.940308e-001 -5.190445e-001  2.569747e-001  8.521805e-002
 4.155768e+000 -1.938374e+001 -8.249786e+000 -6.594149e+000 -2.810493e+000  8.371428e-001 -1.204805e+001 -1.332394e+001 -7.107682e+000 -1.259819e+001 -1.682594e+001 -7.465199e+000  6.282358e+001 -7.579508e-001 -9.342411e-001  8.835235e-001 -2.193039e-001 -2.161274e+000 -2.227035e+000  2.384724e-001  2.097579e+000 -1.381809e+000 -1.067576e+000 -2.092802e+000  6.549441e-001  5.286255e-001 -8.354987e-002  7.119164e-001 -1.084303e-001 -2.996497e-001 -6.848990e-001  8.879244e-002  2.230956e-001  9.911313e-001 -6.612814e-001  5.880671e-001 -9.397362e-002  2.719034e-001 -1.262447e-001
 2.651598e+000 -1.980061e+001 -8.632476e+000 -8.136928e+000 -6.349658e+000 -6.903366e-001 -1.523073e+001 -8.872717e+000 -1.219538e+001 -1.347035e+001 -1.971041e+001 -8.928532e+000  6.316541e+001 -7.933757e-001  2.315308e-001  5.070133e-001 -5.012683e-001 -2.585765e+000 -2.600509e+000  9.205114e-001  3.041760e+000 -2.287523e+000 -5.087398e-001 -1.995326e+000  9.175734e-001  2.473518e-001  1.037336e-001  8.356102e-001  4.576444e-002 -2.862527e-001 -3.360300e-001 -6.006753e-002  6.910561e-001  5.036221e-001 -3.164365e-001  7.753472e-001  5.597879e-001  4.201465e-002 -2.393524e-001
 2.242936e+000 -1.856382e+001 -8.367550e+000 -7.890335e+000 -9.183684e+000 -2.338940e+000 -1.345960e+001 -4.687981e+000 -1.368798e+001 -1.343400e+001 -2.211590e+001 -5.646571e+000  6.327598e+001 -4.165430e-001  1.226494e+000  6.547297e-001 -6.940869e-001 -2.838122e+000 -2.385436e+000  2.199000e+000  3.293828e+000 -2.188686e+000  2.501827e-001 -7.035818e-001  9.654421e-001 -1.474373e-001  2.292041e-001  6.378277e-001  2.836004e-001 -2.338798e-001 -7.567652e-002 -3.077757e-002  2.686542e-001  1.958324e-001  5.753454e-002  8.641350e-001  1.242728e+000 -5.019920e-001 -2.566062e-001
 1.543404e+000 -1.653790e+001 -9.483528e+000 -8.322560e+000 -1.302049e+001 -7.623475e+000 -1.035874e+001 -3.007592e+000 -1.672106e+001 -1.584397e+001 -2.251983e+001 -5.509276e+000  6.264179e+001 -9.752195e-002  1.618262e+000  1.279985e+000 -8.720499e-001 -2.676670e+000 -2.593202e+000  2.889054e+000  2.869325e+000 -1.649200e+000  1.489964e+000  9.324099e-001  1.469756e-001 -3.384495e-001  2.753903e-001  3.351510e-001  3.820511e-001 -4.098038e-002  2.601565e-001 -8.447246e-002 -6.403676e-001 -1.488164e-001  3.410270e-001  7.477545e-001  1.236173e+000 -6.577448e-001 -2.653555e-001
 2.627150e+000 -1.488262e+001 -4.550611e+000 -9.971767e+000 -1.366569e+001 -7.623467e+000 -3.489039e+000  2.126428e-001 -1.578827e+001 -1.016046e+001 -1.893914e+001 -4.347616e+000  6.234820e+001  4.014306e-002  1.561532e+000  1.915039e+000 -1.203312e+000 -2.494205e+000 -2.384576e+000  5.974720e-001  3.162959e+000 -1.413298e+000  2.253747e+000  2.656971e+000 -1.469717e+000 -4.615048e-001  1.851391e-001  1.985729e-001  9.941056e-002  4.545612e-001  7.692376e-001 -2.287287e-001 -1.502716e+000 -6.983210e-001  2.831551e-001  2.167789e-001  5.378411e-001 -5.877814e-001 -4.478543e-001
 1.971881e+000 -1.354990e+001 -4.141019e+000 -1.145646e+001 -1.749201e+001 -1.101408e+001 -5.770741e+000  3.023597e+000 -1.939123e+001 -7.657290e+000 -1.663674e+001 -8.843131e+000  6.193705e+001  3.552328e-001  1.739767e+000  1.787114e+000 -4.515576e-001 -1.456942e+000 -3.023302e+000 -1.480563e+000  2.363113e+000 -9.700815e-001  2.228250e+000  2.505261e+000 -1.153571e+000 -9.223919e-001  1.074495e-002  4.744199e-001 -1.646447e-001  1.241289e+000  1.696916e+000  1.369012e-001 -1.012268e+000 -1.442190e+000  4.850077e-001 -4.179766e-001 -4.183983e-001 -8.422843e-002 -8.149660e-001
 2.229413e+000 -1.225016e+001 -1.463607e+000 -1.233994e+001 -1.941895e+001 -1.256652e+001 -1.276624e+001  8.111217e+000 -1.941938e+001 -6.258599e+000 -1.177259e+001 -1.132823e+001  6.132082e+001  2.827750e-001  2.158606e+000  8.982180e-001  1.368473e+000  3.982018e-001 -3.314029e+000 -3.129770e+000  5.532924e-002 -1.112469e+000  9.649345e-001  1.199199e+000 -1.323192e+000 -2.094737e+000 -6.764804e-001  7.854458e-001 -8.738095e-003  1.627365e+000  2.089015e+000  1.199441e+000  4.521516e-001 -2.074884e+000  5.509733e-001 -1.065578e+000 -7.986842e-001  4.178541e-001 -8.438246e-001
 3.518437e+000 -9.155291e+000 -2.091460e+000 -9.396260e+000 -1.742857e+001 -2.026846e+001 -1.312296e+001  4.858684e+000 -1.975591e+001 -6.653649e+000 -1.357680e+001 -7.786822e+000  5.854352e+001 -1.651132e-001  3.691824e+000  9.651725e-001  4.048503e+000  4.361708e+000 -1.443969e+000 -3.086653e-001 -2.787810e+000  6.254246e-001  4.448781e-002 -4.306955e-001 -3.474293e-001 -3.596663e+000 -1.399371e+000  5.072788e-001  4.104599e-001  1.051440e+000  1.414912e+000  2.316237e+000  1.524278e+000 -1.607281e+000  6.630487e-001 -1.114488e+000 -3.035110e-001  5.524362e-001 -2.850295e-001
 3.267748e+000 -6.286894e+000 -1.084301e+000 -4.159504e+000 -1.170640e+001 -1.956643e+001 -1.546178e+001 -4.282546e-001 -2.116828e+001 -5.837612e+000 -1.447311e+001 -1.149173e+001  5.357128e+001 -3.082086e+000  4.512733e+000  2.282320e+000  4.683485e+000  5.041545e+000  2.822963e+000  2.272281e+000 -4.636000e+000  5.438155e-001 -1.982260e+000  1.315278e-001  2.164826e-001 -3.343492e+000 -1.397280e+000 -2.037325e-001  1.567587e-003 -4.538761e-001 -1.752174e-001  2.138851e+000  1.683379e+000 -4.405756e-001  5.955973e-001 -4.318726e-001  8.350954e-001  1.063893e+000  7.655489e-001
 6.271482e-001  1.927591e+000  4.951898e-001  4.695834e+000  4.602566e-001 -1.473398e+001 -5.966297e+000 -6.645715e+000 -1.538966e+001 -7.645344e+000 -1.743996e+001 -1.049853e+001  4.782851e+001 -4.959192e+000  3.099098e+000  3.147363e+000  3.148136e+000  3.295945e+000  5.489388e+000  3.439801e+000 -3.327626e+000  1.517020e+000 -1.870592e+000  1.521541e+000  8.387734e-001 -1.723162e+000 -7.588651e-001 -1.116243e+000 -7.794173e-001 -1.908606e+000 -1.785972e+000  7.659014e-001  4.573435e-001  1.058118e+000  4.257212e-001  6.344126e-001  1.771901e+000  1.180434e+000  1.456586e+000
-1.173537e+001  4.772059e+000  8.654667e+000  4.031431e+000 -3.155637e+000 -1.218945e+000 -4.983167e+000 -9.316585e+000 -1.888343e+001 -1.567405e+001 -9.183376e+000 -8.889964e+000  4.996087e+001 -4.306588e+000  1.436307e+000 -1.850391e-001 -4.507243e-001  5.499611e-002  3.913546e+000  3.412893e+000 -1.877640e+000  1.419720e+000 -2.368888e-001  4.398557e+000  3.403171e+000  7.962567e-001  3.722963e-001 -1.437812e+000 -1.309960e+000 -2.186929e+000 -1.714524e+000 -1.085343e+000 -5.137414e-001  2.024273e+000  8.771148e-001  1.487710e+000  1.264602e+000  8.312074e-001  1.038490e+000
-1.377596e+001  8.107238e-001  8.775870e+000  2.248953e+000 -5.224224e+000 -1.995257e+000 -1.163260e+000 -7.335284e+000 -1.331324e+001 -1.108839e+001 -8.613967e+000 -4.893838e+000  5.173291e+001 -3.347188e+000 -3.511773e-001 -1.698235e+000 -2.927421e+000 -2.074878e+000  1.840246e+000  1.407747e+000  1.123598e+000  2.316078e+000  2.343865e+000  6.295295e+000  3.961396e+000  1.616393e+000  8.285256e-001 -8.323635e-001 -3.041871e-001 -1.245930e+000 -5.761849e-001 -1.359257e+000 -9.122636e-001  1.518566e+000  6.234840e-001  9.837585e-001  7.774341e-002 -2.013401e-001  2.376465e-001
-1.106364e+001  1.453074e+000 -6.149837e+000 -5.189685e+000 -8.589176e+000 -6.368057e+000 -7.988373e-001 -9.471672e+000 -1.510789e+001 -5.300535e+000  3.106675e+000  2.721780e+000  5.560036e+001 -2.026606e+000 -9.511916e-001 -1.844681e+000 -3.213379e+000 -8.456640e-001 -7.791825e-001  7.196012e-001  3.259752e+000  4.529860e+000  3.349060e+000  4.067663e+000  2.811208e+000  1.791786e-001  1.175654e+000 -6.354498e-001  1.273718e+000  2.533615e-001  5.659233e-001 -4.711893e-001 -8.019934e-001  5.620936e-001  1.375809e-001  2.475095e-001 -1.735993e+000 -1.637108e+000 -4.894786e-001
-1.644466e+001  1.831197e+000 -5.937313e-001 -5.330713e+000 -7.197362e+000 -2.958190e+000 -1.019729e+000 -9.501790e-001 -5.697038e+000 -1.112778e+000  7.891490e+000  3.502582e+000  5.309072e+001 -1.956555e+000  1.310300e-001  2.456248e+000 -1.700186e+000  8.653506e-001  1.039470e+000  2.251289e-001  1.696509e+000  3.079370e+000  1.255226e+000  2.075705e+000  1.280544e-001 -2.263905e-001  1.585763e+000 -6.688146e-001  1.357248e+000  1.008116e+000  6.347033e-001  3.462051e-001 -7.032638e-001 -8.045806e-001 -8.226476e-001 -6.780207e-001 -2.349664e+000 -2.009406e+000 -6.012143e-001
-2.053405e+001 -4.941352e-001  4.116062e+000 -8.245633e+000 -6.397388e+000 -4.633391e+000 -1.456927e+000  3.789621e+000 -4.222578e-002 -3.916555e+000  2.902212e+000  9.678665e-001  5.017786e+001  8.763642e-001 -1.982046e+000  4.106308e+000  2.024657e-001  1.414498e+000  1.957987e+000 -5.765253e-003  6.463726e-001  1.725979e+000  1.544978e+000 -2.171612e+000 -2.865696e+000 -7.297447e-001  1.957478e+000 -1.463693e-001  3.751422e-001  1.265614e+000 -3.073285e-001  2.265753e-001 -8.843915e-001 -1.840436e+000 -1.803282e+000 -8.568854e-001 -1.668576e+000 -1.325306e+000 -4.990343e-001
-1.882353e+001  2.439478e+000  1.592416e+001 -4.724002e+000 -1.993365e+000  2.334758e+000  2.914291e-001 -5.483387e+000 -5.449221e+000 -5.504246e+000  1.866791e+000 -3.376609e+000  5.331221e+001  3.130140e+000 -3.179823e+000  2.112511e+000  4.052378e-001 -3.144264e-002  2.202686e+000 -1.745889e+000 -1.592615e+000 -3.952190e-001 -1.441972e-001 -2.333389e+000 -3.247183e+000 -9.352169e-001  1.990114e+000  6.187689e-001 -1.152771e+000  8.408339e-001 -1.550814e+000 -1.208656e+000 -7.009799e-001 -1.900016e+000 -1.687520e+000 -2.656184e-001 -1.053108e+000 -7.990845e-002 -4.615076e-001
-5.492380e+000 -8.761294e+000  6.122754e+000 -4.480711e+000 -4.118683e+000  7.754048e-001 -1.483243e+000 -3.973205e+000 -6.601903e+000  4.620089e+000 -4.739037e+000 -8.167107e+000  5.184089e+001  5.217434e+000 -2.761152e-002  2.028982e-001  2.061980e+000 -1.933910e+000 -2.279143e-001 -2.716847e+000 -4.297865e+000 -2.749256e+000 -2.356551e-001 -2.070672e+000 -2.127701e+000 -1.961580e+000  9.807438e-001  1.738697e+000 -1.329227e+000  2.436158e-001 -1.823380e+000 -2.030384e+000 -6.834525e-003 -1.570092e+000 -1.410466e+000 -3.238894e-001 -4.988160e-001  9.076550e-001 -6.511245e-002
-8.314795e+000 -9.934340e+000  8.965477e+000 -5.186985e+000 -8.493928e+000  5.350843e+000 -9.736018e+000 -5.031842e+000 -4.393294e+000 -6.102086e+000  4.517111e-002 -8.165845e+000  4.758312e+001  5.823482e+000  2.247658e+000 -1.355899e+000  1.574226e+000 -5.214515e+000 -3.910861e+000 -1.924229e+000 -5.331450e+000 -3.120611e+000  8.174507e-001 -3.240304e+000 -6.404854e-001 -1.918011e+000  1.878615e-001  1.440784e+000 -8.905569e-001 -2.132184e-001 -1.015090e+000 -1.764119e+000  1.059831e+000 -2.385282e-001 -6.524128e-001  3.495181e-002 -6.069564e-001  8.033321e-001  4.749914e-001
