39 39
 3.533554e+000  1.045286e+001  2.355876e+000 -9.991960e+000 -3.449617e-002 -2.255702e+000 -1.264729e-001 -4.428815e+000 -1.532374e+001 -8.817641e+000  2.818217e+000 -6.755938e+000  4.888161e+001  9.103738e-001  1.293346e+000  1.315677e+000 -5.577889e+000  1.330333e+000 -4.662582e-001 -7.444823e-001  5.154888e+000 -1.666036e+000 -5.170733e-001 -1.340611e+000 -1.476518e+000  7.840919e-002  6.823245e-001 -5.983322e-001  1.972498e-001  1.521500e+000 -1.268035e+000 -9.650954e-001 -6.409442e-001 -5.276583e-001  1.589781e+000  6.464404e-001 -8.227034e-002 -1.209238e+000  5.427957e-001
 4.223180e+000  1.037195e+001  4.992926e+000 -6.066417e+000 -6.578630e-001 -3.598112e+000  5.151873e-001  7.119131e-001 -1.361395e+001 -7.801944e+000  1.988059e+000 -6.911497e+000  4.862314e+001  1.660679e+000  5.838097e-001  1.852238e+000 -3.554669e+000 -4.950491e-002 -3.026296e-001 -2.080299e+000  3.167265e+000  3.047687e-001  1.042197e+000 -6.892180e-001 -2.997196e+000  8.105564e-001  5.663109e-001 -2.874891e-001 -4.319384e-001  1.533261e+000 -1.403351e+000 -3.988201e-001 -5.812337e-001 -1.112139e+000  1.133492e+000  4.789650e-001  8.567353e-001 -8.225887e-001  3.327787e-001
 8.893654e+000  9.839607e+000  2.654984e+000 -1.628726e+001 -3.353192e+000 -4.448586e+000 -4.056453e+000  6.834136e+000 -1.337257e+001 -4.836135e+000  5.188445e-001 -1.141807e+001  5.131808e+001  1.966790e+000  3.842631e-001  3.403576e-001 -1.118944e+000 -1.822751e+000  3.506669e-001 -2.187965e+000  1.941150e+000  9.870316e-001  1.387978e+000  2.824153e-001 -1.888708e+000  9.341217e-001 -3.299812e-002  4.078452e-002 -3.416401e-001  1.566355e+000 -1.084997e+000 -3.141833e-002  2.571019e-002 -1.208982e+000  6.848924e-001 -2.043292e-001  1.552320e+000  2.291315e-001 -6.119907e-004
 9.188924e+000  9.647048e+000  4.386561e+000 -1.500653e+001 -5.377421e+000 -9.420864e-001 -5.406247e+000  6.838017e+000 -1.174644e+001 -3.780518e+000  1.182191e+000 -1.153571e+001  5.213459e+001  1.698127e+000  1.066463e+000 -1.124162e-001 -6.652930e-001 -2.458302e+000 -3.869375e-002 -1.700990e+000  7.913885e-001  8.574979e-001 -7.101806e-002  3.147739e+000 -2.012413e+000  6.642853e-001 -3.475990e-001  2.007635e-001 -3.048452e-001  7.286792e-001 -5.491749e-001 -3.354442e-001  3.890035e-001 -6.427756e-001  3.660580e-001 -8.178134e-001  1.308542e+000  6.705081e-001 -1.922819e-001
 1.088463e+001  1.273662e+001  4.360846e+000 -1.111663e+001 -6.788473e+000 -1.830380e+000 -8.105581e+000  2.213883e+000 -1.132234e+001 -3.888462e+000  4.633227e+000 -1.388737e+001  5.179649e+001  7.266596e-001  1.255942e+000  5.898042e-001  8.091954e-001 -2.890255e+000 -7.553178e-001 -8.055862e-001  2.979149e-001  1.482061e+000 -9.821115e-001  4.502509e+000 -8.232516e-001  1.484848e-001 -4.550062e-001 -5.614833e-002 -3.763181e-002 -1.863382e-001  3.213370e-002 -3.726950e-001  5.444056e-001 -2.124972e-001  2.695644e-001 -8.692925e-001  2.943180e-001  7.071936e-001 -7.870735e-002
 1.171832e+001  1.425576e+001  3.577914e+000 -1.197820e+001 -1.123173e+001 -5.100684e+000 -5.965197e+000  6.978982e+000 -1.035158e+001 -8.630871e+000  1.566956e+001 -1.573891e+001  5.170536e+001  5.427497e-001  1.151788e+000  2.032888e-001 -8.753427e-001 -2.261628e+000 -1.426859e+000 -8.264710e-001  7.750046e-001  1.887544e+000 -1.861824e+000  3.743445e+000 -1.773836e-001  2.419655e-001 -3.355980e-001 -5.093009e-001 -5.256164e-003 -5.256025e-001  3.109727e-001  1.548035e-001  4.671556e-001 -1.080202e-001  2.730495e-001 -5.283216e-001 -1.252599e+000  7.394561e-001  1.827946e-001
 1.126225e+001  1.381496e+001  6.008329e+000 -1.375544e+001 -1.487731e+001 -6.145876e+000 -7.804909e+000  8.253228e+000 -6.659697e+000 -7.321517e+000  1.578770e+001 -1.343273e+001  5.227512e+001  2.694473e-001  6.085920e-002 -5.653930e-003 -1.945610e+000 -1.760420e+000 -8.187256e-001  9.680357e-002  8.868557e-001  1.819831e+000 -2.063081e+000  1.456153e+000  7.297459e-001  7.517449e-001 -1.285232e-001 -6.968632e-001 -2.876472e-001 -5.019894e-001  5.781844e-001  6.011852e-001  5.322098e-001 -3.168440e-001 -4.434259e-002 -2.742252e-001 -1.771304e+000  4.864309e-001  4.170058e-001
 1.171386e+001  1.486682e+001  4.579264e+000 -1.806383e+001 -1.264114e+001 -5.918632e+000 -9.688938e+000  7.693367e+000 -4.640039e+000 -1.137311e+001  1.432218e+001 -1.264995e+001  5.310510e+001  2.487427e-001 -8.825000e-001  1.590321e-001 -1.915903e+000 -1.468356e+000  7.670276e-001  1.835936e-001 -4.318290e-002  2.053861e+000 -2.172141e+000 -1.592077e+000  9.083688e-001  1.276628e+000 -1.299852e-001 -6.872977e-001 -3.524297e-001  3.327206e-001  5.432645e-001  7.694829e-001  6.459061e-001 -5.240965e-001 -4.643557e-001  2.331636e-001 -1.176091e+000  3.115864e-001  4.524620e-001
 1.223410e+001  1.273539e+001  3.831902e+000 -1.780186e+001 -1.488587e+001 -5.515034e+000 -5.759693e+000  6.290968e+000 -5.078957e+000 -1.283274e+001  1.258768e+001 -1.178312e+001  5.485535e+001  2.310469e-001 -1.211230e+000 -8.263032e-001 -1.180472e+000 -3.959689e-001  1.153665e+000  1.350430e+000 -8.772116e-001  1.177190e+000 -2.198079e+000 -1.686253e+000  1.066027e+000  1.716182e+000 -1.394108e-001 -4.119086e-001 -5.264360e-001  8.968853e-001  5.843393e-001  5.727310e-001  5.169736e-001 -5.095121e-001 -6.681955e-001  4.936970e-001 -5.511130e-002  3.232503e-001  3.075850e-001
 1.247611e+001  1.038305e+001  5.461288e+000 -1.953450e+001 -1.856923e+001 -1.580966e+000 -6.069837e+000  7.744198e+000 -8.726435e-001 -1.673596e+001  9.309185e+000 -1.202187e+001  5.679839e+001 -8.797588e-002 -1.648656e+000 -1.148535e+000  4.056911e-001 -2.275305e-001  1.434361e+000  1.776246e+000 -9.634442e-001 -1.129145e-001 -6.285073e-001 -5.658087e-001  1.212408e+000  2.022057e+000 -1.979369e-001 -2.927090e-001 -5.302131e-001  9.146079e-001  6.458561e-001  1.568346e-001  4.644988e-001 -1.321835e-001 -7.937816e-001  6.791362e-001  7.261223e-001  4.281473e-001  1.310956e-001
 1.203636e+001  1.000070e+001  1.435801e+000 -1.892247e+001 -1.389311e+001 -2.546383e+000 -2.862308e+000  3.841755e+000 -2.657445e+000 -1.563049e+001  9.862934e+000 -8.416632e+000  5.900939e+001 -2.592475e-001 -1.615606e+000 -1.984051e+000  1.378020e+000  5.408643e-001  1.711263e+000  1.885345e+000 -1.200574e+000 -4.377597e-001 -3.664128e-001  6.674618e-001  2.193978e+000  1.916956e+000 -1.880473e-001 -2.615609e-001 -2.349996e-001  4.542874e-001  5.881095e-001  9.179685e-002  2.256093e-002  3.166071e-001 -5.117130e-001  6.121038e-001  5.319641e-001  3.836529e-001 -8.028615e-002
 1.137285e+001  7.990885e+000  3.464071e-002 -1.547507e+001 -1.427517e+001 -2.311541e-001 -2.256400e+000  4.100753e+000 -6.415368e+000 -1.311678e+001  1.285551e+001 -8.271152e+000  6.113836e+001 -4.957948e-001 -2.143857e+000 -1.913160e+000  1.377891e+000  1.292508e+000  1.272402e+000  2.238630e+000 -5.424194e-001 -1.107573e+000  3.077065e-001  8.616769e-001  2.485130e+000  1.831720e+000 -1.075448e-001 -2.884560e-001  6.755427e-002 -2.304039e-001  8.631902e-001 -5.528139e-002 -3.829806e-001  4.385363e-001 -2.472726e-001  4.371550e-001 -2.824700e-001  2.122853e-001 -2.248060e-001
 1.148949e+001  5.853443e+000 -3.375028e+000 -1.294148e+001 -1.432858e+001  2.366375e+000  1.760314e+000  2.109821e+000 -4.496394e+000 -1.647440e+001  1.415183e+001 -2.688593e+000  6.227014e+001 -5.052802e-001 -2.271434e+000 -1.618989e+000  6.048652e-001  1.784559e+000  1.693629e+000  1.232043e+000  4.953116e-001 -8.840458e-001  3.943331e-001  2.598253e-001  2.347930e+000  1.409920e+000 -1.026069e-001 -1.393119e-001  4.342564e-001 -5.417548e-001  8.901187e-001 -1.690263e-001 -7.635300e-001  2.035534e-001 -3.017319e-001  5.953580e-001 -8.879486e-001  1.533370e-002 -2.707008e-001
 1.027057e+001  1.737389e+000 -1.699096e+000 -1.563554e+001 -1.188896e+001  2.324663e+000  2.812003e+000  5.898067e+000 -5.491033e+000 -1.477547e+001  1.147312e+001 -2.460239e+000  6.432661e+001 -5.026838e-001 -2.763022e+000 -9.932943e-001 -3.597510e-001  3.466573e+000  1.166771e+000  1.879940e-001  3.812948e-001 -1.126135e+000  1.176895e+000 -1.774340e+000  2.196858e+000  1.151545e+000 -8.160608e-002  2.228925e-001  6.158826e-001 -3.395533e-001  5.869680e-001 -2.022261e-001 -8.673582e-001 -5.343958e-001 -1.898135e-001  5.966967e-001 -9.118239e-001  1.461362e-001 -3.050893e-001
 1.006110e+001  1.770275e+000 -5.792276e+000 -1.581791e+001 -6.163422e+000  4.643852e+000  7.637045e-001  5.419656e+000 -7.539842e+000 -1.282947e+001  1.185325e+001  4.175636e-001  6.446487e+001 -7.688373e-001 -2.002583e+000 -2.727012e-001 -4.619333e-001  3.904426e+000  9.189472e-001 -9.069869e-001 -6.446639e-001 -1.937139e+000  2.175783e+000 -2.454273e+000  2.414782e+000  9.035393e-001 -3.954361e-002  3.923756e-001  6.737996e-001  9.067983e-002  3.120403e-002 -3.182015e-001 -6.170223e-001 -1.153109e+000  3.021099e-001  4.105820e-001 -7.207287e-001  3.638505e-001 -2.401307e-001
 9.573630e+000 -3.782640e+000 -3.723207e+000 -1.583561e+001 -1.024884e+000  4.463962e+000 -8.181254e-001  4.352310e+000 -1.052432e+001 -9.054768e+000  5.133095e+000  1.160061e+000  6.579872e+001 -7.720466e-001 -1.163820e+000  4.931092e-001  2.135241e-001  3.167415e+000  6.486119e-001 -1.028646e+000 -2.644411e+000 -1.530094e+000  2.400465e+000 -2.340394e+000  3.182385e+000  5.594635e-001  1.384391e-001  5.483630e-001  4.324739e-001  3.982108e-001 -6.211829e-001 -2.598030e-001 -3.396476e-001 -1.139452e+000  1.014902e+000 -2.541220e-003 -1.563751e-001  2.354497e-001 -2.658339e-001
 7.993777e+000 -1.399456e+000 -3.726479e+000 -1.515111e+001 -2.384834e-001  5.891462e+000 -9.595557e-001 -3.406197e-001 -1.166544e+001 -8.455838e+000  5.050479e+000  7.575168e+000  6.605178e+001 -5.683168e-001 -1.109157e+000  1.006807e+000  7.716268e-001  2.090158e+000  3.617006e-001 -1.244749e+000 -3.757381e+000  8.284831e-001  1.835458e+000 -3.060791e+000  3.674420e+000  5.053070e-001  3.276619e-001  2.547557e-001  2.404803e-001  3.982010e-001 -7.657222e-001 -3.053533e-001 -1.999779e-001 -5.152510e-001  1.409175e+000 -1.146034e-001 -7.345319e-002 -4.389087e-001 -2.659950e-001
 7.444002e+000 -2.496846e+000 -2.664486e-001 -1.490132e+001  9.856504e-001  4.943918e+000 -1.469597e+000 -4.443848e+000 -1.107870e+001 -4.959966e+000  3.172541e+000  9.872884e+000  6.633047e+001  8.925152e-002 -4.679200e-001  5.293210e-001  1.014523e+000  1.267792e+000  1.463793e-001 -1.341363e+000 -3.759606e+000  2.565566e+000  1.334351e+000 -2.252957e+000  2.744288e+000  2.149124e-002  3.437096e-001  6.426039e-002  2.462358e-002  3.572486e-001 -6.876131e-001 -4.013571e-001 -1.064755e-001  2.774923e-001  1.223958e+000 -1.634592e-001 -2.282910e-002 -9.881834e-001 -2.504884e-001
 8.284329e+000 -4.418408e+000 -2.486619e+000 -1.242692e+001  3.282102e+000  6.212377e+000 -5.134304e+000 -8.969169e+000 -3.120234e+000 -5.699584e+000 -2.470427e+000  1.443325e+001  6.672552e+001  4.388231e-001 -1.076754e+000  9.115946e-001  1.128572e+000  1.025626e+000 -3.567030e-001 -1.750518e+000 -2.663321e+000  3.060904e+000  2.135823e+000 -2.865257e+000  4.392873e-001 -1.574493e-001  1.285986e-001  9.350295e-002  4.575928e-002  3.145491e-001 -5.706718e-001 -4.944352e-001  7.557993e-002  8.689455e-001  2.392895e-001  1.956921e-001  1.393060e-001 -1.340293e+000 -2.139923e-001
 9.874612e+000 -4.612764e+000 -1.696532e+000 -1.212509e+001  3.553782e+000  5.035400e+000 -5.437567e+000 -1.013145e+001 -1.969091e+000 -3.761138e+000 -2.371235e+000  1.145246e+001  6.556931e+001  4.429317e-001 -8.587197e-001  6.638336e-001  1.821295e+000  2.616156e-001 -9.989720e-001 -1.308139e+000 -1.803979e+000  3.473484e+000  1.432987e+000 -2.552306e+000 -1.409658e-001 -3.616005e-001 -1.644450e-001  1.229522e-001  8.586605e-002  2.542215e-001 -3.975670e-001 -5.219049e-001  2.189191e-001  1.058769e+000 -5.525441e-001  6.113685e-001 -1.420323e-001 -1.170264e+000 -7.275642e-002
 8.972588e+000 -5.725268e+000  1.546536e+000 -1.089636e+001  3.605581e+000  4.062206e+000 -7.728160e+000 -1.081343e+001 -9.157282e-001  1.623862e+000 -6.503919e+000  8.981816e+000  6.564512e+001 -1.021640e-001 -4.462426e-001  1.168348e+000  1.940986e+000 -2.601125e-001 -1.537800e+000 -8.834612e-001 -3.904672e-001  1.570972e+000  2.764601e+000 -2.214586e+000 -1.584417e+000 -3.731087e-001 -2.607519e-001  3.834274e-001 -1.539053e-001  2.062159e-001 -3.468257e-001 -4.523146e-001  2.947097e-001  1.085458e+000 -1.005025e+000  4.707869e-001  9.069102e-002 -8.580178e-001 -1.616638e-002
 9.314531e+000 -6.137015e+000  1.036142e+000 -6.560125e+000  2.131989e+000  1.024143e+000 -6.713363e+000 -1.254161e+001  5.186466e+000 -1.456754e+000 -7.572246e+000  1.189377e+001  6.506268e+001 -4.624799e-001 -1.684150e-001  8.302748e-001  1.879423e+000 -7.717369e-002 -1.872597e+000 -6.802961e-001  3.978100e-001  5.478119e-001  4.076805e+000 -3.288454e+000 -2.095181e+000 -2.344612e-001 -2.371454e-001  4.301567e-001 -2.620714e-001  2.021256e-001 -2.845748e-001 -4.165260e-001  7.845059e-002  1.177290e+000 -1.213446e+000  1.625230e-001  6.458387e-001 -1.067598e+000  4.495385e-002
 8.053550e+000 -5.887496e+000  1.988783e+000 -5.504475e+000  2.692436e+000  5.290075e-001 -8.913712e+000 -9.716421e+000  1.156845e+000  6.971228e+000 -1.094285e+001  6.290510e+000  6.511330e+001 -4.122307e-001  4.952307e-001  5.884755e-002  2.130587e+000 -5.391080e-001 -2.181463e+000 -5.908910e-001  1.663073e+000 -5.013825e-001  3.167849e+000 -2.043729e+000 -2.873694e+000 -3.018509e-001 -3.471398e-002  3.889446e-001 -3.798044e-001  3.742584e-001 -2.548738e-001 -5.010284e-001  8.187082e-002  6.964020e-001 -6.405580e-001 -1.013374e+000  1.597918e+000 -8.396215e-001 -7.661742e-003
 8.021731e+000 -5.373725e+000  2.233718e+000 -5.423919e+000  3.624486e+000 -2.560986e+000 -8.246272e+000 -8.690899e+000 -2.663186e-001  1.394920e+001 -1.659404e+001  2.322206e+000  6.466291e+001 -5.877620e-001  8.213273e-001 -9.177347e-002  2.737122e+000 -1.021761e+000 -2.759770e+000 -1.062171e+000  3.055703e+000 -1.557567e+000  2.043978e+000  5.914584e-001 -4.834320e+000 -1.724602e-001  1.063907e-001  2.584732e-001  6.494129e-002  4.824872e-001 -2.974157e-001  5.155170e-002  3.806802e-001 -1.090520e-001 -4.741748e-001 -1.774663e+000  2.205121e+000 -6.157836e-001 -2.530945e-001
 7.557834e+000 -3.630759e+000  1.241985e+000 -8.115264e-001  1.637921e-001 -5.052546e+000 -9.916161e+000 -4.423418e+000 -6.962481e-001  9.760127e+000 -1.221167e+001 -6.008714e-001  6.433575e+001 -2.130928e-001  1.003609e+000 -2.696504e-001  3.383429e+000 -1.062188e+000 -3.599355e+000 -2.831696e-001  1.762596e+000 -5.791288e-001 -1.285855e+000  3.835046e+000 -4.412955e+000 -4.424179e-001  1.971543e-001  9.045432e-002  5.530675e-001  3.795107e-001 -5.158324e-001  9.220139e-001  6.754575e-001 -1.587990e+000 -3.020274e-001 -1.478642e+000  1.429520e+000  2.073068e-001 -4.426079e-001
 6.623579e+000 -3.158746e+000  9.506735e-001  4.779011e+000 -1.712492e+000 -9.983931e+000 -1.152299e+001  9.040204e-002 -1.674823e+000  7.368686e+000 -3.980548e+000 -8.832135e+000  6.458915e+001 -3.009529e-002  8.697618e-001  1.319230e+000  3.665439e+000 -1.302712e+000 -9.058927e-001  1.069244e+000 -1.972115e-001 -1.784189e+000 -2.569658e+000  4.797764e+000 -4.404469e+000 -1.429650e+000  2.545909e-001 -1.372982e-002  6.635286e-001  6.227934e-002 -7.775084e-001  1.654655e+000  5.876027e-001 -2.458499e+000  3.054839e-003 -6.174150e-001 -1.858923e-001  1.262379e+000 -4.559655e-001
 7.687162e+000 -1.976939e+000  1.282053e+000  6.311204e+000  4.998686e-002 -1.375630e+001 -8.691198e+000 -5.294092e+000 -1.034546e+000  3.832210e+000  1.925634e+000 -1.019709e+001  6.293809e+001  2.947072e-001  9.232850e-001  2.118683e+000  3.563982e+000 -2.977794e+000  1.501667e+000  1.720689e+000 -4.650421e+000 -1.898208e+000 -1.918542e+000  3.000717e+000 -2.052086e+000 -1.886296e+000  1.619433e-001 -1.848459e-001  3.438693e-001 -1.593629e-001 -9.851331e-001  1.646647e+000  1.882814e-002 -1.918440e+000  2.547959e-001  5.077779e-001 -1.368996e+000  1.461650e+000 -1.307725e-001
 7.806591e+000 -1.851827e+000  8.809835e+000  9.341909e+000 -2.832174e+000 -2.738575e+000 -3.512531e+000 -9.241619e+000 -9.018115e+000  4.064872e+000  3.261340e-001 -1.490203e+001  5.821349e+001  4.312923e-001  7.928403e-001  2.031703e+000  2.958242e+000 -3.951500e+000  2.962992e+000  8.739135e-001 -6.030283e+000 -8.827533e-001 -7.267537e-001  7.916195e-002  2.971422e-001 -1.730349e+000  6.563038e-002 -2.946452e-001 -5.120602e-001 -4.238871e-001 -5.287280e-001  4.278029e-001 -6.467345e-001 -5.721822e-001  9.709763e-001  9.464841e-001 -1.382552e+000  1.157078e+000  3.898825e-001
 8.439864e+000  3.322058e-001  7.905821e+000  1.472694e+001 -1.416534e+001 -1.166886e+000 -5.317948e+000 -2.300951e+001 -6.515644e+000  1.819326e+000  6.385764e-001 -7.826356e+000  5.809210e+001  3.659302e-001  1.178406e-001  1.093460e+000  2.940213e+000 -4.663460e+000  2.699436e+000 -9.136345e-002 -4.913065e+000  2.441329e-001  3.315822e-001 -6.506346e-001  5.444876e-001 -9.459313e-001 -1.104748e-001 -2.944422e-001 -9.700863e-001 -6.337205e-001  6.258488e-001 -6.770670e-001 -5.795639e-001  1.298897e+000  8.497831e-001  7.742326e-001 -5.354401e-001  1.238136e-001  5.691249e-001
 8.403689e+000 -3.491172e-001  7.797302e+000  1.536235e+001 -1.436233e+001 -1.463675e+000 -8.840052e+000 -2.120331e+001 -3.348041e+000  4.741359e+000 -2.941209e+000 -8.531794e+000  5.836040e+001  2.624452e-001 -2.007419e-001 -7.284588e-001  1.857888e+000 -3.103520e+000  6.342376e-001 -1.258402e+000 -2.926800e+000  1.999522e+000  1.037701e+000 -2.893203e-001  8.263578e-002  4.958038e-002 -2.665050e-001 -8.083600e-002 -9.121150e-001 -7.684509e-001  1.272214e+000 -1.120117e+000 -1.281875e-001  1.876035e+000  2.720733e-001  1.825215e-001  3.247863e-001 -5.214647e-001  4.626429e-001
 9.218264e+000 -2.139091e+000  7.255620e+000  1.800204e+001 -1.750223e+001 -8.965663e-001 -6.484255e+000 -2.387858e+001 -2.648919e+000  5.151877e+000  3.061319e-001 -1.065977e+001  5.813498e+001 -1.732430e-001 -5.213506e-002 -1.351668e+000  9.455570e-001 -2.725402e-001 -7.192906e-001 -1.109732e-001  2.923223e-001  9.095695e-001  1.070394e+000  5.077574e-001 -1.325765e+000  6.936417e-002 -3.353133e-001  5.943118e-002 -4.116707e-001 -8.894524e-001  1.508824e+000 -7.508430e-001  9.939929e-002  1.530063e+000 -3.040038e-001 -4.757861e-001  6.686767e-001 -5.338085e-001  1.448495e-001
 8.729617e+000 -1.619888e+000  5.492642e+000  1.699380e+001 -1.668132e+001  2.974533e-001 -9.221386e+000 -2.344109e+001 -9.538686e-001  7.587101e+000 -9.542453e-001 -1.307214e+001  5.843995e+001 -6.316463e-001  4.736481e-001 -1.306309e+000  1.133152e-001  2.141113e-001 -9.282295e-001  2.427811e-001  7.472002e-001  1.448949e-001 -1.835520e-001  1.123898e+000 -1.375055e+000  7.521820e-002 -4.097484e-001 -7.625743e-002  1.578504e-001 -6.774109e-001  1.142972e+000 -1.336530e-001  3.009194e-001  9.810522e-001 -7.077863e-001 -8.750085e-001  6.035919e-001 -4.746566e-001 -1.119300e-001
 7.410686e+000  7.069159e-001  2.299814e+000  1.863900e+001 -1.436854e+001 -5.643904e+000 -5.682147e+000 -2.042901e+001 -3.164883e+000  5.748424e+000  2.183881e+000 -1.218501e+001  5.839914e+001 -8.635906e-001  7.780141e-002 -6.759683e-001 -6.347629e-001  1.221845e+000 -2.735459e-001 -3.449584e-001  9.002495e-001 -3.485725e-001 -1.436722e+000  1.986140e+000 -1.395710e+000 -2.345028e-001 -2.776634e-001 -1.139006e-001  4.752681e-001 -5.286456e-001  7.419568e-001  3.527050e-001 -2.713864e-002  2.131983e-002 -6.002815e-001 -6.207948e-001  3.808637e-001 -2.836873e-001 -4.794911e-001
 6.149247e+000  5.961202e-001  3.743660e+000  1.561045e+001 -1.485862e+001 -3.731154e+000 -8.027201e+000 -1.919209e+001 -2.365584e+000  3.525326e+000  1.739404e+000 -1.464445e+001  5.860441e+001 -1.441123e+000 -6.469973e-001 -2.770563e-001 -7.390065e-001  1.864149e+000 -2.568998e-001  3.631880e-001  1.674497e+000 -9.103385e-001 -2.083784e+000  1.989447e+000 -2.255675e+000 -3.581364e-001 -2.773954e-001  2.024080e-001  5.651479e-001 -3.986392e-001  7.202301e-001 -4.104983e-002 -3.884581e-001  5.745693e-002 -8.825656e-001  2.790792e-001 -2.724726e-002  4.077709e-001 -8.316650e-001
 6.190495e+000 -2.858088e+000  4.750269e+000  1.551990e+001 -1.230436e+001 -2.499921e-001 -8.806140e+000 -2.150183e+001 -3.685924e+000 -8.443630e-004  8.890008e+000 -1.685216e+001  5.688023e+001 -1.156821e+000 -6.131548e-002  5.100465e-001 -1.271510e+000  2.612225e+000  7.085695e-001 -3.068698e-001 -6.472711e-002 -1.564221e+000 -1.083465e+000  1.979301e+000 -2.303891e+000 -2.111414e+000 -4.119111e-001  4.382585e-001  2.185577e-001 -1.083988e+000  4.589353e-001 -6.061226e-001 -4.624789e-001  5.844379e-001 -3.770272e-001  7.423956e-001 -8.496709e-001  1.066815e+000 -8.477104e-001
 2.134098e+000 -3.072373e+000  2.882133e+000  1.485831e+001 -8.392669e+000 -3.684001e+000 -5.843449e+000 -1.453219e+001 -5.245040e+000  4.281789e-002  5.639929e+000 -2.201693e+001  5.740873e+001 -1.872008e+000  1.555246e+000  9.264229e-001 -1.561507e+000  3.120072e+000 -1.624536e+000 -1.718554e+000  1.516973e+000 -3.660109e+000  1.035215e+000  9.910810e-001  1.117890e+000 -3.144651e+000 -7.154278e-001 -1.675616e-001 -7.479701e-001 -1.696847e+000  4.278812e-001 -7.948904e-001  9.998420e-002  1.324867e+000  8.123980e-001  8.366120e-001 -1.256911e+000  1.725350e+000 -3.056252e-002
 3.634153e+000  2.234585e+000  5.280810e+000  1.265752e+001 -4.540389e+000 -2.124633e+000 -8.308372e+000 -2.308259e+001 -9.546261e+000  2.072355e+000  1.013012e+001 -2.001822e+001  4.843991e+001 -2.707703e+000  1.167972e+000 -1.849195e-001 -5.643451e+000  2.888560e+000 -2.620340e+000 -1.616482e+000  3.901201e+000 -8.588237e-001  7.157565e-001 -1.763031e+000  2.251581e+000 -3.079797e+000 -7.553588e-001 -1.153407e+000 -1.735282e+000 -1.483459e+000  3.227395e-001 -8.435100e-001  1.179736e+000  2.121352e+000  1.859404e+000  4.128470e-001 -1.339184e+000  1.024490e+000  1.342366e+000
-1.932621e+000  5.826015e+000  8.110504e+000  9.234106e+000 -3.140247e+000 -1.091652e+001 -1.686885e+001 -1.081684e+001 -1.773596e+001  7.664803e+000  6.074752e+000 -7.471972e+000  4.710131e+001 -4.242821e+000 -2.099449e+000 -3.669424e+000 -7.037270e+000  3.865388e+000 -2.566897e+000  1.517915e+000  6.315866e+000  2.798953e+000  1.199666e+000 -2.423942e+000  4.093339e+000 -2.675743e-002 -2.342039e-001 -1.367054e+000 -2.153165e+000 -4.466252e-001  9.947591e-002 -3.126126e-001  2.055603e+000  8.103423e-001  2.068787e+000 -2.460723e-001 -4.894795e-001 -8.248170e-001  1.845275e+000
-5.314662e+000 -1.467422e+000  1.211486e+000 -9.885247e+000 -4.877737e-001 -9.735436e+000 -1.137585e+001 -3.853495e+000 -1.734583e+000 -2.330544e-001 -1.425597e-001 -1.286674e+001  4.663496e+001 -3.748209e+000 -4.001001e+000 -5.868441e+000 -5.950922e+000  3.853265e+000 -3.037800e+000  3.973574e+000  8.142588e+000  4.503269e+000  8.985449e-001 -3.009109e+000  1.330833e+000  3.041468e+000  6.212741e-001 -2.128402e-001 -1.406639e+000  1.541206e+000 -4.206381e-001 -1.629839e-001  1.562463e+000 -9.641190e-001  2.798647e-001 -2.782560e-001  7.176915e-001 -1.796697e+000  1.288507e+000
