43 39
 8.756727e+000  2.703504e+000 -4.663940e+000 -2.155589e+001 -7.168576e+000 -1.047713e+001 -1.208880e+001 -2.093755e+000 -1.519682e+001 -6.799838e+000 -6.298440e+000 -8.226320e+000  4.906168e+001 -9.149321e-001  1.602855e+000  1.005158e+000  1.059512e+000 -5.471613e-001 -2.213695e+000 -3.505375e-001  1.830983e+000 -1.781417e+000 -5.492576e-001 -7.781081e-001 -3.386810e+000 -1.552761e+000 -1.942239e-001 -1.118952e-001 -1.545461e-001 -5.273920e-001  1.641409e-001  6.069854e-001 -2.505633e-001 -1.029877e+000  3.373607e-001 -1.312869e-001 -3.455294e-001 -1.860754e-001  1.114781e-001
 7.458983e+000  3.013822e+000 -2.640269e+000 -2.138123e+001 -1.151077e+001 -1.316096e+001 -1.459669e+001 -9.561019e-001 -1.919725e+001 -6.594078e+000 -1.135875e+001 -1.392354e+001  4.697978e+001 -6.630400e-001  1.981026e+000  6.372331e-001 -1.065903e-002 -8.105484e-001 -7.417593e-002 -5.590148e-001  6.938058e-001 -7.292612e-001 -1.247564e+000 -1.066213e+000 -2.599406e+000 -1.584615e+000  1.501029e-001  5.532004e-002 -2.299397e-001 -5.688600e-001 -3.653312e-002  9.826322e-001  1.578226e-001 -8.881224e-001  9.777690e-001 -1.929701e-001 -1.935313e-002  1.100853e+000  2.660682e-001
 6.238868e+000  6.872536e+000 -3.350818e+000 -2.216373e+001 -1.015098e+001 -1.062526e+001 -1.475927e+001 -2.451707e+000 -1.606418e+001 -1.231724e+001 -1.222861e+001 -1.162526e+001  4.563882e+001 -2.967383e-001  1.787041e+000  1.444596e-001 -4.430904e-001 -1.531742e+000  9.523342e-001 -3.838260e-001 -6.177964e-001  6.808400e-001 -1.842684e+000 -1.443233e+000 -4.059771e-001 -1.176241e+000  3.237681e-001 -1.517736e-001 -1.513518e-001 -4.643953e-001 -9.323277e-002  4.590283e-001  3.446253e-001 -3.982349e-001  7.344711e-001  2.317705e-001  1.930788e-001  1.137778e+000  4.396723e-001
 7.255290e+000  8.724077e+000 -4.526741e+000 -2.158617e+001 -1.193934e+001 -7.041986e+000 -1.596506e+001 -1.322679e+000 -1.564049e+001 -1.259439e+001 -1.127221e+001 -1.228121e+001  4.447839e+001  8.927703e-002  1.754622e+000  1.970105e-001 -8.708620e-001 -9.131783e-001  6.311713e-001  6.507737e-001 -1.960550e-001  1.352321e+000 -1.111088e+000 -5.749413e-001  1.139203e+000 -5.139675e-001  2.803779e-001 -4.310923e-001  5.356446e-002 -2.965830e-001  2.224363e-001 -1.941967e-001  3.572457e-001 -4.496732e-002  3.372254e-001  6.641188e-001  4.570151e-001  6.057146e-001  5.584052e-001
 7.374882e+000  8.783584e+000 -2.998406e+000 -2.366888e+001 -1.461300e+001 -8.774943e+000 -1.332375e+001 -4.999448e+000 -1.357100e+001 -1.301310e+001 -1.355787e+001 -1.107737e+001  4.443117e+001  3.277497e-001  9.571889e-001  4.685104e-001 -8.323631e-001 -9.620102e-001 -2.712268e-001  7.676946e-001  2.847391e-001  8.501478e-001  5.413567e-001 -5.835028e-002  4.327737e-001  1.102768e-001  1.736619e-001 -5.390530e-001  1.235403e-001 -2.654147e-001  6.051355e-001 -1.719831e-001  2.875332e-002  3.217455e-001 -5.421038e-002  7.377450e-001  5.789844e-001 -5.754383e-002  5.298446e-001
 7.337361e+000  1.083141e+001 -1.831423e+000 -2.498297e+001 -1.384565e+001 -1.093026e+001 -1.206058e+001 -6.625058e-001 -1.368224e+001 -1.180159e+001 -1.356882e+001 -8.501471e+000  4.501377e+001  4.266056e-001  2.404907e-001  7.430300e-001 -1.298938e+000  1.676721e-002 -4.333791e-001  6.514535e-001  1.770139e-002  8.722121e-001  8.810098e-001  5.264207e-001  9.791088e-003  5.641521e-001  3.094318e-002 -5.868383e-001  3.522769e-002 -3.526911e-001  5.774032e-001  3.968653e-001 -2.532633e-001  7.191616e-002 -1.424450e-001  2.862504e-001  3.299316e-001 -2.358617e-001  4.232848e-001
 7.836581e+000  1.060482e+001 -2.355925e+000 -2.462715e+001 -1.400787e+001 -1.003725e+001 -1.287304e+001 -1.358098e+000 -1.279257e+001 -1.000686e+001 -1.137206e+001 -1.135126e+001  4.592252e+001  4.029068e-001 -1.511578e-001  4.891513e-001 -1.556126e+000  1.028963e+000  6.246940e-001 -2.403993e-001  8.840529e-001  6.498424e-001  8.499921e-001  9.010085e-001 -1.289903e-001  9.339226e-001 -6.737023e-002 -5.576102e-001 -7.715552e-002 -3.791566e-001  4.899337e-001  7.387546e-001 -5.726533e-002 -7.136375e-002 -1.752637e-001 -2.348487e-001 -5.442546e-002  1.980894e-001  3.153557e-001
 9.157469e+000  9.015915e+000 -1.132832e+000 -2.760172e+001 -1.215807e+001 -8.577727e+000 -1.293315e+001 -3.054847e+000 -1.166865e+001 -9.692462e+000 -9.733014e+000 -1.209531e+001  4.655347e+001  2.064144e-001 -6.253964e-001  3.628285e-001 -2.272436e+000  9.783515e-001  2.167537e+000 -1.114960e-001 -1.361311e-001  7.402482e-001  1.658462e-001  5.950373e-001  2.407763e-001  1.190633e+000 -1.571579e-001 -6.541693e-001 -2.857657e-001  7.168151e-002  1.199955e-001  5.216231e-001  3.888281e-001 -1.655517e-001 -4.753326e-001 -4.498796e-001 -1.087293e-001  2.501662e-001  2.786776e-001
 8.479362e+000  8.935541e+000 -9.019454e-001 -3.014013e+001 -1.031198e+001 -6.827741e+000 -1.408946e+001  6.169873e-001 -1.132858e+001 -9.817704e+000 -1.097073e+001 -9.925406e+000  4.833093e+001  1.009942e-001 -1.397919e+000  2.728336e-001 -2.241397e+000  1.006866e+000  2.122088e+000  8.628427e-001  4.836583e-003  3.981104e-002 -2.753049e-001 -3.647859e-001  1.307728e+000  1.373815e+000 -1.013444e-001 -9.333668e-001 -3.713827e-001  7.309099e-001 -1.050542e-001  8.605832e-002  7.349766e-001 -2.188760e-001 -6.020814e-001 -5.501525e-001  2.123528e-001 -2.079758e-001  2.081739e-001
 8.048042e+000  8.539063e+000 -7.442696e-001 -3.358866e+001 -1.080184e+001 -1.697331e+000 -1.200985e+001 -2.330704e+000 -1.071299e+001 -1.106693e+001 -1.079430e+001 -8.010517e+000  4.976273e+001 -2.082277e-001 -2.406976e+000 -5.776396e-001 -5.978947e-001  6.277928e-001  1.426039e+000  2.043973e+000 -3.704489e-001 -1.199435e+000 -8.057395e-001  6.156713e-001  5.422627e-001  1.737594e+000 -5.870552e-002 -1.112576e+000 -3.985836e-001  1.357022e+000 -8.083752e-002 -2.193046e-001  5.859479e-001 -1.061993e-002 -5.717667e-001 -4.530852e-001  4.682689e-001 -8.590202e-001  1.317256e-001
 8.896265e+000  3.853649e+000 -1.186038e+000 -3.284067e+001 -9.651658e+000 -2.867009e+000 -9.020473e+000 -1.695987e+000 -1.307134e+001 -1.069615e+001 -1.266535e+001 -6.855015e+000  5.118696e+001  1.035059e-001 -3.927202e+000 -8.975281e-001  1.261153e+000  6.789711e-001  1.425735e+000  2.356749e+000 -9.316800e-002 -1.390723e+000 -1.414978e+000  1.952456e+000 -1.319613e+000  1.701312e+000 -1.019975e-001 -8.206882e-001 -3.410362e-001  1.253544e+000  2.522470e-001 -7.192978e-002 -4.538766e-002 -3.150981e-002 -1.780122e-001 -4.512786e-001  5.564425e-001 -1.053775e+000  1.320264e-002
 7.907879e+000 -4.780163e-001 -3.878984e+000 -2.924093e+001 -9.349265e+000 -3.427898e+000 -5.247778e+000 -3.750605e+000 -1.679445e+001 -1.328194e+001 -5.807352e+000 -1.091919e+001  5.381343e+001 -8.836909e-002 -4.923632e+000 -1.044909e+000  2.761399e+000  7.381113e-001  1.419191e+000  2.071290e+000 -1.402285e-001 -1.403318e+000 -1.529744e+000  1.777761e+000 -2.740654e+000  1.685513e+000 -9.985522e-002 -2.405505e-001 -8.514424e-002  5.933880e-001  6.456013e-001  1.438787e-001 -8.540829e-001 -2.455305e-002  3.604102e-001 -2.947484e-001  5.943165e-002 -3.573594e-001 -1.645297e-001
 9.066974e+000 -6.191929e+000 -3.822229e+000 -2.600823e+001 -7.643409e+000  1.166216e+000 -5.686749e+000  8.610979e-001 -1.524147e+001 -1.578509e+001 -3.701930e+000 -1.506913e+001  5.481214e+001 -4.689225e-001 -4.243032e+000 -1.198713e+000  2.346674e+000  2.212942e+000  1.765863e+000  6.222456e-001 -2.678227e-001 -7.483085e-001 -2.169696e+000  1.836382e+000 -2.319690e+000  1.465869e+000 -1.450605e-001  4.660520e-001  5.054500e-002 -1.542804e-002  7.696325e-001 -2.682107e-002 -1.281021e+000 -2.418171e-001  6.025907e-001 -5.767842e-002 -1.740831e-001  4.838378e-001 -2.551989e-001
 7.520843e+000 -1.105631e+001 -4.650718e+000 -2.319788e+001 -8.115407e+000  3.382012e+000 -3.320260e+000 -4.310389e+000 -1.664451e+001 -1.617118e+001 -6.387200e+000 -1.760673e+001  5.637770e+001 -4.212896e-001 -3.451813e+000 -8.527683e-001  1.826285e+000  3.088814e+000  1.975368e+000 -1.359190e+000 -4.058869e-001  2.814088e-001 -1.902123e+000  9.708665e-001 -7.444959e-001  1.032668e+000 -2.017343e-002  8.674771e-001  1.804924e-001 -2.366368e-001  5.895028e-001 -3.336703e-001 -1.267027e+000 -1.485207e-001  7.537889e-001  1.170591e-001  3.605287e-002  8.228697e-001 -3.172444e-001
 6.745171e+000 -1.207236e+001 -6.793736e+000 -2.412882e+001  7.961224e-001  2.557353e+000 -6.873005e+000 -2.755209e+000 -1.688785e+001 -2.010001e+001 -3.193513e+000 -1.510969e+001  5.723417e+001 -4.553363e-001 -2.332851e+000 -7.408733e-001  1.651570e+000  3.351782e+000  1.013541e+000 -2.333116e+000 -1.169424e+000  7.798672e-001 -1.517180e+000  1.485487e+000  1.014974e-001  7.517399e-001  6.949997e-002  7.576286e-001  3.533401e-001 -1.065221e-001 -9.761312e-002 -6.630884e-001 -7.688554e-001 -4.298123e-002  5.037225e-001  4.781533e-001 -1.311467e-001  4.768784e-001 -2.957368e-001
 6.962332e+000 -1.479687e+001 -6.657072e+000 -2.104921e+001  1.875039e+000  5.753376e+000 -1.145060e+001 -3.971886e+000 -1.456421e+001 -2.063509e+001 -1.207228e+000 -1.462139e+001  5.776575e+001 -1.960293e-001 -1.541337e+000 -3.713667e-001  1.925767e+000  3.116205e+000  1.270005e-001 -2.786163e+000 -4.320313e-001  1.601539e+000 -1.270706e+000  2.133473e+000  1.631007e-001  4.563553e-001  1.984170e-002  6.225987e-001  4.171872e-001 -1.449113e-001 -3.943934e-001 -8.826935e-001 -8.836333e-002  1.491056e-001  1.669986e-001  5.755160e-001 -3.303825e-001  4.896944e-002 -2.050182e-001
 7.069547e+000 -1.598591e+001 -6.523418e+000 -1.882472e+001  4.120280e+000  5.048237e+000 -1.328716e+001 -5.155273e+000 -1.238229e+001 -2.113904e+001  1.135520e+000 -1.605432e+001  5.787682e+001 -2.340528e-001 -1.410127e+000  3.272869e-001  1.764322e+000  1.711181e+000 -6.253949e-001 -2.508544e+000 -4.696566e-001  1.110239e+000 -9.463749e-002  5.993450e-001 -3.890960e-001  2.753410e-001 -5.649666e-002  4.567192e-001  4.014359e-001 -3.071097e-001 -5.255701e-001 -6.637123e-001  1.405235e-001  4.320056e-001 -9.987040e-002  4.279529e-001 -7.586103e-001 -4.422738e-002 -1.326445e-001
 6.378508e+000 -1.680622e+001 -6.642711e+000 -1.622110e+001  5.803539e+000  2.771572e+000 -1.404400e+001 -5.270513e+000 -1.088960e+001 -2.200519e+001  2.115646e+000 -1.631891e+001  5.833816e+001 -4.327229e-001 -8.001822e-001  6.990879e-001  1.045352e+000  1.937147e+000 -1.618631e+000 -1.713292e+000 -1.024246e-002  9.512159e-001  2.641857e-001 -2.379746e-001 -2.543520e-001  2.457760e-001 -7.582028e-002  3.545587e-001  2.493794e-001 -3.627938e-001 -5.021876e-001 -3.335870e-001  2.150969e-001  4.412829e-001 -2.682973e-001  2.797699e-001 -9.570518e-001  1.268898e-001 -9.026283e-002
 5.866819e+000 -1.811832e+001 -5.164482e+000 -1.772127e+001  7.387776e+000  9.212801e-001 -1.811903e+001 -4.454179e+000 -1.317396e+001 -1.988814e+001 -1.858225e+000 -1.620641e+001  5.832467e+001 -6.194729e-001 -4.198324e-001  7.310791e-001  5.562288e-001  1.313461e+000 -1.432205e+000 -2.166934e+000  7.797093e-001  6.056767e-001 -1.448616e-001 -1.121841e+000  8.908682e-002  1.938072e-001  2.378051e-002  3.269551e-001  8.962233e-002 -6.821245e-002 -3.407530e-001  5.711079e-003  3.994871e-001  4.629912e-001  3.539085e-004  1.628138e-001 -5.887614e-001  4.512447e-001 -6.532677e-002
 5.400082e+000 -1.773157e+001 -3.841100e+000 -1.637417e+001  9.927028e+000 -2.763026e-001 -1.760112e+001 -4.373646e+000 -9.412294e+000 -1.993961e+001 -9.002284e-001 -1.581710e+001  5.877071e+001 -3.824207e-001 -2.636900e-001  6.736342e-001  7.158445e-001  8.041272e-001 -1.137529e+000 -1.881484e+000  1.149700e+000  5.123333e-001  1.532555e-001 -1.791193e+000  5.584584e-001  4.580803e-002  1.227728e-001  1.433138e-001 -1.336706e-002  9.278011e-002 -3.909203e-001  1.385887e-001  4.077260e-001  1.985065e-001  4.691708e-002  1.956682e-001 -4.662357e-001  4.749237e-001 -8.460644e-002
 4.461396e+000 -1.762239e+001 -4.268828e+000 -1.596704e+001  8.625839e+000 -5.888504e-001 -2.234327e+001 -1.705160e+000 -1.009256e+001 -2.289614e+001 -2.965746e+000 -1.585979e+001  5.862958e+001 -1.403013e-001 -4.359741e-002  7.881254e-001  1.588014e+000  5.739258e-001 -8.373906e-001 -4.270128e-001  1.265328e+000  1.331450e+000  7.748964e-001 -1.567853e+000  1.460723e+000  4.869118e-002  1.095124e-001  4.185608e-002 -1.010935e-001  1.184290e-001 -3.234660e-001 -7.254735e-002  6.672493e-001 -2.932182e-001  1.000429e-001  1.610869e-001 -2.598953e-001  3.125599e-001 -6.039692e-002
 5.169116e+000 -1.837263e+001 -3.722367e+000 -1.351899e+001  9.205143e+000 -2.161010e+000 -2.133930e+001 -8.965210e-001 -9.868638e+000 -1.973492e+001 -6.286559e+000 -1.369993e+001  5.841475e+001 -5.844488e-002 -2.717306e-001  6.037294e-001  9.933602e-001  3.523136e-001 -1.223095e+000 -5.446222e-001  7.394809e-001  8.229148e-001  7.826477e-001 -2.346147e+000  1.434449e+000 -1.046982e-001  8.115728e-003  1.003610e-002 -1.542546e-001 -6.024175e-002 -3.454470e-001 -1.987309e-001  5.777972e-001 -4.929430e-001  3.601879e-002 -2.419043e-001 -5.119382e-002  1.118348e-001 -3.261849e-002
 5.280796e+000 -1.801578e+001 -1.283222e+000 -1.120879e+001  1.061835e+001 -2.323319e+000 -1.838500e+001  1.338999e-001 -6.288540e+000 -1.611601e+001 -7.004323e+000 -9.961381e+000  5.874611e+001 -2.338986e-001 -2.065317e-001  2.605638e-001  1.009616e+000 -7.796268e-002 -1.752159e+000  5.008814e-001 -4.812721e-001  9.506004e-001  3.458769e-001 -2.143840e+000  1.213891e+000 -3.292427e-002 -5.647854e-002 -6.109715e-003 -2.042870e-001 -3.217992e-001 -3.673597e-001 -2.308241e-001  2.286025e-001 -4.224764e-001 -1.644221e-001 -7.039599e-001  6.488111e-002 -1.627028e-001 -4.078259e-002
 4.698158e+000 -1.889353e+001 -2.315256e+000 -1.378650e+001  1.069234e+001 -5.524545e+000 -2.230337e+001 -1.595772e+000 -7.199728e+000 -1.941644e+001 -1.061168e+001 -1.159406e+001  5.818895e+001 -2.950434e-001 -1.320423e-001  1.661418e-001  7.038348e-001 -5.971636e-001 -1.673800e+000  5.435547e-001 -4.417147e-001  8.828518e-001 -8.417562e-001 -1.759168e+000  1.241048e+000 -7.647667e-002 -2.667351e-002  4.824127e-002 -1.441057e-002 -2.210229e-001 -2.186784e-001  1.886561e-002  2.268701e-001  1.390719e-003 -7.146569e-002 -6.555827e-001  4.030834e-001 -1.210071e-001 -1.128937e-002
 3.527382e+000 -1.839460e+001 -3.669564e+000 -1.078520e+001  7.492426e+000 -7.667877e+000 -1.935683e+001 -3.761895e+000 -6.674009e+000 -2.132599e+001 -1.152239e+001 -1.084327e+001  5.857785e+001 -3.043947e-001 -1.439901e-001 -1.451596e-002  1.237807e-001 -7.881342e-001 -1.766159e+000  1.719110e-001 -2.564563e-001  4.793704e-001 -1.932701e+000 -1.536936e+000  7.439090e-001 -1.693325e-001  2.118650e-002  1.833015e-002  2.829113e-001 -2.691714e-001 -4.214230e-003  2.610119e-001  7.449614e-002  3.486940e-001 -7.489128e-002 -3.059015e-001  4.959979e-001 -1.114117e-001 -5.900574e-003
 4.570605e+000 -1.884343e+001 -1.698487e+000 -1.021161e+001  7.782285e+000 -7.857730e+000 -1.813561e+001 -1.157197e+000 -5.261644e+000 -2.133871e+001 -1.282337e+001 -7.053748e+000  5.811649e+001 -1.565644e-001 -6.179504e-002  6.692165e-001  3.311632e-001 -3.859928e-001 -1.121767e+000  7.542135e-001  6.340265e-001  7.012013e-001 -1.355977e+000 -6.341821e-001  1.064404e+000 -9.294090e-002 -1.533041e-002  1.260164e-002  3.617116e-001 -1.854550e-001  1.050061e-002  2.750653e-001  1.400693e-001  2.810227e-001 -2.325079e-001  1.265818e-001  4.725858e-001 -1.557637e-001  3.470467e-002
 3.822598e+000 -1.876078e+001 -1.664186e+000 -1.237733e+001  8.132705e+000 -9.987520e+000 -1.960932e+001 -1.367669e+000 -4.860730e+000 -2.481838e+001 -1.358316e+001 -8.511992e+000  5.793568e+001 -1.972056e-001 -1.500046e-001  1.423583e+000 -1.499055e-001 -2.046193e-001 -7.231156e-001  7.680327e-001  7.243274e-001  6.669692e-001 -9.265205e-001 -2.263441e-001  7.451545e-001 -5.419502e-002  2.469662e-002  3.127493e-002  3.316260e-001 -5.449940e-002 -1.914831e-001  3.157504e-001  1.348758e-001  2.815207e-001 -5.211688e-001  4.651498e-001  3.267515e-001 -7.140318e-002  2.161027e-003
 3.767728e+000 -1.901942e+001  2.813715e-002 -1.133462e+001  8.442239e+000 -9.973559e+000 -1.840605e+001  3.772477e-001 -4.600361e+000 -2.445013e+001 -1.275220e+001 -7.437677e+000  5.804533e+001 -4.252900e-001 -6.602688e-002  1.255650e+000 -8.659725e-002 -8.364180e-001 -8.199947e-001  9.458402e-001  4.730068e-001 -3.734868e-001 -7.119375e-001 -5.153561e-002  4.616068e-001  3.947792e-002  8.820166e-002  1.316508e-001  4.983133e-002  1.175623e-002 -5.109704e-001  3.840211e-001 -2.248176e-001  1.832178e-001 -6.792507e-001  4.297873e-001  2.344673e-002 -1.325524e-001 -1.153155e-001
 2.942792e+000 -1.905663e+001  2.585038e+000 -1.097323e+001  6.139353e+000 -1.022554e+001 -1.538144e+001 -9.074807e-001 -3.669804e+000 -2.440289e+001 -1.268969e+001 -6.925531e+000  5.834246e+001 -4.654877e-002  1.450043e-002  1.350397e+000  6.016397e-002 -1.520337e+000 -3.382932e-001  7.504767e-001  1.231657e+000 -1.589130e+000  7.102814e-002 -1.945023e-001  6.882918e-001 -2.247368e-001  1.983970e-001  4.911514e-001 -1.076507e-001  3.560367e-001 -6.184016e-001  4.398810e-001 -2.827904e-001 -1.585775e-001 -5.249609e-001  6.495609e-001 -1.320445e-001 -4.028826e-002 -3.360747e-001
 2.884058e+000 -1.902564e+001  2.455152e+000 -1.134664e+001  4.596871e+000 -1.183869e+001 -1.552035e+001  9.777430e-001 -7.724541e+000 -2.510614e+001 -1.352778e+001 -5.538944e+000  5.811049e+001  2.091155e-001  5.142065e-001  9.549659e-001  2.849096e-001 -2.282986e+000  6.059268e-001 -3.610964e-001  1.296451e+000 -1.567003e+000  2.941855e-001 -5.328693e-001  4.300734e-001 -5.842476e-001  2.318346e-001  8.963520e-001 -8.852482e-002  8.281852e-001 -5.596485e-001  1.497940e-002  2.163222e-001 -6.157650e-001 -2.145981e-001  1.181489e+000 -2.750484e-001 -2.240071e-001 -5.601852e-001
 4.031689e+000 -1.868517e+001  3.874292e+000 -1.207049e+001  2.453703e+000 -1.074642e+001 -1.729979e+001  4.490368e+000 -1.124429e+001 -2.413523e+001 -1.416788e+001 -6.019900e+000  5.677942e+001  4.775768e-001  2.015635e+000  1.035671e+000  1.444525e+000 -2.573343e+000  7.633287e-001  7.549190e-003 -4.802824e-001 -1.361077e+000  1.818222e+000 -6.458998e-001  5.594800e-001 -1.422706e+000  6.294755e-002  1.052473e+000 -1.318596e-001  9.512094e-001 -3.478663e-001 -6.059589e-001  8.342206e-001 -1.072197e+000  3.010867e-002  1.447586e+000 -4.689777e-001 -3.862711e-001 -5.392999e-001
 4.268857e+000 -1.663412e+001  4.158340e+000 -9.361436e+000 -1.129866e+000 -6.683486e+000 -1.925236e+001  4.160578e+000 -8.648132e+000 -2.311303e+001 -1.467745e+001 -5.740126e+000  5.590562e+001  4.718200e-001  3.415166e+000  9.703890e-001  3.362148e+000 -3.108157e+000 -1.295909e+000  2.398915e+000 -1.749849e+000 -1.560504e+000  4.321910e+000 -1.201079e+000 -5.940227e-001 -2.162463e+000 -8.705942e-002  6.857465e-001 -1.736969e-001  5.283865e-001  7.368107e-002 -1.055020e+000  1.116567e+000 -9.195753e-001  4.887557e-002  1.152467e+000 -5.701596e-001 -3.200994e-001 -2.866454e-001
 4.638277e+000 -1.017421e+001  6.911801e+000 -4.743207e+000 -3.863995e+000 -8.986501e+000 -1.347769e+001 -4.900310e+000 -1.001339e+001 -1.630833e+001 -1.534435e+001 -4.027540e+000  5.233136e+001  1.368367e-001  3.826385e+000  6.833879e-001  3.277591e+000 -2.847083e+000 -2.417170e+000  3.541574e+000 -2.606178e+000 -1.441836e+000  5.295096e+000 -2.205286e+000 -7.310158e-001 -2.132128e+000 -2.073830e-001 -1.164537e-001 -2.743874e-001 -4.112835e-001  3.764503e-001 -6.497560e-001  4.796305e-001 -2.591507e-001  2.771494e-001  4.477358e-003 -5.291024e-001 -2.339371e-001  1.709181e-001
 4.939864e+000 -6.205288e+000  5.788342e+000  1.800454e+000 -7.785067e+000 -1.919820e+001 -5.436826e+000 -3.076162e+000 -1.614251e+001 -7.410039e+000 -1.894494e+001 -9.505238e+000  4.952220e+001 -5.581155e-002  3.037565e+000  2.626229e-001  2.010309e+000 -1.777711e+000 -3.078923e+000  3.454728e+000 -2.238478e+000 -1.282246e+000  4.318081e+000 -2.603974e+000 -5.251758e-001 -1.662763e+000 -1.987974e-001 -5.945520e-001 -2.640337e-001 -1.200567e+000  6.683668e-001  3.483742e-001 -4.620448e-001  9.561323e-002  5.433053e-001 -1.145546e+000 -1.584585e-001  2.011530e-001  4.477398e-001
 4.380369e+000 -4.767660e+000  6.476230e+000 -1.263481e+000 -8.454112e+000 -1.657491e+001 -6.499685e+000 -4.922153e+000 -1.470628e+001 -5.511241e+000 -2.306057e+001 -7.792423e+000  4.931048e+001 -2.955225e-001  1.622167e+000  1.761742e-002  6.402691e-002 -1.356315e+000 -1.593944e+000  1.877795e+000 -1.531721e+000 -1.144592e-001  1.842524e+000 -2.589964e+000 -6.446288e-001 -8.179653e-001 -2.792893e-002 -5.561648e-001 -1.508274e-001 -8.355736e-001  5.862925e-001  8.847415e-001 -7.948342e-001  1.968968e-001  6.054323e-001 -1.447935e+000  6.130758e-001  3.082782e-001  3.570395e-001
 4.118753e+000 -4.149572e+000  5.689240e+000 -1.049755e+000 -7.723361e+000 -1.828389e+001 -5.467727e+000 -7.020889e+000 -1.271292e+001 -6.921168e+000 -2.383922e+001 -6.483563e+000  4.910224e+001 -3.059873e-001  1.544514e+000 -1.689420e-002 -1.033902e+000 -5.117069e-001  3.434963e-002  9.205803e-001 -1.809011e+000  4.923345e-001  3.204679e-001 -1.801032e+000  3.685490e-001 -5.808460e-001  7.070517e-002 -6.874753e-001 -1.226247e-001  2.234363e-001  7.292298e-001  1.230380e+000 -8.283166e-001  4.584069e-001  6.449994e-001 -1.066509e+000  1.562832e+000  1.901144e-001  3.254295e-001
 3.571220e+000 -3.091232e+000  7.049439e+000 -2.997968e+000 -1.067642e+001 -1.741337e+001 -4.073268e+000 -1.058655e+001 -1.230049e+001 -7.340147e+000 -2.584704e+001 -8.761521e+000  4.845152e+001  1.222799e-001  1.792086e+000  6.900950e-002  6.218289e-001 -5.486224e-001  4.499014e-001  8.344771e-001 -1.836427e+000  6.980354e-001  5.422797e-002  4.586222e-001  3.635129e-001 -8.878895e-001 -1.743154e-001 -8.039683e-001 -4.510178e-003  9.523240e-001  1.065495e+000  1.137585e+000 -5.973414e-001  7.300658e-001  5.181112e-001 -5.755432e-001  2.181552e+000  1.955659e-001  2.172551e-001
 3.814502e+000  6.790683e-001  5.417267e+000 -2.501814e+000 -9.232446e+000 -1.860722e+001 -2.047133e+000 -9.289018e+000 -1.488373e+001 -4.893247e+000 -2.655687e+001 -7.177944e+000  4.704745e+001  8.881311e-002 -4.847710e-001 -3.761969e-001  2.848589e+000  1.464592e+000  2.051052e+000 -1.651965e-001  2.059098e-001  1.536504e+000 -1.203188e-001  3.685891e+000 -7.867441e-002 -6.538391e-004 -5.152256e-001 -8.106357e-001  6.603805e-002  5.295321e-001  9.297315e-001  1.020015e+000 -5.032239e-001  8.042454e-001 -1.914856e-002 -5.063209e-001  1.823982e+000 -2.041051e-001  9.853115e-002
 5.143894e+000  1.778449e+000  6.957264e+000  2.571693e+000 -1.044268e+001 -1.416374e+001 -4.037597e+000 -1.297023e+001 -1.013070e+001 -6.254062e+000 -1.940863e+001 -5.627668e+000  4.589843e+001 -1.364500e+000 -1.383031e+000  1.747179e-001  2.884401e+000  2.983008e+000  3.085628e+000 -5.660235e-001  1.111147e+000  1.954012e+000 -8.147986e-001  5.574334e+000  5.568124e-001 -2.178574e-002 -7.756041e-001 -4.430589e-001  8.967084e-003 -8.389829e-001  4.100508e-001  3.505461e-001 -4.089028e-001  9.567899e-001 -6.407747e-002 -1.499019e-001  3.443517e-001 -3.771630e-001 -2.555232e-002
 3.776482e+000 -9.008267e+000  3.854343e+000  1.040836e+001 -5.172713e-001 -9.653448e+000 -6.311545e+000 -4.799504e+000 -6.115291e+000 -8.065804e+000 -8.628963e+000 -8.443862e+000  5.037551e+001 -2.138726e+000 -9.211059e-001  2.604419e-001  4.824721e-001  2.371135e+000  3.816562e+000 -8.952888e-001  7.384288e-001 -2.313963e-001 -1.776623e+000  4.761019e+000 -7.486261e-001 -5.212421e-001 -5.089945e-001  4.144042e-001 -6.759142e-002 -1.813973e+000 -7.783859e-001 -5.970021e-001 -1.159600e-001  2.114431e-001  2.678180e-002  3.978129e-001 -1.173066e+000 -2.677030e-001 -2.753779e-001
-3.232268e+000 -5.162722e+000  8.704491e+000  4.968949e+000 -1.189709e-001 -6.462121e+000 -4.771179e+000 -7.275577e+000 -6.914649e+000 -9.827861e+000 -6.939316e+000 -5.344500e+000  4.667855e+001 -2.641971e+000 -2.050410e-001 -2.044744e-001 -2.390027e+000  1.048360e+000  1.319877e+000 -8.449908e-001  2.681262e+000  1.261598e+000  1.328709e-001  1.642816e+000 -1.187326e+000 -7.553570e-001  1.102212e-001  4.285752e-001 -2.970118e-001 -1.190032e+000 -1.097968e+000 -1.129852e+000  1.410809e-001  6.333336e-003  2.851021e-001  6.721628e-001 -1.570995e+000 -1.007529e-001  3.791901e-002
-2.691046e+000 -4.558756e-001  5.845863e+000 -1.288082e+000 -2.538624e+000 -3.375218e+000 -6.156786e+000 -8.444199e+000 -1.764874e+001 -1.198946e+001 -8.986429e+000 -1.106266e+001  4.405118e+001 -1.817424e+000  9.982548e-001 -5.245578e-001 -3.584063e+000 -1.460014e+000 -5.108333e-002 -6.055128e-001  4.780677e-001  2.016620e+000  1.394911e+000 -2.136806e-001 -5.451198e-001 -1.010758e+000  2.845827e-001 -1.312008e-001  7.593220e-002  2.210955e-001 -4.624464e-001 -9.124002e-001  7.165177e-001 -1.605692e-001  6.282225e-001  7.201886e-001 -8.520883e-001  6.336214e-001  4.421894e-001
-4.832197e+000 -3.522951e+000  4.939132e+000 -3.530221e+000 -4.190204e+000 -1.070348e+001 -8.339931e+000  2.258434e+000  1.944020e+000 -3.627877e+000 -1.101582e+001 -1.025490e+001  4.528381e+001 -9.740443e-001 -1.998359e-001 -9.178412e-001 -1.032492e+000 -5.912555e-001 -6.298115e-001 -5.506801e-003  1.272994e+000  2.255514e+000  9.602484e-001  2.067088e-001 -4.870510e-002  4.125671e-001  1.196808e-001 -6.073899e-001  4.721195e-001  1.233191e+000  2.535881e-001  3.335097e-001  1.095482e+000 -7.317525e-001 -4.639108e-001 -1.324955e-001  2.784668e-001  8.676721e-001  5.527384e-001
