71 39
 8.882556e-001 -6.113199e+000  1.792388e+001 -3.940295e+000 -2.319432e+001 -9.101104e+000 -8.812525e+000 -1.739070e+001 -1.494204e+001 -1.525115e+001 -1.664662e+001 -7.111247e-001  4.941821e+001  2.306645e-001  4.549584e-001 -1.899833e+000  4.223237e+000  2.815323e-001 -7.881737e-002  5.781778e+000 -2.554246e+000 -2.234488e+000  1.181455e+000 -1.674512e+000 -1.298101e+000 -9.415840e-001  4.355864e-001  6.913214e-001 -9.481593e-001 -5.349163e-001  1.105205e+000 -2.404214e-001 -7.664680e-001  2.130587e-001  6.304748e-002  1.143548e+000  9.989744e-001 -3.863204e-001 -7.114415e-002
 1.065474e+000 -6.885498e+000  1.533980e+001  4.474412e+000 -1.918475e+001 -1.300776e+001 -1.498191e+000 -1.710491e+001 -1.311200e+001 -1.349251e+001 -1.676398e+001 -7.177450e+000  4.836012e+001  1.182435e+000  1.857276e+000 -2.985376e+000  2.300561e+000  1.252422e+000  6.974909e-001  3.941674e+000 -2.673539e+000 -8.828089e-001  2.963437e+000 -3.976999e-001 -1.252841e+000 -9.390911e-001  3.382342e-001  6.008226e-001 -4.809263e-001 -1.881564e+000  3.083808e-001  5.332994e-001 -1.926382e+000  2.610273e-001  5.428551e-001  2.266584e-001  8.841280e-001 -2.880762e-002  8.575271e-002
 3.525236e+000 -3.024030e+000  8.214427e+000  6.312613e+000 -1.386255e+001 -1.269104e+001 -2.028088e+000 -1.801641e+001 -1.474337e+001 -6.233828e+000 -1.215185e+001 -8.414918e+000  4.731697e+001  1.389220e+000  2.263585e+000 -3.038797e+000 -1.091632e+000  6.680063e-001  2.286834e+000  7.138618e-001 -2.172011e+000  7.601910e-001  1.792774e+000  5.811407e-001 -1.865469e+000 -7.238632e-001 -4.224990e-002  3.834734e-002  4.987815e-001 -2.071611e+000 -4.238215e-001  7.725375e-001 -1.795278e+000  5.042298e-001  7.163128e-001 -9.279533e-001  5.613641e-001  1.287393e-001  2.614055e-001
 5.820436e+000  9.833452e-001  6.457773e+000 -2.845747e+000 -1.830809e+001 -5.348137e+000 -3.098332e+000 -2.581941e+001 -1.073409e+001 -8.051949e+000 -1.640093e+001 -6.678925e+000  4.680058e+001  9.794222e-001  1.882184e+000 -1.855618e+000 -3.537917e+000 -6.117004e-001  3.160091e+000 -1.034298e+000 -1.777185e+000  4.657552e-001 -6.863008e-002  4.029278e-001 -6.979914e-001 -3.656963e-001 -4.355295e-001 -5.962408e-001  9.647287e-001 -7.813462e-001 -4.135381e-001  1.022807e-001 -1.044648e+000  1.036809e+000  2.178148e-001 -1.271031e+000  3.822133e-001  2.715572e-001  3.425507e-001
 5.456873e+000  1.270304e+000  7.170908e+000 -5.738375e+000 -2.029262e+001 -1.496746e+000 -4.443145e+000 -2.389350e+001 -1.233004e+001 -9.007556e+000 -1.392244e+001 -1.028773e+001  4.657866e+001  1.209212e-001  6.342412e-001  2.919512e-002 -3.215578e+000 -9.055138e-001  2.552570e+000 -7.066245e-001 -4.812738e-001  6.727940e-001 -1.942279e+000  7.319948e-001 -9.318293e-001  7.874604e-002 -4.221727e-001 -8.577476e-001  8.657084e-001  6.582720e-001  1.923490e-002 -7.325935e-001 -1.945749e-001  1.214235e+000 -4.826976e-002 -7.096336e-001  9.076884e-002  6.478040e-001  3.247971e-001
 4.996767e+000  3.782555e-001  6.583472e+000 -7.189677e+000 -1.902822e+001 -2.804452e+000 -5.462153e+000 -2.305229e+001 -1.198989e+001 -1.244880e+001 -1.386404e+001 -9.731001e+000  4.690079e+001 -3.610637e-001 -3.092557e-001  3.042712e-001 -5.441967e-001 -2.850819e-002  1.076026e+000 -5.713209e-001  1.665137e+000  2.499637e-001 -1.524194e+000  1.437939e+000 -3.618747e-001  3.723579e-001 -1.769662e-001 -8.031474e-001  4.632878e-001  1.364931e+000  3.663026e-001 -1.203232e+000  1.438063e-001  1.069972e+000  1.360506e-003  1.422714e-001 -1.453759e-001  7.954283e-001  2.376098e-001
 4.541677e+000  4.497209e-001  8.297553e+000 -7.593309e+000 -1.803005e+001 -1.200037e+000 -4.379300e+000 -2.180634e+001 -1.075150e+001 -1.374680e+001 -9.760321e+000 -1.154803e+001  4.766059e+001 -5.140085e-002 -9.294330e-001  2.098002e-001  7.028684e-001  4.725847e-001 -3.341010e-001 -4.905015e-001  2.178004e+000  6.267379e-001 -1.027612e+000  5.174791e-001  1.205493e+000  5.310951e-001 -4.713401e-003 -8.641728e-001  4.674878e-002  7.012892e-001  7.381875e-001 -1.089481e+000 -2.198302e-001  1.127530e+000 -3.373166e-001  2.472597e-001 -4.364175e-001  1.010821e+000  3.295372e-001
 4.472716e+000 -1.526418e-001  7.415807e+000 -4.639263e+000 -1.958191e+001 -1.163608e-001 -5.986859e+000 -1.853730e+001 -1.027354e+001 -1.330330e+001 -1.129230e+001 -7.858150e+000  4.812140e+001  1.807522e-001 -1.351716e+000  3.705188e-001  1.327517e+000  5.307634e-001 -1.412731e+000 -4.233283e-001  2.243038e+000  4.955857e-001  1.853941e-001 -2.166937e-001  2.210489e+000  5.961781e-001 -5.226036e-002 -1.047735e+000  8.711220e-002 -6.800606e-001  1.154112e+000 -6.395592e-001 -3.545327e-001  1.046406e+000 -6.468313e-001 -1.838681e-001 -4.262893e-001  7.799973e-001  5.903783e-001
 5.461895e+000 -3.111413e+000  7.803742e+000 -3.499240e+000 -1.765285e+001 -4.511297e+000 -6.633299e+000 -1.526097e+001 -1.005453e+001 -1.371837e+001 -1.262092e+001 -5.196690e+000  4.862383e+001 -1.735537e-001 -3.165393e+000  2.298152e-001 -6.449884e-001  2.505788e+000 -1.650459e+000 -1.879772e+000  4.867425e+000 -1.136600e+000 -1.560774e+000 -6.227762e-001  2.836093e+000  1.614522e+000 -2.303059e-001 -1.029256e+000  1.671792e-002 -1.424417e+000  1.337272e+000 -1.435061e-002 -3.511874e-001  7.081130e-001 -7.948527e-001 -5.246038e-001 -5.342023e-002  2.087956e-001  7.476354e-001
 5.440419e+000 -4.599757e+000  8.682972e+000 -2.599125e+000 -1.656301e+001 -8.212478e+000 -6.451796e+000 -1.510978e+001 -9.860447e+000 -1.153604e+001 -1.351721e+001 -1.854225e+000  4.940006e+001 -5.612891e-001 -4.429951e+000  7.298247e-001 -3.270571e+000  4.725451e+000 -1.463591e+000 -1.649349e+000  5.552454e+000 -2.102524e+000 -2.176954e+000 -1.233797e-001  2.722812e+000  2.782536e+000 -2.333812e-001 -6.020498e-001 -2.099704e-001 -1.170488e+000  9.961330e-001  5.253422e-001 -2.232414e-001 -2.552980e-001 -1.954702e-001 -5.768903e-001  2.314053e-001 -3.009095e-001  5.852336e-001
 3.190057e+000 -1.315369e+001  8.813046e+000 -1.183832e+001 -7.010566e+000 -5.404274e+000 -1.354569e+001  8.170186e-001 -1.664105e+001 -2.243429e+001 -1.176174e+001 -3.695217e-001  5.509388e+001 -8.319098e-001 -4.536595e+000  1.137368e-001 -4.120172e+000  5.061600e+000 -3.804242e-001 -1.633428e+000  4.063860e+000 -2.048471e+000 -2.469458e+000  2.037210e-001  1.993310e+000  3.176093e+000 -1.862424e-002  3.062742e-001 -4.058070e-001  1.887265e-001 -1.572590e-001  5.883885e-001  5.198389e-002 -1.804365e+000  8.236861e-001  1.690847e-001  2.674742e-001 -6.684605e-001 -4.641888e-002
 2.802189e+000 -1.728126e+001  1.056028e+001 -1.682258e+001 -1.275803e+000 -6.987826e+000 -1.077741e+001  1.185972e+000 -1.749290e+001 -1.983010e+001 -1.233878e+001  3.342326e+000  5.879906e+001 -6.569758e-001 -3.676364e+000 -6.212941e-001 -2.787333e+000  4.233522e+000  5.789624e-001 -1.662707e+000  1.368331e+000 -2.583008e-002 -2.244715e+000  5.270845e-001  1.127333e+000  2.741560e+000  1.628322e-001  8.725362e-001 -5.309936e-001  1.352934e+000 -1.115826e+000  5.070731e-001 -1.732779e-001 -2.078417e+000  1.223088e+000  4.282055e-001  1.536209e-001 -8.108634e-001 -6.101423e-001
 2.621461e+000 -1.945364e+001  7.433773e+000 -1.698837e+001  1.155036e-002 -7.025744e+000 -1.263763e+001 -3.089549e+000 -1.648065e+001 -2.191862e+001 -1.219153e+001  2.171584e+000  5.980480e+001 -2.188316e-001 -2.010815e+000 -1.123660e+000  5.702505e-002  1.965457e+000  2.702069e-001 -1.613173e+000 -2.062340e+000  1.943483e+000 -6.814696e-001  3.893627e-001  2.915303e-001  1.402916e+000  2.249273e-001  1.031957e+000 -3.041724e-001  1.574089e+000 -1.307215e+000  2.926245e-001 -2.742841e-001 -1.160261e+000  8.670485e-001  5.385408e-001  1.124520e-001 -6.608287e-001 -7.752324e-001
 2.439838e+000 -1.983160e+001  6.266138e+000 -1.396077e+001  1.093546e+000 -4.506930e+000 -1.521936e+001 -6.314846e+000 -1.006979e+001 -2.301745e+001 -1.066690e+001  2.511888e+000  6.075240e+001 -5.366707e-002 -1.330159e+000 -1.306445e+000  1.405502e+000  6.943924e-001  7.464591e-001 -2.525866e+000 -1.776528e+000  2.016940e+000 -9.299206e-001  5.519039e-001 -4.806153e-001  6.184132e-001  1.870509e-001  8.257210e-001 -3.354558e-002  8.585474e-001 -9.459754e-001  7.015417e-002 -1.559526e-001 -6.947295e-002 -2.939719e-002  4.312348e-001  4.617753e-002 -4.613562e-001 -6.474296e-001
 2.277075e+000 -2.193259e+001  5.341815e+000 -1.298410e+001  1.632043e+000 -5.293687e+000 -1.939058e+001 -5.744271e+000 -1.063518e+001 -2.424797e+001 -1.065087e+001  1.503349e+000  6.113178e+001 -8.927703e-003 -5.499105e-001 -1.064550e+000  1.653854e+000  2.950877e-001  9.989499e-001 -2.573269e+000 -1.650163e-001  1.265386e+000 -4.341509e-001  7.535710e-001 -5.068595e-001  3.615047e-001  1.584100e-001  4.906803e-001  1.809493e-001 -1.107380e-002 -3.111302e-001  3.210563e-002  1.134445e-001  6.519537e-001 -4.932769e-001  1.436748e-001  9.484535e-002 -2.390680e-001 -3.759007e-001
 2.706047e+000 -2.269258e+001  5.074032e+000 -1.179720e+001  1.385913e+000 -4.121559e+000 -2.003026e+001 -6.369308e+000 -1.033093e+001 -2.331503e+001 -1.034959e+001  1.273367e+000  6.122763e+001  1.733268e-001 -2.782110e-001 -8.185772e-001  7.069895e-001  3.388299e-001  5.653618e-001 -1.962422e+000  7.230417e-002  1.662326e-001 -2.122007e-001  5.758680e-001 -7.802527e-001  2.511787e-002  1.420061e-001  2.726378e-001  2.605571e-001 -4.485461e-001  1.348542e-001 -2.788116e-001  4.905497e-001  3.602789e-001 -3.594110e-001  5.308298e-002  8.548766e-002 -1.115114e-001 -2.220410e-001
 2.443718e+000 -2.077270e+001  2.707077e+000 -9.800884e+000  1.340806e+000 -2.223680e+000 -2.309853e+001 -3.887399e+000 -1.002315e+001 -2.394059e+001 -8.582327e+000  2.565471e-001  6.137471e+001  4.597217e-001 -8.338795e-002 -4.628474e-001  3.509125e-001  5.875869e-001  5.212837e-001 -1.327673e+000  2.730125e-001  4.024528e-001 -3.219555e-001  8.516074e-001 -7.539909e-001 -1.799404e-001  6.942827e-002  1.009424e-001  1.246473e-001 -4.344524e-001  2.820573e-001 -4.776640e-001  6.206141e-001 -1.359850e-001 -7.817335e-002 -1.172798e-001  8.693093e-003 -8.489148e-002 -1.453574e-001
 3.223151e+000 -2.180260e+001  3.490621e+000 -1.201743e+001  2.933314e+000 -3.215125e+000 -2.317750e+001 -6.881761e+000 -9.544647e+000 -2.423215e+001 -8.821830e+000 -7.659745e-001  6.075653e+001  4.220386e-001 -2.002316e-001 -3.045104e-001 -1.857576e-001  1.222414e+000 -4.087657e-001 -6.959156e-001 -1.941481e-001  6.513522e-001 -7.206033e-001  9.303240e-001 -9.146068e-001 -2.210693e-001 -1.055740e-001  1.502582e-001 -1.016275e-001 -1.248726e-001  1.633236e-001 -4.371167e-001  4.776587e-001 -2.020827e-001  1.373419e-001 -2.246670e-001 -5.440930e-002  1.324383e-002 -3.740059e-002
 4.317131e+000 -2.279452e+001  3.819284e+000 -1.111942e+001  3.796277e+000 -3.140486e+000 -2.445533e+001 -4.122983e+000 -9.016064e+000 -2.539919e+001 -7.156713e+000 -1.246935e+000  6.046763e+001  2.138578e-001 -8.418808e-002 -6.983466e-001 -7.203464e-002  1.263582e+000 -9.023061e-001 -1.034519e-001 -7.117152e-001  6.319597e-001 -7.663485e-001  6.198085e-001 -8.641398e-001 -2.421886e-001 -2.410662e-001  3.042431e-001 -2.364115e-001  2.650465e-002  3.766126e-003 -2.481060e-001  2.884492e-001 -1.101130e-001  1.260128e-001 -1.328903e-001 -1.695937e-001  1.511618e-001  1.507492e-002
 3.879533e+000 -2.268283e+001  2.995376e+000 -1.206672e+001  6.270245e+000 -5.706985e+000 -2.283144e+001 -7.222257e+000 -7.577717e+000 -2.618875e+001 -6.410778e+000 -2.547926e+000  6.057582e+001 -2.316111e-001  4.734798e-001 -1.208965e+000  2.941002e-001  8.174500e-001 -9.084269e-001 -1.862389e-001 -4.457455e-001  7.381886e-001 -1.113339e+000  4.197210e-001 -6.589591e-001 -1.307610e-001 -1.513120e-001  3.296313e-001 -4.100635e-002  1.720268e-001 -1.943794e-001  2.149009e-001  1.615422e-001  2.453846e-001  6.515356e-002  1.851406e-001 -1.902657e-001  3.340852e-001  7.039279e-004
 3.184816e+000 -2.075353e+001 -5.370337e-001 -1.013641e+001  5.990252e+000 -5.489281e+000 -2.378881e+001 -7.275727e+000 -7.846820e+000 -2.679403e+001 -6.688810e+000 -3.173176e+000  6.025412e+001 -4.187846e-001  1.100972e+000 -1.192677e+000  2.435068e-001  8.088993e-001 -4.694155e-001 -1.402649e-001 -1.517536e-001  9.890988e-001 -7.900389e-001  2.589406e-001 -1.260055e-001 -1.497200e-001  4.879666e-002  1.337190e-001  2.692904e-001  9.271006e-002 -2.237704e-001  3.988566e-001  7.596468e-002  2.889299e-001  1.259969e-001  2.543528e-001 -1.778882e-001  3.964920e-001 -4.471588e-002
 2.631253e+000 -2.045570e+001 -3.760470e-001 -1.103843e+001  5.923577e+000 -6.582862e+000 -2.444195e+001 -7.534116e+000 -6.438326e+000 -2.910142e+001 -6.957176e+000 -3.097649e+000  6.020948e+001 -1.820042e-002  8.553450e-001 -2.623768e-001  5.166055e-001  4.778579e-001  4.492936e-001  1.302019e-001  7.527940e-001  7.985505e-001  2.169447e-001  1.594293e-001  3.867519e-001 -2.637840e-001  1.787108e-001 -4.849800e-002  3.544616e-001  3.671938e-003 -1.201357e-001  2.942516e-001  1.026010e-001  1.374621e-001  4.567945e-002  3.091556e-001 -1.365895e-001  1.939014e-001 -7.370457e-002
 2.847348e+000 -1.840322e+001 -4.583912e-001 -1.041603e+001  8.014108e+000 -5.049624e+000 -2.435140e+001 -4.725821e+000 -4.640265e+000 -2.789305e+001 -5.588811e+000 -1.602101e+000  5.990220e+001  3.511357e-001  3.934744e-001  1.748114e-001  2.802630e-001  3.145266e-001  4.131163e-001  1.181511e-001  1.336647e-001  1.231763e+000 -1.597267e-001 -1.394868e-001  5.954649e-001 -3.992565e-001  1.276180e-001 -1.741869e-001  2.074930e-001 -3.655119e-002 -1.776874e-001 -8.607215e-002  5.196499e-002 -1.043370e-001 -1.981852e-001  5.333115e-002 -6.875370e-002 -1.462141e-001 -4.297547e-002
 3.957265e+000 -1.958125e+001  1.644171e+000 -9.343883e+000  7.647606e+000 -3.680345e+000 -2.189914e+001 -4.733240e+000 -5.188242e+000 -2.455452e+001 -6.163631e+000 -1.399704e+000  5.943286e+001  2.769827e-001  5.847386e-001 -1.204016e-001  2.940818e-001  4.639579e-001  1.215652e-001  1.975580e-001  9.885573e-002  8.452535e-001  1.172823e-001 -6.401305e-002 -5.018740e-002 -3.745155e-001 -4.883372e-002 -8.051878e-002 -3.688484e-002 -1.219766e-001 -1.991012e-001 -3.975670e-001 -2.257124e-002 -2.756452e-001 -3.351129e-001 -2.012864e-001 -2.436551e-002 -2.761681e-001  2.336971e-002
 4.277488e+000 -1.922338e+001 -6.730857e-001 -9.582373e+000  6.700870e+000 -4.874958e+000 -2.446946e+001 -8.007842e+000 -2.313045e+000 -2.986611e+001 -7.783017e+000 -1.044824e+000  5.864614e+001  7.171366e-002  3.653404e-001 -2.262001e-001  1.720127e-001 -7.258773e-002 -7.359121e-001  8.588199e-002 -3.464696e-001 -2.517874e-002 -4.735519e-001  2.689323e-002 -6.386063e-001 -3.092316e-001 -1.097556e-001 -6.681693e-002  5.415488e-002 -9.509034e-002 -2.121109e-001 -2.889165e-001 -3.159187e-002  4.779818e-003 -5.722727e-001  9.555145e-002 -2.727559e-002 -8.674918e-002  6.823318e-002
 3.301096e+000 -1.712193e+001 -8.707076e-001 -9.984857e+000  8.899985e+000 -6.062370e+000 -2.339513e+001 -5.398827e+000 -3.375669e+000 -2.752848e+001 -6.180139e+000 -3.627225e+000  5.896493e+001 -1.226580e-001  4.668180e-001 -2.462953e-001 -3.915253e-002 -3.240907e-001 -9.640274e-001  3.348026e-002 -3.853648e-001 -2.485427e-001 -6.325747e-001 -4.558830e-002 -3.770531e-001 -1.919479e-001 -2.307756e-002 -1.007569e-001  2.365365e-001 -1.716376e-001 -2.166115e-001  3.484935e-002 -9.526999e-002  3.545444e-002 -2.870776e-001  5.982199e-002 -1.493246e-001  3.021224e-001  1.762268e-002
 3.534001e+000 -1.780618e+001 -3.319523e-001 -9.235483e+000  7.024980e+000 -7.538173e+000 -2.317399e+001 -6.125375e+000 -5.672446e+000 -2.877383e+001 -5.446091e+000 -3.681372e+000  5.859001e+001  2.177882e-003  1.183500e-001  5.085326e-001 -2.857151e-002 -3.520038e-001 -4.886699e-001  4.223061e-002  3.996740e-001 -1.082702e+000  6.929590e-001 -2.850771e-001  3.251519e-001 -1.493744e-001  5.386083e-002  6.361793e-003  1.840386e-001 -7.425405e-002 -1.208420e-001  2.284158e-001 -2.798233e-002  5.399913e-002  5.756044e-002  1.009102e-001 -2.357432e-001  4.498941e-001 -4.171387e-002
 3.715719e+000 -1.795576e+001  2.421280e-001 -9.713090e+000  5.865098e+000 -7.168875e+000 -2.237947e+001 -7.601297e+000 -4.751255e+000 -2.826353e+001 -7.560036e+000 -1.966696e+000  5.850119e+001  1.963628e-001  2.044495e-001  6.949148e-001 -4.638141e-001 -4.793915e-001  1.721909e-001 -2.569662e-001 -9.694386e-002 -6.137281e-002 -1.668632e-001 -6.546506e-001  9.785458e-001 -3.663307e-001  6.213859e-002  1.143086e-001  1.198045e-001 -1.509154e-002  4.797280e-004  9.161083e-002  1.345810e-001  5.761804e-002  5.727241e-002  9.661378e-002 -1.212520e-001  2.446644e-001 -7.425099e-002
 4.081067e+000 -1.821471e+001  1.313160e+000 -9.861114e+000  6.458295e+000 -6.765055e+000 -2.476614e+001 -4.908237e+000 -7.038761e+000 -2.603379e+001 -8.518454e+000 -2.493286e-001  5.813115e+001  1.815074e-001  5.283337e-001  2.233877e-001  1.307325e-002 -5.991473e-001 -1.619421e-001  9.119358e-002 -2.206844e-001  1.690385e-001 -2.018564e-001 -8.472918e-001  9.330647e-001 -4.306095e-001 -2.114465e-002  2.390713e-001 -8.655757e-002  6.404990e-002 -2.395292e-002 -1.184806e-001  3.879349e-001 -1.509829e-001  5.890003e-002 -1.899124e-002 -8.869300e-003  3.172555e-002 -2.921639e-002
 4.009377e+000 -1.589542e+001  1.781311e+000 -1.199111e+001  6.786370e+000 -5.587975e+000 -2.388389e+001 -6.492115e+000 -2.999375e+000 -2.973281e+001 -7.917211e+000 -4.505174e-001  5.736271e+001  9.837017e-002  8.333694e-001  4.952997e-001 -1.354326e-001 -1.981203e-001 -6.693372e-001  6.819038e-001  2.129046e-001 -5.880508e-001  2.979019e-001 -3.707408e-001  5.423124e-001 -4.225853e-001 -1.105357e-001  1.348478e-001 -2.688379e-003  1.184640e-001  1.630366e-003 -2.453892e-001  4.349179e-001  7.611033e-002 -3.413087e-001  3.021818e-001  8.055562e-002 -1.672990e-001  8.322448e-002
 4.294708e+000 -1.619469e+001  1.539514e-002 -8.031106e+000  3.568607e+000 -9.138333e+000 -2.196582e+001 -7.783388e+000 -5.703193e+000 -2.904847e+001 -9.503963e+000  2.258622e-001  5.700620e+001 -5.454908e-002  9.992465e-001  1.755523e-001  1.274873e-001 -6.124039e-001 -6.603090e-001  1.512470e+000 -5.101646e-001 -5.248626e-001  3.656202e-001 -4.713785e-001  7.018963e-001 -2.673290e-001 -1.332253e-001 -9.923279e-004  1.779022e-001 -5.711915e-002  4.941107e-002 -7.421460e-002  2.410478e-001  2.196996e-001 -3.499700e-001  1.621732e-001  1.676324e-001 -7.269882e-002  1.220765e-001
 4.100749e+000 -1.479892e+001  3.367509e+000 -1.130526e+001  6.319340e+000 -9.328921e+000 -2.037011e+001 -5.099199e+000 -8.359293e+000 -2.526669e+001 -8.920985e+000  5.072712e-001  5.695073e+001 -2.382876e-001  6.432322e-001  7.053906e-001  7.129908e-002 -4.646113e-001 -8.055719e-001  1.206985e+000  4.283479e-001 -1.420966e+000  1.060308e+000 -4.398292e-001  2.576350e-001 -3.184853e-002 -1.048918e-001 -1.896652e-001  1.777772e-001  1.507101e-002 -1.511555e-001  2.417698e-002  9.092240e-002  7.322244e-002 -6.698161e-002 -2.967366e-001  1.528743e-001  1.239367e-001  9.459756e-002
 3.762636e+000 -1.376673e+001  1.397822e+000 -9.566605e+000  3.629790e+000 -8.196126e+000 -1.896067e+001 -8.155519e+000 -6.983115e+000 -2.643875e+001 -1.037346e+001  2.781259e+000  5.700049e+001 -3.162903e-001  6.184406e-001  1.007853e+000 -3.758883e-001 -2.188464e-001 -4.648977e-001  1.033892e+000  7.700921e-001 -1.164354e+000  2.278069e-001  2.541437e-002  7.119093e-001 -1.559563e-002 -6.212594e-002 -2.782808e-001  3.000715e-001 -1.010656e-002 -1.565504e-001  1.030273e-002  3.718345e-002  9.472711e-002  1.810166e-002 -4.520049e-001  2.670737e-001  1.469611e-001  2.982071e-002
 3.083976e+000 -1.389324e+001  4.617050e+000 -1.086687e+001  4.432722e+000 -1.008694e+001 -1.935153e+001 -4.164311e+000 -9.464243e+000 -2.573613e+001 -9.681608e+000 -4.400405e-001  5.720632e+001 -2.952182e-001  7.544632e-002  9.680351e-001  1.916102e-001 -1.150676e+000 -6.461579e-001  1.375805e+000 -6.111155e-002 -6.032132e-001 -1.116874e+000  1.452342e-001  1.156990e+000 -7.546425e-002 -3.608391e-002 -1.351518e-001  1.677970e-001 -3.436655e-002 -3.241917e-001  2.914710e-001  1.156339e-001 -2.942684e-001  1.107071e-001 -2.680282e-001  1.947344e-001  1.910953e-001 -4.981095e-002
 3.221643e+000 -1.355533e+001  4.429892e+000 -1.012974e+001  3.417684e+000 -1.108381e+001 -1.730565e+001 -4.400372e+000 -1.097249e+001 -2.767471e+001 -8.996579e+000  4.259065e+000  5.680043e+001 -3.367135e-001 -1.082647e-001  1.544588e+000  1.679888e-002 -1.052123e+000 -6.885023e-001  1.613977e+000  2.082006e-001 -8.432306e-001 -8.058132e-001  5.714582e-001  9.870244e-001 -9.641762e-002 -7.358891e-002  5.964780e-002  1.274800e-001 -9.414253e-002 -4.251527e-001  4.844546e-001  7.232752e-002 -2.775661e-001 -1.180359e-001  2.164691e-001  7.394888e-002 -1.288539e-001 -7.439564e-002
 2.895154e+000 -1.452739e+001  6.691649e+000 -1.006564e+001  6.720117e-001 -1.111587e+001 -1.431860e+001 -7.282330e+000 -9.380672e+000 -3.023308e+001 -8.883254e+000  5.553317e+000  5.667344e+001 -4.084956e-001  3.308259e-001  1.276008e+000 -2.968773e-001 -1.668931e+000  7.635856e-001  1.495112e+000 -7.620484e-001 -1.027992e+000  2.369766e-001  2.608208e-001  1.075554e+000 -2.404923e-001 -1.050210e-001  3.090216e-001  4.828199e-002 -2.059987e-001 -2.899764e-001  6.740279e-001  2.104548e-002 -1.869798e-001 -3.120166e-001  7.206846e-001 -5.296352e-002 -4.574276e-001 -8.083531e-002
 2.173479e+000 -1.399097e+001  8.083461e+000 -9.883225e+000  2.495285e-001 -1.112417e+001 -1.340725e+001 -5.555506e+000 -1.124105e+001 -2.821935e+001 -7.915345e+000  4.719702e+000  5.678484e+001 -6.275961e-001  7.889898e-001  1.491267e+000 -6.023572e-001 -2.085483e+000  1.252504e+000  1.335876e+000 -2.672698e-001 -1.542145e+000  6.332270e-001  3.373654e-001  1.083579e-001 -3.050598e-001 -7.663970e-002  3.827998e-001 -1.068002e-001 -1.339912e-001 -2.748573e-001  5.649235e-001  2.029346e-001 -4.877294e-001 -1.192075e-001  6.405660e-001 -1.571483e-001 -5.913686e-001 -9.693352e-002
 1.565580e+000 -1.202129e+001  9.170308e+000 -1.247451e+001 -2.327856e+000 -6.248830e+000 -1.382517e+001 -7.396986e+000 -1.446992e+001 -2.427893e+001 -8.918121e+000  4.707411e+000  5.601165e+001 -6.748816e-001  1.171927e+000  1.236105e+000 -5.288054e-001 -2.083879e+000  1.753479e+000  1.620083e+000 -7.582752e-001 -1.813839e+000  1.767029e+000 -2.537060e-003 -6.908150e-001 -3.753197e-001 -8.707916e-003  2.095340e-001 -9.497645e-002  8.014847e-002 -1.109939e-001  8.879334e-002  4.301200e-001 -5.915880e-001  5.536086e-002  5.574768e-001 -1.639314e-001 -7.544633e-001 -7.020954e-002
 7.484497e-001 -1.086343e+001  1.064690e+001 -1.193709e+001 -5.509795e+000 -7.254814e+000 -1.087298e+001 -5.679393e+000 -1.613859e+001 -2.748565e+001 -7.292318e+000  5.223807e+000  5.560602e+001 -5.867190e-001  1.385184e+000  1.030538e+000 -5.371928e-001 -2.218936e+000  1.641168e+000  2.566165e+000 -2.232333e+000 -1.046344e+000  1.631991e+000 -8.260421e-002 -1.086634e+000 -5.136715e-001  4.907739e-002  9.707171e-002 -5.221378e-002  9.487629e-003  1.525711e-001  1.088338e-001  2.445401e-001 -7.664165e-001  1.091226e-001  7.324761e-001 -1.575005e-001 -8.476657e-001 -6.215099e-002
 2.332606e-001 -1.023153e+001  1.159046e+001 -1.168273e+001 -6.867722e+000 -4.283152e+000 -7.485318e+000 -1.101176e+001 -1.600110e+001 -2.176478e+001 -9.207453e+000  1.847189e+000  5.538625e+001 -4.724738e-001  1.080399e+000  1.031491e+000  7.128286e-002 -2.157174e+000  1.013220e+000  3.030567e+000 -2.737457e+000 -9.990875e-001  2.524979e+000 -3.488514e-001 -2.099266e+000 -4.872341e-001  5.831194e-002  1.013771e-001  9.472670e-002 -1.546424e-001  3.023480e-001  5.655528e-002 -1.731430e-001 -4.276938e-001  8.387731e-002  5.893860e-001 -1.758645e-001 -7.501484e-001 -8.112632e-002
-9.395631e-002 -7.959934e+000  1.202608e+001 -1.296508e+001 -8.575217e+000 -3.901170e+000 -3.746355e+000 -1.490978e+001 -1.570718e+001 -2.131647e+001 -8.183701e+000  7.166434e-001  5.452918e+001 -4.834131e-001  1.320112e+000  1.332505e+000 -8.549632e-001 -1.285980e+000  2.166802e+000  1.853334e+000 -3.109762e+000 -1.403908e+000  3.916632e+000 -2.769801e-001 -3.425745e+000 -5.598575e-001  2.747749e-002  1.703804e-001  1.981779e-001 -2.629997e-001  4.486934e-001  1.336162e-001 -7.242534e-001  6.036890e-002 -3.590208e-002  4.908903e-001 -3.013935e-001 -5.767717e-001 -1.133319e-001
-3.755862e-001 -8.071037e+000  1.363817e+001 -1.160410e+001 -1.158101e+001 -2.859553e+000 -2.235651e+000 -1.646908e+001 -1.968106e+001 -1.473863e+001 -1.021669e+001 -3.535338e+000  5.411390e+001 -4.349748e-001  1.711348e+000  1.558755e+000 -1.143132e+000 -1.038617e+000  1.773439e+000  1.110783e+000 -2.458030e+000 -1.215671e+000  3.571638e+000 -7.846716e-001 -3.272002e+000 -7.578583e-001  3.578521e-002  3.322641e-001  2.309790e-002 -2.537481e-001  5.327141e-001  1.351354e-002 -8.740492e-001  4.708469e-001 -9.254456e-004 -1.893391e-001 -1.216667e-001 -7.133446e-002 -1.770263e-001
-1.364192e+000 -5.343115e+000  1.628557e+001 -1.625122e+001 -9.583048e+000  2.867397e+000 -4.231147e+000 -1.849954e+001 -2.131815e+001 -1.141556e+001 -8.172602e+000 -9.213655e+000  5.344291e+001 -4.680810e-001  1.921611e+000  1.757795e+000 -1.244984e+000 -5.347472e-001  1.929140e+000 -9.521006e-002 -2.070202e+000 -1.117563e+000  3.563112e+000 -1.371662e+000 -3.384125e+000 -9.450191e-001  2.207630e-001  1.181142e-001 -4.139879e-001  5.698143e-001  4.775585e-001 -8.877416e-001 -5.893497e-001  1.196450e+000 -2.196385e-001 -6.927394e-001  1.936956e-001  6.085356e-001 -2.229023e-001
-1.306496e+000 -2.983194e+000  1.725449e+001 -1.575532e+001 -1.155689e+001  1.199757e+000 -1.689005e+000 -2.150703e+001 -1.927398e+001 -8.857044e+000 -1.313636e+001 -9.547669e+000  5.214010e+001 -3.012138e-001  2.440970e+000  9.343354e-001 -1.002447e+000  1.307802e-001  1.199618e+000 -3.654067e-001 -9.030026e-001 -1.146887e+000  1.755043e+000 -4.098442e-001 -2.476749e+000 -1.179785e+000  4.615706e-001 -2.494335e-001 -1.010084e+000  1.631501e+000  3.903445e-001 -1.577904e+000 -3.555041e-001  1.403494e+000 -2.378210e-001 -7.391689e-001  4.739395e-001  1.032000e+000 -2.464856e-001
-1.968907e+000 -8.958008e-001  1.900689e+001 -1.711439e+001 -1.126101e+001  3.714876e+000 -4.495728e+000 -2.274182e+001 -2.149854e+001 -6.441698e+000 -1.358217e+001 -1.319782e+001  5.079099e+001  5.535216e-001  1.545872e+000 -4.252243e-001  1.923766e+000  5.171140e-001 -1.984996e+000 -3.553192e-001  2.094974e+000 -2.536492e+000  1.361233e+000  5.040840e-001 -7.806934e-001 -1.463406e+000  5.730721e-001 -4.937135e-001 -1.230839e+000  2.304265e+000  1.392361e-001 -1.950507e+000 -9.417834e-003  9.797481e-001  2.460314e-001 -6.033239e-001  3.689554e-001  1.292313e+000 -2.430467e-001
-1.579298e+000  1.910158e+000  1.694919e+001 -1.618475e+001 -1.008813e+001  2.714799e+000 -3.930393e+000 -1.886295e+001 -2.532530e+001 -8.450350e+000 -9.561123e+000 -1.392700e+001  4.954094e+001  1.362077e+000  6.520504e-001 -2.400156e+000  5.429998e+000  3.871748e-001 -4.159014e+000 -5.366827e-001  2.476855e+000 -1.695311e+000  9.767332e-001  6.471531e-001  5.862805e-001 -1.731093e+000  3.687728e-001 -6.278956e-001 -8.009957e-001  1.913276e+000 -3.050056e-002 -1.455231e+000  3.754969e-002 -9.233671e-002  1.116797e+000 -4.395936e-001 -3.448344e-001  1.042758e+000 -1.172125e-001
 1.539817e+000 -6.042841e-002  1.431210e+001 -6.417675e+000 -7.731859e+000 -7.815104e+000 -4.887049e+000 -9.346714e+000 -3.097495e+001 -4.812747e+000 -7.439800e+000 -1.092746e+001  4.742546e+001  1.565634e+000  3.475037e-001 -2.729156e+000  7.060119e+000  3.323584e-002 -5.144079e+000 -5.666120e-002  1.138610e+000  3.868061e-001  9.356478e-001 -5.538330e-002  1.545925e+000 -1.884598e+000 -1.728280e-001 -2.901071e-001 -9.362040e-002  2.553319e-001  3.198535e-002  1.510230e-001 -1.288629e-001 -1.228360e+000  1.574328e+000 -6.551973e-001 -8.783807e-001  6.646790e-001  1.374700e-001
 3.749528e+000 -1.406279e-001  7.601105e+000  6.046315e+000 -1.138559e+001 -1.383032e+001 -4.176759e+000 -1.582031e+001 -2.301233e+001 -4.787853e+000 -1.297178e+001 -7.751447e+000  4.516740e+001  1.036594e+000 -9.932315e-002 -1.918677e+000  5.995757e+000  2.202165e-001 -4.496994e+000 -3.269872e-001 -8.865040e-001  2.975451e+000 -2.301327e-001 -1.854283e+000  1.573732e+000 -1.555251e+000 -6.074667e-001 -9.158765e-002  6.637713e-001 -1.346662e+000  3.757410e-001  1.457563e+000 -2.343932e-001 -9.652037e-001  5.907273e-001 -7.310468e-001 -7.545360e-001  3.595684e-001  3.729012e-001
 3.194851e+000  1.867110e+000  1.003515e+001  7.070670e+000 -1.044610e+001 -1.373296e+001 -4.655851e+000 -1.857009e+001 -2.072099e+001 -3.594707e+000 -1.215376e+001 -8.555966e+000  4.355477e+001 -1.478767e-001  4.710237e-001 -1.134066e+000  2.917546e+000  7.605199e-001 -1.060891e+000 -1.104482e+000 -2.365144e+000  2.999768e+000 -1.311320e+000 -2.637102e+000  2.048976e+000 -8.639767e-001 -7.074361e-001 -1.372938e-001  7.192097e-001 -1.904759e+000  7.118590e-001  1.868244e+000 -1.460066e-001  1.818896e-001 -6.929817e-001 -8.490152e-001 -8.341002e-002 -1.196826e-001  5.140612e-001
 2.776154e+000  4.497723e-001  9.494271e+000  7.049858e+000 -7.629924e+000 -1.681124e+001 -5.680928e+000 -1.868378e+001 -1.557502e+001 -1.021003e+001 -1.647556e+001 -7.244087e+000  4.370003e+001 -8.185011e-001  1.323522e-001  1.211550e-001  7.679766e-001  1.902238e+000  1.087207e+000 -1.184738e+000 -5.972868e-001 -4.815616e-002 -1.555017e+000 -1.834668e+000  2.132597e+000 -3.768982e-001 -6.364928e-001 -3.124016e-001  6.986940e-001 -1.713149e+000  6.802782e-001  1.420727e+000  1.304687e-001  1.570089e+000 -1.297494e+000 -8.252705e-001  8.791330e-001 -7.939013e-001  5.560040e-001
 1.287120e+000  1.999490e+000  7.695184e+000  7.668283e+000 -5.807094e+000 -1.162910e+001 -9.657372e+000 -1.974070e+001 -1.969476e+001 -8.658259e+000 -1.887342e+001 -9.362567e-001  4.383926e+001 -1.043999e+000 -4.548031e-001 -1.530233e-001  1.502144e-001  2.751520e+000  1.405042e+000 -3.578186e-001  1.903449e+000 -1.566299e+000 -2.646986e+000 -4.822409e-001  6.680796e-001  9.653091e-002 -3.644592e-001 -4.907350e-001  7.337972e-001 -1.224831e+000  3.468423e-001  3.548782e-001  4.474288e-001  1.946355e+000 -6.458111e-001 -6.534418e-001  1.502407e+000 -1.041234e+000  5.519874e-001
 6.108877e-001  4.549433e-001  9.376864e+000  9.587391e+000 -4.193911e+000 -9.446219e+000 -7.599690e+000 -1.822144e+001 -2.376623e+001 -1.003116e+001 -1.878529e+001 -8.983163e-001  4.314066e+001 -1.697809e+000 -1.198418e+000  1.084271e+000 -1.186325e+000  2.626107e+000  1.373676e+000 -4.797544e-002  4.829644e+000 -1.228987e+000 -3.688652e+000  1.463952e+000 -1.705326e+000  7.445156e-001 -7.245584e-002 -4.616536e-001  3.722413e-001 -8.670275e-001 -3.167906e-001  1.136090e-001  5.323975e-001  9.642992e-001  6.103172e-001 -2.605091e-001  1.560374e+000 -4.830557e-001  3.627178e-001
-9.425113e-001 -4.094907e-001  9.328740e+000  6.552975e+000  1.593492e+000 -1.039026e+001 -5.485563e+000 -9.284019e+000 -2.445688e+001 -1.691908e+001 -1.341010e+001 -8.388453e+000  4.431711e+001 -1.530518e+000 -1.317267e+000  2.053362e+000 -2.229456e+000  2.132797e+000  5.702657e-001  5.642810e-001  4.653165e+000  3.611280e-001 -3.511712e+000  3.225626e+000 -1.238234e+000  1.335253e+000  1.530098e-001 -4.537345e-001 -3.870861e-001 -3.934790e-001 -7.397599e-001  4.692819e-001  4.722120e-001 -3.266817e-001  8.485056e-001  3.403304e-001  9.096123e-001  4.891699e-001 -7.579262e-002
-4.598076e+000 -4.337825e+000  1.409885e+001  1.675888e+000  1.800320e+000 -1.056228e+001 -8.006710e+000  2.360960e-001 -1.933889e+001 -2.452289e+001 -1.188746e+001 -1.204462e+001  4.718369e+001 -9.375206e-001 -1.744684e+000  8.791687e-001 -2.377326e+000  6.276465e-001  2.072640e+000  1.016199e+000  2.849351e+000  2.039717e+000 -2.425199e+000  4.113268e+000  6.704754e-001  8.173298e-001  3.426921e-001 -4.604609e-001 -1.605525e+000  3.535837e-001 -8.085371e-001  3.951579e-001  2.389073e-001 -1.092842e+000  3.660596e-001  6.403193e-001 -4.768372e-005  9.320093e-001 -5.650425e-001
-3.760990e+000 -2.190459e+000  1.560100e+001  4.767556e-001  1.859774e+000 -8.219737e+000 -6.632458e+000 -5.703637e+000 -2.010279e+001 -1.897096e+001 -6.194207e+000 -1.554275e+000  4.849401e+001 -6.590942e-001 -2.450342e+000 -1.985902e+000 -1.221680e+000  5.195154e-002  3.401969e+000  1.471154e+000  1.260187e+000  1.041878e+000 -1.577061e+000  2.741163e+000  1.926028e+000 -3.188393e-001  1.571593e-001 -4.620576e-001 -2.049364e+000  7.635875e-001 -6.887053e-001 -1.689672e-001 -3.954818e-001 -6.902423e-001  1.741850e-001  3.762273e-001 -8.595478e-001  3.769394e-001 -7.714105e-001
-2.667476e+000 -7.377993e+000  1.063658e+001  7.388711e-001 -1.188819e+000 -1.682806e-001 -1.945247e+000 -5.764874e+000 -1.574469e+001 -2.113121e+001 -1.826895e+000 -9.630290e-001  4.513885e+001 -4.200608e-001 -2.934184e+000 -4.923721e+000  7.770590e-002 -3.761555e-001  1.933613e+000  6.931244e-001  1.061925e+000  2.609363e-001 -1.454381e+000  1.705945e+000  1.372589e+000 -1.253651e+000 -7.861303e-002  7.514298e-002 -1.146036e+000  6.799274e-001 -2.651843e-001 -1.163542e+000 -6.355121e-001 -1.086825e-001  3.384467e-001  5.047916e-001 -1.116081e+000  2.884821e-002 -4.690178e-001
-5.203282e+000 -1.114112e+001  1.130364e+000  9.130849e-001  3.347819e+000  1.422587e+000 -1.160523e+000  1.740092e-002 -2.104460e+001 -2.650022e+001 -4.734568e+000 -4.299106e+000  4.374533e+001 -1.003452e+000 -3.032804e+000 -5.292012e+000  3.609659e-001 -8.088285e-001 -2.050571e-001 -1.251590e+000  2.095667e+000  2.121443e+000 -2.115985e+000  1.315481e-001  2.954060e-001 -1.486309e+000 -7.141864e-002  7.651317e-001  4.243235e-001  3.159369e-001 -3.472241e-002 -1.601318e+000 -3.564708e-001  1.680698e-001  7.063855e-001  7.668973e-001 -5.434609e-001  1.444380e-001 -4.493607e-002
-5.977233e+000 -1.453342e+001 -3.284435e+000  1.846253e+000 -8.244802e-001 -5.715381e+000 -7.277055e+000  2.685204e+000 -1.756331e+001 -2.803016e+001 -4.087557e+000 -3.809259e+000  4.328978e+001 -1.158407e+000 -1.077738e+000 -3.197957e+000  2.309882e-001 -2.678851e-001 -1.941556e+000 -7.999888e-001  1.888199e+000  3.192168e+000  3.682207e-001 -1.623298e-001  1.630028e+000 -9.440247e-001  7.204761e-002  1.210165e+000  1.440018e+000 -1.150772e-001  7.422559e-002 -1.064207e+000  1.806858e-001 -1.225700e-001  2.779211e-001  9.450425e-001 -1.689019e-001  2.330893e-001  1.995374e-001
-7.123369e+000 -1.377677e+001 -3.898551e+000  1.727894e+000 -2.366538e+000 -6.471472e+000 -1.022451e+001  5.496569e-001 -8.586263e+000 -2.610141e+001 -4.406136e+000  1.345871e+000  4.198701e+001 -6.470143e-001  4.470929e-001 -7.271671e-001  2.813634e-001 -1.757957e-001 -2.667034e+000  4.353571e-001  1.687400e+000  3.108190e+000  1.346124e+000  9.579952e-001  2.519499e+000 -6.983326e-001  3.393377e-001  1.089505e+000  1.270768e+000 -3.307675e-001  1.457586e-002 -2.087042e-001  6.739110e-001 -4.995418e-001 -1.024811e+000  5.183589e-001 -5.410831e-002 -2.090845e-001  2.448325e-001
-7.499467e+000 -1.144886e+001 -2.838749e+000  1.486408e+000  3.289335e-001 -5.929032e+000 -1.413200e+000  3.409991e+000 -6.013021e+000 -1.948952e+001 -2.802761e+000  4.364621e+000  4.129789e+001 -2.380414e-001  1.376691e+000 -6.052041e-003 -4.578786e-001 -3.215440e-001 -2.156434e+000  7.530797e-001  6.532090e-001  1.157169e+000  1.539777e+000  4.482116e-001  1.425989e+000 -6.499519e-001  3.494577e-001  4.246854e-001  5.081401e-001 -2.019368e-001 -6.632980e-002  6.070716e-001  2.762462e-001 -6.712068e-001 -1.405793e+000 -2.107546e-001 -1.108465e-001 -8.310771e-001  1.116665e-001
-7.677237e+000 -1.044793e+001 -2.728315e+000  2.499825e+000  1.892134e+000 -1.180576e+001 -1.915665e+000  8.092006e+000 -1.127879e+001 -2.403992e+001 -5.869902e-001  4.211451e+000  4.124961e+001  2.330542e-001  1.187508e+000 -5.341223e-001 -9.484379e-001 -7.091198e-001 -1.141139e+000  1.341430e+000  2.154523e-001 -1.985114e+000 -1.099682e-001 -4.442641e-001 -6.479968e-001 -4.091824e-001  2.482885e-001  1.093431e-002 -7.565820e-002  1.607772e-001  2.668632e-001  1.239891e+000 -9.317034e-002 -7.837754e-001 -8.446230e-001 -3.234451e-001 -2.463421e-001 -7.977171e-001  2.037575e-002
-6.890507e+000 -9.314381e+000 -3.899814e+000 -8.291054e-001 -4.561536e+000 -1.383041e+001 -7.666077e+000  2.180075e+000 -1.043120e+001 -2.136202e+001 -3.756072e+000  1.887894e+000  4.040872e+001  1.488472e-001  6.754814e-001 -7.537786e-001 -1.637950e-001 -3.328720e-001  3.308547e-001  1.282055e-001 -7.318616e-001 -1.290147e+000  4.249382e-002 -1.543254e-002 -9.416099e-001 -5.302674e-001  1.788400e-001 -1.349974e-001 -1.430004e-001  5.276497e-001  6.024084e-001  1.067956e+000 -2.042098e-002 -2.837054e-001  1.264896e-002 -1.836541e-001  3.460428e-002 -7.981697e-002  1.146386e-002
-6.262578e+000 -8.906466e+000 -6.038630e+000 -1.856539e+000 -3.466902e+000 -8.226480e+000 -3.909157e-001  2.241876e+000 -1.630274e+001 -2.571499e+001 -6.150801e+000 -6.557502e-001  4.038568e+001  4.009838e-001  8.523692e-001 -7.315949e-001  9.382076e-001  1.164184e+000  2.288778e+000  2.819425e-001 -1.538942e+000  1.087321e-001  4.775406e-001 -4.189309e-002 -2.852869e-001 -6.562961e-001  1.203840e-001 -4.207532e-002  2.140351e-002  5.119410e-001  5.382650e-001  5.911646e-001  1.131862e-001  2.616954e-003  5.598878e-001  3.214721e-001  1.665058e-001  5.019004e-001 -2.449945e-003
-7.462561e+000 -8.842184e+000 -4.952484e+000  2.845615e+000  1.344091e+000 -6.064397e+000 -1.534548e+000  2.675747e+000 -9.951778e+000 -1.843951e+001 -9.801805e-002  2.090172e+000  3.907851e+001  5.721938e-001  8.692734e-001 -6.223178e-001  1.237047e+000  1.753846e+000  1.468389e+000  1.180719e+000  1.118793e-001  1.734903e-001  3.277515e-001  4.200475e-001  8.455488e-001 -4.690758e-001  7.558294e-003 -5.088753e-003  7.553230e-002  1.337664e-001  6.091702e-003  2.260284e-002  3.727208e-001  2.751338e-001  2.063833e-001  2.188304e-001 -1.996551e-001  3.281143e-001  8.602026e-003
-5.386291e+000 -6.422185e+000 -5.859954e+000  5.353503e+000  4.760242e+000 -4.244874e+000 -3.571718e+000  1.494591e-001 -1.097484e+001 -2.311347e+001 -2.625483e+000  2.683877e+000  3.863323e+001  6.233010e-001  8.802359e-001 -4.928351e-001  9.108459e-001  9.388462e-001  1.245917e+000  1.381105e+000 -1.933334e-001  8.250666e-002  1.354763e+000  1.705250e-001  9.679260e-001 -4.520279e-001 -2.739039e-001 -9.290588e-002 -1.879352e-003 -3.622644e-001 -5.384635e-001 -3.153126e-001  1.166457e-001  1.649749e-001 -8.410005e-002  2.109463e-001 -1.508927e-001  1.133756e-001 -8.586831e-002
-4.467681e+000 -6.210154e+000 -7.100741e+000  1.751110e+000  9.412184e-002 -8.479264e+000 -1.720827e-001  3.785680e+000 -1.222770e+001 -2.102403e+001 -3.418493e+000  4.445825e+000  3.893957e+001  7.548008e-002  6.361043e-001 -4.954969e-001  5.187180e-001 -1.897444e-001  9.652992e-001  1.442229e+000 -2.899714e-002 -2.451176e-001  6.980345e-001 -1.119917e+000  7.235534e-002 -5.893914e-001 -4.694770e-001 -3.890125e-002  6.418362e-002 -5.144498e-001 -6.647766e-001 -1.457714e-001 -4.581070e-001 -1.995713e-001  1.712544e-001  2.809356e-001 -1.173361e-002 -6.384765e-002 -1.990202e-001
-4.643513e+000 -5.821301e+000 -7.428678e+000  3.244943e+000  1.852314e+000 -7.894609e-001  5.833376e+000  7.202432e-001 -1.475225e+001 -1.764892e+001 -3.637938e+000  3.006053e+000  3.819502e+001 -7.201788e-001  5.044243e-001 -8.044021e-001 -5.139499e-001 -5.563381e-001  9.637598e-001  7.344160e-001 -6.436296e-001 -1.024642e-001  1.347130e+000 -2.637448e-002  6.681879e-001 -1.025480e+000 -4.749647e-001 -1.036730e-001  3.052141e-001 -3.602892e-001 -5.220590e-001 -3.070050e-001 -4.893038e-001 -3.366406e-002  3.166423e-001  4.643295e-002  1.635709e-001 -5.175117e-002 -1.304942e-001
-7.456549e+000 -5.962104e+000 -6.645607e+000  6.493484e+000  1.849334e+000 -2.965607e+000  9.740486e-001  2.245370e+000 -9.288662e+000 -1.768161e+001 -5.191376e+000  2.290861e+000  3.635066e+001 -1.103451e+000  8.626729e-001 -1.456162e-001 -6.228036e-001 -8.224449e-001  8.806111e-001 -7.864717e-001 -6.608289e-001  1.122248e+000  1.736246e+000  4.598292e-001  6.761796e-001 -1.177451e+000 -3.286944e-001 -1.769295e-001  7.030892e-001 -2.462789e-001 -4.698638e-001 -5.307207e-001 -2.669098e-001  1.289784e-001  1.582907e-001  2.262825e-001  2.736481e-001 -5.865994e-002  1.578296e-001
-7.492751e+000 -4.024088e+000 -1.010953e+001  4.125656e-001  1.100946e+000 -2.182904e+000 -4.727034e-001 -2.298533e+000 -1.295668e+001 -1.804903e+001 -1.870914e+000  7.102299e+000  3.480028e+001 -1.162057e+000  2.485865e-001  8.582948e-001 -3.198390e-001 -1.355099e+000 -2.467640e-001  4.893591e-002 -4.573777e-002  9.820357e-001  1.067822e+000  1.985063e-001  4.072580e-001 -8.104694e-001 -3.402978e-001 -2.238226e-001  1.069515e+000 -2.542847e-002 -3.631547e-001 -7.906919e-001 -2.283090e-001  3.724647e-001  9.550405e-002  5.060509e-001  4.471579e-002 -4.409728e-001  5.254650e-001
-8.560319e+000 -2.795396e+000 -6.488395e+000  5.328012e-002 -3.642419e+000 -3.379487e+000 -9.514015e-001  1.990924e+000 -7.514244e+000 -1.214274e+001 -2.002859e+000  5.778600e+000  3.474968e+001 -1.347053e+000 -1.206242e-001  2.188601e+000 -8.097320e-001 -2.139683e+000 -1.083042e+000  4.504197e-001  3.169489e-001  4.086113e-003  1.969101e+000  1.358831e-001 -9.047942e-002  9.225120e-002 -4.158245e-001 -8.082820e-002  7.200400e-001 -2.290842e-001 -1.715160e-001 -5.881903e-001 -3.760512e-001 -3.927162e-002 -2.567812e-001  5.121211e-001  2.221942e-002 -5.607435e-001  7.500303e-001
-9.901913e+000 -6.161723e+000 -3.215809e+000  4.865850e+000 -2.177304e+000 -1.816341e+000  7.040781e+000  6.187771e-001 -1.072928e+001 -1.507924e+001 -4.239665e+000  3.298473e+000  3.494316e+001 -2.299867e+000 -1.230399e-001  3.376065e+000 -5.476281e-001 -1.713492e+000 -2.007873e+000 -1.025575e+000  7.298049e-001  9.341370e-001  3.760957e+000  3.591775e-001 -1.153346e+000  9.669941e-001 -3.887241e-001  3.815834e-001 -1.059536e-001 -2.413975e-001  3.707673e-002 -2.273381e-001 -9.308479e-001 -6.652749e-001  1.768464e-002  4.324779e-001  2.102731e-001 -4.286298e-001  7.608941e-001
