26 39
-1.606944e+001 -6.311716e+000 -7.941716e+000  5.269552e-001 -1.222713e+001 -9.926354e-001 -2.548699e+000 -5.149206e-001 -3.650595e+000 -6.680875e+000  2.557491e+000 -2.125001e+000  5.136391e+001 -4.350831e+000 -6.893305e-002  2.470788e-001 -5.597675e-001  1.237093e+000  5.694991e-001  1.455940e+000  5.227255e-001  1.281216e+000  1.336466e-001  7.893586e-001  8.837658e-001 -1.609512e+000  9.863311e-001  1.010782e+000  1.712193e+000  6.997275e-001  2.253563e-001 -2.872692e-001  1.993159e-001 -9.760182e-001 -5.538860e-001  1.896634e-001 -3.046736e-001  2.790037e-001  3.362080e-001
-2.321190e+001 -1.748244e+000  2.132837e+000  1.035390e+000 -4.045730e+000  8.027177e-001  1.389777e+000  7.056314e-001  1.026494e+000 -4.362821e+000  1.788546e+000 -4.047132e+000  4.698283e+001 -2.705959e+000  3.006119e-001  1.390189e+000  6.429547e-001  1.012480e+000 -3.320780e-001  1.827103e-001 -8.335550e-001  8.301895e-001 -1.081694e-001  6.563938e-001  5.920228e-001 -1.347261e+000  1.670713e+000  5.245626e-001  7.640839e-001  4.428314e-001  4.885051e-002 -7.130191e-001 -4.304812e-001 -1.586557e-001 -3.611720e-001 -1.285155e-001 -2.774046e-001  2.911617e-001  1.212873e+000
-2.559275e+001 -4.453750e+000 -8.341842e-001 -1.243584e+000 -5.844699e-001 -2.304890e+000  1.684193e+000 -2.623249e+000  3.103022e+000 -2.842466e+000  2.963233e+000 -1.418221e+000  4.694626e+001 -6.581532e-001  3.973944e-001  1.248006e+000  2.672251e-001  9.176714e-001 -7.967112e-001  8.148698e-001  8.171071e-001  7.186571e-001 -7.460098e-001  3.847792e-001  1.564501e+000  5.890072e-001  1.746440e+000  2.290957e-001  2.930460e-001 -3.970541e-001 -2.286510e-001 -1.304678e-001 -4.778282e-001  3.914800e-001 -4.073598e-001  1.463760e-001 -7.196962e-001 -2.991946e-001  1.471230e+000
-2.345029e+001 -6.827599e+000 -3.249184e+000  1.982830e+000 -6.574633e+000 -7.579767e-001 -1.535582e+000 -1.055135e+000 -2.347063e-002 -8.322690e+000  3.790662e+000 -4.256803e-001  4.843620e+001  2.265168e+000  4.395373e-001  7.190799e-001  2.330108e-001 -4.323539e-001 -1.793045e+000 -4.579737e-002  1.892890e+000  1.419083e-001 -7.809009e-002 -4.744973e-001  1.245680e+000  3.156738e+000  1.304623e+000  2.540433e-001  3.425789e-001 -9.632578e-001  9.751333e-002  9.498992e-002 -7.770745e-001 -2.370201e-001 -5.824680e-001  5.230966e-001 -9.194709e-001 -1.003360e+000  1.210569e+000
-1.924101e+001 -1.785067e+000  9.893248e-001  1.389361e+000 -6.374321e+000 -4.195844e+000  2.988330e+000  4.450998e+000  4.676731e-001 -8.430989e+000  3.480329e+000  3.886780e+000  5.358226e+001  1.895804e+000  1.007083e+000  2.047863e+000 -2.340066e+000  8.162546e-001  6.476437e-001 -8.189469e-001  1.116903e+000 -4.114424e-001  8.504872e-001 -2.243677e+000 -9.390359e-001  3.494639e+000  1.037383e+000 -2.362094e-001  1.134439e-001 -4.655478e-001  1.452511e-002  1.805369e-001 -1.504288e+000 -1.418856e+000 -6.085490e-001  5.917264e-001 -5.258549e-001 -1.436536e+000  3.054653e-001
-1.506193e+001 -8.848994e-001  4.816482e+000  8.839718e-001 -3.312573e+000 -7.217030e+000  5.087222e-001  6.632957e+000  3.053710e+000 -1.959009e+000 -8.424884e-001 -4.712304e-001  5.944852e+001  2.540176e+000  1.265984e+000  2.703155e+000 -2.869689e+000  1.550755e+000 -5.793059e-001 -2.885754e+000 -2.168554e+000 -1.517101e+000  1.709065e+000 -2.626733e+000 -3.173007e+000  3.252770e+000  9.425123e-001 -7.666202e-001 -5.539020e-001  5.661128e-001 -1.193863e-001  5.459838e-002 -1.806665e+000 -1.537886e+000 -1.524265e-001  4.943477e-002  4.074752e-001 -7.001321e-001 -5.632744e-001
-2.030791e+001 -2.389685e+000  5.372298e+000 -1.239449e+001  1.865774e+000  4.162856e+000 -3.432693e+000 -8.827782e-001 -4.927801e-001 -1.771870e+000 -5.938575e+000 -6.090626e+000  5.891330e+001  4.391256e+000 -1.196876e+000  8.231878e-001 -5.091643e-001 -1.257539e-003 -5.008960e-001 -5.286591e+000 -4.246453e+000 -1.494583e+000  1.319044e+000 -1.168378e+000 -3.408837e+000  2.068317e+000  1.260220e+000 -1.170317e+000 -1.191062e+000  1.732672e+000 -4.651931e-001 -5.800716e-001 -1.575273e+000 -3.326267e-001  5.306044e-001 -3.625494e-001  1.175255e+000  7.105763e-001 -7.372561e-001
-1.021596e+001 -1.953689e-001  8.075105e+000 -5.473691e+000 -2.940905e+000 -7.833856e+000 -1.275384e+001 -9.231015e+000 -7.128748e+000 -3.106923e+000 -4.633551e+000 -1.130202e+001  6.203453e+001  5.730003e+000 -2.291584e+000 -1.438093e+000  2.148124e+000 -6.205294e-001 -9.457831e-001 -6.845303e+000 -3.114860e+000 -7.865383e-002 -6.519492e-002  1.025229e+000 -1.020079e+000  1.053527e+000  5.303944e-001 -1.066691e+000 -1.197279e+000  1.337802e+000 -1.139369e-001 -2.204512e-002 -6.011425e-001  1.281205e+000  1.034295e+000 -6.995741e-001  1.256609e+000  1.547765e+000 -7.110051e-001
 2.922812e-001 -8.114211e+000  3.475953e+000  2.022370e+000 -6.566443e+000 -6.391911e+000 -1.681334e+001 -8.849283e+000 -1.914014e+000 -1.261810e+000 -4.660279e-001 -7.742013e+000  6.263084e+001  6.601992e+000 -3.065718e+000 -1.836821e+000  3.814387e+000 -4.240688e-001 -2.069476e+000 -6.715538e+000 -7.307719e-002  1.522356e+000 -7.512982e-002  1.806616e+000  1.537382e+000  9.079803e-001 -6.478668e-001 -2.197231e-001 -2.057056e-001 -1.150930e-002  4.926721e-001  4.108813e-002  5.933014e-001  1.784429e+000  5.396674e-001 -6.401405e-001  5.686548e-001  1.241737e+000 -4.324688e-001
 3.287991e+000 -9.480559e+000 -1.425809e+000  4.416162e+000 -2.199112e+000 -6.668562e+000 -2.702747e+001 -4.958090e+000  3.371058e+000 -2.540014e+000  1.547384e+000 -4.745934e+000  6.285738e+001  4.086780e+000 -3.133052e+000 -1.953236e+000  1.657547e+000  1.192476e+000  9.475841e-002 -5.176993e+000  2.150784e+000  2.145905e+000 -1.091718e+000  2.168817e+000  2.092707e+000  2.779129e-001 -1.244560e+000  2.156879e-001  6.988003e-001 -9.330459e-001  3.190189e-001 -1.848067e-002  1.673660e+000  1.211849e+000 -3.243870e-001 -2.684347e-001 -2.724170e-001  4.462617e-001 -2.231922e-001
 5.950073e+000 -1.307568e+001  9.386482e-001  1.732521e+000 -6.254671e-001 -6.767171e+000 -2.987357e+001 -3.384627e+000  1.869096e+000 -2.430974e+000  4.035992e-003 -1.681758e+000  6.304177e+001  1.973534e+000 -1.874758e+000  5.223192e-002 -3.214226e-001  1.555600e+000 -8.157262e-001 -3.154239e+000  2.042871e+000  9.147427e-002 -1.368397e+000  1.103103e+000  1.243453e+000  2.937801e-001 -1.289559e+000  4.654447e-001  9.082294e-001 -8.550736e-001 -4.467412e-001 -2.306589e-001  2.136984e+000  4.560414e-001 -8.914412e-001  4.443981e-002 -8.099168e-001  1.083256e-002 -1.049528e-001
 7.389050e+000 -1.337989e+001 -4.224256e-001  2.958971e+000  5.098747e-002 -7.172434e+000 -3.210869e+001 -1.209423e+000  1.709219e+000 -7.980930e+000  5.975501e+000 -3.868606e+000  6.321863e+001  1.821433e+000 -1.808625e+000  1.111382e+000 -4.492011e-001 -1.526942e-002 -1.665061e+000 -2.576527e-001  1.886411e+000 -9.851477e-001 -7.607350e-001  1.490090e-002  1.358193e+000  2.446655e-001 -9.487013e-001  4.098401e-001  1.143978e+000 -2.999374e-001 -1.298340e+000 -5.725299e-001  1.938783e+000  1.857642e-001 -1.006638e+000  4.211644e-001 -8.992622e-001  1.819731e-001  1.875329e-001
 8.109420e+000 -1.553833e+001  3.235421e+000  1.143853e+000  8.650756e-002 -1.021861e+001 -3.004393e+001 -5.092642e-001 -6.257235e-001 -5.383337e+000  2.835427e+000 -1.963410e+000  6.391912e+001  1.286873e+000 -1.400707e+000  1.172016e+000  5.923932e-001 -2.053902e+000 -2.342860e+000  1.509711e+000  2.339316e+000 -1.369324e+000 -1.842218e-002 -1.166010e+000  1.958802e+000  3.998402e-001 -9.309802e-001  1.376376e-001  1.196997e+000 -1.829225e-001 -1.460553e+000  1.531998e-002  1.137871e+000  4.056032e-001 -8.569700e-001  4.448902e-001 -3.554277e-001  3.054478e-001  3.701978e-001
 1.131548e+001 -1.729236e+001  2.982717e+000  2.464491e+000 -2.631446e+000 -1.326815e+001 -2.823055e+001  3.036284e+000 -3.072706e-001 -4.867508e+000  2.061926e-001  2.185857e+000  6.364204e+001 -3.133961e-001 -1.320876e+000  3.206762e+000 -2.990473e-001 -3.494472e+000 -2.004324e+000  2.184949e+000  2.931382e+000 -2.156888e+000  3.391166e-001 -1.192938e+000  2.644899e+000  1.162547e+000 -1.243261e+000  2.135119e-001  1.375485e+000 -5.245154e-001 -9.487643e-001  6.720396e-001  1.523212e-001  2.336601e-001 -9.629713e-001  3.519223e-001  2.708172e-001 -1.035588e-001  4.652733e-001
 1.042122e+001 -1.812298e+001  5.096159e+000  4.941727e+000 -9.553760e+000 -1.543361e+001 -2.426409e+001  6.189100e+000 -3.969279e+000 -4.079796e+000 -2.941362e+000  5.085018e+000  6.482927e+001 -1.613953e+000 -1.430444e+000  4.989529e+000 -1.311112e+000 -4.007562e+000 -5.694951e-001  1.313817e+000  3.548401e+000 -3.607506e+000  3.061284e-001 -7.011634e-002  2.127340e+000  1.685828e+000 -1.069040e+000  3.601425e-001  1.141358e+000 -7.542722e-001 -1.871436e-001  1.061974e+000 -4.115340e-001 -3.503622e-001 -8.107613e-001  2.961819e-001  7.418389e-001 -7.278543e-001  2.699979e-001
 4.666168e+000 -1.869195e+001  1.468102e+001 -4.352027e-001 -1.260124e+001 -1.458655e+001 -2.407387e+001  1.009831e+001 -7.403442e+000 -6.937118e+000  2.899204e+000  5.831673e+000  6.857629e+001 -2.944459e+000 -7.261971e-001  6.080053e+000 -2.120025e+000 -3.782261e+000  8.084542e-001  6.019005e-001  2.450169e+000 -4.680913e+000  8.366010e-001  8.210399e-001  7.561301e-001  1.928038e+000 -2.706773e-001  5.171759e-001  1.096372e-001 -2.740059e-001  3.080403e-001  1.015141e+000 -3.265170e-001 -1.147143e+000 -1.323675e-001  2.567050e-001  7.028928e-001 -1.290519e+000 -2.587448e-001
 3.364311e+000 -2.199076e+001  2.233391e+001 -3.961860e+000 -1.496640e+001 -1.240688e+001 -2.555319e+001  1.370173e+001 -1.511517e+001 -2.817889e+000  1.138340e+000  6.850381e+000  6.988113e+001 -2.742794e+000  1.026653e-001  5.442159e+000 -2.268479e+000 -2.845726e+000  1.560621e+000  2.435646e-001  8.281116e-001 -4.161118e+000  1.213745e+000  1.536195e+000 -7.360858e-001  1.367085e+000  4.318066e-001  7.464098e-001 -1.031589e+000  3.585958e-001  4.536400e-001  6.673250e-001  2.267863e-001 -1.861820e+000  8.990278e-001 -4.478270e-002  4.604290e-001 -1.431601e+000 -7.010602e-001
 1.216417e-001 -1.898945e+001  2.476410e+001 -3.683842e+000 -1.883643e+001 -1.073925e+001 -2.457650e+001  1.153081e+001 -1.813890e+001 -1.315456e+000  2.271541e+000  5.083826e+000  7.075629e+001 -1.102362e+000  4.984486e-001  3.528633e+000 -1.190393e+000 -2.535189e+000  2.006325e+000  1.087490e+000 -1.444187e+000 -2.541919e+000  1.168833e+000  1.518370e+000 -2.375983e+000  2.819519e-002  8.767497e-001  7.024907e-001 -1.608429e+000  5.797455e-001  7.118644e-001  2.506970e-001  5.217023e-001 -1.662969e+000  1.339669e+000 -2.791542e-001  9.797642e-002 -1.190016e+000 -8.954993e-001
-1.020486e+000 -1.746091e+001  2.726541e+001 -4.776347e+000 -2.066479e+001 -9.554159e+000 -2.279495e+001  9.613404e+000 -1.940714e+001 -8.219001e-001  5.053444e+000  1.778512e+000  7.057469e+001 -3.759684e-001  1.689281e+000  1.107295e+000  1.705110e-002 -2.362898e+000  2.168194e+000  2.204953e+000 -3.813522e+000 -1.818640e-001 -8.390109e-002  1.883364e+000 -3.464609e+000 -8.695511e-001  6.953670e-001  6.808968e-001 -1.552752e+000  4.015078e-001  1.002042e+000 -7.752111e-002  2.524815e-001 -7.804421e-001  8.831572e-001 -1.873077e-001 -4.072256e-001 -6.032769e-001 -7.153459e-001
 1.346757e+000 -1.846463e+001  2.985843e+001 -5.979925e+000 -2.242799e+001 -5.981282e+000 -2.001554e+001  4.921533e+000 -1.796705e+001 -2.090947e+000  8.533502e+000 -3.512311e+000  6.837049e+001  2.558767e-001  1.992948e+000  2.053402e-001 -3.640631e-001 -4.643530e-001  1.758152e+000  2.229718e+000 -3.543861e+000  2.780552e-002  8.965319e-002  1.137338e+000 -3.829687e+000 -1.431141e+000  1.985897e-001  6.585743e-001 -1.135256e+000  6.688309e-002  1.295608e+000 -3.159376e-001 -5.169064e-001  6.433703e-001 -1.398157e-001  6.849902e-002 -6.043632e-001  7.877090e-002 -3.052357e-001
 8.719118e-001 -1.380676e+001  2.532322e+001 -2.728564e+000 -2.498511e+001 -3.944895e+000 -1.680890e+001 -2.061242e+000 -1.611041e+001 -2.849650e+000  7.424178e+000 -6.174595e+000  6.672628e+001  5.492155e-002  2.759900e+000 -6.599525e-001 -6.741052e-001  1.129064e+000  1.297102e+000  9.348580e-001 -2.024262e+000 -1.030194e+000  8.167964e-001 -3.094171e-001 -3.025619e+000 -1.479977e+000 -4.914967e-002  3.931195e-001 -6.428711e-001 -4.048538e-002  1.374303e+000 -6.154749e-001 -8.207901e-001  1.518844e+000 -8.272362e-001  2.040082e-001 -5.350814e-001  6.718079e-001 -1.084901e-002
 4.548260e-001 -1.085178e+001  2.676190e+001 -6.528049e+000 -1.899803e+001 -4.753116e+000 -1.642094e+001 -3.511698e-001 -1.964823e+001  1.466843e-001  6.772861e+000 -1.008806e+001  6.552480e+001 -3.248583e-001  3.256011e+000 -1.264024e+000 -5.103996e-001  2.196869e+000  8.621834e-001 -8.619947e-001  8.780341e-001 -2.816833e+000  1.060979e+000 -4.070556e-001 -2.201624e+000 -1.192770e+000 -2.238633e-001  3.204307e-001 -5.095038e-001  2.935894e-001  9.697957e-001 -1.129606e+000  1.265217e-001  9.369297e-001 -2.132808e-001 -1.618070e-001 -1.678245e-001  9.558546e-001  4.506741e-002
-2.999129e-001 -7.467832e+000  2.551391e+001 -7.872811e+000 -1.673445e+001 -3.682731e+000 -1.991796e+001  2.128447e+000 -2.371752e+001  2.143266e+000  4.386679e+000 -1.006171e+001  6.459766e+001 -3.313493e-001  3.023348e+000 -1.372379e+000 -1.122075e-001  3.178004e+000 -4.611959e-001 -3.531410e-001  1.569751e+000 -2.895725e+000  4.504768e-001 -1.984653e-002 -9.196008e-001 -1.042981e+000 -7.383164e-002  2.686470e-001 -2.880341e-001  5.768338e-001  6.371030e-001 -1.378644e+000  1.318895e+000  5.668526e-002  9.657253e-001 -4.642822e-001  3.092896e-001  8.108510e-001 -5.410379e-001
 3.083777e-001 -5.354043e+000  2.344297e+001 -5.959800e+000 -1.556897e+001 -1.801447e+000 -2.277098e+001  7.216859e+000 -2.824766e+001  7.174922e-001  8.016973e+000 -1.257688e+001  6.347095e+001 -6.703043e-001  3.463378e+000 -1.985966e+000  8.229352e-001  3.360156e+000 -3.010729e+000  3.506326e+000 -6.562191e-001 -1.058329e-001 -5.362221e-001  1.534298e-001 -1.034229e-001 -1.424302e+000  7.358924e-002  5.405403e-001 -2.729838e-001  7.547606e-001  2.529086e-001 -8.812873e-001  1.528766e+000 -7.918965e-001  1.931819e+000 -6.216480e-001 -1.639438e-001  8.954953e-001 -1.448487e+000
-7.116105e-001 -1.438894e+000  2.012079e+001 -3.573726e+000 -1.080963e+001 -7.726709e+000 -1.539958e+001  2.003497e+000 -2.628932e+001 -8.826697e-001  6.702889e+000 -9.528190e+000  6.253830e+001 -1.415136e-001  3.999451e+000 -1.739152e+000  1.543396e+000  3.732936e+000 -3.659664e+000  5.345170e+000 -9.737088e-001  2.442933e+000 -7.060137e-001  9.567881e-001 -2.046394e-002 -4.069400e+000 -1.180865e-001  3.853367e-001 -4.230930e-001  6.190988e-001 -3.435586e-001  2.616940e-001  1.338509e-001 -7.531063e-001  1.967874e+000 -3.852746e-001 -5.304963e-001  1.068985e+000 -1.990408e+000
-2.690847e+000  3.450637e+000  1.952863e+001 -4.562916e+000 -5.159666e+000 -1.778477e+001 -1.148497e+000 -3.569790e+000 -1.889150e+001 -1.021458e+000  6.381905e+000 -1.087193e+001  5.943297e+001 -5.182990e-002  5.470661e+000 -2.445556e+000  2.435602e+000  3.183946e+000 -1.945019e+000  3.932678e+000 -1.809718e+000  4.172935e+000 -1.469016e+000 -1.715092e+000  1.826284e+000 -6.921996e+000 -5.413539e-001 -5.482914e-001 -7.944229e-001  1.397345e-001 -8.074953e-001  1.646262e+000 -1.806907e+000 -2.938869e-001  1.193249e+000 -6.977868e-002 -6.738575e-001  1.236271e+000 -1.561100e+000
