57 39
-1.789012e+001  8.759592e-002  1.565261e+001  7.753204e+000  2.089648e+000 -8.962232e+000  7.619609e+000  8.206911e+000 -3.673020e+000 -5.964345e+000 -4.107708e+000  4.310369e+000  5.609618e+001 -3.557949e+000 -1.714507e+000 -1.050516e+000 -3.972439e-001  2.050657e+000  2.004817e+000  5.017302e+000  2.228328e+000 -1.584035e+000  1.762697e+000  1.597058e+000 -6.206553e-001  7.758652e-001  5.561506e-001  8.045859e-002 -8.584903e-001 -9.073152e-001 -8.615321e-001 -8.053271e-001 -1.618660e+000 -1.767007e+000  4.243847e-002  1.681803e-001  1.249267e+000  5.940708e-002  1.745868e-003
-2.106057e+001 -2.607191e+000  1.200007e+001  9.206813e+000  5.152757e+000 -8.566415e+000  1.406204e+001  9.684942e+000 -7.184259e+000 -3.234956e+000 -1.518003e+000  3.538802e+000  5.684484e+001 -3.153981e+000 -1.162586e+000 -2.774200e+000 -2.460864e+000 -6.724702e-002 -1.924152e-002  2.668667e+000  4.090452e-001 -6.244682e-001  7.004033e-001  2.367645e+000 -5.622887e-001  9.800938e-001  5.817322e-001  6.536810e-001 -6.669503e-001 -8.708463e-001 -9.927200e-001 -9.349439e-001 -1.624459e+000 -1.498429e+000  4.210894e-001  1.883135e-001  7.219586e-001  2.797881e-001 -1.244403e-001
-2.265952e+001 -2.402335e+000  1.215307e+001  6.412005e+000  3.408689e+000 -8.867640e+000  1.308603e+001  8.706373e-001 -7.528252e+000 -8.274113e-001  3.620364e+000  6.642937e+000  5.861022e+001 -2.503571e+000 -2.969368e-002 -3.374884e+000 -3.331970e+000 -7.351021e-001 -1.749457e+000  3.342725e-001 -1.232589e+000 -4.422465e-001  1.663928e+000  2.972972e+000  5.775912e-001  6.918831e-001  5.927414e-001  7.022380e-001 -3.113916e-001 -2.898048e-001 -3.381456e-001 -3.398271e-002 -9.231369e-001 -4.415390e-001  4.838303e-001  2.485324e-001 -3.420477e-001 -3.039071e-002 -3.006586e-001
-2.659114e+001 -2.906631e+000  6.223478e+000 -2.345235e+000 -9.666438e-001 -1.490500e+001  9.478268e+000  4.103386e+000 -5.447767e+000 -1.147327e+000  4.665705e+000  4.470847e+000  5.928764e+001 -1.948148e+000  7.887233e-001 -3.090185e+000 -2.831656e+000 -5.699195e-001 -7.023975e-001  5.085662e-001 -5.512474e-001  2.022924e-001  2.413984e+000  2.422819e+000  2.400643e-001  1.513882e-001  7.091509e-001  4.132941e-001  4.637020e-001  6.669622e-001  3.003832e-001  9.820341e-001 -2.354934e-001  1.651136e-002  3.052093e-001  2.223692e-001 -1.049426e+000 -2.978358e-001 -4.124457e-001
-2.764269e+001  8.884770e-002  1.666489e+000 -3.130624e+000  1.473837e+000 -1.454023e+001  1.158286e+001  4.834745e+000 -6.752499e+000  1.311479e+000  7.665299e+000  6.732302e+000  5.833419e+001 -1.197158e+000  8.210285e-001 -2.449481e+000 -1.660872e+000  6.112653e-001  2.176481e+000  1.481667e+000  5.007796e-001  4.217359e-001  2.148569e+000 -1.407681e-001 -1.173785e+000 -3.130749e-001  6.249200e-001 -1.634921e-001  7.836444e-001  1.023218e+000  4.285182e-001  1.271809e+000  5.327273e-002  1.618252e-001  1.735149e-001 -2.952468e-001 -1.392815e+000 -6.269888e-001 -3.959627e-001
-2.830973e+001  9.083403e-002  1.792434e+000 -1.801545e-001  3.270585e+000 -9.242110e+000  1.735645e+001  4.946651e+000 -6.560674e+000  7.765518e+000  8.573626e+000  4.694441e+000  5.773979e+001 -2.614332e-001  4.785236e-001 -9.183913e-001  3.839812e-002  7.614853e-001  2.927960e+000  9.175026e-001 -3.750822e-001  4.695871e-001  1.569929e+000 -1.322614e+000 -1.175779e+000 -5.796558e-001  3.638283e-001 -5.760067e-001  6.489787e-001  8.494743e-001  1.748143e-001  4.339191e-001 -7.210497e-001 -4.140798e-001  1.085387e-001 -8.196224e-001 -9.046249e-001 -3.007723e-001 -3.509490e-001
-2.778601e+001  2.040749e-001  2.121187e+000 -2.974895e+000  4.346401e+000 -8.166782e-001  1.655527e+001  2.952903e+000 -4.863119e+000  5.459011e+000  9.625631e-001  6.622133e-001  5.781877e+001 -2.223280e-001 -6.920541e-001 -5.425587e-001  3.490936e-001  7.417867e-001  2.794410e+000  3.961679e-001 -5.115455e-001  2.916806e-001  6.097215e-001 -2.118385e+000 -1.849431e+000 -9.224083e-001  1.039066e-001 -7.058204e-001  2.344263e-001  6.543981e-001 -2.543317e-001 -6.323683e-001 -1.287427e+000 -9.063061e-001 -3.426393e-002 -7.724059e-001  1.266629e-002  2.619504e-001 -2.398416e-001
-2.782665e+001 -5.716272e-001  1.404173e+000 -2.231109e+000  1.404501e+000 -7.126967e+000  1.157957e+001  3.168897e+000 -4.044521e+000  4.628551e+000  1.404003e+000  1.626995e+000  5.664707e+001 -6.164219e-001 -1.334769e+000 -7.987525e-001  4.107327e-001  2.388914e-001  1.158234e+000 -2.553932e+000 -2.115484e+000  8.100136e-001 -9.147044e-001 -1.111497e+000 -9.259742e-001 -1.298690e+000 -2.563818e-002 -4.386082e-001 -2.601466e-001  2.228683e-001 -4.978933e-001 -7.767865e-001 -8.651540e-001 -6.806206e-001 -5.175434e-002 -4.344642e-001  5.734760e-001  3.529106e-001 -4.569351e-002
-2.899587e+001 -3.040192e+000 -8.521732e-001 -3.596780e-001  6.115813e+000 -1.625747e+000  1.645214e+001  3.165895e+000 -6.552172e+000  5.928570e+000  6.581854e-001 -9.811305e-001  5.426851e+001 -5.001308e-001 -1.801427e+000 -1.337169e+000  1.424952e+000 -3.990963e-001 -1.004970e-001 -3.219751e+000 -3.160550e+000  8.020298e-002 -4.711439e-001 -1.829952e-001  1.106414e-002 -1.152766e+000  6.440134e-002  1.131646e-001 -1.920047e-001  1.951707e-001 -5.060735e-001 -3.921482e-001 -1.775820e-001 -1.783777e-001  6.724543e-002 -1.806724e-001  7.603410e-001  6.572724e-001  2.132904e-001
-3.078691e+001 -4.960876e+000 -7.146479e-001  5.659003e-001  3.580336e+000 -3.046408e+000  4.638362e+000 -5.737264e+000 -1.666079e+000  2.957216e+000  3.168330e+000  8.862422e-001  5.302147e+001 -2.507227e-001 -1.159831e+000 -1.821819e+000  6.148105e-001 -1.157540e+000  4.914812e-001 -1.600308e+000 -2.453683e+000  3.165542e-001 -6.195993e-002  5.770710e-001 -3.414740e-001 -6.929447e-001  1.856278e-001  4.278825e-001  2.188086e-002 -4.620900e-002 -1.323202e-001  2.722860e-002  7.145599e-001  6.768777e-001 -3.351912e-004  6.325895e-002  5.574202e-001  3.807840e-001  3.739821e-001
-2.880654e+001 -6.608437e+000 -3.505248e+000  2.751358e+000  1.263002e+000 -3.359443e+000  3.927126e+000 -8.396767e+000 -5.651325e+000  3.938959e+000 -8.345763e-001  1.087911e+000  5.386774e+001 -8.317089e-002 -2.137000e-001 -9.910489e-001  1.222908e+000 -1.090365e+000  1.167045e+000 -9.685542e-001 -1.234335e+000  8.746375e-001 -7.200127e-001  8.390359e-001  1.144681e+000 -1.588291e-001  1.035792e-001  5.883499e-001  3.221644e-001 -4.319611e-001  2.445746e-001  9.360933e-002  7.862890e-001  1.145393e+000  1.736932e-001  7.640476e-002  3.833679e-001 -6.126531e-002  2.879264e-001
-2.917493e+001 -4.586659e+000 -6.378384e+000 -7.125747e-001 -1.956794e+000 -3.802713e+000  9.840534e+000 -3.318187e+000 -2.912174e+000  5.313557e+000  5.035739e+000 -1.114895e+000  5.338273e+001  1.032370e-001  1.077991e-002 -8.624083e-001  2.807092e-001 -7.707517e-002  6.606055e-001 -1.067309e-001  3.057970e-001  4.111204e-001 -4.739753e-001  1.164589e+000  4.111376e-001  7.425193e-002 -3.211513e-003  3.395547e-001  4.330686e-001 -4.581117e-001  3.118065e-001 -5.042588e-001  2.932659e-001  9.318229e-001  1.473311e-001  4.274312e-002  3.939932e-002 -2.439419e-001  1.726665e-001
-3.021772e+001 -4.295801e+000 -2.975549e+000  6.394102e+000  3.432551e+000  4.587631e+000  9.008280e+000 -4.215317e+000 -1.555937e+000  1.150336e+000  3.919660e+000  5.742842e+000  5.329373e+001 -1.592146e-001  5.550167e-001 -2.060522e-001 -5.678036e-001  2.835445e-001  2.829875e-001 -3.509428e-002  1.186678e+000  9.013859e-001  1.168876e-001  1.440086e+000 -6.715682e-001 -9.673195e-002 -1.009552e-001  3.466391e-003  2.006154e-001 -9.362139e-001 -1.352626e-001 -1.097691e+000  2.991781e-001  4.600546e-001  1.969501e-001  2.361145e-001  1.394174e-002 -3.279518e-001  6.466007e-002
-2.956514e+001 -6.063295e+000 -5.291539e+000  1.480747e-001  2.110186e+000 -3.716917e+000  1.564131e+000 -6.299003e+000 -1.658171e+000  1.981650e+000  6.614154e+000  6.144645e-001  5.367973e+001 -2.287584e-001  1.535841e-001 -4.897411e-002 -7.803919e-001 -2.854622e-001 -1.587784e+000 -6.007087e-001  9.949254e-001  1.039835e+000 -2.666944e-001  4.735428e-001 -6.530590e-001  1.393394e-001  1.246817e-001  1.494544e-001  5.280541e-001 -5.920474e-001 -3.878048e-001 -7.100987e-001  2.417836e-001 -7.725403e-002  3.283434e-002 -8.273437e-002 -1.801696e-001  1.478368e-001  6.851925e-002
-2.940750e+001 -3.095035e+000 -5.078931e+000 -5.179848e-001  6.472350e-001 -1.987404e+000  7.889857e+000 -9.729705e-001 -1.771397e+000  6.189350e+000  5.576643e+000 -3.134610e+000  5.323558e+001 -4.219490e-001 -2.677701e-001 -3.946892e-001 -2.927611e+000 -1.662485e+000 -3.197215e+000  7.743252e-001  7.213740e-001  1.545031e+000  3.569193e-001  1.254267e+000  3.701976e-002  1.319275e-001  1.201522e+000  1.241109e-001  1.003090e+000 -1.182369e-001 -5.969927e-001 -6.855819e-001 -5.081754e-001 -4.930582e-001 -4.233468e-001 -4.942441e-001 -2.932278e-001  5.640607e-001  3.827251e-001
-3.072383e+001 -4.419122e+000 -5.571564e+000 -1.158491e+000 -1.991446e+000 -8.454116e+000  7.396202e+000  3.526661e-002  2.394733e+000  1.460578e+000  6.574961e+000  5.853558e-002  5.410851e+001  8.580128e-001  1.169445e+000  1.872181e+000 -1.499624e+000 -1.043084e+000 -1.149787e+000  6.974772e-001  1.521786e-001  2.534698e-001 -1.007663e+000  3.566498e-001  7.960274e-001  3.025185e-001  2.302109e+000 -1.946179e-001  1.723281e+000 -5.159390e-003 -7.722431e-001 -2.243968e-001 -1.463453e+000 -2.700053e-002 -8.273377e-001 -3.813352e-001 -2.805261e-001  2.754752e-001  7.400657e-001
-3.174812e+001 -6.456738e+000 -4.808983e+000 -7.590669e+000 -2.829057e+000 -9.029845e+000  9.963870e+000 -3.775582e+000  4.142764e+000  3.195469e+000  1.021059e+001  6.205905e+000  5.373898e+001  5.305009e+000  6.676408e-001  3.848818e+000 -7.993721e-001 -2.322608e+000 -3.363920e+000 -3.225064e+000 -8.572403e-001 -8.221655e-001 -1.983849e+000  3.239322e-002  1.424192e+000  1.735304e+000  2.499981e+000 -8.769206e-001  1.796923e+000 -2.367942e-002 -7.397970e-001  7.392123e-002 -1.949700e+000  9.259021e-001 -7.298265e-001 -3.035696e-001 -3.773648e-001 -4.164202e-001  9.663121e-001
-2.410477e+001  1.464783e+000  3.934390e+000 -3.813704e+000 -1.367090e+000 -5.944631e+000  4.014510e+000 -4.136804e+000 -3.347903e+000 -1.559725e+000  6.080428e+000 -7.565621e-002  5.494062e+001  8.418308e+000 -1.287211e+000  6.445677e+000 -1.870308e+000 -3.816616e+000 -2.626415e+000 -5.918278e+000  1.649230e+000 -1.913255e+000 -1.002987e+000 -3.181508e-001  3.073080e-002  3.037980e+000  1.148810e+000 -1.733489e+000  5.472955e-001 -8.513266e-001 -5.398997e-001  2.358265e-001 -8.353209e-001  1.609063e+000  1.166190e-001  1.762299e-001  7.915834e-002 -8.042156e-001  7.400746e-001
-6.191986e+000 -2.698784e+000  9.412184e+000 -3.187238e+000 -1.127798e+001 -2.006175e+001 -6.544617e+000 -3.173136e+000 -3.010906e+000 -2.219743e+000  5.985876e+000  4.053446e+000  6.149604e+001  8.297811e+000 -3.424045e+000  6.303177e+000 -2.860666e+000 -3.974704e+000 -2.089295e+000 -5.666299e+000  4.602359e+000 -1.020739e+000 -1.163267e+000 -2.951563e-001 -1.662433e+000  3.595757e+000 -1.126520e+000 -1.430305e+000 -8.344286e-001 -9.666893e-001  4.864751e-001  1.331745e+000  1.177143e+000  1.487241e+000  6.446958e-001  2.715428e-001  2.905313e-001 -1.083878e+000 -4.277379e-002
-1.410352e+000 -1.273415e+001  1.954624e+001 -1.271175e+001 -1.685007e+001 -1.607024e+001 -1.394094e+001  7.980193e+000 -3.594708e+000 -8.467488e-001  7.096566e+000  1.288419e+000  6.541988e+001  5.105662e+000 -5.452156e+000  3.381478e+000 -4.725611e+000 -2.916535e+000 -6.079676e-001 -2.258510e+000  5.467695e+000  9.358513e-001 -5.368046e-001  9.162163e-001 -1.681738e+000  3.072665e+000 -2.238622e+000 -3.709815e-001 -2.098505e+000 -8.412738e-002  1.237884e+000  1.444247e+000  2.191612e+000  1.867101e-001  6.386585e-001  4.867194e-002  1.314259e-001 -7.655862e-001 -6.811541e-001
-1.606274e+000 -1.647750e+001  1.890098e+001 -1.744498e+001 -1.496109e+001 -1.441351e+001 -9.389898e+000  1.317771e+001 -8.375290e-001 -2.977354e+000  8.226744e+000 -2.788297e+000  6.647814e+001  1.328734e+000 -4.401412e+000  1.208775e+000 -4.205167e+000 -3.402731e-001  2.285582e+000  8.307645e-001  4.669733e+000  9.767601e-001 -8.592259e-001  8.678663e-001 -3.138963e+000  1.504092e+000 -1.967613e+000  5.845678e-001 -2.113088e+000  8.394571e-001  1.177874e+000  1.279821e+000  1.742173e+000 -9.813288e-001  4.564206e-002  9.141481e-003 -3.811159e-001 -2.451986e-001 -8.650886e-001
-8.693140e-001 -1.890664e+001  1.609738e+001 -2.031289e+001 -1.410821e+001 -1.180859e+001 -5.855398e+000  1.502624e+001  2.446656e-001 -3.864942e+000  9.541076e+000 -5.063476e+000  6.781290e+001  7.097374e-001 -2.653435e+000 -1.499649e+000 -1.618694e+000  5.555897e-001  2.407382e+000  1.791250e+000  2.549093e+000  2.812878e-001 -9.116474e-001 -2.425328e-001 -3.058935e+000  6.780418e-001 -1.048018e+000  1.100996e+000 -1.184006e+000  1.300137e+000  7.466654e-001  6.738988e-001  6.066348e-001 -1.468316e+000 -4.007452e-001 -7.856728e-002 -9.446085e-001  1.690529e-001 -6.700977e-001
 1.811648e-001 -2.161960e+001  1.718048e+001 -2.041250e+001 -1.435028e+001 -1.076467e+001 -6.433568e+000  1.665250e+001 -4.679271e-002 -5.006776e+000  9.102953e+000 -8.465420e+000  6.781999e+001  6.577076e-001 -1.900566e+000 -1.821697e+000 -2.168386e-001  1.786036e-001  2.802134e+000  1.019686e+000  1.155015e+000 -4.652470e-001 -9.301382e-001 -1.621361e+000 -2.199827e+000  4.676254e-001 -4.395105e-001  1.052474e+000 -3.486849e-001  9.462768e-001  1.988808e-001 -1.061135e-001 -1.097202e-001 -1.348781e+000 -1.414389e-001 -1.285336e-002 -8.202416e-001  7.645445e-001 -2.668549e-001
 1.244616e+000 -2.343028e+001  1.290824e+001 -1.932146e+001 -1.437752e+001 -5.857753e+000 -6.462861e+000  1.898826e+001 -2.583637e+000 -4.390275e+000  5.445797e+000 -1.116770e+001  6.813916e+001  2.010853e-001 -1.197598e+000 -1.023318e+000 -2.190924e-001  5.573536e-001  2.503250e+000  6.802034e-001 -1.165257e-001 -3.468711e-001 -8.941848e-001 -2.562212e+000 -1.306041e+000  2.404099e-001 -4.419156e-001  8.790967e-001  4.751083e-001  2.668178e-001  1.639440e-002 -5.862537e-001 -2.974275e-001 -8.819264e-001  4.011333e-001 -1.573412e-002 -1.171027e-001  9.048173e-001 -8.150436e-002
 6.252989e-001 -2.371851e+001  1.138707e+001 -1.902489e+001 -1.393341e+001 -3.378259e+000 -3.987737e+000  1.697178e+001 -1.749613e+000 -7.365378e+000  2.167576e+000 -1.073532e+001  6.865314e+001 -6.144924e-001  1.330402e-001 -7.728157e-001 -1.735844e-001  6.532491e-001  1.707080e+000  8.376868e-001 -7.413601e-001  5.836450e-001 -9.322240e-001 -2.073502e+000 -1.926871e-001  3.886337e-001 -3.367762e-001  7.365875e-001  6.424781e-001  5.785038e-002 -1.061652e-001 -9.971398e-001 -4.336340e-001 -3.575429e-001  7.354642e-001  1.827109e-001  6.340341e-001  7.065102e-001 -7.900055e-002
-8.595444e-002 -2.384517e+001  1.387750e+001 -2.210216e+001 -1.152987e+001 -2.985538e+000 -3.677296e+000  1.428398e+001 -6.382799e-001 -7.156565e+000  1.977023e-001 -1.045873e+001  6.859837e+001 -8.637405e-001  7.252451e-001  3.514516e-001 -3.062323e-001  4.002389e-001  2.364080e-002  3.951116e-001 -9.123513e-001  1.762508e+000 -9.892752e-001 -6.019759e-001  4.615812e-001  3.100159e-001  1.900864e-003  4.510255e-001  4.872542e-001  2.116202e-001 -3.825235e-001 -1.017909e+000 -7.280801e-001  6.606116e-002  6.725453e-001  3.867867e-001  9.747086e-001  4.051259e-001 -1.628554e-001
-2.226012e+000 -2.074695e+001  1.283177e+001 -1.989007e+001 -1.250786e+001 -3.665373e+000 -3.637916e+000  1.529785e+001  1.898754e+000 -8.284751e+000  1.359490e+000 -9.783338e+000  6.953355e+001 -4.937606e-001  8.209499e-001  7.033092e-001  1.159832e-001 -2.736651e-001 -9.437596e-001 -1.005938e+000 -2.347865e-001  2.157384e+000  3.096170e-002  5.686907e-001  4.489123e-001  3.781967e-002  3.735535e-001  7.916844e-002  3.591977e-001  3.159158e-001 -3.762262e-001 -6.494961e-001 -9.887971e-001 -2.209556e-002  3.638974e-001  5.031677e-001  7.113081e-001  2.416650e-002 -3.646707e-001
-1.648432e+000 -2.128983e+001  1.394314e+001 -2.042002e+001 -1.308911e+001 -5.595992e+000 -4.662213e+000  1.526347e+001  4.404720e+000 -8.876965e+000  2.839961e+000 -9.335782e+000  6.924903e+001  1.502237e-001  7.135752e-001  6.748911e-001  6.942250e-001 -8.918069e-001 -1.260875e+000 -2.038384e+000 -3.950663e-002  2.228986e+000  5.581557e-001  9.902342e-001  3.987885e-001 -3.984604e-001  4.103568e-001  7.268273e-002  4.840441e-002  5.870099e-001 -7.445136e-002 -3.537234e-002 -9.609690e-001 -5.375044e-001 -2.469785e-002  4.575521e-001  2.257419e-001 -1.778677e-001 -5.097339e-001
-1.062266e+000 -2.089143e+001  1.487079e+001 -1.928604e+001 -1.452212e+001 -6.791830e+000 -8.524969e+000  1.530810e+001  6.515809e+000 -6.350370e+000  3.689900e+000 -9.052237e+000  6.851691e+001  7.462929e-001  5.347174e-001  8.614532e-001  9.057661e-001 -5.818590e-001 -8.981419e-001 -2.889550e+000 -1.288260e+000  2.169894e+000  8.098993e-001  6.869336e-001 -4.045830e-002 -1.080482e+000  1.781924e-001  2.329704e-001 -9.511434e-002  7.491280e-001  4.839168e-001  4.974240e-001 -6.292577e-001 -1.237914e+000 -4.875792e-001  2.188861e-001 -1.640038e-001 -1.459410e-001 -5.786151e-001
 8.329108e-002 -2.020506e+001  1.623245e+001 -1.893305e+001 -1.498177e+001 -7.726687e+000 -1.142569e+001  1.408132e+001  8.198122e+000 -5.332977e+000  3.983668e+000 -8.830338e+000  6.711440e+001  5.680166e-001  1.231775e+000  5.144016e-001  2.233926e+000  1.820790e-001 -1.760297e-001 -3.467927e+000 -3.073136e+000  1.632764e+000  9.090168e-001  4.676121e-001 -1.830720e-001 -1.679503e+000 -1.725386e-001  3.715809e-001 -2.164294e-001  7.879066e-001  8.405130e-001  7.774611e-001 -2.615625e-001 -1.350250e+000 -9.618437e-001  1.124687e-001 -3.197026e-001 -2.871577e-002 -4.540738e-001
 6.395910e-001 -1.861575e+001  1.599439e+001 -1.610473e+001 -1.447082e+001 -7.090735e+000 -1.470393e+001  9.447624e+000  1.085152e+001 -6.007248e+000  4.222304e+000 -1.023835e+001  6.519846e+001  1.883052e-001  1.726702e+000  3.079823e-001  3.091773e+000  1.608976e+000  1.000938e+000 -3.437455e+000 -4.907541e+000  1.759882e-002  9.499617e-001  9.982968e-003  1.013746e-002 -2.214734e+000 -3.851255e-001  3.278609e-001 -3.358260e-001  5.991825e-001  7.189134e-001  6.552870e-001  1.400863e-001 -6.130545e-001 -1.190653e+000  7.977194e-002 -3.373603e-001  1.683099e-001 -1.549064e-001
 3.407230e-001 -1.626880e+001  1.595336e+001 -1.084105e+001 -1.220437e+001 -6.326688e+000 -1.891237e+001  2.828030e+000  1.040069e+001 -4.503441e+000  4.911819e+000 -9.658085e+000  6.251074e+001 -4.334753e-001  1.975487e+000 -1.305206e-001  3.540755e+000  2.215341e+000  1.676890e+000 -3.072245e+000 -4.981116e+000 -1.504086e+000  1.050468e+000 -2.698033e-001  2.299118e-001 -2.101703e+000 -3.155016e-001  1.603268e-002 -3.768980e-001  1.213934e-001  2.014969e-001  1.940760e-001  5.539665e-001  5.358021e-001 -9.374514e-001 -5.387221e-002 -2.138903e-001  1.655198e-001  2.005781e-001
-2.494555e-001 -1.422605e+001  1.655025e+001 -7.873176e+000 -7.865945e+000 -2.487141e+000 -2.196891e+001 -3.602961e+000  5.502521e+000 -2.015329e+000  3.275739e+000 -8.587676e+000  5.974506e+001 -6.785886e-001  1.802166e+000 -4.952157e-001  3.248264e+000  1.996077e+000  1.451833e+000 -2.386960e+000 -3.399543e+000 -2.214946e+000  1.138033e+000 -6.311600e-001  5.945991e-001 -1.643914e+000 -1.118282e-001 -2.733967e-001 -3.768032e-001 -2.504010e-001 -4.562800e-001 -4.789827e-001  8.812856e-001  1.473565e+000 -2.482910e-001 -2.583740e-001  3.416587e-002  1.411322e-001  4.805448e-001
-1.639562e+000 -1.252247e+001  1.530191e+001 -5.345056e+000 -7.207507e+000 -1.644033e+000 -2.315443e+001 -4.298969e+000  3.352194e+000 -2.076596e+000  3.107934e+000 -8.506117e+000  5.933258e+001 -5.760445e-001  1.274207e+000 -9.684895e-001  2.762647e+000  9.960132e-001  5.689025e-001 -1.223342e+000 -1.148125e+000 -1.938220e+000  5.456199e-001 -2.812677e-001  3.522961e-001 -9.620228e-001  2.025150e-001 -5.283580e-001 -1.988566e-001 -6.355202e-001 -7.784939e-001 -8.061319e-001  1.093544e+000  1.753663e+000  2.238925e-001 -4.842761e-001  3.163676e-001  1.194351e-001  5.282794e-001
-1.763209e+000 -1.147809e+001  1.384403e+001 -2.611405e+000 -6.988863e+000 -2.172898e+000 -2.451770e+001 -3.986592e+000  3.301037e+000 -1.530504e+000  1.968447e+000 -7.841340e+000  5.856797e+001 -2.995510e-001  7.103588e-001 -1.157049e+000  2.228822e+000 -6.276016e-002 -8.399820e-001  4.452133e-002  5.437911e-001 -1.006789e+000 -8.948441e-002  1.865445e-001  6.546062e-001 -3.818504e-001  4.261333e-001 -7.270465e-001  1.567120e-001 -1.135240e+000 -6.792397e-001 -5.335026e-001  1.093731e+000  1.509226e+000  1.244653e-001 -5.702503e-001  5.661083e-001  8.667831e-002  4.870194e-001
-1.782622e+000 -1.127174e+001  1.246402e+001  3.413021e-001 -7.662841e+000 -3.639297e+000 -2.375468e+001 -2.720778e+000  1.810326e+000 -2.017755e+000  4.159127e+000 -8.269773e+000  5.828917e+001  3.895809e-001 -1.203992e-001 -7.938868e-001  8.728747e-001 -6.477101e-001 -1.207862e+000  1.179732e+000  1.815533e+000 -9.887015e-001 -7.571535e-001  9.031827e-001  7.970839e-001 -9.133758e-002  4.196526e-001 -7.186438e-001  5.454597e-001 -1.589941e+000 -2.445831e-001  6.613743e-002  8.764116e-001  8.850271e-001 -2.443530e-001 -4.519162e-001  6.449412e-001 -2.280676e-002  4.020907e-001
-1.675680e+000 -1.129962e+001  1.218395e+001  4.277529e-001 -7.952079e+000 -5.689419e+000 -2.144617e+001 -1.673101e+000  1.239511e+000 -2.492172e+000  3.682865e+000 -5.432817e+000  5.835752e+001  9.692650e-001 -1.135764e+000  2.010429e-001 -1.483048e+000 -5.782602e-001 -3.272977e-001  1.880160e+000  2.664759e+000 -2.067379e+000 -1.061832e+000  1.607156e+000  8.055968e-001  3.558407e-001  2.520545e-001 -5.233767e-001  7.235690e-001 -1.583595e+000  1.584421e-001  6.086664e-001  4.308627e-001  2.832698e-001 -5.785737e-001 -1.476588e-001  5.469481e-001 -2.910926e-001  2.731253e-001
 2.645780e-001 -1.321370e+001  1.216252e+001 -2.500262e+000 -9.964449e+000 -5.925083e+000 -1.879153e+001  3.621950e+000 -5.605510e-001 -5.381529e+000  6.766639e+000 -5.724959e+000  5.898112e+001  8.878104e-001 -1.395951e+000  1.079763e+000 -3.331125e+000  3.084774e-002  6.432475e-001  2.240897e+000  2.216527e+000 -2.629691e+000 -1.227787e+000  2.233132e+000  1.627670e-001  6.795853e-001 -4.076303e-002 -1.248955e-001  5.672308e-001 -8.201811e-001  2.766837e-001  5.741212e-001 -1.903824e-002 -3.033098e-001 -5.092651e-001  3.993235e-001  5.306280e-003 -2.179916e-001  9.520016e-002
 2.059515e+000 -1.618593e+001  1.500000e+001 -8.605865e+000 -8.729360e+000 -2.666493e+000 -1.759848e+001  6.165842e+000 -5.850417e+000 -5.157775e+000  8.700473e+000 -5.085763e+000  6.000120e+001  7.116065e-001 -1.268749e+000  1.523971e+000 -3.587152e+000  3.901716e-001  1.277795e+000  1.668253e+000  1.759643e+000 -3.079163e+000 -5.924613e-001  2.256310e+000 -4.836982e-001  5.983146e-001 -1.650741e-001  2.203385e-001  1.574621e-001  5.327262e-001 -1.844307e-001  1.072432e-001 -1.970313e-001 -9.403983e-001  2.006855e-001  7.573410e-001 -7.551510e-001  1.516970e-001 -1.748490e-001
 7.888316e-001 -1.580834e+001  1.645481e+001 -1.179751e+001 -7.119962e+000 -1.934523e+000 -1.447405e+001  4.442384e+000 -7.793164e+000 -6.823890e+000  1.281598e+001 -7.629465e+000  6.086525e+001  3.145951e-001 -6.783842e-001  1.380803e+000 -2.175979e+000  2.514926e-001  8.601974e-001  1.190494e+000  7.515423e-001 -3.029135e+000  1.004779e+000  6.051372e-001  3.517734e-001  2.634262e-001 -1.220475e-001  3.177039e-001  4.047214e-002  1.531221e+000 -6.879420e-001 -3.240003e-001 -3.108124e-001 -1.365535e+000  8.424413e-001  9.657363e-001 -1.413193e+000  6.320503e-001 -3.802480e-001
 1.620225e+000 -1.634604e+001  1.765766e+001 -1.285938e+001 -7.423464e+000 -1.295722e+000 -1.526365e+001  6.714897e+000 -1.054000e+001 -4.733299e+000  1.193974e+001 -6.899055e+000  6.040702e+001  4.305020e-001 -3.928551e-001  8.378332e-001  6.030103e-001 -1.610736e+000  1.004431e-001  1.420204e+000 -1.304740e+000 -8.642291e-001  1.608590e+000 -1.354601e+000  1.469579e+000 -3.103248e-001 -1.512893e-001  4.927505e-001  1.160529e-001  1.651559e+000 -7.288582e-001 -5.705366e-001 -4.736166e-001 -1.715817e+000  1.367975e+000  8.519857e-001 -1.383632e+000  5.831809e-001 -4.186969e-001
 2.057199e+000 -1.652556e+001  1.773770e+001 -1.125340e+001 -9.359934e+000 -2.309481e+000 -1.400648e+001  7.105134e+000 -1.336143e+001 -5.698730e-001  8.172690e+000 -3.059446e+000  6.009534e+001  4.181249e-001 -2.453783e-001  1.625192e+000  2.229900e+000 -2.408409e+000 -3.880777e-001  8.108587e-001 -3.078955e+000  4.750487e-001  2.500368e+000 -3.027380e+000  2.346380e+000 -7.673351e-001 -1.860032e-001  5.832883e-001  1.683874e-001  9.910163e-001 -2.729560e-001 -4.561896e-001 -6.981274e-001 -1.491596e+000  1.364211e+000  4.118817e-001 -5.930377e-001 -4.405560e-002 -3.218947e-001
 3.577842e+000 -1.779159e+001  1.854772e+001 -5.862870e+000 -1.566305e+001 -1.976798e+000 -1.073125e+001 -1.689232e+000 -7.387427e+000 -2.418335e-001  4.249115e+000 -2.287901e-002  5.883453e+001 -9.660508e-002  9.785010e-001  1.982041e+000  2.467704e+000 -1.924169e+000 -9.507500e-001 -5.100127e-001 -4.904192e+000  2.008618e+000  2.919672e+000 -2.845590e+000  1.434903e+000 -9.797890e-001 -2.492121e-001  6.355323e-001 -1.959635e-002 -6.779172e-002  4.868577e-001 -1.680055e-001 -7.591633e-001 -6.485130e-001  6.381722e-001  8.835409e-002  3.808699e-001 -6.601240e-001 -1.229469e-001
 1.900648e+000 -1.631246e+001  2.413574e+001 -4.146270e+000 -1.504221e+001 -3.534373e+000 -1.268596e+001 -6.750327e+000 -6.994205e+000  3.432220e+000  1.524401e+000  6.643487e-001  5.781482e+001 -3.518676e-001  1.552379e+000  1.650637e+000  1.846756e+000 -9.565707e-001 -8.951541e-001 -1.335035e+000 -4.906710e+000  2.355497e+000  2.408646e+000 -1.614557e+000  1.488333e-001 -1.011315e+000 -1.073841e-001  3.934416e-001 -5.102007e-001 -7.007993e-001  6.467342e-001  1.928326e-001 -2.884641e-001  2.197386e-001 -2.686983e-002 -2.893344e-001  9.881088e-001 -8.235101e-001  5.362708e-002
 1.215475e+000 -1.156009e+001  2.436884e+001 -4.074429e+000 -1.420317e+001 -5.437026e+000 -1.847397e+001 -1.087833e+001 -3.680522e+000  7.864017e+000  1.035935e+000 -1.586438e+000  5.664834e+001 -4.305624e-001  1.885928e+000  7.271293e-001  4.556238e-001  9.763336e-002 -4.860459e-001 -1.302666e+000 -3.633427e+000  1.386408e+000  2.096221e+000 -1.566629e-001 -7.322680e-001 -8.030693e-001  9.711498e-002 -1.633614e-001 -5.961120e-001 -8.341528e-001  4.426617e-001  4.443960e-001  3.254392e-001  9.099451e-001 -6.339837e-001 -4.526968e-001  8.201320e-001 -3.458708e-001  1.750353e-001
 1.479044e+000 -1.187942e+001  2.308032e+001 -2.913842e+000 -1.487273e+001 -5.055138e+000 -1.681028e+001 -1.283387e+001 -3.437403e+000  7.420433e+000  1.706497e+000 -1.533500e+000  5.613186e+001  4.818321e-002  1.268116e+000 -2.983555e-001 -2.680573e-001 -1.856386e-001  3.437331e-001 -2.351354e-001 -2.615645e+000  6.518045e-001  1.465422e+000  5.687007e-001 -6.875848e-001 -5.875595e-001  1.349276e-001 -4.018998e-001 -3.971250e-001 -6.448143e-001  3.114983e-001  2.104810e-001  4.692166e-001  1.130120e+000 -5.760168e-001 -3.165326e-001  3.053782e-002  1.162102e-001  2.451078e-001
 1.635832e+000 -1.057847e+001  2.271107e+001 -4.200965e+000 -1.525963e+001 -3.646646e+000 -1.518241e+001 -1.681460e+001 -2.233788e+000  8.245167e+000  3.374753e+000 -2.585295e+000  5.566067e+001  1.889444e-001  3.038252e-001 -2.402287e-002 -6.456538e-001 -9.632654e-002  6.517867e-001  5.672337e-001 -1.500000e+000 -3.094543e-001  1.127801e+000  1.634407e-001  1.237578e-001 -3.164902e-001  9.148326e-002 -5.262111e-001 -2.913909e-001 -2.381823e-001  3.765532e-001 -2.351554e-001  4.746612e-001  1.197490e+000 -3.538080e-001 -3.779081e-001 -6.405650e-001  4.961458e-001  2.792734e-001
 1.931386e+000 -1.046268e+001  2.347285e+001 -5.423288e+000 -1.544217e+001 -2.710898e+000 -1.550741e+001 -1.686042e+001 -4.458550e+000  1.056876e+001  3.198495e+000 -2.274147e+000  5.537086e+001  1.301711e-002  3.339316e-001  4.058781e-002 -8.266771e-001  6.979007e-001 -4.116655e-001  7.609835e-002 -3.228262e-001  3.233439e-001  1.310194e+000 -1.621919e+000  3.018713e-001 -2.906570e-002  4.178948e-002 -3.516829e-001 -3.809635e-001  2.437615e-001  7.016771e-001 -3.573828e-001  2.550716e-001  9.115134e-001 -4.710269e-001 -6.520118e-001 -2.917968e-001  5.226796e-001  1.663858e-001
 1.934026e+000 -1.074933e+001  2.405246e+001 -6.047975e+000 -1.440008e+001 -3.350212e+000 -1.628924e+001 -1.636506e+001 -4.717220e+000  1.192886e+001  1.107140e+000 -5.973250e-001  5.544639e+001  4.443689e-002 -2.780352e-001 -8.992966e-001 -4.559777e-001  1.538630e+000 -1.284123e+000  9.150231e-001  1.207614e+000 -2.184019e-001  2.842950e-001 -2.264178e+000  1.253733e+000  3.140507e-001  1.796119e-001  3.402419e-002 -8.145816e-001  7.532653e-001  7.796404e-001 -1.956895e-001  1.128709e-001  6.623874e-001 -8.931132e-001 -9.767393e-001  6.485118e-001  1.829624e-001 -1.104213e-001
 1.395032e+000 -1.012433e+001  2.261257e+001 -6.123723e+000 -1.181300e+001 -7.261682e+000 -1.587638e+001 -1.467277e+001 -5.789678e-001  1.212955e+001 -5.269293e+000 -1.018128e+000  5.609367e+001  3.293844e-001 -1.993677e-001 -1.765536e+000  8.559123e-001  2.505269e+000 -4.752260e-001  8.663281e-001  5.881154e-001 -1.748856e+000 -1.372884e+000  3.235262e-001  1.360826e+000 -7.090072e-002  3.405776e-001  4.788610e-001 -1.013986e+000  8.905838e-001  5.495066e-001  2.283712e-001 -6.151651e-002  6.150683e-001 -1.271856e+000 -1.144504e+000  1.499104e+000 -1.659067e-001 -4.361444e-001
 2.126193e+000 -1.213782e+001  1.864473e+001 -6.130636e+000 -9.381067e+000 -7.791871e+000 -1.042281e+001 -1.187035e+001 -5.265589e+000  8.886242e+000 -3.712243e+000  3.055362e+000  5.686951e+001  9.288203e-001  7.405958e-001 -3.193869e+000  2.279378e+000  2.898191e+000 -2.948805e-001  7.364734e-001  1.356466e+000 -3.738920e+000 -2.414357e+000  2.433277e+000  5.090928e-001 -8.476791e-001  2.344940e-001  9.694769e-001 -5.907796e-001  3.952911e-001  9.365861e-002  4.106671e-001 -3.771958e-001  3.268026e-001 -3.176030e-001 -8.827277e-001  1.337182e+000 -4.903799e-001 -5.797216e-001
 3.482224e+000 -1.076528e+001  1.734904e+001 -1.102396e+000 -5.425337e+000 -2.866199e+000 -1.410899e+001 -1.616719e+001 -1.292865e+001  5.225644e+000  7.225818e+000  2.703638e+000  5.430479e+001  1.273713e+000  2.218921e+000 -3.882058e+000  2.258564e+000  2.765653e+000  2.355693e-001 -1.422093e-001  2.678089e+000 -4.275679e+000 -3.063003e+000  3.524874e+000 -1.553419e-001 -1.628923e+000 -1.787961e-001  8.753013e-001  1.870767e-001 -3.252434e-001 -6.262189e-001 -1.201582e-001  7.321419e-002  2.866770e-001  1.220208e+000 -3.819830e-002 -2.315222e-002 -5.829675e-001 -3.064968e-001
 5.534532e+000 -6.725881e+000  1.071488e+001  2.838253e+000 -3.102955e+000 -7.022357e+000 -1.349057e+001 -8.835513e+000 -1.723698e+001  3.309030e+000  7.025970e+000  8.725593e-002  5.210243e+001  7.447423e-001  3.360205e+000 -2.794934e+000  8.191524e-001  1.876731e+000  4.138142e-001 -4.666870e-001  1.796641e+000 -5.430053e-001 -3.284284e+000  2.821057e+000 -4.400827e-001 -1.805546e+000 -8.783789e-001  2.730156e-001  1.145657e+000 -5.376018e-001 -8.159664e-001 -1.929146e-001  6.314705e-001 -3.586718e-001  2.039994e+000  5.906200e-001 -9.584516e-001 -3.767016e-001  7.760628e-002
 6.059430e+000 -1.735700e+000  7.167200e+000  6.846501e-001 -1.123791e+000 -6.468592e+000 -1.505355e+001 -2.799744e+000 -1.597167e+001 -3.968521e-001  6.985970e+000 -3.107847e-001  5.033260e+001 -4.725572e-001  2.867334e+000 -1.029620e+000 -4.019165e-002 -1.150953e-001 -1.430364e+000  1.833979e+000  1.801413e+000  2.754226e+000 -1.128912e+000  1.387534e-002 -1.079424e+000 -1.124451e+000 -1.438878e+000 -4.799638e-001  1.399162e+000 -7.658422e-004 -6.189016e-001 -7.206777e-002  8.495124e-001 -1.021744e+000  1.487796e+000  1.443177e+000 -8.721735e-001 -9.280931e-002  3.487605e-001
 4.561302e+000  1.484151e-001  9.760982e+000 -2.928397e+000 -2.148186e+000 -3.921603e+000 -1.228397e+001 -9.570876e+000 -6.459105e+000 -4.723931e+000  1.051296e+001  2.362160e+000  4.982788e+001 -2.589939e+000  1.781467e+000  1.108197e+000  7.407466e-001  2.587334e-001 -4.264868e-001  2.905732e+000  1.445508e-003  2.946097e+000 -4.283024e-001 -6.034813e-001 -9.123740e-001 -7.118835e-001 -1.443684e+000 -8.340986e-001  6.458835e-001  5.757173e-001 -2.631686e-001  3.543923e-001  4.049298e-001 -7.839840e-001 -1.147924e-001  1.607317e+000 -2.613435e-001  2.451051e-002  3.871820e-001
 1.606054e+000  1.342478e-001  1.267789e+001  1.579971e+000 -6.478198e+000 -1.156840e+001 -5.542391e+000 -6.792445e+000 -4.546453e+000  3.597565e+000  5.551697e+000 -3.830933e+000  4.981981e+001 -4.253338e+000  6.084713e-001  1.162189e+000  2.293937e+000  4.801435e-001  2.953810e-001  2.419143e+000 -1.533031e+000  1.418750e+000  2.724889e+000  8.762751e-001 -3.832428e-001 -4.319519e-001 -9.154341e-001 -8.635190e-001 -3.529714e-001  3.219000e-001 -4.163261e-003  7.115714e-001 -5.433724e-001 -4.621167e-001 -9.691749e-001  5.932431e-001  4.496952e-001  4.460394e-001  3.096409e-001
-5.188474e+000  1.246481e+000  1.350053e+001  6.094326e+000  8.679152e-001 -6.604889e+000 -3.717487e+000 -6.831935e+000 -8.219102e+000 -8.296907e-001  4.725700e+000 -2.714540e+000  4.879941e+001 -4.583285e+000  3.191433e-001 -6.614206e-001  2.530674e+000  2.632685e-001  1.322903e+000  1.265380e+000 -4.560573e-001 -4.492292e-001  2.825401e+000  1.083139e+000 -6.656207e-001 -2.158859e-001 -6.579323e-002 -8.051822e-001 -1.003822e+000 -4.470321e-001 -3.705537e-001  1.857165e-001 -9.051375e-001  4.546701e-001 -5.468185e-001 -4.875119e-001 -2.023212e-001  4.362154e-001  2.854297e-001
