62 39
-2.298155e+001 -1.499010e+000  5.305609e+000  6.099959e+000 -4.482439e+000 -5.669636e+000  1.086422e+001 -2.476836e+000 -8.238528e-001 -2.895071e+000  1.099025e+001  3.004355e+000  4.265670e+001 -4.113037e-001  2.034126e+000 -1.610134e+000 -3.944404e-001  1.995331e+000 -1.004094e+000 -2.281264e+000 -8.132375e-001  1.916633e+000  9.545788e-001 -1.053581e+000  9.305819e-001 -2.673849e+000  3.689412e-001  1.791455e-001  7.947731e-002 -2.534023e-001 -2.356266e-001  3.841487e-001 -1.785629e-001  1.708495e-001  7.970616e-001  5.937512e-001 -2.714620e-001 -5.813534e-001  5.427780e-002
-2.205459e+001  1.912055e+000  7.873294e-001  4.197559e+000 -1.873345e+000 -5.188552e+000  1.026285e+001 -3.107827e+000  1.124117e+000  1.135243e+000  7.981626e+000  7.312960e+000  4.048505e+001 -3.303881e-001  1.712622e+000 -1.941323e+000 -3.381066e-001  1.468391e+000 -1.722463e+000 -2.784674e+000  1.076378e-001  4.105728e+000  7.686638e-001 -1.383894e+000  1.024711e+000 -2.091273e+000  3.884284e-002 -3.588449e-001  3.283609e-001  2.093823e-001 -6.081230e-001  4.328067e-001  2.798254e-001  4.065480e-001 -6.315056e-002 -9.141995e-002  2.012231e-002 -8.486727e-001  5.629313e-001
-2.311273e+001  4.948925e+000 -4.970027e-001  3.718509e+000 -2.959883e+000 -5.242311e+000  5.485823e+000 -9.235015e+000  8.249394e-001 -3.059457e+000  6.782516e+000  4.816973e+000  3.900074e+001 -5.763181e-001  9.322259e-001 -1.913027e+000  4.038769e-001  1.086208e+000  1.317453e-001 -1.072094e+000  1.030305e+000  2.164131e+000  1.132620e+000 -1.030638e+000 -3.377203e-001 -1.149652e+000 -7.629447e-002 -8.570774e-001  3.762085e-001  2.415640e-001 -5.619863e-001  4.847461e-001  5.296644e-001  5.345343e-001 -8.186462e-001 -1.505643e-001  3.465612e-001 -3.852455e-001  8.915428e-001
-2.421534e+001  3.284747e+000 -1.229749e+000  6.434539e+000  1.327287e+000 -8.695231e+000  5.650361e+000 -5.053812e-001  7.389383e+000  6.854469e-001  8.714484e+000  6.078926e+000  3.820369e+001 -8.477047e-001 -2.479940e-001 -2.038369e-001  5.623658e-001  1.361470e-001  2.844233e-001 -7.106341e-001  1.800544e+000  9.161685e-001 -1.083295e-001 -8.858923e-001 -1.472229e+000 -2.616192e-001 -3.116169e-002 -8.179460e-001  3.784114e-001 -1.423905e-001 -8.530905e-001  4.575526e-001  5.267419e-001 -3.917971e-001 -1.355664e+000 -2.820887e-001  4.384400e-001 -8.654837e-002  1.016175e+000
-2.478277e+001  2.475773e+000 -3.250989e+000  7.000854e+000 -6.517140e-001 -3.257570e+000  7.809993e+000  1.373467e+000  6.864169e+000  2.992926e+000  5.470637e+000  1.932771e+000  3.804912e+001 -5.341177e-001 -1.270953e+000 -5.978348e-001  3.631434e-001 -1.484784e-001  4.161935e-001 -6.699623e-001  1.012981e+000 -5.818181e-001  6.402538e-001  4.302244e-001  2.528241e-001  8.690380e-001  1.582313e-001 -5.435204e-001  1.461937e-001 -8.516340e-001 -9.287608e-001 -2.212321e-001  3.869776e-001 -8.775361e-001 -8.143703e-001 -3.784120e-001  1.869739e-001  3.080111e-001  1.031345e+000
-2.545810e+001  1.908661e+000  1.145138e+000  5.368216e+000 -2.346694e+000 -4.758806e+000  5.547598e+000  5.906507e-001  2.685344e+000 -2.432596e+000  4.208104e+000  1.393919e+000  3.965277e+001 -5.072967e-001 -1.275518e+000 -7.068624e-001 -1.029692e+000 -2.179718e+000  4.230754e-001 -3.520305e-001 -1.842686e+000 -1.299619e+000 -3.955967e-001  7.787518e-002  2.966972e-001  1.980255e+000  4.665360e-001 -1.024783e-001 -1.007814e-001 -1.222129e+000 -6.438683e-001 -6.046833e-001  7.291529e-001 -7.132549e-001 -4.055910e-001 -1.846990e-001 -3.052103e-001  4.021426e-001  9.059256e-001
-2.516194e+001 -7.177969e-001 -4.673620e+000  6.067388e+000 -1.865285e+000 -5.129556e+000  2.187393e+000 -4.718125e+000  2.678683e-001  1.700833e+000  1.118683e+001  8.423597e+000  4.262140e+001  4.463463e-002 -1.271614e+000 -9.305463e-001 -3.058264e+000 -2.399663e+000 -1.043741e+000  6.834923e-001 -1.535760e+000 -7.998267e-001 -6.158068e-001 -5.776516e-001  3.178726e-001  2.886137e+000  9.121782e-001  4.858471e-001  8.807417e-001 -8.994976e-001 -2.660953e-001 -8.963689e-001  6.824578e-001 -9.941782e-002 -1.837114e-001 -3.512363e-001 -1.010785e+000 -1.922584e-001  5.511760e-001
-2.656224e+001 -1.496060e+000 -4.052746e+000  1.752810e+000 -8.964520e+000 -5.643861e+000  6.701509e+000 -6.673013e+000  4.189440e+000 -6.464899e-001  6.245765e+000  4.316999e+000  4.581883e+001  1.195599e+000 -7.600549e-001 -5.413880e-001 -3.837574e+000 -1.957602e+000 -2.009026e+000  2.258403e+000 -4.913598e-001 -1.002782e+000 -4.037942e-001 -1.908006e+000  5.059602e-001  3.259459e+000  1.718309e+000  4.075831e-001  1.494613e+000  4.580490e-001  4.923388e-001 -8.380357e-001 -5.547500e-001  5.543701e-001 -2.482862e-001 -2.150199e-001 -5.352981e-001 -2.116145e-001  1.118025e-001
-2.400752e+001 -2.179935e+000 -5.304779e+000 -6.482765e+000 -9.341117e+000 -8.033749e+000  1.065050e+001 -2.673502e+000  2.112988e+000 -9.791602e-001  1.563548e+000  2.060594e+000  4.939677e+001  3.175326e+000  9.005508e-001  3.723136e+000 -2.730404e+000 -1.590013e+000 -2.849601e+000  1.437110e+000 -1.597708e-001 -1.648794e+000 -1.111829e+000 -3.630759e+000 -8.130993e-001  2.985316e+000  2.041673e+000 -2.568412e-001  1.540277e+000  1.876725e+000  5.428276e-001 -2.434298e-001 -2.350084e+000  6.073912e-001 -1.241848e-001 -2.602047e-001  4.149487e-001 -9.835505e-002 -2.900857e-001
-2.005731e+001 -1.160544e+000 -1.246223e+000 -7.544576e+000 -8.396787e+000 -1.335184e+001  1.260806e+001 -2.888459e+000 -3.251126e+000 -3.111570e+000 -5.202866e-001  7.105221e+000  5.256238e+001  6.518903e+000 -3.236853e-001  4.439361e+000  1.096622e+000 -1.228497e-001 -2.864174e+000 -3.502589e+000  2.411701e-001 -2.116566e+000 -1.222685e+000 -1.072062e+000 -1.958893e-001  2.489679e+000  1.501453e+000 -1.098481e+000  5.685208e-001  2.133297e+000  4.320312e-001  4.352238e-001 -3.402199e+000  7.331359e-001  3.776160e-001 -2.961368e-001  1.283639e+000 -1.140845e-001 -5.195339e-001
-1.253777e+001  3.617199e+000  1.253880e+001 -2.935940e+000 -1.009922e+001 -1.552357e+001  6.419667e+000 -7.409256e+000 -4.255816e+000 -2.625772e+000 -3.583940e+000  2.963990e+000  5.417620e+001  7.591349e+000 -2.774005e+000  4.280466e+000  3.858264e+000 -6.029013e-001 -1.833316e+000 -8.186429e+000  1.134931e+000 -8.638586e-001 -1.507385e+000  1.079120e+000  1.770221e-001  1.820599e+000  1.735266e-001 -1.488351e+000 -1.168487e+000  1.125081e+000  3.991653e-001  9.241568e-001 -2.553232e+000  8.420256e-001  7.692064e-001 -1.622755e-001  1.478144e+000  6.463944e-002 -5.803515e-001
 2.974051e-001 -6.013053e+000  9.222266e+000  5.462510e+000 -9.199719e+000 -1.621982e+001 -8.696023e+000 -3.099286e+000 -3.208989e+000 -5.936610e+000  3.459199e+000  2.885854e+000  5.587751e+001  6.494851e+000 -4.415182e+000  2.022551e+000  3.534579e+000 -2.910015e-001 -3.410484e-001 -9.940824e+000  2.526969e+000  4.928306e-001 -1.686700e+000  2.155251e+000 -5.595231e-001  1.244148e+000 -1.350003e+000 -4.676841e-001 -1.617035e+000 -4.460701e-001  2.700160e-001  9.546255e-001 -1.868406e-001  4.233809e-001  7.215654e-001  1.321180e-002  3.856100e-001 -1.333962e-001 -5.879772e-001
 3.771863e+000 -1.362370e+001  1.086331e+001  6.305013e+000 -1.195416e+001 -1.576634e+001 -1.962961e+001  3.106564e+000 -2.227374e+000 -7.103564e+000  4.969404e+000  5.055388e+000  5.684220e+001  4.054985e+000 -4.495454e+000 -9.108930e-001  1.676023e+000  4.898894e-001  5.096211e-001 -8.109934e+000  2.907458e+000  8.925398e-001 -1.691199e+000  2.146305e+000 -3.080851e-001  7.063236e-001 -1.808171e+000  7.308918e-001 -1.441029e+000 -1.152232e+000  4.162708e-001  6.049466e-001  1.814505e+000 -3.545271e-001  3.141561e-001  8.125062e-002 -3.302234e-001 -2.325442e-001 -4.930795e-001
 4.262129e+000 -1.461600e+001  9.704281e+000  5.507843e+000 -8.924324e+000 -1.493569e+001 -2.407142e+001  4.488475e+000 -1.801194e+000 -9.306175e+000  5.979298e+000  3.261907e+000  5.745012e+001  1.537071e+000 -1.801381e+000 -1.050135e+000 -4.260807e-002  6.808346e-001  7.374849e-001 -4.475040e+000  1.471811e+000  6.130611e-001 -1.064719e+000  3.223954e-001 -6.203166e-001  1.069305e-001 -1.470431e+000  1.217938e+000 -5.922343e-001 -8.162787e-001  2.270243e-002  1.636058e-001  2.478830e+000 -8.163440e-001 -3.315883e-002  5.156450e-002 -4.808126e-001 -2.337410e-002 -2.873904e-001
 5.754787e+000 -1.455860e+001  7.743329e+000  5.421511e+000 -7.787467e+000 -1.361753e+001 -2.644230e+001  3.334154e+000 -4.970150e-001 -9.396985e+000  5.887535e+000  1.235538e+000  5.692152e+001  1.029386e+000 -4.264465e-001 -1.388336e+000 -1.143018e-001  9.925346e-001  6.521497e-001 -1.846794e+000 -1.101255e-001  6.468067e-001 -1.412122e+000  3.444306e-001 -9.553020e-001 -7.618980e-002 -9.258782e-001  9.620372e-001  3.150390e-001 -1.672885e-001 -5.423024e-001 -1.790537e-001  2.058337e+000 -5.914967e-001 -1.948833e-001 -1.320876e-001 -6.574379e-002  1.091268e-001  2.103352e-002
 6.991300e+000 -1.455251e+001  5.531580e+000  5.691220e+000 -7.878891e+000 -1.360680e+001 -2.766487e+001  4.145972e+000 -1.008863e+000 -1.011349e+001  4.612111e+000  1.694196e+000  5.637251e+001  6.554946e-001 -3.599951e-001 -6.998985e-001  3.483482e-001 -4.288119e-001  4.057164e-001 -6.782444e-001 -4.595921e-002  4.499030e-001 -1.568416e+000  6.521254e-001 -3.527852e-001  1.984531e-001 -6.449144e-001  3.163902e-001  7.414382e-001  1.840453e-001 -9.673236e-001 -3.619387e-001  1.420088e+000 -1.120212e-002 -4.222998e-001 -2.179219e-001  5.296775e-001  3.162712e-001  3.035547e-001
 7.554205e+000 -1.578768e+001  6.007976e+000  5.641815e+000 -7.514200e+000 -1.317004e+001 -2.706685e+001  2.727188e+000  6.104939e-001 -1.376052e+001  7.375151e+000  1.062733e+000  5.700006e+001 -1.336179e-001 -4.059612e-001  4.891837e-001  6.441028e-001 -1.666799e+000 -2.197633e-001  2.833532e-001  7.088595e-001 -2.979197e-004 -2.099788e+000  1.652721e+000  1.037830e-001  7.657299e-001 -6.605496e-001  4.202551e-002  1.073510e+000  3.331409e-002 -1.188573e+000 -3.123234e-001  1.061685e+000  3.465085e-001 -8.034166e-001  2.027092e-002  7.048055e-001  2.183135e-001  3.245929e-001
 6.639893e+000 -1.580144e+001  7.072465e+000  7.139432e+000 -1.120502e+001 -1.313086e+001 -2.715037e+001  4.562162e+000 -1.054337e-001 -1.496649e+001  8.496117e+000  1.584383e+000  5.840311e+001 -1.105999e+000 -2.296724e-001  1.718296e+000  4.984164e-001 -2.826117e+000 -6.362521e-001  1.560329e+000  1.006308e+000 -1.174886e+000 -1.810496e+000  2.316638e+000  4.314966e-001  1.203744e+000 -5.141563e-001 -1.068950e-003  1.090631e+000 -3.233569e-001 -8.835849e-001  5.736781e-002  8.560101e-001  1.224879e-001 -1.107833e+000  4.665973e-001  6.196572e-001 -2.004473e-001  1.180640e-001
 5.262402e+000 -1.596394e+001  9.418805e+000  7.917919e+000 -1.445840e+001 -1.495432e+001 -2.528279e+001  6.670356e+000 -9.502195e-001 -1.746943e+001  1.220914e+001  1.809360e+000  5.973486e+001 -1.392616e+000 -2.814803e-001  2.770116e+000 -2.276540e-002 -3.751676e+000 -3.884830e-001  2.342344e+000  1.096283e+000 -2.557882e+000 -1.189728e+000  3.036202e+000 -2.558753e-001  1.044129e+000 -2.113447e-001 -1.213268e-002  8.866131e-001 -6.081827e-001 -4.379928e-001  5.817120e-001  4.637891e-001 -3.541013e-001 -1.063884e+000  1.000166e+000  2.018539e-001 -5.960095e-001 -1.453392e-001
 2.607206e+000 -1.561274e+001  1.241765e+001  7.045250e+000 -1.853737e+001 -1.589592e+001 -2.075526e+001  7.205926e+000 -6.102935e+000 -1.731152e+001  1.377831e+001  3.478366e+000  6.102383e+001 -1.285788e+000 -4.275803e-001  3.612789e+000 -9.350023e-001 -3.804298e+000  7.769154e-001  2.572311e+000  3.727684e-001 -3.810469e+000  3.095402e-001  3.058671e+000 -1.175192e+000  6.495735e-001  7.321168e-002  1.476875e-002  5.439402e-001 -6.821800e-001  1.068162e-001  9.125698e-001 -9.190929e-002 -7.652624e-001 -4.480466e-001  1.177609e+000 -2.857315e-001 -7.421873e-001 -2.951225e-001
 2.607470e+000 -1.728943e+001  1.718597e+001  5.575079e+000 -2.260640e+001 -1.372992e+001 -1.855269e+001  6.886723e+000 -9.180164e+000 -1.853664e+001  1.991507e+001 -1.163635e+000  6.091035e+001 -1.100447e+000 -3.676707e-001  3.975003e+000 -1.680102e+000 -3.367673e+000  1.982213e+000  2.096308e+000 -7.448775e-001 -4.001927e+000  1.841022e+000  2.290974e+000 -2.072920e+000  3.161194e-001  9.010939e-002  2.132832e-001  7.750690e-002 -5.553187e-001  6.353388e-001  8.152902e-001 -3.975867e-001 -1.018508e+000  3.828717e-001  1.033699e+000 -9.311764e-001 -2.479046e-001 -2.351571e-001
 1.538417e+000 -1.727659e+001  2.125283e+001  3.635840e+000 -2.615250e+001 -9.858477e+000 -1.765387e+001  6.317821e+000 -1.504280e+001 -1.288518e+001  1.993650e+001 -2.805081e+000  6.106324e+001 -8.860251e-001 -1.127335e-001  3.835554e+000 -2.083816e+000 -2.484037e+000  2.741249e+000  1.223800e+000 -1.899424e+000 -2.693096e+000  2.562176e+000  1.260594e+000 -2.370917e+000  9.213638e-002  2.119589e-002  4.164097e-001 -3.859196e-001 -3.063378e-001  8.833858e-001  4.789151e-001 -6.038785e-001 -8.501132e-001  1.020438e+000  4.352241e-001 -1.252159e+000  2.882496e-001 -1.357412e-001
 2.945620e-001 -1.697037e+001  2.487623e+001  1.222116e+000 -2.748920e+001 -8.061974e+000 -1.635195e+001  3.390021e+000 -1.648992e+001 -1.047749e+001  2.058491e+001 -5.413517e+000  6.129575e+001 -1.141950e+000  6.275122e-001  3.046268e+000 -2.224952e+000 -1.235112e+000  2.705801e+000  1.028666e+000 -2.860161e+000 -1.202210e+000  2.852450e+000 -7.206417e-001 -8.975357e-001  1.470623e-001 -4.107274e-002  5.344707e-001 -6.988851e-001 -2.195549e-003  8.182039e-001  1.997238e-001 -6.828516e-001 -3.772894e-001  1.080019e+000 -1.006930e-001 -1.246612e+000  6.852410e-001 -7.076649e-002
-6.664647e-001 -1.633594e+001  2.775029e+001 -1.197347e+000 -2.851616e+001 -5.023653e+000 -1.573663e+001 -5.428417e-001 -1.591354e+001 -8.530212e+000  1.974635e+001 -6.251279e+000  6.129181e+001 -1.159057e+000  1.156877e+000  2.147558e+000 -2.194266e+000 -4.536487e-001  2.809697e+000  8.673944e-002 -2.820156e+000 -1.081363e-001  1.979947e+000 -1.696317e+000 -3.216363e-001  5.539589e-002 -5.463102e-002  5.007023e-001 -7.419894e-001  2.040059e-001  6.073533e-001 -6.838427e-002 -6.332193e-001  1.103263e-001  6.731746e-001 -4.103606e-001 -9.046513e-001  7.262384e-001 -4.884571e-002
-1.999840e+000 -1.462220e+001  2.916858e+001 -3.133087e+000 -2.760014e+001 -2.618328e+000 -1.436798e+001 -3.983748e+000 -1.475585e+001 -6.451877e+000  1.640693e+001 -3.928215e+000  6.153138e+001 -1.169294e+000  1.669878e+000  1.324575e+000 -1.635854e+000 -2.918476e-001  2.946608e+000 -7.494202e-001 -2.170959e+000  1.056873e-001  1.628672e+000 -2.463631e+000  3.286445e-001 -1.934280e-002  3.573728e-002  2.936300e-001 -5.449575e-001  3.159664e-001  3.571452e-001 -2.996538e-001 -5.718162e-001  4.615152e-001  2.242670e-001 -5.498492e-001 -2.587090e-001  3.664956e-001 -7.680996e-002
-3.109668e+000 -1.266630e+001  2.984444e+001 -5.157888e+000 -2.836528e+001  1.468183e+000 -1.821215e+001 -4.096073e+000 -1.645052e+001 -4.998253e+000  1.354391e+001 -5.155914e+000  6.122241e+001 -1.145508e+000  1.869595e+000  9.864534e-001 -1.358335e+000  8.109665e-002  2.278924e+000 -1.053253e+000 -1.692393e+000  1.882792e-002  1.122262e+000 -2.391168e+000  6.471843e-001 -6.888962e-002  9.130348e-002  6.792752e-002 -2.793758e-001  3.015535e-001  3.158929e-001 -6.146818e-001 -1.827436e-001  4.722432e-001  2.627616e-002 -4.630384e-001  2.152906e-001  2.226140e-001 -6.757000e-002
-4.330309e+000 -1.045580e+001  3.045202e+001 -4.976884e+000 -2.902388e+001  3.425146e+000 -1.886129e+001 -5.688155e+000 -1.569299e+001 -4.100106e+000  1.136798e+001 -4.317977e+000  6.123374e+001 -9.700384e-001  1.739303e+000  9.020336e-001 -1.063085e+000  2.832409e-001  1.472918e+000 -1.260419e+000 -1.116466e+000 -1.443568e-001  5.320467e-001 -1.666761e+000  4.505319e-001 -1.748447e-001  1.608265e-001 -1.593752e-001 -1.184950e-001  1.448895e-001  3.772586e-001 -7.195723e-001  1.575161e-001  3.483206e-001 -4.929453e-004 -3.952735e-001  4.694685e-001  7.393466e-002 -6.534878e-002
-5.228771e+000 -9.071160e+000  3.204083e+001 -7.067126e+000 -2.739881e+001  3.349231e+000 -1.875624e+001 -8.152604e+000 -1.535083e+001 -4.094787e+000  1.030999e+001 -2.820476e+000  6.109618e+001 -8.021678e-001  1.461802e+000  9.619499e-001 -9.728826e-001  8.382713e-001  4.731321e-001 -5.714792e-001 -9.861861e-001  1.482666e-001  2.130672e-001 -1.018299e+000  7.304903e-001 -2.047031e-001  2.056371e-001 -2.547197e-001 -1.318325e-001  1.333797e-001  2.975526e-001 -5.101049e-001  3.075756e-001  3.091363e-001  3.828221e-002 -1.940524e-001  3.593934e-001  3.737691e-003 -6.107395e-002
-5.790481e+000 -7.723248e+000  3.258055e+001 -7.493896e+000 -2.666717e+001  3.805740e+000 -2.039803e+001 -7.537812e+000 -1.602748e+001 -4.243376e+000  9.690083e+000 -2.843274e+000  6.072027e+001 -5.368322e-001  1.076898e+000  7.443520e-001 -1.104133e+000  1.215858e+000  2.516421e-001 -2.027269e-001 -7.824589e-001  3.850327e-002  1.069019e-001 -8.027228e-001  6.566648e-001 -2.781799e-001  1.900613e-001 -2.365164e-001 -2.164467e-001  1.138776e-001  1.993551e-001 -2.765402e-001  3.921741e-001  2.191096e-001  6.361853e-002  3.006092e-003  1.335208e-001 -5.997283e-002 -3.317627e-002
-6.390420e+000 -6.723565e+000  3.358993e+001 -8.763796e+000 -2.535228e+001  3.643547e+000 -2.030118e+001 -8.102176e+000 -1.554195e+001 -3.861282e+000  9.291354e+000 -2.240814e+000  6.045563e+001 -3.339258e-001  9.271992e-001  4.061317e-001 -6.709130e-001  1.102551e+000  3.390377e-001 -4.422111e-002 -3.137149e-001  1.188089e-001  3.645727e-001 -1.026220e+000  5.628063e-001 -3.225918e-001  1.582374e-001 -1.756689e-001 -2.253101e-001  1.209873e-001  1.009220e-002 -1.147328e-001  2.364347e-001  2.198417e-001 -1.579297e-002  6.927425e-002  6.212378e-002 -2.024257e-001 -1.358215e-002
-6.433645e+000 -6.245111e+000  3.339923e+001 -9.649215e+000 -2.396785e+001  4.536198e+000 -1.910245e+001 -9.625664e+000 -1.540491e+001 -3.682349e+000  7.863681e+000 -1.324485e+000  6.016311e+001 -2.538531e-001  8.240224e-001  9.770928e-002 -6.446824e-001  1.147876e+000  1.572646e-001  4.368221e-001 -3.571536e-001  1.884646e-001  4.713244e-001 -9.951971e-001  2.345097e-001 -2.817818e-001  9.756651e-002 -1.107188e-001 -8.631520e-002  8.925021e-002 -1.058914e-001 -1.649094e-001  1.101125e-001  1.943098e-001 -7.757173e-002  5.878324e-002  1.770042e-001 -2.375844e-001  1.795788e-002
-6.576818e+000 -5.174233e+000  3.366215e+001 -9.344031e+000 -2.323571e+001  4.679190e+000 -1.962514e+001 -8.677253e+000 -1.506806e+001 -2.552437e+000  6.092094e+000 -7.658395e-001  5.976180e+001 -1.524703e-001  7.098954e-001  1.587208e-001 -5.976713e-001  9.227232e-001 -5.334315e-002  2.909197e-001 -9.963036e-002 -5.678940e-003  3.772272e-001 -6.114434e-001 -7.056041e-002 -2.708130e-001  6.404415e-002 -1.157494e-001  7.778340e-002 -2.882305e-002 -1.077777e-001 -2.334663e-001  3.687590e-002  1.008412e-001 -1.823778e-001 -1.160149e-002  3.135897e-001 -2.024798e-001  3.271736e-002
-6.966547e+000 -4.377802e+000  3.303299e+001 -1.042719e+001 -2.198607e+001  4.074241e+000 -1.855194e+001 -9.036041e+000 -1.532210e+001 -2.541177e+000  6.313727e+000 -2.408213e+000  5.965828e+001 -1.397274e-001  6.319564e-001  4.364815e-001 -6.945029e-001  7.763147e-001 -3.767147e-001  1.802652e-001  8.204804e-002 -2.871115e-001  3.944909e-001 -1.250899e-001 -2.145737e-001 -2.142799e-001  5.249229e-002 -1.237857e-001  1.759134e-001 -1.109616e-002 -1.188710e-001 -1.683323e-001 -3.387110e-002  4.707829e-002 -1.669584e-001 -5.434323e-002  2.937550e-001 -8.246979e-002  2.032043e-002
-6.886321e+000 -4.107742e+000  3.456665e+001 -1.136316e+001 -2.172956e+001  3.607809e+000 -1.912184e+001 -8.895139e+000 -1.561175e+001 -2.545732e+000  7.009114e+000 -2.051752e+000  5.935398e+001 -7.076788e-002  4.444852e-001  6.256626e-001 -7.901180e-001  7.494431e-001 -5.613044e-001  2.684368e-001 -2.910986e-002 -5.552921e-001  3.449821e-001  1.066752e-001 -2.250511e-001 -1.927559e-001  3.281780e-002 -1.084139e-001  9.174183e-002  5.065113e-002 -9.609683e-002  6.758529e-003  3.349416e-003 -3.902879e-002 -2.198338e-002 -1.094234e-001  1.163658e-001  2.361912e-002 -3.802453e-003
-6.977531e+000 -3.618574e+000  3.512939e+001 -1.211216e+001 -2.083936e+001  3.188315e+000 -1.845278e+001 -9.106481e+000 -1.656863e+001 -1.713247e+000  6.779721e+000 -1.754397e+000  5.929562e+001 -3.224282e-002  3.377989e-001  7.438053e-001 -6.039398e-001  6.401617e-001 -4.304163e-001  2.787081e-001 -1.570224e-001 -3.715208e-001  2.157309e-001  1.145187e-001 -1.005939e-001 -2.192082e-001  3.858803e-002 -1.180694e-001 -5.461132e-002  1.268684e-001 -6.360468e-002  2.091993e-001 -5.140468e-002 -3.090692e-002  1.839147e-001 -1.595912e-001 -1.270881e-001  5.316836e-002 -3.647171e-002
-6.925165e+000 -3.331421e+000  3.574226e+001 -1.245214e+001 -2.006185e+001  2.315631e+000 -1.833253e+001 -8.787582e+000 -1.722126e+001 -1.241492e+000  6.392473e+000 -2.218003e+000  5.897934e+001 -4.212356e-002  3.149048e-001  4.637680e-001 -3.896973e-001  5.103155e-001  7.300281e-003  2.584454e-001 -1.752391e-001 -7.339115e-002 -8.050992e-002 -1.494187e-001 -9.454703e-003 -2.873611e-001  3.448761e-002 -8.704296e-002 -1.647829e-001  2.080777e-001 -2.766960e-002  3.080094e-001 -1.599211e-001  1.055773e-002  4.020621e-001 -1.922746e-001 -2.114077e-001  8.186453e-002 -4.908180e-002
-7.108339e+000 -3.076968e+000  3.616421e+001 -1.290240e+001 -1.961911e+001  2.568249e+000 -1.755305e+001 -9.874931e+000 -1.637495e+001 -2.114643e+000  7.194641e+000 -2.828057e+000  5.874955e+001  3.889055e-002  1.063994e-001  2.443722e-001 -2.603712e-001  5.778551e-001  3.849797e-001 -7.176246e-002  5.780220e-004  3.915115e-001 -1.907193e-001 -6.324836e-001 -5.653007e-002 -3.493358e-001  3.953287e-002 -7.464486e-002 -2.421698e-001  2.790036e-001  2.238068e-002  2.194426e-001 -2.127623e-001  1.001804e-001  3.844492e-001 -1.626028e-001 -1.656190e-001  7.066628e-002 -3.224457e-002
-7.031534e+000 -2.804021e+000  3.636808e+001 -1.291653e+001 -1.978810e+001  3.954344e+000 -1.827947e+001 -9.387109e+000 -1.607555e+001 -2.747584e+000  6.054561e+000 -1.562195e+000  5.819021e+001  6.610346e-002  1.249701e-001  5.146484e-002  7.848606e-002  6.422483e-001  5.710446e-001 -3.559332e-001 -5.512142e-002  1.073502e+000 -4.131658e-001 -5.768622e-001  1.622396e-001 -3.731011e-001  3.618339e-002 -9.519377e-002 -1.790999e-001  2.711461e-001  5.443115e-002  2.025459e-002 -1.720103e-001  9.855869e-002  2.454195e-001 -8.851627e-002  5.046355e-002  6.909581e-002  2.070301e-002
-6.729894e+000 -3.350278e+000  3.603834e+001 -1.318182e+001 -1.808696e+001  4.293857e+000 -1.883812e+001 -8.803827e+000 -1.518393e+001 -1.913797e+000  3.786260e+000 -2.364951e+000  5.794351e+001  1.113080e-001  5.954192e-002 -2.608921e-001  5.569865e-001  6.860987e-001  3.849247e-001 -4.779140e-001  2.838206e-001  9.772782e-001 -4.309550e-001 -4.998546e-001  1.668903e-001 -3.375610e-001 -1.022095e-003 -8.029205e-002 -6.337745e-002  1.684112e-001 -3.467571e-002 -1.082328e-001 -6.590727e-002  1.158465e-001 -9.412678e-002  3.336126e-002  2.078227e-001  1.678530e-001  7.751301e-002
-6.783871e+000 -2.569916e+000  3.606252e+001 -1.192000e+001 -1.761669e+001  4.308050e+000 -1.946967e+001 -9.598742e+000 -1.244926e+001 -3.407743e+000  5.212353e+000 -1.638358e+000  5.751686e+001  1.025847e-001 -1.376353e-001 -1.790993e-001  5.573546e-001  7.283495e-001  1.086008e-001 -3.985306e-001  1.759331e-001  8.608230e-001 -4.029734e-001  3.658447e-002  2.243141e-001 -1.897335e-001 -5.322777e-002 -6.588066e-002  6.663666e-002 -8.567061e-002 -5.900860e-002 -1.638565e-001  3.803965e-002  1.236506e-001 -4.210171e-001  2.484416e-001  9.639968e-002  1.696753e-001  1.170416e-001
-6.675631e+000 -2.896311e+000  3.501253e+001 -1.061574e+001 -1.727433e+001  4.316019e+000 -1.934752e+001 -8.350012e+000 -1.330170e+001 -3.939338e+000  5.116472e+000 -1.955524e+000  5.739842e+001  1.553946e-002 -1.637581e-001  4.276695e-002  3.422503e-001  3.614260e-001  7.503781e-002 -3.800001e-001  4.642834e-001  2.721720e-002 -2.900915e-002  9.990630e-002  7.516977e-001 -5.345459e-002 -4.510410e-002  3.702607e-002  1.762089e-001 -2.820152e-001 -1.152575e-003 -1.541347e-001  8.033089e-002 -2.612013e-003 -4.630564e-001  4.189496e-001 -1.231887e-001  2.350052e-001  4.310463e-002
-6.545742e+000 -3.719181e+000  3.598549e+001 -1.141280e+001 -1.655267e+001  4.486267e+000 -2.001742e+001 -8.734351e+000 -1.271255e+001 -3.749681e+000  5.572377e+000 -6.453384e-001  5.751408e+001 -1.521511e-001 -9.278312e-002  2.328186e-001 -2.424990e-001  5.095417e-001 -9.329438e-002 -2.146919e-001  4.729000e-001 -5.565530e-001  6.280691e-001 -3.947442e-001  7.182123e-001  7.005348e-002  9.811591e-002  1.328220e-001  1.280374e-001 -1.269417e-001  1.084664e-001 -1.710292e-001  1.906983e-001 -1.573331e-001 -3.538961e-001  4.570798e-001 -3.513805e-001  1.686247e-001 -1.984520e-001
-6.771261e+000 -3.594436e+000  3.629069e+001 -1.172417e+001 -1.681184e+001  4.579938e+000 -2.046424e+001 -6.914606e+000 -1.491620e+001 -1.887874e+000  4.105779e+000  8.970277e-001  5.767762e+001  1.315541e-002  2.222462e-001  4.141937e-001 -4.531630e-001  7.897397e-001 -2.848012e-001 -1.681789e-001  1.222771e-001 -6.293155e-001  1.148272e+000 -9.001338e-001  1.094967e+000 -2.519314e-001  2.456715e-001  4.145467e-001 -1.931528e-001  3.830010e-001  3.692626e-001 -3.537872e-001  4.781138e-001 -6.273710e-001  1.873229e-001  3.956085e-001 -4.861473e-001  6.943545e-002 -5.666636e-001
-7.496811e+000 -2.684769e+000  3.658754e+001 -1.257828e+001 -1.530022e+001  3.709619e+000 -1.998477e+001 -7.951945e+000 -1.442478e+001 -1.293130e+000  3.743978e+000  5.264282e-001  5.772753e+001  5.943562e-001  3.334725e-001  2.753742e-001  3.203529e-001  1.056525e+000 -5.666260e-001  4.490505e-001 -4.397294e-001 -5.803908e-001  1.293785e+000 -1.220298e+000  8.958027e-001 -1.082755e+000  1.892056e-001  7.666500e-001 -3.860559e-001  7.387545e-001  2.421473e-001 -3.495306e-001  7.830070e-001 -9.100759e-001  4.830585e-001  3.336609e-001 -5.226480e-001  6.817307e-002 -8.067976e-001
-6.134319e+000 -2.302286e+000  3.678248e+001 -1.229881e+001 -1.395185e+001  3.280337e+000 -2.020475e+001 -8.129829e+000 -1.559216e+001  5.737450e-001  1.530003e+000  2.933429e+000  5.603204e+001  8.706431e-001  1.695848e+000 -9.442749e-001  1.975829e+000  1.934247e+000 -1.457232e+000  1.678698e+000 -2.216257e+000  9.757508e-001  1.616175e+000 -1.918054e+000  1.010080e+000 -2.310368e+000 -1.924575e-001  9.229342e-001 -6.600757e-001  9.498366e-001  2.523770e-001 -4.252689e-001  1.365466e+000 -5.407186e-001  7.357544e-001 -3.216550e-001 -1.217285e-001 -4.777329e-001 -6.902436e-001
-3.892431e+000 -2.697893e+000  3.711647e+001 -9.523711e+000 -1.270004e+001  2.302938e+000 -1.790192e+001 -1.032539e+001 -1.527652e+001  1.488436e+000  7.587759e-001  2.815475e+000  5.292310e+001  3.651330e-001  3.003666e+000 -1.018226e+000  2.236778e+000  1.148024e+000 -1.254732e+000  2.776905e+000 -2.908213e+000  1.056207e+000  2.062422e+000 -2.499024e+000  1.101521e+000 -2.934716e+000 -7.803816e-001  7.258548e-001 -9.142979e-001  8.287355e-001  3.564726e-001 -2.730238e-001  1.421467e+000  3.101409e-001  4.795469e-001 -1.259526e+000  5.264214e-001 -6.576350e-001 -2.613373e-001
-4.220235e+000  4.891366e+000  3.130485e+001 -3.372304e+000 -8.440693e+000 -2.002882e+000 -1.311218e+001 -1.680917e+001 -9.611571e+000  4.802220e+000 -3.991888e+000  4.802903e+000  4.852800e+001 -8.345206e-001  3.501820e+000 -2.239384e+000  3.337808e+000  2.005875e+000 -2.067093e+000  5.495226e+000 -1.347074e+000  2.231158e+000 -8.443213e-001 -8.694128e-001 -1.396556e+000 -2.777169e+000 -1.060937e+000 -1.235343e-001 -1.004388e+000  4.933151e-001  8.987225e-001  4.068813e-001  9.463301e-001  1.673205e+000  3.900641e-001 -1.490236e+000  1.089839e+000 -1.018193e+000 -4.510639e-002
-6.628188e+000  8.736735e+000  3.423522e+001 -5.857644e+000 -1.231568e+001  7.756881e-002 -9.646526e+000 -1.815334e+001 -1.213404e+001  6.904740e+000 -5.990199e+000  5.099298e+000  4.680597e+001 -2.454970e+000  3.059760e+000 -3.648560e+000  3.783041e+000  2.803074e+000 -1.626815e+000  5.648124e+000  6.763841e-001  1.189640e+000 -3.773596e+000  8.874888e-001 -1.189054e+000 -2.156041e+000 -6.541718e-001 -9.749314e-001 -1.298171e+000  2.700140e-001  1.269429e+000  9.065758e-001  1.587196e-001  2.274080e+000  5.953464e-001 -6.483304e-001  1.003547e+000 -7.723107e-001 -2.713541e-001
-8.939044e+000  9.489501e+000  2.702618e+001  2.557191e+000 -4.114655e+000 -5.942442e+000  3.143685e+000 -1.095122e+001 -6.007614e+000 -6.356014e+000  5.574262e-001 -5.191265e+000  4.520476e+001 -3.023993e+000  1.050129e+000 -4.651050e+000  3.669273e+000  5.600335e+000  7.632158e-001  4.974739e+000  4.357468e+000  2.859354e+000 -2.916995e+000  1.837884e+000 -2.935596e+000 -2.925238e+000  1.069093e-001 -1.354987e+000 -9.055378e-001 -3.096226e-001  5.904422e-001  1.449041e+000 -1.162380e+000  1.441685e+000  2.659312e-001  9.908651e-001  1.127961e-001  5.040732e-001 -5.235105e-001
-1.380788e+001  1.030184e+001  2.101300e+001  6.426745e+000 -8.476895e-001 -3.861357e+000  2.210768e+000 -9.872437e+000 -1.113029e+001 -1.180043e+001  2.921563e+000  1.867289e+000  4.380451e+001 -1.810990e+000 -6.451455e-001 -6.303250e+000  3.421115e+000  5.697939e+000  1.862993e+000  3.830746e+000  5.609917e+000  3.718840e+000 -1.428935e-001  1.165061e+000 -1.990513e+000 -4.217452e+000  7.431109e-001 -1.209046e+000 -1.917419e-001 -8.571890e-001 -6.580295e-001  9.259485e-001 -1.489057e+000  1.877625e-001  5.357273e-002  1.851992e+000 -2.898713e-001  1.087181e+000 -4.087010e-001
-1.575035e+001  9.359460e+000  1.466071e+001  8.831866e+000  1.382699e+001  3.782660e+000  5.832866e+000  8.377219e-001  4.183328e+000 -4.301706e-001  7.416520e-001 -8.259070e+000  3.540254e+001 -6.219643e-001 -1.420663e+000 -5.439729e+000  1.970658e+000  3.510653e+000  3.433209e+000  5.920157e-001  3.394584e+000  2.296214e+000  2.294653e+000 -4.442186e-001  1.524539e+000 -4.364016e+000  7.690839e-001 -5.659578e-001  5.946756e-001 -1.229395e+000 -1.976207e+000 -1.311560e-001 -1.282950e+000 -1.122181e+000 -7.688767e-001  1.052900e+000 -1.717239e-001  1.371389e+000  3.442959e-001
-1.227748e+001  5.576028e+000  8.901703e+000  8.110594e+000  7.203194e+000  4.529983e+000  8.162615e+000  4.001773e+000  1.364693e+000  3.227351e+000 -2.570056e-001 -3.319363e+000  3.061982e+001  5.957022e-002 -1.750075e+000 -4.212930e+000  3.464034e-001  5.577669e-001  1.667931e+000  3.941995e-001  2.096638e+000  1.739074e+000  2.880540e+000  5.791838e-001  2.016784e+000 -3.480157e+000  2.540840e-001  4.667149e-002  1.309602e+000 -1.212044e+000 -1.890645e+000 -8.067485e-001 -9.357378e-001 -1.325360e+000 -6.899294e-001  1.030107e-001  1.202057e-001  4.203959e-001  1.007519e+000
-1.281406e+001  4.749094e+000  5.883187e+000  1.156856e+001  9.413171e+000  7.027936e+000  3.127840e+000 -9.154090e-001 -7.740380e-001 -2.396637e+000 -7.438274e-002  5.024755e+000  2.997703e+001 -1.138534e-001 -1.227195e+000 -2.722832e+000 -9.403443e-001 -1.710615e+000  2.049670e-001  2.782626e-001  5.032005e-001  4.853513e-003  8.357875e-001  1.272203e+000  1.917700e+000 -1.572406e+000 -9.951400e-002  2.257908e-001  1.259258e+000 -8.379180e-001 -1.146140e+000 -1.201054e+000 -3.669803e-001 -5.645756e-001 -1.324716e-001 -2.717759e-001  2.617794e-001 -6.644443e-001  1.109710e+000
-1.497817e+001  3.856650e+000  4.337112e+000  6.790418e+000  4.148054e+000  2.855660e+000  5.534279e+000  1.487320e+000  4.376151e-002  3.585508e+000  6.225499e+000  5.309299e+000  2.911648e+001 -7.946256e-001 -5.085217e-001 -1.113690e+000 -1.183606e+000 -1.144653e+000 -5.566284e-001 -6.910661e-001  4.288068e-001  1.414874e+000  1.101593e+000  9.078789e-001 -8.511333e-002 -5.756601e-001 -1.500603e-001  1.714170e-001  8.746814e-001 -2.751170e-001 -8.627807e-002 -6.259713e-001 -3.238921e-001 -2.567722e-001 -4.099442e-002 -5.248364e-001 -4.866291e-001 -6.030083e-001  8.140623e-001
-1.496928e+001  4.083172e+000  3.328842e+000  4.790233e+000  6.801485e+000  5.644656e+000  8.538347e+000  4.610951e+000  4.868061e+000  3.569688e+000  3.861415e+000 -2.984903e+000  2.829218e+001 -6.924363e-001 -9.124848e-001 -6.930574e-001 -1.453928e+000 -1.368839e+000 -1.459779e+000 -7.002532e-001  1.405622e+000  1.795956e+000  1.825247e+000  7.003307e-001 -7.467337e-001 -2.677137e-001 -1.052415e-001 -9.952413e-002  2.980311e-001  7.504261e-002  3.998385e-001 -9.015874e-002 -2.105175e-001 -2.688274e-001 -1.375175e-001 -4.391946e-001 -8.641350e-001 -2.237526e-001  3.252177e-001
-1.517301e+001  3.366381e+000  4.610424e+000  5.581727e+000  2.785773e+000  2.438480e+000  2.002030e+000  3.382627e+000  5.618012e+000  5.752152e+000  2.314490e+000  2.598993e-001  2.858395e+001 -4.014398e-001 -1.050345e+000 -8.544105e-001 -7.723899e-001 -4.451153e-002 -6.295527e-001 -7.360030e-001  3.615664e-001  6.385511e-001 -2.383718e-001 -1.568025e+000  3.339597e-001 -6.219158e-002  2.174020e-002 -1.301903e-001 -1.306270e-001  9.536014e-002  3.399439e-001  3.531228e-001  8.194445e-002 -3.634554e-001 -7.327663e-001 -8.352991e-001 -6.775045e-001 -4.185840e-002  5.685826e-002
-1.617883e+001  4.318047e-001  2.281245e+000  4.903261e+000  3.250118e+000 -6.236749e-002  1.392697e+000  5.165048e+000  5.418616e+000  5.646276e+000  5.382775e+000  3.815785e+000  2.890473e+001 -8.366538e-001 -1.453904e+000 -1.362317e+000 -7.707392e-001 -2.614928e-001 -2.093646e-001 -7.518563e-001 -8.073162e-001 -2.945727e-001 -6.902032e-001 -1.810520e+000  5.894000e-001 -2.030518e-001  8.550440e-002  1.342522e-001 -1.383023e-001  1.223860e-001  1.821440e-001  4.370317e-001  6.656376e-002 -4.755520e-001 -7.722259e-001 -9.911221e-001 -3.174054e-001 -2.608908e-001 -2.551501e-003
-1.638060e+001  4.306088e-001  5.888584e-001  2.871954e+000  5.701179e+000  2.561408e+000  5.427089e+000  3.018104e+000  2.961239e+000  1.355355e+000 -2.375308e+000  3.578753e+000  2.849925e+001 -6.138159e-001 -8.887634e-001 -1.432195e+000 -1.048399e+000  1.393724e-003  5.837784e-001 -2.555423e-001 -2.820008e-001 -1.203693e+000 -1.817177e+000 -1.224218e+000 -9.624722e-001 -3.236998e-001  6.815549e-002  2.987931e-001  7.672578e-002  1.112582e-001 -2.760215e-001 -5.532709e-003 -9.265833e-002 -1.793779e-001 -3.470962e-001 -3.413818e-001  9.139040e-001 -2.094448e-001 -1.923555e-002
-1.854875e+001 -1.718464e+000 -1.471958e+000  2.291423e+000  4.036318e+000  4.536369e+000  3.066536e+000  7.566319e-001  4.723584e+000  2.317071e+000 -2.846284e+000 -1.697330e+000  2.731927e+001 -1.587263e-001 -3.220144e-001 -1.095676e+000 -7.039933e-001 -4.810709e-001  1.187144e-001 -6.076648e-001 -6.503542e-001 -1.144051e+000 -2.340961e+000 -1.058600e+000 -1.402972e+000 -1.497171e-001  1.071315e-001  3.313385e-001  1.537544e-001  2.025469e-001 -7.461137e-002 -1.896994e-001 -2.981785e-002 -1.236745e-001 -1.174252e-001  1.967233e-001  1.151064e+000  4.048379e-001  3.790154e-002
-1.705712e+001 -2.302090e-003 -6.739518e-001  1.645650e+000  2.399642e+000  3.058004e+000 -1.126008e-001  4.176832e+000 -5.293832e-002 -1.669130e+000  3.079274e-001 -1.795904e+000  2.775818e+001 -3.996262e-001 -1.223243e-001 -6.041017e-001 -2.494718e-001 -1.314830e+000 -8.212557e-001 -1.271390e+000 -6.138042e-001 -6.721908e-001 -1.119902e+000  2.625535e+000  2.829217e-001 -1.850367e-001 -2.293986e-002  1.245625e-001  7.359824e-002  7.260524e-002  7.243906e-003 -2.133734e-001  3.064282e-002 -2.845594e-001  1.362831e-001  7.154218e-001  5.912452e-001  8.188624e-001  2.407166e-002
-1.663420e+001 -9.618120e-001 -2.565732e+000  1.996447e+000  2.495532e+000  2.829067e-001  1.124218e+000  1.333913e+000  1.205450e+000 -4.546284e+000 -1.251841e+000 -5.117437e-001  2.852668e+001 -4.080910e-001 -1.804314e-001 -1.007592e+000 -1.574684e-001  2.356227e-002 -4.553444e-001 -3.930216e-001 -1.259787e+000 -1.147450e+000 -5.522455e-002  2.019923e+000  1.990892e+000 -8.287563e-002 -7.203612e-002  8.246719e-002  9.405027e-002 -1.731654e-001  2.344931e-001  1.098546e-001  2.963662e-001  2.457551e-001  2.395671e-001  8.972311e-001 -3.227411e-001  2.693676e-001 -1.814947e-002
-1.933600e+001 -5.593389e-001 -1.884763e+000  1.772083e+000 -1.025788e-001  5.818611e-001  4.129532e-002 -3.395579e-001  1.359352e+000 -8.124787e-001  9.955143e+000  4.400568e+000  2.697036e+001 -6.038328e-001 -3.367423e-001 -1.108247e+000 -9.586356e-001 -2.147034e-001 -1.960592e-001 -2.096499e-001 -1.400081e+000 -5.205784e-001  6.170638e-001  1.927461e-001  1.434908e+000 -2.367622e-001  8.255266e-002 -3.284903e-001  4.435484e-001 -6.592698e-001  4.111299e-001  1.462204e-001  5.138011e-001  3.483021e-001 -7.948703e-002  4.862143e-001 -1.175455e+000 -4.949408e-001  7.944026e-001
