41 39
-4.569316e+000 -2.886207e+000  1.343592e+001  1.382567e+000 -2.750119e+000 -8.558854e+000 -7.464276e+000 -1.249817e+000 -8.130340e+000 -5.459882e+000  1.094728e+000 -6.151623e+000  4.665195e+001  7.142657e-001 -3.481314e+000  6.946627e-001 -2.921660e+000 -4.675416e+000 -2.281323e+000 -2.231388e+000  3.143114e-001 -1.543303e+000  3.729272e+000  2.243940e+000  1.244052e+000  1.818310e+000 -6.276186e-002  1.387070e-001 -2.210545e-001 -1.045908e-001 -7.714150e-001  2.894311e-001  4.959768e-001 -2.409061e-001  5.026470e-001  9.115345e-001  4.628537e-002  5.589413e-002 -4.372450e-001
-3.635288e+000 -1.224347e+001  1.698191e+001 -7.176027e+000 -5.801148e+000 -1.386970e+001 -1.398221e+001  3.079828e+000 -1.430044e+001 -7.163451e-001  2.805949e+000 -2.579597e+000  5.226917e+001 -1.074270e+000 -1.213040e+000 -5.270931e-001 -1.343219e+000 -4.149278e+000 -7.060684e-001  3.419894e-001  8.184476e-001 -3.883529e-002  3.238227e+000  1.577362e+000  2.121855e+000 -1.665773e+000 -2.190997e-001  8.186152e-001 -2.779159e-001 -1.735980e-001  1.748828e-001  4.615933e-001  1.475131e+000 -3.551221e-001  7.357593e-001  2.388962e-001 -3.308762e-001 -4.970343e-001 -2.092784e-001
-9.778327e+000 -6.193387e+000  1.659130e+001  8.655043e-001 -1.177127e+001 -1.442397e+001 -1.030058e+001  5.092333e+000 -1.406866e+001  1.586305e+000  6.125225e+000  1.281055e+000  4.052077e+001 -1.514484e+000 -3.638225e-001 -5.352768e-001 -2.841785e+000 -2.346442e+000  2.481177e-001  3.029353e+000 -2.253958e-001  9.236118e-001  3.522460e+000  7.217894e-001  1.185565e+000 -5.340244e-001  2.397249e-001  3.873649e-001 -1.625327e-001 -7.737757e-001  4.688668e-001 -1.884360e-002  1.132411e+000  5.614705e-002  7.247363e-001  2.013502e-001 -5.517151e-002 -8.158865e-001  7.958371e-001
-1.275919e+001 -4.751728e-001  8.223673e+000  2.340224e+000 -1.093254e+001 -5.219569e+000  3.011346e+000 -2.213219e+000 -3.927622e+000  8.632470e+000  9.013452e+000  7.242187e+000  3.322497e+001  7.314181e-002 -8.271807e-001 -2.021436e-001 -4.374143e+000 -2.193108e+000 -5.158075e-001  3.512856e+000 -5.267460e-001  1.228568e+000  2.855164e+000  4.352247e-001 -9.813467e-001  2.618327e+000  7.627134e-001 -2.706074e-001  4.852706e-001 -8.433713e-001  2.583830e-001 -5.062594e-001 -3.462213e-001  4.163993e-001 -1.937663e-001 -1.256538e-001 -8.559060e-003 -1.179829e+000  1.590928e+000
-7.579788e+000 -1.058947e+001  1.513866e+001 -1.758449e+001 -1.191663e+001 -1.164333e+001 -8.142866e-001  2.697279e-001 -8.698688e+000  7.478007e+000  1.599923e+000 -5.134692e+000  5.350393e+001  1.339184e+000 -1.737419e+000 -2.804758e-001 -5.275076e+000 -3.309167e+000 -2.470672e+000  1.845236e+000  1.267643e+000  1.446677e+000  4.927555e+000  2.539151e+000 -1.283780e+000  3.655446e+000  4.520305e-001 -5.163202e-002  6.128371e-001  3.191998e-001  1.529071e-001 -1.049928e-001 -1.042873e+000  4.599154e-001 -5.040585e-001 -6.328022e-001  1.436394e-001 -6.179833e-001  5.365762e-001
-4.368849e+000 -1.418134e+001  1.669751e+001 -1.982175e+001 -1.669401e+001 -1.783906e+001 -1.161075e+000  2.857400e+000 -1.084258e+001  1.061362e+001  7.244723e+000 -4.278457e+000  5.886922e+001  1.312463e+000 -1.879279e+000  1.771860e+000 -4.343430e+000 -2.376000e+000 -1.877971e+000 -7.970588e-001  2.153924e+000 -1.269200e+000  1.907410e+000  6.258862e-001 -2.542615e+000  4.194133e+000 -1.971838e-001  3.329243e-001  6.107462e-001  9.637180e-001  7.720277e-001  8.515841e-001 -1.187297e+000  8.552653e-002 -6.039890e-001 -1.306951e+000 -3.707680e-001 -1.530755e-001 -2.862736e-001
-7.277575e+000 -8.027401e+000  1.095200e+001 -1.442889e+001 -2.543637e+001 -2.046758e+001  1.011811e+000  8.895241e+000 -3.377792e+000  2.523350e+001  1.970535e+001  6.224787e-001  4.597587e+001  1.260076e-001 -9.593372e-002  1.541907e+000 -1.261143e+000 -1.490460e+000  4.042354e-001 -3.005525e-002  7.338460e-001 -3.477970e-001  8.323256e-001  1.344656e+000 -1.123718e+000  1.360953e+000 -4.096296e-001  2.879286e-001  6.490648e-001  9.718582e-001  1.195038e+000  1.414516e+000 -8.873605e-001 -6.339098e-001 -4.312275e-001 -1.943616e+000 -9.090692e-001 -4.927918e-002 -1.293770e-001
-6.347978e+000 -1.115260e+001  1.917630e+001 -2.095473e+001 -1.605267e+001 -1.019730e+001 -1.886997e+000  4.243647e+000 -1.293407e+001  9.291776e+000  3.090172e+000 -8.349473e+000  5.795967e+001 -3.061888e-001  1.669788e-002  1.940396e+000 -1.562520e+000  7.576774e-001  2.304659e+000 -1.485982e+000  1.677853e-001 -8.941402e-001 -1.631975e+000 -8.213679e-001 -1.826755e+000  2.334205e+000 -2.962353e-001  1.032759e-001  1.119042e-001  7.845353e-001  4.918427e-001  7.820615e-001 -3.864959e-001 -7.013640e-001  4.735980e-001 -7.720008e-001  3.080762e-003  3.867715e-001 -2.920570e-001
-5.960186e+000 -1.258351e+001  2.160880e+001 -2.332371e+001 -1.968960e+001 -1.344303e+001 -6.016015e-001  3.245835e+000 -9.391930e+000  1.230056e+001  1.040048e+001 -8.717773e+000  6.076347e+001  1.003627e-001 -1.245764e+000  2.880580e+000 -1.806241e+000  1.099184e+000  2.510593e+000 -2.247105e+000 -9.088359e-001 -8.969900e-001 -3.020831e+000 -1.282568e+000 -1.888105e+000  3.938525e+000 -4.137378e-002 -1.335161e-001 -6.600752e-002  5.017579e-001 -1.606261e-001  1.090604e-001 -2.920077e-001 -4.602293e-001  5.113224e-001 -1.021422e-001  1.988600e-001  3.767033e-001 -1.873548e-001
-6.558487e+000 -1.181979e+001  2.107109e+001 -2.318694e+001 -1.577900e+001 -9.828036e+000 -7.784276e+000  6.521030e+000 -1.230621e+001  8.920221e+000  7.790318e+000 -8.742106e+000  6.314644e+001 -1.558906e-001 -7.879837e-001  1.662044e+000 -1.482044e-001 -1.211609e+000  9.791576e-001 -1.621013e+000 -5.315545e-001  1.373387e+000 -2.601519e-002  1.954902e+000 -2.265635e-001  1.445062e+000  4.790964e-002  1.186849e-001 -3.637259e-001  6.467978e-001 -7.069817e-001 -3.716617e-001  3.444807e-001 -4.528575e-001  6.590520e-001  5.250844e-001  6.495368e-001  5.314673e-001 -6.806491e-001
-6.670506e+000 -1.392263e+001  2.440750e+001 -2.234399e+001 -2.007729e+001 -8.099248e+000 -7.275074e+000  3.212369e+000 -8.176669e+000  1.031512e+001  1.094243e+001 -8.621732e+000  6.307511e+001 -1.560105e-001 -3.611735e-001  1.351045e+000  5.404886e-001 -1.308947e+000  1.612288e+000 -1.422578e+000 -1.217631e+000  1.075051e+000 -4.813648e-001  9.508209e-001 -4.029722e-002  8.687504e-001  3.175019e-002  5.172189e-001 -5.972744e-001  4.200433e-001 -2.089978e-001 -3.832636e-001  5.605566e-001 -3.402807e-001  2.967755e-001  3.304401e-001  2.946443e-001  3.232026e-001 -8.128938e-001
-6.772270e+000 -1.442296e+001  2.608717e+001 -2.218561e+001 -2.191688e+001 -7.973402e+000 -6.655328e+000  1.602607e+000 -6.674764e+000  1.015442e+001  1.259370e+001 -9.530312e+000  6.402916e+001  6.154599e-002  1.678267e-001  8.865339e-001  4.981047e-001 -1.573165e+000  8.955034e-001 -1.758415e-001 -1.942105e+000  1.415099e+000 -2.762857e-001  1.309622e+000 -9.332275e-002  4.658466e-001  9.834557e-002  4.630273e-001 -3.450037e-001 -7.651041e-002  5.625908e-001 -1.949076e-001  3.801293e-001 -4.002447e-001 -2.441863e-001 -3.702710e-001 -4.108436e-001  4.660043e-003 -3.140722e-001
-6.633347e+000 -1.308779e+001  2.585599e+001 -2.112193e+001 -2.316540e+001 -6.308910e+000 -8.278966e+000 -3.831067e-001 -6.832397e+000  9.276637e+000  1.275289e+001 -8.525157e+000  6.466586e+001  1.503954e-001  8.624251e-001  2.819633e-001 -2.917862e-002  2.349731e-001  6.361024e-001 -1.669078e-001 -1.904964e+000  5.660316e-001 -1.243495e+000  5.132937e-001 -3.387129e-001  3.636635e-001  5.653305e-002  3.066800e-001 -1.091170e-001 -2.628854e-001  6.690141e-001 -3.289058e-001  1.167085e-001 -1.922662e-001 -2.777128e-001 -2.700036e-001 -3.105131e-001  4.081137e-002 -2.047276e-001
-6.269337e+000 -1.139808e+001  2.477952e+001 -2.130744e+001 -2.210077e+001 -6.245688e+000 -8.161538e+000 -1.391756e+000 -5.902856e+000  8.058035e+000  1.343320e+001 -9.257008e+000  6.468030e+001  1.826344e-001  9.153533e-001  4.715670e-001 -2.459228e-001  8.293844e-001  4.927125e-001 -3.482020e-001 -2.189111e+000  4.069651e-001 -1.496305e+000  1.194476e-001 -5.405550e-002  1.272446e-001 -1.069366e-001  2.093805e-001  9.874775e-002 -1.108336e-001  3.948795e-001 -1.424486e-001 -3.263175e-001 -4.617453e-004 -3.736930e-001 -5.680124e-002 -4.174653e-001  2.959443e-001 -1.053651e-001
-6.169995e+000 -1.112294e+001  2.647114e+001 -2.292897e+001 -1.881047e+001 -5.782593e+000 -7.356508e+000 -4.815271e+000 -5.732465e+000  5.145837e+000  1.308915e+001 -1.045195e+001  6.456786e+001  6.611061e-002  7.984630e-001  1.012944e+000 -4.019247e-001  8.348486e-001  1.691546e-001 -7.528552e-001 -2.055459e+000  1.905544e-001 -1.221373e+000 -6.657314e-003  1.441260e-001  1.441345e-002 -2.074020e-001  1.447338e-001  1.864817e-001  6.170910e-002 -1.573470e-001 -4.621195e-002 -3.651071e-001  7.111311e-002 -1.485261e-001  2.043503e-001 -2.208854e-001  3.576755e-001 -6.377701e-002
-6.090774e+000 -1.082862e+001  2.813743e+001 -2.251171e+001 -1.994742e+001 -5.772998e+000 -8.857567e+000 -7.126864e+000 -5.189905e+000  4.738295e+000  1.302281e+001 -8.837193e+000  6.471439e+001 -4.309945e-001  1.246710e+000  1.014783e+000  1.303097e-001  1.012949e-001  4.167343e-001 -1.514456e+000 -1.869167e+000 -2.656278e-001 -5.713529e-001 -5.177291e-001  1.144979e+000  1.136459e-001 -2.276763e-001  1.281910e-001  6.531491e-002  3.316557e-002 -1.551870e-001  5.532616e-002 -1.599945e-001  1.851130e-001 -2.446303e-002  1.227714e-001 -1.337017e-001  1.013675e-001 -3.091171e-002
-6.392075e+000 -9.380207e+000  2.924175e+001 -2.252942e+001 -2.006783e+001 -5.699482e+000 -1.169523e+001 -7.792845e+000 -6.236101e+000  4.829640e+000  1.292480e+001 -8.014434e+000  6.472089e+001 -5.798002e-001  1.420416e+000  9.427643e-001  9.125061e-002 -1.877172e-001  4.430317e-001 -1.409316e+000 -1.709371e+000  1.596976e-001 -6.842200e-001 -2.725447e-001  8.501471e-001  5.157776e-002 -1.361934e-001 -1.529735e-002 -6.196591e-002 -4.649517e-002  8.294223e-002  1.386540e-001  1.900219e-001  2.147909e-001  1.130735e-001 -1.468990e-001 -9.729706e-002 -2.281426e-001 -3.648293e-002
-8.313270e+000 -6.035892e+000  2.846813e+001 -2.085566e+001 -2.096561e+001 -4.203572e+000 -1.356446e+001 -9.248802e+000 -6.979177e+000  5.359369e+000  1.092673e+001 -4.750869e+000  6.517201e+001 -6.327916e-001  1.245332e+000  8.332312e-001 -3.266827e-001  5.647322e-001  6.324047e-001 -8.199436e-001 -1.436590e+000  3.000784e-001 -1.151024e+000 -4.161170e-001  9.977140e-002 -4.589615e-002  7.877934e-002 -3.258643e-001 -4.382054e-002 -1.081466e-001  2.950505e-001  1.479203e-001  3.735313e-001  3.004608e-001  9.699856e-002 -3.582491e-001 -4.313836e-002 -4.841219e-001 -7.882042e-002
-7.957748e+000 -6.417226e+000  3.101961e+001 -2.330074e+001 -1.923996e+001 -4.352147e+000 -1.204965e+001 -1.230116e+001 -4.039341e+000  1.414200e+000  1.277447e+001 -8.244375e+000  6.459693e+001 -5.139580e-001  7.226654e-001  7.938896e-001 -4.059044e-001  1.017841e+000  7.545894e-001 -1.500015e-001 -1.197793e+000  4.730690e-001 -1.666033e+000 -5.439487e-001 -4.739829e-001 -8.823013e-002  1.590878e-001 -4.143746e-001 -6.645074e-002  1.120863e-001  2.059423e-001  1.745483e-001  1.765273e-001  3.935417e-001 -2.220831e-001 -1.670988e-001 -2.078459e-001 -1.564476e-001 -6.855530e-002
-8.471895e+000 -6.083448e+000  3.141465e+001 -2.375946e+001 -1.753769e+001 -3.284642e+000 -1.278008e+001 -1.205566e+001 -4.787893e+000  6.908920e-001  1.101739e+001 -8.223366e+000  6.454688e+001 -7.001887e-002 -3.373609e-002  8.701172e-001 -1.618458e-001  9.737682e-001  1.000557e+000 -2.764567e-001 -6.226516e-001  6.267934e-002 -1.871692e+000 -5.977189e-001 -6.135653e-001 -2.105522e-001  1.814377e-001 -3.205958e-001 -5.656904e-003  2.735142e-001 -3.166645e-002  6.605692e-002 -5.690069e-002  2.534822e-001 -3.237303e-001  1.524442e-002 -8.600726e-002  1.421551e-001 -7.603302e-002
-8.882552e+000 -5.743102e+000  3.173794e+001 -2.310704e+001 -1.669259e+001 -2.386000e+000 -1.283743e+001 -1.237838e+001 -4.966399e+000 -1.166285e+000  1.015973e+001 -8.648100e+000  6.459230e+001 -6.574764e-002 -1.192346e-002  5.920675e-001  5.692635e-001  6.374761e-001  1.131697e+000 -7.984234e-001 -1.486318e-001 -8.320182e-001 -1.159380e+000 -1.220973e+000  4.245771e-001 -2.088707e-001  1.315067e-001 -1.140855e-001  4.741453e-002  2.740951e-001 -7.767393e-002 -9.315844e-002 -2.304904e-001  5.549722e-002 -3.126837e-001  1.906195e-001  6.357837e-002  2.764126e-001 -9.793152e-002
-8.200962e+000 -6.541635e+000  3.245955e+001 -2.176174e+001 -1.737046e+001 -1.838616e-001 -1.455285e+001 -1.232345e+001 -6.202252e+000 -2.708850e+000  9.245509e+000 -7.616833e+000  6.412157e+001  5.029173e-002  9.647274e-003  9.058577e-001  5.533047e-001  5.965824e-001  7.741354e-001 -7.802361e-001 -6.937591e-001 -6.660297e-001 -1.328129e+000 -5.076410e-001  3.612669e-001 -3.657410e-001 -2.905893e-002  2.147089e-001  9.176344e-003  2.182521e-001 -3.411851e-002 -2.840955e-001 -1.663322e-001 -8.247208e-002 -1.234475e-001  2.770855e-001  2.494878e-001  1.506728e-001 -8.311291e-002
-8.421953e+000 -6.247750e+000  3.345750e+001 -2.145328e+001 -1.613620e+001 -2.440508e-001 -1.515538e+001 -1.291042e+001 -7.492252e+000 -2.682829e+000  7.555543e+000 -6.424756e+000  6.376524e+001  8.342008e-002  1.305460e-001  1.013092e+000  6.069959e-001  8.180643e-001  4.020079e-001 -1.050564e+000 -8.847528e-001 -7.259949e-001 -9.847170e-001 -2.710958e-001  4.206640e-001 -5.002934e-001 -8.648929e-002  3.388063e-001 -4.308920e-002  7.467136e-002 -7.440865e-003 -3.731560e-001 -8.632183e-003 -3.557372e-002  1.127502e-001  1.845647e-001  4.240355e-001 -2.039279e-001 -7.333137e-002
-8.450736e+000 -5.782888e+000  3.508416e+001 -2.181982e+001 -1.483298e+001 -4.849395e-001 -1.552228e+001 -1.525843e+001 -6.855114e+000 -5.191480e+000  9.781275e+000 -7.528703e+000  6.313171e+001 -2.898974e-001  9.685735e-001  7.054867e-001  9.105484e-001  7.128816e-001 -5.507612e-002 -9.820476e-001 -6.669515e-001 -6.075697e-001 -5.735965e-001  1.747813e-001  1.417555e-001 -4.804054e-001 -1.304857e-001  3.511125e-001 -1.760996e-001 -2.500604e-002  8.961439e-003 -4.071068e-001  1.795028e-001  1.339574e-001  1.960734e-001  1.814706e-001  2.663077e-001 -2.918168e-001 -2.321041e-002
-8.340565e+000 -5.469746e+000  3.549110e+001 -2.004302e+001 -1.387101e+001 -2.254218e-001 -1.760553e+001 -1.533465e+001 -8.269942e+000 -4.848555e+000  8.536364e+000 -6.588845e+000  6.258576e+001 -3.280995e-001  1.202645e+000  4.768070e-001  7.639984e-001  5.421222e-001 -3.194772e-001 -7.406786e-001 -3.399042e-001 -2.974974e-001 -6.138227e-001  5.579928e-001 -4.853069e-001 -5.181953e-001 -8.048080e-002  2.065019e-001 -1.865139e-001 -2.357998e-001  4.862024e-002 -3.842927e-001  4.507688e-001  9.131980e-002  3.132191e-001  3.197696e-002  1.072942e-001 -2.275573e-001 -1.151699e-002
-9.691143e+000 -2.087770e+000  3.497019e+001 -1.791413e+001 -1.493865e+001 -4.685567e-001 -1.823801e+001 -1.444609e+001 -8.851255e+000 -4.493969e+000  9.629005e+000 -6.826011e+000  6.230928e+001 -3.963768e-001  1.229160e+000  2.935020e-001  3.497732e-001  7.793607e-001 -9.006561e-001 -3.766499e-002 -2.963964e-001  1.000884e-001 -6.062228e-001  4.093536e-001 -6.448317e-001 -4.728420e-001  1.211091e-001 -1.278369e-001 -6.500522e-002 -4.316220e-001  2.133532e-001 -2.690557e-001  4.997401e-001  3.998420e-002  1.545313e-001  1.091591e-001 -2.764191e-001  6.182430e-002 -9.805535e-002
-9.442247e+000 -2.082084e+000  3.589852e+001 -1.958614e+001 -1.337275e+001 -1.849628e+000 -1.750090e+001 -1.501611e+001 -7.981669e+000 -6.100698e+000  1.042164e+001 -9.202637e+000  6.158548e+001 -2.657442e-001  1.032762e+000  2.865151e-001 -2.916153e-001  1.027926e+000 -1.096665e+000  7.310888e-001 -6.134313e-001  4.862714e-001 -8.085190e-001  1.480891e-001 -3.238291e-001 -5.616600e-001  2.305465e-001 -2.183299e-001 -2.911583e-002 -3.187235e-001  1.873903e-001  9.725495e-002  2.509567e-001  2.237603e-001 -2.953282e-001  4.457479e-001 -7.012732e-001  3.980987e-001 -2.143178e-001
-9.881779e+000 -1.330918e+000  3.634796e+001 -2.029940e+001 -1.118530e+001 -4.176117e+000 -1.576292e+001 -1.689968e+001 -6.498809e+000 -7.596522e+000  1.088540e+001 -9.445966e+000  6.126764e+001  2.844706e-001  4.143308e-001  4.756065e-001 -7.197548e-001  1.536746e+000 -1.011760e+000  7.807693e-001 -3.302670e-001 -2.267976e-001  6.954708e-002 -1.002362e+000  3.701381e-001 -9.489498e-001  3.048255e-001 -1.684860e-001 -6.250916e-002 -3.049807e-002 -2.209644e-001  7.771498e-001 -2.357958e-001  3.675034e-001 -6.460561e-001  6.702350e-001 -8.090039e-001  2.380180e-001 -3.512225e-001
-9.573968e+000 -6.843620e-001  3.623479e+001 -2.030846e+001 -1.060805e+001 -3.854969e+000 -1.518763e+001 -1.717501e+001 -7.014808e+000 -7.339873e+000  8.648610e+000 -6.898013e+000  6.029828e+001  4.842092e-001  5.184101e-001  2.401756e-001 -2.948549e-001  1.100381e+000  2.223497e-001  1.048876e-001  7.958325e-001 -1.610695e+000  1.277032e+000 -2.242515e+000  9.977018e-001 -1.351730e+000  2.990788e-001 -1.108302e-001 -4.317446e-001  6.627176e-001 -5.554739e-001  9.193230e-001 -4.157447e-001  5.256498e-001 -8.520960e-001  6.459258e-001 -4.535753e-001 -2.486853e-001 -4.870113e-001
-8.202929e+000 -7.149772e-001  3.718009e+001 -2.115174e+001 -8.637269e+000 -4.524688e+000 -1.549080e+001 -1.501798e+001 -1.046867e+001 -3.526646e+000  5.503709e+000 -6.127632e+000  5.820813e+001  7.527739e-001  6.439061e-001  4.125976e-003  1.989027e-001 -3.616888e-001  2.325585e+000 -9.035435e-001  8.364886e-001 -2.081709e+000  1.702177e+000 -2.440364e+000 -1.155071e-001 -1.833920e+000  1.889106e-001  7.910211e-002 -9.433160e-001  1.243677e+000 -7.593800e-001  4.177556e-001 -1.709992e-002  4.193010e-001 -7.096825e-001  2.234510e-001  1.245382e-001 -8.640900e-001 -6.492580e-001
-7.860626e+000  2.019962e-001  3.668333e+001 -2.063424e+001 -9.144864e+000 -5.635938e-001 -1.711253e+001 -1.197781e+001 -1.405021e+001 -1.750477e+000  1.899913e+000 -5.873295e+000  5.635658e+001  9.954979e-001  3.638230e-001 -1.636468e+000  2.562644e+000 -8.002263e-001  1.831277e+000 -5.054784e-001  1.431440e+000 -2.846753e+000  1.604795e+000 -1.400787e+000 -1.324433e+000 -2.554232e+000 -3.265311e-001  3.409552e-001 -1.493586e+000  1.452741e+000  2.351290e-001 -5.163894e-001  8.243051e-001  3.456093e-001  1.983634e-001 -3.753932e-001  3.180674e-001 -6.534821e-001 -8.966248e-001
-6.974580e+000  1.445433e+000  3.614431e+001 -1.914199e+001 -1.372534e+001  5.806122e+000 -1.931819e+001 -1.531584e+001 -1.338965e+001 -1.880335e+000  2.057934e+000 -1.053586e+001  5.406889e+001  9.733791e-001  8.871349e-001 -3.302652e+000  4.069879e+000 -1.309850e+000  2.725545e-001  1.000453e+000  1.448434e+000 -3.157181e+000  1.022921e+000 -8.005354e-001 -2.789244e+000 -3.593989e+000 -1.317659e+000  1.488705e-001 -1.374240e+000  1.225942e+000  1.421485e+000 -9.811948e-001  1.400017e+000  5.159112e-001  1.526479e+000 -7.837472e-001  1.866492e-001  5.650597e-001 -6.914460e-001
-5.210653e+000  5.454785e-002  2.857034e+001 -8.500114e+000 -1.206515e+001  1.360084e-001 -1.580133e+001 -9.868876e+000 -1.978808e+001 -1.390543e-001  3.367563e+000 -1.131606e+001  4.959674e+001 -1.258749e+000  2.101572e+000 -5.574364e+000  5.033360e+000  2.750107e+000 -1.333082e+000  3.274415e+000  2.217906e+000 -8.114214e-002 -2.603059e-001 -1.472092e+000 -9.328402e-001 -4.954820e+000 -1.938311e+000 -1.343789e-001 -4.975545e-001  9.573102e-002  1.816680e+000 -1.780699e-001  1.199639e+000  4.121632e-001  2.536989e+000 -8.338217e-001  2.805040e-001  1.768141e+000 -6.711128e-002
-4.661020e+000  3.794421e+000  2.472333e+001 -6.869406e+000 -1.372638e+001 -3.511717e+000 -1.114413e+001 -8.830270e+000 -2.338564e+001  7.822458e-001  7.672069e-001 -1.735247e+001  4.361810e+001 -4.708397e+000  5.193844e-001 -4.898125e+000  5.093256e+000  4.970568e+000 -9.982095e-001  4.206596e+000  3.022811e+000  4.167880e+000 -1.284009e+000 -1.471465e+000  2.513995e+000 -4.090856e+000 -1.286347e+000 -5.796703e-001  1.640718e-001 -5.954286e-001  1.193120e+000  5.970832e-001  4.634110e-001  2.145174e-001  2.305471e+000 -3.384686e-001  6.673455e-001  2.017907e+000  4.592011e-001
-1.531115e+001  9.535360e+000  1.452201e+001 -1.603738e+000  4.606190e+000 -2.570082e+000 -4.827480e+000 -4.131060e+000 -9.457928e+000 -4.383297e+000 -4.815184e+000 -7.129190e+000  3.680788e+001 -5.855170e+000 -1.241961e-001 -3.326504e+000  2.529610e+000  5.142962e+000  1.576309e+000  3.889646e+000  2.705068e+000  6.175663e+000 -1.410849e+000  3.371980e-001  4.864651e+000 -2.641355e+000  3.617896e-001 -1.018393e+000  1.074723e+000 -1.077549e+000 -7.633691e-001  7.496396e-001 -6.402625e-001 -3.099696e-001  3.937853e-001  5.502564e-001  8.955439e-001  7.763715e-001  8.466747e-001
-2.546632e+001 -6.980509e-001  1.867785e+001  2.876100e+000  2.791831e+000  2.168120e+000 -3.772133e+000 -3.070697e+000  2.284671e+000 -6.178257e+000 -1.208018e+000 -5.932048e-002  4.000904e+001 -3.160146e+000 -8.983327e-001 -3.606223e+000  2.344611e+000  3.459320e+000  1.803275e+000  3.009892e+000  2.277440e+000  5.241773e+000 -9.415088e-002  1.631547e+000  4.401547e+000 -2.454716e+000  1.901472e+000 -3.959218e-001  7.828339e-001 -1.139071e+000 -1.532193e+000  2.386159e-001 -1.020683e+000 -6.862907e-001 -1.337991e+000  8.623645e-001  1.612606e-001 -9.181255e-001  4.388381e-001
-2.408385e+001  1.679803e+000  1.496056e+001 -7.248171e-001  5.390559e+000  5.177634e+000 -3.909912e-002  7.766756e-001 -1.744924e+000 -3.713048e+000  6.041165e+000  4.360616e+000  3.819449e+001 -2.239262e-001 -2.281535e+000 -8.467024e-001  1.019936e+000 -3.111149e-001  1.014374e+000  6.714543e-001  1.040744e+000  1.350838e+000  1.896047e+000  1.454121e+000  2.005242e+000 -1.539516e+000  1.872548e+000 -5.284702e-001  3.215914e-002 -9.861074e-001 -1.889808e+000 -7.937143e-001 -9.506494e-001 -1.040023e+000 -1.594761e+000  4.690537e-001 -7.383052e-001 -2.180824e+000  8.765504e-001
-1.607540e+001  3.230536e+000  6.472937e+000  4.414188e+000  3.178035e+000  1.630800e+000  1.511136e+000  1.030636e-001 -1.033280e+000 -2.363317e-002  3.496766e+000 -1.089638e+000  3.065122e+001  1.983342e+000 -3.815554e-001 -2.223856e+000  1.527378e-001  3.664158e-002  4.758372e-001  7.122765e-001  4.235194e-001 -1.096627e-001  1.374366e+000 -1.223624e+000 -6.469279e-001 -2.447585e+000  7.489846e-001 -2.772071e-001 -4.280383e-001 -1.079024e+000 -1.660704e+000 -1.179215e+000 -7.043551e-001 -1.306616e+000 -1.245631e+000 -2.787724e-001 -6.958746e-001 -1.885689e+000  1.805663e+000
-2.112624e+001 -3.836608e+000  1.639095e+001  2.726898e+000  2.857513e+000  2.770448e+000 -4.111843e+000 -5.142217e-001 -1.044763e+000  2.019626e+000  1.030314e-001  3.412177e+000  3.378922e+001  9.358246e-001 -3.024935e+000 -3.856891e+000 -1.304990e+000 -2.594738e+000 -1.728544e+000  2.852071e-001 -1.568085e+000  8.775784e-001  2.001613e-001 -1.926743e+000 -3.515232e+000  1.737831e+000 -3.922461e-001  7.310840e-001 -8.231578e-001 -4.697775e-001 -8.941262e-001 -1.093607e+000 -1.092064e-003 -7.980475e-001 -4.618673e-001 -7.858241e-001  1.957280e-001 -7.679375e-001  1.806975e+000
-1.702841e+001  1.523779e-001  6.843373e+000  1.913931e+000  4.241561e+000  5.750899e+000  1.825622e+000 -3.076510e-001  1.386277e+000 -2.172764e+000 -4.357070e+000 -2.819740e+000  2.997376e+001  4.901123e-003 -1.912668e+000 -4.241320e+000 -1.888047e+000 -3.702389e+000 -2.721343e+000 -3.187597e-001 -2.951225e+000 -7.497507e-001 -6.400698e-001 -1.573945e-001 -2.266659e+000  4.934927e+000 -1.305316e+000  1.266081e+000  4.691943e-001  8.355115e-002 -2.592202e-001 -6.143745e-001  1.155229e-001  5.498367e-002 -3.660509e-001 -7.420762e-001  1.267522e+000  7.651066e-001  1.311770e+000
-1.892823e+001 -1.190580e+001 -4.509120e+000 -5.999640e+000 -8.114892e+000 -5.525134e+000  1.229693e+000 -6.858394e+000  1.433190e+000 -1.637676e+000  3.343707e-001 -1.235049e+001  4.722238e+001 -1.195936e+000  2.139442e+000 -3.953759e+000 -3.085593e-001 -2.912231e+000 -2.855073e+000  1.181512e+000 -1.262122e+000 -6.384544e-001 -1.025855e+000  1.899647e+000 -1.024580e+000  3.804102e+000 -1.320106e+000  2.030290e+000  1.640059e+000  4.634274e-001  1.198016e+000  4.214783e-001  3.977693e-001  9.983616e-001 -3.177941e-001 -2.549538e-001  1.200326e+000  1.947429e+000 -5.391743e-001
