33 39
-1.298012e+001 -3.311896e+000  1.424357e+000  1.879628e+000 -2.541202e+000 -3.184310e+000  8.352046e+000  1.075962e+001 -4.340891e+000 -4.416365e+000 -2.451916e+000 -9.805963e-001  3.278977e+001  2.219175e+000 -2.117319e+000  3.220729e+000 -1.021051e+000 -1.143050e+000 -3.200702e+000 -1.676860e-001 -9.070218e-001 -4.491992e+000  6.536491e-001 -1.823702e+000 -1.755083e+000  3.867424e+000  9.957659e-001 -7.799761e-001  1.108436e+000 -9.846706e-001 -1.021542e+000 -6.095253e-001 -1.240675e+000 -1.182404e+000  4.395919e-001  7.804959e-001  6.822898e-001  3.155256e-001  1.897594e+000
-1.332274e+001 -5.157421e+000  2.464238e+000  1.366387e+000 -2.838586e+000 -4.917808e+000  1.149140e+001  1.127073e+001 -5.290351e+000 -3.147562e+000 -5.946267e+000 -2.579549e+000  3.529909e+001  3.981106e+000 -3.498315e+000  3.530984e+000 -2.218399e+000 -3.609152e+000 -4.243920e+000 -1.926497e+000 -1.449470e+000 -2.266914e+000  1.319999e-001 -1.327132e+000 -2.033595e-001  6.206891e+000  4.680283e-001 -5.764920e-001  8.216558e-001 -9.579390e-001 -1.125987e+000  5.148982e-001 -9.571370e-001 -5.610989e-001  1.111732e+000  3.265220e-001  1.054507e+000  4.398650e-001  1.361431e+000
-5.274109e+000 -8.644669e+000  1.038528e+001 -4.947555e+000 -8.087548e+000 -1.677081e+001  3.548366e+000  4.537174e+000 -1.214844e+001  3.087156e+000 -5.845744e+000 -2.809581e+000  4.758618e+001  3.476397e+000 -4.187713e+000  4.418983e+000 -3.344700e+000 -4.548892e+000 -1.618865e+000 -2.203284e+000 -1.621820e+000 -2.327166e-001  6.115232e-001  1.264020e-001  4.685378e-001  7.300935e+000 -5.886906e-001  1.541619e-002  1.568693e-001 -3.486368e-001 -4.223224e-001  1.642993e+000 -2.430826e-001  3.404578e-001  1.590662e+000 -8.708693e-002  1.165290e+000  3.759258e-001 -6.441269e-002
 1.516804e-002 -1.717661e+001  1.269340e+001 -5.476488e+000 -1.760959e+001 -1.253449e+001  3.241735e+000  6.873588e+000 -6.620440e+000 -2.457955e+000 -5.066784e+000 -1.011428e+000  5.478626e+001  2.396916e+000 -3.549392e+000  4.560662e+000 -3.323818e+000 -4.355972e+000  6.520321e-001 -2.315596e+000 -6.723102e-001  1.053772e+000  2.534590e-001  1.817410e+000  2.648223e-001  6.247382e+000 -1.269605e+000  9.781579e-001 -2.070868e-001  2.370788e-001  6.473258e-001  1.413326e+000  1.451773e-001  3.231843e-001  7.146478e-001  3.578397e-001  9.538392e-001  2.522276e-003 -1.255996e+000
-2.267091e+000 -1.824086e+001  1.840469e+001 -1.142243e+001 -1.790016e+001 -7.470294e+000  1.460462e+000  4.849087e+000 -4.839429e+000 -1.703553e+000 -2.259647e+000  5.780321e-001  5.955086e+001  6.781739e-002 -2.014700e+000  3.490236e+000 -2.211526e+000 -2.881252e+000  2.566288e+000 -1.188549e+000  4.066873e-001  1.800973e+000  1.574849e-001  2.430475e+000 -1.095454e-001  3.525115e+000 -1.022381e+000  1.526089e+000 -7.171318e-001  8.009982e-001  1.073102e+000  7.769277e-002  2.889887e-001 -1.398093e-001 -5.091093e-002  4.387667e-001  3.526314e-001 -3.121327e-002 -1.765260e+000
-2.841670e+000 -1.810628e+001  2.125784e+001 -1.201527e+001 -1.971214e+001 -6.307907e+000  9.573738e-001  7.753221e+000 -3.675996e+000  5.150871e-001  1.347733e+000 -2.949244e+000  6.055366e+001 -6.626315e-001  3.059683e-001  2.959923e+000 -1.599592e+000 -1.206344e+000  7.301321e-001 -1.707978e+000 -8.478022e-001  2.894806e-001  2.148218e+000  2.290027e+000  9.829343e-002  1.814820e+000 -4.993332e-001  1.463223e+000 -8.332626e-001  8.784125e-001  1.099726e+000 -7.589605e-001  1.080431e-001 -8.410290e-001 -5.341619e-001  4.344431e-001 -2.746690e-001  2.155933e-001 -1.492792e+000
-3.506603e+000 -1.825333e+001  2.355424e+001 -1.273580e+001 -2.144253e+001 -7.052663e+000 -1.252201e+000  6.130794e+000 -4.615798e+000  2.388060e+000  3.099371e+000 -2.388399e+000  6.232805e+001 -1.057346e-001  1.515052e+000  1.633693e+000 -2.018222e-001 -7.581961e-001 -1.269451e+000 -1.062149e+000 -2.233121e+000 -1.051255e-001  1.857977e+000  1.653250e+000  3.957358e-001  6.909138e-001  3.388039e-002  8.963034e-001 -5.626265e-001  6.585627e-001  8.020524e-001 -6.654987e-001 -2.597242e-001 -9.560472e-001 -7.410011e-001  9.491260e-002 -4.939865e-001  1.252190e-001 -8.925738e-001
-2.678233e+000 -1.564054e+001  2.491824e+001 -1.281777e+001 -2.187012e+001 -9.092642e+000 -3.941823e+000  1.993724e+000 -5.284853e+000  6.237327e+000  3.703843e+000  9.632552e-001  6.247176e+001 -1.297424e-002  2.001846e+000  1.322621e+000  6.339245e-002  8.112812e-002 -1.224901e+000 -1.838581e+000 -3.557551e+000 -6.639878e-001  1.575428e+000  8.326769e-001  1.090148e+000  2.005230e-001  5.412022e-002  1.741260e-001 -2.358669e-001  3.878867e-001  5.376689e-001  2.569226e-001 -3.201581e-001 -3.503241e-001 -6.126366e-001 -4.863664e-001 -5.565113e-001 -1.472223e-001 -4.948813e-001
-2.877482e+000 -1.189848e+001  2.474296e+001 -1.203029e+001 -2.061215e+001 -1.242518e+001 -1.400687e+000 -3.436768e+000 -4.560628e+000  4.725214e+000  4.828548e+000  6.004618e-001  6.204638e+001 -8.760927e-002  1.618878e+000  1.495755e+000  2.497952e-001  4.852743e-001  2.163114e-001 -2.421869e+000 -3.018674e+000 -1.427298e+000  9.184428e-001  6.892176e-001  2.062221e-002 -1.306061e-001 -1.536273e-001 -2.049161e-001  1.208654e-001  3.180369e-002  4.583337e-001  7.846655e-001 -3.429645e-001  2.443018e-001 -5.878267e-001 -4.434659e-001 -5.788522e-001 -2.380551e-001 -2.268151e-001
-3.221101e+000 -1.127448e+001  2.727659e+001 -1.205105e+001 -1.972169e+001 -9.746151e+000 -8.161287e+000 -5.250754e+000 -7.023520e+000  7.223650e+000  4.646529e+000  1.007068e+000  6.169711e+001 -4.010930e-001  1.124685e+000  1.849558e+000  1.140328e-001  8.602656e-001  1.271864e+000 -2.628909e+000 -2.206646e+000 -2.112616e+000  1.861531e-001 -1.051340e-002 -4.502613e-001 -2.488266e-001 -2.659985e-001 -1.701816e-001  3.834691e-002 -1.864577e-002  2.573894e-001  4.932321e-001  2.788572e-001  5.270293e-001 -2.765355e-001 -3.974787e-001 -5.330167e-001 -2.407587e-001 -7.738964e-002
-3.673215e+000 -1.234197e+001  2.985384e+001 -1.187018e+001 -2.009038e+001 -5.644352e+000 -1.125181e+001 -5.340339e+000 -1.088296e+001  6.487112e+000  6.074116e+000 -2.307194e+000  6.206235e+001 -6.798116e-001  9.290515e-001  1.974552e+000 -6.812391e-002  1.143904e+000  1.405494e+000 -2.381808e+000 -1.687064e+000 -2.319945e+000  3.352849e-001 -8.194160e-001 -2.433507e-002 -2.184872e-001 -2.777042e-001  4.204439e-002 -1.713891e-001 -4.952436e-002  1.731474e-001 -1.186555e-001  8.118159e-001  2.611718e-001  3.187891e-001 -3.568107e-001 -4.332265e-001 -1.232121e-001  6.693077e-003
-4.285832e+000 -9.795364e+000  3.161059e+001 -1.232766e+001 -1.782968e+001 -6.123737e+000 -1.216080e+001 -8.087720e+000 -1.268677e+001  6.287143e+000  3.028492e+000  1.657770e-001  6.121965e+001 -1.046865e+000  1.495851e+000  1.274957e+000  1.291231e-001  1.038760e+000  6.466686e-001 -4.643252e-001 -1.588210e+000 -1.600342e+000 -1.203867e-001 -1.078090e+000 -9.116630e-002 -1.424847e-001 -1.570447e-001  1.017031e-001 -3.951204e-001  8.167418e-002 -3.461151e-002 -3.395864e-001  8.829018e-001  1.501507e-001  7.210492e-001 -3.761750e-001 -6.756604e-002 -3.272789e-001  2.659462e-002
-5.744175e+000 -7.992776e+000  3.244872e+001 -1.223261e+001 -1.583864e+001 -7.208918e+000 -1.130997e+001 -1.045361e+001 -1.332873e+001  6.869892e+000  1.540487e+000  8.994318e-001  6.119268e+001 -1.153244e+000  1.643517e+000  9.261095e-001 -5.371762e-003  1.261764e+000 -6.436853e-002  5.549191e-001 -2.022033e+000 -8.948965e-002 -7.123410e-001 -9.431266e-001 -7.749858e-001 -1.503117e-001  4.036887e-002  3.461504e-003 -4.695368e-001  1.373743e-001 -1.325927e-001 -2.780404e-001  6.255633e-001  1.672061e-001  7.498022e-001 -5.565270e-001  2.092225e-001 -5.074204e-001 -2.083927e-002
-7.419948e+000 -5.969822e+000  3.235394e+001 -1.122422e+001 -1.665376e+001 -5.730525e+000 -1.045383e+001 -1.063517e+001 -1.380234e+001  6.430326e+000  1.522896e+000 -1.052077e+000  6.141953e+001 -9.496002e-001  1.275968e+000  3.981773e-001  4.910277e-001  6.282779e-001  3.088631e-001  3.172367e-001 -1.288408e+000  3.774026e-001 -1.170909e+000 -2.864884e-001 -1.711330e+000 -1.499413e-001  2.115617e-001 -1.333950e-001 -3.363360e-001  7.040135e-002 -7.799650e-002 -1.757850e-001  1.360425e-001  2.121188e-001  4.153438e-001 -3.481212e-001  1.739687e-001 -3.559423e-001 -9.316006e-002
-7.872378e+000 -6.037157e+000  3.411271e+001 -1.244876e+001 -1.436952e+001 -6.162801e+000 -9.330701e+000 -1.417678e+001 -1.077262e+001  2.853815e+000  2.111282e+000 -5.573196e+000  6.121085e+001 -5.265998e-001  1.056301e+000  6.525727e-002  4.377955e-001  6.861814e-001  1.841949e-001  3.552273e-001 -1.000934e+000  4.401937e-001 -1.922089e+000 -1.691043e-001 -1.751355e+000 -3.189552e-001  3.291500e-001 -1.709158e-001 -1.555529e-001  4.118096e-002 -1.075562e-001 -9.679495e-002 -1.290217e-001  3.335032e-001 -2.186271e-001  1.595665e-001 -8.824182e-003  8.102350e-002 -1.797088e-001
-7.969731e+000 -4.393333e+000  3.276948e+001 -9.764451e+000 -1.542285e+001 -5.102480e+000 -1.156425e+001 -1.266817e+001 -1.207781e+001  2.440636e+000  1.310653e+000 -5.154561e+000  6.046085e+001 -3.023791e-001  1.122484e+000  2.370262e-002  2.595462e-001  9.365692e-001 -3.565381e-001  3.157330e-001 -1.038165e+000  2.115351e-001 -1.256119e+000 -5.952570e-001 -1.382693e+000 -5.239632e-001  3.853123e-001 -1.641675e-001  6.335735e-002 -5.077007e-002 -3.033950e-002 -2.565629e-001 -1.215958e-002  1.920353e-002 -3.743063e-001  5.622503e-001 -1.269010e-001  3.235455e-001 -2.724640e-001
-8.102283e+000 -3.499518e+000  3.256723e+001 -1.077352e+001 -1.302318e+001 -6.601966e+000 -8.978623e+000 -1.444178e+001 -1.199003e+001 -7.457088e-001  8.010870e-001 -5.806102e+000  6.007724e+001  1.688952e-001  8.656800e-001  3.355823e-001  3.162738e-001  5.698372e-001 -2.156426e-001 -8.943748e-002 -4.796388e-001 -1.099691e+000  1.280963e-001 -8.328632e-001 -5.341868e-001 -8.618447e-001  3.645944e-001 -1.662993e-001  5.460602e-002  1.670230e-001 -1.789882e-001 -3.044435e-001  6.012336e-002 -8.490602e-002 -3.689405e-001  7.295493e-001  3.821468e-002  2.038899e-001 -3.174090e-001
-8.816892e+000 -1.626219e+000  3.324519e+001 -1.076411e+001 -1.264408e+001 -7.293633e+000 -9.051208e+000 -1.569350e+001 -1.213596e+001  1.949496e+000 -7.982917e-001 -7.849091e+000  5.936652e+001  6.292136e-001  5.504409e-001  5.798016e-001  2.979382e-001  5.347525e-001 -7.740328e-001  4.787712e-001 -1.453038e+000 -7.241864e-001  6.152495e-001 -5.891139e-001 -7.021871e-001 -1.240816e+000  2.832668e-001 -1.503634e-001 -2.863752e-001  4.853606e-001 -1.397995e-001 -5.809786e-001  3.227440e-001 -7.748847e-002 -2.916040e-001  3.213500e-001  2.566041e-001  7.785710e-002 -3.146480e-001
-6.604322e+000 -3.092314e+000  3.555277e+001 -1.036756e+001 -1.290971e+001 -6.145438e+000 -1.103441e+001 -1.506231e+001 -1.624200e+001  3.739867e+000 -9.985616e-001 -6.896866e+000  5.744880e+001  8.305757e-001  5.108259e-001  6.023788e-002  1.253715e+000 -7.851219e-003 -1.129275e+000  5.743250e-001 -1.218028e+000 -9.366481e-001  7.899736e-001  1.889758e-002 -1.072159e+000 -1.547574e+000  1.135100e-001  1.454632e-001 -9.306165e-001  8.241001e-001  4.519143e-002 -9.536675e-001  5.677214e-001  2.439755e-002 -1.753617e-001  2.051614e-002  2.290432e-001  2.246295e-001 -3.611096e-001
-5.572644e+000 -1.844731e+000  3.417572e+001 -8.477740e+000 -1.280583e+001 -9.200909e+000 -8.142505e+000 -1.962309e+001 -1.357276e+001  3.274096e+000 -7.350922e-001 -8.120114e+000  5.557099e+001  7.831148e-001  5.480946e-001 -1.270501e+000  2.217629e+000  5.264159e-001 -2.804615e+000  1.597572e+000 -1.056413e+000 -1.328007e+000  1.969307e-002  2.618833e-001 -7.244219e-001 -1.754339e+000  5.612242e-003  6.699800e-001 -1.633991e+000  1.038519e+000  3.338193e-001 -3.488131e-001  4.214453e-001  6.720976e-001  2.263671e-001 -3.300889e-001 -1.377410e-001  5.923641e-001 -6.416622e-001
-5.571528e+000 -8.361325e-001  3.240316e+001 -5.648128e+000 -1.298157e+001 -1.129470e+001 -6.561350e+000 -1.856712e+001 -1.595487e+001  2.541859e+000  8.639751e-001 -1.103138e+001  5.423713e+001  6.594945e-001  1.594169e+000 -3.392349e+000  3.476929e+000  7.999626e-001 -3.968689e+000  2.189769e+000 -5.559635e-001 -1.674590e+000  5.284553e-001 -1.131455e-001  6.000780e-001 -2.410632e+000 -1.477790e-001  9.106703e-001 -1.856231e+000  5.473043e-001  8.422446e-001  8.325658e-001  5.980043e-002  8.880128e-001  9.413725e-001 -6.268108e-001 -5.909805e-001  7.276329e-001 -9.291109e-001
-5.417715e+000 -1.383696e-002  2.846749e+001 -2.035681e+000 -9.976075e+000 -1.874207e+001 -3.299880e+000 -1.922316e+001 -1.891956e+001  2.646965e+000 -4.201435e-001 -9.403941e+000  5.220066e+001  7.428154e-001  3.358670e+000 -5.863858e+000  4.378925e+000  1.799942e+000 -1.098392e+000  1.778275e+000  1.576418e+000  7.766197e-001 -9.044356e-001 -1.211797e+000  1.423515e+000 -4.017599e+000 -5.353684e-001  4.162077e-001 -1.355964e+000 -1.653689e-001  1.022709e+000  2.128259e+000 -4.730133e-001  8.647491e-001  1.424039e+000 -6.980329e-001 -3.917358e-001  5.763640e-001 -9.113944e-001
-3.384314e+000  3.963085e+000  2.144514e+001  3.796060e+000 -1.032478e+001 -2.121830e+001 -2.506879e+000 -1.804210e+001 -2.194155e+001  6.695709e+000 -1.721764e+000 -3.254562e+000  4.708080e+001  1.118306e-001  3.658890e+000 -6.924240e+000  2.909588e+000  3.566608e+000  2.180443e+000  7.829754e-001  1.905621e+000  2.717901e+000 -1.882016e+000 -2.199165e+000  1.492037e+000 -5.061498e+000 -9.793385e-001 -6.809304e-001 -2.779816e-001 -9.802260e-001  8.791434e-001  2.278043e+000 -6.269743e-001  5.573554e-001  1.297847e+000 -4.740210e-001  2.886166e-001  2.216846e-003 -2.987311e-001
-2.952174e+000  1.254901e+001  1.033544e+001  8.694791e+000 -5.134511e+000 -9.731071e+000 -1.278364e+000 -1.200352e+001 -6.696322e+000 -3.325007e+000 -5.501210e+000 -4.890949e+000  3.906116e+001 -1.619896e+000  1.596773e+000 -6.284376e+000  1.674454e+000  4.256639e+000  4.762113e+000 -6.409769e-002  2.036541e+000  3.595942e+000 -2.265236e+000 -6.537860e-001  1.711419e+000 -4.985877e+000 -1.156072e+000 -1.643232e+000  9.296215e-001 -1.451981e+000 -5.413635e-002  6.823051e-001 -2.798986e-001  1.615274e-001  1.592270e-001  1.735325e-001  7.785018e-001 -1.277165e-001  6.425135e-001
-6.245145e+000  1.117689e+001  6.847981e+000  3.534577e+000  2.430691e+000 -4.897993e+000 -3.657232e+000 -1.264883e+001 -8.476984e+000 -3.882236e+000 -7.591316e+000 -5.827694e+000  3.549939e+001 -3.055843e+000 -9.295346e-001 -4.571998e+000 -7.196565e-002  3.967331e+000  4.491274e+000 -2.391609e-002  2.000752e+000  3.404983e+000 -1.161250e+000  1.050932e+000  4.672104e-001 -3.420148e+000 -7.941896e-001 -1.587935e+000  1.664734e+000 -1.182092e+000 -1.031997e+000 -6.976547e-001  3.369391e-001  1.228583e-001 -4.431456e-001  5.157145e-001  6.752536e-001 -2.436457e-001  1.252407e+000
-1.208678e+001  4.363122e+000  4.344189e+000  6.467332e+000  4.929389e+000 -3.091662e+000 -3.045192e+000 -1.173709e+001 -7.672132e+000 -3.390240e+000 -7.542971e-001  4.397192e-001  3.306198e+001 -3.453707e+000 -2.563280e+000 -2.391872e+000 -1.390202e+000  1.328899e+000  1.157718e+000  7.822278e-001  2.336489e+000  1.229213e+000 -3.971562e-001  1.055663e+000  1.297346e+000 -1.625706e+000  1.517603e-002 -6.184397e-001  1.661228e+000 -7.975441e-001 -1.220027e+000 -1.252953e+000  7.144995e-001  2.119995e-001 -4.404645e-001  5.215280e-001 -1.272850e-001 -5.351398e-001  1.324200e+000
-1.409623e+001  3.408355e+000  1.580773e+000  4.549961e+000  4.479927e+000 -2.081633e+000 -1.743045e+000 -8.171551e+000 -4.428726e+000  9.220768e-001  1.159440e+000 -3.583844e+000  3.297965e+001 -2.942212e+000 -2.200758e+000 -5.468243e-001 -1.468544e+000 -1.295081e-001  4.943663e-001  2.044508e+000  2.369938e+000  1.685537e+000 -2.374832e-001  3.223786e-001  4.808449e-001 -4.795494e-001  5.529526e-001  1.564289e-001  1.126508e+000 -2.264098e-001 -6.453264e-001 -7.435819e-001  5.004551e-001 -4.991698e-002 -3.775751e-001  3.487791e-001 -4.236647e-001 -1.400431e-001  9.122404e-001
-1.629517e+001  3.616879e+000  1.009684e+000  1.236090e+000  4.853683e-001 -5.350659e+000  1.675682e+000 -2.559715e+000 -2.574384e+000 -7.712945e+000 -4.598271e+000  4.738549e-001  3.219250e+001 -1.600831e+000 -8.598140e-001  9.177280e-003 -1.614977e+000  2.049236e-001  4.958023e-001  2.474188e+000  2.911945e+000  2.253342e+000 -1.194790e-001 -9.259343e-001 -9.710975e-001  1.648243e-001  6.123233e-001  3.827685e-001  6.272908e-001  1.843288e-001  2.185516e-001 -1.496512e-001 -2.691996e-003 -3.664199e-001 -1.422019e-002  7.076255e-001 -1.042993e-001 -3.323062e-001  5.344148e-001
-1.885201e+001  5.462236e-001  5.781113e+000 -1.192520e+000  4.005161e+000 -1.296663e+000  4.204872e+000 -5.387828e+000 -2.598172e+000 -2.908300e+000 -4.057436e+000 -3.440538e+000  3.353638e+001 -1.217517e+000 -9.991227e-001 -1.399800e-001 -1.091627e+000  1.302687e+000  1.104322e+000  1.632379e+000  1.463439e+000  1.005043e+000  4.438070e-001 -7.659256e-002  9.012164e-001  2.457890e-001  4.571123e-001  2.177899e-001  9.657028e-002  3.566695e-001  4.367890e-001 -4.762778e-001 -6.811392e-001 -4.438176e-001 -2.131315e-001  5.814099e-001 -5.496124e-002 -4.105037e-002  2.478207e-001
-1.771304e+001  1.495118e+000  2.289906e+000  1.263688e+000  6.191391e+000 -1.005136e+000  6.351790e+000  1.430778e+000  2.679301e+000 -2.072447e+000 -2.775531e+000 -4.487422e+000  3.360774e+001 -1.254437e+000 -1.250255e+000  5.411603e-001 -6.570162e-001  1.705560e+000  1.044840e-001  9.748323e-001  9.576392e-001  1.498360e+000  2.800326e+000  7.336524e-001 -5.743709e-001  6.836987e-001  1.472781e-001  9.074714e-002  1.257156e-002  2.516817e-001  6.996230e-002 -8.202925e-001 -1.140612e+000 -8.416960e-001 -4.376781e-001  4.116622e-001 -6.322081e-002  1.968386e-001  7.101379e-002
-1.947488e+001 -5.263786e-001  2.407618e-001 -9.219735e-001  8.140348e+000  1.267217e+000  4.080796e+000 -2.849602e+000 -2.030352e+000  3.208634e-001 -1.348934e-001  3.402876e+000  3.350098e+001 -8.298473e-001 -9.165882e-001 -3.299644e-001 -1.641769e-001  1.304119e+000 -1.691363e+000 -6.115101e-001  1.128003e+000  9.973711e-001  1.209664e+000 -7.822209e-001  7.722974e-002  5.001171e-001  1.314487e-001  3.609666e-001 -6.856227e-003  2.738605e-002 -3.489630e-001 -7.182853e-001 -9.949253e-001 -6.953907e-001 -2.920588e-001 -5.200671e-002 -1.554791e-001 -8.082282e-002 -4.420559e-002
-2.225592e+001 -2.098095e+000  6.485661e+000 -2.184264e+000  6.945576e+000 -6.110179e+000  6.611882e+000  9.593680e-001  4.633504e+000  4.674106e+000 -2.891281e+000 -5.819706e+000  3.562869e+001 -1.058275e+000 -4.473455e-001  1.670273e-001 -8.202938e-001  5.540192e-001 -2.207818e+000 -2.106930e+000 -1.128817e+000  6.878744e-002  1.555904e+000 -8.892242e-001  4.250889e-001  3.927292e-001  1.904164e-001  5.909383e-001 -1.714481e-001 -1.745740e-001 -4.416241e-001  2.420942e-001 -3.973923e-001 -6.578344e-001 -3.705753e-001 -6.022267e-001  1.335762e-001  3.912208e-001 -2.176755e-001
-2.072981e+001 -2.240111e+000  2.033413e+000 -2.894284e-001  1.014866e+001 -7.200958e+000  1.017276e+000  4.878924e-001  1.411582e+000 -2.332590e-001 -7.910666e+000 -2.388247e+000  3.502649e+001 -6.583549e-001  4.042555e-001  1.280536e-002 -8.730580e-001  1.336420e-001 -1.330953e+000 -1.801366e+000 -9.702863e-001  2.595350e-001  8.059848e-001 -4.254954e-002 -2.627513e-003  1.702457e-001  3.140577e-001  4.287791e-001  2.222427e-002 -1.281800e-001 -2.856379e-001  9.925035e-001  8.210061e-001 -1.137180e-001  2.259690e-002 -3.066330e-001  6.756234e-001  2.680610e-001  1.199005e-002
