30 39
-6.208064e+000  1.965023e+000 -8.037475e+000 -2.029723e+001 -5.188928e+000 -1.737593e+000 -3.270418e+000  5.056329e+000  1.051511e+001  2.361718e+001  2.071916e+001 -1.055477e+001  3.835411e+001 -2.177931e+000 -1.398929e+000  5.149945e-001  1.751338e+000  6.671296e-001 -7.262990e-001  1.256847e+000  2.471572e-001  3.775651e+000 -1.638692e+000 -2.279413e+000  2.510417e-001  1.898586e-001  1.193272e+000 -8.468197e-001  1.634836e+000 -3.516931e-001  1.258022e+000  5.278588e-002  7.626490e-002 -1.623407e+000 -2.869482e+000 -1.429935e+000 -1.984211e+000 -1.772414e-001  3.376973e+000
-9.116470e+000  9.704174e-001 -9.115927e+000 -1.162678e+001 -1.093429e+001 -1.167838e-001  5.449974e+000  4.905417e+000  1.459909e+001  1.791463e+001  9.635807e+000 -7.229689e+000  3.403317e+001  7.985858e-001 -3.252963e+000  2.141643e+000  1.155740e+000  2.813172e+000 -1.465829e+000  6.755099e-001 -1.770493e+000 -1.013979e+000 -2.985454e+000 -5.288308e+000 -1.960627e+000  6.490233e+000  1.714816e+000 -5.945431e-001  1.084852e+000 -1.017661e+000  1.248874e+000  1.366538e-001 -8.053009e-001 -9.580238e-001 -3.213202e+000 -8.261409e-001 -1.264180e-001 -1.112068e+000  3.093633e+000
-4.289667e+000 -6.983205e+000 -2.650261e+000 -2.088598e+001  6.059786e+000 -2.307517e+000  3.282644e+000 -3.699898e+000 -7.596711e+000  9.837302e+000  4.658233e+000 -8.220977e+000  6.115871e+001  2.406729e+000 -2.501248e+000  2.418989e+000 -8.332765e-001  3.555831e+000 -2.054308e-001 -3.248540e-001 -1.963073e+000 -5.145029e+000 -3.188807e+000 -2.090372e+000 -2.615809e+000  7.459378e+000  1.003654e+000  1.983821e-001  7.490655e-002 -7.370062e-001 -4.729604e-001  5.976784e-001 -1.209282e+000  4.434274e-001 -1.018358e+000  3.186464e-001  1.530262e+000 -9.070335e-001  3.597440e-001
 1.300003e-002 -8.646779e+000 -5.887092e-001 -2.306232e+001  4.168668e+000 -5.160871e+000 -5.531063e-001 -2.357203e+000 -6.750422e+000  1.392297e+001  8.138155e+000 -1.830990e+001  6.544369e+001  2.950553e+000 -2.211955e+000  2.194577e+000 -2.179026e+000  2.313037e+000  1.299184e-001 -2.938207e+000 -3.920025e-001 -3.883580e+000 -2.284295e+000  1.586540e+000 -4.447150e+000  6.762465e+000 -1.055130e-001  5.981996e-001 -4.672915e-001 -2.035690e-001 -1.415848e+000  7.685505e-001 -8.526337e-001  1.062211e+000  6.121163e-001  7.603101e-001  1.713474e+000  1.388186e-001 -1.433323e+000
 1.260844e+000 -5.732621e+000 -2.061361e-001 -1.874584e+001  5.038749e+000 -2.427037e-001 -1.893148e+000 -1.127724e+000 -4.535276e+000  9.668980e+000  1.101612e+001 -1.809371e+001  5.994574e+001  1.764355e+000 -9.275224e-001  8.630602e-001 -2.663099e-001 -1.447605e+000  1.464219e+000 -2.982706e+000  1.775049e+000  1.186609e-001 -3.960393e-001  1.934473e+000 -3.040864e+000  1.852463e+000 -6.585402e-001  3.444661e-001 -5.318890e-001  2.250847e-001 -1.491638e+000  2.615331e-001 -1.445048e-001  7.878672e-001  1.142047e+000  9.517815e-001  4.929549e-001  7.531964e-001 -1.417023e+000
 2.861039e+000 -1.071465e+001  6.348977e-001 -2.359198e+001  1.141415e+000 -4.995981e-001 -6.653163e+000  1.659318e+000 -6.349524e+000  6.577311e+000  1.438956e+001 -2.452907e+001  6.845198e+001  5.922074e-001 -1.048828e+000  5.831503e-001 -1.455879e-001 -1.764348e+000  1.542099e+000 -2.258733e+000  1.671499e+000 -5.852426e-001 -5.802869e-001  1.266639e+000 -1.054007e+000  2.127078e+000 -7.889735e-001  3.580893e-001 -4.807083e-001  4.596624e-001 -7.863234e-001 -6.501934e-002  7.212281e-001 -1.709428e-002  5.901351e-001  7.101058e-001 -3.435881e-001  1.237044e+000 -1.012972e+000
 3.108088e+000 -1.058688e+001  1.053237e+000 -2.195270e+001  3.353883e-001  2.682942e+000 -8.580856e+000  3.167086e+000 -7.203855e+000  1.152993e+001  1.120490e+001 -2.031571e+001  6.891688e+001  2.932002e-001 -1.360482e+000  5.652579e-001 -7.245722e-001 -1.863668e+000  3.961445e-001 -1.387115e+000  9.445125e-001 -1.083962e+000  7.180964e-001  5.343534e-001 -5.463989e-001  2.691956e+000 -5.491887e-001  3.091506e-001 -3.146837e-001  9.568705e-002  1.192227e-001 -4.173721e-001  9.042371e-001 -7.015852e-001  1.004363e-001  6.603830e-002 -1.541948e-001  8.174398e-001 -2.176315e-001
 2.050414e+000 -1.146379e+001  1.697356e+000 -2.218683e+001 -2.301393e+000  1.086799e+000 -8.502914e+000  3.852887e+000 -8.342345e+000  1.009105e+001  1.437696e+001 -2.246894e+001  7.159351e+001 -2.587370e-001 -2.050292e-001 -6.006280e-002  3.484167e-001 -1.410549e+000  3.388590e-001 -1.298617e-001 -6.220574e-002 -3.315932e-001  7.091660e-001  5.686596e-001  4.908354e-001  1.277856e+000 -3.072369e-001  5.029944e-001 -3.697584e-001  9.929010e-002  3.745399e-001 -2.255653e-001  6.558797e-001 -7.587481e-001  4.324814e-001 -1.572019e-001  8.903910e-002  4.684190e-001 -4.439153e-001
 3.132157e+000 -1.216046e+001  2.088924e+000 -2.307128e+001 -2.558185e+000  9.448206e-001 -7.903847e+000  2.498054e+000 -8.958675e+000  1.150259e+001  1.369419e+001 -2.185578e+001  7.183475e+001 -5.561163e-001  1.963310e-001 -3.887519e-001 -3.487701e-002 -1.028391e+000 -2.102175e-002  4.740443e-001 -8.660247e-001  4.940179e-001 -7.105743e-001  1.512489e+000  2.739132e-001  1.188916e+000 -2.220006e-001  5.617826e-001 -3.591968e-001  2.027290e-001  4.757056e-001  5.680972e-002  2.689768e-001 -4.796540e-001  3.157190e-001 -3.426959e-001  1.350407e-001  3.753348e-001 -5.010931e-001
 1.555320e+000 -1.095301e+001 -1.832600e-001 -2.129061e+001 -4.464542e+000  2.063757e+000 -7.640976e+000  1.682805e+000 -7.130079e+000  1.013681e+001  1.598821e+001 -2.130486e+001  7.338232e+001 -5.193191e-001  6.877376e-001 -7.886370e-001  6.015015e-003 -3.092870e-001  6.228554e-001  9.008656e-002 -1.216973e+000  7.881747e-001 -6.519608e-001  1.222766e+000  8.779320e-001  6.590210e-001 -1.137607e-002  2.790613e-001 -1.156916e-001  6.796848e-002  4.732395e-001 -1.384760e-002 -4.325049e-002 -1.633839e-001 -2.070791e-001 -4.218734e-002 -1.712145e-001  2.074462e-001 -2.991747e-001
 5.750543e-001 -9.860617e+000  4.978544e-002 -2.257519e+001 -3.724992e+000  2.089354e+000 -6.641604e+000 -7.799689e-002 -5.339899e+000  7.954183e+000  1.796172e+001 -1.952818e+001  7.396705e+001 -6.865119e-001  1.002048e+000 -8.664389e-001  4.602737e-001 -3.577027e-002  5.381950e-001 -1.522049e-001 -8.763738e-001 -6.525068e-002 -3.148197e-001  8.825033e-001  1.136727e+000  4.959076e-001  1.365711e-001  7.302378e-002  6.204541e-002  2.459785e-001  2.792076e-001 -1.627905e-001 -2.257859e-002  2.377081e-002 -6.210754e-001  3.022189e-001 -5.462688e-001  1.517736e-001 -2.904024e-001
 7.323706e-001 -9.175023e+000 -1.226259e+000 -2.240480e+001 -3.264424e+000  3.628809e+000 -8.683603e+000 -9.439518e-001 -6.210860e+000  8.605453e+000  1.835703e+001 -1.924307e+001  7.382246e+001 -2.504196e-001  7.874191e-001 -3.996774e-001  4.406838e-001  4.593383e-001 -9.987402e-003 -3.298955e-002 -8.739507e-001 -1.087354e+000  3.003521e-001  2.757988e-002  1.096660e+000  1.284874e-001  2.038828e-001 -1.072158e-001  2.382938e-001  2.356257e-001 -1.709636e-002 -4.036074e-001  2.697864e-001 -1.523105e-002 -6.073084e-001  1.380332e-001 -5.783949e-001  7.862046e-002 -2.104011e-001
 1.110722e-001 -8.039212e+000 -1.721770e+000 -2.021281e+001 -3.337095e+000  2.853270e+000 -8.143559e+000 -5.704364e-001 -9.744538e+000  1.069417e+001  1.692230e+001 -1.720304e+001  7.409422e+001 -7.710529e-003  5.116092e-001 -2.730047e-001  9.776812e-001 -1.666565e-002 -5.185529e-001  4.226893e-001 -9.186817e-001 -1.673594e+000  3.243636e-001 -6.212620e-001  9.234173e-001  2.170563e-003  2.431063e-001 -1.637076e-001  2.824096e-001  1.912436e-002 -2.087452e-001 -2.608613e-001  3.273548e-001 -1.058590e-001 -2.944836e-001 -1.456050e-001 -4.347129e-001  1.847031e-001 -1.927025e-001
 5.352131e-001 -7.926614e+000 -1.295869e+000 -2.026838e+001 -2.361799e+000  1.631863e+000 -7.054947e+000 -2.440728e+000 -1.036453e+001  1.026858e+001  1.664582e+001 -1.698414e+001  7.396117e+001  1.606942e-001  3.968779e-001  1.061148e-001  9.254400e-001 -4.043211e-001 -8.668076e-001  1.151572e+000 -1.271974e+000 -1.444196e+000 -2.813863e-001 -9.173256e-001  1.377689e+000 -1.461159e-001  1.648918e-001 -2.728381e-002  1.880328e-001 -1.636016e-001 -3.448221e-001  7.585026e-002  1.598264e-001 -1.355207e-002 -1.156292e-001 -3.169250e-001 -1.459520e-001  4.001620e-001 -1.758804e-001
 6.350805e-001 -7.926775e+000 -1.280433e+000 -1.875500e+001 -4.259633e+000  4.950625e-001 -5.342485e+000 -3.923017e+000 -1.163104e+001  8.744438e+000  1.571101e+001 -1.604056e+001  7.390855e+001  3.234629e-001  3.787805e-001  2.927129e-001  3.135174e-001 -6.476668e-001 -3.377016e-001  8.922886e-001 -1.206657e+000 -1.359248e+000 -7.519754e-001 -8.186086e-001  1.919728e+000 -3.303032e-001  1.545990e-001  1.352767e-001  1.962187e-001 -4.510915e-001 -1.910041e-001  3.241356e-001 -9.137227e-002  1.283500e-001 -1.511087e-002 -2.837779e-001  8.854049e-002  4.242527e-001 -2.327032e-001
 1.273837e+000 -7.246852e+000 -9.163540e-001 -1.850651e+001 -4.824761e+000  4.738747e-001 -4.326282e+000 -5.627532e+000 -1.248859e+001  8.173388e+000  1.437605e+001 -1.293586e+001  7.318472e+001  4.084529e-001  7.174144e-001  2.576280e-001 -4.524231e-002 -9.492714e-001  2.788383e-001  5.313429e-001 -7.977233e-001 -1.822673e+000 -7.461036e-001 -6.035067e-001  2.599314e+000 -5.846779e-001  1.754518e-001  2.192882e-001  2.376179e-001 -5.252014e-001 -7.855339e-002  2.778620e-001 -2.757074e-001  3.559152e-001  4.348451e-002 -2.189208e-001  1.278202e-001  3.708029e-002 -2.942894e-001
 1.359074e+000 -6.485191e+000 -4.479635e-001 -1.952616e+001 -5.343948e+000  1.743755e+000 -5.046448e+000 -5.010321e+000 -1.547875e+001  7.981889e+000  1.396414e+001 -9.628535e+000  7.283093e+001  6.414050e-001  1.027724e+000  6.323320e-001 -7.924353e-001 -6.992109e-001  5.293023e-001  2.759424e-001 -5.140570e-001 -1.559910e+000 -8.621672e-001 -3.354689e-001  2.433868e+000 -9.420646e-001  2.080265e-001  1.899400e-001  3.398293e-001 -4.332201e-001 -3.024728e-002 -2.621085e-002 -1.794754e-001  4.513091e-001  2.326239e-001 -2.650050e-001 -1.634381e-002 -4.825269e-001 -3.386352e-001
 2.215480e+000 -5.060334e+000 -4.239638e-001 -2.010901e+001 -6.565999e+000  2.401707e+000 -4.546251e+000 -5.885693e+000 -1.755404e+001  6.919335e+000  1.450172e+001 -7.193579e+000  7.157659e+001  8.789821e-001  1.168847e+000  1.124395e+000 -1.147591e+000 -7.713160e-001  8.900024e-002  8.120780e-002  1.613016e-001 -1.126442e+000 -1.320895e+000 -5.197943e-001  1.306020e+000 -1.311682e+000  2.227257e-001  2.242289e-002  4.340294e-001 -3.468655e-001  1.177530e-002 -3.018048e-001 -8.282917e-002  5.315899e-001  3.706146e-001 -2.656895e-001 -2.604418e-001 -8.700226e-001 -3.263422e-001
 3.371284e+000 -3.881413e+000  1.635032e+000 -2.191592e+001 -6.885068e+000  2.177658e+000 -3.852789e+000 -6.364222e+000 -1.689786e+001  5.060628e+000  1.397083e+001 -6.742363e+000  7.000229e+001  1.128331e+000  1.102764e+000  1.558476e+000 -1.301409e+000 -8.878809e-001 -3.738368e-001  2.199792e-001  5.703756e-001 -5.442442e-001 -1.789605e+000 -9.421838e-001  1.537404e-001 -1.659977e+000  1.682427e-001 -1.763870e-001  3.490443e-001 -1.826530e-001  2.522942e-002 -3.299651e-001 -3.585896e-002  5.180934e-001  2.053557e-001 -3.439741e-002 -4.818133e-001 -7.376974e-001 -2.396028e-001
 4.662643e+000 -2.704505e+000  3.664122e+000 -2.304958e+001 -7.910781e+000  7.019247e-001 -4.517072e+000 -4.144074e+000 -1.741124e+001  3.029546e+000  1.177373e+001 -7.848848e+000  6.804063e+001  1.278618e+000  7.920089e-001  1.964703e+000 -1.525083e+000 -7.960600e-001 -7.786162e-001  1.451786e-001  1.318010e+000 -4.774330e-001 -1.610832e+000 -1.602358e+000 -6.107347e-001 -1.857433e+000  1.178106e-001 -2.305945e-001  7.977810e-002 -1.136353e-002  7.559180e-002 -1.734067e-001  1.191459e-002  2.183191e-001  5.538733e-002  3.856230e-001 -5.620023e-001 -2.149742e-001 -1.631235e-001
 5.777148e+000 -2.149285e+000  5.300375e+000 -2.456292e+001 -9.110962e+000  7.244624e-001 -3.961141e+000 -3.029253e+000 -1.827137e+001  9.787591e-001  1.061722e+001 -8.532199e+000  6.629903e+001  1.282800e+000  3.342082e-001  1.957399e+000 -1.516954e+000 -5.606918e-001 -6.867148e-001  6.466217e-002  1.498056e+000 -8.576359e-001 -8.891855e-001 -2.203253e+000 -2.962415e-001 -1.867203e+000  2.399738e-002  1.075532e-001 -3.962421e-001  3.374255e-001  2.188317e-001  1.329545e-002  1.030861e-001 -1.482003e-001  9.300005e-002  6.805834e-001 -5.922423e-001  3.906609e-001 -2.634822e-001
 7.405640e+000 -1.966353e+000  7.566879e+000 -2.641092e+001 -9.433352e+000 -7.647761e-001 -3.766181e+000 -9.631296e-001 -1.925445e+001  9.061088e-001  8.166738e+000 -9.352335e+000  6.414106e+001  1.390801e+000  4.001526e-001  1.323824e+000 -1.096636e+000 -5.569515e-001 -6.215945e-001  2.184393e-001  7.890565e-001 -6.928095e-001  1.570108e-001 -2.699271e+000  4.561403e-001 -2.023686e+000 -1.315896e-001  5.282215e-001 -1.070341e+000  9.003154e-001  5.084651e-001  2.292793e-001  3.065593e-001 -6.430610e-001  2.275912e-001  6.243816e-001 -2.412371e-001  8.197079e-001 -5.052882e-001
 8.413787e+000 -2.579448e+000  9.470649e+000 -2.782002e+001 -8.927242e+000 -5.225661e-001 -3.904923e+000 -4.644127e-001 -2.026443e+001  1.676419e+000  4.758060e+000 -7.471828e+000  6.261606e+001  1.192227e+000  1.836458e+000 -1.022945e-001  1.714951e-001  8.672342e-002 -3.858704e-001  6.987792e-001  9.385042e-002  2.844429e-002  7.293904e-001 -3.354939e+000  1.573608e+000 -2.894261e+000 -2.782680e-001  6.994618e-001 -1.502939e+000  1.104942e+000  7.560493e-001  2.729950e-001  4.943197e-001 -9.412026e-001  1.882614e-001  4.726110e-001  3.965958e-001  7.504103e-001 -5.443979e-001
 1.029833e+001 -4.886611e-001  8.198103e+000 -2.690421e+001 -1.078740e+001 -1.782534e+000 -3.452985e+000 -1.481211e+000 -1.987876e+001  3.465770e+000  1.206956e+000 -6.098332e+000  5.976369e+001  6.659571e-001  2.681992e+000 -2.357157e+000  2.132269e+000  1.422558e+000  2.173579e-001  1.360916e+000 -1.195192e+000  2.174831e-001  7.017878e-001 -2.232701e+000  2.552881e+000 -3.870345e+000 -7.324308e-001  2.633814e-001 -1.606443e+000  8.580505e-001  4.718015e-001  2.794149e-001  5.711099e-001 -8.329557e-001  5.093240e-001  5.163121e-001  2.081874e+000  1.204087e+000 -5.570523e-001
 1.029194e+001  6.294160e+000  4.473290e+000 -2.345880e+001 -8.000321e+000 -6.960109e-001 -6.238434e-001 -2.300960e+000 -1.781699e+001  3.345881e+000 -2.677587e+000 -2.291162e+000  5.401641e+001  2.538821e-001  2.690598e+000 -3.716807e+000  2.393305e+000  2.229800e+000  2.587838e-001  1.965022e+000 -2.215832e+000 -3.714750e-001  1.201481e+000 -4.535593e-001  2.407440e+000 -3.665864e+000 -1.209518e+000 -5.162657e-001 -9.741104e-001  3.412849e-001 -2.796534e-001  1.553424e-001  1.515763e-001 -3.190899e-001  1.040171e+000  6.059722e-001  3.355509e+000  1.322116e+000 -3.301332e-001
 9.796350e+000  7.006801e+000 -1.720226e+000 -1.793019e+001 -2.784023e+000  4.087359e-001  1.397860e+000 -6.020818e+000 -1.939076e+001  3.580317e+000  7.210577e-001  8.217353e-001  4.908916e+001 -1.802181e+000  1.289990e+000 -4.901133e+000  2.082712e+000  7.305178e-001  4.531529e-001  2.440867e+000 -2.220881e+000  2.053770e+000  2.502526e+000  6.259409e+000  6.059660e+000 -4.423146e+000 -1.425419e+000 -9.370300e-001  1.834035e-001  9.736860e-003 -7.993957e-001 -2.380585e-001 -7.533666e-001  5.066890e-001  1.820661e+000  7.858671e-001  2.587018e+000  5.783462e-001 -8.278670e-002
 9.934186e+000  7.125810e+000 -4.154220e+000 -2.034051e+001 -1.779931e+000 -3.242815e-001  3.494766e+000 -9.273771e+000 -2.236581e+001  7.626549e+000  2.733213e+000  1.105337e+000  4.962400e+001 -3.621296e+000 -4.886951e-002 -3.700858e+000  1.902698e+000 -9.655234e-001  2.729441e-001  9.166853e-001 -9.887546e-001  4.311155e+000  2.858882e+000  9.176550e+000  6.430798e+000 -4.268527e+000 -1.230195e+000 -8.084121e-001  1.230866e+000  3.024585e-001 -6.190256e-001 -5.362097e-001 -1.369120e+000  1.395097e+000  2.423229e+000  2.166052e-001  1.473018e-001 -8.709186e-001  3.966732e-002
 1.466298e+000  5.545463e+000 -1.199381e+001 -1.804980e+001 -1.024500e+001  2.973661e-001  6.692047e+000 -9.099209e+000 -7.335498e+000  1.383807e+001  2.979860e+001  2.250172e+001  3.984416e+001 -4.523548e+000 -6.334250e-001 -1.448114e+000  2.426257e+000 -9.767589e-001 -9.800147e-001 -1.881748e+000  7.247139e-001  6.979475e+000  3.802423e+000  5.887336e+000  3.432933e+000 -3.982947e+000 -3.937995e-001 -4.568825e-001  2.180141e+000  5.219198e-001  3.912176e-001 -5.213187e-001 -1.344441e+000  1.772565e+000  1.022285e+000 -7.237225e-001 -3.261295e+000 -3.165717e+000  6.118124e-001
-3.649514e+000  6.780481e+000 -8.894210e+000 -1.388550e+001 -9.097447e+000  7.243942e-001  1.312490e+000 -5.705537e+000 -2.288847e+000  1.251142e+001  2.866639e+001  1.902283e+001  3.729628e+001 -4.536407e+000 -3.897551e-001  7.110150e-001  3.733825e+000 -1.169007e-002 -1.705681e+000 -2.719270e+000  3.286853e+000  9.281818e+000  1.634558e+000  4.689860e-001 -6.337894e-001 -3.687627e+000  1.461796e-001 -3.322873e-001  2.218461e+000  1.385310e-001  8.190316e-001 -4.542014e-002 -8.717625e-002  1.197388e+000 -1.072211e+000 -1.328777e+000 -3.696419e+000 -3.644516e+000  9.052247e-001
-6.029540e+000  4.012341e+000 -6.590799e+000 -9.026402e+000 -4.009059e+000 -5.015676e+000 -6.919742e+000 -4.181365e+000  5.468137e+000  2.014999e+001  1.719115e+001  9.027649e+000  3.533829e+001 -3.313622e+000 -8.239800e-001  3.793635e+000  3.776748e+000  2.209689e+000 -1.164128e+000 -2.463360e+000  4.504141e+000  4.679866e+000 -5.039245e-001 -5.693285e+000 -6.236630e+000 -1.654535e+000  4.677150e-001 -1.893342e-001  1.216513e+000 -2.879634e-001  4.415283e-001  5.495000e-001  1.193671e+000  1.864720e-001 -2.569867e+000 -1.489182e+000 -1.942437e+000 -2.036735e+000  8.739719e-001
