58 39
-1.062540e+001 -2.735762e+000  8.570689e+000  1.443963e+001 -6.171696e+000 -1.291998e+001  4.028121e+000  7.641560e-001 -6.016504e+000 -1.576464e+001 -7.168459e+000 -3.234523e+000  5.177286e+001 -5.710063e+000 -2.007763e+000 -1.831228e+000  2.729911e+000  4.973350e-001  6.147717e+000  2.628186e+000  5.496740e+000  3.078326e+000 -4.324283e-002  3.471085e+000 -1.344532e+000 -8.874553e-001 -2.345015e-001 -1.035605e+000 -3.327440e-001 -2.565249e+000  2.991733e-002 -4.448475e-001 -5.249299e-001 -6.919894e-001 -1.516581e-001  2.571208e+000  4.513374e-001  4.543444e-001  2.620361e-001
-1.641905e+001 -7.599143e+000  5.606436e+000  4.379967e+000 -8.916045e+000 -8.392531e+000 -2.108224e+000  1.222814e+001  2.035098e-001 -1.285399e+001 -7.292287e+000 -3.942413e+000  5.213890e+001 -5.052737e+000 -3.392760e+000 -2.329322e+000 -1.137090e+000  7.048998e-001  3.991540e+000  8.089578e-001  2.487398e+000  1.955673e+000  3.328163e+000  2.523780e+000  1.742088e-002 -7.481594e-001  7.559592e-001  2.774111e-001 -1.967574e-001 -1.705759e+000  1.334143e-001 -1.051915e+000 -5.992336e-001 -2.060341e+000 -7.856727e-001  1.719000e+000  3.580720e-002  5.868410e-001 -5.066208e-002
-2.035849e+001 -8.410536e+000  1.853808e+000  4.970302e+000 -9.026407e+000 -6.622365e+000  3.973301e+000  1.376104e+001  6.296811e+000 -4.830501e+000  2.565563e+000 -6.599571e-001  5.102205e+001 -3.328789e+000 -7.217167e-001 -3.715250e+000 -2.668360e+000 -1.864848e-001  1.494055e+000 -5.729977e-001  3.868050e-001  1.492669e+000  4.371263e+000  2.133929e+000  5.948611e-001 -1.198503e+000  1.275529e+000  1.139144e+000  3.459931e-001 -5.978659e-001  1.134352e-001 -1.034980e+000 -7.870840e-001 -2.318815e+000 -1.150527e+000 -1.114309e-001 -6.120133e-001  2.442694e-001 -1.727829e-001
-2.284439e+001 -9.147241e+000 -2.062206e+000  1.502458e+000 -8.933414e+000 -1.057200e+001 -2.551212e+000  7.536461e+000  1.111905e+000 -2.609036e+000 -8.055180e-001  1.599852e+000  4.849221e+001 -2.017410e+000  1.007397e+000 -1.977575e+000 -3.898049e-001  1.304102e+000  2.183132e+000  6.116920e-001 -3.071666e+000 -6.606325e-001  2.561389e+000  2.217072e+000  3.414844e-001 -1.612832e+000  1.236243e+000  1.164799e+000  9.927412e-001  3.601620e-001 -9.612644e-002 -4.340431e-001 -4.522690e-001 -1.396950e+000 -1.042305e+000 -1.309896e+000 -7.477248e-001 -4.474210e-001 -7.899975e-003
-2.405668e+001 -5.570296e+000 -6.171241e+000  2.536589e+000 -7.095435e+000 -4.359969e+000  1.384626e+000  5.044021e+000  9.926457e-001  9.692012e-001  2.577994e-001 -3.031349e+000  4.760369e+001 -8.500807e-001  1.487877e+000 -2.771363e-001 -6.330603e-001  7.649095e-001  1.877021e+000 -1.208601e+000 -3.317803e+000 -1.366156e+000 -2.170104e-001  5.643719e-001 -2.852169e-001 -1.319034e+000  9.506128e-001  1.583914e-001  1.091053e+000  3.887152e-001 -4.229664e-001 -3.716271e-001 -5.706754e-001 -4.190674e-001 -4.986567e-001 -1.381859e+000 -8.511210e-001 -4.460957e-001  3.207205e-001
-2.465701e+001 -3.982276e+000 -2.689119e-001  3.647799e+000 -3.361020e+000  1.391932e+000  2.244573e+000  1.228322e+000 -4.475701e-001 -2.946892e+000  4.946954e+000 -1.049295e+000  4.578393e+001 -1.108782e-001  1.326438e+000  9.153270e-001 -3.539295e-001 -2.514296e-001  1.629842e+000 -1.134586e+000 -2.645049e+000 -1.826437e+000 -9.271802e-001 -4.300660e-001 -1.779645e+000 -7.273941e-001  7.561160e-001 -6.508033e-001  9.651898e-002 -1.554359e-001 -8.079020e-001 -8.286903e-001 -6.270267e-001  6.763906e-001  3.176489e-001 -6.905981e-001 -7.866130e-001 -1.390061e-001  7.692248e-001
-2.370259e+001 -3.553632e+000 -4.285204e-001  7.323302e-001 -7.988057e+000 -3.219227e+000 -4.467597e+000  3.260945e-001  2.457672e-001 -5.746624e+000  2.511187e+000 -7.614681e-001  4.578102e+001  4.710089e-001 -8.928003e-002  2.935649e-001 -7.427214e-001 -1.523551e+000 -8.743490e-002 -2.553236e+000 -1.921841e+000 -4.177116e-001 -7.937489e-001 -7.981075e-001 -5.750529e-001 -3.761978e-002  6.267184e-001 -1.016800e+000 -6.365210e-001 -1.642726e-002 -2.660098e-001 -6.606150e-001  4.188069e-001  1.154705e+000  8.265589e-001  1.808751e-001 -6.048522e-002  4.815453e-001  1.032151e+000
-2.357583e+001 -3.523381e+000 -3.569312e-001  6.349406e-001 -9.744251e+000 -2.993162e+000 -5.298028e+000 -3.329820e+000 -7.646843e+000 -3.887024e+000 -4.082541e+000 -8.433314e+000  4.576657e+001  1.102625e+000 -1.458040e+000 -1.780330e+000 -1.112154e+000 -1.591178e+000 -9.780915e-001 -1.851124e+000 -3.876941e-001  4.533899e-001 -6.032321e-001 -1.034754e+000 -2.086284e-001  1.592585e+000  1.297919e+000 -7.225236e-001 -9.102567e-001 -2.808416e-001  5.700182e-001 -3.951370e-001  6.511738e-001  7.195047e-001  6.881412e-001  1.906795e-001 -6.925502e-002  5.236999e-001  9.743110e-001
-2.224223e+001 -6.246144e+000 -4.659407e+000  3.294111e-001 -1.152157e+001 -2.604597e+000 -7.610252e+000 -2.286111e+000  2.503724e+000 -2.529477e+000  7.820095e-001 -2.214604e+000  4.742427e+001  1.676760e+000 -2.203884e+000 -2.111912e+000 -3.360845e-001  1.047346e-001 -1.220878e-001  1.243703e+000  1.327046e+000  1.626725e+000  5.253911e-001  5.642897e-001  1.337001e+000  2.681733e+000  1.958952e+000 -2.448671e-001 -3.878009e-001 -7.516716e-001  1.282982e+000 -1.093091e-001  5.596298e-001  3.998142e-002 -2.930503e-001  4.718389e-002 -7.023786e-001 -5.195651e-001  8.329045e-001
-1.987407e+001 -9.926222e+000 -7.055120e+000 -1.711510e+000 -9.550150e+000 -3.805841e+000 -5.439721e+000  5.959541e-001  6.904009e-001 -7.571626e+000  6.377736e-001 -1.365869e+000  5.292523e+001  5.775841e+000 -1.228878e+000 -2.433218e+000 -1.961456e+000  1.784519e+000 -3.285166e-001  2.228139e-001 -6.719688e-001  5.920503e-001 -6.333529e-001 -1.457540e+000 -1.171724e-001  2.784484e+000  1.780643e+000 -1.074349e-001  3.812563e-001 -1.191263e+000  1.232394e+000 -1.216475e-001 -2.068012e-001 -5.904557e-001 -8.012666e-001  4.807836e-003 -1.214958e+000 -1.291221e+000  4.166870e-001
-1.716967e+001 -1.137163e+001 -7.638989e+000  2.251329e-001 -7.561435e+000 -3.423326e+000  1.821763e+000  4.998435e+000  4.210769e+000 -1.277368e+000  2.972478e+000  2.389816e+000  5.561036e+001  7.929159e+000 -1.428197e+000 -1.318996e+000 -4.076428e+000  3.203512e+000 -9.587677e-001 -7.920559e-001 -1.579796e+000 -1.952293e+000 -5.427690e-001 -4.098608e+000 -3.218606e+000  3.530953e+000  5.048613e-001 -4.226453e-001  7.520902e-001 -1.276250e+000  4.335951e-001 -2.485448e-001 -9.908285e-001 -6.364736e-001 -9.295320e-001 -3.856211e-001 -1.285142e+000 -1.486664e+000  1.186842e-001
 2.767097e+000 -7.105027e+000 -1.103323e+001 -9.120200e+000 -2.801727e+000 -4.226380e+000 -8.899966e+000 -1.033194e+001 -5.540114e+000 -7.679843e+000 -1.246547e+001 -1.132139e+001  5.559595e+001  6.879642e+000 -2.383058e+000 -2.705070e-001 -5.198297e+000  3.021404e+000 -1.167989e+000 -1.867251e+000 -1.886552e+000 -1.763434e+000 -4.511285e-002 -4.778095e+000 -4.386928e+000  3.251410e+000 -1.744789e+000 -8.606077e-001  1.003125e+000 -1.537696e-001 -3.372871e-001  2.065731e-001 -3.394969e-001  5.211011e-001 -1.344751e-001 -1.473023e-001  1.474033e-001 -3.764487e-002 -1.254357e-001
 6.082986e+000 -1.479772e+001 -9.265331e+000 -1.634838e+001  1.121775e+000 -7.188165e+000 -9.840409e+000 -4.721146e+000 -4.142483e+000 -5.189214e+000 -1.315940e+001 -1.332988e+001  6.374368e+001  3.649166e+000 -3.740020e+000  5.671827e-001 -5.098915e+000  1.654268e+000 -9.450754e-001 -2.665407e+000 -1.248031e+000 -1.843193e+000 -1.696834e+000 -4.201144e+000 -3.961442e+000  3.041691e+000 -2.614893e+000 -4.298339e-001  7.210451e-001  9.983857e-001 -7.055953e-001  6.832369e-001  1.530670e-001  7.929918e-001  3.942090e-001 -2.715098e-001  1.167253e+000  1.367912e+000 -6.626533e-001
 2.897814e+000 -2.012847e+001 -7.594484e+000 -1.941623e+001  1.215265e+000 -7.763368e+000 -8.944890e+000 -3.977014e+000 -3.950144e+000 -5.841268e+000 -1.518676e+001 -1.544066e+001  6.511562e+001 -8.081070e-001 -4.376005e+000  1.639320e+000 -2.219061e+000  8.727055e-001  6.975027e-001 -5.379946e-001  1.767654e+000 -1.348751e-001 -7.928317e-001 -6.692549e-001  6.602135e-002  2.401937e+000 -1.959260e+000  3.806854e-001  3.363130e-001  1.636053e+000 -4.275874e-001  9.207031e-001  5.160748e-001  7.444844e-001  4.027888e-001 -1.437248e-001  1.478106e+000  1.922953e+000 -8.390347e-001
 1.010805e+000 -2.356001e+001 -6.522449e+000 -2.012142e+001 -1.298592e+000 -6.380210e+000 -1.148281e+001 -4.419180e+000 -5.800180e+000 -1.068083e+001 -1.667260e+001 -1.535776e+001  6.605898e+001 -1.301433e+000 -2.580893e+000  1.331316e+000 -5.741175e-001  7.498850e-001  1.524671e+000 -6.913493e-001  5.580602e-001 -7.955273e-001 -1.526458e+000 -3.167639e-001  1.394480e+000  6.424233e-001 -6.769770e-001  1.083164e+000 -4.713671e-002  1.573357e+000 -5.025100e-002  7.727699e-001  6.806175e-001  3.796388e-001  2.964236e-001  4.135401e-001  1.225171e+000  1.489875e+000 -8.656693e-001
 1.262653e+000 -2.460391e+001 -4.208072e+000 -1.832898e+001  2.771984e+000 -1.142844e+000 -1.076874e+001 -1.644652e+000 -5.385641e+000 -8.898194e+000 -1.405515e+001 -9.977339e+000  6.644798e+001 -4.413567e-001 -1.059195e+000  1.028991e+000  7.195690e-001  1.335658e+000  2.200653e+000 -2.739063e-001  9.328246e-001 -2.733229e-001 -8.489251e-001  6.702459e-001  2.549874e+000  2.558700e-001  2.860956e-001  1.178251e+000 -4.237332e-001  8.489574e-001 -1.137949e-001  8.899304e-002  3.367454e-001 -3.218102e-001 -8.335704e-003  3.675755e-001  3.518344e-001  2.755051e-001 -6.463609e-001
 3.934020e-001 -2.546447e+001 -4.301958e+000 -1.976260e+001  4.092841e+000 -2.875073e+000 -1.238523e+001 -3.097026e+000 -7.402371e+000 -1.129304e+001 -1.530903e+001 -9.089137e+000  6.628961e+001  8.090557e-002  1.739712e-002  6.366634e-001  1.298558e+000  1.171536e+000  2.167199e+000  6.056359e-001  1.067578e+000 -2.918513e-001  3.989128e-001  1.254961e+000  2.246006e+000 -2.136223e-001  3.110522e-001  6.964422e-001 -4.108261e-001  4.213124e-001 -3.214580e-001 -2.835527e-001  3.270864e-001 -2.705019e-001  1.802627e-001  4.632306e-001  1.143820e-001 -3.363381e-001 -2.954141e-001
 9.997317e-001 -2.447221e+001 -3.559772e+000 -1.599780e+001  5.197841e+000  1.487331e+000 -9.863212e+000  2.603219e-002 -4.515663e+000 -9.779786e+000 -1.251732e+001 -5.825603e+000  6.627966e+001 -6.879801e-002  2.161028e-001 -1.320195e-001  1.089389e+000  9.290536e-002  8.212039e-001  4.972399e-001 -9.615579e-002 -4.283917e-001  8.235998e-002  3.040546e-001  1.017784e+000 -4.018448e-001  5.249839e-002  1.790880e-001 -3.719378e-001 -2.058316e-002 -5.534850e-001 -5.873563e-001 -1.165496e-001 -5.231200e-001  2.587847e-002  5.354008e-002 -1.911257e-001 -8.372387e-001 -1.777106e-001
 1.546793e+000 -2.353887e+001 -3.663282e+000 -1.479422e+001  3.346160e+000  3.140696e+000 -8.907395e+000  8.336609e-002 -7.694426e+000 -8.245468e+000 -1.116671e+001 -6.203595e+000  6.507503e+001  6.754877e-002  2.636692e-001 -1.423089e-001  1.347535e+000 -2.360283e-001  7.966319e-001  5.585095e-001 -2.799589e-001  1.833204e-001  3.240523e-001  4.382420e-001  4.788345e-001 -5.057899e-001 -2.065521e-002 -1.264564e-001 -1.783089e-001 -1.254177e-001 -2.646579e-001 -5.017276e-001 -5.376973e-001 -4.624374e-001  9.971905e-002 -1.776295e-001 -2.293963e-001 -5.951946e-001 -4.773796e-002
 3.419673e-001 -2.448619e+001 -5.187507e+000 -1.536623e+001  3.609851e+000 -4.470930e-002 -1.002146e+001 -3.715627e+000 -7.381572e+000 -1.001018e+001 -1.460604e+001 -6.331191e+000  6.504605e+001 -1.721863e-001 -2.868904e-001 -4.412111e-001  5.921648e-001 -7.279842e-001 -5.084510e-002 -8.330910e-001 -1.009007e+000 -3.815164e-001 -5.437945e-001  1.229772e-001 -7.527338e-001 -4.865990e-001  9.487385e-002 -8.336807e-002  1.654660e-002  1.031719e-001  2.969420e-001 -2.726708e-001 -4.182929e-001 -2.332294e-001  1.860262e-001 -8.923655e-003  1.984210e-001 -5.971744e-002  6.272049e-002
 1.060028e+000 -2.413913e+001 -4.199635e+000 -1.334071e+001  3.706694e+000  1.874106e+000 -9.513562e+000 -2.625991e+000 -5.052814e+000 -9.557583e+000 -1.207346e+001 -6.442171e+000  6.437746e+001  2.932366e-002 -3.633884e-001 -1.002852e-001  9.200813e-001  2.586916e-001  9.458508e-002 -1.417685e+000 -7.881834e-001  1.833063e-001 -1.761574e-001  1.985186e-001  1.552919e-001 -4.099350e-001  1.357750e-001  8.771609e-002 -2.337458e-002  2.867089e-001  5.572518e-001 -3.323809e-001 -1.307870e-001 -9.473996e-002  6.826527e-002  2.364600e-001  2.831054e-001  3.321750e-001  1.449753e-001
 3.821829e-001 -2.560653e+001 -5.497652e+000 -1.376374e+001  1.377653e+000  1.866400e+000 -1.372558e+001 -3.664325e+000 -7.744051e+000 -1.184270e+001 -1.144906e+001 -9.469984e+000  6.419544e+001  4.246838e-001  1.127913e-001 -7.029834e-002  1.818975e+000  1.330256e+000 -1.911269e-001 -6.061274e-001 -1.008191e+000  5.017463e-001  2.878466e-001  1.416021e+000  8.809680e-001 -1.361698e-001  2.414863e-001  1.705789e-001  9.168965e-002  4.135567e-001  4.864175e-001 -2.275542e-001  4.370254e-001  3.540336e-002  2.085039e-001  5.159474e-001  2.418419e-001  6.094245e-001  1.311353e-001
 1.673304e+000 -2.479565e+001 -4.009635e+000 -1.099506e+001  5.755717e+000  2.658067e+000 -1.414376e+001 -3.883201e+000 -6.596655e+000 -8.209995e+000 -1.175261e+001 -3.857738e+000  6.345066e+001  4.479885e-001  5.024088e-001 -4.446382e-001  2.167674e+000  1.521111e+000 -7.951318e-001 -2.089074e-001 -7.540669e-001  8.301544e-002  1.090532e+000  1.207247e+000  1.322859e+000  4.387207e-002  1.065807e-001  3.818569e-002  1.360177e-001  7.882311e-002 -1.181663e-001 -1.279593e-001  5.688834e-001  5.759740e-003  2.537942e-001  1.569459e-001  1.663237e-001  2.615869e-001  3.387772e-002
 2.158748e+000 -2.359398e+001 -5.633998e+000 -7.444177e+000  9.236617e+000 -1.392324e+000 -1.073700e+001 -8.127975e+000 -4.100920e+000 -9.244742e+000 -7.686357e+000 -3.218567e+000  6.482861e+001  8.259128e-001  1.331057e-001  1.894136e-001  2.036152e+000  1.072894e+000 -7.437577e-001  7.476470e-001 -8.490486e-001  7.111484e-001  1.402598e+000  8.278228e-001  1.710605e+000 -5.782585e-002 -1.503363e-001 -1.829640e-001  3.091937e-001 -4.001337e-001 -5.177300e-001  2.013546e-001  2.300765e-001  1.878802e-002  3.319791e-001 -3.306754e-001 -9.320295e-002  4.205573e-002 -1.050052e-001
 2.411688e+000 -2.263336e+001 -6.354652e+000 -5.662120e+000  7.382766e+000 -4.721907e-001 -1.205239e+001 -4.164501e+000 -6.459302e+000 -5.403903e+000 -7.918572e+000 -2.953586e+000  6.428024e+001  3.616124e-001 -1.826172e-001  4.499472e-001  1.205608e+000 -2.034588e-001 -2.688958e-001  7.498444e-001 -8.389558e-001  1.347576e+000  5.119643e-002  1.324236e+000  1.048408e+000 -2.797184e-001 -2.945056e-001 -3.156868e-001  5.278565e-001 -7.301796e-001 -4.626039e-001  4.672580e-001 -9.855993e-002  1.117887e-001  3.091670e-001 -6.359163e-001 -2.299460e-002 -2.014365e-001 -1.290251e-001
 4.142555e+000 -2.602214e+001 -3.378075e+000 -6.249449e+000  5.928597e+000 -2.872597e-001 -1.103303e+001 -7.768919e+000 -4.256985e+000 -6.232757e+000 -9.226959e+000 -1.369033e+000  6.349152e+001 -2.838096e-001 -4.595158e-001  1.028378e+000  2.993392e-001 -3.961095e-001  5.525284e-001  6.487913e-002 -8.718063e-001  1.529362e+000 -8.458627e-001  8.915119e-001  1.228472e+000 -4.994007e-001 -3.683323e-001 -1.424789e-001  2.745429e-001 -6.117597e-001 -3.271022e-001  4.786623e-001 -3.611110e-001  4.611047e-001 -8.852528e-002 -4.468280e-001  6.650642e-002 -4.067938e-001 -2.653091e-002
 2.489463e+000 -2.449465e+001 -2.887861e+000 -5.564385e+000  6.392433e+000  7.610557e-001 -1.024652e+001 -8.257508e+000  2.192577e-001 -9.460006e+000 -4.361125e+000  4.595329e-001  6.272061e+001 -4.696784e-001 -7.797146e-001  1.775162e+000 -6.148175e-001 -5.740676e-002  8.930153e-001 -3.603231e-001 -1.837448e-001  1.219744e+000 -9.648194e-001  1.060429e+000  5.567425e-001 -3.804661e-001 -1.448724e-001 -1.575888e-001  1.615844e-001 -4.036634e-001 -1.035510e-001  1.862647e-001 -2.968364e-001  7.313794e-001 -6.861498e-001  1.901504e-001 -2.574278e-001 -4.212376e-001  1.123650e-001
 7.008126e-001 -2.496091e+001 -2.225506e+000 -5.996348e+000  7.751236e+000  7.536948e-001 -1.131554e+001 -1.044050e+001  2.066076e-001 -1.144600e+001 -5.007522e+000  1.217234e+000  6.311142e+001 -6.001035e-001 -2.807400e-001  8.995205e-001 -1.124341e-001 -6.356434e-001  1.068598e+000 -5.028241e-001  1.128869e+000  3.324381e-001 -3.235344e-001  1.292259e+000 -7.753089e-002 -1.401066e-001  1.217279e-001  6.861210e-003 -1.233639e-001  7.472453e-002 -1.779598e-001 -1.974460e-001  1.176115e-001  6.516921e-001 -9.455668e-001  4.798372e-001 -3.427754e-001 -2.611758e-001  7.189319e-002
 1.784166e+000 -2.706255e+001  1.944875e+000 -8.862758e+000  6.184413e+000  3.472409e+000 -1.371276e+001 -3.747433e+000 -2.592379e+000 -7.621377e+000 -4.726146e+000 -1.463007e+000  6.256796e+001 -2.046025e-001 -1.059949e+000  1.322298e+000 -6.068221e-001 -6.014468e-001  4.043928e-001 -4.504860e-001  1.817603e+000 -1.484711e+000  7.407840e-001 -1.632762e-001 -4.047787e-001  1.024597e-001  1.395717e-001 -4.556134e-002 -3.026114e-001  2.944879e-001 -3.265212e-001 -3.513589e-001  2.318061e-001  2.065260e-001 -9.950715e-001  2.832943e-001 -5.086849e-001  6.576597e-002  1.232539e-001
 1.494686e+000 -2.614189e+001 -1.296841e+000 -5.162433e+000  2.854390e+000  3.700053e+000 -1.181403e+001 -4.379611e+000 -1.188976e+000 -8.769744e+000 -2.583156e+000 -7.954179e-001  6.286731e+001  1.922917e-001 -2.850925e-001  6.379903e-001  6.689642e-001 -1.013888e+000 -1.903903e-001  6.980179e-001  1.385980e+000 -1.846245e+000  7.005215e-001 -2.105124e-001  4.033539e-001 -3.813976e-001 -1.604121e-002 -9.450005e-002 -2.217583e-001  1.379614e-001 -1.308091e-001 -2.491028e-001  3.577067e-001 -2.145266e-001 -4.986473e-001 -1.709631e-002 -3.711490e-001  4.435267e-001 -1.495758e-001
 1.069514e+000 -2.920391e+001  3.259296e+000 -9.015453e+000  5.833622e+000  1.309840e+000 -1.224970e+001 -2.199937e+000 -6.506506e+000 -7.094216e+000 -6.389688e+000 -5.580349e-001  6.335496e+001 -1.680177e-001 -1.005345e+000  3.928705e-001  4.669228e-001 -1.500890e+000 -2.342850e-001  1.982864e-001  7.203296e-001 -2.666272e+000 -6.037598e-002 -7.316098e-001  6.451300e-001  3.564487e-001 -1.801994e-001  7.263952e-002 -2.644895e-001 -4.880552e-002 -1.236565e-001 -1.244777e-001  4.157981e-001 -4.305494e-001  1.431509e-001 -3.830436e-001  9.752369e-002  3.749527e-001 -1.556531e-001
 2.019598e+000 -2.531570e+001  3.072355e-001 -2.575180e+000  2.857189e+000  8.830276e-001 -8.556975e+000 -4.284350e+000 -7.067554e+000 -8.206978e+000 -5.228312e+000  2.781517e+000  6.081093e+001 -6.986020e-001 -7.805422e-001  2.554426e-001  4.050050e-002 -8.399672e-001  1.424230e-001  9.613231e-001  6.048731e-001 -1.570018e+000 -8.435965e-003 -2.793196e-001  1.615148e+000 -1.014980e+000 -2.234868e-001  1.606763e-001 -3.035776e-002 -5.211345e-001  1.097389e-001 -1.914874e-001  4.024572e-001 -3.326877e-001  2.816821e-001 -4.824077e-001  1.243287e-001  3.773612e-003 -9.448776e-002
 6.816218e-001 -3.250237e+001  3.107189e+000 -7.821770e+000 -1.321437e+000  3.709496e+000 -1.434985e+001 -1.934152e-001 -1.298445e+001 -8.204639e+000 -7.061617e+000 -2.582464e-002  6.537840e+001 -6.601524e-001 -4.490265e-001  1.911242e-001 -5.366179e-001 -1.306690e+000 -3.844022e-001  1.496852e+000  5.540960e-002 -9.070703e-001 -8.199550e-001  3.587459e-001  8.640878e-001 -3.590145e-001 -6.447989e-002  7.435089e-001  6.598467e-003 -3.808948e-001  3.714056e-001 -5.112761e-001  9.034277e-001 -2.501279e-001  4.770149e-001 -4.136154e-001  2.047274e-001 -1.095128e-001 -1.214565e-001
-1.804378e+000 -2.839537e+001  5.642573e-002 -5.556772e+000  2.232084e+000  3.212340e+000 -5.957342e+000 -2.358507e+000 -5.800095e+000 -8.256712e+000 -3.643790e+000  7.014217e+000  5.678069e+001 -6.790747e-001  2.401299e-001  5.870746e-001 -1.434938e+000 -5.622941e-001 -1.072768e+000  2.061021e+000  5.500157e-002 -1.317435e+000 -1.331727e+000 -1.340466e-001  3.127431e-001 -4.961048e-001  8.945116e-002  5.449468e-001  2.284817e-001 -3.994464e-001  3.254295e-002 -5.659200e-001  5.668699e-001 -9.708799e-002  1.510527e-001 -3.932613e-001 -2.514234e-002 -4.748617e-001  5.156661e-001
-3.192604e-001 -2.990920e+001  4.340322e+000 -1.020775e+001 -3.872757e-001 -1.776827e+000 -6.065258e+000 -2.885811e+000 -1.167559e+001 -1.116912e+001 -5.388220e+000  1.646054e+000  6.357501e+001 -5.001808e-001  2.201864e+000  2.600468e-001 -6.998316e-001  2.173011e-001 -2.183069e+000  4.165576e+000 -2.553739e-001 -4.074886e-001 -1.466807e+000  2.193909e-001  7.487685e-001 -5.102714e-001  2.053333e-002  1.512228e-001  2.143690e-001 -1.559504e-001 -1.802292e-001  1.543891e-001  3.244092e-001  4.138100e-001  2.569157e-001 -1.022804e-001 -3.897767e-002 -8.878847e-002  1.387704e-001
-8.753349e-001 -2.541164e+001  2.626043e+000 -8.556882e+000 -4.213625e-001 -1.737653e+000 -2.394166e+000 -2.663145e+000 -1.430916e+001 -1.338337e+001 -6.735244e+000  3.509293e+000  5.923210e+001 -3.313319e-001  6.187469e-001  1.363390e+000 -1.875125e+000 -1.439248e+000 -1.787843e+000  2.461310e+000  2.748248e-001 -1.064545e+000 -1.651316e+000 -3.353538e-001 -7.015010e-001  1.638979e+000 -1.667455e-001  3.317568e-001  1.492024e-001  1.725824e-001 -7.992013e-001  3.567854e-001  7.214906e-002  2.203151e-001  7.221583e-001  4.252704e-001 -2.145045e-001  1.893232e-001 -6.141689e-001
-2.283804e+000 -2.298492e+001  3.122615e+000 -9.820873e+000  1.091791e+000 -4.730855e+000  4.696441e+000 -1.317966e+000 -1.076736e+001 -1.297535e+001 -4.418936e+000  5.470480e+000  6.160133e+001 -7.313572e-001  1.177790e-001  8.748118e-001 -1.096276e+000 -1.769359e+000  7.450804e-001  2.918753e+000  2.014548e+000  2.510632e-001 -1.171562e+000  2.645111e-001  9.272675e-001 -7.327042e-001 -1.114749e-001  6.015460e-001  6.116540e-002  2.888583e-001 -8.961624e-001  1.195961e-001 -2.468451e-001 -3.060558e-001  8.600764e-001  8.570890e-001 -3.765097e-001 -2.856267e-002 -1.007607e+000
-2.478766e+000 -2.876378e+001  7.482228e+000 -1.512583e+001 -5.703689e+000 -4.249862e+000  9.683610e-001 -1.768305e+000 -1.157693e+001 -1.561018e+001 -5.805202e+000  1.594500e+000  6.596243e+001 -1.397214e+000  2.940956e+000  1.025704e+000 -3.738037e-001 -3.564971e+000 -7.529163e-001  3.045178e+000  2.161601e-002  1.964080e+000  6.470021e-001 -1.229129e+000  1.170110e+000 -3.455733e+000  1.867595e-001  1.059486e+000 -2.551685e-001  5.738069e-001 -3.802560e-001 -3.695451e-001 -3.162884e-001 -7.211472e-001  7.945939e-001  1.110845e+000 -1.638751e-001 -3.809394e-001 -8.235100e-001
-3.174330e+000 -2.764424e+001  6.286288e+000 -1.240465e+001 -6.592907e+000  3.204679e+000  6.847246e+000  6.739510e+000 -1.178639e+001 -1.591353e+001 -4.530686e+000  7.239789e+000  5.654633e+001 -5.246143e-001  4.048489e+000  7.347166e-001 -6.200599e-003 -3.200649e+000 -2.102553e+000  2.639417e+000 -1.659049e+000  2.378580e+000  1.669478e+000 -1.216270e+000 -3.298501e-001 -3.000950e+000  5.580739e-001  2.949467e-001 -1.730805e-001  1.407946e-001 -1.108410e-001 -7.168176e-001 -1.022105e+000 -7.069016e-001  1.644259e-001  9.141641e-001  1.035082e-001 -1.272801e+000  8.159882e-001
-7.416142e+000 -8.377196e+000  6.172727e+000 -9.134010e+000 -1.440387e+001 -9.470001e+000  1.175632e+001 -6.583802e+000 -3.979247e+000 -8.679270e+000 -1.282502e+001  8.475186e+000  4.448094e+001  4.990940e-001  3.950823e+000  1.575948e-001  4.488719e-001 -2.624883e+000 -2.211752e+000  1.019537e+000 -1.494113e+000  1.844666e+000  2.482389e+000 -4.143390e-001 -1.977639e+000 -1.344448e+000  4.632481e-001 -7.309855e-001 -1.816288e-001 -1.741181e-001  5.617681e-001  2.013192e-001 -1.135685e+000  5.970101e-001 -2.939594e-001  1.514329e-001  6.457622e-001 -1.253968e+000  1.501983e+000
-2.438188e+000 -1.293577e+001  7.450948e+000 -1.284779e+001 -1.056137e+001 -1.263355e+001  1.249954e+001 -7.205460e+000 -2.673301e+000 -8.093412e+000 -6.990378e+000  3.808861e-001  5.733733e+001  1.110859e+000  1.087579e+000  4.434641e-001 -8.036412e-001 -2.793608e+000 -2.109589e+000 -1.178953e+000 -7.620956e-001  1.132900e+000  2.481565e+000  3.746570e-001 -3.862862e+000  2.291594e+000 -1.822303e-001 -3.584601e-001 -1.425521e-001  3.934780e-001  7.513138e-001  5.391330e-001 -6.804133e-001  6.438146e-001 -3.941791e-001 -9.043486e-001  2.841202e-001 -5.247543e-001  3.845151e-001
-3.513677e-001 -1.636390e+001  7.687872e+000 -1.265991e+001 -1.684387e+001 -7.389511e+000  3.239897e+000 -2.266385e+000 -6.910149e+000 -7.108298e+000 -6.647050e+000 -4.864244e+000  5.884468e+001  1.012901e-001  7.664841e-001  2.631866e-001 -8.456739e-001 -9.596514e-001  2.571982e-001 -7.240602e-001  2.558190e+000  1.117123e+000  9.981230e-001  1.204218e+000 -3.333224e+000  1.407908e+000 -6.085288e-001  5.206963e-001 -1.121483e-003  1.074215e+000  1.056185e+000  2.499217e-001  4.398974e-001 -4.504223e-001 -5.173857e-001 -1.588655e+000 -4.130154e-002  2.802694e-001 -8.808138e-001
-1.152425e+000 -1.821299e+001  7.746036e+000 -1.465991e+001 -1.934094e+001 -8.383512e+000  5.210694e+000  7.703228e-001 -4.656434e+000 -4.291192e+000 -5.746384e+000 -5.404806e+000  6.082243e+001 -1.236864e+000  3.848358e+000 -3.083987e-002  2.608462e+000 -2.766962e-001 -6.413631e-001  1.091489e-001 -4.661273e-001  7.714562e-001 -2.110132e+000 -6.049475e-001 -2.275830e+000 -2.454552e+000 -6.514193e-001  1.001542e+000  8.152622e-003  1.418117e+000  1.312046e+000  4.937585e-001  5.971464e-001 -1.375079e+000 -1.023302e+000 -1.400109e+000  7.707199e-002  1.052840e+000 -1.608461e+000
-7.552572e+000 -1.906162e+000  7.341116e+000 -1.245632e+001 -1.481234e+001 -1.030903e+001  1.178045e+001  2.219256e+000  2.597935e+000 -5.589765e+000 -7.425922e+000 -5.298087e+000  4.977793e+001 -1.369689e+000  5.173915e+000  3.891394e-001  4.113894e+000  1.397584e+000 -1.696257e+000  2.574973e+000 -3.894209e+000 -5.615407e-001 -3.165037e+000 -1.310445e-001 -1.369808e+000 -3.375444e+000 -4.527071e-001 -2.985768e-001 -1.737703e-001  3.650225e-001  9.398727e-001  1.005567e+000  8.918655e-002 -9.722618e-001 -9.183813e-001 -2.095043e-001  6.382298e-001  1.475541e+000 -5.845123e-001
-5.021904e+000 -9.228416e-001  7.470127e+000  9.273097e-002 -1.296062e+001 -1.438060e+001  8.775014e+000 -1.177892e+001 -3.570062e+000 -1.940334e+001 -9.625680e+000 -1.078134e+001  4.959794e+001 -1.410748e+000  3.891574e+000  4.212509e-001  3.807160e+000  2.588004e+000  1.335931e+000  1.572626e-001 -4.411291e+000 -3.144278e+000 -2.437402e+000  1.427648e+000  4.196288e-001 -3.359037e+000 -5.240892e-001 -1.722476e+000 -4.587361e-001 -1.361036e+000  4.717807e-001  1.669562e+000 -2.253208e-001  1.450224e+000  9.052522e-002  1.485181e+000  1.305916e+000  1.595299e+000  5.822575e-001
-5.265072e+000  8.606017e-001  9.771523e+000  5.332457e-001 -1.304611e+001 -1.287225e+001  1.433260e+001 -1.546281e+001 -1.026104e+001 -1.537741e+001 -5.362625e+000 -9.025020e+000  4.757971e+001 -2.075303e+000 -7.480077e-001 -8.317102e-001  3.800899e-001  2.307362e+000  4.296387e+000 -3.021843e-001 -3.305373e-001 -1.516916e+000  1.142368e-001  3.379069e+000  2.696751e+000 -1.062411e+000 -5.251226e-001 -1.918619e+000 -6.829633e-001 -1.736325e+000 -3.120542e-001  9.946861e-001 -6.761075e-001  2.779703e+000  1.145850e+000  2.054581e+000  8.086634e-001  7.990658e-001  9.060612e-001
-9.349916e+000 -1.385026e-001  8.637087e+000 -2.118896e+000 -7.284034e+000 -4.222476e-001  4.720929e+000 -1.244510e+001 -1.394834e+001 -1.158438e+001  3.602087e-001 -1.443196e+000  4.512635e+001 -3.504503e+000 -1.803063e+000 -1.714096e+000 -2.329817e+000  1.627319e+000  4.710125e+000  4.211234e-001  5.003155e+000  1.701770e+000  3.676134e+000  4.169574e+000  3.667387e+000 -6.997811e-001 -1.435866e-001 -9.547467e-001 -4.318993e-001 -7.065317e-001 -7.590443e-001 -7.168120e-001 -3.313656e-001  2.064408e+000  1.593142e+000  1.674946e+000  1.144891e-002 -1.396904e-001  6.873654e-001
-1.576508e+001 -6.038370e+000  2.599085e+000 -9.450054e+000 -6.113817e+000  4.193729e+000  1.229657e+001  8.996612e-001  2.024905e-001 -8.928060e+000  4.476480e+000  3.516595e+000  4.670167e+001 -2.948425e+000 -1.571859e+000 -1.958004e+000 -1.499240e+000  3.176563e-001  1.590076e+000 -9.374952e-001  5.297085e+000  2.744684e+000  4.051099e+000  2.541310e+000  1.001642e+000 -1.747658e-001  5.622877e-001  5.097451e-001  2.385553e-001  8.394973e-001 -5.968037e-001 -1.639523e+000 -6.840152e-001 -7.539533e-002  4.727256e-001  5.116180e-001 -7.989935e-001 -7.832198e-001  4.849731e-002
-1.729441e+001 -6.488668e+000  2.485868e+000 -6.564702e+000 -8.290173e+000  6.370317e-001  1.189865e+001  5.055625e+000 -2.929751e-001 -4.247341e+000  6.302638e+000  1.284785e+000  4.653806e+001 -1.692121e+000 -4.702335e-001 -1.175099e+000  1.214166e+000 -2.123646e-001 -8.949736e-001 -1.181910e+000  3.096939e+000  2.690633e+000  3.968899e+000  1.903773e+000  5.687315e-001 -3.660332e-001  1.025751e+000  8.173214e-001  6.288589e-001  1.417399e+000  1.189199e-002 -1.084074e+000 -4.275939e-001 -1.505098e+000 -4.445038e-001 -8.306247e-001 -1.191597e+000 -8.471113e-001 -1.541809e-001
-1.603495e+001 -3.823612e+000  3.057113e+000 -4.740052e+000 -1.095476e+001 -5.451508e+000  6.056266e+000  2.272252e+000 -3.365296e+000  1.209565e+000  4.372709e+000 -5.380801e+000  4.600003e+001 -1.700554e-001  1.134303e+000  9.156768e-002  2.805585e+000  2.431853e-001 -1.098680e+000 -2.920743e+000  2.455941e-001  3.522801e-001  2.525944e+000  5.170026e-001  3.299794e-001 -9.867985e-001  9.238212e-001  5.199247e-001  6.574329e-001  6.894277e-001  3.755067e-001 -6.539710e-002  2.283120e-001 -1.504095e+000 -5.290608e-001 -1.421041e+000 -1.034438e+000 -9.927544e-002 -1.974962e-001
-1.767559e+001 -3.597049e+000  2.532578e+000  1.596934e+000 -5.925384e+000 -7.449663e-002  1.931531e+000  2.353300e+000  1.288724e+000  3.191303e+000  9.930958e+000  5.849160e+000  4.364701e+001  2.350674e-001  9.304629e-001  4.054130e-001  2.604764e+000  1.724014e+000  6.341336e-001 -7.252219e-001  3.409338e-003  6.754534e-001  2.855881e-001 -7.762603e-001 -2.323390e-001 -1.064669e+000  6.819680e-001 -7.755329e-002  2.306145e-001 -5.519872e-001  9.674382e-002  1.626872e-001  8.292387e-001 -6.495171e-001 -4.563832e-001 -1.259997e+000 -6.992381e-001 -1.025830e-002  2.711833e-004
-1.642477e+001 -1.812665e+000  3.033568e+000  4.970557e-001 -6.080285e+000 -9.439059e-001  2.676409e+000  3.478794e+000  1.173041e+000 -1.765957e-002  5.247333e+000  2.884304e+000  4.321320e+001  7.070873e-001  3.274160e-001  5.389047e-001  1.252599e+000  1.227001e+000  4.985371e-001 -2.427914e-002 -6.766245e-001  1.106970e+000 -1.212453e+000 -1.290861e+000  9.057998e-001 -8.129288e-001  4.156999e-001 -5.477484e-001 -3.473605e-001 -1.235024e+000 -2.398480e-001  1.528172e-002  7.390164e-001 -4.970609e-002 -4.770151e-001 -3.628551e-001  9.799002e-002  1.156085e-001  8.770970e-002
-1.592416e+001 -2.841828e+000  4.524705e+000  3.840566e+000 -2.107343e+000  1.553899e+000  9.962467e+000  4.469400e+000  8.151230e-001 -2.205788e+000  1.984025e+000 -4.009463e+000  4.260812e+001  1.279148e+000 -4.545564e-001 -2.456950e-001 -7.692770e-001 -2.205532e-001 -8.801460e-001  1.516051e+000  3.104629e-001  3.137249e-002 -4.618850e-001 -6.884859e-001  2.295298e-001 -4.516121e-001  3.139966e-001 -4.336196e-001 -6.287796e-001 -1.034800e+000 -1.741844e-001 -2.266010e-001 -4.061203e-001  2.789933e-002 -8.055688e-001  2.091130e-001  4.508458e-001  1.034602e-001 -5.646939e-002
-1.337522e+001 -2.564143e+000  4.755573e+000  4.011269e-001 -6.728782e+000 -3.773020e+000  1.919402e+000 -2.168921e+000  2.406354e+000 -2.154156e+000  1.891868e+000  4.077510e+000  4.245483e+001  1.386404e+000 -9.119295e-001 -1.319681e+000 -1.682512e+000  1.622889e-002 -2.651315e-001 -3.462983e-001 -1.564631e-001 -1.710755e+000  1.085405e+000  9.630655e-001  6.770876e-001 -8.547786e-001  1.783478e-001 -2.150246e-001 -6.038154e-001 -1.040239e-001  3.722924e-001  1.279480e-001 -7.009124e-001  2.177014e-001 -7.003671e-001  4.122933e-002 -3.421292e-002 -4.663444e-001 -2.275174e-001
-1.280462e+001 -5.494092e+000  4.431005e-001 -2.201487e+000 -6.703901e+000 -3.060669e+000  9.890291e+000  6.729472e+000  8.289297e-001  1.950126e+000  8.166261e+000  6.400207e+000  4.176814e+001  1.465392e+000 -6.179622e-001 -1.809193e+000 -1.101682e+000  1.458478e+000 -1.170372e-001 -2.594814e+000 -1.171747e-001 -1.943528e+000  1.822241e-001  3.510055e-001  3.993183e-001 -1.326091e+000  6.556630e-002  1.562356e-001 -1.814694e-001  6.657490e-001  4.838200e-001  1.837104e-001 -8.549324e-001 -1.300958e-001  1.251931e-001 -7.236722e-001 -4.144616e-001 -2.517767e-001 -2.299539e-001
-1.105252e+001 -5.046180e+000 -1.524035e+000 -4.894477e+000 -3.700861e+000  3.772093e-002  9.810051e-001  1.566443e+000 -7.387638e+000  3.331409e+000  6.971542e+000  1.064908e+000  3.935930e+001  1.505704e+000 -6.660041e-001 -1.698424e+000  8.986821e-001  2.248947e+000  7.567229e-001 -1.473408e+000  6.257013e-001 -1.407415e+000 -1.328361e+000 -1.981672e+000 -1.510816e+000 -1.513276e+000 -2.459150e-001  3.924379e-001  1.304840e-001  7.507402e-001 -1.553113e-001 -1.553640e-001  5.321191e-002 -6.177113e-002  8.982530e-001 -9.814574e-001 -2.329084e-001  3.775892e-001  2.605021e-003
-9.758553e+000 -4.690620e+000 -1.381454e+000  9.799586e-001  3.671086e+000 -9.366580e-001 -2.542405e+000  2.015845e+000 -4.005519e+000 -4.037450e+000  1.199215e+000 -5.065700e-001  3.752542e+001  1.547329e+000  2.036590e-001 -9.636707e-001  1.268871e+000  1.082188e+000 -4.725212e-001 -2.195056e+000 -7.310984e-001  5.056679e-001 -2.873363e+000 -1.288425e+000  6.459828e-002 -1.272133e+000 -6.599419e-001  4.729394e-001  1.595699e-001  2.705844e-001 -8.860786e-001 -3.131661e-001  8.713846e-001  1.198167e-001  8.082241e-001 -2.937940e-001  4.250562e-001  8.195540e-001  2.053358e-001
-7.369737e+000 -6.295899e+000 -2.824267e+000  3.303814e+000 -6.715393e-001 -1.051412e+000  7.687089e-001  3.316399e+000 -2.213498e+000 -5.802174e+000 -4.532969e+000 -2.318329e-002  3.700980e+001  1.158603e-001  6.394492e-001 -1.090022e+000  8.859128e-001 -5.721824e-001 -8.642094e-001 -2.801179e-001 -1.583569e-001  1.555912e+000 -2.294089e+000  6.182387e-001  2.732394e+000 -8.687328e-001 -8.393766e-001  4.431037e-001  2.196082e-001 -2.508791e-001 -7.211150e-001 -2.639810e-001  9.222300e-001  2.311349e-001  2.234668e-001  4.927507e-001  8.305427e-001  6.813362e-001  1.970155e-001
