41 39
-9.782716e+000  2.436624e+000  3.768643e+000  1.458497e+000 -7.272890e+000 -1.231750e+001 -4.060772e+000  1.064762e+000 -7.415818e+000 -1.056985e+001 -7.081109e+000 -3.242815e+000  6.144017e+001 -7.076088e+000  1.870457e+000 -5.685796e-001  5.700824e+000  9.683576e-001  6.576118e+000  4.118375e+000  3.823130e+000  3.306749e-001  1.144829e+000  4.904596e+000  2.199081e+000 -8.928078e-001 -4.510464e-001 -2.074363e+000 -1.149624e+000 -1.994529e+000 -1.180206e-001  1.192987e-001 -6.432423e-001  5.048512e-001  1.103894e+000  1.757193e+000  7.797607e-001 -1.097727e+000  1.255797e-001
-1.681288e+001 -1.463067e-001  1.756743e+000  5.893338e+000 -4.322628e+000 -4.229354e+000  2.020982e+000 -1.224631e+000 -9.073520e+000 -1.159620e+001 -4.219936e+000 -4.768808e+000  6.060967e+001 -6.843893e+000 -8.547510e-001 -2.304991e+000  3.210172e-001  5.227523e-001  4.473491e+000  2.088484e+000  2.654891e+000  1.595563e+000  2.384794e+000  4.697232e+000  8.284633e-002 -1.006636e+000  8.923795e-001 -1.566069e+000 -1.212411e+000 -2.383990e+000 -5.471124e-001 -1.557708e+000 -1.600157e+000 -4.541672e-001  7.623585e-001  7.890674e-001 -1.457346e-001 -5.924236e-001  6.756216e-003
-2.444407e+001 -5.328777e+000 -3.096296e+000  2.749085e+000 -5.739148e+000  2.852622e+000  8.638525e-001  7.669908e+000  3.224764e+000 -3.079602e+000  4.102127e+000 -6.507258e+000  5.894836e+001 -4.212649e+000 -1.854775e+000 -4.128991e+000 -1.425636e+000 -1.320181e+000  1.539879e+000 -8.573669e-002  1.790011e+000  2.481720e+000  2.850182e+000  4.215883e+000  5.038692e-001 -1.134488e+000  1.765586e+000 -6.344485e-001 -5.524532e-001 -1.316902e+000 -3.596421e-001 -2.126096e+000 -1.535686e+000 -1.246701e+000 -6.143853e-001 -7.373136e-001 -1.256024e+000  9.642703e-003 -3.254882e-002
-2.643299e+001 -4.321022e+000 -9.253681e+000 -4.448816e+000 -9.021266e+000 -3.048856e+000 -1.461015e+000  4.540456e+000  9.544342e-001 -2.157747e+000  3.845543e+000 -3.990374e+000  5.749067e+001 -2.036471e+000 -1.294341e+000 -3.796816e+000 -1.247174e+000 -1.383780e+000 -8.315905e-001 -1.960212e+000  3.393004e-001  6.407539e-001  8.746437e-001  2.516665e+000  1.871428e+000 -1.065488e+000  1.715523e+000 -2.571869e-003  3.427040e-001 -7.946015e-004  2.556557e-001 -1.021644e+000 -3.951837e-001 -8.389571e-001 -1.131483e+000 -1.115846e+000 -1.475973e+000 -9.888589e-002  4.568737e-002
-2.603590e+001 -4.749896e+000 -1.137110e+001 -4.986080e-001 -1.152448e+001 -5.208352e+000 -2.748457e+000  7.132276e+000 -2.119422e-002 -1.038170e+000  9.965565e+000 -1.112686e+000  5.732724e+001 -6.518707e-001 -1.081991e+000 -2.584933e+000 -9.958941e-002  1.234132e-001 -1.401819e+000 -1.535706e+000 -1.252580e+000 -2.263847e+000 -1.786664e+000 -2.852380e-001  1.353004e+000 -1.026126e+000  1.013485e+000  3.803851e-001  1.006729e+000  1.071517e-001  5.542712e-001  7.737118e-002  7.351958e-001 -2.807798e-001 -8.070940e-001 -6.079966e-001 -1.342312e+000 -5.229436e-001  1.765399e-001
-2.619931e+001 -6.907450e+000 -1.308994e+001  1.281316e+000 -8.348864e+000 -4.356820e+000 -5.973925e+000  7.406870e-001 -4.246771e+000 -8.243702e+000  5.431668e+000  1.891043e+000  5.609279e+001 -4.666882e-002 -1.254003e+000 -1.363501e+000 -3.459793e-001  1.079234e+000  8.361185e-001  8.375503e-001 -1.859925e-002 -1.689069e+000 -8.760109e-001 -4.320753e-001 -8.361505e-001 -8.323799e-001  6.334372e-001  7.084225e-001  1.292393e+000 -9.509493e-002  7.274225e-002  5.477071e-001  1.366117e+000  3.169123e-001  2.162054e-002  3.141885e-001 -7.288036e-001 -5.543741e-001  3.555666e-001
-2.782026e+001 -9.445517e+000 -1.410283e+001 -6.139281e-001 -5.458283e+000 -3.502492e+000 -4.558223e+000  3.306894e+000 -5.493869e+000 -8.969946e+000  1.882875e+000 -2.682946e+000  5.451667e+001 -1.401241e-001  2.698102e-002 -3.120035e-001 -1.340475e+000  2.196678e-001  1.092880e+000  2.191361e+000  5.650621e-001 -3.888384e-001  6.855264e-001 -1.021310e+000 -7.570596e-001 -3.683422e-001  6.265032e-001  7.928943e-001  1.457412e+000  9.142527e-003 -4.977216e-001  3.983998e-001  6.196688e-001  2.228978e-001  5.528229e-001  8.845790e-001  3.930892e-002  2.126464e-001  5.129747e-001
-2.577416e+001 -8.243225e+000 -1.470532e+001 -6.121053e+000 -6.658194e+000  2.788061e-001  3.631619e+000  6.360151e+000 -4.754576e+000 -2.571914e+000  5.726512e+000 -7.385997e+000  5.473405e+001  8.748417e-001  1.693286e+000  1.528685e+000 -1.102206e+000 -1.068196e+000  6.595954e-001  3.006840e+000  1.015041e+000 -1.886478e-001  1.209491e+000 -7.593174e-001  1.545888e-001  3.834530e-001  1.319829e+000  6.349722e-001  1.403430e+000  2.261639e-001 -8.031485e-001 -7.064485e-001 -1.025858e+000 -5.738835e-001  2.211567e-001  1.247879e-001 -1.558393e-001  8.377761e-001  5.949965e-001
-2.694910e+001 -3.947104e+000 -1.212343e+001 -3.499799e+000 -1.127147e+001 -2.061765e+000  3.405576e+000  7.147855e+000 -1.711484e+000 -4.464323e-001  4.711594e+000 -2.594641e-001  5.616489e+001  2.019890e+000  1.408836e+000  3.256036e+000  3.242363e-001 -1.291480e+000  6.784413e-001  4.779934e-001 -6.549109e-001 -2.499433e-001  1.593480e+000  7.492770e-002  1.920866e+000  9.308311e-001  2.021514e+000 -3.910690e-001  1.110549e+000 -2.363302e-001 -3.177101e-001 -1.676612e+000 -1.500939e+000 -9.446294e-001  1.032722e-001 -8.482312e-001 -1.817280e-001  2.042865e-001  6.850609e-001
-2.226069e+001 -1.190227e+000 -6.436216e+000 -2.786776e+000 -1.078325e+001 -1.779206e+000  5.078372e+000  3.895411e+000 -7.081203e+000 -6.458003e+000  2.207216e-001  1.452247e+000  5.718594e+001  5.472467e+000  1.229930e+000  3.869627e+000 -4.751556e-002 -2.180935e+000 -2.488905e+000 -3.435056e+000 -2.278030e+000 -6.527336e-001 -7.060479e-001 -1.759390e+000  2.013767e+000  1.493016e+000  1.670393e+000 -1.513823e+000  4.271189e-001 -1.056937e+000 -5.778497e-002 -1.972785e+000 -1.073077e+000 -7.780671e-001  5.058497e-001 -1.452031e+000 -3.151376e-001 -7.880841e-001  6.555977e-001
-1.947755e+001 -5.927834e+000 -1.957203e+000 -6.598847e-001 -9.853157e+000  9.187210e-001 -2.891632e+000  1.264709e+000 -5.580272e+000  9.404967e-001  5.010408e+000  2.502264e+000  5.794488e+001  7.668631e+000 -1.696686e+000  4.070270e+000 -3.049471e+000 -8.125134e-001 -5.715929e+000 -2.092385e+000 -2.511549e+000  3.595653e-001 -2.597860e+000 -1.429913e+000 -6.652162e-001  2.502181e+000  4.277915e-001 -1.825437e+000 -2.229103e-001 -1.571024e+000  3.654664e-002 -1.253282e+000  3.862276e-001  5.090903e-002  6.256837e-001 -1.712208e+000 -4.425339e-001 -1.492065e+000  4.908289e-001
-2.147599e+000 -1.103208e+000 -4.402969e-001 -7.778588e+000 -1.827203e+001 -1.365596e+001 -1.039506e+001 -2.088428e+000 -6.083849e+000 -6.795618e+000 -3.219848e+000  1.301974e+000  6.130914e+001  6.402436e+000 -4.323066e+000  3.257162e+000 -4.700035e+000 -1.596604e+000 -6.007144e+000 -1.073355e+000 -1.946975e+000  2.035846e+000 -3.954996e+000 -1.582585e+000 -2.492791e+000  2.875767e+000 -1.560699e+000 -1.628195e+000 -5.356346e-001 -8.380070e-001  4.559058e-001  8.988044e-001  1.524067e+000  7.959411e-001  3.667191e-001 -7.542713e-001  1.090744e-001 -1.104873e+000  9.360275e-002
 1.337510e+000 -1.247404e+001  5.229962e+000 -1.625125e+001 -1.158965e+001 -2.470303e+001  6.803684e-001 -2.417973e+000 -4.123338e-001 -1.326692e+001 -7.176867e-001 -3.510409e+000  6.661420e+001  3.693863e+000 -4.941851e+000  2.447717e+000 -5.204626e+000 -1.400912e+000 -3.828850e+000  1.228281e+000 -5.658934e-001  1.534185e+000 -5.343087e+000 -2.226144e+000 -3.286180e+000  2.693600e+000 -2.412774e+000 -2.672895e-001 -7.789072e-001  5.235509e-001  3.647332e-001  2.472022e+000  9.270679e-001  9.534626e-001 -4.830245e-001  3.711073e-001  9.809543e-002  1.349173e-001 -4.104420e-001
-6.560341e-001 -1.953245e+001  6.256013e+000 -1.849127e+001 -1.789802e+001 -1.900405e+001 -2.074403e+000 -3.998122e+000  5.140593e-001 -1.912927e+001 -4.828156e+000 -8.005371e+000  6.723012e+001 -3.436440e-001 -5.288462e+000  2.002730e+000 -3.159974e+000  3.927935e-001  1.061578e+000  2.524944e+000  7.288473e-001  5.935519e-001 -3.104791e+000 -8.159027e-001 -2.200116e+000  1.865320e+000 -1.861350e+000  9.404175e-001 -7.072635e-001  1.278058e+000  6.810189e-001  2.289682e+000  3.729852e-001  7.435056e-001 -9.877167e-001  1.137810e+000  3.108311e-001  9.935287e-001 -6.209552e-001
-1.754013e+000 -2.142246e+001  6.933228e+000 -2.132667e+001 -1.704472e+001 -1.555148e+001 -9.105559e-001 -6.099102e-001 -1.208300e+000 -1.960811e+001 -5.316159e+000 -9.274962e+000  6.845239e+001 -1.022198e+000 -2.550436e+000  8.029496e-001 -1.201748e+000  1.645355e-002  3.109822e+000  7.438052e-001  9.178525e-001 -1.334410e+000 -1.167426e+000 -1.322777e+000 -1.369671e-001  9.551941e-001 -7.703535e-001  1.399106e+000 -6.087466e-001  1.432802e+000  4.957230e-001  1.100857e+000 -2.636171e-001  2.034800e-001 -6.593143e-001  1.269448e+000  4.209062e-001  1.138657e+000 -6.336622e-001
-2.320058e+000 -2.307131e+001  8.721719e+000 -2.104074e+001 -1.358052e+001 -1.292385e+001  3.025124e+000  6.517774e-001 -2.718107e+000 -1.914898e+001 -5.000125e+000 -6.816327e+000  6.971664e+001 -5.462853e-001 -8.166857e-001  5.432287e-001 -3.111841e-001  1.099807e+000  1.971928e+000  1.033809e+000  1.028680e+000 -1.468439e+000 -3.537779e-001 -4.801133e-001  9.002464e-001  6.401939e-001  1.966548e-001  1.325665e+000 -5.511156e-001  9.460593e-001  1.761193e-002 -2.773463e-001 -5.697819e-001 -7.855450e-002 -1.795164e-001  7.101645e-001  1.410572e-001  6.110654e-001 -4.788664e-001
-2.941466e+000 -2.345679e+001  8.011857e+000 -2.098525e+001 -1.366613e+001 -1.219402e+001  1.849631e+000 -1.536602e-001 -5.468300e+000 -1.909420e+001 -7.245587e+000 -4.789767e+000  7.014690e+001 -5.658350e-002 -1.822071e-001  1.337345e-001  5.349894e-001  7.241960e-001  1.220260e+000  6.557629e-001  3.015903e-001 -7.313907e-001 -3.713558e-001 -2.895080e-001  8.569222e-001  1.378525e-001  3.414049e-001  6.006413e-001 -3.845337e-001  4.465072e-001 -1.007201e-001 -8.050004e-001 -3.587634e-001 -1.206819e-001  2.774594e-001  3.123313e-001  4.533026e-002 -5.914510e-002 -3.132043e-001
-2.793734e+000 -2.259871e+001  8.432842e+000 -2.021790e+001 -1.408828e+001 -1.082314e+001  1.714546e+000  9.171541e-001 -4.698138e+000 -2.115512e+001 -6.264008e+000 -5.746737e+000  6.958383e+001  1.568230e-001  1.557501e-001 -4.182404e-001  7.019542e-001  1.269819e-001  6.196269e-001 -2.799443e-001  6.442058e-001 -6.055397e-001  4.799671e-002 -6.272510e-001  3.582665e-001 -1.203415e-001  2.536176e-001  1.859660e-001 -3.284925e-001  2.199732e-001 -2.408988e-001 -6.117057e-001 -4.335649e-001 -7.306538e-002  3.444603e-001  3.658062e-001 -1.579829e-001 -2.646066e-001 -1.984539e-001
-1.800092e+000 -2.256980e+001  7.746339e+000 -1.906315e+001 -1.316986e+001 -1.050054e+001  3.023547e+000  7.653530e-001 -3.875238e+000 -2.046182e+001 -6.131758e+000 -5.525146e+000  6.920806e+001  3.332729e-001 -3.344727e-002 -6.389843e-001  5.242192e-001 -7.340431e-004 -2.390295e-001 -3.931355e-001  5.066803e-001 -3.785629e-001  1.933430e-001 -1.022557e+000 -1.617027e-001 -2.305595e-001  2.183027e-001  1.056899e-001 -1.478701e-001  9.873746e-002 -1.745933e-002 -4.895828e-001 -3.872839e-001  1.311813e-002  4.029797e-001  5.572780e-001 -7.637776e-002 -1.710762e-001 -1.159779e-001
-2.106629e+000 -2.273606e+001  6.763276e+000 -1.849203e+001 -1.319375e+001 -1.067246e+001  1.038445e+000  3.413300e+000 -6.542336e+000 -1.822518e+001 -8.693295e+000 -4.657305e+000  6.958436e+001  5.268744e-001  3.876419e-002 -7.128745e-001  7.940668e-001  2.577780e-001 -3.569556e-001 -6.095666e-001  5.608085e-001  7.744799e-002  1.192904e+000 -9.035034e-001  8.652578e-002 -1.678696e-001  2.733169e-001  2.573215e-001  4.817913e-002  2.652458e-001  2.751882e-001 -3.575131e-001 -5.350503e-001 -2.925734e-001  4.979884e-001  8.736393e-001  9.751613e-002 -1.784771e-002 -2.568431e-001
-1.618654e+000 -2.355536e+001  5.651719e+000 -1.922709e+001 -1.411707e+001 -1.346451e+001  2.220045e-001  1.131668e+000 -6.439015e+000 -1.959245e+001 -1.114373e+001 -6.142996e+000  6.899384e+001  8.499041e-001  4.047352e-001 -4.582988e-001  9.826204e-001  5.715013e-001 -7.393632e-001 -1.115846e+000  4.088796e-001  9.420141e-001  1.842581e+000 -5.332707e-001  1.374115e-001 -4.182732e-001  2.443762e-001  6.194288e-001  2.299651e-001  5.651430e-001  6.497244e-001 -3.392695e-001 -8.864797e-001 -7.877870e-001  4.846088e-001  1.238643e+000  3.288981e-001 -7.110396e-002 -5.927399e-001
-2.500806e-001 -2.191211e+001  5.915780e+000 -1.616559e+001 -1.232579e+001 -1.112593e+001  6.748497e-002  3.538039e+000 -3.029009e+000 -1.562528e+001 -8.275539e+000 -5.005183e+000  6.885159e+001  1.265092e+000  1.223266e+000 -2.676875e-001  1.798983e+000  1.216805e+000 -9.177718e-001 -2.593841e+000 -7.697608e-001  1.224114e+000  3.591574e+000 -3.843134e-001  1.194709e-001 -1.310700e+000  5.019641e-002  8.681791e-001  2.750049e-001  5.956062e-001  8.416572e-001 -4.570170e-001 -1.043501e+000 -1.253220e+000  1.713503e-002  1.145018e+000  3.818824e-001 -3.415022e-001 -8.776968e-001
 1.521154e+000 -2.095809e+001  5.878593e+000 -1.531326e+001 -1.074634e+001 -1.397062e+001 -2.070202e+000  2.747382e+000 -9.218316e-001 -1.254887e+001 -9.006989e+000 -4.664150e+000  6.748308e+001  1.186045e+000  2.471446e+000  2.882478e-001  2.847476e+000  2.768374e+000 -1.654969e+000 -3.833397e+000 -2.766970e+000  1.471148e+000  5.187220e+000  3.623385e-001 -5.336950e-001 -2.622844e+000 -1.899483e-001  8.205592e-001  1.804806e-001  4.446329e-001  6.205367e-001 -1.626099e-001 -6.857018e-001 -1.198717e+000 -3.840851e-001  4.693278e-001  4.874332e-001 -4.235792e-001 -7.817955e-001
 2.648927e+000 -1.791836e+001  5.311401e+000 -1.145403e+001 -8.795091e+000 -1.500826e+001 -1.078466e+001 -1.243361e+000 -3.180359e+000 -3.789104e+000 -1.168323e+001 -4.799374e+000  6.378624e+001  6.097860e-001  3.346304e+000  2.888768e-001  2.839670e+000  3.367628e+000 -2.184238e+000 -4.468297e+000 -4.117368e+000 -1.014440e-001  5.245674e+000  5.581041e-001 -1.285432e+000 -3.454068e+000 -3.453123e-001  3.435512e-001  4.349239e-002 -1.311490e-002 -5.952060e-002  1.885657e-001  1.777803e-001 -2.353070e-001 -4.731483e-001 -6.719332e-001  4.427666e-001 -2.229725e-001 -1.770338e-001
 2.862067e+000 -1.319501e+001  7.395147e+000 -7.345496e+000 -2.040545e+000 -1.979819e+001 -1.351891e+001 -1.031248e+001  9.924009e-001  4.255574e-001 -7.628190e+000 -8.914376e+000  5.841230e+001  2.278157e-001  3.446012e+000  1.658222e-001  2.685441e+000  2.598774e+000 -9.191796e-001 -3.607126e+000 -3.910901e+000 -3.156322e-001  3.362170e+000  1.432687e+000 -1.278033e+000 -3.255567e+000 -2.849948e-001 -4.520666e-001 -1.360083e-001 -6.243546e-001 -8.987158e-001  4.626533e-001  1.018637e+000  1.079097e+000 -4.506951e-001 -1.483669e+000 -4.871981e-002  3.164237e-001  6.859868e-001
 2.128392e+000 -9.062131e+000  6.601887e+000 -5.951127e+000  1.594553e-001 -1.913333e+001 -1.654965e+001 -1.051887e+001 -4.493346e+000  4.115877e+000 -6.174418e+000 -9.307229e+000  5.611664e+001  1.764541e-002  2.453739e+000  1.098723e-002  1.814425e+000  1.004002e+000 -3.428379e-001 -1.818074e+000 -1.374330e+000 -2.482375e-001  1.144434e+000  1.294345e+000 -6.232225e-001 -1.879508e+000 -1.557437e-001 -1.144166e+000 -1.510958e-001 -1.029948e+000 -1.345920e+000  3.117669e-001  1.650072e+000  1.741878e+000 -1.009129e-002 -1.857136e+000 -4.444117e-001  5.993070e-001  1.328315e+000
 2.920500e+000 -8.156144e+000  6.062461e+000 -4.637503e+000 -2.229741e+000 -1.650398e+001 -1.722334e+001 -1.216937e+001 -1.843499e+000  3.094921e-001 -4.597961e+000 -8.800387e+000  5.504004e+001  5.714109e-002  6.573954e-001 -2.528488e-001  2.383253e-001 -5.433921e-001 -2.624024e-001 -6.532498e-002  1.256995e+000 -7.089302e-001 -1.805039e-001 -2.493812e-001  7.173187e-001  1.981010e-002 -1.568610e-001 -1.370645e+000 -8.168682e-002 -1.319799e+000 -1.057347e+000 -4.850737e-002  1.848980e+000  1.557159e+000 -7.634690e-002 -1.759000e+000 -6.970615e-001  6.292195e-001  1.515158e+000
 2.707938e+000 -8.169095e+000  6.032680e+000 -3.735898e+000 -3.680481e+000 -1.836956e+001 -1.802281e+001 -7.186570e+000 -3.003596e+000  1.991097e+000 -6.726619e+000 -7.972481e+000  5.607483e+001 -8.359528e-002 -9.802169e-001 -2.572666e-001 -1.086511e+000 -1.790891e+000 -9.537922e-001  2.011160e+000  2.008071e+000  4.474853e-002 -2.268668e+000 -8.229206e-001  7.134273e-001  1.549819e+000 -2.233466e-001 -1.046781e+000  6.321426e-003 -1.125707e+000 -4.096555e-001  6.802361e-002  1.625895e+000  5.313443e-001 -2.092684e-001 -1.556584e+000 -3.032148e-001  5.140905e-001  1.170651e+000
 2.858000e+000 -1.035455e+001  6.415507e+000 -7.261484e+000 -2.837538e+000 -2.149209e+001 -1.310895e+001 -5.693656e+000 -3.297125e+000  5.854281e-001 -8.598995e+000 -5.995157e+000  5.853226e+001 -5.058690e-001 -1.690234e+000 -1.084850e-001 -2.463084e+000 -1.290512e+000 -8.562393e-001  3.723156e+000  2.183694e+000 -8.438597e-001 -3.726278e+000 -9.939877e-001  1.199739e+000  2.605560e+000 -2.335058e-001 -4.429654e-001  1.774489e-001 -4.308808e-001  1.741350e-001  4.970021e-001  8.734141e-001 -2.862104e-001 -2.536525e-001 -1.056126e+000  5.302542e-001  2.222718e-001  4.936824e-001
 1.741666e+000 -1.286401e+001  5.139031e+000 -1.007169e+001 -8.491101e+000 -2.140824e+001 -8.551040e+000 -3.716370e+000 -3.542790e+000 -7.365432e+000 -8.288505e+000 -7.142708e+000  6.211963e+001 -8.175824e-001 -1.606352e+000 -2.958751e-002 -2.463404e+000 -6.707151e-001  2.941986e-001  4.417161e+000  8.190416e-001 -1.227115e+000 -4.865597e+000  1.505745e-001  1.706020e+000  2.680873e+000 -1.009867e-001  9.918158e-002  2.959264e-001  2.023631e-001  6.058453e-001  6.488278e-001 -2.101814e-001 -6.006663e-001 -3.414290e-001 -1.622353e-002  8.761409e-001  1.060890e-001 -2.219894e-001
 8.742913e-001 -1.425986e+001  5.966861e+000 -1.378503e+001 -6.276993e+000 -1.926584e+001 -3.343444e+000 -2.985999e+000 -5.793200e+000 -1.364363e+001 -8.786957e+000 -3.216576e+000  6.504544e+001 -7.433946e-001 -1.244364e+000  5.205561e-001 -1.227632e+000 -2.328047e-001  1.598613e+000  3.098745e+000  4.204584e-001 -1.341261e+000 -4.162670e+000  1.915142e+000  1.332381e+000  1.922695e+000  1.279587e-001  4.272126e-001  2.325933e-001  6.842270e-001  4.255253e-001  2.730457e-001 -1.181353e+000 -3.909515e-001 -1.606725e-001  1.099588e+000  5.726063e-001 -7.331347e-002 -7.588356e-001
-3.881193e-001 -1.424820e+001  6.109066e+000 -1.279115e+001 -5.314329e+000 -1.801169e+001 -8.197624e-001 -4.445190e+000 -7.891133e+000 -1.522236e+001 -5.879766e+000 -8.316718e-001  6.622260e+001 -4.697661e-001 -7.072440e-001  9.078447e-001 -6.924211e-001  7.094815e-001  1.062921e+000  1.272459e+000 -1.136424e-001 -1.413696e+000 -2.131590e+000  2.103219e+000  1.177551e+000  7.813042e-001  3.419972e-001  6.451798e-001 -1.947158e-002  8.727465e-001 -5.290938e-002 -1.789084e-001 -1.718140e+000  3.023741e-001 -1.155990e-002  1.691947e+000 -1.925704e-001 -1.121133e-001 -9.733741e-001
 2.059196e-001 -1.588428e+001  8.533270e+000 -1.203992e+001 -5.589947e+000 -1.519730e+001 -1.480864e+000 -3.226954e+000 -7.829259e+000 -1.629946e+001 -2.276531e-001 -2.488767e+000  6.609425e+001 -3.998343e-002 -3.725243e-003  5.857651e-001  7.255974e-002  1.470160e-001  1.246283e-001 -6.112585e-001  6.952782e-001 -1.553931e+000  4.046572e-001  8.927217e-001  1.097406e+000 -2.388336e-001  5.681298e-001  8.449996e-001 -1.671135e-001  7.601007e-001 -4.772340e-001 -6.404241e-001 -1.226242e+000  3.004823e-001 -7.776209e-002  1.693775e+000 -1.133763e+000  1.936596e-001 -1.027222e+000
-2.729784e-001 -1.558802e+001  8.395050e+000 -1.440635e+001 -5.287217e+000 -1.812790e+001 -3.120037e+000 -4.164104e+000 -9.593240e+000 -1.669547e+001 -2.052063e+000 -1.618856e+000  6.550175e+001  5.406983e-001  9.992278e-001 -1.595499e-001  1.250232e+000 -1.125172e+000  1.366489e-001 -2.318539e+000  2.193502e+000 -1.178579e+000  1.310473e+000 -3.010670e-001  1.262941e+000 -1.105233e+000  6.408361e-001  8.033432e-001 -1.480311e-004  6.431462e-001 -7.346805e-001 -6.274867e-001 -1.901861e-001 -1.868263e-001  4.727507e-003  1.203017e+000 -1.348860e+000  4.237373e-001 -8.632596e-001
 6.168037e-001 -1.360857e+001  7.752694e+000 -1.261463e+001 -5.555469e+000 -1.858459e+001 -5.249599e+000  3.498494e-001 -1.271180e+001 -1.088379e+001 -6.237200e+000  2.664048e+000  6.421170e+001  1.592022e+000  2.127398e+000  2.186860e-001  1.601545e+000 -1.701648e+000 -1.140372e+000 -1.236968e+000  7.692974e-001 -1.847630e+000  2.585172e+000 -2.551528e+000  2.257985e+000 -2.270147e+000  4.276645e-001  4.996059e-001  3.010243e-001  1.723873e-001 -3.701989e-001 -5.760340e-001  7.291337e-001 -8.466556e-001  1.262688e-001  5.029875e-001 -1.041687e+000  4.173603e-001 -4.984763e-001
 2.109930e+000 -1.038991e+001  5.701604e+000 -6.252630e+000 -1.095743e+001 -1.563480e+001 -1.052809e+001  4.733919e+000 -1.134276e+001 -1.137782e+001 -4.380327e+000  2.906625e+000  6.163771e+001  1.918412e+000  2.243910e+000  1.090644e+000  1.758817e+000 -2.039589e+000 -1.442013e+000  6.343831e-001 -1.084783e+000 -1.243209e+000  2.793239e+000 -2.918958e+000  2.715949e+000 -2.519337e+000  2.685297e-003 -1.241472e-001  3.411387e-001 -4.297067e-001  4.964307e-001 -6.598553e-001  1.069787e+000 -1.129029e+000  2.705560e-001  1.897274e-001 -6.947438e-001  1.013091e-001  9.129999e-002
 6.974575e+000 -7.846340e+000  1.097342e+001 -8.109051e+000 -1.126308e+001 -2.214571e+001 -3.961680e+000 -3.829479e+000 -1.619265e+001 -6.032421e+000 -1.182116e+001  6.538417e+000  5.667553e+001  1.409482e+000  1.871963e+000  1.465790e+000  6.802039e-001 -1.246770e+000 -1.966211e+000  1.557949e+000 -1.898857e+000 -8.902723e-001  2.178212e+000 -3.006768e+000  2.457704e+000 -2.024163e+000 -4.275570e-001 -9.227131e-001 -2.947316e-001 -5.403000e-001  1.175857e+000 -1.156937e-001  5.587839e-002 -1.544985e-002  5.634789e-001 -1.231142e-001  2.388961e-001 -6.489938e-001  8.004535e-001
 6.140195e+000 -7.249589e+000  1.223791e+001 -7.865053e+000 -1.263136e+001 -2.355741e+001 -5.920806e-001 -7.498357e+000 -1.406886e+001 -5.154963e+000 -1.385487e+001  1.002370e+001  5.667315e+001  6.453947e-001  5.062093e-001  9.225918e-001 -4.376307e-001  1.129542e+000 -2.749708e+000  1.632938e+000 -2.117564e+000 -3.044780e-001  2.462590e+000 -3.547166e+000  1.669627e+000 -7.717251e-001 -3.924851e-001 -1.210628e+000 -9.643203e-001 -4.339415e-001  1.449555e+000  5.809686e-001 -9.892701e-001  8.336327e-001  2.677777e-001 -9.883597e-002  1.183503e+000 -1.624567e+000  9.789358e-001
 5.649082e+000 -5.818919e+000  1.181349e+001 -8.407395e+000 -1.095236e+001 -2.445434e+001 -2.427858e+000 -3.028297e+000 -1.580011e+001 -3.104162e+000 -1.653377e+001  1.139403e+001  5.657317e+001  9.074555e-002 -1.617317e+000 -1.170946e+000 -1.730680e-003  2.593073e+000 -1.064993e+000 -1.456854e+000  1.208438e+000  5.003994e-001  2.134925e+000 -1.042944e+000 -4.638230e-001  8.583145e-001 -9.247619e-002 -9.665977e-001 -1.207072e+000 -3.219702e-002  7.558985e-001  1.322620e+000 -1.123401e+000  8.043337e-001 -2.824012e-001 -1.590821e-001  2.186970e+000 -2.321300e+000  6.716995e-001
 5.999650e+000 -8.872578e+000  9.894528e+000 -8.291612e+000 -5.465083e+000 -2.822903e+001 -3.130309e+000 -6.254490e+000 -1.306141e+001 -5.290002e-001 -1.975985e+001  8.826952e+000  5.783027e+001  6.153548e-001 -2.064589e+000 -2.412590e+000 -6.992321e-002  3.288266e+000  1.012221e+000 -2.804566e+000  1.529732e+000 -5.996563e-001  2.320702e+000  2.016644e+000 -3.946122e+000  9.341030e-001  1.175737e-001 -1.238299e-001 -7.866974e-001  1.824649e-001 -5.167829e-001  1.566595e+000 -2.020051e-001  1.463142e-001 -8.729465e-001 -4.372026e-001  2.343559e+000 -1.986845e+000  5.780376e-002
 7.498575e+000 -1.512143e+001  6.290383e+000 -7.904425e+000 -1.880851e+000 -2.513486e+001 -9.976835e+000  1.590779e+000 -1.419438e+001  2.329224e+000 -1.408339e+001  4.817677e+000  6.038854e+001  9.621211e-001 -1.675626e+000 -2.901979e+000  3.353650e-001  1.453360e+000  2.765924e+000 -1.840306e+000  2.991633e-001 -2.154689e+000  1.453746e+000  5.146175e+000 -6.340922e+000  4.814205e-001  5.676106e-002  7.617691e-001  1.761406e-001  5.425362e-002 -1.375633e+000  8.564404e-001  1.246979e+000 -9.878574e-001 -8.630980e-001 -4.414624e-001  7.746693e-001 -4.397318e-001 -4.434560e-001
