59 39
 5.346166e+000 -7.622845e+000  9.854753e+000 -4.518594e+000 -7.687769e+000 -2.897994e-001 -2.332526e+001 -9.271673e+000 -5.474316e+000  4.708399e+000 -5.343580e+000 -1.911824e+000  6.171058e+001 -1.154378e+000  1.618996e+000  2.314886e+000 -3.682875e-001 -3.405706e+000  9.735019e-002  3.851053e+000 -2.620339e+000 -2.683359e+000  3.426172e-001  2.350332e+000 -8.239229e-001  4.181557e-002  2.811772e-001 -1.172750e+000 -1.623256e+000 -6.992648e-001  6.036646e-002  4.350176e-001 -3.452969e-001  2.746773e+000  8.310732e-001 -8.599510e-001  1.170295e-002 -1.711299e-001  7.692077e-001
 5.460085e+000 -4.909546e+000  1.056088e+001 -6.817982e+000 -1.261441e+001  1.652992e+000 -1.918139e+001 -1.084591e+001 -8.472323e+000  7.617838e+000 -4.282248e+000 -6.839751e+000  6.123888e+001 -7.327186e-001 -5.330747e-001 -5.192332e-001 -1.098311e+000 -3.076176e+000  6.401036e-001  2.447523e+000  2.513961e+000 -1.047371e-001 -1.024941e+000  5.753043e-001 -1.066378e+000  1.318710e+000  2.649717e-001 -1.534874e+000 -1.437119e+000 -5.997132e-001  1.032602e+000  2.788445e-001 -1.004881e+000  3.247661e+000  9.261351e-001 -1.036670e+000 -6.199252e-001 -1.480822e-001  7.454018e-001
 3.184312e+000 -8.019228e+000  6.789301e+000 -2.856897e+000 -1.484418e+001  1.048436e-002 -1.900592e+001 -8.694299e+000  5.168004e-001  2.863400e+000 -6.627602e+000 -4.462823e+000  6.470423e+001 -3.817489e-001 -2.664375e+000 -1.668000e+000 -1.555823e+000 -1.326398e+000  1.654677e+000  5.604988e-001  6.970653e+000 -1.844700e-001 -2.529662e+000  3.318751e-001 -2.065827e+000  2.002798e+000  2.186614e-001 -9.031705e-001 -6.607518e-001 -6.267905e-001  1.580310e+000  3.085855e-001 -1.001418e+000  2.013432e+000 -1.606271e-001 -5.744828e-001 -2.254651e-001 -2.809165e-001  2.709474e-001
 4.136975e+000 -1.481613e+001  3.732364e+000 -7.321975e+000 -1.542425e+001  3.903910e+000 -1.937701e+001  7.988214e+000 -2.592726e+000 -1.488346e+000 -5.534595e+000 -7.433909e+000  6.789944e+001 -3.880098e-001 -3.012380e+000 -1.310493e+000 -2.413729e+000  1.208607e+000  1.105159e+000  2.354178e-001  7.357014e+000 -1.394942e+000 -2.690056e+000  4.942901e-001 -1.561020e+000  1.936584e+000  4.833293e-002  1.889075e-001  6.021513e-002 -1.719468e-001  1.524427e+000 -4.395640e-003 -6.119736e-001 -5.054073e-001 -6.498324e-001  2.084785e-001  1.244651e-001  1.149057e-001 -2.478966e-001
 4.098977e+000 -1.599142e+001  4.929012e+000 -1.204571e+001 -1.291484e+001  6.858125e+000 -2.042495e+001  1.616453e+001 -9.336465e+000 -3.386819e+000 -3.058031e+000 -1.194388e+001  6.839428e+001 -2.334256e-001 -1.657205e+000 -5.932434e-001 -2.844531e+000  2.353453e+000  1.407750e+000 -4.998570e-002  5.025294e+000 -2.841392e+000 -1.697239e+000  1.263513e+000 -1.981184e+000  1.087615e+000  1.766307e-002  7.540998e-001  2.376836e-001  2.589581e-001  9.253612e-001 -2.351141e-001 -3.198438e-001 -2.090895e+000 -2.184153e-001  7.449258e-001  4.911669e-002  5.853825e-001 -4.818496e-001
 3.062703e+000 -1.598535e+001  4.938560e+000 -1.429222e+001 -7.536043e+000  3.754968e+000 -1.729478e+001  1.350975e+001 -1.052040e+001 -2.707332e+000 -3.595583e+000 -1.090432e+001  6.907677e+001 -5.652156e-001 -9.212217e-002 -7.555357e-001 -1.313691e+000  2.706032e+000  7.415887e-001 -3.071030e-001  9.596036e-001 -2.025439e+000 -3.987597e-001  7.318105e-001 -5.341707e-001  5.368179e-001  9.038548e-002  6.400689e-001  1.547894e-001  5.156212e-001  2.222096e-001 -1.182918e-001 -2.725908e-001 -2.064416e+000  3.439286e-001  6.570826e-001  1.032410e-001  4.726973e-001 -4.352189e-001
 2.554319e+000 -1.572065e+001  3.219987e+000 -1.359443e+001 -7.021017e+000  7.123704e+000 -2.029696e+001  1.367141e+001 -9.726319e+000 -5.013303e+000 -1.279541e+000 -1.263354e+001  6.955364e+001 -2.048306e-001 -3.540045e-001 -7.570599e-001 -8.110520e-001  2.551695e+000  6.608911e-001 -7.674597e-001 -2.851191e-001 -9.612986e-001  4.931917e-002  4.586984e-001  3.476605e-001  2.934326e-001  1.391045e-001  2.095341e-001  8.734701e-002  4.328237e-001 -1.309197e-001 -1.615013e-001 -1.502151e-001 -1.177545e+000  5.255052e-001  4.202681e-001  3.094848e-002  3.393570e-001 -2.378559e-001
 2.083226e+000 -1.541213e+001  8.091989e-001 -1.311607e+001 -4.840998e+000  7.479064e+000 -2.097652e+001  1.403279e+001 -1.252499e+001 -2.668902e+000 -2.764787e+000 -9.759935e+000  7.000385e+001  4.962005e-002 -4.636354e-001 -4.546372e-001 -8.523628e-001  2.220534e+000  8.871297e-001 -7.687990e-001 -3.098606e-001 -6.153457e-001 -2.779222e-001  1.412902e+000 -3.619556e-001  1.575813e-001  2.105841e-001 -7.440057e-002  1.573808e-001  1.133169e-001 -3.267999e-001 -9.129059e-002 -3.084996e-002 -2.542836e-001  3.802729e-001  6.440794e-002  1.326914e-001 -5.518219e-002 -1.269639e-001
 3.564562e+000 -1.804805e+001  3.208393e+000 -1.668905e+001 -1.503888e+000  8.300532e+000 -2.242138e+001  1.447741e+001 -1.314066e+001 -3.159438e+000 -1.179937e+000 -1.077777e+001  6.939790e+001  1.546792e-001 -4.237776e-001 -3.069575e-001 -9.110770e-001  1.941604e+000  5.274729e-001 -5.702133e-001 -2.276969e-001 -9.189121e-001  3.436827e-001  1.077710e+000 -3.705067e-001  8.795395e-002  5.652201e-002  9.959242e-002  3.158822e-002  1.675467e-001 -4.428575e-001 -2.085049e-001  1.665658e-001 -8.464232e-002  2.852639e-001 -2.892936e-002 -5.862579e-002  2.137631e-004 -4.675072e-002
 2.805682e+000 -1.713982e+001  2.671170e+000 -1.700673e+001  8.080633e-001  7.602203e+000 -2.007657e+001  1.155744e+001 -1.188996e+001 -5.023876e+000  3.419126e+000 -1.364198e+001  6.994255e+001  3.079503e-001 -4.292385e-001 -1.936826e-001 -6.970946e-001  1.377078e+000  3.518449e-001 -5.599760e-001 -3.405257e-001 -1.452674e-001 -2.239018e-001  1.085762e+000 -4.509981e-001  4.737854e-003  1.681307e-002  1.265007e-001 -2.185569e-002  2.018140e-001 -3.981169e-001 -3.610089e-001  2.965044e-001 -1.720521e-001  4.138984e-001 -7.796717e-002 -3.385872e-001  3.085712e-001 -3.089760e-002
 2.966487e+000 -1.697569e+001  7.542131e-001 -1.620449e+001 -1.375294e-001  9.699499e+000 -2.359801e+001  1.377060e+001 -1.463840e+001 -2.117403e+000  1.017051e+000 -1.254504e+001  7.002406e+001 -5.138564e-002  1.267591e-001 -7.295961e-001 -5.095253e-002  7.591355e-001 -1.139912e-001 -3.904228e-002 -6.929981e-001  2.299818e-001 -1.223378e-001  3.291397e-001  3.932506e-001  1.361008e-001  5.024279e-002  3.961527e-002  6.104465e-002  2.065391e-001 -3.072294e-001 -3.843232e-001  3.710872e-001 -2.134269e-001  5.095433e-001 -2.647979e-001 -1.957930e-001  2.580170e-001 -4.500740e-002
 3.922015e+000 -1.809451e+001  1.067876e+000 -1.684383e+001  1.361214e+000  8.538805e+000 -2.318809e+001  1.268357e+001 -1.250246e+001 -4.309428e+000  1.565528e+000 -1.113129e+001  6.971446e+001  2.367178e-001 -1.064001e-001 -3.525964e-001 -2.733551e-001  8.211836e-001 -5.971830e-001  4.481375e-001 -9.374706e-001  8.796993e-001 -4.347478e-001  9.425137e-002  7.990218e-001 -2.098007e-002  6.853771e-002 -2.708833e-002  1.419979e-001  1.634699e-001 -2.272420e-001 -2.451768e-001  1.846708e-001  6.129023e-002  6.962916e-002  3.396486e-002 -2.126300e-001  1.153635e-001 -5.964790e-002
 2.749468e+000 -1.693691e+001  3.620597e-001 -1.702526e+001  2.015214e+000  7.262275e+000 -2.106083e+001  1.044936e+001 -1.168450e+001 -4.128351e+000  1.392560e+000 -1.006687e+001  7.019245e+001  4.415094e-001 -3.871204e-001  7.772259e-002 -9.025116e-002  6.834040e-001 -9.196293e-001  7.811657e-001 -9.963591e-001  1.116321e+000 -8.748837e-001  5.944999e-001  2.945682e-001 -1.242241e-001  1.203909e-001 -1.382373e-001  2.547692e-001  9.155852e-002 -1.457181e-001  2.836248e-003 -2.674415e-001  5.079989e-001 -3.488108e-001  2.357452e-001 -1.747717e-001 -1.517747e-001 -9.363472e-002
 4.097781e+000 -1.769121e+001  1.104265e+000 -1.796312e+001  3.837610e+000  5.834900e+000 -1.910447e+001  8.530710e+000 -8.968409e+000 -6.192141e+000  3.702628e+000 -1.088596e+001  6.975346e+001  4.041913e-001 -3.077404e-001  1.126473e-001  1.399042e-001  2.787340e-001 -4.712203e-001 -4.672604e-002  1.176059e-001 -2.402912e-001  3.221955e-001 -1.100684e-001  1.751607e-001 -1.633392e-001 -5.676430e-002  4.584453e-002  9.480735e-002  1.440222e-001 -1.248190e-001  8.855022e-002 -4.147158e-001  5.868055e-001 -5.355257e-001  3.554703e-001 -2.074255e-001 -2.589267e-001 -3.408699e-002
 5.086151e+000 -1.911294e+001  1.124631e+000 -1.609610e+001  2.041293e+000  6.453305e+000 -2.173399e+001  1.086523e+001 -1.082382e+001 -5.550465e+000  2.921000e+000 -1.119487e+001  6.938345e+001  4.668321e-001 -4.637573e-001  3.116280e-001  2.002104e-001  3.017699e-001 -1.627913e-001 -1.128818e+000  1.319458e+000 -9.540769e-001  6.779166e-001 -4.425588e-001 -5.369234e-002 -2.608933e-001 -2.142047e-001  2.785626e-001 -1.238486e-001  1.431023e-001 -9.915179e-002  7.978104e-002 -1.573782e-001  2.111916e-001 -2.209338e-001  1.156645e-001 -4.764218e-002 -2.771235e-001  3.410141e-002
 4.774630e+000 -1.854519e+001  1.249827e+000 -1.660888e+001  2.741845e+000  6.587189e+000 -2.308514e+001  1.306366e+001 -1.413426e+001 -1.987394e+000  2.509659e-001 -9.691485e+000  6.930227e+001 -5.976500e-002  1.611410e-001  4.487634e-003  3.015253e-001  3.879057e-001 -5.328509e-001 -6.704499e-001  8.386478e-001 -7.627299e-001  5.662034e-001 -4.243468e-001 -3.214813e-001 -1.230804e-001 -2.523411e-001  3.455595e-001 -2.171949e-001  2.044006e-001 -1.957558e-001  1.653991e-002  2.918915e-001 -2.783073e-001  2.364721e-001 -3.682972e-001  3.444290e-001 -3.495112e-001  7.272217e-002
 4.745204e+000 -1.882871e+001  1.847419e+000 -1.670132e+001  4.071946e+000  6.072174e+000 -2.471458e+001  1.478017e+001 -1.387196e+001 -2.841141e+000  9.055976e-001 -1.093257e+001  6.911358e+001 -3.975362e-001  7.712519e-001 -4.874408e-001  5.444498e-001  1.330591e-001 -4.899088e-001  3.061367e-001 -3.009222e-001  2.728714e-001 -4.185653e-001  5.134282e-001 -8.427284e-001  2.615356e-002 -1.766458e-001  2.566162e-001 -1.328459e-001  2.094277e-001 -3.814313e-001  8.182193e-002  4.633126e-001 -3.080342e-001  1.460652e-001 -3.709449e-001  3.782889e-001 -1.620996e-001  5.816673e-002
 3.969430e+000 -1.702762e+001  7.653094e-001 -1.615288e+001  4.761812e+000  3.361211e+000 -2.096642e+001  1.076648e+001 -1.125799e+001 -4.715786e+000  2.588595e+000 -1.262452e+001  6.927299e+001 -4.253301e-001  8.025524e-001 -5.737927e-001  9.897873e-001 -6.156898e-001 -2.249620e-001  6.952543e-001 -4.637404e-001  3.285953e-001 -9.710496e-001  1.134083e+000 -1.177877e+000  5.674820e-002  4.376101e-002 -5.169655e-002  1.750904e-001  1.118155e-001 -4.228014e-001  1.958529e-001  2.033581e-001  1.414469e-001 -1.651241e-001 -1.223657e-001  1.042954e-001  2.272615e-001 -3.490822e-002
 3.501070e+000 -1.601547e+001 -1.070314e+000 -1.360185e+001  1.696605e+000  5.616750e+000 -2.126266e+001  1.050921e+001 -1.089760e+001 -6.279096e+000  4.319326e+000 -1.394199e+001  6.952885e+001 -2.336146e-001  4.986180e-001 -6.346124e-002  9.032181e-001 -1.103589e+000  9.237385e-002  5.048931e-001  4.304817e-001 -7.694136e-001 -4.081816e-001  6.696706e-001 -4.359925e-001 -5.997391e-002  1.786828e-001 -2.546729e-001  3.966958e-001 -3.009210e-002 -2.955917e-001  8.260614e-002 -9.631403e-003  4.766763e-001 -4.530237e-001  2.334961e-001 -2.930491e-001  5.532268e-001 -1.110267e-001
 3.270046e+000 -1.593905e+001 -1.602700e-001 -1.320968e+001  8.510665e-001  5.690091e+000 -2.133483e+001  1.288044e+001 -1.397847e+001 -5.123664e+000  4.214517e+000 -1.407616e+001  6.937837e+001  7.707927e-002  3.897514e-002  6.679500e-001  6.812185e-001 -1.107777e+000  1.552724e-001  2.469624e-001  1.180180e+000 -1.067208e+000 -5.081706e-002  1.900906e-002  6.114581e-001 -2.545578e-001  1.674564e-001 -2.158799e-001  3.289355e-001 -7.445841e-002 -2.554992e-001  9.740454e-002 -1.240491e-001  4.009849e-001 -2.802775e-001  2.414392e-001 -3.613375e-001  5.329825e-001 -1.041183e-001
 3.926823e+000 -1.687990e+001  1.992903e+000 -1.365683e+001  5.093756e-001  5.369604e+000 -2.200591e+001  1.587560e+001 -1.635879e+001 -4.678110e+000  3.440989e+000 -1.238671e+001  6.876102e+001  2.446733e-001 -1.203242e-001  8.751668e-001  5.482737e-001 -1.098855e+000 -2.669953e-001  4.821257e-001  1.260499e+000 -1.294346e+000  2.887990e-001 -3.942806e-001  1.028738e+000 -3.733269e-001  4.786276e-002 -5.290350e-002  4.235448e-002  5.964265e-002 -3.319938e-001  1.340886e-001 -1.087294e-001  1.072826e-001  6.341419e-002 -3.399362e-002 -1.162782e-002  4.751824e-002 -2.492859e-002
 4.141950e+000 -1.640053e+001  2.573451e+000 -1.271930e+001 -1.834611e-001  4.261147e+000 -1.935998e+001  1.398419e+001 -1.386343e+001 -5.770364e+000  3.122809e+000 -1.034487e+001  6.838412e+001  1.728079e-001  3.262405e-002  6.015707e-001  7.949675e-001 -1.895552e+000  4.417453e-001  8.639260e-002  1.126176e+000 -8.103264e-001 -1.123439e-001 -1.406288e-001  7.546703e-001 -3.071671e-001 -8.380038e-002  1.284667e-001 -1.669155e-001  1.822593e-001 -4.220333e-001  1.368511e-001 -1.201770e-001  5.566145e-002  2.834741e-002 -1.264309e-001  2.572467e-001 -3.313226e-001  3.725006e-002
 4.288485e+000 -1.638635e+001  1.938659e+000 -1.110568e+001 -3.280409e+000  4.996246e+000 -1.983946e+001  1.625983e+001 -1.742684e+001 -4.511751e+000  2.893777e+000 -1.066395e+001  6.815935e+001 -4.216509e-002  2.372761e-001  1.815008e-001  1.144557e+000 -2.369670e+000  6.195806e-001  4.153080e-002  9.938971e-001 -5.807835e-001 -5.473863e-001  6.913504e-001 -2.700074e-001 -1.583122e-001 -1.431229e-001  2.682248e-001 -1.802381e-001  2.347752e-001 -3.568170e-001  2.838039e-003  1.472566e-002 -5.024626e-002  1.046564e-001 -7.196622e-002  2.483712e-001 -2.650967e-001  3.792862e-002
 3.953255e+000 -1.602271e+001  2.874705e+000 -1.051042e+001 -6.731803e+000  8.085496e+000 -2.198609e+001  1.831920e+001 -1.749607e+001 -5.768563e+000  3.784979e+000 -1.116419e+001  6.814337e+001 -1.985034e-001  5.025083e-001  1.802057e-001  1.294373e+000 -2.582536e+000  3.962401e-001 -1.336252e-001  1.591788e+000 -1.282252e+000 -2.648787e-001  7.624270e-001 -3.957821e-001 -1.758148e-001 -1.398973e-001  3.206579e-001 -5.806419e-002  1.445122e-001 -9.778349e-002 -4.160342e-001  3.009574e-001 -1.561810e-001  4.677673e-002  1.302696e-001  9.908503e-002 -3.350394e-002 -1.893307e-003
 3.810345e+000 -1.588243e+001  2.749780e+000 -9.038484e+000 -8.064805e+000  6.555332e+000 -2.048520e+001  1.867758e+001 -1.744639e+001 -7.415941e+000  6.566656e+000 -1.332709e+001  6.808983e+001 -2.852853e-001  9.858577e-001  1.846590e-001  1.472447e+000 -2.539448e+000 -2.300525e-001  6.657629e-001  7.764612e-001 -5.351009e-001  5.235243e-003  3.960474e-001  2.784807e-001 -2.493599e-001 -1.015779e-001  2.670671e-001  1.476544e-001 -6.271762e-002  7.171190e-002 -5.253612e-001  3.303070e-001 -2.590719e-001  9.293704e-002  2.594700e-001 -6.461559e-002  2.045515e-001 -2.831672e-002
 3.388502e+000 -1.413995e+001  3.068919e+000 -7.281028e+000 -1.070394e+001  5.462804e+000 -1.970524e+001  2.073425e+001 -2.026492e+001 -5.642663e+000  5.098504e+000 -1.099221e+001  6.753980e+001 -4.051183e-001  1.261623e+000  3.096706e-001  1.353583e+000 -2.299581e+000 -1.213609e+000  1.279064e+000  4.539885e-001 -5.992840e-001  2.626933e-001  5.024478e-001  3.129066e-001 -2.711098e-001 -1.521948e-002  8.288567e-002  2.979110e-001 -3.433966e-001  3.828649e-001 -5.381048e-001  2.065865e-001 -3.911388e-001  2.520517e-001  2.431161e-001 -8.366906e-002  1.578290e-001 -3.949707e-002
 3.144434e+000 -1.239844e+001  2.764848e+000 -5.358141e+000 -1.399158e+001  5.157330e+000 -1.765107e+001  1.893461e+001 -1.871792e+001 -4.548525e+000  4.217252e+000 -9.357533e+000  6.721433e+001 -4.467472e-001  1.193054e+000  8.550404e-001  8.013638e-001 -2.152589e+000 -1.202301e+000  9.867212e-001  2.674375e-001 -4.575823e-001  4.861776e-001  4.982620e-001  3.984059e-001 -2.522484e-001  4.497297e-002 -6.075023e-002  3.288821e-001 -4.850674e-001  7.347134e-001 -5.459090e-001 -3.274494e-002 -3.783865e-001  2.148850e-001  2.572471e-001 -2.233989e-001  1.469019e-001 -6.995285e-002
 2.260619e+000 -1.145659e+001  4.415524e+000 -5.582675e+000 -1.526632e+001  2.716451e+000 -1.700784e+001  2.046063e+001 -1.985672e+001 -5.888805e+000  7.471920e+000 -1.158443e+001  6.722557e+001 -1.938699e-001  8.133383e-001  1.334570e+000 -8.706794e-002 -8.616415e-001 -1.808160e+000  7.388283e-001 -1.093937e-001 -6.075268e-002  7.102304e-001  2.929744e-001  3.334002e-001 -3.718559e-001  1.691559e-001 -8.797757e-002  3.002886e-001 -3.772610e-001  1.128608e+000 -5.897343e-001 -4.880953e-002 -7.153734e-001  4.356784e-001  3.469675e-001 -5.190396e-001  2.004843e-001 -2.156499e-001
 2.140551e+000 -1.125884e+001  6.351679e+000 -5.880841e+000 -1.654656e+001  1.917002e+000 -1.690030e+001  2.015158e+001 -1.993840e+001 -4.861982e+000  7.871258e+000 -1.103895e+001  6.698570e+001 -1.660447e-001  9.062487e-001  1.316620e+000 -2.325647e-001  4.151490e-001 -2.662323e+000  7.721559e-001 -8.337803e-001  2.700582e-001  1.067702e+000 -6.162104e-001  1.002743e+000 -5.487511e-001  2.487272e-001  7.303960e-002  1.914434e-001  7.757552e-002  1.193863e+000 -4.890463e-001  6.681496e-002 -1.592219e+000  6.574265e-001  5.411895e-001 -5.815002e-001 -1.170845e-001 -3.980619e-001
 2.921094e+000 -1.064306e+001  7.948351e+000 -7.455018e+000 -1.373466e+001 -1.957831e+000 -1.638648e+001  1.957880e+001 -1.995845e+001 -1.934783e+000  4.736373e+000 -8.484502e+000  6.579484e+001  3.003099e-001  9.651377e-001  1.580324e+000 -1.575766e-002  2.059591e+000 -3.432270e+000  1.142299e+000 -2.572270e+000  1.215288e+000  1.706769e+000 -1.535514e+000  1.013159e+000 -1.201108e+000  2.127462e-001  1.756394e-001  1.453058e-001  4.182194e-001  6.946619e-001  4.990411e-002  7.543352e-002 -2.196558e+000  6.818238e-001  6.714023e-001 -4.263474e-001 -4.524494e-001 -4.107249e-001
 1.983973e+000 -8.273965e+000  7.581534e+000 -5.584794e+000 -1.268166e+001 -5.817142e+000 -1.410097e+001  1.520662e+001 -1.731677e+001 -1.187026e+000  2.503974e+000 -5.893782e+000  6.518594e+001  5.497988e-001  1.482353e+000  1.689380e+000  1.153586e+000  2.356112e+000 -2.835477e+000  1.119061e+000 -6.462221e+000  2.191530e+000  2.693856e+000 -1.494995e+000 -5.268959e-001 -1.827932e+000  1.385517e-001  4.898896e-002  9.816085e-002  3.351443e-001  7.114501e-002  7.113944e-001 -1.615817e-001 -1.765594e+000  3.197651e-001  7.343776e-001 -2.911974e-001 -5.331380e-001 -2.260421e-001
 3.840457e+000 -8.123338e+000  1.170222e+001 -5.809487e+000 -6.900813e+000 -1.057783e+001 -1.269601e+001  1.007176e+001 -1.509110e+001  8.075608e-001  2.477994e+000 -9.091220e+000  6.211991e+001  5.119395e-001  1.403483e+000  1.874719e+000  1.310954e+000  1.641186e+000 -1.472062e+000  9.425435e-001 -8.277965e+000  2.387631e+000  3.254165e+000 -1.399371e+000 -1.164027e+000 -1.785890e+000 -1.115754e-001 -1.296015e-001 -1.972692e-001  7.142177e-002 -5.867977e-001  1.168738e+000 -4.320251e-001 -2.285536e-001 -3.394501e-001  4.517304e-001 -2.172229e-001 -8.093160e-002  1.854728e-001
 4.429863e+000 -5.106936e+000  1.292165e+001 -9.356746e-001 -8.182924e+000 -7.950387e+000 -1.315023e+001 -7.406002e+000 -1.141442e+001  7.236126e+000  1.525474e+000 -1.337007e+001  5.968351e+001  4.208990e-001  9.320207e-001  1.660227e+000  7.798009e-001  9.800764e-001 -8.545456e-002  6.412534e-002 -6.808904e+000  1.282712e+000  3.965892e+000 -2.140269e+000 -5.743536e-001 -1.386571e+000 -2.550118e-001 -3.550206e-001 -5.217940e-001 -1.730759e-001 -8.117223e-001  1.145354e+000 -5.309284e-001  1.864190e+000 -8.424466e-001 -2.757503e-001 -9.095579e-002  5.727777e-001  4.809784e-001
 4.257847e+000 -5.209155e+000  1.465189e+001 -3.224809e+000 -7.778101e+000 -8.251516e+000 -1.214913e+001 -1.050471e+001 -1.097147e+001  1.012446e+001 -1.771230e+000 -1.056649e+001  5.961661e+001 -1.931173e-001  5.922962e-001  6.085545e-001  5.282439e-001 -1.863799e-001  1.036409e+000 -4.903592e-001 -3.541696e+000 -2.755356e-002  3.329403e+000 -2.298991e+000  6.322301e-001 -4.944244e-001 -2.254684e-001 -2.609613e-001 -8.909435e-001  1.222652e-001 -7.014492e-001  8.325379e-001 -1.269209e-001  2.456315e+000 -9.103839e-001 -9.212495e-001  2.452914e-001  7.597578e-001  4.228129e-001
 3.879773e+000 -5.070953e+000  1.440783e+001 -2.978128e+000 -7.342638e+000 -7.407569e+000 -1.405378e+001 -8.549660e+000 -1.296302e+001  1.398398e+001 -6.072759e+000 -8.027913e+000  5.950474e+001 -3.727318e-001  1.128434e-001 -2.865075e-001  6.795619e-001 -7.887163e-001  1.637058e+000 -8.191298e-001  4.905974e-001 -8.131106e-001  1.277485e+000 -1.499963e+000  1.438864e+000 -6.877251e-002 -3.166374e-001  1.304844e-002 -6.986620e-001  1.253290e-001  3.540816e-002  1.009699e-001  1.770001e-001  2.097693e+000 -4.569323e-001 -1.194535e+000  5.553665e-001  6.414158e-001  2.759386e-001
 3.149916e+000 -5.179848e+000  1.400190e+001 -2.147041e+000 -8.252855e+000 -5.667192e+000 -1.469603e+001 -7.064897e+000 -1.445456e+001  1.408065e+001 -5.217847e+000 -8.601147e+000  5.973717e+001 -2.185873e-001  5.082656e-001 -1.606632e+000  1.972399e+000 -9.816637e-001  1.829372e+000  7.495667e-001  3.538605e-001 -1.116377e+000 -7.879448e-003 -4.930662e-001  1.628153e+000 -3.307243e-001 -2.558899e-001  1.693909e-001 -1.805044e-001 -1.868305e-001  8.157792e-001 -6.651487e-001  6.869390e-001  1.558079e+000 -2.362569e-001 -1.140827e+000  6.000323e-001  5.622815e-001  4.996429e-002
 3.120170e+000 -4.557372e+000  1.181411e+001  1.923251e+000 -1.188913e+001 -1.057259e+000 -1.597243e+001 -6.672922e+000 -1.373843e+001  1.164546e+001 -4.251034e+000 -7.158419e+000  5.927936e+001 -1.149553e+000  1.039278e+000 -7.254897e-001  6.843683e-001  1.554759e+000  2.291343e-002  3.291627e-001  1.731783e+000 -4.575376e-001 -3.381423e-001 -2.663989e-001  2.134764e+000 -8.872795e-002 -1.857920e-001  2.965469e-001  2.473344e-001 -4.854977e-001  1.065505e+000 -9.662414e-001  9.388736e-001  1.192345e+000 -3.377562e-001 -9.833139e-001  6.840289e-001  5.050514e-001 -9.984367e-002
 3.544712e+000 -2.924617e+000  7.915591e+000  4.186499e+000 -1.041317e+001 -2.279814e+000 -7.441975e+000 -9.673778e+000 -1.616565e+001  1.125433e+001 -5.147423e+000 -2.860474e+000  5.807568e+001 -1.084156e+000  9.760335e-001 -7.447634e-002 -4.083117e-001  2.720778e+000 -1.482263e+000  2.370189e+000  3.628105e+000 -1.386625e+000 -1.566919e+000  8.438792e-002  3.095688e+000 -2.346253e-001 -7.829023e-002  1.343565e-001  5.232227e-001 -2.364166e-001  6.411621e-001 -4.843294e-001  4.544708e-001  1.001734e+000 -2.330959e-001 -1.017414e+000  1.165801e+000  6.549583e-002 -1.870399e-001
-2.065389e+000 -1.002177e+000  1.382354e+001 -2.723057e+000  1.511317e+000 -8.986691e+000 -1.603499e+001  1.413695e+000 -1.439517e+001  1.370643e+001 -7.439965e+000 -2.244279e-001  5.989185e+001 -8.689073e-001  1.361694e+000  1.840867e-001 -5.575712e-001  2.687588e+000 -1.538332e+000  3.064927e+000  4.815199e+000 -2.366768e+000 -2.859564e+000  1.631454e+000  3.230354e+000 -6.160404e-001  1.793324e-001 -1.413344e-001  1.257392e-001  8.635812e-001 -4.439423e-001  6.001575e-001  4.766468e-001 -4.842710e-002  1.252623e-001 -9.315727e-001  1.605332e+000 -6.485148e-001 -3.546039e-001
 3.219140e-001 -2.077278e+000  1.262480e+001 -1.865446e+000 -1.349186e+000 -9.113790e+000 -2.813802e+000  7.032320e+000 -2.105932e+001  5.215566e+000 -3.201442e+000  3.410299e+000  5.825780e+001 -7.503612e-001  1.018840e+000  5.546933e-001  1.411286e+000  1.657732e+000  1.883471e-001  1.654039e+000  3.820824e+000 -1.327242e+000 -3.834241e+000  4.387012e+000  1.407838e+000 -1.002267e+000 -4.362512e-002 -3.166999e-001 -6.201545e-002  1.343944e+000 -7.130858e-001  1.296443e+000  7.349622e-002 -7.415695e-001  9.528527e-001 -1.753784e-001  1.254684e+000 -1.339296e+000 -2.965145e-001
 3.870326e-001  1.827429e+000  1.037994e+001  2.161367e+000 -2.983181e+000 -5.331930e+000 -2.961883e+000  9.050027e+000 -2.312543e+001  3.670219e-001  2.933245e+000  5.857964e+000  5.610810e+001 -4.197885e-001  3.112027e-001 -4.113784e-001  4.092475e+000 -1.334293e-001  2.188396e+000  3.070472e+000  1.393288e+000  1.390821e-001 -3.862345e+000  5.608950e+000 -2.638846e-001 -1.477926e+000 -1.650608e-001 -6.893986e-001 -1.958695e-001  7.791741e-001 -5.289249e-001  1.202256e+000  1.188383e-001 -8.546276e-001  1.426617e+000  5.661934e-001  2.130456e-001 -1.202797e+000 -5.387185e-002
-1.433305e+000  7.547811e-001  1.241086e+001  8.800718e+000  1.227368e-001 -3.165459e+000 -5.708337e+000  5.612178e+000 -1.843673e+001 -1.247171e+000  1.160103e+001  1.137518e+000  5.495621e+001 -1.526841e+000 -8.222017e-002 -8.682108e-002  3.986385e+000  5.658584e-001  3.136588e+000  2.734898e+000  1.631213e+000  2.124714e+000 -1.942420e+000  4.369062e+000 -1.853673e+000 -1.286255e+000 -9.562576e-002 -8.081028e-001 -5.846761e-001 -5.291826e-001 -1.032032e-001  5.697079e-001  4.697005e-001 -3.292027e-001  9.613416e-001  1.027031e+000 -7.909794e-001 -3.141648e-002  2.066549e-001
-3.286722e+000 -8.621932e-001  1.187362e+001  1.240624e+001  1.082093e-001 -1.018877e+000  7.646335e-001  9.090205e+000 -1.501105e+001 -2.373927e+000  1.320355e+001 -4.074602e-001  5.415301e+001 -1.305972e+000 -1.534769e+000 -4.745037e-001  2.050750e+000  5.889004e-001  2.998829e+000  3.118689e+000  1.636867e+000  3.040340e+000 -9.745073e-001  2.705657e+000 -1.152878e+000 -7.434059e-001  4.022241e-002 -5.754523e-001 -7.167722e-001 -1.475682e+000  1.312752e-001 -1.999855e-001  3.885768e-001 -1.883017e-001  1.459852e-001  8.345443e-001 -1.104476e+000  8.473629e-001  3.801453e-001
-5.475415e+000 -1.143568e+000  1.144385e+001  1.294405e+001 -6.558933e-002  4.412625e+000  8.997431e+000  1.516830e+001 -1.449294e+001 -3.126062e+000  1.350872e+001 -2.725354e+000  5.280407e+001 -7.853985e-001 -2.098688e+000 -2.337125e+000 -2.137639e-001  7.805515e-001  2.631670e+000  3.978432e+000  2.053021e+000  2.028837e+000 -1.430069e-001  1.883761e+000  1.695252e+000 -3.362530e-001  2.992185e-001 -2.610515e-001 -6.885280e-001 -1.380615e+000  1.364274e-001 -8.839296e-001 -2.549276e-002 -5.480918e-001 -2.828376e-001  1.767133e-001 -1.156544e+000  9.581550e-001  3.502111e-001
-4.121769e+000 -4.897241e+000  8.490919e+000  1.034345e+001  5.548398e-002  5.873175e+000  5.278679e+000  1.245630e+001 -9.895628e+000 -3.566069e+000  1.550769e+001  2.025009e+000  5.346714e+001 -5.893978e-001 -1.557824e+000 -2.870088e+000 -1.185858e+000  4.156003e-001  1.440928e+000  4.391589e+000  2.408756e-001  9.169463e-001 -5.893305e-001  1.329221e+000  2.198467e+000 -5.220070e-002  2.089711e-001  3.267806e-001 -4.528453e-002 -6.552279e-001  4.661941e-003 -1.311812e+000 -7.457144e-001 -6.041818e-001 -4.219738e-001 -8.270484e-002 -1.164193e+000 -1.584299e-002  1.735840e-001
-4.942773e+000 -7.721136e+000  2.416583e+000  8.763291e+000  4.051857e+000  6.546864e+000  1.192680e+001  1.419423e+001 -1.085025e+001 -1.366135e+000  1.986777e+001  8.397542e+000  5.361789e+001 -3.890355e-001 -1.375950e+000 -2.331669e+000 -1.298383e+000  1.334646e+000 -5.041090e-001  1.970984e+000 -4.112502e-001  1.772223e+000 -1.251442e+000 -7.254405e-001  1.261430e+000  1.191978e-001  8.392242e-002  5.594870e-001  8.903859e-001  1.350125e-001 -2.743353e-001 -1.220890e+000 -1.241586e+000 -3.683678e-001 -4.483507e-001 -2.924467e-001 -1.044618e+000 -1.265826e+000 -6.497993e-003
-6.500032e+000 -5.362532e+000  2.036813e+000  8.567325e+000  1.274876e-001  5.118644e+000  2.125789e+001  1.078161e+001 -1.224766e+001 -6.200543e+000  1.667013e+001  5.023428e+000  5.348510e+001 -4.592976e-001 -2.622349e-001 -7.036541e-001 -6.830800e-001  3.351631e-001 -1.992344e+000  3.938413e-001 -1.519065e-001  1.058779e+000 -8.338138e-001 -1.810706e+000 -1.015182e+000 -1.032112e-001  2.242848e-002  3.930326e-001  1.209618e+000  7.002744e-001 -3.318741e-001 -3.923710e-001 -1.176492e+000 -3.255096e-002 -7.235457e-001  2.227962e-001 -6.815104e-001 -1.373950e+000 -1.843683e-001
-6.231461e+000 -7.790672e+000  3.012561e+000  7.340192e+000  6.571637e+000  2.269346e+000  1.086275e+001  1.394939e+001 -4.455811e+000 -8.066036e+000  9.300295e+000  2.082584e+000  5.339108e+001 -4.308365e-001  5.095205e-002  1.031588e+000  2.099097e-001 -5.509062e-001 -1.756142e+000 -2.306242e-001  4.075730e-001 -2.838321e-001 -1.482999e+000 -1.769364e+000 -3.027054e+000 -3.432377e-001  2.477084e-002  2.519861e-001  9.000764e-001  8.124528e-001 -5.134122e-001  1.878397e-001 -3.826758e-001  3.514961e-001 -8.695312e-001  5.804301e-001  1.467852e-001 -4.004365e-001 -2.528559e-001
-5.773913e+000 -6.173648e+000  4.674659e+000  7.639602e+000  4.714093e-001 -1.949784e+000  7.779913e+000  1.181919e+001 -7.798955e+000 -4.385187e+000  1.173789e+001  1.065781e-001  5.306449e+001 -4.563549e-001 -3.061123e-001  1.496375e+000  1.561368e+000 -3.009942e-001  1.050897e-001 -3.900678e-001 -3.312908e-001 -1.672755e+000  6.404286e-001 -1.556369e+000 -2.527041e+000 -7.428246e-001  1.409737e-001  9.335423e-003  1.039464e-001  3.861996e-001  1.169713e-001  5.617553e-001 -2.086143e-001  2.909338e-001 -3.055300e-001  6.293960e-001  3.557159e-001  9.174049e-001 -1.553258e-001
-7.460015e+000 -7.060818e+000  6.255600e+000  1.027670e+001  1.125365e+000  1.300368e+000  1.751267e+001  1.571331e+001 -1.449377e+001 -9.688806e+000  1.348707e+001 -4.279301e+000  5.211200e+001 -2.666526e-001 -9.408073e-002  1.068699e+000  1.641657e+000 -9.143369e-001 -6.136272e-001  4.495602e-001  1.435922e+000 -1.209667e+000  9.135871e-001 -1.186834e-001  1.517699e-002 -8.252751e-001  2.394374e-001  1.206755e-002 -5.490312e-001 -3.773981e-001  7.894617e-001  6.071863e-001 -2.629649e-001 -9.229326e-002  5.564701e-001  6.537110e-001  2.446051e-001  1.707957e+000 -2.594158e-002
-8.167530e+000 -7.258020e+000  7.897167e+000  1.490591e+001  1.345653e+000  6.128582e+000  1.598259e+001  8.243199e+000 -1.559246e+001 -2.187015e+000  6.794899e+000 -4.430835e+000  5.041051e+001  1.634792e-001 -1.430414e-001 -2.024777e-001  5.320445e-001  1.101735e+000  2.451757e-001 -9.893224e-001  7.885880e-001 -5.954123e-003  1.114874e+000 -8.574673e-001  2.050727e+000 -6.388218e-001  3.168651e-001  2.261228e-001 -6.916325e-001 -9.871994e-001  8.023528e-001  3.948161e-001 -4.618480e-002 -6.680682e-001  7.267264e-001  7.287055e-003  1.362838e-001  1.195152e+000  1.300092e-001
-6.367916e+000 -7.718889e+000  6.744801e+000  1.191532e+001  1.562831e+000 -4.837973e+000  9.009208e+000  2.291700e+001 -6.607392e+000 -4.597187e+000  1.117837e+001  4.427176e+000  5.059169e+001  4.564334e-001  2.975435e-002 -8.641416e-001 -1.162419e+000  2.695038e+000  1.209747e+000 -1.245821e+000 -6.138327e-001  1.665118e+000  1.548334e+000 -8.957896e-001  3.223846e+000 -5.249470e-001  1.995127e-001  4.113275e-001 -3.710356e-001 -9.296303e-001  6.016296e-001  5.621715e-001  2.586544e-001 -1.676985e+000  1.235565e-002  1.177272e-001 -2.454872e-001 -1.936563e-001  1.399320e-001
-5.502567e+000 -6.559819e+000  3.417670e+000  9.480514e+000  5.761352e+000  2.345265e+000  7.085032e+000  1.216029e+001 -1.177191e+001 -1.356629e+000  8.604900e+000  6.006977e+000  5.063054e+001  7.664273e-001  7.625841e-001 -9.953677e-001 -1.972591e+000  1.906083e+000  1.167483e+000  2.266990e-001 -2.646754e+000  5.234845e-001  3.594905e-001 -4.863966e-001  1.844383e+000 -2.429428e-001  4.435109e-002  5.091231e-001  7.285114e-002 -2.217911e-001 -4.007359e-001 -3.735535e-001  7.111608e-001 -1.017089e+000 -4.381387e-001  1.534768e-001 -2.143336e-001 -1.069411e+000  1.036205e-001
-6.510330e+000 -7.261147e+000  4.174640e+000  7.177301e+000  1.239270e+001  9.240759e+000  1.573234e+001  1.068560e+001 -8.078449e+000 -2.362330e+000  8.103118e+000  6.621026e+000  4.937726e+001  4.294367e-001  1.509744e+000 -3.900342e-001 -1.754177e+000  1.691637e+000  1.736076e+000  1.134822e+000 -5.231331e+000 -1.412608e+000  1.879915e+000 -1.531655e+000 -8.499324e-001 -3.235546e-001 -6.232745e-002  4.739499e-001  3.654671e-001  5.675282e-001 -1.205498e+000 -1.351653e+000  2.096417e-001 -2.838734e-002 -3.799145e-001 -5.890429e-005 -2.777519e-001 -8.242463e-001  8.054654e-002
-4.264186e+000 -3.673971e+000  4.205409e+000  7.411962e+000  5.461131e+000  4.926632e+000  1.375452e+001  1.125126e+000 -1.223951e+001 -1.506991e+000  5.900544e+000  3.694158e+000  4.980302e+001  3.987330e-001  1.662580e+000 -7.527570e-002 -2.810321e-001 -4.002444e-001 -1.885757e+000  1.376160e+000 -1.988107e+000 -6.577848e-001  1.716467e+000 -1.611203e+000 -1.259437e+000 -2.214153e-001 -1.971486e-001  1.762707e-001  4.332198e-001  9.280903e-001 -7.737979e-001 -1.350911e+000 -4.196104e-001  9.053711e-001  2.698977e-001 -2.265799e-001 -2.192561e-001  1.797914e-001 -1.409702e-002
-4.839922e+000 -1.613093e+000  4.400761e+000  4.178715e+000  1.017113e+001  2.551725e+000  1.134857e+001  2.277922e+000 -1.343663e+001  4.877568e+000  4.872279e+000  1.333923e+000  4.938768e+001  3.286433e-001  1.949506e+000  5.031478e-001  8.294421e-001 -2.179288e+000 -4.021899e+000 -7.723433e-001 -1.085093e+000  3.561803e-001  8.695511e-001 -1.722146e+000  6.545252e-001 -1.329781e-001 -2.281516e-001 -4.001455e-002  4.204275e-001  7.678965e-001 -2.264380e-001 -9.333004e-001 -5.363573e-001  1.110942e+000  7.641119e-001 -7.811934e-001  8.970467e-002  7.017273e-001 -1.542626e-002
-4.344106e+000 -1.070948e+000  2.928231e+000  9.574646e+000  4.870917e+000 -3.739002e+000  1.615772e+001  6.423593e+000 -1.238174e+001  3.605757e+000  2.164306e+000  2.353341e+000  4.951825e+001 -1.689189e-001  1.424056e+000  7.241400e-001  1.376051e+000 -2.744434e-002 -2.708084e+000 -9.177703e-001 -1.930177e-001  9.885787e-001 -2.682272e-001 -1.487431e+000  1.991112e+000 -4.087162e-001 -2.612102e-001  3.208368e-002  1.964915e-001  4.149754e-002  4.147089e-001  4.081569e-001 -3.519090e-001  1.469455e-001  6.598995e-001 -6.063152e-001  3.520375e-001  3.848493e-001  2.232357e-002
-4.827153e+000  1.184873e+000  7.328968e+000  1.024317e+001  1.791369e+000 -6.535920e+000  1.066903e+001  2.610906e+000 -6.226430e+000 -5.709484e-001  1.360508e+000  1.056406e+001  4.885475e+001 -4.274952e-001  1.428933e+000  1.312395e+000  1.256764e+000  3.730472e-001 -2.519262e+000 -3.999994e-001 -5.741686e-001  1.584770e+000 -1.033706e+000 -1.145017e+000  1.033430e+000 -3.070354e-001 -3.098122e-001  2.326971e-001 -1.896735e-001 -3.946755e-001  4.224594e-001  7.596184e-001  1.701345e-001 -3.846449e-001  3.989514e-001 -1.229440e-001  9.120800e-001 -5.334885e-001  2.228179e-001
-5.115166e+000  2.047327e+000  6.362006e+000  1.125999e+001  9.513788e+000 -4.069964e+000  9.505440e+000 -6.453804e-003 -1.090172e+001 -1.238690e-001  2.192725e-001  9.034647e+000  4.802590e+001 -5.292487e-001  2.083285e+000  5.025583e-001 -2.872055e-001  3.971323e-001 -5.962906e-001 -5.695566e-001 -1.508842e+000  2.027418e+000 -3.634808e-001 -1.395796e-001  4.753568e-001 -2.276878e-002 -4.850971e-001  7.355327e-001 -4.734476e-001 -6.469865e-001 -2.130388e-001  5.748073e-002 -1.225636e-001 -7.096375e-001  5.310619e-001  6.745259e-002  1.244823e+000 -8.996766e-001  5.274515e-001
