40 39
-1.031017e+001 -1.906651e+000  3.342163e+000  8.550564e+000  1.164936e+000  3.779296e+000 -1.045845e+000  8.017470e-001  9.578834e-001  3.091086e+000  5.332252e+000 -3.840048e+000  5.722312e+001 -8.263033e+000 -9.730327e-001  2.141347e+000  2.206316e+000  2.933928e-001  1.722059e+000  4.645223e+000 -2.676863e-001  4.573866e+000 -9.401245e-001 -1.781516e+000 -1.364083e+000 -8.948799e-001  5.559567e-001 -9.986096e-001 -1.208964e+000 -1.195890e+000 -5.754990e-001 -3.916696e-001 -1.556424e+000  1.153323e+000 -9.101298e-001 -1.229469e-001  6.554975e-001  5.512547e-002  8.774698e-002
-1.861762e+001 -8.661330e+000  5.579702e-001  7.115361e+000  1.034404e+000  7.408646e+000 -4.743423e+000  6.081539e+000  5.849453e+000  2.902807e+000  6.349683e+000 -5.119820e+000  5.781793e+001 -6.199759e+000 -1.771502e+000 -1.203364e-001  7.702404e-001 -1.154738e-001  2.984847e-001  2.586567e+000  2.766229e+000  1.286532e+000 -7.405443e-001 -1.009475e+000 -7.023282e-001 -1.015099e+000  1.984789e+000 -5.864900e-002 -8.985645e-001 -7.808689e-001 -2.383145e-001 -5.862843e-001 -1.633992e+000  1.143675e-001 -1.474517e+000  2.461549e-001  7.238188e-001  4.422585e-001 -2.485620e-001
-2.077979e+001 -8.436090e+000 -2.031354e+000  6.783938e+000  1.191895e-002  4.511127e+000 -2.448931e+000  3.888116e+000  4.998634e+000  4.540411e+000  4.064182e+000 -7.285432e+000  5.514442e+001 -2.875392e+000 -6.496883e-001 -1.613168e-001 -4.463356e-001 -7.706363e-001  2.528459e-001 -4.763603e-003  3.806121e-001 -1.058466e-002  7.902320e-002  3.618197e-001 -1.483276e-001 -1.715196e+000  2.167294e+000  5.907379e-001 -3.452761e-001 -4.494574e-001  5.722210e-003 -2.507667e-001 -1.281000e+000 -6.893010e-001 -9.771902e-001  3.515622e-001  6.036737e-001  7.029859e-001 -2.243615e-001
-2.281618e+001 -7.303118e+000  1.340485e+000  4.632864e+000 -9.169994e-001  4.199780e+000  2.157404e+000  4.921929e+000 -8.153970e-001  1.489109e+000  4.843190e+000 -4.753737e+000  5.312799e+001 -8.340292e-001  9.151691e-001  3.153569e-001  7.598201e-001  7.508951e-001  1.860335e-001  1.408761e-001 -1.787758e+000 -2.581030e-001  1.215787e-001  6.015668e-001  9.273919e-001 -2.088615e+000  1.519208e+000  5.402830e-001 -7.931098e-002 -1.639062e-001  6.705963e-002  1.337984e-002 -8.213639e-001 -9.309723e-001 -1.157638e-001  3.124825e-001  1.230347e-001  2.281797e-001  4.972531e-002
-2.258785e+001 -5.834198e+000  2.144322e+000  7.560134e+000 -1.712544e+000  6.647958e+000 -4.520077e+000  3.284612e+000  4.237385e+000  4.193051e+000  7.894597e+000 -4.764727e+000  5.099210e+001 -1.094263e-001  6.373212e-001  1.971199e-001 -3.576112e-002 -1.111806e-001  5.244511e-001 -5.369297e-001 -1.437197e+000  4.602330e-001  3.866251e-001  4.313315e-001  1.335986e+000 -1.479930e+000  5.078847e-001 -7.455321e-002 -2.189295e-001 -1.823958e-001  1.435395e-001  1.425591e-001  1.091799e-001  2.891679e-001  3.412698e-001  2.078568e-001 -2.965969e-001 -4.384202e-002  3.613998e-001
-2.188374e+001 -5.386431e+000  4.691711e-002  1.052636e+001  5.651111e+000  7.270398e+000 -3.003469e+000 -2.555499e+000  4.939563e+000  3.684380e+000  7.442309e+000 -1.743213e+000  4.945101e+001  1.330013e-002  2.864084e-001 -6.961096e-001 -2.545777e-001 -1.099035e-001  2.295813e-001 -1.254169e+000 -9.797278e-001  4.723044e-001  6.680670e-001 -4.290579e-001 -3.035867e-001 -8.841060e-001 -4.695959e-002 -6.019551e-001 -3.510660e-001 -5.095354e-001 -2.470000e-001 -8.562209e-002  5.899271e-002  9.223473e-001  3.487106e-001  4.066427e-002 -3.192502e-001 -2.956360e-001  5.177146e-001
-2.179314e+001 -6.207828e+000 -3.989705e-001  3.658383e+000 -3.828039e+000  5.598074e+000 -2.553143e+000  4.408428e-001  4.422319e+000  5.375901e+000  4.921280e+000 -2.110762e+000  4.958326e+001 -7.596332e-001 -7.080740e-001 -7.502311e-001 -8.511158e-001  3.774605e-001  9.438672e-001  1.238658e+000  1.422436e+000  1.330561e+000  8.450629e-001 -6.058527e-001  2.479516e-001 -5.104519e-001 -8.945280e-002 -5.837629e-001 -3.422528e-001 -1.827647e-001 -3.125169e-002 -2.808849e-001 -9.360749e-002  5.237426e-001 -7.650871e-002 -2.881403e-001 -2.232829e-001 -2.384753e-001  5.205770e-001
-2.314703e+001 -5.684261e+000 -8.684168e-001  5.310851e+000 -4.087695e-001  5.872629e+000 -5.096909e+000  1.445175e+000  1.453658e+000  4.238019e+000  4.184559e+000 -7.598653e+000  4.941188e+001 -7.437237e-001 -1.421909e+000 -9.662977e-001 -1.380179e+000 -7.284252e-001 -4.517850e-001 -4.519544e-001  1.394162e+000  1.050286e+000  9.568119e-002 -4.760922e-001 -6.770802e-003  1.521912e-002  2.455341e-001 -3.680654e-001 -2.181825e-001 -1.946091e-001 -3.497938e-001 -4.823841e-001 -3.425838e-001 -2.205160e-001 -5.669643e-001 -6.275879e-001 -7.345522e-002  2.074972e-001  5.452509e-001
-2.575437e+001 -9.225653e+000 -1.149167e+000  5.912312e+000  3.204699e+000  1.206618e+001  2.719935e+000  8.396457e+000  1.263314e+001  8.141546e+000  6.494208e+000 -5.972490e-001  4.845941e+001 -1.781784e-001 -1.427335e+000 -1.379050e+000 -3.867836e-001  4.182182e-002 -5.392902e-001 -1.406075e+000 -5.429113e-003 -2.113014e-001 -7.678834e-001 -6.615658e-001 -4.798246e-003  6.732929e-001  8.251945e-001  1.469960e-001  1.511961e-002 -7.091118e-002 -4.110313e-001 -6.974341e-001 -7.421048e-001 -9.894362e-001 -1.122061e+000 -5.535345e-001 -1.036886e-002  1.271024e-001  4.911870e-001
-2.362175e+001 -1.098706e+001 -4.409473e+000  2.498502e+000 -1.507384e+000  1.777420e+000 -7.899780e+000  4.375021e-001  6.085582e+000  2.779963e+000  4.275384e+000 -2.533823e+000  5.008904e+001  9.502434e-001 -1.194288e+000 -1.472613e+000 -1.459790e+000 -1.691053e+000 -1.440761e+000 -1.644722e+000 -1.368375e+000 -1.591586e+000 -1.663399e+000 -7.684775e-001  8.602744e-001  1.250276e+000  1.621552e+000  8.509796e-001  3.657371e-001 -5.923895e-001 -3.627764e-001 -1.832724e-004  1.477449e-001 -3.674139e-001 -1.307940e+000 -2.762296e-001  3.399256e-001 -3.572378e-002  3.319978e-001
-2.244668e+001 -1.069310e+001 -5.523692e+000  3.130639e+000 -3.069623e+000  4.949227e+000 -8.182079e+000  9.175338e-001  1.049850e+000  2.265512e+000  1.568038e+000 -4.667168e+000  5.261115e+001  2.519356e+000 -8.690424e-002 -4.214757e-001 -1.165867e+000 -1.196382e+000 -2.048815e+000 -1.875482e+000 -2.143476e+000 -2.958806e+000 -1.043069e+000 -5.115044e-001  4.499408e-001  1.327955e+000  2.243591e+000  1.373884e+000  6.070797e-001 -1.599884e+000 -6.706991e-001  5.678342e-001  4.405442e-001  5.891062e-001 -1.329466e+000  2.177769e-002  7.273277e-001 -3.637690e-001  5.890021e-002
-2.004966e+001 -1.092198e+001 -6.044217e+000 -5.972603e-001 -5.726874e+000  2.227301e+000 -7.869510e+000 -1.657240e+000 -7.126263e-001 -1.140960e+000  2.805256e+000 -1.262321e+000  5.358739e+001  6.015268e+000  2.162774e+000  3.836004e-001 -3.952585e+000 -1.923205e+000  3.020611e-001  5.214736e-001  6.261159e-001 -4.115659e+000 -1.147874e+000  1.148505e+000 -4.127592e-001  1.347877e+000  2.067053e+000  1.465276e+000  5.347894e-001 -1.984748e+000 -3.656668e-001  1.049751e+000 -4.543632e-004  1.450199e+000 -1.061962e+000  1.504620e-001  5.856402e-001 -5.775543e-001 -1.453456e-001
-1.494363e+001 -9.692716e+000 -2.439173e+000  1.630860e+000 -6.674670e-001  1.597162e+000 -6.672609e+000 -1.273555e+000  1.238215e+000  4.886661e+000  4.671750e+000  1.016704e+000  5.335000e+001  8.507264e+000  3.763555e+000  7.282419e-001 -7.139805e+000 -3.195598e+000  1.428470e+000 -2.864510e-001  1.942856e+000 -5.596595e+000 -9.167576e-001  2.016582e+000 -1.187126e+000  9.189934e-001  8.379732e-001  9.716102e-001  1.857551e-001 -1.831112e+000 -2.262565e-001  8.092689e-001 -5.001873e-001  1.381819e+000 -3.090829e-001 -1.112466e-001 -7.197064e-003 -3.372915e-001 -2.563990e-001
 2.703070e+000 -6.733845e-001 -4.033731e+000 -1.651453e+001 -1.232449e+001  4.963758e+000 -6.047147e+000  4.663626e+000 -1.458690e+001 -4.269981e+000  8.466053e+000 -7.439556e+000  5.645900e+001  8.291554e+000  4.206860e+000  6.264754e-001 -8.396561e+000 -2.519779e+000  2.069351e+000 -2.441509e+000  3.839454e+000 -5.582499e+000 -9.742453e-001  8.956806e-001 -1.208964e+000  7.280285e-001 -1.210510e+000  1.248918e-002  3.153127e-003 -6.299081e-002  7.010054e-001 -3.287629e-001 -8.339030e-001  3.497264e-001  1.134093e+000 -5.046666e-003 -7.693353e-001  3.967825e-001 -3.880282e-001
 8.713277e+000  3.000376e+000 -2.887726e+000 -2.460975e+001 -1.574880e+001  1.072335e+001 -1.052552e+001  7.471382e+000 -1.999599e+001 -7.537657e-001  8.820547e+000 -7.514183e+000  5.577032e+001  5.571078e+000  3.749104e+000  3.858622e-001 -8.099440e+000 -2.029377e+000  1.113884e+000 -2.894927e+000  3.158952e+000 -3.770801e+000 -1.686117e+000 -4.210775e-001 -8.384145e-001  3.558838e-001 -2.316846e+000 -5.196714e-001  1.506771e-002  1.379122e+000  1.113909e+000 -9.637126e-001 -5.549419e-003 -4.845087e-001  2.157652e+000 -1.953885e-001 -8.880695e-001  7.534182e-001 -4.038174e-001
 9.579658e+000  3.765775e+000 -2.687564e+000 -2.945976e+001 -1.078510e+001  8.010963e+000 -1.815060e+001  1.316756e+001 -1.800802e+001 -3.191973e+000  5.209261e+000 -3.041696e+000  5.601738e+001  1.430813e+000  2.232445e+000  5.705558e-001 -3.787722e+000  9.987119e-001 -1.184460e+000 -2.343803e+000  1.766700e+000  6.419091e-001 -7.884277e-001 -1.479342e+000  1.396797e+000 -3.107090e-001 -2.089094e+000 -6.537744e-001  1.732390e-002  2.005048e+000  6.119607e-001 -8.710153e-001  1.036290e+000 -1.243749e+000  2.042801e+000  3.254414e-005 -4.104793e-001  4.335598e-001 -3.839317e-001
 9.473464e+000  6.833224e+000 -1.182946e+000 -3.239372e+001 -1.158405e+001  5.642981e+000 -1.509552e+001  1.026924e+001 -1.590523e+001 -4.082928e+000  4.194758e+000 -5.374299e+000  5.535023e+001  3.534047e-001  2.152405e+000  8.315402e-001 -2.548616e+000  6.147026e-001 -1.763187e+000 -3.630508e-001  5.566896e-001  2.079463e+000 -1.986609e+000 -1.236255e+000  1.277084e+000 -5.807247e-001 -1.111843e+000 -7.445407e-001 -5.901415e-002  1.943416e+000 -5.392472e-002 -2.261915e-001  1.279788e+000 -1.161889e+000  9.628884e-001  5.301023e-001 -5.104523e-002 -8.241713e-002 -1.780503e-001
 9.477041e+000  8.572419e+000 -2.033342e+000 -3.156116e+001 -9.413307e+000  1.581640e+000 -1.548116e+001  1.209820e+001 -1.342273e+001 -6.547539e+000  3.382237e+000 -1.525512e+000  5.511549e+001  4.549197e-001  1.736337e+000  4.902559e-001 -1.146734e+000 -7.820159e-001 -8.471891e-001  1.474005e+000 -1.078161e+000  1.706373e+000 -8.238365e-001 -7.491274e-001 -9.891404e-002 -7.233257e-001 -1.757906e-001 -8.196870e-001 -1.265698e-001  1.266655e+000 -8.608136e-001  4.724223e-001  1.216689e+000 -1.102211e+000 -3.871384e-001  9.302348e-001  2.131429e-001 -7.784210e-001  8.540317e-002
 1.053161e+001  1.135908e+001  9.428644e-001 -3.630213e+001 -1.336119e+001  5.122072e+000 -1.367549e+001  1.078951e+001 -1.189132e+001 -9.009027e+000  3.552785e+000 -1.886853e+000  5.331763e+001  4.998075e-001  2.744546e-001  1.309415e-001  2.971479e-001 -1.408637e+000 -1.857091e-001  1.595107e+000 -1.228062e+000  5.114087e-001  9.820991e-001 -1.041411e+000 -5.026446e-001 -3.280594e-001 -1.452734e-002 -9.667437e-001 -3.025986e-001  1.212375e+000 -5.940622e-001  4.238789e-001  6.556870e-001 -6.918397e-001 -8.902606e-001  1.107279e+000  3.354305e-001 -6.526517e-001  2.540838e-001
 1.132518e+001  1.018453e+001 -1.299190e+000 -3.323923e+001 -1.380661e+001  4.035472e+000 -1.149059e+001  7.516619e+000 -1.148311e+001 -4.848105e+000  1.784610e+000 -5.279989e+000  5.341705e+001  4.786586e-001 -9.270145e-001  2.880062e-001  1.122671e+000 -2.293686e+000  3.889121e-001  2.760564e+000 -2.851979e+000 -5.097555e-001  2.378392e+000 -5.110495e-001 -1.605443e+000 -1.002579e-002 -8.424063e-002 -6.817245e-001 -1.781712e-001  6.418185e-001 -3.838836e-002  2.144706e-001  7.089137e-002 -1.110599e-002 -8.342535e-001  2.789435e-001  4.921654e-001  1.700983e-002  2.626804e-001
 1.104843e+001  7.399440e+000 -8.953147e-001 -3.006895e+001 -1.643058e+001  3.487519e+000 -9.115269e+000  6.419716e+000 -1.431800e+001 -2.214890e-002 -2.134836e-001 -6.010283e+000  5.455916e+001  2.688986e-001 -1.349638e+000 -5.803281e-001  2.378558e+000 -1.599773e+000 -2.618435e-001  2.272105e+000 -2.015600e+000 -1.263775e+000  1.948671e+000  3.218590e-001 -1.232910e+000  3.330444e-001 -1.077205e-001 -1.637904e-001 -1.310875e-001 -4.430782e-002  5.232772e-001  1.420074e-001 -3.684334e-001  4.354264e-001 -4.710964e-001 -7.049373e-001  6.752324e-001  5.764520e-001  1.471487e-001
 1.161192e+001  5.917167e+000  3.257787e-001 -2.906439e+001 -1.934704e+001  4.343477e+000 -3.958456e+000  2.320322e-002 -1.475817e+001  8.509843e-001  2.710124e+000 -7.491013e+000  5.444460e+001  1.491711e-001 -8.602391e-001 -4.496553e-002  1.021654e+000 -8.783897e-001  2.632311e-001  1.489963e+000 -7.399217e-001 -1.577302e+000  8.759523e-002  1.030064e+000  3.512677e-001  2.595245e-001 -8.732648e-002  1.534077e-001 -1.873681e-001 -4.837421e-001  8.949249e-001  2.278910e-001 -8.451242e-001  9.033708e-001 -2.950824e-001 -1.154007e+000  6.291103e-001  1.112355e+000  7.531337e-002
 1.173273e+001  6.744574e+000 -2.771260e+000 -2.649676e+001 -1.858984e+001  3.658852e+000 -6.081033e+000  4.458216e+000 -1.657266e+001 -2.115220e+000  4.699324e+000 -6.945889e+000  5.446908e+001  1.259486e-001 -5.778853e-001 -3.580103e-001  1.261177e-001  5.001003e-001  5.871682e-001  3.882403e-001 -1.069586e-001 -1.310300e+000 -1.397189e+000  1.564194e+000  1.401260e+000  2.729092e-001 -4.218221e-002  1.030655e-001 -1.571514e-001 -4.969248e-001  7.287399e-001  3.642382e-001 -7.735485e-001  4.775157e-001 -1.861845e-001 -6.628537e-001  4.302377e-001  1.109930e+000  5.843727e-002
 1.172889e+001  6.210770e+000 -5.860444e-001 -2.991705e+001 -1.711893e+001  5.265961e+000 -5.557895e+000  4.797760e+000 -1.824229e+001 -3.363594e+000  4.478529e+000 -3.055847e+000  5.475971e+001  1.135012e-001 -5.458523e-001 -7.599932e-001 -1.698187e-001  1.131001e+000  1.103861e+000 -5.231252e-001  7.105545e-001 -1.961905e+000 -1.718714e+000  2.013335e+000  2.639247e+000  3.966087e-001  4.817399e-003 -4.065195e-002 -5.157986e-001  3.272524e-001  4.335389e-001  5.650247e-002 -7.385026e-001  3.001278e-002 -1.674616e-002  1.900807e-001  1.794138e-001  7.636705e-001  6.093716e-002
 1.161969e+001  4.363212e+000 -2.229455e+000 -2.901203e+001 -1.504414e+001  5.962118e+000 -6.374348e+000  3.497645e+000 -1.912744e+001 -4.900803e+000  6.723282e+000 -1.221565e+000  5.576615e+001  7.582245e-002 -9.915037e-001 -1.008571e+000  4.896700e-001  1.039231e+000  1.139032e+000 -5.890939e-001 -3.532600e-001 -2.002396e+000 -4.624433e-001  1.981412e+000  3.172752e+000  5.566887e-001  1.760180e-002 -9.687016e-002 -6.170347e-001  9.209488e-001  2.537863e-001 -3.033209e-001 -7.627859e-001 -4.133149e-002  7.832493e-002  9.142959e-001 -1.108336e-002  2.442649e-001  3.558823e-002
 1.223595e+001  4.378586e+000 -3.745090e+000 -2.865585e+001 -1.546489e+001  8.711151e+000 -6.427424e+000  4.056262e+000 -2.329031e+001 -6.349796e+000  1.176482e+001  2.843060e+000  5.577911e+001  1.983211e-001 -8.566897e-001 -2.298678e+000  2.476140e+000  1.019740e+000  2.698113e-001 -1.713883e+000 -4.667071e-001 -1.314985e+000  5.706263e-001  1.718524e+000  3.283874e+000  4.223205e-001 -5.061388e-003 -1.609958e-001 -5.037959e-001  1.028083e+000  4.539558e-001 -6.827695e-001 -8.518179e-001  7.000855e-002  4.686262e-001  1.069165e+000 -2.080191e-001 -5.954506e-001  2.670402e-002
 1.185831e+001  2.703148e+000 -6.234593e+000 -2.467901e+001 -1.422070e+001  7.631419e+000 -8.591738e+000  3.062665e+000 -2.406063e+001 -2.934335e+000  1.096324e+001  5.968417e+000  5.674282e+001  1.715476e-001 -9.068174e-001 -2.673841e+000  3.407882e+000  1.824662e+000 -5.124114e-001 -2.830310e+000  2.750148e-001 -1.242135e+000  2.029621e+000  1.656182e+000  2.300271e+000  4.379944e-001 -3.292466e-003 -1.702836e-001 -1.966210e-001  6.342054e-001  6.636506e-001 -8.662798e-001 -7.222929e-001  4.920477e-001  7.464447e-001  5.838394e-001 -3.258013e-001 -1.246662e+000  7.867056e-003
 1.260118e+001  2.757354e+000 -1.007686e+001 -1.970286e+001 -1.243195e+001  5.780367e+000 -1.301862e+001  2.681714e+000 -2.235061e+001 -1.493696e+000  1.095117e+001  9.768534e+000  5.638298e+001  4.033165e-002 -1.393174e+000 -2.446337e+000  3.511490e+000  3.008064e+000 -1.484264e+000 -3.661607e+000  7.464598e-001  1.095390e-003  2.381080e+000  1.135854e+000  9.823418e-002  5.894760e-001 -5.293807e-002 -2.559045e-001  5.146666e-001 -1.286915e-001  5.377687e-001 -9.095523e-001 -7.632737e-002  6.355596e-001  9.832180e-001 -1.874909e-001 -4.352450e-001 -1.462907e+000  2.167309e-002
 1.229481e+001  6.397410e-001 -1.243278e+001 -1.644911e+001 -7.437294e+000  4.865453e+000 -1.723030e+001  5.559993e+000 -2.580796e+001  2.819251e+000  1.541102e+001  6.817053e+000  5.765419e+001  1.383549e-001 -1.574679e+000 -1.917846e+000  3.143022e+000  3.363321e+000 -2.315329e+000 -3.226696e+000  1.500395e+000  1.071787e+000  1.551527e+000  6.437403e-001 -1.467740e+000  5.124462e-001 -5.204395e-002 -1.557033e-001  9.748620e-001 -5.124889e-001 -8.270369e-002 -7.635047e-001  4.733926e-001  3.904107e-001  1.291272e+000 -8.188583e-001 -7.763166e-001 -9.136193e-001 -6.041428e-002
 1.221936e+001 -1.555582e+000 -1.287769e+001 -1.521335e+001 -3.816274e+000  2.672813e+000 -2.041618e+001  6.539897e+000 -2.241117e+001  2.678813e+000  1.522020e+001  2.909913e+000  5.827081e+001 -4.977284e-002 -1.802281e+000 -1.033426e-001  1.965113e+000  2.939253e+000 -3.376492e+000 -1.897327e+000  2.098401e+000  2.444144e+000 -1.277810e-001  4.852009e-002 -2.146655e+000  4.934601e-001 -5.394310e-002  7.180692e-002  1.093171e+000 -5.300105e-001 -7.123400e-001 -4.008255e-001  7.135735e-001  3.768029e-002  1.111362e+000 -8.252673e-001 -9.342590e-001 -2.326843e-002 -1.406242e-001
 1.274100e+001 -3.013780e+000 -1.442341e+001 -1.120866e+001 -1.711936e+000 -2.391449e+000 -2.102644e+001  8.635550e+000 -1.867142e+001  2.737043e+000  1.204742e+001  2.059030e+000  5.836114e+001 -4.361992e-002 -1.480780e+000  1.028971e+000  1.618627e+000  1.445549e+000 -3.383821e+000 -1.345487e+000  1.551098e+000  3.992699e+000 -8.102403e-001 -1.681733e+000 -1.145381e+000  1.839310e-001 -1.265260e-001  1.070460e-001  1.062820e+000 -3.143162e-001 -1.092757e+000  1.553143e-001  4.903101e-001 -1.820192e-001  4.291068e-001 -2.916507e-001 -9.094815e-001  5.363567e-001 -1.122075e-001
 1.212922e+001 -4.427292e+000 -9.598258e+000 -1.249752e+001 -5.983616e-001 -7.473639e+000 -2.060718e+001  1.163594e+001 -1.369816e+001 -2.091498e+000  1.287557e+001  1.414272e+000  5.849680e+001 -1.383965e-001 -1.081089e+000  1.546110e+000  1.623635e+000  4.052501e-001 -2.954146e+000 -1.034344e+000  9.095100e-001  4.097451e+000 -5.643728e-001 -2.372704e+000 -1.792873e-001  5.061264e-002 -7.321463e-002  9.155220e-002  4.901594e-001  1.433704e-001 -8.565330e-001  4.599528e-001  1.213806e-001 -2.604067e-001 -3.409593e-001  3.217784e-001 -6.920272e-001  5.596918e-001 -9.059776e-002
 1.212178e+001 -5.328305e+000 -8.927633e+000 -9.713886e+000 -1.818502e+000 -6.980426e+000 -2.386223e+001  1.076746e+001 -1.020097e+001  1.153205e+000  8.174669e+000  1.837968e+000  5.846085e+001 -4.499636e-001 -1.400045e+000  2.571525e+000  1.742179e+000 -8.334599e-001 -1.749930e+000 -1.206637e+000  1.184744e+000  2.390667e+000  3.115690e-001 -2.693055e+000  2.303603e-001  1.728325e-001 -7.917137e-003  1.187726e-002 -1.422542e-002  3.283346e-001 -1.418098e-001  2.178123e-001  1.292013e-001 -1.718839e-001 -8.037707e-001  2.973120e-001  3.990381e-002  1.620225e-001 -5.850517e-002
 1.183699e+001 -5.803765e+000 -7.895025e+000 -7.842558e+000 -1.736740e+000 -9.803427e+000 -2.417000e+001  1.002149e+001 -6.159143e+000  6.488680e-001  5.293062e+000  2.124007e+000  5.847401e+001 -2.126741e-001 -1.384888e+000  1.576177e+000  2.620188e+000 -2.039069e-001 -1.893673e+000 -1.359849e+000  9.795440e-001  1.540363e+000  9.202064e-001 -2.905955e+000 -3.606606e-002  4.602051e-002  8.764733e-002 -2.409577e-003 -4.112324e-001  3.991854e-001  4.375696e-001  1.245561e-001  1.855449e-001 -4.546775e-001 -4.525945e-001 -7.918001e-002  5.557473e-001  4.494790e-002 -1.114508e-001
 1.063730e+001 -9.325769e+000 -2.417404e+000 -4.825245e+000 -5.310046e+000 -9.976208e+000 -2.527822e+001  1.536650e+001 -1.048760e+001  2.924706e+000  2.373400e+000  2.855964e+000  5.923669e+001 -4.606676e-002 -1.269495e+000  9.428107e-001  2.762023e+000  1.041079e+000 -2.824996e+000 -5.367281e-001  6.566612e-001  1.252389e+000 -6.596996e-002 -1.215589e+000 -4.068790e-001 -1.062988e-001  2.191969e-002  2.068592e-001 -4.744894e-001  2.198941e-001  6.632261e-001  6.871168e-002  4.822779e-001 -1.089155e+000  3.922611e-001 -5.719889e-001  8.594263e-001  1.149133e-001 -1.538417e-001
 1.180809e+001 -9.353000e+000 -4.972487e+000 -1.840899e+000  1.278754e-001 -1.544411e+001 -2.669843e+001  1.423414e+001 -5.853033e+000  1.623783e+000  1.246429e+000  7.249439e-001  5.833898e+001  9.789181e-002 -1.158412e+000  3.043059e-001  3.109640e+000  1.655829e+000 -1.793833e+000 -4.415743e-001 -1.099836e+000  2.403618e+000 -7.715034e-001 -3.327006e-001  3.640719e-001 -3.670757e-001 -3.609435e-001  2.315842e-001  2.949990e-001 -8.748703e-002 -2.116764e-001  5.651271e-001  9.693316e-001 -1.422259e+000  4.936515e-001 -4.607634e-001  5.763994e-001  3.074736e-001 -2.089960e-003
 1.190589e+001 -9.901160e+000 -5.674849e+000  1.095399e+000  2.454585e+000 -1.828506e+001 -2.528166e+001  1.194444e+001 -4.092078e+000  3.358970e-001  4.120041e+000  5.031047e-001  5.799687e+001 -4.956481e-001 -4.789869e-001  8.350139e-001  2.596924e+000  1.552803e+000 -1.456292e+000  7.456152e-001 -3.221342e+000  3.920346e+000 -1.702521e+000  3.174492e-001  6.048577e-001 -3.898281e-001 -8.516111e-001  4.138031e-001  9.170916e-001 -4.572673e-001 -1.163995e+000  1.163400e+000  9.128337e-001 -1.018230e+000  1.378170e-001 -1.649909e-001 -5.497321e-003  3.275394e-001  2.214785e-001
 1.169215e+001 -1.130813e+001 -4.744773e+000  4.745321e+000  2.660088e+000 -1.461816e+001 -2.637615e+001  6.233339e+000  2.661186e+000 -1.914245e+000  2.756238e+000  5.120796e+000  5.725855e+001 -1.792601e+000 -6.222206e-001  3.105071e+000  2.265303e+000 -1.518151e+000  2.476110e-001  2.845638e+000 -4.192750e+000  2.674643e+000 -5.653354e-001 -7.904763e-001  9.954334e-001  1.773354e-001 -1.156328e+000  7.613241e-001  9.560161e-001 -7.511529e-001 -1.495281e+000  1.266757e+000  6.953013e-001 -2.285762e-001 -7.265785e-001  2.413333e-001 -1.641149e-001 -6.159673e-002  3.312434e-001
 8.217032e+000 -1.074314e+001  1.643808e+000  4.866264e+000  1.187863e+000 -1.767064e+001 -2.171128e+001  3.260190e+000  4.857022e+000 -3.818883e+000  3.205741e+000  3.682326e+000  5.782777e+001 -3.358876e+000  5.314251e-001  4.127886e+000  8.978552e-001 -3.191904e+000  1.971282e+000  2.383834e+000 -2.888033e+000  1.805962e+000 -9.940082e-001 -1.014188e+000  9.151373e-001  7.288879e-001 -9.933165e-001  1.060357e+000  2.614372e-001 -1.013968e+000 -8.639480e-001  1.323470e+000  6.091522e-002  4.320880e-001 -1.110412e+000  4.507235e-001 -1.189244e-001 -3.575158e-001  1.867522e-001
 4.689518e+000 -1.204311e+001  6.893538e+000  7.600183e+000 -6.829519e+000 -1.451327e+001 -1.425543e+001 -2.387482e+000  3.045631e+000  8.744968e-001 -2.248802e+000  4.112500e+000  5.931021e+001 -4.252134e+000  2.143002e+000  3.437950e+000  2.034104e-001 -3.448224e+000  2.826168e+000  2.215822e+000 -2.409371e+000 -1.720832e-001  8.090696e-002 -4.874568e-001 -9.905152e-002  7.297832e-001 -6.370943e-001  1.352813e+000 -5.481143e-001 -1.410666e+000  6.731870e-001  8.776047e-001 -8.485820e-001  9.648166e-001 -7.216198e-001  1.029829e-001  3.589988e-001 -6.827247e-001 -6.959599e-002
