26 39
 9.985726e+000 -2.170176e+001  7.298584e+000 -7.398699e+000 -1.924871e+001 -3.623821e-001 -1.924960e+001  1.337540e+000  7.245843e+000 -5.203263e+000  2.739549e+000 -1.324179e+001  6.620297e+001 -2.611125e-001 -1.423189e+000  5.081149e-001  9.244853e-001 -7.649447e-001 -4.197332e+000  4.021090e+000  4.865624e+000  5.126873e-001 -5.111250e-001 -2.467962e+000 -2.389863e-001  5.856842e-001  2.958075e-002  1.031742e+000 -1.101204e-001  7.330711e-002 -4.615413e-001  5.434166e-001  8.635071e-001 -1.288694e+000 -1.584161e+000 -4.543938e-001  3.913927e-001  9.104211e-001 -5.255517e-001
 1.051312e+001 -2.236349e+001  7.081277e+000 -5.004332e+000 -2.140918e+001 -5.539961e+000 -1.466940e+001  4.785211e+000  5.913220e+000 -6.822379e+000 -2.305535e-001 -1.366239e+001  6.570164e+001 -2.487908e-001 -2.957205e-001  2.063601e-001  1.246457e+000 -1.683050e+000 -2.307627e+000  3.594012e+000  2.863480e+000 -1.409823e+000 -1.177253e+000 -1.034992e+000  8.112236e-001 -4.503860e-002 -1.431980e-001  8.789664e-001  1.515974e-001 -1.286031e-001 -3.427117e-001  1.332624e+000 -1.593155e-001 -1.967173e+000 -1.108747e+000 -3.758096e-001  1.337886e+000  7.855754e-001 -3.279775e-001
 9.639240e+000 -2.181798e+001  7.892118e+000 -3.691587e+000 -2.163659e+001 -7.892987e+000 -1.127705e+001  5.409461e+000  1.967542e+000 -5.967755e+000 -2.680417e-001 -1.272549e+001  6.571085e+001 -3.648984e-001  3.002186e-001  6.673927e-001  1.134409e+000 -2.129375e+000 -9.455997e-001  2.779340e+000 -3.246337e-001 -1.651953e+000 -2.203240e+000  1.324937e+000  1.364616e+000 -2.871521e-001 -2.081083e-001  4.856804e-001  4.340907e-001 -3.400669e-001 -3.227110e-001  1.663670e+000 -9.042315e-001 -1.839356e+000 -4.044372e-001 -2.681907e-001  1.546813e+000  3.434697e-001 -1.225304e-001
 9.036222e+000 -2.122642e+001  8.687972e+000 -3.157521e+000 -2.557932e+001 -5.414381e+000 -1.078686e+001  4.392448e+000  7.463820e-001 -1.024169e+001  3.172664e+000 -9.749769e+000  6.539822e+001 -9.444787e-001  7.698080e-001  1.349933e+000  2.811236e-001 -2.017044e+000  1.126461e+000  1.514843e+000 -1.378333e+000 -1.802671e+000 -1.722578e+000  2.755949e+000  1.740000e+000 -3.923340e-002 -2.354489e-001  1.631016e-001  5.601506e-001 -4.783807e-001 -3.886604e-003  1.292425e+000 -8.985384e-001 -1.294299e+000  7.264209e-003  2.032264e-001  1.003501e+000 -1.956209e-001  4.193176e-002
 8.899683e+000 -2.076920e+001  9.832200e+000 -2.650059e+000 -2.781052e+001 -5.153171e+000 -7.294169e+000 -8.924703e-002  1.569500e+000 -1.450980e+001  7.662625e+000 -8.375018e+000  6.491892e+001 -9.538103e-001  4.724489e-001  2.106782e+000 -2.931829e-001 -2.211503e+000  2.403973e+000  5.395169e-001 -2.210247e+000 -1.313075e+000 -1.579416e+000  3.370635e+000  1.013974e+000 -2.987061e-002 -2.181188e-001  1.064239e-001  3.560545e-001 -5.013318e-001  3.686271e-001  7.112545e-001 -6.708439e-001 -5.051434e-001 -1.239595e-001  7.841347e-001  8.662424e-002 -4.909019e-001  6.031136e-002
 6.160504e+000 -1.903884e+001  1.286090e+001 -4.119477e+000 -2.840744e+001 -1.277564e+000 -9.086631e+000  6.428979e-001 -2.901115e+000 -1.116425e+001  9.583858e+000 -7.137625e+000  6.590144e+001 -1.131579e+000  4.336725e-001  2.287419e+000 -4.316507e-001 -1.661419e+000  2.479713e+000  2.212322e-001 -2.665208e+000 -1.542941e+000 -4.730328e-001  2.959664e+000  8.439923e-003  3.597946e-002 -3.443933e-002  2.977853e-001 -1.633473e-001 -2.085519e-001  5.012543e-001  5.681396e-002 -2.883211e-001 -1.595731e-001 -2.237744e-001  9.679520e-001 -6.181065e-001 -4.657813e-001 -1.248190e-001
 6.308048e+000 -2.054953e+001  1.633956e+001 -4.676523e+000 -3.128004e+001  2.058469e+000 -9.429582e+000 -3.767000e+000 -2.774082e+000 -1.340356e+001  1.337954e+001 -8.961693e+000  6.530989e+001 -1.361942e+000  1.000406e+000  1.978922e+000 -1.015863e+000 -4.640520e-001  1.934047e+000  7.192602e-002 -2.206913e+000 -2.401615e+000  1.092661e+000  1.656201e+000 -2.241136e-001 -2.320175e-002 -6.279945e-003  7.131500e-001 -7.051973e-001  3.887132e-002  6.469606e-001 -4.254635e-001 -2.168342e-002  3.471443e-001 -2.358738e-001  9.200667e-001 -8.731452e-001 -9.052405e-002 -2.612055e-001
 4.674143e+000 -1.916790e+001  1.687138e+001 -4.302542e+000 -3.215165e+001  3.378363e+000 -8.612988e+000 -7.094715e+000 -4.796532e+000 -1.315998e+001  1.511253e+001 -9.414232e+000  6.538263e+001 -9.126095e-001  1.994756e+000  5.971262e-001 -4.002958e-001 -3.844975e-001  1.645494e+000  3.070326e-001 -2.177866e+000 -2.377273e+000  1.781143e+000  5.226334e-001  3.013678e-002 -6.666626e-001  1.475742e-002  6.708137e-001 -6.827675e-001  1.847658e-001  4.268953e-001 -5.303857e-001  8.462735e-002  6.618710e-001  1.089729e-001  4.371929e-001 -7.565097e-001  3.237946e-001 -3.378736e-001
 2.833153e+000 -1.570264e+001  1.772157e+001 -7.637841e+000 -2.825867e+001  2.189101e+000 -7.171360e+000 -7.255009e+000 -9.490868e+000 -8.048630e+000  1.317929e+001 -8.357283e+000  6.506232e+001 -1.094695e+000  3.257657e+000 -5.740585e-001 -1.145038e-001  3.848396e-001  6.937648e-001  3.881996e-001 -7.181968e-001 -2.075278e+000  1.893830e+000  2.234237e-001  5.505056e-001 -9.845772e-001 -2.163677e-002  3.562884e-001 -3.918295e-001  5.819529e-001  2.990186e-004 -4.922231e-001  1.868727e-001  6.260973e-001  5.600349e-001 -3.611508e-001 -4.635606e-001  2.519401e-001 -3.720976e-001
 3.334904e+000 -1.148850e+001  1.515553e+001 -4.640297e+000 -3.184061e+001  6.884590e+000 -8.680578e+000 -8.502428e+000 -1.142909e+001 -4.935996e+000  1.229715e+001 -7.289146e+000  6.269191e+001 -1.191416e+000  2.659116e+000  1.500717e-001  4.149885e-002  4.861164e-002  4.479250e-001  4.862322e-001 -1.002115e-001 -1.161245e+000  1.312347e+000 -1.064964e-001  1.240103e+000 -1.172701e+000 -5.256088e-002 -5.384433e-002  9.821644e-002  6.838038e-001  2.330577e-001 -6.520836e-001  2.003599e-001  5.263629e-001  8.271870e-001 -1.189292e+000 -4.205661e-001  1.382840e-001 -3.991783e-001
 1.504193e+000 -8.100941e+000  1.432720e+001 -5.080164e+000 -2.951136e+001  3.774180e+000 -7.454789e+000 -6.654127e+000 -9.834194e+000 -8.046399e+000  1.590434e+001 -7.271708e+000  6.173236e+001 -1.330723e+000  2.449668e+000  2.433018e-001  1.673004e+000 -6.791115e-001  7.171611e-002  9.166895e-001 -1.152544e-001 -2.094548e-001 -4.786948e-001 -3.470373e-001  4.306036e-001 -1.630671e+000  1.334413e-001 -6.399632e-003  2.525690e-001  9.952502e-001  8.983257e-001 -8.193269e-001  6.594579e-002  2.502584e-001  7.661914e-001 -1.167435e+000 -8.163255e-001  2.739615e-001 -8.127133e-001
-6.184556e-001 -9.673170e+000  1.931893e+001 -5.373886e+000 -3.128225e+001  4.825449e+000 -6.040113e+000 -7.896213e+000 -1.043109e+001 -6.599361e+000  1.321752e+001 -3.756502e+000  6.118410e+001 -1.057400e+000  2.129529e+000  6.795282e-001  2.124969e+000  1.312766e+000 -1.303900e+000  1.044587e+000  1.524773e-001  8.257505e-001 -2.979056e+000 -1.294967e+000  7.815078e-001 -2.339507e+000  3.025200e-001  7.374521e-001 -3.873935e-001  8.907122e-001  2.055665e+000 -1.174648e+000 -2.258087e-001  1.644723e-001  3.962555e-001 -3.796844e-001 -1.087447e+000  2.296771e-001 -1.279954e+000
-1.843782e+000 -4.361963e+000  1.685638e+001  1.093975e+000 -3.193341e+001  3.577251e+000 -3.908145e+000 -8.134388e+000 -1.103714e+001 -9.610421e+000  1.098392e+001 -7.970587e+000  5.766287e+001 -4.944961e-001  3.490452e+000  4.240580e-001  3.820012e+000  4.244391e+000 -2.526958e+000  4.387510e-001  4.067511e-001  7.621815e-001 -1.797641e+000 -3.263969e+000  2.149611e+000 -4.464740e+000  8.750401e-002  7.173145e-001 -9.504890e-001 -7.892509e-002  2.458669e+000 -9.778715e-001 -4.765537e-001  1.315781e-001  9.177152e-002  9.800602e-001 -7.561282e-001  1.718992e-001 -1.349202e+000
-2.781081e-001 -2.710345e+000  1.728858e+001  2.897480e+000 -2.406575e+001  4.635565e-001 -5.230963e+000 -6.999911e+000 -6.698861e+000 -1.904926e+001  8.282524e+000 -3.032168e+000  5.302912e+001 -9.692895e-002  5.825984e+000 -1.877274e+000  3.421556e+000  7.865183e+000 -4.125978e+000 -4.038418e-001  4.611475e-001  3.342142e-001  7.339849e-002 -4.085264e+000  1.528985e+000 -6.155434e+000 -4.866488e-001  1.703286e-002 -1.337945e+000 -9.788418e-001  1.310051e+000  9.247793e-002 -3.351366e-001  1.055078e-001 -1.025476e-001  2.011373e+000  2.188865e-001 -4.162149e-001 -7.923882e-001
-1.138461e+000  5.869907e+000  1.746266e+001  9.884212e+000 -1.189765e+001 -6.679661e+000 -5.665609e+000 -5.068522e+000 -7.889403e+000 -1.080965e+001  2.051999e+000  3.114181e+000  4.348615e+001 -1.373438e+000  4.188013e+000 -3.230742e+000  6.300855e-001  8.338025e+000 -3.406602e+000 -7.418645e-001  3.883008e-001  4.951710e-001  2.895379e+000 -2.732530e+000  9.163607e-001 -6.468716e+000 -9.308276e-001 -1.315066e+000 -1.017084e+000 -1.716463e+000 -6.675662e-001  1.226379e+000  2.702093e-001  4.369742e-001  4.744712e-001  1.352046e+000  1.100389e+000 -8.434185e-001  3.507627e-001
-1.455761e+000  1.434081e+001  9.629416e+000  7.338775e+000 -1.974209e+000 -1.067598e+001 -7.180591e+000 -7.123408e+000 -1.033389e+001 -5.632752e+000 -2.742840e+000 -1.653959e+000  3.749529e+001 -3.051173e+000  1.865913e+000 -4.182795e+000 -1.174277e+000  5.816206e+000 -4.016876e-001 -4.078779e-002  6.892412e-001  4.465179e-001  4.731301e+000 -4.662536e-001 -6.829414e-001 -5.299460e+000 -9.062034e-001 -2.436469e+000 -2.329135e-001 -1.285158e+000 -2.423057e+000  1.813188e+000  6.836208e-001  6.409631e-001  9.375123e-001  1.270694e-001  1.100171e+000 -5.143679e-001  1.585872e+000
-8.122147e+000  8.052523e+000  4.532249e+000  2.023754e+000 -1.289061e+000 -7.885991e+000 -6.642654e+000 -6.131135e+000 -6.743769e+000 -1.841783e+000  2.833955e+000 -4.077888e+000  3.308620e+001 -3.671512e+000 -1.104841e+000 -3.508604e+000 -2.464385e+000  1.931048e+000  1.742792e+000  1.608271e+000  2.477575e+000  3.078386e+000  2.633637e+000  4.284716e-001 -9.615180e-001 -3.138914e+000 -1.983479e-001 -1.981312e+000  2.738557e-001 -1.219600e-001 -2.656990e+000  1.241380e+000  6.680138e-001  4.802432e-001  7.316076e-001 -9.997828e-001  2.420999e-001 -1.195902e-001  2.300101e+000
-1.204213e+001  5.527911e+000  2.839814e+000  9.563255e-001 -2.890193e-001 -9.417167e-001 -4.946380e+000 -3.022399e+000 -5.039089e+000  1.233069e-001  5.560278e+000 -2.850840e+000  3.173179e+001 -3.478909e+000 -3.709931e+000 -2.902910e+000 -1.456999e+000 -1.046614e+000  2.365264e+000  1.839195e+000  2.621325e+000  3.730169e+000  8.396163e-001 -1.649120e-001 -1.039150e-001  1.090263e-001  6.654719e-001 -9.564995e-001  8.094125e-001  5.279225e-001 -1.774649e+000 -6.054213e-002 -5.103938e-002 -4.540893e-001 -1.180538e-001 -1.271355e+000 -3.544941e-001  3.245474e-001  1.909748e+000
-1.420284e+001  4.752151e+000  3.314444e+000  7.535102e-001 -3.085008e+000 -2.832833e+000  1.258640e+000  5.268850e+000  4.855124e+000 -5.194968e-001  4.279787e-002 -1.094968e+000  3.067333e+001 -2.151309e+000 -2.930627e+000 -2.501405e+000  1.616467e-001 -1.515514e+000  1.416824e+000  1.658213e+000  1.823475e+000  2.511384e+000 -1.576927e-001 -1.672701e+000  2.889657e-002  2.327544e+000  1.147388e+000 -2.553599e-001  8.984700e-001  3.367593e-001 -5.669416e-001 -9.543905e-001 -9.586545e-001 -1.582168e+000 -1.559035e+000 -8.678693e-001 -3.922486e-001  1.462599e-001  1.283499e+000
-1.580996e+001 -2.558655e+000 -4.276233e+000  6.889012e-001 -6.309304e+000 -1.376238e+000 -1.935264e+000  2.832270e-001  2.517506e+000 -2.095814e+000 -2.171822e+000 -3.664994e+000  3.924686e+001 -4.839146e-001 -2.003692e+000 -6.393313e-001  1.523198e-001 -1.333757e+000 -5.414141e-001 -3.209558e-001 -1.254155e+000  1.397497e-001 -2.298094e-001 -1.188138e+000  4.445884e-001  1.516053e+000  1.347822e+000  6.492042e-003  9.060906e-001 -2.148525e-001  1.037142e-001 -1.174005e+000 -1.029634e+000 -1.546859e+000 -1.991421e+000 -5.282475e-001  8.852492e-002  2.371462e-001  3.870425e-001
-1.699478e+001 -2.557328e+000 -4.416755e+000  2.965700e+000 -5.856491e+000 -5.846100e-001  1.428535e-001  1.333426e+000  2.034852e+000 -1.520686e+000 -1.663500e+000 -3.526328e+000  4.096639e+001  5.679284e-001 -3.234761e+000 -1.480432e-001 -1.585248e+000 -7.600877e-001 -1.575821e+000 -2.104926e+000 -3.495524e+000 -2.921578e+000 -1.170996e+000 -1.021159e+000 -5.044702e-001  2.575069e+000  1.054134e+000 -3.237145e-001  6.012488e-001 -4.877777e-001  1.002326e-001 -6.609817e-001 -7.760880e-001 -8.812122e-001 -1.506965e+000 -1.353872e-001  6.303228e-001  4.245490e-001 -4.088519e-002
-1.306573e+001 -8.358086e-001  3.508756e+000  6.118296e-001 -5.572065e+000 -4.772899e+000 -5.993266e+000 -7.325462e+000 -2.930204e+000 -5.251455e-001  4.727392e-001  5.877818e-001  3.416553e+001  1.900581e+000 -3.525404e+000  4.508612e-001 -1.657814e+000 -9.057562e-001 -2.008440e+000 -1.427406e+000 -2.453471e+000 -3.510457e+000 -1.294969e+000 -4.805851e-002  1.348499e+000  1.920476e+000  4.183561e-001 -3.897044e-001 -1.426814e-001 -6.805890e-002 -3.991741e-003  1.571984e-001  1.644587e-003  4.029376e-001 -2.963059e-001  1.405576e-001  7.365988e-001  4.223232e-001 -2.786061e-002
-1.273531e+001 -1.228307e+001 -1.318267e+000 -7.134195e+000 -7.254066e+000 -9.013608e+000 -7.236991e+000 -8.404424e+000 -7.028912e+000 -7.159813e+000 -6.385276e+000 -5.743707e+000  4.608934e+001  1.927111e+000 -3.788343e+000 -4.025771e-002 -1.372175e+000 -1.228352e+000 -1.154572e+000 -1.669002e+000 -1.982929e+000 -3.198338e+000 -3.020487e-001  9.088733e-001  1.699686e+000  1.920906e+000 -1.588473e-001  3.995989e-001 -3.058723e-001  6.428538e-001  2.663147e-002  7.484165e-001  3.731125e-001  9.458128e-001  9.311553e-001  5.695595e-001  9.110703e-001  5.233338e-001 -7.742714e-001
-8.436786e+000 -1.532280e+001 -3.571171e+000 -2.550221e+000 -1.013930e+001 -7.203940e+000 -5.382372e+000 -7.115202e+000 -1.050290e+001 -5.751096e+000 -5.122636e-002  4.186192e+000  4.628776e+001  9.282749e-001 -3.675422e+000 -1.406631e+000 -2.945114e-001 -1.119584e+000  3.395319e-002 -5.306951e-001  4.235172e-003 -1.203400e+000  3.850503e-002  1.529841e+000  1.454126e+000  1.703831e+000 -7.060869e-001  9.196761e-001 -3.296875e-001  5.333906e-001  2.674050e-001  8.171220e-001  1.766824e-001  5.524865e-001  1.359244e+000  4.242017e-001  3.210435e-001 -1.923382e-001 -9.192663e-001
-9.673699e+000 -1.425555e+001 -1.078080e+000 -2.314149e+000 -9.714636e+000 -5.141947e+000 -8.507603e+000 -8.686347e+000 -1.017049e+001 -4.179539e-001  3.142849e+000  3.172897e+000  4.450981e+001  2.598454e-001 -1.161757e+000 -7.486585e-001  9.473695e-001 -5.200165e-001  1.145065e+000 -6.877190e-001  4.687309e-003  5.806697e-001  1.010064e+000  2.745243e+000  2.059386e+000 -1.187965e+000 -9.292623e-001  1.340845e+000  1.376864e-001  2.719646e-001  8.268210e-001  6.548833e-001  1.552035e-001  3.033246e-001  1.436973e+000  4.537059e-002 -4.098087e-001 -6.074280e-001 -2.277887e-001
-9.955162e+000 -1.822668e+001 -3.644494e+000 -3.270751e+000 -9.939699e+000 -6.538964e+000 -8.011436e+000 -7.163324e+000 -7.376411e+000 -3.703550e+000  3.357880e+000  3.400110e+000  4.347445e+001 -7.962207e-001 -2.403170e-001 -8.433760e-001 -1.506332e-001  7.710095e-002  9.273514e-001 -1.034635e+000 -6.848460e-001  1.396259e+000  1.699832e-001  6.389738e-001  2.069582e-001 -1.121420e+000 -7.645515e-001  1.530197e+000  7.718922e-001 -1.346694e-002  1.064845e+000  2.815254e-001 -2.227851e-002 -1.040929e-002  9.286183e-001 -1.224177e-001 -9.456047e-001 -1.011592e+000  9.615736e-001
