39 39
 4.732420e+000 -1.266186e+001  6.956233e+000 -1.446060e+001 -1.757035e+001  1.048311e-001 -2.092535e+001  6.079305e+000  1.247953e+001 -2.591790e+000  8.106485e-001 -1.011954e+001  6.824035e+001  1.252940e+000 -1.823877e+000 -1.443066e+000 -2.282024e+000  2.817354e+000  3.041365e+000 -1.189005e-001 -2.255423e+000  9.016575e-001  2.735701e+000 -2.072398e+000 -1.825681e+000  1.399651e-001  1.834970e-001  1.938060e-001  7.259825e-001 -1.992131e-001 -5.271821e-002  5.620264e-001 -2.226652e-001 -1.432420e+000 -1.088662e+000  9.603728e-002  1.566054e+000  7.285686e-002 -3.493443e-001
 5.982710e+000 -1.631225e+001  2.260592e+000 -8.911775e+000 -1.660248e+001  3.738771e+000 -1.992494e+001  2.862244e+000  8.878737e+000 -3.292142e-002 -1.732999e+000 -9.599274e+000  6.927691e+001  1.387250e+000 -1.222870e+000 -7.889558e-001 -2.753866e+000  3.678596e+000  2.884218e+000 -5.642698e-001 -3.521549e+000 -2.638416e-002  2.306761e+000  1.954258e-001 -1.627665e+000 -3.361717e-001  8.167778e-002  5.899164e-001  4.221553e-001 -2.302066e-001  1.524727e-002 -2.132055e-001 -1.682023e-001 -5.044380e-001 -4.802631e-001 -6.411559e-001  1.654212e+000  3.422593e-001 -3.945808e-001
 8.022664e+000 -1.667258e+001  2.279122e+000 -1.377680e+001 -1.244869e+001  7.246078e+000 -2.358466e+001 -3.400524e-001  9.132874e+000  2.385691e+000  2.709946e+000 -1.341263e+001  6.804994e+001  1.450254e+000 -2.647082e-001 -1.165104e+000 -2.386240e+000  3.096227e+000  2.108565e+000 -2.843243e-001 -3.063613e+000  2.404983e-001  7.250781e-001  1.767975e+000 -9.093162e-001 -7.246200e-001 -2.116940e-001  7.559451e-001 -7.833318e-002  3.943679e-001 -5.520571e-001 -7.227198e-001  3.961081e-001  3.881055e-001 -2.265188e-001 -8.762154e-001  8.791365e-001  5.676753e-001 -1.830539e-001
 9.851304e+000 -1.570646e+001  2.783370e+000 -1.985662e+001 -7.950974e+000  8.467772e+000 -2.316389e+001 -4.196022e+000  1.171827e+001  1.490796e+000  5.926910e+000 -1.469746e+001  6.651951e+001  1.082483e+000  7.010338e-001 -9.312023e-001 -2.636680e+000  2.411573e+000  1.039250e+000  2.531876e-001 -2.178904e+000  7.412398e-001 -3.855073e-001  2.325320e+000 -4.580204e-001 -9.338493e-001 -3.634569e-001  5.379638e-001 -3.752384e-001  1.112048e+000 -1.221198e+000 -6.791753e-001  7.203633e-001  7.868475e-001 -5.175605e-001 -3.788147e-001  1.918353e-002  4.955943e-001  4.503227e-002
 1.004939e+001 -1.428829e+001  8.693251e-001 -2.091938e+001 -6.414969e+000  8.283155e+000 -2.072750e+001 -5.709628e+000  1.226226e+001  2.717420e-001  5.820570e+000 -1.211703e+001  6.599595e+001  3.468539e-001  9.938966e-001 -1.763609e+000 -3.687777e-001  6.905800e-001  3.502499e-001  1.452911e+000 -9.862173e-001 -6.147483e-001 -2.992415e-001  1.258337e+000  4.278727e-001 -4.764656e-001 -3.651164e-001  2.066125e-001 -2.888951e-001  1.336480e+000 -1.391725e+000 -3.015579e-001  6.326119e-001  6.594562e-001 -9.218577e-001  3.085934e-001 -4.585328e-001  2.222962e-001  1.814910e-001
 1.038176e+001 -1.399923e+001 -1.690521e+000 -1.852389e+001 -7.561480e+000  8.416482e+000 -2.008758e+001 -5.347489e+000  1.102024e+001 -9.034839e-001  8.338289e+000 -1.253718e+001  6.563466e+001  1.216659e-001  8.376466e-001 -2.365896e+000  1.797642e+000 -1.224572e+000  3.674994e-001  2.168929e+000 -6.260090e-001 -2.186563e+000  9.248475e-001  5.461622e-001  1.817122e-001 -2.350876e-001 -1.768523e-001 -7.325500e-002 -5.133765e-002  1.042921e+000 -1.169092e+000  8.404525e-002  3.440485e-001  3.098126e-001 -9.213240e-001  5.580007e-001 -5.367171e-001  4.486036e-002  1.558632e-001
 9.491706e+000 -1.255671e+001 -4.301978e+000 -1.628706e+001 -9.190540e+000  9.022973e+000 -1.785826e+001 -4.695405e+000  6.408146e+000  2.086623e+000  7.795944e+000 -1.235341e+001  6.611004e+001  1.050803e-001  7.000476e-001 -1.892233e+000  2.079000e+000 -2.044326e+000  9.366508e-001  1.920865e+000 -5.427798e-001 -2.904888e+000  1.612868e+000  3.648902e-001 -1.177013e-001 -1.665459e-001  1.466380e-002 -2.088081e-001  5.243413e-001 -2.058161e-002 -4.948352e-001  3.274528e-001 -2.066379e-001  1.149564e-002 -2.380337e-001  1.173598e-001 -2.101550e-001  4.898052e-002  1.649864e-002
 1.073848e+001 -1.238402e+001 -6.460456e+000 -1.318457e+001 -1.268605e+001  9.935360e+000 -1.375386e+001 -7.833178e+000  3.712509e+000  5.207593e+000  7.670034e+000 -1.367071e+001  6.528703e+001  3.191080e-001  4.816833e-001 -1.123579e+000  1.354036e+000 -2.066434e+000  1.166276e+000  1.739453e+000 -8.515602e-001 -2.720310e+000  1.448442e+000  8.845796e-002  3.906841e-002 -3.094932e-001 -8.652154e-003 -1.745874e-001  9.070532e-001 -9.216000e-001  2.515225e-001  2.659106e-001 -5.878939e-001  3.703930e-002  3.507695e-001 -4.954199e-001 -7.237458e-003  3.675138e-001 -2.535004e-002
 1.039644e+001 -1.159566e+001 -6.206872e+000 -1.319403e+001 -1.407431e+001  1.220697e+001 -1.429003e+001 -7.180683e+000  1.391686e+000  5.280543e+000  7.979148e+000 -1.213877e+001  6.533704e+001  3.214518e-001  1.278377e-001  2.369390e-001 -2.498826e-001 -1.362665e+000  1.588126e+000  6.344593e-001 -8.159635e-001 -1.538043e+000  2.576022e-002  4.364146e-001  7.440971e-001 -3.567696e-001 -1.443974e-001 -1.692719e-002  8.933088e-001 -1.207210e+000  6.534057e-001  3.498844e-002 -6.268083e-001  1.729749e-001  4.571576e-001 -6.477657e-001  3.074557e-002  5.461957e-001 -1.874390e-003
 1.152493e+001 -1.207134e+001 -6.355967e+000 -1.330022e+001 -1.545177e+001  1.265586e+001 -1.317443e+001 -8.362652e+000 -7.307487e-002  4.741764e+000  8.688977e+000 -1.244915e+001  6.447369e+001 -2.978067e-002  2.508143e-001  1.104784e+000 -1.645917e+000 -3.077898e-001  1.371315e+000 -1.273380e-001 -3.042206e-001 -1.116138e+000 -7.586980e-001  4.742127e-001  1.588382e+000 -2.667259e-001 -2.765086e-001  2.173257e-001  6.155166e-001 -1.036760e+000  7.396287e-001 -1.361567e-001 -5.702617e-001  3.559579e-001  3.058734e-001 -4.447092e-001 -2.529948e-002  5.541707e-001  4.224182e-002
 1.070574e+001 -1.207386e+001 -3.169527e+000 -1.747865e+001 -1.462101e+001  1.560335e+001 -1.497568e+001 -8.510486e+000  6.107213e-001  2.448338e+000  9.468546e+000 -9.243699e+000  6.473286e+001 -4.424625e-001  7.308461e-001  1.460129e+000 -2.457072e+000  3.433808e-001  1.009073e+000 -2.797814e-001  4.842510e-002 -1.421186e+000 -5.223908e-001  3.257406e-001  1.838620e+000 -1.973015e-001 -1.507306e-001  2.215319e-001  1.929908e-001 -3.023177e-001  1.897588e-001 -2.057362e-001 -2.277210e-001  3.564503e-001  1.591428e-001 -6.388991e-002 -1.796444e-001  2.366455e-001 -2.568397e-002
 1.043492e+001 -1.089084e+001 -2.455207e+000 -1.927185e+001 -1.395165e+001  1.509374e+001 -1.404773e+001 -8.689380e+000 -1.477699e+000  2.830205e+000  9.296399e+000 -7.176334e+000  6.425549e+001 -6.814778e-001  1.266808e+000  1.342409e+000 -2.726168e+000  7.786863e-001  7.750184e-001 -6.547351e-001  4.960351e-001 -1.249372e+000 -5.010288e-001  1.729755e-002  2.262660e+000 -1.780182e-001  8.408619e-002 -2.112222e-002  5.892026e-003  3.688966e-001 -4.673489e-001 -8.123963e-002  6.805962e-002  9.262282e-002  3.971540e-001 -5.547749e-002 -1.510143e-001 -9.419842e-002 -1.324451e-001
 8.729129e+000 -8.531673e+000 -8.566049e-001 -2.249358e+001 -1.310747e+001  1.603340e+001 -1.525229e+001 -6.775193e+000 -5.011933e+000  3.624368e+000  9.304140e+000 -5.582075e+000  6.445963e+001 -1.063523e-001  7.275003e-001  1.083081e+000 -1.221345e+000 -9.571090e-001  8.575929e-001 -2.404470e-001  5.661601e-001 -6.757128e-001 -4.225239e-001 -2.333497e-001  1.590186e+000 -5.295433e-001  2.201163e-001 -2.648429e-001  3.051934e-002  7.194958e-001 -7.858270e-001 -2.916766e-002  2.163494e-001 -1.585108e-001  6.750005e-001 -2.170869e-001 -7.149550e-002 -2.791505e-001 -2.118312e-001
 9.105849e+000 -7.508394e+000 -8.003816e-001 -2.442360e+001 -1.231510e+001  1.631593e+001 -1.630980e+001 -6.750123e+000 -3.508607e+000  1.648605e+000  8.857668e+000 -2.966665e+000  6.372021e+001  2.225952e-001  1.468761e-001  1.322769e+000 -4.192967e-001 -1.994290e+000  1.040857e+000  1.932928e-001 -9.997401e-002  4.968952e-001 -1.086019e+000 -1.313496e-003  1.241607e+000 -7.628304e-001  1.206769e-001 -2.026100e-001  1.269121e-001  6.403280e-001 -6.028854e-001 -7.408515e-002  2.833306e-001 -3.146134e-001  5.384554e-001 -1.906098e-001  2.498724e-004 -3.947303e-001 -2.301089e-001
 1.083851e+001 -1.012759e+001  1.418464e+000 -2.100950e+001 -2.022482e+001  1.928022e+001 -1.504688e+001 -6.649313e+000 -1.752389e+000  9.265190e-001  8.521163e+000 -3.397606e+000  6.235278e+001  2.060824e-001 -3.340258e-002  1.622546e+000 -1.302853e-002 -2.199266e+000  7.303158e-001  3.779515e-001 -4.461241e-001  1.080683e+000 -1.315330e+000 -2.243137e-002  9.533946e-001 -9.640514e-001 -3.905020e-002  2.719441e-001 -4.039342e-002  2.816529e-001  1.949793e-001 -3.438156e-001  2.756255e-001 -3.504916e-001  2.194560e-001 -1.176120e-001 -1.420726e-003 -2.380151e-001 -2.569562e-001
 1.049321e+001 -9.358505e+000  3.021103e+000 -2.211037e+001 -2.036442e+001  1.867462e+001 -1.318397e+001 -9.252190e+000 -6.229951e-001 -1.250965e+000  9.681320e+000 -2.060533e+000  6.149476e+001 -2.343107e-001  6.342090e-001  1.707237e+000 -1.286867e-001 -1.614662e+000  4.682312e-001  4.527188e-001 -5.708896e-001  5.647070e-001 -1.007674e+000 -8.691225e-002  6.074043e-001 -1.111309e+000 -4.212179e-002  7.068190e-001 -4.592094e-001  2.448571e-001  7.106262e-001 -5.991980e-001  3.092383e-001 -7.054569e-002 -2.143718e-001  1.182375e-001 -2.176045e-001 -1.534697e-001 -3.268400e-001
 9.065862e+000 -7.773631e+000  5.345385e+000 -2.371533e+001 -2.007914e+001  1.850563e+001 -1.492545e+001 -7.754780e+000 -1.051324e+000 -1.502499e+000  8.780157e+000 -1.268168e+000  6.075210e+001 -7.315035e-002  1.843555e+000  6.888794e-001  4.161434e-002 -1.720264e-001 -5.751721e-001  1.007968e+000 -9.508398e-001  3.876612e-001 -1.049756e+000 -1.976540e-001  7.172114e-001 -1.640085e+000  6.163207e-003  7.230862e-001 -6.440600e-001  1.512475e-001  8.493311e-001 -4.532139e-001  2.045953e-001  2.756575e-001 -4.342844e-001  6.263407e-002 -2.775508e-001 -1.393341e-001 -2.529205e-001
 8.820621e+000 -5.514328e+000  5.772345e+000 -2.371411e+001 -2.046126e+001  1.904438e+001 -1.410692e+001 -9.051837e+000 -1.035604e+000 -2.175258e+000  8.293610e+000 -9.943627e-001  5.896401e+001  1.516027e-001  2.742493e+000 -5.064445e-001  7.776674e-001  5.452217e-001 -1.302389e+000  1.424476e+000 -2.003446e-001 -2.284527e-001 -6.276186e-001 -1.001725e+000  5.923503e-001 -2.059013e+000  7.949445e-002  2.914018e-001 -6.003375e-001  1.995564e-001  6.496444e-001 -3.501034e-001  2.015892e-001  4.289961e-001 -3.328335e-001 -5.582220e-002 -2.262749e-001 -1.361653e-003 -6.051754e-002
 1.130905e+001 -2.831904e+000  3.487240e+000 -1.999956e+001 -2.103654e+001  1.621948e+001 -9.545565e+000 -1.150369e+001  3.922220e-001 -3.860114e+000  8.226748e+000 -3.446337e-001  5.541773e+001  4.394178e-002  2.527886e+000 -4.909129e-001  2.900320e-001  9.674473e-001 -6.504434e-001  9.150493e-001  7.468908e-001 -6.941591e-001 -1.192188e+000 -9.527792e-001  2.642511e-001 -1.754802e+000 -4.448753e-002 -4.049785e-001 -1.209244e-001  1.192950e-001  1.574077e-001  4.659096e-002  1.125209e-002  3.378353e-001 -1.893954e-001 -7.403021e-002  1.547838e-002  2.550309e-002  2.973554e-001
 1.012963e+001  1.883095e+000  1.417953e+000 -2.007992e+001 -1.715961e+001  1.330575e+001 -8.751531e+000 -8.379458e+000 -2.487031e+000 -3.210250e+000  4.949401e+000  4.394515e-001  5.386688e+001  1.046155e-001  1.749052e+000 -7.045540e-001  7.448864e-001  1.063823e+000 -1.244650e+000  1.507124e+000  7.252253e-001 -5.585501e-001 -1.215569e+000 -8.407241e-001  8.270762e-001 -1.356538e+000 -6.835777e-002 -9.969137e-001  3.790534e-001  4.288855e-003 -2.693026e-001  3.141491e-001 -5.535768e-002 -2.318369e-001  2.335599e-001 -1.608007e-001  5.147480e-001 -2.819062e-002  5.099214e-001
 8.631068e+000  1.167090e+000  5.068016e+000 -2.408227e+001 -1.689273e+001  1.812273e+001 -1.302790e+001 -4.356515e+000 -3.796406e+000 -6.945942e+000  5.688365e+000 -6.638194e-001  5.452666e+001 -2.720944e-001  3.153824e-001  1.833121e-001  6.544796e-001  3.557110e-001 -3.710866e-001  1.022904e+000  2.755514e-001 -3.942672e-001 -1.125932e+000 -2.007623e-001  7.273639e-001 -5.045456e-001 -2.830778e-002 -1.060478e+000  3.671229e-001  9.167270e-002 -3.479548e-001  3.071297e-001 -1.030525e-001 -5.233380e-001  5.204368e-001 -3.495992e-002  6.984026e-001 -1.504291e-001  4.960639e-001
 1.068269e+001  1.231436e+000  1.459187e+000 -1.794832e+001 -1.721404e+001  1.186950e+001 -4.830134e+000 -8.999297e+000 -1.734040e+000 -6.710191e+000  5.359180e+000  3.300611e+000  5.262685e+001 -3.216810e-002 -1.135824e+000  1.051710e+000  6.168879e-001 -4.954233e-001  1.286780e-001  1.093760e+000 -1.123859e+000  7.894009e-001 -1.464750e+000  1.196007e+000  2.198408e-001 -1.345344e-001 -5.111245e-002 -7.190376e-001  3.079115e-002 -1.111248e-001  1.863638e-001  5.093853e-001 -4.786814e-001  7.921682e-002  4.014561e-001 -1.251089e-001  4.616781e-001 -3.930948e-001  3.534208e-001
 9.672049e+000 -9.291629e-001  4.383183e+000 -1.779296e+001 -1.923077e+001  1.508217e+001 -6.391741e+000 -9.816012e+000 -1.955609e+000 -7.739802e+000  7.018047e+000  1.861606e+000  5.351501e+001 -2.920532e-002 -1.332067e+000  4.665693e-001  8.123947e-001  7.296562e-003  1.985411e-001  6.064686e-001 -9.452568e-001  1.234050e+000 -1.242397e+000  1.520868e+000 -1.842766e-001  1.145161e-001  1.369191e-002  2.907464e-002 -6.268564e-001  1.172353e-001  1.053716e+000  1.445578e-001 -3.247156e-001  8.329441e-001  9.291030e-002 -1.581650e-001 -1.702233e-001 -3.693357e-001 -1.363419e-003
 9.448295e+000 -2.747897e+000  7.018920e+000 -2.014014e+001 -1.846771e+001  1.546942e+001 -6.600806e+000 -1.126901e+001  5.395750e-001 -1.013707e+001  1.026460e+001  2.759426e-001  5.370003e+001 -2.723913e-001 -1.022411e+000 -6.922268e-001  1.103046e-001  2.169850e+000  1.017462e+000 -6.780652e-001  1.731714e+000  6.345721e-001 -1.782881e+000  6.068511e-001 -6.825777e-001  1.010349e-001 -3.997237e-002  7.659699e-001 -8.202135e-001  4.823643e-001  1.589094e+000 -2.147903e-001 -2.991171e-001  1.370069e+000 -4.792237e-001  1.079117e-001 -7.345928e-001 -4.267862e-001 -3.182296e-001
 9.102240e+000 -3.503579e+000  4.620996e+000 -1.892439e+001 -1.622941e+001  1.731548e+001 -9.110219e+000 -7.947945e+000  1.237034e+000 -1.144449e+001  1.084000e+001 -7.286817e-002  5.456265e+001 -8.352327e-002  4.040491e-001 -2.079002e+000  1.493948e+000  4.291652e+000 -9.268961e-002  2.852390e-001  3.012486e+000  1.476988e-001 -1.757691e+000 -7.573007e-001 -6.681053e-001 -6.291474e-001 -4.727219e-002  7.874185e-001 -3.260008e-001  8.616222e-001  1.228465e+000 -4.359794e-001  1.055191e-001  9.000279e-001 -6.751555e-001  3.427759e-001 -7.120937e-001 -2.866933e-001 -4.685637e-001
 9.605639e+000 -2.593410e+000 -2.120854e+000 -1.683109e+001 -7.865473e+000  1.584016e+001 -6.861222e+000 -1.274763e+000 -1.575018e-001 -1.377225e+001  6.482460e+000  8.549597e-001  5.260821e+001 -2.048710e-001  1.825968e+000 -1.776572e+000  2.687933e+000  5.307869e+000 -7.996580e-001 -2.412101e-001  3.747615e+000 -1.063542e+000 -6.675444e-001 -1.337873e+000 -1.672176e+000 -1.353851e+000 -1.778509e-001  3.706641e-001  4.596401e-001  1.119564e+000  6.742559e-002 -5.798411e-001  7.976264e-001  1.819387e-002 -5.300340e-001  8.170170e-001 -2.411711e-001 -1.067988e-001 -4.408846e-001
 9.175760e+000  1.013839e+000 -1.441938e+000 -1.197775e+001 -3.073625e+000  1.443335e+001 -4.835339e+000  2.492937e-001 -8.685771e-001 -1.471067e+001  5.122611e+000 -1.768429e+000  5.091519e+001 -2.993264e-001  1.180836e+000 -6.212624e-001  3.831692e+000  4.580610e+000 -1.072796e+000  9.156364e-001  2.546932e+000 -1.292671e+000 -8.618622e-002 -1.067238e+000 -1.122944e+000 -1.500859e+000 -4.149448e-001 -1.615122e-001  7.970453e-001  8.851436e-001 -8.529311e-001 -3.955201e-001  8.478241e-001 -4.059792e-001  1.187511e-001  1.155857e+000 -1.215719e-001 -4.128162e-002 -3.130826e-001
 8.387179e+000  4.123231e+000  1.167528e+000 -1.017379e+001  1.493743e+000  1.291220e+001 -9.944297e+000  3.370450e+000 -3.725331e+000 -1.184170e+001  6.433927e+000 -7.237156e+000  4.875451e+001 -1.053744e+000  4.425159e-001  8.771037e-001  4.539251e+000  2.362499e+000 -1.391690e+000  2.994868e+000  2.055460e+000 -1.295413e+000  1.466451e+000 -4.440356e-001 -9.891522e-001 -1.667532e+000 -5.617412e-001 -3.536586e-001  5.185178e-001  5.312288e-001 -1.069540e+000 -3.482708e-001  8.085483e-001 -5.948330e-001  9.940761e-001  1.190886e+000 -4.182937e-001  4.312734e-002 -2.569022e-001
 8.214837e+000 -9.577183e-001 -1.295067e-001 -3.094575e+000  1.994029e+000  1.341548e+001 -2.990499e+000  2.464107e+000 -3.442404e+000 -1.284069e+001  5.528074e+000 -1.641531e+000  4.898520e+001 -1.733811e+000  2.882142e-001  5.793871e-001  4.994007e+000  1.499682e+000 -1.774274e+000  2.906320e+000  1.828667e+000  8.573900e-001  2.954596e+000 -1.812079e+000 -1.216025e+000 -2.037720e+000 -7.220309e-001  2.644630e-002  2.491628e-001 -2.661862e-002 -6.541570e-001 -4.022542e-001 -1.587052e-001 -8.163900e-001  1.075350e+000  1.223738e+000 -3.825939e-001 -2.140694e-001 -3.149211e-001
 4.817379e+000  6.049479e-001  1.608450e+000  1.423582e+000  1.413196e+000  9.390644e+000  7.190700e+000  7.895128e+000 -5.347655e+000 -7.374982e+000  4.059550e+000 -4.154250e+000  4.523554e+001 -2.296335e+000  5.039857e-001  2.156924e-001  4.762919e+000  1.500631e+000 -2.190273e+000  2.806189e+000  1.132583e+000  2.831808e+000  3.766496e+000 -3.056921e+000 -1.409999e+000 -2.369932e+000 -6.794958e-001 -2.594635e-001 -1.109140e-001 -5.550101e-001 -1.223936e-001 -3.875530e-003 -8.925902e-001 -1.393687e+000  2.242790e-001  6.808651e-001  1.305843e-001  1.265755e-001 -1.050776e-001
 2.291608e+000  4.214052e+000  1.234537e+000  7.193599e+000  4.465057e+000  7.322756e+000  1.128765e+000  7.130291e+000  4.229535e+000 -2.171046e+000 -2.750594e+000 -9.390008e+000  4.248607e+001 -3.288186e+000  1.282333e+000  9.552571e-001  3.586764e+000  1.740759e+000 -2.684776e+000  2.164497e-001 -1.073579e+000  2.020470e+000  4.882483e+000 -1.673765e+000 -1.982868e+000 -2.724266e+000 -3.379417e-001 -8.838661e-001 -6.039964e-002 -1.008926e+000 -2.842774e-001  5.172199e-001 -8.780552e-001 -1.578916e+000 -1.459562e+000 -3.936469e-001  6.869889e-001  6.233189e-001  3.409715e-001
-1.328795e-001  4.057274e+000  1.563968e+000  8.496716e+000  7.761384e+000  5.007195e+000  2.027017e+000  6.700271e+000  6.597739e+000  1.655953e+000 -4.711342e+000 -1.041291e+001  4.015442e+001 -3.674035e+000 -1.351861e+000  1.345986e-001  2.467821e+000  1.629993e+000 -9.558168e-001 -1.231473e-001 -3.461850e+000 -7.555587e-001  3.906833e+000  1.397289e-001  2.714643e-002 -1.849648e+000  2.387374e-001 -8.040347e-001  3.389668e-001 -9.931722e-001 -7.389826e-001  5.211022e-001 -6.945593e-001 -9.051561e-001 -1.778569e+000 -1.059199e+000  7.692860e-001  5.822309e-001  6.865532e-001
-5.750962e+000  3.727783e+000  4.669020e+000  1.130268e+001  7.523727e+000  2.183329e+000  6.735905e-001 -2.306361e+000  6.872512e-001  7.056255e+000  1.544695e+000 -8.426539e+000  3.790444e+001 -2.734669e+000 -3.203193e+000  3.179358e-001  1.096927e+000  1.361356e-002  1.945976e-001 -1.928756e-002 -3.768698e+000 -4.646737e+000  9.161934e-001  2.454097e-002  1.181997e+000 -5.930042e-001  8.001612e-001 -2.041300e-001  4.795206e-001 -6.504927e-001 -9.177165e-001  3.527924e-001 -1.422562e-001  2.937503e-001 -6.638524e-001 -1.324396e+000  2.224211e-001  3.737677e-001  7.099729e-001
-9.531512e+000 -5.911224e+000  5.642013e-001  1.170815e+001  8.033824e+000  7.181273e+000  6.802550e+000 -4.695797e+000 -7.354307e+000  7.545534e+000  2.610551e+000 -4.500252e+000  3.827812e+001 -1.379406e+000 -1.273425e+000  2.229187e+000  1.041977e+000 -1.330709e+000 -1.024448e+000 -5.487386e-001 -2.045638e+000 -2.727435e+000  4.536461e-001 -5.964329e-002 -8.127666e-002 -2.796554e-003  9.241623e-001  8.812597e-001  4.887810e-001 -4.369867e-001 -6.708437e-001 -2.291363e-001 -5.544134e-002  1.161587e+000  1.151091e+000 -9.194413e-001 -9.415032e-002 -1.854813e-001  3.217331e-001
-6.682420e+000 -6.817663e+000  3.324099e+000  1.107252e+001  4.396905e+000  7.208704e+000 -1.355439e+000 -6.015168e+000 -1.202813e+001 -5.348695e-001 -6.288836e+000 -6.436354e+000  4.045920e+001 -4.346943e-001  2.224645e-001  2.305566e+000  1.047223e+000 -1.367473e+000 -8.864980e-001 -2.820359e-001 -3.129340e-001 -3.128533e-001 -1.290259e-002 -4.619736e-001 -5.981765e-002 -9.782638e-002  4.244385e-001  9.235847e-001 -1.671442e-001 -2.570489e-001  8.604930e-002 -8.881716e-002  1.113665e-001  1.007404e+000  1.981467e+000 -1.333987e-001  3.027970e-001 -1.419740e-001 -1.170032e-001
-6.564181e+000  2.962874e+000  1.338237e+001  1.382168e+001  2.671248e+000 -2.627734e+000  2.978391e-001 -1.673517e+000 -6.817473e-001  7.719746e+000 -1.092793e+000 -1.181439e+001  3.886305e+001 -2.032108e-001  1.341609e+000  1.584689e+000  3.077399e-001 -1.033683e+000 -1.560950e+000 -2.689798e-001  6.182052e-001  2.832954e+000 -2.258250e-001 -8.776536e-002 -2.793528e-001 -4.885712e-001  1.349743e-002  4.557734e-002 -1.077555e+000 -4.424561e-001  5.350274e-001  4.975110e-001  4.077944e-001  5.395440e-001  6.244342e-001 -4.399336e-001  3.668716e-001  5.172420e-001 -2.530639e-001
-9.408099e+000  4.030561e-001  9.787766e+000  1.548202e+001  3.367652e+000  2.655342e+000  2.515767e+000 -5.382171e+000 -4.213295e+000  6.904636e+000  1.086499e+000 -5.068560e+000  3.712284e+001 -1.200574e+000  1.072141e-001 -1.955360e-001  1.788011e-001  2.953466e-001  1.876282e-002  3.976658e-001 -6.360061e-002  2.480402e+000  5.889356e-001  1.552587e+000  5.711646e-001 -9.351330e-001 -4.001998e-002 -2.713012e-001 -8.222114e-001 -4.666305e-001  4.090611e-001  3.339173e-001  4.096730e-001  4.600447e-001 -3.512471e-001 -1.481728e-001  6.352990e-001  6.690955e-001 -1.308314e-001
-9.184727e+000 -2.813540e+000  5.255811e+000  1.104210e+001  3.380038e+000  1.653203e+000  3.522048e+000 -1.921269e+000  2.903045e+000  2.696656e+000 -1.515943e+000 -6.580914e+000  3.750344e+001 -9.289793e-001 -9.879127e-001 -1.908036e+000 -7.360929e-001  5.130177e-001  1.010476e+000  1.150383e+000  5.274152e-001 -1.001892e+000 -2.046941e+000  7.674344e-001  2.189442e+000 -8.494625e-001  1.163957e-001 -1.904836e-001 -3.088075e-001 -2.270407e-001 -1.188575e-001 -6.067778e-002  3.175566e-001  3.576526e-001 -9.229240e-001  3.446649e-001  2.689894e-001  2.395076e-001  7.062183e-002
-1.137502e+001 -3.393385e+000  6.409697e+000  1.335632e+001  5.519243e+000  5.162050e+000 -9.792150e-001 -6.209295e+000 -1.418511e+000  4.921353e+000  1.685673e+000 -6.197268e+000  3.646334e+001 -2.719100e-001  3.071908e-002 -5.912866e-002 -7.640136e-001 -9.551735e-002 -5.026249e-001  1.056648e+000  2.032684e+000 -1.516659e-001  1.567913e-001  2.286921e+000  2.051262e+000 -5.715378e-001  4.026511e-001  2.420846e-001  2.156794e-001 -2.901755e-001 -6.056411e-001 -5.542840e-001  3.124688e-001  3.513908e-001 -2.899994e-001  6.093786e-001 -4.676838e-001 -5.779864e-001  2.623134e-001
