33 39
-2.456863e+001 -8.377996e+000  2.634011e+000 -1.500714e+001 -3.092658e+000 -8.741211e+000 -7.070369e+000 -4.248361e+000 -3.681428e+000 -6.867406e+000 -5.738031e+000  6.045804e+000  5.753536e+001 -1.800299e+000  9.402913e-001 -7.472094e-001 -2.933097e-001  1.294557e+000 -2.815017e+000  3.039656e-001  8.202597e-001 -2.925585e+000  2.304195e-001 -9.431236e-001 -2.404597e-001 -3.376846e-001  4.620481e-001  6.849903e-001 -6.728458e-002  1.619560e+000  1.479604e+000  1.047669e-001  1.339741e+000  5.019739e-001 -3.186650e-001  5.561044e-002  2.809930e-001 -4.398929e-001 -2.303910e-001
-2.596271e+001 -7.421713e+000  4.112854e-002 -1.057523e+001  4.031760e+000 -1.049506e+001 -9.317471e-001  2.388032e+000 -2.687383e+000  1.010127e-001 -9.379886e+000  9.480130e+000  5.755946e+001 -9.812647e-001  1.715278e+000 -8.644028e-001  1.285589e+000  2.799033e+000 -2.264556e+000  1.623086e+000  8.217204e-002 -2.490643e+000  6.114436e-001 -3.694226e-002  8.049188e-001 -5.693329e-001  6.540638e-001  2.587659e-001 -1.829783e-001  4.557970e-001  5.255818e-001  8.395540e-001  1.055362e+000 -1.649155e-001  2.601998e-001  7.959604e-002  9.076132e-001 -5.648637e-001  3.821079e-002
-2.642145e+001 -4.665676e+000  1.436846e-001 -9.599298e+000  4.231326e+000 -1.218433e+001  2.901133e+000  4.136256e+000 -5.248140e+000 -7.876949e-001 -4.915878e-001  8.405589e+000  5.633805e+001 -5.675665e-001  1.719737e+000 -1.782808e+000  1.792401e+000  3.266528e+000 -1.010779e+000  2.509238e+000  1.196501e-001 -1.407827e+000 -5.727297e-001  9.405377e-001 -2.704861e-001 -1.459537e-001  7.220795e-001 -2.856156e-001  8.550598e-002 -5.542311e-001 -3.593642e-001  9.746644e-001  4.706795e-002 -4.596949e-001  4.532153e-001  3.022461e-001  5.142983e-001 -5.257531e-001  1.806080e-001
-2.636948e+001 -1.537686e+000 -1.085834e+000 -7.969700e+000  8.079955e+000 -1.412519e+001 -5.292212e-001 -2.335561e+000 -7.415167e+000 -4.581318e+000 -4.157421e+000  9.722911e+000  5.611015e+001  5.280838e-001  1.265705e+000 -1.159455e+000 -8.892668e-001  1.562958e+000  8.595566e-001  1.939481e+000 -1.206700e+000 -1.861572e+000 -3.350057e-002  1.579178e+000 -2.138585e+000  2.773868e-001  7.989864e-001 -8.099715e-001  6.198102e-001 -8.619407e-001 -1.148948e+000  6.290373e-001 -6.130685e-001  8.738124e-002  6.938616e-001  8.660786e-001  3.211366e-001 -4.846111e-002  6.774399e-002
-2.720308e+001 -2.721325e+000 -5.716547e+000 -7.347898e+000  1.121589e+001 -1.198004e+001  5.274561e+000 -1.288313e+000 -8.356672e+000 -7.389889e+000 -3.646575e+000  4.571983e+000  5.753024e+001  1.055424e+000 -2.630003e-001 -1.721535e-001 -1.977038e+000  1.157729e-001  4.962492e-001  3.811080e-001 -8.337786e-001 -9.740442e-001  2.064122e+000  8.203077e-001 -1.397473e+000  1.419956e-001  1.316487e+000 -6.832964e-001  1.469157e+000 -7.084840e-002 -1.556378e+000 -3.338806e-001 -1.318645e+000  1.439325e-001  6.407228e-001  7.154842e-001 -4.149508e-001  5.356619e-001 -6.995613e-002
-2.293147e+001 -2.065362e+000 -2.826030e+000 -1.614727e+001  8.354273e+000 -6.299422e+000  7.578942e+000 -9.331834e-001 -1.044098e+001  3.234607e+000  9.349867e-002  7.040102e-001  5.835030e+001  2.202172e+000 -1.343211e+000  1.429321e+000 -1.139396e+000 -1.370332e+000  1.271157e-001 -3.781911e-001  9.957926e-001  7.617736e-001  3.623410e+000  1.628856e+000  1.126107e+000 -3.745876e-001  1.673244e+000 -7.596740e-001  1.795034e+000  1.336003e+000 -1.805113e+000 -5.631269e-001 -1.858953e+000 -4.390780e-002  8.116943e-001 -8.226421e-001 -6.729097e-001  6.797168e-001  2.470244e-001
-2.286333e+001 -5.716839e+000  1.530150e-001 -1.539570e+001  4.673031e+000 -1.361597e+001  7.525910e-001 -7.338261e-001 -8.605455e+000  5.624953e+000  1.484491e+000  5.927672e+000  5.592796e+001  5.177826e+000 -3.922873e-001  4.268590e+000  1.563223e+000 -3.048717e+000 -2.313962e+000 -2.925150e+000 -2.619339e-001  4.841135e-001  1.176236e+000 -1.159055e+000  7.754776e-001 -1.697472e-001  1.563432e+000 -7.562208e-001  1.565688e+000  1.695653e+000 -2.078813e+000  4.374473e-001 -1.907743e+000 -3.738934e-001  5.406930e-001 -2.203484e+000 -1.855435e-001 -3.216527e-001  8.668830e-001
-1.752849e+001 -6.755983e+000  3.125990e+000 -9.642776e+000  4.499723e+000 -1.267165e+001 -1.591915e-001  2.366159e+000 -3.481907e+000  7.028313e+000  1.421325e+000  1.467560e+001  5.503836e+001  6.833100e+000 -2.468021e+000  5.595343e+000  4.020618e+000 -5.880362e+000 -5.509723e-001 -5.702154e+000 -1.712161e+000  1.467821e+000 -3.702768e+000 -7.956888e-001  1.735237e-001  1.668380e+000  5.311998e-001 -8.455404e-001  6.969500e-001  9.646865e-001 -1.915505e+000  1.307739e+000 -1.496536e+000 -5.103422e-001  1.658294e-001 -2.280617e+000  5.833051e-001 -1.500045e+000  1.112560e+000
-4.015439e+000 -2.337451e+000  1.265039e+001 -2.784028e+000 -2.100428e+000 -2.036374e+001 -5.482122e+000 -4.247654e+000 -9.415641e+000 -3.405563e+000 -1.010577e+001  1.463576e+000  5.833748e+001  6.557120e+000 -3.481699e+000  5.573276e+000  3.921221e+000 -8.023276e+000  3.022530e+000 -6.495626e+000 -1.349268e+000  1.376397e+000 -5.290210e+000  1.104863e+000 -2.529445e+000  3.454927e+000 -1.078484e+000 -8.080047e-001 -6.023068e-001 -1.838655e-001 -8.219818e-001  1.667442e+000 -7.152085e-002  2.209649e-001  1.914593e-001 -6.487474e-001  1.715825e+000 -1.237285e+000  5.671344e-001
 1.810082e+000 -1.609516e+001  1.890200e+001 -2.350014e+000 -1.766081e+001 -5.680402e+000 -1.781447e+001 -7.737077e+000 -2.696784e+000 -1.076397e+001  1.910183e+000  3.803677e+000  6.548744e+001  4.168524e+000 -4.026207e+000  4.261728e+000  2.505038e+000 -8.460579e+000  3.997566e+000 -6.075633e+000 -1.012251e+000  1.144779e+000 -4.546454e+000  3.413423e+000 -4.721658e+000  3.375874e+000 -1.874882e+000  3.354877e-001 -1.332184e+000 -8.122203e-001  9.830493e-001  2.308100e-001  1.523538e+000  6.621932e-001 -3.591778e-001  1.070415e+000  1.259551e+000 -8.376966e-001 -5.040357e-001
 2.529803e-001 -1.845574e+001  2.013139e+001  5.640227e-001 -2.436308e+001 -1.998947e+000 -2.289790e+001 -2.428550e+000 -2.116031e+000 -1.192995e+001  6.764375e+000 -1.283592e+000  6.797805e+001  1.117694e+000 -3.653218e+000  1.923863e+000  1.401686e+000 -5.868518e+000  3.748979e+000 -3.096015e+000  4.929357e-001  1.602931e+000 -1.645658e+000  5.315516e+000 -2.963355e+000  1.812178e+000 -1.631507e+000  1.034463e+000 -1.330967e+000 -7.522598e-001  2.231785e+000 -1.092908e+000  2.165384e+000  4.313208e-001 -8.172750e-001  1.604920e+000  2.053717e-001  1.253593e-001 -1.192607e+000
 1.179920e+000 -1.882787e+001  2.069413e+001  1.208387e+000 -2.667184e+001 -1.866215e+000 -2.182947e+001 -3.604651e+000 -1.407818e+000 -1.144176e+001  1.005337e+001 -7.559105e+000  6.709744e+001  1.784008e-001 -7.048229e-001  7.591311e-001  1.219284e+000 -2.042495e+000  2.398531e-001  2.157286e-001  6.777028e-001 -4.413355e-001 -1.729668e-001  3.396738e+000 -3.798004e+000 -3.042374e-002 -9.166590e-001  1.371304e+000 -8.385128e-001 -4.432864e-001  2.684940e+000 -1.499502e+000  1.995456e+000  1.281370e-001 -1.229578e+000  1.439606e+000 -8.746107e-001  9.943879e-001 -1.226328e+000
 1.888114e+000 -1.923719e+001  2.137364e+001  2.445203e+000 -2.693750e+001 -3.525936e+000 -1.895470e+001 -3.849189e+000 -2.045469e+000 -1.129496e+001  1.240022e+001 -7.671809e+000  6.659337e+001  3.946450e-001  2.992344e-002  6.697369e-001  8.027991e-001 -7.339211e-002 -5.631544e-001  1.185613e+000 -3.764119e-002 -1.916921e+000  5.476478e-001  2.140063e+000 -2.364475e+000 -8.049606e-001 -3.181128e-001  1.395621e+000 -3.548554e-001 -2.485777e-001  2.233772e+000 -1.164500e+000  1.267008e+000 -7.887848e-002 -1.312759e+000  9.719581e-001 -1.524609e+000  1.122653e+000 -1.166557e+000
 1.884519e+000 -1.922855e+001  2.207653e+001  2.805816e+000 -2.658607e+001 -3.717642e+000 -1.870743e+001 -3.638243e+000 -4.938742e+000 -1.194631e+001  1.607595e+001 -1.199224e+001  6.602766e+001 -5.324610e-002  9.887400e-001  6.962277e-001  5.880493e-001  2.066559e+000 -1.343878e+000  1.760835e+000 -1.062779e-001 -3.243187e+000  1.554922e+000  6.280951e-001 -4.915838e-002 -1.447195e+000 -2.219169e-001  1.531914e+000 -3.426732e-001 -2.127029e-002  1.478327e+000 -4.800576e-001  7.765031e-001 -1.118338e-001 -5.210194e-001  4.582340e-001 -1.517977e+000  1.406844e+000 -1.416314e+000
 1.873906e+000 -1.810579e+001  2.278888e+001  3.779304e+000 -2.477293e+001 -3.889005e+000 -1.853086e+001 -2.599960e+000 -9.935173e+000 -8.939444e+000  1.445340e+001 -1.088940e+001  6.448814e+001 -3.570459e-001  2.478104e+000  1.810381e-001  4.744153e-001  3.245816e+000 -1.281655e+000  2.466470e+000  4.905337e-001 -3.559936e+000  2.350188e+000 -9.232084e-001  7.754880e-001 -3.312222e+000 -2.848897e-001  2.127759e+000 -6.329378e-001  1.563240e-001  9.747195e-001 -2.358089e-001  4.585584e-001 -3.220243e-001  5.425748e-001 -2.521955e-002 -1.469202e+000  8.194261e-001 -1.688630e+000
 9.207937e-001 -1.444987e+001  2.346765e+001  3.481583e+000 -1.742133e+001 -8.404071e+000 -1.323721e+001 -4.760655e+000 -1.367890e+001 -4.844911e+000  1.216725e+001 -6.196100e+000  6.091409e+001 -5.553384e-001  5.730659e+000 -7.098856e-001  1.277125e+000  3.689535e+000 -1.801184e+000  3.457816e+000 -1.455536e-001 -2.224925e+000  1.216933e+000 -2.661510e+000  1.666234e+000 -5.858361e+000 -3.254400e-001  1.658395e+000 -1.009822e+000  3.795799e-001  3.606905e-001  1.597834e-002 -2.366249e-001 -4.253091e-001  1.386490e+000 -6.145238e-001 -1.159494e+000  3.682805e-001 -1.340765e+000
 5.847470e-001 -9.236009e+000  2.158327e+001  4.479396e+000 -1.529079e+001 -7.590997e+000 -9.357462e+000 -8.353145e-001 -1.547507e+001 -3.094716e+000  9.738525e+000 -6.692437e+000  5.258905e+001 -7.787575e-001  8.297761e+000 -1.791896e+000  1.239882e+000  3.988717e+000 -1.513546e+000  2.629915e+000 -1.628125e+000  2.868219e-001  5.905446e-001 -3.561145e+000  8.749590e-001 -7.042527e+000 -5.316295e-001 -4.099458e-001 -1.375578e+000  7.590158e-002  2.467509e-001  1.656678e-001 -8.630779e-001  1.644151e-001  1.714999e+000 -4.013000e-001 -4.886792e-001  6.759614e-001  1.299518e-001
-2.475940e-001  4.989851e+000  1.912990e+001  8.841393e+000 -1.287947e+001 -1.087257e+001 -6.005045e+000 -5.248334e+000 -1.329342e+001 -8.784004e+000  5.125834e+000 -5.759551e+000  4.268540e+001 -1.469590e+000  6.370888e+000 -3.366416e+000  2.103216e+000  3.498561e+000 -1.148041e+000  4.959882e-001 -1.173494e+000  1.765881e+000 -6.378751e-001 -3.850406e+000  1.742509e+000 -6.285865e+000 -7.739961e-001 -3.125340e+000 -1.458995e+000 -8.372805e-001  3.598474e-001  4.025667e-001 -1.119121e+000  1.089522e+000  1.404119e+000  3.931980e-001  2.649239e-001  6.466069e-001  2.100434e+000
-1.435688e+000  1.366316e+001  1.599827e+001  7.298806e+000 -7.100278e+000 -1.022249e+001 -8.997365e+000 -1.049675e+001 -8.693806e+000 -4.017174e+000  1.683865e-001 -6.732883e+000  3.838984e+001 -2.558068e+000  1.082604e-001 -5.368586e+000  4.408776e-001  4.575058e+000 -7.798878e-001 -3.680059e-001  1.826580e+000  3.019655e+000  1.271092e+000 -2.772157e+000  4.117157e+000 -2.448711e+000 -1.039555e+000 -4.242272e+000 -8.468118e-001 -1.212683e+000  2.633635e-001  1.467402e-001 -5.507143e-001  1.609481e+000  7.359135e-001  5.943242e-001  7.226745e-001  1.456654e-001  3.241346e+000
-5.416941e+000  5.954986e+000  9.428072e+000  1.258796e+001 -4.023785e+000 -1.282853e+001 -1.093732e+001 -5.797411e+000 -8.240129e+000 -7.573058e+000 -2.299707e+000  2.536666e+000  3.658437e+001 -3.535664e+000 -5.801292e+000 -6.216514e+000 -2.509776e+000  5.195602e+000 -1.551798e-001 -6.388294e-001  3.574703e+000  3.429255e+000  2.842649e+000 -1.731385e+000  3.278169e+000  2.346899e+000 -1.097938e+000 -2.669033e+000  4.739098e-001 -1.283421e+000  2.446065e-002  1.211635e-001  1.126416e-001  5.906098e-001  4.167947e-001  7.140935e-001  6.926821e-001 -1.066363e+000  3.012273e+000
-9.620917e+000 -9.177274e+000 -4.087448e-001  4.810503e+000  3.156656e+000 -1.051245e+001 -8.731355e+000  8.572123e+000 -2.903443e+000  2.655272e+000 -4.094880e-001  9.745243e+000  4.339602e+001 -4.943497e+000 -6.827508e+000 -4.600905e+000 -2.517040e+000  4.457014e+000 -1.276276e+000  4.437518e-001  4.045184e+000  3.134703e+000  1.821903e+000 -1.007283e+000  8.354560e-001  4.847822e+000 -7.021300e-001  2.607262e-001  1.871376e+000 -2.844191e-001 -8.821549e-001  9.497941e-002  3.901252e-001 -7.623119e-001 -2.293541e-001 -1.401063e-001  2.537606e-001 -1.990062e+000  1.445815e+000
-1.383330e+001 -1.259639e+001 -3.749159e+000 -2.463334e+000  7.970077e+000 -1.150348e+001 -9.332197e+000  3.090747e+000  9.576747e-001  2.093020e+000 -3.242153e+000  2.392231e+000  5.191681e+001 -5.766565e+000 -3.506393e+000 -1.380707e+000 -2.834929e+000  3.679886e+000 -2.940295e-001  6.533176e-001  6.702526e-001  3.792330e+000  2.657187e+000 -1.269432e+000 -1.948454e+000  5.127234e+000  1.308837e-002  2.081609e+000  2.439296e+000  7.028171e-001 -1.431495e+000  2.730232e-001  4.490574e-001 -1.070947e+000 -9.942420e-001 -7.308681e-001  3.656570e-002 -1.344470e+000 -2.913625e-001
-2.194500e+001 -1.119869e+001 -4.176380e-001  2.239253e+000  9.187862e+000 -1.726639e+001 -7.581167e+000  5.285093e+000  2.380807e+000  2.593039e-001 -4.396804e+000 -2.483385e+000  5.496273e+001 -4.953267e+000  2.644418e-001  1.570388e+000 -8.186411e-001  9.221407e-001 -2.355659e-001  9.365464e-001 -5.327547e-001  1.691346e+000  6.632921e-001 -1.734330e+000 -3.219844e+000  3.390199e+000  9.485905e-001  2.087044e+000  1.738369e+000  4.444370e-001 -1.323830e+000  4.891855e-001  1.133281e-001 -8.932109e-001 -1.694946e+000 -9.077443e-001  9.596257e-002 -1.079842e-001 -1.145341e+000
-2.808773e+001 -1.056627e+001  2.528984e+000 -3.010644e-001  1.136004e+001 -1.092171e+001 -8.245825e+000 -8.026333e-001  8.079397e+000  6.910861e+000 -6.653210e+000 -1.091287e+000  5.643718e+001 -3.465337e+000  1.060775e+000  2.894317e+000  1.551104e-001 -1.944344e-001  6.895814e-001  1.360060e+000  5.089391e-001 -8.202769e-001 -2.323855e-001 -1.185033e+000 -1.416532e+000  1.618898e+000  1.492725e+000  1.010046e+000  5.545139e-001 -6.768888e-002 -1.049197e+000  9.334809e-002 -8.642901e-002 -2.521788e-001 -1.907261e+000 -1.002089e+000  2.943749e-001  8.584558e-001 -1.212916e+000
-2.726004e+001 -8.870128e+000  4.304126e+000 -3.638372e-001  6.072377e+000 -1.198117e+001 -4.591809e+000  7.855039e+000  1.992428e+000  3.562812e+000 -7.375610e+000 -4.612216e+000  5.808683e+001 -1.351159e+000  1.324125e+000  1.953426e+000 -1.789874e+000 -2.249770e-001  6.778463e-001  6.570211e-001 -3.402142e-001 -3.033725e+000 -1.272032e+000 -5.696696e-001  2.957382e-002  8.752865e-001  1.388597e+000 -3.452899e-002 -3.672834e-001 -6.950123e-001 -3.283393e-001 -3.465113e-002 -3.721217e-001 -3.465343e-001 -8.919169e-001 -3.571830e-001  4.789068e-001  1.029420e+000 -7.417931e-001
-2.850246e+001 -8.456800e+000  8.361543e+000 -3.862365e-001  8.555647e+000 -1.069819e+001 -4.026575e+000  4.350470e+000 -2.949520e+000 -7.206618e-001 -7.677915e+000 -3.626011e+000  5.844925e+001 -1.039938e-001  1.013994e+000  1.200344e+000 -2.687757e+000 -9.925423e-001 -2.839952e-001  3.609352e-001 -6.869117e-001 -3.381437e+000 -1.385596e+000 -3.798879e-001  7.191166e-001  3.201118e-001  1.028659e+000 -3.644913e-001 -6.549876e-001 -5.596006e-001 -1.143545e-001 -1.146130e-001 -8.296401e-001 -3.666252e-001  1.795040e-001 -7.263935e-003  4.401523e-001  3.407611e-001 -2.721739e-001
-2.849342e+001 -5.632802e+000  6.433210e+000 -6.667532e+000  9.465175e+000 -1.398892e+001 -6.405686e+000  1.007471e+000 -7.273358e+000 -2.285094e+000 -6.732800e+000 -1.068154e+000  5.833313e+001  3.090466e-001  1.151876e-001  5.809578e-001 -2.872269e+000 -3.205018e-001  7.796679e-002 -4.244993e-001 -1.667501e+000 -1.487658e+000 -5.460179e-001  2.576312e-001  8.594301e-001  3.306263e-001  6.691127e-001 -6.101233e-001 -3.062114e-001  2.232463e-001 -4.623380e-002  3.572370e-001 -8.227879e-001  4.890356e-001  1.327027e+000  1.215057e-001  3.893562e-001 -2.154779e-001  1.885689e-002
-2.799100e+001 -7.114962e+000  7.466162e+000 -1.058800e+001  4.700932e+000 -1.133781e+001 -5.534210e+000 -8.134077e-001 -4.194892e+000  2.906834e+000 -8.874055e+000  7.322645e-001  5.791459e+001  8.478577e-001 -1.572121e-001  3.056128e-001 -2.101695e+000 -7.184445e-001  4.164562e-001 -2.247380e+000 -6.605436e-001 -6.957899e-001 -6.317122e-001  6.020781e-001 -1.276543e-001  5.303581e-001  4.424506e-001 -6.774741e-001 -3.281259e-003  7.401170e-001  1.253139e-001  7.663135e-001 -8.032896e-001  1.075588e+000  1.583533e+000 -3.529705e-001  4.468496e-001 -3.403943e-001  1.591382e-001
-2.597053e+001 -8.965109e+000  7.656605e+000 -9.624298e+000  6.397226e+000 -1.127152e+001 -5.960487e+000  2.099473e+000 -4.823177e+000 -9.810255e-001 -5.489384e+000 -2.494204e+000  6.000729e+001  1.518479e+000 -1.140888e+000  8.697344e-001 -9.666739e-001 -5.931949e-001  2.113806e+000 -2.152761e+000  2.091780e+000  2.258589e+000 -1.041445e+000  8.861282e-001 -6.244305e-001  8.644478e-001  3.418601e-001 -7.920374e-001 -5.084589e-003  1.075876e+000  7.490957e-002  8.181594e-001 -4.173571e-001  9.254471e-001  1.506723e+000 -6.939948e-002  2.439258e-001 -2.314896e-001 -1.861512e-002
-2.552462e+001 -7.576708e+000  9.277909e+000 -9.416330e+000  6.497399e+000 -9.974605e+000 -1.548607e+001  5.017503e-001 -7.653560e+000 -4.531257e+000 -5.289232e+000 -3.551258e+000  6.026396e+001  1.503543e+000 -1.745339e+000  1.039549e+000  6.003027e-002 -2.296264e-001  2.529653e+000 -2.791382e+000  2.811390e+000  2.663107e+000 -2.902735e+000  1.540112e+000 -2.409245e-001  8.488922e-001  6.078212e-001 -6.006811e-001 -2.619343e-001  1.472152e+000  4.814505e-001  6.626325e-001  1.722076e-001 -3.194752e-001  1.052622e+000  8.062292e-001  2.563766e-001 -1.848042e-002 -2.802640e-001
-2.213422e+001 -1.110637e+001  9.876009e+000 -1.208674e+001  5.600966e+000 -4.101497e+000 -1.219356e+001  1.080879e+001  5.748921e+000 -3.773276e+000 -4.094570e+000 -2.048545e+000  6.148068e+001  1.690504e+000 -3.050936e+000  1.885665e-001  1.426248e+000 -1.903630e-001  3.112165e+000 -2.239284e+000  1.223768e+000  4.366508e+000  2.424958e-001  1.008243e+000 -2.413827e-001  7.828369e-002  1.390351e+000  2.895517e-001 -6.212383e-001  1.118782e+000 -5.039076e-003  4.296245e-001  4.096705e-001 -2.142220e+000 -6.018120e-001  1.027012e+000  3.768300e-001  3.245994e-002 -5.145119e-001
-2.239145e+001 -1.477103e+001  1.155421e+001 -9.056631e+000  3.950929e+000 -2.274557e+000 -1.637458e+001  8.888882e+000  3.834592e+000 -1.021071e+001 -1.870904e+000 -6.951874e-001  6.142235e+001  3.800951e+000 -2.205594e+000 -6.634746e-001  4.062606e+000  1.487392e+000  3.230438e+000 -1.343081e+000 -1.823914e+000  3.513360e+000  2.757463e+000  1.822904e+000 -4.115803e-001 -4.778797e-001  2.074012e+000  1.320536e+000 -5.697209e-001 -7.888041e-002 -1.258775e+000  5.312656e-001  9.857532e-001 -2.568913e+000 -1.563144e+000  4.043844e-001  3.325086e-001  3.440454e-001 -5.017250e-001
-1.908460e+001 -2.062263e+001  7.461288e+000 -2.672908e+000  6.718646e+000  4.392796e-001 -1.671265e+001  4.024747e+000  1.126528e+001  3.071182e+000 -2.157331e+000 -5.129153e+000  5.981951e+001  7.321528e+000  5.369977e-001 -1.384945e+000  2.625948e+000 -1.476900e+000  3.911536e+000 -8.285591e-001 -6.301671e+000 -1.175598e+000  1.263513e+000  2.628882e+000 -3.768029e-001 -1.044726e+000  1.637471e+000  1.824186e+000 -8.922664e-002 -1.461337e+000 -2.238998e+000 -1.128397e-001  1.150758e+000 -1.061345e+000 -2.038209e+000 -1.222953e+000  1.774961e-001  6.013751e-001 -1.934021e-001
