30 39
-1.151287e+001  3.072636e+000  6.221031e+000  9.497320e+000 -2.581098e+000 -7.216805e+000 -3.327338e-001 -1.405668e+000  3.253248e-001  5.162823e+000 -1.240856e+000 -8.165040e+000  3.346959e+001  4.840921e+000  2.857495e+000  3.670524e+000  2.496824e+000 -7.728301e-001  4.903183e-001  2.741511e-001 -2.578172e+000  5.857427e-001 -2.977493e-001 -1.067417e+000 -2.736131e+000  3.295467e+000  1.094818e+000 -4.398187e-001 -1.103624e-001 -5.615717e-001 -7.368941e-001  3.308771e-001 -8.567017e-001 -9.589967e-001  2.966717e-001 -6.767514e-001 -1.260424e-001 -9.474111e-003  1.156811e+000
-2.793691e+000  1.139259e+001  1.531720e+001  1.589561e+001 -1.456237e-001 -6.317990e+000 -1.383533e+000 -7.005210e+000 -5.521295e+000  4.716934e-001 -6.814803e+000 -1.123898e+001  3.796176e+001  5.340190e+000  1.132385e+000  3.088457e+000  1.877882e+000 -1.927210e+000  4.663009e-001 -1.130292e+000 -3.404967e+000  3.628626e-001 -2.105872e-001 -5.478404e-001 -2.350566e+000  4.507400e+000 -3.730980e-001 -1.657321e+000 -8.392171e-001 -1.170541e+000 -6.397333e-001 -1.929781e-001 -7.392653e-001 -2.040580e-002  2.969733e-001 -1.128350e-001  4.045790e-001  3.635470e-001  5.783793e-001
 4.313089e+000  1.061901e+001  1.481919e+001  1.071743e+001 -7.721396e+000 -4.111278e+000 -2.109807e+000 -1.481953e+001  2.959089e+000  3.488240e+000 -4.338948e+000 -1.434756e+001  4.463091e+001  4.133039e+000 -1.380602e+000  2.033800e+000  5.101191e-001 -2.840461e+000 -9.532432e-002 -1.363201e+000 -3.240250e+000  5.538855e-001 -1.276719e-001 -5.377316e-002 -1.319256e+000  4.640553e+000 -1.434270e+000 -1.919859e+000 -1.328463e+000 -1.369687e+000  2.081298e-001 -1.210360e-001 -5.799966e-001  1.617452e+000 -6.574585e-002 -6.168609e-002 -8.233957e-002  1.122687e+000  1.602634e-001
 5.116613e+000  3.244948e+000  1.580362e+001  1.328811e+001 -1.023241e+001 -6.645481e+000 -6.012253e+000 -1.330906e+001 -1.077581e+000  2.633307e+000 -2.549427e+000 -1.418157e+001  4.885770e+001  1.306640e+000 -3.488496e+000  4.336597e-001 -1.280057e+000 -1.897603e+000 -7.939948e-001 -1.335751e+000  1.052162e-001  4.566568e-001  1.332427e-001  5.308516e-001 -6.511265e-001  3.913408e+000 -1.720571e+000 -1.313480e+000 -1.729691e+000 -1.550683e+000  9.242504e-001  3.957517e-001 -9.230427e-002  2.046085e+000  3.947859e-001 -2.875044e-001 -6.593278e-001  1.478937e+000  9.522887e-002
 5.197177e+000  2.434471e-001  1.614682e+001  1.335167e+001 -1.174001e+001 -7.529682e+000 -4.834381e+000 -1.445499e+001  8.728956e-001  3.443657e+000 -3.642409e+000 -1.329002e+001  5.122438e+001 -3.136512e-001 -4.431358e+000 -1.644391e+000 -2.772641e+000  2.530150e-001  5.152863e-001 -2.523102e+000  3.753995e+000  2.101163e-001 -7.780947e-001 -2.018461e+000  2.027585e+000  4.393781e+000 -1.387372e+000 -4.907433e-001 -1.742732e+000 -1.301685e+000  1.331448e+000  7.792727e-001  4.452640e-001  1.304836e+000  7.472899e-001 -6.843991e-001 -6.390015e-001  1.148032e+000  2.651300e-001
 3.297463e+000 -8.621088e-001  1.682168e+001  8.178206e+000 -7.624331e+000 -8.578762e+000 -6.700002e+000 -6.661397e+000 -2.194914e+000  1.160198e+000 -4.508814e+000 -1.502338e+001  5.423206e+001 -1.039318e+000 -3.909636e+000 -3.720902e+000 -4.234154e+000  1.147304e+000  2.139754e+000 -1.011863e+000  3.328335e+000  2.508677e+000 -1.322898e+000 -2.862135e+000  3.370698e+000  5.106930e+000 -6.585897e-001  1.802712e-001 -1.247919e+000 -4.832811e-001  9.715973e-001  7.359617e-001  1.124407e+000 -6.003180e-001  9.997095e-001 -9.232203e-001  8.168852e-003  3.247107e-001  1.626929e-001
 3.654408e+000 -9.484248e+000  6.088203e+000 -5.908220e-001 -7.760362e+000 -5.682060e-001 -1.438144e+001  6.266150e-001  4.568337e+000  3.343211e-001 -1.345156e+001 -3.788733e+000  6.391264e+001 -1.630842e+000 -3.623748e+000 -4.602579e+000 -4.521259e+000  2.294326e+000  2.334165e+000  7.011742e-001  1.672369e+000  3.264325e+000 -2.821597e+000 -1.552287e+000  2.409993e+000  5.369441e+000 -1.400163e-001  6.879964e-001 -1.804566e-001  4.322924e-001  4.363052e-001  6.906372e-002  1.554320e+000 -1.958932e+000  4.311343e-001 -5.907363e-001  1.070049e+000 -9.450613e-001 -5.584675e-001
 6.914073e-001 -1.143938e+001  2.228419e+000 -9.114182e-001 -6.485718e+000  5.725505e-001 -6.298035e+000 -4.208187e+000  9.618081e+000 -2.426514e+000 -1.195553e+001 -2.078724e+000  6.804823e+001 -1.327713e+000 -2.990944e+000 -4.326839e+000 -2.822153e+000  1.939729e+000  1.976374e+000  2.674146e+000 -1.855561e+000  3.928100e+000 -3.461108e+000  3.386090e-001  7.812225e-001  4.239042e+000  2.972164e-001  7.597933e-001  7.070084e-001  8.680431e-001  1.041906e-001 -3.709581e-001  7.791067e-001 -1.771267e+000 -5.865530e-001 -1.796365e-002  1.165782e+000 -1.275309e+000 -1.155967e+000
-1.654003e+000 -1.258666e+001  4.305579e-001 -4.709818e+000 -8.376864e-001 -4.345128e-001 -1.529493e+000 -7.319749e+000  1.128802e+001 -8.870974e+000 -7.680489e+000 -7.712387e+000  7.116351e+001 -8.695349e-001 -1.450722e+000 -2.243706e+000 -1.317180e+000  2.038328e+000  9.422946e-001  3.405494e+000 -3.448719e+000  1.656076e+000 -2.662671e+000  1.731413e+000 -1.402984e+000  2.035388e+000  5.488095e-001  7.510040e-001  1.022025e+000  8.269897e-001 -2.713866e-001 -3.089747e-001 -2.543458e-001 -8.255621e-001 -1.097075e+000  7.215651e-001  5.290006e-001 -6.418677e-001 -1.321806e+000
-6.868980e-001 -1.426563e+001 -1.983690e+000 -3.873062e+000 -1.387024e+000  1.236263e+000  2.447527e-001 -1.196602e+001  1.408574e+001 -1.154269e+001 -5.701305e+000 -9.155441e+000  7.180183e+001  6.611058e-002 -1.197183e+000 -1.365297e+000 -1.495978e+000  1.796255e+000  9.808986e-001  1.531511e+000 -2.967454e+000  3.800363e-001 -1.492179e+000  1.324922e+000 -1.099361e+000  9.941246e-001  4.468976e-001  6.146752e-001  8.761724e-001  3.853621e-001 -2.890759e-001 -2.202377e-001 -1.050243e+000  3.649541e-001 -1.141124e+000  8.240834e-001 -4.040001e-002  1.069065e-001 -9.875988e-001
-4.114333e-003 -1.532473e+001 -3.024271e+000 -5.695899e+000 -1.180668e-001  3.811411e+000 -6.253660e-001 -1.273806e+001  1.061489e+001 -8.420945e+000 -7.921606e+000 -7.265294e+000  7.221277e+001  4.162938e-001 -7.656091e-001 -9.732239e-001 -1.049399e+000  1.009129e+000  1.287030e+000  7.628471e-004 -1.899494e+000 -4.470161e-001 -1.982362e-001  5.995589e-001  1.409461e-001  3.828705e-001  2.260745e-001  4.106857e-001  4.595523e-001  2.495819e-001 -4.637202e-001 -1.936418e-001 -1.233602e+000  1.011062e+000 -5.602612e-001  3.787367e-001 -1.835493e-001  4.904596e-001 -5.008078e-001
 1.970160e-001 -1.605626e+001 -2.870651e+000 -7.898266e+000  2.135749e+000  3.354082e+000  9.074565e-001 -1.633630e+001  1.185483e+001 -1.011242e+001 -5.210359e+000 -7.799073e+000  7.249422e+001  2.638603e-001 -2.601248e-001 -5.812183e-001 -1.029233e+000  1.008949e+000  7.028185e-001 -8.747053e-001 -8.054026e-001 -7.259731e-001 -5.729078e-001  7.025361e-001  5.437898e-001  1.273064e-001  6.992371e-003  3.419345e-001  3.490746e-001  4.469129e-001 -6.785718e-001 -2.959626e-001 -9.406666e-001  1.218306e+000 -2.498980e-001 -7.726696e-002 -2.739466e-002  2.435244e-001 -2.708355e-001
-1.449076e-002 -1.551939e+001 -3.992081e+000 -7.944209e+000  2.446573e+000  4.941727e+000 -1.857031e+000 -1.463208e+001  1.016840e+001 -1.057729e+001 -4.928167e+000 -7.685840e+000  7.273167e+001  1.619629e-001  1.341779e-001 -3.379833e-001 -3.026425e-001  1.133806e-001  1.131255e-001 -1.559409e+000  5.255643e-001 -5.922254e-001 -1.228623e+000  1.124860e+000  2.277391e-001 -3.524246e-002 -5.144387e-002  1.592120e-001  3.696260e-001  4.162356e-001 -6.445958e-001 -4.937293e-001 -5.339978e-001  9.888061e-001  7.424061e-002 -2.857099e-001  1.646339e-002 -8.168407e-002 -1.311367e-001
 6.375914e-001 -1.546892e+001 -4.405877e+000 -7.895074e+000  2.375401e+000  4.185198e+000 -3.512941e+000 -1.504602e+001  1.067912e+001 -1.332906e+001 -3.685344e+000 -6.226219e+000  7.217892e+001  2.282379e-001  6.259642e-002  6.245601e-002  3.652084e-001 -1.148730e+000  8.803777e-002 -2.391736e+000  1.911546e+000 -7.968491e-001 -1.363321e+000  9.252986e-001  7.486491e-002 -1.509964e-001 -6.539653e-002  1.388187e-002  3.819717e-001  3.363643e-001 -5.055497e-001 -5.989203e-001 -1.694874e-001  7.302504e-001  1.579161e-001  4.271339e-002 -2.648028e-001 -1.759442e-001 -4.685578e-002
 5.854126e-001 -1.494751e+001 -3.946575e+000 -7.210708e+000  3.290106e-001  3.961480e+000 -6.212213e+000 -1.075538e+001  8.241614e+000 -1.295574e+001 -3.059814e+000 -6.913026e+000  7.219421e+001  1.768856e-001 -1.309098e-001  5.530687e-001  3.345584e-001 -1.135011e+000 -8.742262e-001 -1.910711e+000  1.686062e+000 -4.037504e-002 -1.231579e+000  5.704947e-001 -3.301177e-002 -1.336617e-001 -1.089367e-001 -1.068361e-002  3.738613e-001  1.149513e-001 -1.185191e-001 -8.060601e-001  2.586868e-001  4.465086e-001  2.762443e-002  4.454054e-001 -5.755595e-001 -2.132815e-002 -7.527237e-003
 1.038254e+000 -1.602921e+001 -2.581124e+000 -6.438975e+000 -2.549118e+000  4.284394e+000 -8.873634e+000 -8.716919e+000  8.833978e+000 -1.573980e+001 -1.518043e+000 -7.811156e+000  7.200797e+001 -7.058376e-002 -5.817156e-002  8.831141e-001  3.339876e-001 -8.946038e-001 -1.798107e+000 -1.546491e+000  2.265600e+000 -2.123177e-001 -3.578629e-001 -3.442954e-001 -2.055558e-001 -5.776291e-002 -1.466207e-001  1.389910e-001  3.212980e-001 -1.649574e-002  1.327547e-001 -9.614097e-001  6.627087e-001  2.698898e-001 -1.948708e-001  6.873038e-001 -5.964264e-001  2.593617e-001 -3.008301e-002
 6.696062e-001 -1.589379e+001 -2.139114e+000 -6.999466e+000 -7.662219e-001  5.209978e-001 -8.730239e+000 -9.366323e+000  1.088910e+001 -1.552981e+001 -3.159345e+000 -7.058431e+000  7.214883e+001 -2.333098e-001  1.411438e-001  1.120994e+000  2.877247e-001 -6.062776e-001 -2.974102e+000 -6.885978e-001  2.581080e+000 -7.463689e-001  4.956752e-001 -1.118141e+000  2.613087e-001 -1.194954e-001 -1.127352e-001  2.836843e-001  2.539471e-001  8.309716e-002 -1.938182e-001 -6.861516e-001  7.385851e-001  1.456227e-001 -3.462913e-001  5.221254e-001 -1.113864e-001  3.518692e-001 -1.163465e-001
 2.425758e-001 -1.528664e+001 -8.940364e-001 -6.330757e+000 -1.550002e+000 -3.085097e+000 -9.986385e+000 -4.412551e+000  8.293792e+000 -1.383134e+001 -5.357056e+000 -7.181296e+000  7.191279e+001 -2.997680e-001  6.215248e-001  1.384983e+000  3.061466e-001 -7.493225e-001 -3.669073e+000  3.107508e-001  2.813486e+000 -1.418206e+000  1.209571e+000 -1.212516e+000  1.224513e+000 -3.084946e-001 -3.819565e-002  3.546169e-001  1.858168e-001  1.279880e-001 -5.987859e-001 -2.237774e-001  7.918662e-001 -4.178669e-001 -1.007164e-001  2.676022e-001  5.155597e-001  2.791230e-001 -1.937473e-001
-1.832973e-001 -1.461308e+001  8.148518e-001 -5.826193e+000 -3.201935e+000 -7.224286e+000 -9.098826e+000 -2.162393e-003  4.779863e+000 -1.143160e+001 -6.731011e+000 -5.921412e+000  7.164432e+001 -2.721985e-001  9.476634e-001  1.571870e+000  7.639647e-001 -2.176742e+000 -3.369502e+000  8.535937e-001  2.140233e+000 -1.168887e+000  5.953307e-001  4.476730e-001  1.011299e+000 -5.900284e-001  2.824798e-002  3.382900e-001  1.179904e-001  1.905073e-002 -7.452446e-001  3.631099e-001  4.428589e-001 -7.094566e-001  1.200260e-001  1.757205e-001  7.143134e-001  1.584697e-001 -2.184399e-001
-3.413447e-002 -1.356195e+001  2.866809e+000 -5.494878e+000 -5.077874e+000 -1.018833e+001 -7.135587e+000  6.684294e-001  4.797563e+000 -1.174105e+001 -5.794788e+000 -2.257098e+000  7.071775e+001 -2.421177e-001  1.311653e+000  1.586761e+000  7.358078e-001 -3.103301e+000 -2.719295e+000  1.641744e+000  3.966897e-001 -5.046406e-001  9.303203e-001  1.450596e+000  8.150640e-001 -7.912331e-001  7.221887e-002  2.361463e-001  8.873548e-002 -2.193511e-001 -5.103543e-001  8.414816e-001 -8.053746e-002 -6.554192e-001  9.383810e-002  2.431069e-001  5.122541e-001 -6.717422e-002 -1.964564e-001
-5.530311e-001 -1.201782e+001  3.839811e+000 -3.597582e+000 -9.885996e+000 -1.277489e+001 -5.887670e+000 -1.205648e+000  6.792773e+000 -1.359830e+001 -7.021135e-001 -4.464033e+000  6.979621e+001 -1.208950e-001  1.487530e+000  1.610057e+000  1.681477e-001 -3.155511e+000 -1.633442e+000  8.602002e-001  2.421955e-001 -6.030216e-001  1.513903e+000  1.121870e+000  1.258382e+000 -9.703255e-001  1.069694e-001  1.272100e-001  1.237257e-001 -4.751803e-001  1.330332e-001  9.540796e-001 -4.663292e-001 -3.015215e-001 -2.182831e-001  3.356057e-001  8.438276e-002 -1.065404e-001 -1.720718e-001
-7.831455e-001 -1.002600e+001  5.527287e+000 -3.766023e+000 -1.372448e+001 -1.390627e+001 -3.383244e+000 -1.827360e+000  4.764133e+000 -8.096384e+000 -1.118525e+000 -3.834666e+000  6.888068e+001 -1.432537e-002  1.532323e+000  1.809567e+000 -4.927003e-001 -2.811709e+000 -3.296944e-001 -9.523974e-002  4.854085e-001 -1.231949e+000  1.965820e+000  1.011656e+000  7.651011e-001 -1.100628e+000  2.162366e-001  2.903152e-003  1.253415e-001 -2.303851e-001  7.615795e-001  7.198778e-001 -6.819243e-001  5.973735e-002 -3.560675e-001  2.763100e-002  2.936661e-002 -4.889038e-001 -2.999599e-001
-4.132670e-001 -8.943402e+000  7.534899e+000 -5.849882e+000 -1.465619e+001 -1.353253e+001 -6.673997e+000  2.456709e+000  1.781470e+000 -5.684416e+000 -3.459792e+000  1.159281e+000  6.771123e+001  1.487521e-001  1.473378e+000  2.079095e+000 -9.976826e-001 -1.657372e+000  2.060966e-001 -6.095605e-001  5.882661e-001 -1.896649e+000  1.755610e+000  1.089057e+000  5.035791e-001 -1.295690e+000  4.367354e-001 -7.627938e-002 -3.967711e-002  4.958328e-001  1.021618e+000  3.173117e-001 -3.352008e-001 -2.372237e-001 -9.336796e-002 -2.903510e-001 -1.651306e-001 -1.211839e+000 -5.199276e-001
-1.756434e-001 -7.437539e+000  1.006710e+001 -6.832230e+000 -1.675133e+001 -1.145798e+001 -7.218622e+000  1.264293e+000  1.143471e+000 -5.868896e+000  6.423309e-001 -1.243249e+000  6.625710e+001  7.042416e-001  1.333245e+000  1.978949e+000  1.667973e-001 -4.447307e-002 -3.967476e-002 -1.032997e+000  5.223411e-001 -1.638164e+000  9.476219e-001  1.613836e+000 -1.252054e+000 -2.128350e+000  5.818818e-001 -1.707689e-001 -3.502753e-001  1.030826e+000  1.024988e+000 -1.811753e-003  6.721082e-002 -5.449129e-001  3.177737e-001 -2.969224e-001 -7.888039e-001 -1.305712e+000 -5.747791e-001
-1.130215e-001 -5.945163e+000  1.196538e+001 -7.052892e+000 -1.665943e+001 -1.296855e+001 -7.017783e+000  1.898562e-001 -8.801408e-001 -5.934000e+000  3.862742e+000 -3.241846e+000  6.462955e+001  1.703498e+000  1.205672e+000  1.326980e+000  2.317563e+000  5.689597e-001 -1.918934e-001 -3.469250e-001 -9.623892e-001 -8.667535e-001  5.712469e-001 -4.872703e-003 -3.792237e+000 -3.056102e+000  5.005100e-001 -2.541764e-001 -6.385888e-001  1.008208e+000  7.075319e-001 -7.140207e-003  3.056203e-001 -6.743466e-001  6.698427e-001 -9.793179e-002 -1.319479e+000 -8.387190e-001 -3.113753e-001
 2.587940e+000 -4.858899e+000  1.320679e+001 -2.330532e+000 -1.294522e+001 -1.438663e+001 -8.376338e+000  1.917772e+000 -2.095882e+000 -3.233482e+000  3.289387e+000 -7.894371e+000  5.977977e+001  2.117710e+000  8.123320e-001  4.342473e-001  3.003809e+000  1.200064e+000 -1.397582e-001  1.094966e-001 -1.463828e+000 -1.580280e-001  1.073389e+000 -2.385399e+000 -3.615550e+000 -3.094317e+000  1.002173e-001 -3.252087e-001 -6.636314e-001  2.436179e-001  2.377757e-001  1.960069e-001  2.932489e-001 -5.806407e-001  6.562163e-001  1.156159e-001 -1.204275e+000  9.723773e-002  2.980731e-001
 6.722434e+000 -4.204362e+000  1.259995e+001  3.487083e+000 -1.371444e+001 -1.302767e+001 -7.829764e+000 -2.681976e+000 -9.326209e-001 -4.145889e+000 -4.807683e+000 -1.447635e+001  5.566938e+001  1.944568e+000  4.629526e-001 -3.414982e-001  2.624852e+000  1.258019e+000  2.204373e-001  3.472942e-001 -1.790382e+000  7.124962e-001  1.203067e+000 -3.508718e+000 -2.508268e+000 -2.369583e+000 -3.815425e-001 -3.558297e-001 -3.895077e-001 -6.555659e-001  8.268879e-002  2.437293e-001 -3.305803e-002 -1.090278e-001  3.077069e-001  1.928941e-001 -1.045552e-001  8.366424e-001  8.033033e-001
 6.995181e+000 -4.246280e+000  1.192105e+001  2.916830e+000 -1.222350e+001 -1.212721e+001 -6.265148e+000 -4.618931e+000  3.795712e-001 -1.396005e+000 -6.949449e+000 -1.370375e+001  5.526560e+001  1.084793e+000  7.856111e-002 -5.049686e-001  1.231242e+000  7.998757e-001  7.341946e-001  8.613753e-002 -1.966866e+000  8.532925e-001  1.209791e+000 -2.655619e+000 -1.407850e+000 -9.812439e-001 -5.206243e-001 -2.937337e-001 -2.718285e-002 -9.007702e-001 -4.153246e-002  2.391081e-001 -2.976754e-001  6.271727e-002 -1.270306e-001  8.412399e-002  8.617452e-001  7.020093e-001  8.459888e-001
 7.406197e+000 -3.936709e+000  1.090076e+001  3.447687e+000 -1.073020e+001 -1.299607e+001 -6.336907e+000 -5.493702e+000  1.444614e+000 -8.374045e-001 -8.561432e+000 -1.287849e+001  5.503872e+001  3.122445e-001 -2.065910e-001 -1.509504e-001 -7.398317e-002  1.182498e+000  5.897767e-001 -5.005356e-001 -1.256009e+000  1.661205e-001  1.467516e+000 -3.925388e-001 -7.128755e-001 -9.612236e-002 -4.092054e-001 -2.086654e-001  2.202409e-001 -6.799209e-001 -1.821514e-002  1.232774e-001 -3.159740e-001  5.669811e-002 -4.486239e-001  5.749703e-004  1.202424e+000  4.282443e-001  5.786365e-001
 7.670024e+000 -4.599920e+000  1.153155e+001  3.845377e+000 -1.043796e+001 -1.073146e+001 -8.692079e+000 -6.510695e+000  9.819631e-001  1.161233e+000 -8.111832e+000 -1.573255e+001  5.518888e+001  3.307506e-001 -3.215644e-001  2.030592e-001 -1.506240e-001  1.030162e+000  8.711127e-001 -9.549653e-001 -1.417428e+000 -5.199930e-001  1.361785e+000  3.652377e-001 -1.003200e+000 -1.103973e-003 -2.201138e-001 -4.837700e-002  1.848663e-001 -1.713902e-001  3.896010e-002 -1.506350e-001 -2.746352e-002 -4.246306e-002 -4.642305e-001 -1.568180e-001  8.903686e-001  3.413605e-001  2.329942e-001
