30 39
 4.710162e+000 -1.152240e+001 -7.465370e+000 -1.454356e+000 -1.249982e+001 -8.018554e+000 -1.130435e+001 -9.209662e+000  1.343878e+001  1.436126e+000  7.529168e+000 -1.937097e+001  6.216393e+001 -1.210202e+000 -4.537649e-001  2.347711e+000  4.221422e+000 -3.822867e-001 -6.227066e+000 -5.456029e-001  5.347535e+000  4.715718e+000 -4.443531e+000 -4.760600e+000 -1.578526e+000  1.563331e+000  2.569257e-002  3.984359e-001  1.304402e+000 -1.492416e+000 -4.918312e-001  4.295425e-001  1.305161e+000  8.798559e-001 -2.010006e+000 -1.020049e+000  1.531813e-001  2.124365e+000  3.608450e-001
 3.435395e+000 -8.600479e+000 -5.681024e+000  2.012820e+000 -1.267001e+001 -1.949208e+001 -9.045909e+000 -1.492802e+000  1.381089e+001 -2.989732e+000  7.639620e-001 -1.641951e+001  6.251728e+001 -1.060382e+000 -4.220821e-001  3.104949e+000  1.193919e+000 -1.731433e-001 -4.284156e+000  5.972546e-001  5.338701e+000  1.292302e+000 -3.838491e+000 -1.333052e+000  1.051035e+000  1.802002e+000  8.106229e-002  3.204870e-001  8.380606e-001 -1.651927e+000 -4.530076e-001  1.626203e+000  1.239818e+000 -1.019704e+000 -2.360523e+000  5.567789e-001  1.798471e+000  1.816429e+000  1.145009e-001
 1.448183e-001 -1.192795e+001  3.175066e+000 -2.928591e+000 -1.461474e+001 -1.882659e+001 -8.623551e+000  5.920539e+000  1.172641e+001 -7.139005e+000  5.616899e+000 -1.387745e+001  6.757120e+001 -1.198198e+000  3.630490e-001  4.178491e+000  7.442119e-002 -1.051386e+000 -2.227233e+000  2.237361e+000  2.936730e+000 -1.498098e+000 -2.328233e+000  6.294451e-001  3.263276e+000  1.552013e+000  2.202595e-001  5.052560e-001  5.299788e-002 -7.685680e-001 -4.361164e-001  1.918870e+000  7.928427e-001 -2.243675e+000 -1.743400e+000  1.357418e+000  1.664551e+000  9.739512e-001 -3.755760e-001
-4.249110e-001 -1.252656e+001  7.727888e+000 -2.201032e+000 -1.239514e+001 -1.971647e+001 -8.066513e+000  7.078822e+000  1.109219e+001 -8.838524e+000  7.240647e+000 -1.296315e+001  6.822980e+001 -6.705185e-001  7.054538e-001  3.715869e+000 -6.029468e-002 -1.721794e+000  3.680868e-001  2.767775e+000 -7.811843e-001 -2.089038e+000 -3.313446e-001  2.038113e+000  3.013988e+000  9.458054e-001  1.879967e-001  4.269785e-001 -3.430551e-001 -4.139060e-002 -4.302083e-001  1.462283e+000  1.936498e-001 -2.197404e+000 -7.431923e-001  9.377335e-001  8.996141e-001 -2.537098e-002 -4.509881e-001
 6.493258e-001 -7.744118e+000  6.722627e+000  1.024676e+000 -1.789419e+001 -1.904253e+001 -6.072427e-001  1.188174e+000  7.307641e+000 -7.280644e+000  7.438051e+000 -4.782763e+000  6.706773e+001 -3.038366e-001  1.508747e+000  2.307240e+000  1.005689e+000 -1.788543e+000  1.041165e+000  2.333350e+000 -2.810899e+000 -2.310611e+000  5.899842e-001  1.876571e+000  2.309753e+000  1.135498e-001  5.251964e-002  5.192355e-002 -4.154429e-001 -1.465930e-002  1.945448e-002  7.226093e-001 -5.300341e-001 -1.169795e+000  8.649428e-002  8.652906e-002  3.562872e-001 -7.533059e-001 -2.713634e-001
-1.694510e-001 -7.165125e+000  1.112454e+001 -2.652873e-001 -1.963926e+001 -1.754368e+001  7.848138e-001 -3.032541e+000  5.575079e+000 -4.575635e+000  1.004395e+001 -5.896911e+000  6.749804e+001 -5.675796e-001  1.139961e+000  2.325299e+000  5.213321e-001 -1.955606e+000  1.393060e+000  1.517509e+000 -2.774505e+000 -2.017403e+000 -6.089321e-001  2.541456e+000  1.400942e+000  2.662933e-001 -8.665632e-002 -1.393603e-001 -2.538326e-001 -1.817321e-001  2.941605e-001  4.421853e-002 -7.910210e-001 -1.593580e-001  4.590023e-001 -6.744844e-001 -1.148250e-001 -7.165706e-001 -8.981156e-002
-1.502095e+000 -7.064929e+000  1.301294e+001  1.131983e+000 -1.993540e+001 -1.470716e+001 -1.382464e+000 -3.078273e+000  2.931908e+000 -6.320528e+000  1.359810e+001 -5.861809e+000  6.850483e+001 -9.870692e-001  4.054131e-001  2.796561e+000 -2.896887e-001 -8.372082e-001  8.733267e-001  2.123237e-001 -1.915586e+000 -1.101445e+000 -1.756794e+000  2.159210e+000  3.032699e-001  5.349518e-001 -8.903276e-002 -1.454204e-001 -8.742151e-002 -4.273013e-001  3.264905e-001 -2.049314e-001 -6.735911e-001  8.300195e-002  5.357087e-001 -6.026909e-001 -5.167826e-001 -3.866711e-001 -2.137261e-002
-2.187099e+000 -7.166348e+000  1.620923e+001  3.519753e-001 -2.115257e+001 -1.491885e+001 -9.135578e-002 -4.660479e+000  3.193036e+000 -1.236324e+001  1.686790e+001 -5.418920e+000  6.884272e+001 -7.621838e-001  5.603193e-001  2.202046e+000 -3.212659e-001 -7.266596e-001  6.730987e-001 -1.268164e-001 -2.025631e+000 -3.986096e-001 -2.530378e+000  1.322669e+000  4.343772e-001  2.860466e-001  1.169980e-002  1.437640e-001 -2.406443e-001 -2.725512e-001  3.399874e-001 -1.970889e-001 -5.817237e-001 -7.348726e-002  1.826884e-001  9.269351e-002 -8.460563e-001 -5.453683e-002 -1.497862e-001
-3.277196e+000 -5.716442e+000  1.816309e+001 -7.323989e-001 -2.132358e+001 -1.598831e+001  8.924608e-001 -7.575788e+000  2.991439e+000 -1.217081e+001  1.482212e+001 -3.505409e+000  6.907014e+001 -6.516983e-001  1.071466e+000  1.931759e+000 -7.095182e-001 -7.705643e-001  3.764885e-001 -2.124425e-001 -2.770326e+000 -4.414641e-001 -1.462748e+000 -9.794807e-002  8.596795e-001 -3.189850e-003  9.508397e-002  3.320646e-001 -3.517798e-001 -6.199339e-002  2.384305e-001 -1.003742e-003 -4.404383e-001 -1.622848e-001 -2.097840e-001  5.571495e-001 -6.883601e-001  8.855197e-002 -2.545339e-001
-3.092819e+000 -5.037773e+000  1.955970e+001 -9.394261e-001 -2.257847e+001 -1.353761e+001 -9.867305e-001 -1.091194e+001  3.552266e+000 -1.430238e+001  1.604528e+001 -4.903225e+000  6.864561e+001 -6.767661e-001  1.525755e+000  1.554479e+000 -6.315093e-001 -2.889910e-001  6.560344e-001 -1.178726e+000 -2.714571e+000 -1.433952e+000 -2.924876e-001 -5.602465e-001  8.500532e-001 -2.135666e-001  5.472856e-002  2.208431e-001 -2.613316e-001  6.464611e-002  3.670369e-001  9.939843e-002 -3.994849e-001  1.665189e-001 -3.841159e-001  8.165777e-001 -5.373479e-001 -2.332556e-003 -2.373717e-001
-4.307726e+000 -2.771887e+000  2.099650e+001 -1.769907e+000 -2.307527e+001 -1.351534e+001 -1.996989e+000 -1.380418e+001  5.449731e-001 -1.266470e+001  1.351967e+001 -1.821259e+000  6.858743e+001 -5.543582e-001  1.583018e+000  1.361445e+000 -4.445340e-001  1.361101e-001  8.768401e-001 -1.463913e+000 -2.382540e+000 -1.632694e+000 -8.999129e-002 -3.411331e-001  5.381917e-001 -4.879112e-001  6.618505e-002 -5.270872e-002 -2.207217e-001  2.426085e-001  3.977195e-001  9.030710e-002 -9.224001e-002  4.759211e-001 -7.909004e-002  4.474866e-001 -2.657129e-001 -3.861142e-001 -1.964788e-001
-5.055665e+000 -1.009851e+000  2.256492e+001 -2.286817e+000 -2.172168e+001 -1.287516e+001 -4.540261e+000 -1.511914e+001 -2.753489e+000 -1.357874e+001  1.471790e+001 -2.010729e+000  6.801624e+001 -5.372111e-001  1.408759e+000  1.180545e+000 -1.305275e-001  6.551880e-001  9.199150e-001 -1.498506e+000 -1.386929e+000 -1.723574e+000  8.661329e-001 -1.242478e+000  5.834582e-001 -6.584511e-001  7.088159e-002 -2.466036e-001 -1.920593e-001  3.313329e-001  1.574925e-001 -4.273595e-002  4.013327e-001  5.424841e-001  3.090808e-001  1.123277e-001 -2.971020e-001 -6.858319e-001 -1.377948e-001
-5.067564e+000  1.846874e-001  2.346771e+001 -2.281374e+000 -2.107142e+001 -1.193533e+001 -4.650338e+000 -1.738488e+001 -2.019152e+000 -1.298259e+001  1.378015e+001 -2.260699e+000  6.694527e+001 -3.905506e-001  8.664205e-001  1.015118e+000  2.530333e-001  7.459437e-001  6.960837e-001 -5.137527e-001 -1.054542e+000 -6.921030e-001  1.953752e-001 -1.085397e+000 -9.375942e-001 -7.631416e-001  1.224625e-001 -3.387579e-001 -2.226822e-001  5.561502e-001 -1.657991e-001 -2.017716e-001  6.586332e-001  5.586032e-001  2.120874e-001 -4.766335e-002 -2.646363e-001 -9.689803e-001 -1.323401e-001
-5.398955e+000  5.277343e-001  2.422682e+001 -1.336330e+000 -2.030445e+001 -9.728040e+000 -7.152584e+000 -1.605623e+001 -3.783543e+000 -9.812772e+000  9.702652e+000 -1.766214e+000  6.617444e+001 -4.042620e-001  6.510355e-001  7.673464e-001  6.763716e-001  1.935547e-001  5.327328e-001  3.528575e-001 -6.661497e-001 -3.588429e-001  1.264676e-001 -1.673625e+000 -1.841213e+000 -7.649254e-001  3.335079e-001 -2.164387e-001 -4.753023e-001  8.057394e-001 -2.670906e-001 -3.525660e-001  8.697596e-001  5.338748e-001 -1.007791e-002 -1.788780e-001  1.021049e-001 -9.847039e-001 -3.924849e-001
-6.088833e+000  7.914231e-001  2.524114e+001 -9.799840e-001 -2.005416e+001 -1.160848e+001 -3.259591e+000 -1.860834e+001 -2.400515e+000 -1.357080e+001  1.060031e+001 -6.631488e+000  6.569263e+001 -8.520365e-003  2.680902e-001  4.546333e-001  1.932767e+000 -4.620686e-001  6.157303e-002  9.035717e-001  5.008621e-002 -1.254623e+000  4.152460e-002 -1.448741e+000 -3.094374e+000 -1.096375e+000  8.482805e-001  3.024716e-001 -1.002829e+000  6.336708e-001  7.315791e-002 -1.971733e-001  6.218340e-001  9.512560e-001 -3.973479e-001  2.906567e-001 -1.992595e-001 -2.215660e-001 -1.067923e+000
-6.566340e+000  1.941959e+000  2.551493e+001  4.443460e-001 -2.126253e+001 -1.037492e+001 -3.471347e+000 -1.783816e+001 -4.357022e+000 -1.265229e+001  7.939694e+000 -9.031402e+000  6.481794e+001  9.393134e-001  6.257307e-001 -9.157248e-001  3.058302e+000 -7.625885e-002 -5.256597e-001  2.141630e+000  7.301304e-001 -1.492704e+000  4.866791e-002 -5.502810e-001 -3.261672e+000 -2.454259e+000  1.160792e+000  7.965037e-001 -1.470425e+000  9.329915e-003  7.748985e-001 -5.815989e-002  2.272093e-001  1.325702e+000 -2.495208e-001  4.476149e-001 -5.664092e-001  4.139802e-001 -1.540908e+000
-4.526474e+000  8.180264e-001  2.509682e+001  6.492125e+000 -2.290273e+001 -1.130402e+001 -1.973098e+000 -1.624349e+001 -8.005526e+000 -1.135521e+001  7.417926e+000 -1.409997e+001  6.214165e+001  3.179065e+000  2.391431e+000 -3.157491e+000  2.230422e+000  1.246640e+000  2.394134e-001  1.701031e+000  3.003598e+000 -2.111912e+000  1.687559e+000 -2.643366e+000 -1.335195e+000 -5.258090e+000  7.915064e-001  1.080253e+000 -1.272147e+000 -7.891772e-001  1.166744e+000  2.696592e-001 -3.007562e-001  1.215127e+000  3.930791e-001  2.497695e-001 -9.681270e-001  1.032338e+000 -1.347996e+000
-1.483568e+000  3.643086e+000  1.972036e+001  1.021913e+001 -1.926147e+001 -1.250857e+001  2.912320e+000 -1.358800e+001 -8.444557e+000 -1.067723e+001  8.542439e+000 -1.434033e+001  5.567863e+001  3.805907e+000  3.571884e+000 -4.778718e+000  5.741938e-001  3.213693e+000  1.530132e-001  1.090174e+000  4.485604e+000 -1.177802e+000  1.541525e+000 -3.908358e+000 -6.509020e-001 -6.388606e+000 -1.447676e-001  7.468554e-001 -3.004579e-001 -1.092366e+000  9.969056e-001  5.432845e-001 -8.126382e-001  5.089578e-001  8.463860e-001 -2.578701e-001 -9.348240e-001  1.210088e+000 -3.596865e-001
 7.265103e+000  1.189801e+001  1.235097e+001  5.284735e+000 -1.482150e+001 -9.344594e+000  2.053733e+000 -5.715427e+000 -1.091631e+001 -6.120541e+000 -2.917892e+000 -1.065300e+001  4.397183e+001  2.515715e+000  4.196278e+000 -3.974605e+000 -7.710646e-001  3.726674e+000  1.070532e+000 -7.448140e-002  4.247986e+000  5.533222e-001  5.439435e-001 -4.610338e+000  7.619306e-001 -5.869184e+000 -1.393020e+000 -1.820606e-001  1.038700e+000 -2.595823e-001  8.051199e-001  5.482072e-001 -7.134356e-001 -8.084971e-001  7.311897e-001 -9.077745e-001  1.842709e-001  7.751676e-001  8.565965e-001
 6.567406e+000  1.426138e+001  7.994266e+000  3.919010e+000 -9.234685e+000 -1.058957e+001 -3.389265e-002 -6.741689e-001 -8.790643e+000 -7.561999e+000 -6.434187e+000 -1.400940e+001  4.195982e+001  5.471498e-001  3.457584e+000 -2.009458e+000 -9.027868e-001  3.668252e+000  1.775203e+000 -1.033805e+000  2.652726e+000  1.406609e+000 -6.688749e-001 -4.240915e+000  1.740208e+000 -3.947145e+000 -1.781304e+000 -8.815137e-001  1.846287e+000  5.277056e-001  4.785087e-001  6.909022e-001 -3.225218e-001 -1.512930e+000  7.962442e-002 -6.956691e-001  1.068424e+000  7.214118e-001  1.238950e+000
 4.026614e+000  1.649027e+001  1.108684e+001  5.786860e+000 -9.282746e+000 -6.910858e+000 -8.723990e-001 -1.460475e+000 -5.065872e+000 -1.019310e+001 -8.145450e+000 -1.045578e+001  3.965514e+001 -2.156655e+000  1.538278e+000  6.513761e-001  1.671001e+000  5.044960e+000  2.169354e+000 -8.041575e-001 -1.224480e-001  2.518310e-001 -1.746114e+000 -1.555733e+000  1.345088e+000 -2.195838e+000 -1.457130e+000 -1.372100e+000  1.228239e+000  6.571062e-001  1.072134e-001  4.035719e-001  1.005989e-001 -1.363651e+000 -4.412211e-001  1.577095e-001  1.396131e+000  2.028281e-001  1.022153e+000
 2.871426e+000  1.863488e+001  1.030513e+001  5.454131e+000 -3.689579e+000 -4.849420e+000 -7.936370e-001 -2.451851e+000 -4.336730e+000 -1.198532e+001 -1.004836e+001 -5.737894e+000  3.810125e+001 -2.764430e+000  4.933155e-001  2.139727e+000  1.991689e+000  4.947093e+000  3.058113e+000 -1.575970e-001 -8.938268e-001 -6.289346e-001 -7.917916e-001 -9.354124e-002  2.664578e+000 -2.030529e+000 -9.172185e-001 -1.511355e+000  7.135949e-002  5.568396e-002 -8.366913e-001 -2.092188e-001  2.658313e-001 -8.377444e-001 -3.676552e-001  9.885856e-001  1.470393e+000 -2.419441e-001  4.799266e-001
-1.670183e+000  1.740265e+001  1.445242e+001  1.287218e+001  7.630749e+000 -1.367900e+000 -1.587183e+000 -5.438827e+000 -1.188411e+001 -1.263945e+001 -8.889469e+000 -8.063311e+000  3.492192e+001 -3.114147e+000 -1.182087e+000  9.199648e-002  1.067228e+000  3.623320e+000  2.446937e+000 -9.590447e-003 -7.969927e-001 -6.350116e-001  1.393950e+000  2.966322e-001  1.313886e+000 -1.716727e+000 -1.816706e-001 -1.251546e+000 -1.091155e+000 -8.500609e-001 -1.923257e+000 -9.646453e-001  2.006271e-001  4.673949e-002  3.560386e-001  1.342136e+000  1.053762e+000 -1.835204e-001  1.982135e-001
-4.406343e+000  1.627177e+001  1.701011e+001  1.033479e+001  7.044036e+000  1.929513e+000 -4.644859e-001 -3.154128e+000 -8.526197e+000 -1.029779e+001 -6.529883e+000 -1.882743e+000  3.417378e+001 -3.560197e+000 -2.739009e+000 -1.372970e+000 -3.224808e-001  1.956151e-001  5.903175e-001 -1.019317e-001 -1.198724e+000  1.175408e-002  2.704021e+000  2.184868e+000  5.460887e-001 -1.787067e+000  2.809665e-001 -8.635728e-001 -1.479463e+000 -9.945512e-001 -1.677698e+000 -1.231081e+000  1.953883e-001  5.909026e-001  8.491141e-001  8.594140e-001  4.871895e-001 -3.120967e-001  3.020146e-001
-7.905238e+000  1.176139e+001  8.194330e+000  8.682671e+000  3.467049e+000  1.934361e+000 -1.084927e+000 -5.094300e+000 -6.146196e+000 -4.067126e+000 -8.421526e+000 -5.813929e+000  3.303524e+001 -2.667125e+000 -3.103292e+000 -3.048048e+000 -1.422219e+000 -2.195588e+000 -1.419974e+000  1.711452e-001  2.636980e-001  1.711680e+000  3.216661e+000  2.573872e+000  1.486731e+000 -1.326501e+000  7.869455e-001 -3.876366e-001 -8.316522e-001 -6.146152e-001 -6.850116e-001 -6.776688e-001  3.970622e-001  9.539101e-001  8.149663e-001 -2.014334e-001 -1.698289e-001 -2.275432e-002  5.574172e-001
-1.181203e+001  7.760469e+000  6.569326e+000  5.936481e+000 -6.296529e-001 -3.548963e+000 -1.554423e+000 -8.617735e+000 -7.146916e+000 -2.751376e+000  6.420110e-001 -4.132142e+000  3.010926e+001 -1.583109e+000 -2.863946e+000 -3.687567e+000 -1.736344e+000 -5.319434e-001 -1.163839e+000  7.289764e-001  1.530341e+000  2.443290e+000  2.593923e+000  1.203786e+000  1.017673e+000 -7.155691e-001  7.871011e-001 -6.623967e-002 -1.457497e-001 -1.879618e-001  2.682324e-001  3.277061e-001  7.790080e-002  2.373089e-001  2.302222e-001 -7.225443e-001 -6.963369e-001 -1.580436e-001  1.369665e+000
-1.130296e+001  6.141845e+000  4.432566e+000  7.960240e+000  4.896547e-001 -5.728534e+000 -1.864879e-001 -1.388533e+000 -4.015350e+000 -3.293479e-001  3.939447e-001  4.950426e-001  3.032168e+001 -1.679641e-001 -3.057802e+000 -2.908966e+000 -1.298916e+000  5.620419e-001 -6.432859e-002  1.560266e+000  2.608025e+000  2.224052e+000  4.418316e-001 -6.197151e-002  9.643226e-001  5.346098e-001  3.199911e-001  1.707352e-001  3.172656e-001 -1.087677e-001  6.143141e-002  7.630599e-001 -5.839276e-001 -1.361633e+000 -6.193586e-001 -8.379527e-001 -2.437790e-001 -4.427863e-001  2.315341e+000
-1.062302e+001  4.761809e+000  4.531564e-001  2.014292e+000  5.873016e+000 -5.823389e-002  2.731177e+000  2.644693e+000  2.624831e+000  8.029407e-001 -4.918687e+000  5.113528e-002  3.195272e+001 -8.742711e-001 -3.092952e+000 -2.171260e+000 -1.323941e+000  1.579623e-001  1.551025e+000 -4.069882e-001 -1.184343e+000  9.066789e-001  4.787145e-001  2.110561e-002  1.707480e-002  4.130702e+000 -3.513743e-001  6.665151e-001  5.981326e-001 -2.177406e-001 -8.863190e-001  3.074365e-001 -8.536385e-001 -2.045547e+000 -7.126161e-001 -2.676243e-001  3.963821e-001 -1.113356e-001  2.535047e+000
-9.339561e+000 -2.028293e+000 -3.292416e+000  4.149184e+000  3.025924e+000 -1.326465e-001  4.573604e+000  2.314611e+000  8.818892e-002 -3.635127e+000 -5.951035e+000 -3.083954e+000  3.478656e+001 -1.421588e+000 -2.135113e+000 -2.219874e+000 -2.172259e+000 -2.233383e+000  1.037893e+000 -2.180511e+000 -5.187124e+000 -6.168075e-001  8.450121e-002  1.946318e+000 -2.269016e-001  7.827070e+000 -7.583737e-001  1.175640e+000  1.035788e+000 -3.730713e-001 -8.684399e-001 -4.100226e-001 -4.153876e-001 -1.225210e+000 -2.810159e-001  3.411782e-001 -2.002868e-001 -6.302112e-002  1.601374e+000
-1.716509e+001 -3.619223e+000 -4.244825e-001  1.222305e+000 -1.107976e+000  1.408219e+000 -5.969410e+000 -1.639102e+001 -4.665291e+000  1.295086e+000  3.920029e+000 -2.257269e+000  4.853033e+001 -2.713168e+000  7.285002e-003 -1.041450e+000 -2.388375e+000 -3.565826e+000 -1.777672e-001 -1.668828e+000 -4.799820e+000  3.006392e-001  1.434467e+000  2.181552e+000  1.056607e+000  8.313435e+000 -1.524065e-001  1.029262e+000  1.524022e+000  5.561757e-003 -2.105315e-001 -7.497234e-001  1.027488e+000  1.197151e+000  2.015976e-001  3.086899e-001 -1.110505e+000  7.316376e-002 -4.551733e-001
