78 39
 7.036361e+000 -1.544721e+001  1.614477e+001  1.217160e+001 -2.470219e+001 -1.013356e+001 -7.739376e+000 -2.811188e-001  1.217475e+001 -9.113404e+000 -1.073048e+001 -1.342295e+000  5.513493e+001  6.948815e-001  2.685337e+000 -1.850764e+000  1.247692e-003  2.905650e+000  6.942987e-001  4.266594e+000 -2.272052e+000 -2.679195e+000  4.310448e-001 -2.553007e+000 -7.574081e-001 -2.129269e+000 -1.878635e-001  7.725620e-001 -5.917683e-001 -6.312698e-001  4.531600e-001  8.742850e-001  2.071385e-001 -3.886347e-001 -1.628112e+000  1.020203e+000  5.424132e-001 -1.199747e-001 -1.417992e-002
 7.991445e+000 -6.454855e+000  8.584599e+000  1.114117e+001 -1.341045e+001 -7.773066e+000 -2.317000e+000 -3.160732e+000  1.650913e+000 -8.489757e+000 -1.357210e+001 -3.818076e+000  5.050752e+001  4.939866e-002  3.787454e+000 -2.572584e+000 -8.527958e-001  2.821938e+000  1.804836e+000  3.988757e+000 -2.084829e+000 -4.873277e+000  2.201340e+000 -1.419881e+000 -9.705726e-001 -1.738028e+000 -2.803310e-001 -1.511314e-001  2.194779e-001 -5.970220e-001 -6.309883e-001  8.047087e-001 -7.448943e-001 -7.040830e-002 -4.078358e-001  1.058688e+000  8.703647e-001 -5.381752e-002  4.887519e-001
 6.771040e+000 -3.549145e+000  8.116918e+000  8.025440e+000 -1.465409e+001 -3.984087e+000 -3.330970e-001 -4.128109e+000 -1.747166e+000 -4.104187e+000 -1.338760e+001 -5.313081e+000  5.044072e+001 -2.982019e-001  3.081486e+000 -1.548041e+000 -1.809849e+000  1.723588e+000  2.629750e+000  2.542856e+000 -2.425325e+000 -4.119337e+000  3.047303e+000  4.070192e-001 -1.457020e+000 -9.138897e-001 -1.806380e-001 -8.588918e-001  6.745612e-001 -1.770174e-001 -9.310435e-001  2.415695e-001 -1.234721e+000  1.334615e-001  8.897704e-001  2.956543e-001  6.872518e-001  1.656945e-001  6.453764e-001
 6.160725e+000 -1.692096e+000  7.439200e+000  7.071997e+000 -1.582262e+001 -1.300947e+000  1.818194e+000 -6.539340e+000 -4.366380e+000 -2.031441e+000 -9.748631e+000 -6.692964e+000  5.049045e+001 -2.254263e-001  7.093935e-001  8.702669e-002 -1.335995e+000 -5.303208e-001  2.444339e+000  8.671421e-001 -2.242645e+000 -1.484278e+000  3.211452e+000  3.805537e-001 -7.876335e-001  5.139389e-002 -2.113928e-003 -1.186156e+000  7.850248e-001  1.601131e-001 -6.591884e-001 -3.157835e-001 -1.368115e+000  5.161901e-001  1.544805e+000 -6.345616e-001  2.198395e-001  3.938328e-001  5.147575e-001
 6.460711e+000 -2.421156e+000  8.977264e+000  5.156940e+000 -1.487816e+001 -2.208690e-001  2.907309e+000 -1.071844e+001 -5.413285e+000  2.893952e+000 -1.060712e+001 -7.189951e+000  5.057402e+001 -7.089610e-002 -7.009171e-002  1.922362e-001 -6.422397e-001 -7.343874e-002  1.582394e+000 -3.462046e-001 -1.525836e+000  7.515714e-002  1.404261e+000 -1.696529e-002 -2.040529e-002  2.029026e-001 -8.232063e-002 -1.253243e+000  6.264306e-001  8.494346e-002 -1.794542e-001 -5.002036e-001 -1.381869e+000  1.012411e+000  1.771097e+000 -1.315847e+000 -1.713169e-001  3.671048e-001  5.364087e-001
 7.019478e+000 -3.471882e+000  8.589560e+000  5.895441e+000 -1.595001e+001  2.567022e+000  3.985080e-001 -1.107879e+001 -3.937416e+000  4.068433e+000 -1.305957e+001 -6.817808e+000  5.069785e+001 -7.482386e-002 -5.675386e-001  4.824008e-001 -6.360346e-001  4.245089e-001  7.495959e-001 -1.407289e+000  4.637756e-002  7.535006e-001 -1.499465e-001 -1.086910e-001  2.802843e-001  2.773632e-001 -2.506523e-001 -1.301923e+000  4.608172e-001 -4.765828e-001  9.311464e-002 -4.295619e-001 -1.197535e+000  1.097634e+000  1.843449e+000 -1.379406e+000 -7.467478e-003 -1.670508e-002  7.533395e-001
 5.987184e+000 -3.009710e+000  8.502919e+000  5.402520e+000 -1.495758e+001  1.993900e+000 -1.354277e+000 -9.487565e+000 -1.585863e+000 -1.328211e-001 -1.181696e+001 -5.352685e+000  5.135154e+001 -7.851062e-001 -2.546263e+000  1.386424e+000 -1.735112e+000  3.489020e-001  9.761035e-001 -3.229274e+000  1.492220e+000  3.617262e+000 -1.851233e+000 -2.049429e-001 -1.554548e-001  1.655169e+000 -3.393781e-001 -1.355043e+000  2.031487e-001 -6.916095e-001 -2.946330e-001 -9.897361e-002 -7.246501e-001  7.081951e-001  1.812037e+000 -7.620593e-001  8.349844e-002 -2.424942e-001  9.817808e-001
 6.023370e+000 -4.235512e+000  1.008838e+001  3.769034e+000 -1.366036e+001  1.339648e+000 -3.087457e+000 -6.922890e+000 -2.512589e+000 -1.267787e+000 -9.687166e+000 -6.210176e+000  5.148851e+001 -1.121583e+000 -4.562138e+000  1.794019e+000 -3.172473e+000 -2.759180e-001  5.996755e-001 -3.678998e+000  1.736497e+000  5.961914e+000 -2.057831e+000  4.372051e-001 -8.036342e-001  3.091958e+000 -2.996041e-001 -7.572769e-001 -4.980449e-001 -2.245245e-001 -5.534038e-001  1.897496e-001  1.268542e-001 -9.724576e-002  1.354283e+000 -2.087980e-001  1.353560e-002 -1.661070e-001  8.139599e-001
 3.033234e+000 -1.477066e+001  1.515998e+001 -2.455415e+000 -1.427848e+001  5.273335e+000 -1.149608e+001 -5.335291e+000  1.196061e+001 -3.694101e+000 -1.331804e+001 -8.271042e+000  5.845453e+001 -1.244407e+000 -4.848009e+000  5.521709e-001 -2.832068e+000 -1.196390e+000  1.162487e+000 -2.833600e+000  1.170079e+000  6.531134e+000 -1.452094e+000  1.275788e-001 -6.909173e-001  3.704509e+000  1.877356e-003  4.748805e-001 -1.194420e+000  6.103804e-001 -3.748600e-001  2.180687e-001  1.113544e+000 -7.194737e-001 -2.697273e-001  3.732049e-001 -9.340841e-002  1.224154e-001  1.729181e-002
 2.888538e+000 -2.040210e+001  1.423112e+001 -6.037957e+000 -1.766916e+001  3.925681e+000 -1.292558e+001 -4.472440e+000  1.909892e+001 -4.440080e+000 -1.012301e+001 -9.376801e+000  6.260614e+001 -1.343194e+000 -3.203050e+000 -1.590697e+000 -1.210179e+000 -1.569864e+000  1.605152e+000 -9.708548e-001 -2.787810e-001  6.067977e+000 -1.393506e+000 -2.072739e-001 -2.825197e-001  3.322493e+000  2.383562e-001  1.290948e+000 -1.185702e+000  1.102530e+000  7.771276e-002  3.364990e-001  1.337476e+000 -8.618810e-001 -1.538819e+000  5.366492e-001 -3.190033e-001  2.260552e-001 -7.162179e-001
 1.332564e+000 -1.916646e+001  9.192400e+000 -3.854324e+000 -1.893514e+001  6.513317e+000 -1.060322e+001 -4.862393e+000  2.026405e+001 -5.807143e+000 -1.096114e+001 -7.223959e+000  6.431527e+001 -6.649138e-001 -8.514042e-001 -2.893318e+000  3.356435e-001 -8.784248e-001  1.563708e+000  9.843748e-001 -1.097510e+000  2.215593e+000 -3.173704e-001 -3.497455e-001  1.960651e-001  1.626361e+000  4.555653e-001  1.140339e+000 -4.417723e-001  7.919449e-001  4.367097e-001  1.228272e-001  9.325175e-001 -6.932085e-001 -1.784690e+000  4.390298e-001 -1.660774e-001  2.065835e-002 -1.015580e+000
 1.577340e-001 -1.805286e+001  5.118680e+000 -1.582406e+000 -1.918135e+001  8.745420e+000 -8.388163e+000 -8.553245e+000  2.367558e+001 -7.178795e+000 -1.190198e+001 -8.146316e+000  6.517060e+001 -2.195486e-001 -1.057022e-001 -2.411745e+000  7.563200e-001 -4.633694e-002  2.081560e+000  1.099396e+000 -1.439113e+000  4.255867e-001  5.805395e-002 -9.191492e-001 -1.168492e-001  5.499428e-001  5.527829e-001  4.741066e-001  3.465552e-001  2.335194e-001  4.026940e-001 -3.194832e-002  2.666740e-001 -3.251116e-001 -1.320715e+000  2.323755e-001  1.370805e-001 -1.261921e-001 -8.853833e-001
 1.074067e+000 -2.020230e+001  5.249610e+000 -3.004973e+000 -1.791450e+001  1.068201e+001 -8.842916e+000 -8.782436e+000  2.075024e+001 -3.911596e+000 -1.417728e+001 -7.905959e+000  6.530411e+001  4.715965e-001 -6.949877e-001 -1.246166e+000  1.444069e-001  2.253948e-001  1.538419e+000  7.938620e-001 -1.715797e+000  4.288778e-001  1.727528e-002 -3.468705e-001 -6.704608e-001  1.288223e-002  3.216630e-001  2.008066e-002  5.945247e-001 -7.533075e-002  1.415111e-001 -1.779632e-001 -1.339607e-001 -1.535353e-001 -2.722477e-001 -1.598594e-001  3.724730e-001 -1.575103e-001 -4.590198e-001
 1.920043e+000 -2.041269e+001  4.143792e+000 -2.681033e+000 -1.841116e+001  1.224913e+001 -8.308753e+000 -9.707984e+000  2.098375e+001 -5.097584e+000 -1.311069e+001 -9.620047e+000  6.486143e+001  8.524652e-001 -9.107252e-001 -6.814966e-001  5.303645e-002 -1.083038e-001  1.458056e+000  4.577716e-001 -1.595195e+000  3.577608e-001 -3.989510e-001  4.766913e-001 -4.802173e-001 -2.976845e-001 -4.604986e-003  1.023034e-001  3.900936e-001 -1.674044e-001  9.676920e-002 -4.241969e-001 -1.246610e-001  4.374998e-002 -1.215465e-001  2.019586e-002  2.500400e-001  1.402504e-001 -1.386362e-001
 2.809392e+000 -2.146148e+001  3.449012e+000 -2.582976e+000 -1.819326e+001  1.245356e+001 -6.673610e+000 -1.286401e+001  2.375435e+001 -6.761373e+000 -1.209114e+001 -9.839397e+000  6.453426e+001  4.073942e-001 -3.484894e-001 -7.858185e-001  3.106315e-001 -1.398859e-001  9.856447e-001  6.353833e-001 -1.787145e+000  8.882675e-001 -8.881649e-001  8.146995e-001 -4.098025e-001 -2.449242e-001 -3.172503e-001  3.829216e-001  1.041948e-001 -7.629574e-002  1.287849e-001 -4.014301e-001 -1.164939e-001  2.728267e-001 -3.543608e-001  3.128416e-001 -8.079456e-002  3.224370e-001  5.791458e-002
 3.552397e+000 -2.197689e+001  2.611497e+000 -1.528222e+000 -1.958349e+001  1.514992e+001 -7.183957e+000 -1.448843e+001  2.396233e+001 -7.748662e+000 -1.056159e+001 -9.580683e+000  6.406710e+001 -2.104724e-001  2.325659e-001 -6.914511e-001 -1.638142e-001  6.201494e-001  2.369621e-001  5.553305e-001 -1.184689e+000 -4.118404e-001  6.117533e-001 -2.497343e-001  4.540735e-001 -1.433487e-002 -3.630771e-001  3.822663e-001  4.188838e-002 -7.751012e-002  1.438412e-001 -3.734796e-001 -1.438808e-001  4.139498e-001 -4.177750e-001  4.842192e-001 -2.847775e-001  2.844645e-001  1.383361e-001
 2.294862e+000 -2.116264e+001  2.086666e+000 -2.028221e+000 -1.802777e+001  1.415984e+001 -6.228397e+000 -1.532794e+001  2.370230e+001 -7.026881e+000 -1.137833e+001 -9.974653e+000  6.447665e+001 -5.831864e-001  6.479748e-001 -7.202152e-001 -1.286465e-001  5.050925e-001  1.418155e-001  1.626130e-001 -5.569164e-001 -9.581257e-001  1.076131e+000 -3.876305e-001  4.745789e-001  1.607803e-001 -1.362440e-001  1.137462e-001  1.130116e-001 -3.713826e-003 -9.771719e-002 -1.538799e-001 -2.392595e-001  4.462549e-001 -2.500785e-001  3.093828e-001 -1.573064e-001  1.690080e-001  9.787925e-002
 1.124946e+000 -1.939928e+001  1.367710e+000 -3.777482e+000 -1.539316e+001  1.258080e+001 -5.754707e+000 -1.439947e+001  1.895058e+001 -1.906063e+000 -1.471577e+001 -7.282051e+000  6.481857e+001 -4.676302e-001  5.023741e-001 -5.048563e-001 -1.148752e-001  2.884130e-001  1.257238e-002 -2.524700e-002 -1.405603e-001 -8.079178e-001  1.039997e+000 -3.460311e-001  4.999147e-001  1.911438e-001  1.113406e-001 -1.673471e-001  1.525799e-001  1.984443e-001 -3.698381e-001 -1.974239e-002 -1.645284e-001  2.390658e-001  3.127274e-001 -2.266173e-001  1.571913e-001 -1.189906e-001  9.024962e-003
 1.107185e+000 -1.951042e+001  4.698296e-001 -2.101579e+000 -1.776297e+001  1.444719e+001 -6.575170e+000 -1.569307e+001  2.146960e+001 -4.302017e+000 -1.195221e+001 -8.615819e+000  6.496243e+001 -1.452468e-001  8.533745e-002 -3.140578e-001  2.675928e-001 -4.626037e-001  3.284402e-001 -2.706252e-001 -7.793494e-002 -1.640861e-001  4.446274e-001  7.631588e-002  4.123170e-001  1.417328e-001  1.758042e-001 -2.242671e-001  1.918845e-001  1.661720e-001 -2.390327e-001 -1.924158e-001  3.680569e-002  1.385964e-001  3.784058e-001 -2.374686e-001  1.005713e-001 -1.361339e-001 -4.399735e-002
 1.808085e+000 -2.029114e+001  8.956335e-001 -2.065919e+000 -1.827383e+001  1.506911e+001 -7.136806e+000 -1.500867e+001  2.103909e+001 -3.911109e+000 -1.200480e+001 -7.760526e+000  6.477993e+001  1.272606e-001 -3.228512e-001 -1.316302e-001  6.302878e-001 -7.451927e-001  4.493780e-002 -5.069237e-002 -2.288510e-001  7.547766e-001 -2.055811e-001  3.042489e-001 -1.097484e-001  4.031372e-002  8.798395e-002 -1.090533e-001  1.606129e-001  1.317725e-001 -5.590642e-002 -3.260718e-001  1.417846e-001  9.474015e-002  2.180267e-001 -1.266248e-001  1.394755e-002 -1.436455e-001 -3.797004e-002
 1.227059e+000 -2.029003e+001  7.524145e-001 -1.546038e+000 -1.890045e+001  1.455789e+001 -6.890474e+000 -1.541301e+001  2.183761e+001 -3.801221e+000 -1.235223e+001 -7.673831e+000  6.520464e+001 -1.610923e-003 -6.074829e-002  5.259410e-002  3.296318e-001 -1.732681e-001 -8.364464e-001  3.593641e-001  1.802109e-001  1.525560e-001  5.115770e-001 -2.099142e-001  9.874072e-002  1.620865e-002  5.241490e-003 -1.988449e-003  1.542334e-001  7.208682e-002  9.127458e-002 -3.205407e-001  6.682769e-002  2.005460e-001 -8.107828e-002  6.384877e-002 -1.205086e-001 -5.040877e-002 -1.898124e-002
 1.701313e+000 -2.062373e+001  5.682662e-001 -9.038131e-001 -1.855038e+001  1.275015e+001 -5.850517e+000 -1.568375e+001  2.254046e+001 -3.184366e+000 -1.299451e+001 -8.301787e+000  6.489903e+001 -9.952837e-002  3.015060e-002  1.148825e-001  5.129676e-001 -1.357868e-001 -1.035343e+000  3.686815e-001  2.040675e-001  1.238945e-001  3.733984e-001 -1.331783e-001 -6.152449e-002  6.405564e-002 -3.950933e-002  1.773134e-002  1.917890e-001  4.940179e-002  2.366046e-002 -1.310758e-001 -1.208627e-001  2.887251e-001 -2.149923e-001  8.936596e-002 -1.200180e-001  4.304014e-002  6.507721e-003
 1.152517e+000 -1.964786e+001  8.964837e-001 -1.034473e+000 -1.849103e+001  1.142444e+001 -5.421494e+000 -1.445448e+001  2.148169e+001 -2.107503e+000 -1.250693e+001 -7.851485e+000  6.498392e+001 -5.644858e-003 -1.011057e-001  3.338529e-001  6.866871e-001 -3.109337e-001 -7.341229e-001 -1.461737e-001  7.083357e-001 -2.540365e-001  4.743815e-001 -3.075134e-001  1.361612e-001  3.495560e-002  1.811726e-003 -8.336797e-002  2.638609e-001  8.007298e-002 -1.401731e-001 -2.908843e-002 -2.042635e-001  3.106422e-001 -5.315376e-002 -4.918243e-002 -9.940378e-002  3.859621e-002 -1.348068e-002
 1.347714e+000 -2.046147e+001  1.398011e+000  2.431363e-001 -1.915747e+001  1.145911e+001 -6.027888e+000 -1.446760e+001  2.183652e+001 -2.890976e+000 -1.259335e+001 -7.979321e+000  6.521056e+001 -6.826907e-002 -2.140158e-001  6.866855e-001  6.987692e-001 -5.580576e-001 -6.616032e-001 -4.022368e-001  9.507119e-001 -1.168884e-001  2.598464e-001 -2.470413e-001  8.674202e-002  6.347885e-002  3.840704e-003 -5.211183e-002  3.446536e-001 -1.315092e-002 -2.138291e-001 -1.655423e-001 -5.759302e-002  3.728052e-001 -2.533951e-002 -1.157587e-001 -5.308933e-002  1.394604e-001 -5.319542e-002
 1.375634e+000 -2.087669e+001  2.006806e+000  1.313923e+000 -2.015157e+001  1.153279e+001 -7.532657e+000 -1.247941e+001  2.091940e+001 -1.576008e+000 -1.409038e+001 -7.154257e+000  6.522365e+001 -8.181942e-003 -3.555050e-001  1.085997e+000  6.370960e-001 -6.629984e-001 -1.168759e+000 -2.764941e-001  1.360100e+000  7.178688e-003  3.224408e-001 -6.500016e-001  2.175885e-001 -5.090637e-002 -4.398752e-002  3.953409e-002  3.834733e-001 -9.137352e-002 -2.194992e-001 -2.911644e-001  1.787185e-001  3.022013e-001 -1.388409e-001 -2.132896e-001  3.378094e-002  3.052703e-001 -5.287208e-002
 1.248409e+000 -2.107940e+001  3.446532e+000  1.415835e+000 -2.051040e+001  9.387958e+000 -6.806120e+000 -1.191773e+001  2.223716e+001 -2.150882e+000 -1.343799e+001 -8.216691e+000  6.509657e+001 -7.905631e-002 -1.032089e-001  1.462078e+000  4.720085e-001 -1.028900e+000 -1.645737e+000  1.458766e-001  1.742211e+000 -1.334106e-001 -1.294245e-001 -2.273808e-001  5.950636e-001 -1.589905e-001 -9.831216e-002  1.646739e-001  2.975218e-001 -4.617400e-002 -2.996629e-001 -1.764467e-001  2.719462e-001  2.641998e-001 -3.736131e-001 -3.164169e-001  1.898135e-001  4.613595e-001 -3.445099e-002
 1.161259e+000 -2.111642e+001  5.302209e+000  1.564658e+000 -2.112956e+001  6.616227e+000 -6.414848e+000 -8.928912e+000  2.131726e+001 -8.653458e-001 -1.533461e+001 -6.644857e+000  6.478639e+001 -2.201888e-001  4.116135e-002  1.863523e+000  3.431998e-001 -1.173008e+000 -1.697878e+000  4.733621e-001  1.823593e+000 -9.399797e-001 -3.974309e-001 -1.484389e-001  1.408352e+000 -1.181702e-001 -1.525858e-001  2.691391e-001  1.882292e-001 -8.795428e-003 -3.772225e-001  8.529297e-002  3.629172e-001 -7.807541e-003 -5.036824e-001 -4.508426e-001  4.718195e-001  4.552442e-001 -1.252251e-002
 1.059619e+000 -2.085765e+001  7.060701e+000  2.477811e+000 -2.381298e+001  5.688708e+000 -5.857409e+000 -7.531788e+000  2.097053e+001 -3.893430e+000 -1.310814e+001 -5.258703e+000  6.463424e+001 -4.538264e-001  4.110207e-001  1.785532e+000  6.148472e-001 -1.801367e+000 -1.279277e+000  5.825660e-001  2.039964e+000 -1.511374e+000 -9.623023e-001  4.512450e-001  1.798158e+000 -7.514419e-002 -1.162258e-001  2.816892e-001  1.224669e-001 -5.374657e-002 -3.248646e-001  2.391630e-001  5.244910e-001 -3.678642e-001 -5.027601e-001 -3.720142e-001  6.160585e-001  2.286519e-001 -5.395157e-002
 3.690844e-001 -2.078176e+001  9.517338e+000  2.498933e+000 -2.436532e+001  4.893023e+000 -5.640201e+000 -5.554417e+000  1.685282e+001 -2.691889e+000 -1.499750e+001 -1.591493e+000  6.486396e+001 -5.837261e-001  7.330757e-001  1.865417e+000  5.216995e-001 -2.162878e+000 -9.255239e-001  1.319747e+000  1.172186e+000 -1.822251e+000 -1.515333e+000  1.369783e+000  1.892262e+000 -1.554420e-001 -9.674430e-003  2.973483e-001  9.219332e-002 -1.836100e-001 -2.796565e-001  3.581045e-001  6.793368e-001 -6.761631e-001 -4.216375e-001 -1.992692e-001  8.024042e-001 -1.171104e-001 -1.464695e-001
-6.246358e-001 -1.919162e+001  1.026663e+001  4.022933e+000 -2.789935e+001  3.853176e+000 -4.280613e+000 -3.405154e+000  1.691251e+001 -6.049122e+000 -1.135032e+001 -1.752583e+000  6.468206e+001 -4.784168e-001  9.592797e-001  2.073466e+000  1.140259e-001 -2.158288e+000 -8.360993e-001  2.345139e+000  2.285940e-001 -2.206075e+000 -1.430544e+000  2.093801e+000  1.496368e+000 -4.101124e-001  1.011140e-001  2.480666e-001  1.355962e-001 -4.002664e-001 -6.418011e-002  5.691738e-001  5.650936e-001 -8.233002e-001 -5.390946e-001  2.050689e-001  6.939325e-001 -3.154310e-001 -1.889260e-001
-9.152437e-001 -1.828405e+001  1.302633e+001  3.400594e+000 -2.990076e+001  2.906374e+000 -6.045094e-001 -5.131301e+000  1.423502e+001 -7.364167e+000 -9.364602e+000  1.063394e+000  6.398527e+001 -2.562658e-001  1.253773e+000  2.180522e+000 -3.244397e-001 -2.392830e+000 -1.289442e-001  2.988760e+000 -6.515378e-001 -2.700817e+000 -1.159656e+000  3.042304e+000  9.736946e-001 -6.830333e-001  1.423537e-001  2.091260e-001  2.656252e-002 -4.270553e-001  1.726168e-001  7.473267e-001  6.657727e-002 -5.606877e-001 -5.090405e-001  5.422349e-001  3.866427e-001 -4.518675e-001 -1.656092e-001
-6.903007e-001 -1.731010e+001  1.567354e+001  2.597110e+000 -3.183670e+001  2.501535e+000  3.350439e+000 -6.600376e+000  1.124905e+001 -8.710011e+000 -5.455583e+000  8.956918e-001  6.302302e+001 -1.119864e-001  1.391005e+000  2.305959e+000 -9.634150e-001 -2.007291e+000  1.168302e+000  2.573528e+000 -1.164675e+000 -3.767565e+000 -1.147964e-001  3.084647e+000  6.802870e-001 -7.559788e-001  1.191358e-001  1.376759e-001 -1.650370e-001 -3.886811e-001  4.485361e-001  7.889541e-001 -5.115631e-001 -2.473260e-001 -2.583676e-001  6.205224e-001 -4.818299e-002 -4.366033e-001 -7.586364e-002
-8.794122e-001 -1.545365e+001  1.771650e+001  1.589646e+000 -3.436080e+001  4.924121e+000  5.488073e+000 -7.214495e+000  6.180460e+000 -7.159725e+000 -2.733350e+000  1.952843e+000  6.227831e+001 -5.517284e-002  1.562843e+000  1.881983e+000 -1.074856e+000 -1.375292e+000  1.808909e+000  1.538439e+000 -9.346184e-001 -3.586709e+000  5.379673e-001  2.807573e+000  4.096519e-002 -8.105549e-001  1.154733e-001  2.010203e-003 -2.856190e-001 -3.507016e-001  8.601673e-001  5.320137e-001 -8.781949e-001  9.778640e-002  8.664231e-002  3.621606e-001 -3.554699e-001 -4.143862e-001 -4.783490e-002
-1.202484e+000 -1.365180e+001  1.945134e+001  1.113321e-001 -3.570579e+001  8.685813e+000  5.540736e+000 -8.186934e+000  2.101968e+000 -6.725325e+000  7.572869e-001  1.204128e+000  6.175565e+001  1.671546e-002  1.493124e+000  1.397551e+000 -1.454171e+000 -4.243771e-001  2.139745e+000  5.124835e-001 -8.664959e-001 -3.054967e+000  8.232560e-001  1.970251e+000 -2.202842e-001 -7.256699e-001  1.760139e-001 -1.385994e-001 -4.824988e-001 -9.117719e-002  1.025656e+000 -2.745897e-002 -9.950572e-001  4.538131e-001  5.420219e-001 -4.763566e-002 -5.622945e-001 -2.608405e-001 -6.790727e-002
-9.350164e-001 -1.229899e+001  2.054734e+001 -7.307991e-001 -3.484268e+001  8.858781e+000  5.992538e+000 -9.011114e+000  8.750153e-001 -5.666674e+000  1.566829e+000  1.114002e+000  6.056618e+001  2.567497e-001  1.212765e+000  1.206631e+000 -1.832570e+000  1.116549e+000  2.045403e+000 -3.716922e-001 -3.116955e-001 -2.623904e+000  1.821208e-001  1.822153e+000 -6.479505e-001 -9.373623e-001  2.502478e-001 -2.701348e-003 -9.629667e-001  3.056130e-001  1.526609e+000 -6.843557e-001 -1.016124e+000  6.643440e-001  7.365054e-001 -3.419907e-001 -8.496616e-001 -3.930337e-002 -1.780658e-001
-5.789213e-001 -1.142181e+001  2.124587e+001 -3.513524e+000 -3.371765e+001  1.123293e+001  5.660624e+000 -1.003455e+001 -1.373057e+000 -5.340257e+000  2.245583e+000  2.136910e-001  6.025074e+001  6.121217e-001  8.730472e-001  2.311411e-001 -1.040444e+000  1.875069e+000  9.127604e-001 -1.446692e+000  7.929289e-001 -1.538858e+000 -1.750514e-001  7.658848e-001 -2.794577e-001 -1.032111e+000  3.070028e-001  2.442150e-001 -1.543396e+000  9.560258e-001  1.793303e+000 -1.488201e+000 -6.981249e-001  6.006856e-001  6.955645e-001 -7.184418e-002 -1.236602e+000 -5.445086e-002 -2.851611e-001
 9.255512e-002 -1.050482e+001  2.285239e+001 -5.760774e+000 -2.977212e+001  1.387758e+001  3.569668e+000 -7.849166e+000 -5.201548e+000 -6.941654e+000  5.633266e+000 -7.916914e-001  5.834396e+001  8.983631e-001  1.859375e+000 -2.349646e+000  2.463450e-001  5.108030e+000 -9.993771e-001 -2.562592e+000  1.557389e+000 -6.622367e-001 -6.728326e-001 -8.385514e-001 -1.259649e-001 -1.547663e+000  2.479339e-001  3.868263e-001 -1.685801e+000  1.293711e+000  1.369220e+000 -1.784360e+000 -6.434023e-002  1.123989e-001  5.571386e-001  5.081226e-001 -1.511022e+000 -7.030226e-002 -2.321226e-001
 1.344339e+000 -1.018365e+001  1.945452e+001 -2.575902e+000 -2.886572e+001  1.074022e+001 -4.812893e-001 -4.803264e+000 -2.554039e+000 -6.963091e+000  2.553493e+000  7.596857e-001  5.770620e+001  1.230923e+000  2.390894e+000 -4.541293e+000  2.286500e+000  6.546395e+000 -3.778868e+000 -1.882691e+000  1.202390e+000 -5.579781e-001  8.915118e-001 -2.882405e+000 -7.535313e-001 -1.846325e+000  8.603925e-002  2.170974e-001 -9.132323e-001  9.139726e-001  4.350052e-001 -1.173682e+000  5.547722e-001 -4.655302e-001  2.706757e-001  7.910735e-001 -1.013095e+000 -2.213017e-001 -7.692096e-002
 2.595169e+000 -3.621196e+000  9.694785e+000  3.211556e-002 -1.172849e+001  4.108252e+000 -3.749466e+000 -3.839811e+000 -1.845677e+000 -8.219419e+000 -2.779882e+000  2.111800e-001  5.410014e+001  1.187019e+000  2.387973e+000 -4.836158e+000  2.972514e+000  5.626985e+000 -4.530584e+000 -4.753938e-001  4.556870e-002 -3.286510e-001  2.189452e+000 -3.908811e+000 -7.624251e-001 -1.690869e+000 -1.720895e-001 -4.669845e-001  6.723415e-001 -1.575592e-001 -1.178678e+000  1.694950e-001  2.344596e-001 -2.061807e-001  5.135076e-001  4.157426e-001 -2.570200e-002 -3.490927e-002  3.340890e-001
 4.324385e+000 -2.909154e+000  5.118207e+000  5.022533e+000 -1.000749e+001 -2.776750e+000 -9.326503e-002 -6.027275e+000 -5.840883e+000 -2.438157e-001 -7.959868e+000 -4.055401e+000  5.314102e+001  8.979902e-001  1.694235e+000 -3.091764e+000  2.166334e+000  3.790618e+000 -3.190046e+000  2.835698e-001 -7.788119e-001 -3.522718e-001  2.349174e+000 -2.764461e+000 -1.067736e+000 -1.345113e+000 -4.281245e-001 -9.262303e-001  1.686212e+000 -1.213446e+000 -1.853312e+000  1.297006e+000 -6.331770e-001  5.860976e-001  1.136832e+000 -7.425302e-001  9.422212e-001  4.708821e-001  7.103931e-001
 4.537624e+000 -2.202206e+000  5.839754e+000  5.302578e+000 -1.106631e+001 -2.016859e+000  9.986865e-001 -7.009317e+000 -5.201381e+000  6.459690e-001 -8.654110e+000 -2.196273e+000  5.217220e+001  2.043818e-001 -1.272182e-001  2.872973e-001 -4.813682e-001  5.925305e-001 -4.463131e-001 -2.473424e+000  1.517086e+000  1.802448e+000  6.770492e-001 -1.026034e+000 -1.434090e-001 -1.278236e-001 -5.261332e-001 -9.626697e-001  1.622597e+000 -1.419673e+000 -1.583259e+000  1.255967e+000 -8.716599e-001  1.157685e+000  1.273527e+000 -1.400585e+000  1.132906e+000  6.269907e-001  8.771756e-001
 4.863062e+000 -2.421965e+000  5.923215e+000  5.620536e+000 -1.024372e+001 -2.147459e+000 -1.437517e+000 -7.112570e+000 -2.637546e+000  3.500834e-001 -8.331697e+000 -3.375268e+000  5.194460e+001 -4.183814e-001 -9.826619e-001  1.328041e+000 -2.053790e+000 -2.029406e-001  6.640270e-001 -4.049561e+000  3.397119e+000  4.060635e+000 -2.064938e+000  3.873118e-001  1.291371e+000  9.241180e-001 -4.704707e-001 -4.814972e-001  7.112129e-001 -7.323510e-001 -8.875644e-001  4.149180e-001  6.791252e-003  1.018678e+000  7.652106e-001 -1.188532e+000  6.529645e-001  5.712837e-001  6.841188e-001
 3.347739e+000 -4.500882e+000  1.072877e+001 -2.673727e+000 -8.647724e+000  1.562040e+000 -1.544446e+001  4.288268e+000  5.564896e+000 -5.131123e+000 -7.724135e+000 -8.459314e-001  5.405923e+001 -7.854614e-001 -1.086928e+000  1.066926e+000 -2.015788e+000 -2.925302e-001 -1.777857e-001 -2.667128e+000  3.746027e+000  3.832531e+000 -2.606416e+000  1.798313e-001  1.192975e+000  1.560394e+000 -2.932087e-001  3.220914e-001 -3.737098e-001  4.764136e-001  4.933186e-002 -4.104021e-001  1.860839e+000 -1.910621e-001 -2.176583e-001 -3.749650e-002  3.353279e-002 -1.329393e-001  2.203598e-002
 2.827421e+000 -6.673126e+000  9.313906e+000 -1.258262e+000 -1.223149e+001 -1.246065e+000 -1.211950e+001  5.309528e+000  9.079153e+000 -7.679959e+000 -6.488297e+000  1.726285e+000  5.681810e+001 -9.594418e-001 -2.333959e-001  7.448578e-002 -7.282108e-001 -2.046735e-001 -1.249720e+000  4.143777e-001  3.200109e+000  2.458740e+000 -1.951755e+000 -1.025709e-001  1.120491e+000  1.231372e+000 -2.256398e-001  8.378519e-001 -5.310265e-001  1.043740e+000  6.750156e-001 -3.470153e-001  2.443496e+000 -6.342155e-001 -8.780125e-001  7.944233e-001 -5.493507e-001 -7.959664e-001 -6.842111e-001
 1.628138e+000 -5.511263e+000  9.479040e+000 -1.336963e+000 -1.153508e+001 -3.356485e+000 -6.995963e+000  5.509768e+000  8.102924e+000 -8.371092e+000 -8.676654e+000  1.217824e+000  5.753742e+001 -9.911314e-001  1.108606e+000 -9.544741e-001  1.237910e+000  8.400563e-001 -1.541450e+000  4.598799e+000  6.602803e-001  1.515104e+000  4.329755e-001 -6.134282e-001 -7.226650e-001 -1.712708e-001 -1.929799e-001  8.437101e-001 -2.717894e-001  9.761249e-001  9.480697e-001  4.355533e-001  1.604255e+000 -3.184889e-001 -9.032284e-001  5.676941e-001 -7.726516e-001 -7.783780e-001 -1.131684e+000
 9.256536e-001 -3.083754e+000  6.920508e+000  1.311100e+000 -9.823405e+000 -5.936795e+000 -3.589878e+000  8.277226e+000  8.387138e+000 -7.788709e+000 -8.368293e+000  1.195307e+000  5.636237e+001 -1.443746e+000  2.108831e+000 -3.163909e-001  1.538060e+000  2.605844e+000 -3.892173e-001  4.534956e+000  1.768915e+000  8.292854e-001  3.874826e-001 -1.962812e+000 -1.730641e+000 -1.631105e+000 -2.391180e-001  2.094616e-001  1.412718e-002  5.705494e-001  9.551525e-001  1.175433e+000  1.934729e-001  1.296126e-001 -7.833012e-001 -1.974273e-001 -7.632196e-001 -3.771812e-001 -1.043333e+000
-6.570342e-001 -7.525383e-001  7.153096e+000  2.231144e+000 -5.651483e+000 -3.799845e+000  3.284722e+000  6.105820e+000  1.348642e+001 -2.911871e+000 -9.851278e+000 -4.193768e+000  5.343074e+001 -1.508209e+000  1.960510e+000 -9.658237e-002  1.731701e+000  3.042559e+000  1.569730e+000  3.293858e+000  2.869180e+000  1.311162e-001 -9.375650e-001 -2.753306e+000 -1.273350e+000 -2.666790e+000 -1.699524e-001 -6.261910e-001  2.522773e-003 -1.732565e-001  5.263088e-001  1.196790e+000 -1.158606e+000  5.189837e-001 -6.817290e-001 -6.398357e-001 -2.731592e-001  2.287809e-001 -5.343231e-001
-3.248721e+000  1.491665e+000  8.894923e+000  4.647983e+000 -2.144065e+000 -2.970472e+000  5.414944e+000  1.385608e+001  1.053383e+001 -8.472157e+000 -1.571505e+001 -4.221125e+000  5.071592e+001 -1.896493e+000  3.879600e-001 -2.838242e-001  1.877641e+000  3.469837e+000  3.071856e+000  2.034212e+000  2.743723e+000 -7.657724e-001 -2.253622e+000 -2.848730e+000 -4.900731e-001 -2.737535e+000  4.522054e-002 -1.208531e+000 -4.049265e-001 -7.111869e-001 -2.141164e-001  5.552056e-001 -1.369988e+000 -5.070615e-001 -9.664506e-002  2.424042e-001  6.792721e-001  5.840316e-001 -4.607184e-002
-3.825720e+000  2.003576e+000  8.008921e+000  5.653103e+000 -1.619537e-001  3.009002e+000  4.970918e+000  1.706624e+001  7.685159e+000 -1.271719e+001 -1.876981e+001 -2.440708e+000  4.702670e+001 -1.614520e+000 -1.161914e+000 -9.581436e-001  2.018373e-001  3.039604e+000  2.711961e+000  5.614138e-002  2.767795e+000 -1.096012e+000 -1.445651e+000 -1.536265e+000 -1.990445e-001 -2.289671e+000  1.862167e-001 -1.133665e+000 -6.828427e-001 -1.146063e+000 -8.706306e-001 -5.743626e-001 -1.011700e+000 -1.155078e+000  6.217301e-001  1.460782e+000  1.354300e+000  2.838383e-001  2.521631e-001
-6.972468e+000 -2.522011e+000  5.073474e+000  8.988324e+000  4.781017e+000  6.018064e+000  5.738087e+000  1.651563e+001  7.458909e+000 -1.415416e+001 -1.815268e+001 -2.131588e+000  4.587671e+001 -1.164488e+000 -2.372613e+000 -1.910243e+000 -1.252943e+000  1.536740e+000  1.815695e+000 -6.961238e-001 -7.157003e-001  9.596242e-001  1.853546e+000  8.250276e-001  6.523646e-001 -2.050023e+000  3.974551e-001 -4.422544e-001 -5.120137e-001 -1.137156e+000 -1.332404e+000 -1.367598e+000 -8.213533e-001 -1.239411e+000  7.383403e-001  1.536391e+000  1.300412e+000  6.743358e-002  2.965140e-001
-6.867759e+000 -4.555269e+000  4.273102e+000  1.070160e+000  6.083994e+000  5.265691e+000  3.403857e+000  1.861502e+001  9.543825e+000 -7.299124e+000 -1.631379e+001 -6.233758e+000  4.440199e+001 -9.431283e-001 -2.327528e+000 -2.697587e+000 -2.433323e+000 -3.440446e-001 -6.740031e-001 -3.994749e-001 -1.176499e+000  2.377068e+000  4.312762e+000  2.181314e+000 -4.253768e-001 -1.749730e+000  3.806997e-001  2.318116e-001 -1.370942e-001 -2.399357e-001 -1.296970e+000 -1.258473e+000 -2.557507e-001 -6.243712e-001  2.230145e-001  4.061989e-001  7.763965e-001  1.365931e-001  2.590000e-001
-7.550139e+000 -7.091977e+000  1.211618e+000  6.747404e-001  2.416660e+000  4.979661e+000  2.717855e+000  9.503185e+000  1.440262e+001 -1.913459e+000 -1.281792e+001  9.372232e-001  4.177816e+001 -2.449133e-001 -1.240505e+000 -1.974171e+000 -2.490557e+000 -1.500359e+000 -2.073151e+000 -1.844746e+000 -1.481184e+000  1.189389e+000  2.549124e+000  1.794538e+000 -3.973904e-002 -1.524935e+000  3.006286e-001  6.191524e-001  3.951836e-001  4.535232e-001 -8.646302e-001 -8.113050e-001 -7.697190e-002  6.183574e-001 -4.036851e-001 -8.611328e-001 -1.275010e-001 -2.192970e-001  2.996986e-001
-8.252526e+000 -7.349079e+000 -3.548085e+000 -2.356719e+000 -6.999981e-001  1.581880e-001  4.483659e+000  1.468997e+001  1.609865e+001  2.726267e+000 -1.053062e+001 -6.101998e+000  4.032733e+001 -1.708084e-001 -5.689097e-001 -1.611651e+000 -3.790341e-001 -1.926697e+000 -1.635980e+000 -6.483011e-001  2.868051e-002 -9.582205e-002  2.375548e-001  1.860962e+000  8.299727e-001 -1.257215e+000  1.217492e-001  5.866258e-001  6.287504e-001  7.394200e-001 -2.810224e-001  4.783404e-002  4.637474e-001  7.714545e-001 -6.193907e-001 -1.222856e+000 -6.892434e-001 -4.227450e-001  2.538205e-001
-7.504651e+000 -7.327631e+000 -8.867881e-001 -1.751023e+000  6.712167e-001 -1.793940e+000 -4.025545e+000  1.107224e+001  1.012844e+001 -6.421229e+000 -1.207157e+001 -2.396163e+000  4.028936e+001 -4.750476e-002 -1.561594e-001 -4.772932e-001 -1.247120e-002 -1.995085e+000 -1.759841e+000 -9.565702e-001  1.773497e+000  1.776439e-001 -4.145140e-001  3.476988e-001 -1.071795e+000 -7.977878e-001 -1.198166e-001  3.535292e-001  3.526757e-001  3.390027e-001 -9.616981e-002  7.999380e-002  9.683644e-001  3.541816e-001 -4.079631e-001 -3.952677e-001 -9.175910e-001 -9.017795e-001  1.880808e-001
-7.744545e+000 -7.281990e+000 -2.735948e+000  3.878709e-001 -2.676771e+000  4.725897e-001  3.534051e+000  1.797390e+001  1.120180e+001 -3.857465e+000 -7.382153e+000 -4.172015e-001  3.886031e+001 -4.330868e-001  6.342836e-002 -3.022736e-001  2.473418e-002 -1.501794e+000 -5.914879e-001  1.475174e+000  1.053433e+000 -2.140124e-001 -3.196992e-001 -5.414830e-001 -2.023074e+000 -8.442013e-001 -6.551177e-002  2.260048e-001  5.804523e-002 -4.064119e-001  2.211958e-001 -1.491681e-002  5.295126e-001 -5.561986e-001 -4.795382e-001  2.234222e-001 -9.312015e-001 -4.410658e-001  2.092778e-001
-8.041654e+000 -7.906318e+000 -1.580917e+000 -7.599105e-001 -6.570378e+000 -3.976745e+000 -1.590192e+000  1.672871e+001  1.773926e+001 -6.941634e-001 -1.265366e+001 -7.264151e+000  3.852273e+001 -7.128573e-001  2.109717e-001 -8.654810e-001 -9.974278e-001 -2.193660e+000 -2.195428e+000  1.935338e+000 -2.226515e-001 -7.913312e-001  8.514132e-001 -1.592194e+000 -3.122113e+000 -7.910385e-001  6.861178e-002  1.180756e-001 -1.388164e-001 -3.118843e-001  7.595657e-001  2.411748e-001  1.322918e-001 -7.914923e-001 -4.312040e-001  1.809313e-001 -3.388501e-001  7.415582e-001  2.525134e-001
-1.014946e+001 -6.742593e+000 -4.712389e+000 -2.728604e+000 -4.588171e+000 -1.707849e+000  1.064185e+001  1.712890e+001  1.122318e+001 -1.735762e+000 -1.294699e+001 -1.378337e+001  3.698964e+001 -1.656910e-001  3.775489e-001 -1.127331e+000 -1.918615e+000 -7.214308e-001 -1.492771e+000  5.533075e-001 -1.754238e+000 -2.009026e+000  7.217024e-001 -1.825099e+000 -3.501973e-001 -2.142010e-001  2.681107e-001  5.683113e-002  2.252474e-001  3.664500e-001  1.104667e+000  4.737569e-001 -7.471548e-001 -5.701313e-001  1.206987e-002 -5.581144e-004  1.765508e-001  1.306744e+000  3.332408e-001
-9.866481e+000 -6.542471e+000 -4.225973e+000 -5.179924e+000 -9.341384e+000 -1.168086e+001  2.097246e+000  1.038148e+001  6.161101e+000 -3.225015e+000 -1.725012e+001 -1.132364e+001  3.726950e+001  1.618562e-001  2.771583e-001 -7.588467e-001 -6.002181e-001  1.412562e+000 -1.033255e-001  1.658221e-001 -7.801293e-001 -1.080870e+000 -3.055810e-002 -7.047439e-001  1.799557e+000  1.497791e-001  2.468998e-001  3.887236e-002  4.577934e-001  1.137915e+000  1.206703e+000  1.029840e+000 -5.690223e-001 -1.942025e-001  5.449850e-001 -2.991903e-001  5.531594e-001  9.257515e-001  2.589963e-001
-7.660587e+000 -6.076169e+000 -7.050073e+000 -6.995199e+000 -4.898422e+000 -3.139205e+000  4.456870e+000  1.237632e+001  6.945754e+000  1.016473e+000 -1.420942e+001 -1.384425e-001  3.841591e+001  4.701100e-001  3.144907e-001  7.706461e-001  1.658379e+000  2.218429e+000  7.312450e-001 -1.375842e+000 -1.518485e+000 -8.893823e-003  1.184958e-001 -1.024540e-001  2.049809e+000  3.515942e-001 -1.265624e-002  2.018747e-001  4.813554e-001  1.257586e+000  4.148006e-001  3.830177e-001 -3.409846e-001 -2.026348e-001  5.968509e-001 -2.287023e-001  4.387123e-001 -3.882035e-001 -2.356178e-002
-8.476809e+000 -6.853739e+000 -4.206308e+000 -1.627704e+000  6.475567e-001 -3.777695e+000  2.331410e+000  1.520435e+001  1.447362e+001 -2.223071e+000 -1.554616e+001 -5.088830e+000  3.855849e+001  2.037409e-001  4.368626e-001  4.744976e-001  2.903652e+000  2.369927e+000  1.841765e+000  5.480151e-002 -1.311541e+000  9.335280e-001 -3.429348e-001  3.122804e-001  3.066414e-001  2.210453e-001 -1.817494e-001  1.637761e-001  1.766920e-002  1.136310e-001 -8.061165e-001 -3.030445e-002 -4.622220e-002 -5.489474e-001  6.706901e-002  2.569083e-001  1.799229e-001 -5.182098e-001 -1.938072e-001
-8.493745e+000 -5.014506e+000 -8.689905e-001  3.787182e+000  1.509503e+000 -2.003208e+000  3.645561e+000  7.125038e+000  7.022446e+000 -1.644255e+000 -1.431124e+001 -6.651734e+000  3.810312e+001 -2.499146e-001  1.307070e+000  6.627744e-001  2.617377e+000  8.738893e-001 -5.502272e-001 -1.096105e+000 -2.501707e+000 -3.196983e-002 -2.656208e-001 -1.400497e-001 -1.544757e+000 -3.676430e-001 -1.726041e-001 -1.720771e-002 -3.610443e-001 -7.105633e-001 -1.216444e+000 -4.899202e-001  7.931784e-002 -3.939586e-001 -3.228728e-001  1.965680e-001 -1.895597e-001 -3.799695e-001 -1.915705e-001
-8.431197e+000 -4.888989e+000 -4.944026e+000  3.947145e+000 -6.957102e-001 -3.040039e+000  2.776907e+000  6.449415e+000  1.079039e+001 -3.609325e+000 -1.563781e+001 -6.533789e+000  3.853113e+001 -3.868786e-001  5.997490e-001 -6.165649e-001 -5.115623e-001 -1.945751e+000  3.858883e-001 -2.051574e-001 -3.033255e+000 -7.339866e-001  1.446042e+000  2.136684e-001  1.005791e+000 -4.596382e-001  3.779341e-002  2.185076e-002 -8.032399e-002 -9.544880e-001 -1.072716e+000 -8.057648e-001 -3.887741e-001 -3.581859e-001 -7.777678e-001 -1.099175e-001 -3.494450e-001 -3.697419e-001 -1.605903e-001
-8.932965e+000 -5.231918e-001 -3.367342e+000  3.304263e+000  1.426582e-001 -6.259169e+000 -1.246404e+000  4.245253e+000  8.627519e+000  3.814955e-001 -1.486384e+001 -7.139746e+000  3.659138e+001 -9.760065e-002  1.470089e-001 -4.890441e-001 -1.868302e-001 -1.705950e+000 -9.904180e-001 -8.492733e-001 -2.627420e+000 -7.895005e-001  2.068477e-001 -1.000947e+000 -1.996134e-001 -2.659164e-001  1.951048e-001  7.489020e-002  1.490799e-001 -5.431678e-001 -2.644700e-001 -2.834490e-001 -2.404488e-001  2.061506e-001 -4.371279e-001 -5.043873e-001 -1.347674e-001 -2.987291e-001 -9.861729e-002
-1.019159e+001 -6.100651e+000 -6.039957e+000 -3.944056e+000 -8.397776e+000  2.797272e-001  3.751606e+000  1.477964e+000  1.000115e+001  3.994262e+000 -1.420152e+001  1.841336e-001  3.701617e+001  3.165510e-001  1.126147e+000  6.487868e-001 -4.666841e-001 -1.703734e+000 -1.966964e+000 -2.012485e+000 -3.039613e+000 -2.576546e+000 -1.128757e+000 -1.004496e+000 -2.214640e+000 -6.327694e-001  2.911343e-002  4.392309e-001  4.812639e-001  7.504809e-002  7.291062e-001 -1.112690e-001 -2.424986e-001  1.026553e+000  1.109053e-001 -3.837890e-001  4.965311e-001 -4.836464e-001 -2.730365e-001
-8.101551e+000 -3.673630e+000 -2.766246e+000  6.798631e+000 -3.169215e+000 -8.615181e+000 -1.088154e+000 -3.526340e+000  3.469565e+000 -4.411809e+000 -2.003412e+001 -1.100876e+001  3.753102e+001  3.738945e-001  1.418322e+000  7.754982e-001 -1.209011e-001 -5.694689e-001 -7.910459e-001 -1.394685e+000 -1.467775e+000 -1.296330e+000 -1.500158e+000 -2.048046e-001 -1.428186e+000 -7.741638e-001 -4.610890e-001  2.585076e-001  1.108298e-001 -3.651093e-001  6.336263e-001  7.976067e-001  5.297691e-001  1.643630e+000  7.861373e-001  6.795138e-001  1.640682e+000  6.558896e-001 -4.323362e-001
-7.264149e+000  2.316966e+000 -2.000640e+000 -1.334602e-001 -7.558445e+000 -1.169685e+001 -7.364641e+000 -4.862856e+000  4.866435e-001 -6.856456e+000 -1.807515e+001 -1.567248e+001  3.489746e+001 -4.770590e-001  2.160247e+000  1.157484e+000 -1.692864e-001  1.131539e+000 -2.701429e-001 -1.144944e+000  1.519685e+000  7.395470e-002  3.805993e-001  2.298253e+000 -7.981542e-001 -1.570697e+000 -8.120067e-001 -3.356181e-001 -3.088216e-001 -2.559802e-001  5.660903e-001  1.055577e+000  1.229184e+000  1.817821e+000  1.311457e+000  1.224891e+000  1.867211e+000  1.442688e+000 -3.072891e-001
-8.527214e+000  2.359612e+000 -1.509510e+000  7.944595e-001 -3.124351e+000 -4.226108e+000 -2.661707e+000  7.678985e-002  6.903125e+000 -1.693935e+000 -1.395105e+001 -6.352371e+000  3.377991e+001 -2.006241e+000  9.224973e-001 -1.892433e-001 -2.161076e+000  4.454456e-002  2.149205e+000  1.365802e+000  3.311081e+000  1.815936e+000  2.849739e+000  5.551086e+000  2.371592e+000 -1.958633e+000 -7.105021e-001 -5.526921e-001 -2.134122e-001 -9.245043e-002  2.408838e-001  6.563332e-001  8.405076e-001  8.741465e-001  4.178665e-001  7.573872e-001  1.199166e+000  1.164288e+000 -1.076720e-001
-1.236405e+001  1.683962e+000 -8.809069e-001 -1.788402e+000 -2.762511e+000 -3.265523e+000 -1.186340e+000  7.274823e+000  8.654146e+000  4.538321e+000 -5.751789e+000 -6.134833e+000  3.103823e+001 -2.553415e+000 -3.040307e-001 -4.129506e-001 -7.264977e-001  8.197104e-001  1.840797e+000  2.753194e+000  3.660063e+000  2.424607e+000  2.820750e+000  5.453614e+000  3.098912e+000 -1.576980e+000 -1.122609e-001 -5.300004e-001 -5.133494e-002  4.201574e-001  2.400550e-001  3.338129e-001  2.689360e-001 -3.473305e-001 -5.596639e-001 -3.431262e-001 -8.661713e-002  5.830831e-001  2.586237e-001
-1.558280e+001  1.255358e+000 -4.272329e+000 -3.179276e+000 -5.344460e+000 -2.084821e+000  2.651704e+000  6.960227e+000  8.465492e+000  4.139495e+000  1.559632e+000 -3.919628e+000  2.966746e+001 -2.140438e+000 -1.129993e-001  4.936541e-001 -3.045475e-001  7.908645e-001  1.435150e+000  8.587837e-001  1.832768e+000 -3.823232e-001  1.066702e+000  4.213345e+000  2.444721e+000 -1.309382e+000  4.779500e-001 -1.501993e-001  3.007426e-001  8.191611e-001  6.140926e-001 -3.208568e-001 -7.444768e-001 -1.086183e+000 -1.152378e+000 -8.300481e-001 -1.298341e+000 -2.705048e-001  4.460209e-001
-1.650343e+001  1.348940e+000 -2.683983e+000 -1.779081e+000 -2.349839e+000 -3.563509e+000  3.744623e+000  9.995742e+000  1.182850e+001  4.330581e+000  1.437579e+000 -1.394294e+000  2.906878e+001 -9.712647e-001  2.799278e-002  5.593601e-001  1.003237e+000  1.958654e+000  1.755949e+000  4.532447e-001  5.221888e-001 -1.625235e+000 -4.435134e-001  2.534038e+000  2.080697e+000 -6.022040e-001  5.805703e-001 -4.295849e-002  1.111453e-001  4.513369e-001  4.383837e-001 -4.800735e-001 -9.297289e-001 -1.211143e+000 -1.087083e+000 -4.523655e-001 -1.418661e+000 -5.232278e-001  4.111106e-001
-1.715972e+001  1.962126e+000  1.860299e+000 -7.329386e-001  6.236355e-001  3.098635e+000 -8.332702e-001  7.880173e+000  3.404335e+000  3.743446e+000  3.520989e+000  3.500964e+000  2.821772e+001 -4.075659e-001  5.488968e-003  8.283141e-001  1.069863e+000  2.545536e+000  5.873452e-001 -1.206608e+000 -5.508968e-001 -1.921034e+000  3.316302e-001  5.191680e-001  1.528175e+000 -2.159168e-001  4.280890e-001 -1.950117e-001 -3.213549e-001  2.684063e-002  5.389255e-002 -6.827183e-001 -4.112724e-001 -7.704830e-001 -1.386993e-001  2.564206e-001 -1.020804e+000 -7.681155e-001  3.533277e-001
-1.643192e+001  1.470542e+000 -1.150420e+000  2.004613e+000  4.046713e+000  2.922494e+000  2.822371e+000  9.425794e+000  3.058548e+000  2.518779e+000  5.937724e+000  5.583539e-001  2.875208e+001 -5.169994e-001 -5.780672e-001 -2.455414e-002  8.429819e-001  2.134293e+000 -1.356677e-001 -8.627548e-001 -1.203821e+000 -2.241453e+000  9.264588e-001  2.073992e-001  9.410455e-001 -6.816006e-002  1.415310e-001 -2.584346e-001 -3.494913e-001 -7.542642e-001 -8.961139e-001 -7.869412e-001 -2.339283e-001 -4.067043e-001  4.617448e-001  2.955113e-001 -4.862237e-001 -9.400386e-001  1.943371e-001
-1.765639e+001  1.222001e+000 -8.975398e-001  2.781897e-001  4.184944e+000 -2.391096e+000 -2.920208e+000  4.490716e+000  3.245296e+000  6.703547e+000  1.905399e+000  2.744924e+000  2.874623e+001 -2.271256e-001 -7.850277e-001 -8.211631e-001 -9.021695e-002  9.725079e-001 -1.032633e+000 -5.395788e-001 -1.156642e+000 -7.677106e-001  1.663819e+000  2.726461e-001 -8.260309e-001  1.902340e-001  1.460643e-001  1.178373e-002 -2.004731e-001 -7.281272e-001 -1.310776e+000 -3.150725e-001  2.463175e-001  1.522029e-001  6.749462e-001 -2.030275e-001 -3.539268e-002 -7.760326e-001  1.474228e-001
-1.884009e+001 -1.171334e+000 -1.427835e+000  1.930264e+000  6.540972e+000 -1.496982e+000  4.743180e-001  5.671363e+000  7.007468e-001  7.482824e+000  3.282370e+000  3.688954e+000  2.846373e+001 -3.538300e-001 -8.689219e-001 -3.633576e-001 -2.188045e+000 -1.735402e+000 -1.368768e+000 -1.049911e+000 -1.208460e+000  1.068266e-001  3.679487e-001  2.261806e-001 -1.442394e+000  1.664062e-001  2.832774e-001  3.514094e-001  4.058171e-003 -4.425490e-001 -1.035877e+000 -3.637540e-002  3.206051e-001  2.511705e-001  7.361089e-001 -3.961788e-001 -3.844387e-001 -5.060141e-001  1.394727e-001
-1.709126e+001 -6.420745e-001 -2.106809e+000 -1.146849e+000  4.239046e+000  1.452071e-001 -2.357138e+000  3.974180e+000  7.446822e-001  9.580520e+000  6.211897e+000 -2.194490e+000  2.931307e+001  2.411707e-001  2.098350e-001 -4.649466e-003 -1.055260e+000 -2.073498e+000 -3.714673e-001  1.185581e-001  2.124371e-001  2.795573e-001 -4.042521e-001  3.328139e-001 -1.160268e+000  4.039139e-001  2.823132e-001  4.166890e-001  7.465757e-002  1.900835e-001 -9.504683e-002  2.301799e-001  3.776959e-001  2.111728e-001  3.169650e-001 -2.379268e-001 -7.286865e-001  2.350445e-001  1.177774e-001
-1.848363e+001 -1.942030e+000 -2.362574e+000 -8.223090e+000 -4.657346e+000 -5.189497e+000 -2.708722e+000  3.641760e+000  4.842988e+000  2.920036e+000  4.915378e+000 -4.183907e+000  2.930070e+001  6.652393e-001  6.815485e-001 -4.125201e-001 -8.872413e-001 -1.522090e+000 -6.481275e-001  4.112023e-001 -6.325084e-001  9.154570e-001 -2.039919e-002 -1.744878e+000 -1.421906e+000  5.223635e-001  3.219196e-001  2.357593e-001 -4.151873e-002  7.435581e-001  9.173901e-001  8.965377e-002 -6.762679e-002 -1.865523e-002 -1.905841e-001  1.802873e-001 -6.733131e-001  4.673043e-001  1.605927e-001
-1.662876e+001  2.656524e+000 -4.534176e-001  7.856648e-002 -5.833901e-001 -2.402176e+000 -7.358983e-001  6.567704e+000  2.571962e+000  6.963680e+000  2.752965e+000  8.800130e-001  3.034732e+001  6.749057e-001  5.231819e-001 -4.232940e-001  2.097990e-001  3.906180e-001 -2.420536e-001  6.183439e-001 -3.887540e-001  4.127992e-001  6.683591e-001 -2.385257e+000  3.389478e-001  6.011423e-001  7.763332e-002 -3.998308e-001 -4.424745e-002  4.049112e-001  1.053164e+000 -3.184691e-001 -4.956226e-001 -4.318883e-001 -1.779504e-001  1.981766e-001 -3.544776e-001  3.836754e-001  2.607020e-001
-1.574514e+001  5.871095e-001 -4.317131e+000 -3.118650e+000  1.341739e+000 -3.463928e+000  1.719710e+000  1.212059e+000  4.364392e+000  8.689248e+000 -3.712554e+000 -4.957829e+000  3.055843e+001  1.038901e+000  1.532011e-001 -3.616289e-001  8.972164e-001  1.619491e+000 -9.852058e-001 -1.637938e+000 -1.001141e+000 -9.127147e-001  7.330796e-001 -1.781349e+000  1.445201e-001  8.707556e-001 -4.097795e-001 -4.803372e-001  3.705449e-001 -5.946636e-002  7.129225e-001 -4.050825e-001 -3.654246e-001 -3.081086e-001 -2.813271e-002 -9.969309e-002  1.765741e-001  3.029435e-001  5.943155e-001
