46 39
-2.078629e+001 -1.623977e+000 -3.429960e+000  2.621520e+000  5.500815e+000 -3.823429e+000  7.187373e-001  8.235401e+000  8.179293e+000  9.801972e+000  1.096601e+000 -2.843436e+000  4.262310e+001  7.395088e-001  2.818538e-001  6.901249e-001  1.136886e+000 -4.748344e-001  7.847606e-001 -3.635156e-001  4.081885e-001  1.960235e-001  1.330266e+000 -3.541188e-001  1.745327e+000 -3.822025e+000  4.349346e-001 -3.206795e-001 -1.155002e-001 -1.382374e+000 -8.472213e-001  7.700460e-002  9.072493e-002 -5.510770e-001 -9.014711e-001  4.813219e-001 -5.294225e-001 -4.157112e-001  1.600722e+000
-1.966870e+001 -2.173483e-001 -6.640477e-001  5.059240e+000  6.269060e+000  3.085191e+000  3.775721e-001  3.622347e+000  3.022826e+000  1.826153e+000 -1.748522e+000  3.566774e+000  3.758549e+001  9.010693e-001 -8.160660e-001  1.097273e+000 -2.892193e-001 -2.227861e+000  5.441416e-001 -5.875124e-001 -1.328987e+000 -6.523843e-001  4.444630e-001 -1.390886e+000 -3.417239e-002 -1.271394e+000  1.377071e+000 -5.963056e-001 -6.490018e-001 -1.774622e+000 -1.354472e+000 -7.825916e-002  6.870250e-002 -1.378315e+000 -1.950356e-001  2.559270e-001 -1.527708e-001 -1.024240e+000  2.701711e+000
-1.876361e+001 -1.002131e+000  1.677579e+000  2.964286e+000  4.070158e+000 -5.964710e-001  2.077268e+000  3.003372e+000  1.657802e+000  1.229038e+001 -8.609927e-001  3.618546e+000  3.944354e+001  3.945777e+000 -5.451611e-001 -3.671031e-001 -3.566287e+000 -3.792993e+000  1.165870e+000 -1.127542e+000 -3.678011e+000 -1.941222e+000  2.744050e-001 -9.166211e-001 -7.766750e-001  2.609037e+000  1.635199e+000 -6.674565e-001 -9.341291e-001 -1.246845e+000 -1.083217e+000  1.204364e-001  2.997837e-001 -1.394420e+000  6.181627e-001 -2.946926e-001  3.988033e-001 -1.141981e+000  2.722881e+000
-1.721459e+001 -5.584646e+000  2.315592e+000 -1.020741e+000 -4.484687e+000 -6.496633e-002 -3.671910e+000 -1.867615e+000  7.873137e-001  3.795095e+000 -5.461607e+000 -5.170408e+000  4.345201e+001  6.561367e+000 -2.147099e+000 -1.767455e+000 -4.092171e+000 -5.403924e+000  6.943251e-001 -4.289340e-001 -4.903316e+000  1.129993e+000  6.506144e-001  4.602951e-001 -2.262422e+000  5.737776e+000  7.359793e-001 -4.319979e-001 -8.604426e-001 -2.222846e-001  2.547378e-002  1.139333e-001  1.051839e+000 -4.354500e-001  1.070453e+000  6.234559e-002  5.080374e-001 -7.280090e-001  1.635327e+000
-2.284454e+000 -1.666134e+000 -6.755295e+000 -1.216992e+001 -8.087276e+000  3.580999e+000 -2.894230e+000 -7.409675e+000 -4.090603e-001  1.018953e+001 -1.629962e+000 -2.358221e+000  5.273503e+001  6.085357e+000 -2.389913e+000 -2.548157e+000 -3.195864e+000 -4.302889e+000  1.311851e+000  1.056114e+000 -4.776746e+000  2.395648e+000 -2.462724e-001  7.143070e-001 -2.850451e+000  6.287795e+000 -1.078913e+000 -4.481953e-001 -4.299801e-002  1.015541e+000  1.097255e+000 -1.944623e-001  1.460969e+000  5.666448e-001  1.014900e+000 -1.073170e-001 -1.858689e-001 -4.615471e-001 -1.156757e-001
 4.898560e+000 -1.062084e+001 -5.284887e+000 -7.834509e+000 -1.467184e+001  4.468081e+000  7.186508e-001 -1.568771e+001  9.706224e+000  6.129652e+000  9.374376e-001 -4.756952e+000  5.962863e+001  3.511176e+000 -2.053680e+000 -2.114413e+000 -1.585854e+000 -1.845544e+000  1.040818e+000  3.579855e+000 -2.956870e+000  2.531446e+000  1.016530e+000  3.338372e-001 -2.637330e+000  5.065861e+000 -2.095558e+000  5.255311e-002  4.671363e-001  1.100369e+000  1.772767e+000 -3.513138e-001  1.106118e+000  1.047786e+000  1.960168e-002 -2.580310e-001 -7.584491e-001 -3.166301e-002 -1.414005e+000
 6.065949e-001 -1.043360e+001 -7.262966e+000 -9.608148e+000 -1.235071e+001  3.696259e+000  5.162556e+000 -1.397031e+001  9.176586e+000  9.891740e+000 -4.889799e-001 -1.084044e+001  6.279420e+001  7.630964e-002 -2.832847e+000 -4.086140e-001  2.582595e-001 -8.590984e-002  2.031174e-002  4.172908e+000 -1.818011e+000  2.432552e+000 -4.451376e-001 -1.782737e+000 -2.896956e+000  2.366616e+000 -1.674183e+000  1.048985e-001  7.058443e-001  8.150942e-001  1.401593e+000 -5.689291e-001  2.589319e-001  7.404839e-001 -2.552883e-001 -3.229060e-001 -6.388214e-001  3.019244e-001 -1.707367e+000
-1.104237e+000 -1.146931e+001 -8.002640e+000 -1.023090e+001 -1.158069e+001  5.081492e+000  1.019897e+001 -1.337164e+001  8.651722e+000  9.026637e+000 -4.362912e+000 -1.411595e+001  6.375173e+001 -9.119018e-001 -1.662866e+000 -5.015452e-001 -3.173895e-001  1.351422e+000 -4.164742e-001  3.543257e+000 -1.143752e+000  1.209550e+000 -5.401078e-001 -2.083429e+000 -2.397484e+000  6.283401e-001 -7.431614e-001  1.089318e-001  5.111234e-001  4.973867e-001  5.882004e-001 -4.493628e-001 -6.365362e-001  1.562821e-001 -2.878113e-001 -3.708499e-001 -7.754078e-002  4.266675e-001 -1.261143e+000
 1.098493e+000 -1.540613e+001 -7.439488e+000 -9.680431e+000 -1.006240e+001  3.375852e+000  1.323015e+001 -1.765776e+001  1.228095e+001  6.515346e+000 -7.893471e+000 -1.216351e+001  6.250656e+001 -7.402010e-002 -2.060827e+000  1.746304e-001  2.453750e-001  1.106592e+000 -8.041491e-001  2.369072e+000 -1.980886e+000  1.780155e+000 -1.082484e+000 -1.271167e+000 -1.460752e+000 -3.028221e-002 -2.553859e-002  2.390218e-001  1.434448e-001  3.342598e-001 -1.778056e-001  5.481209e-002 -9.168139e-001  1.138630e-001 -3.975322e-001  1.033368e-001  4.895430e-001  4.689470e-001 -5.111054e-001
 9.310235e-002 -1.644890e+001 -7.704351e+000 -9.385315e+000 -9.058885e+000  2.545914e+000  1.440114e+001 -1.956274e+001  1.420179e+001  5.117310e+000 -5.777462e+000 -1.608284e+001  6.291415e+001 -1.294661e-001 -1.895031e+000  1.495814e-001  9.075218e-001  4.992069e-001 -7.937660e-001  1.299092e+000 -2.094022e+000  1.418589e+000 -5.190467e-001 -3.096517e-001 -1.222094e+000 -4.140549e-002  1.591807e-001  6.750999e-002  7.127258e-002  4.525261e-001 -6.104215e-001  4.189001e-001 -7.565598e-001  3.279905e-001 -3.713371e-001  1.571493e-001  4.351597e-001  4.209609e-001 -1.456949e-001
-3.621751e-001 -1.824794e+001 -6.538958e+000 -8.804064e+000 -8.078654e+000  9.433024e-001  1.490684e+001 -2.077919e+001  1.530233e+001  6.433985e+000 -6.137540e+000 -1.716075e+001  6.306158e+001 -4.426012e-001 -1.521656e+000 -1.695328e-002  1.317103e+000 -5.488302e-001  4.830181e-001  7.109205e-001 -7.735605e-001  3.403717e-001  6.101561e-002 -2.219102e-001 -1.139916e+000  1.459625e-001  1.122924e-001  2.263663e-001 -1.159758e-001  2.231365e-001 -5.321079e-001  5.530515e-001 -5.596817e-001  7.237613e-001 -5.013610e-001  6.161088e-002  2.120699e-001  3.467842e-001 -9.840126e-002
-1.021233e+000 -1.952356e+001 -7.704998e+000 -6.131472e+000 -1.007653e+001  2.328937e+000  1.585609e+001 -2.228104e+001  1.423398e+001  6.472085e+000 -6.789136e+000 -1.772780e+001  6.326719e+001  6.829234e-002 -1.594902e+000 -4.939041e-002  1.409377e+000 -8.729738e-001  1.034443e+000  5.895333e-001 -1.074619e-001  7.275543e-002 -3.261108e-001 -4.322586e-001 -4.530975e-001 -1.882568e-001  2.752087e-001  1.654790e-001 -6.434728e-002 -1.520718e-002 -3.233046e-001  3.609029e-001 -4.178854e-001  6.787624e-001 -2.216493e-001 -1.836623e-001  1.269234e-001  3.090790e-001 -1.659069e-001
-5.573456e-001 -2.147708e+001 -7.523932e+000 -4.721838e+000 -1.229773e+001  5.899431e+000  1.605727e+001 -2.016641e+001  1.396672e+001  6.143037e+000 -8.497185e+000 -1.704061e+001  6.305985e+001  3.885625e-001 -1.079060e+000 -3.057629e-001  1.110130e+000 -8.678571e-001  1.047004e+000 -7.455654e-002  6.446407e-001 -5.373345e-002 -8.708973e-001 -1.495137e-001 -1.113291e-001 -4.488629e-001  3.901862e-001  9.403986e-002  3.239887e-002 -1.211815e-001 -1.506061e-001  1.038926e-002 -4.785472e-001  3.630410e-001 -9.591099e-003 -1.453373e-001  1.003483e-001  3.249199e-001 -2.381047e-001
 5.321493e-001 -2.280884e+001 -7.458817e+000 -4.379541e+000 -1.131422e+001  5.240063e+000  1.677359e+001 -2.040644e+001  1.523337e+001  3.632230e+000 -6.758932e+000 -1.840840e+001  6.197373e+001  8.309959e-001 -1.288934e+000 -2.775021e-002  9.349726e-001 -9.578028e-001  7.287554e-001 -3.975962e-001  5.906897e-001  5.073944e-001 -9.714015e-001  2.887670e-001 -1.909929e-001 -5.735272e-001  2.636743e-001  1.841979e-001  1.927804e-002 -8.469426e-002 -1.280914e-001 -8.157936e-002 -4.800926e-001  2.071729e-001 -2.421397e-001  3.278000e-001 -1.101832e-001  3.876683e-001 -1.873944e-001
 8.039462e-001 -2.200060e+001 -8.190863e+000 -4.129381e+000 -1.179910e+001  4.722760e+000  1.407531e+001 -1.849329e+001  1.453396e+001  3.499425e+000 -6.900210e+000 -1.737709e+001  6.146400e+001  1.126978e+000 -1.204440e+000  1.342210e-001  9.483979e-001 -1.259446e+000  6.878080e-001 -1.188251e+000  6.925688e-001  7.509670e-002 -3.430255e-001 -8.068132e-002  3.536310e-001 -8.519260e-001  1.257763e-001  2.207621e-001 -2.571556e-002  1.268064e-002 -5.578089e-003 -1.909000e-001 -1.374671e-001  1.184899e-003 -4.199797e-001  5.859208e-001 -2.413593e-001  4.087970e-001 -1.374072e-001
 2.453100e+000 -2.570647e+001 -7.510283e+000 -1.752837e+000 -1.511486e+001  6.561050e+000  1.485909e+001 -2.016415e+001  1.648733e+001  2.936883e+000 -6.143788e+000 -1.851452e+001  6.119748e+001  1.017456e+000 -6.112221e-001 -1.729921e-001  1.066772e+000 -1.317636e+000  8.061439e-001 -1.254083e+000  9.044384e-001 -1.202358e+000  1.048953e+000 -1.017591e+000  1.252764e+000 -9.236973e-001 -1.104588e-001  4.893903e-001 -1.393438e-001 -8.394231e-002  2.515244e-001 -3.465649e-001  2.145245e-001 -1.354931e-001 -2.979485e-001  3.677490e-001 -1.570782e-001  3.404652e-001 -7.875641e-002
 4.117070e+000 -2.605047e+001 -6.827093e+000 -1.293201e+000 -1.669464e+001  8.677978e+000  1.107327e+001 -1.682471e+001  1.371522e+001  4.775583e+000 -9.208163e+000 -1.521939e+001  5.918835e+001  9.242138e-001 -3.141054e-001 -3.617197e-001  1.107633e+000 -7.158308e-001  5.380969e-002 -3.336488e-001  4.936909e-001 -1.298756e+000  1.048530e+000 -7.031316e-001  1.210777e+000 -9.608135e-001 -3.649457e-001  4.366123e-001  4.388145e-002 -3.227107e-001  4.638430e-001 -3.748275e-001  3.418055e-001 -2.393264e-001  2.360076e-001 -1.742992e-001  1.610405e-001  1.523882e-002  1.357149e-001
 3.962868e+000 -2.384002e+001 -9.005662e+000 -4.637729e-001 -1.545463e+001  7.293174e+000  1.200419e+001 -1.671853e+001  9.630952e+000  8.238917e+000 -1.069291e+001 -1.322343e+001  5.849307e+001  3.800839e-001  7.128502e-001 -4.764986e-001  4.356434e-001  2.801142e-002 -6.870701e-001  2.477253e-001  1.266308e-002 -2.954218e-001  1.715662e-001 -1.853990e-001  1.082760e+000 -9.128655e-001 -4.623724e-001  1.910342e-001  2.785375e-001 -4.943236e-001  4.485648e-001 -1.435383e-001  1.000111e-001 -1.718850e-001  7.282131e-001 -5.111172e-001  2.238560e-001 -2.754275e-001  2.763203e-001
 4.670131e+000 -2.450435e+001 -9.251772e+000  7.642525e-001 -1.520837e+001  4.625746e+000  1.383451e+001 -1.774764e+001  1.146837e+001  6.091056e+000 -8.141308e+000 -1.396875e+001  5.801214e+001 -3.790644e-001  3.165850e-001  5.053815e-001 -3.495913e-001  3.869448e-001 -4.397223e-001 -2.301271e-001 -5.817566e-002  8.016666e-001 -7.758279e-001  3.084254e-001  5.148271e-001 -1.787674e-001 -4.701638e-001  2.224955e-002  3.920632e-001 -6.056409e-001  4.526073e-001  1.427710e-001 -2.999440e-001  1.082580e-001  6.467680e-001 -3.075195e-001 -1.178237e-001 -3.333161e-001  3.360514e-001
 4.076989e+000 -2.291528e+001 -8.680437e+000 -6.033472e-001 -1.571794e+001  5.151815e+000  1.471710e+001 -1.963937e+001  1.613364e+001  3.136977e+000 -7.604211e+000 -1.372604e+001  5.722126e+001 -6.427669e-001  2.860394e-002  7.861450e-001 -6.762341e-001  3.738001e-001  3.352184e-001 -8.057880e-001  3.209468e-001  1.388496e+000 -5.944539e-001 -4.040895e-001  2.236015e-001  6.688118e-002 -4.181879e-001 -5.601511e-002  3.438335e-001 -5.514961e-001  5.277952e-001 -1.928586e-003 -3.463803e-001  3.540395e-001  1.330873e-001  1.359376e-001 -5.263655e-001 -3.466753e-001  3.284591e-001
 2.164687e+000 -2.492991e+001 -4.462798e+000 -2.971370e+000 -1.462826e+001  7.550045e+000  8.566179e+000 -1.565517e+001  1.447221e+001  3.447413e+000 -9.210385e+000 -1.239395e+001  5.893042e+001 -9.151797e-001  1.392654e-001  9.672745e-001 -1.364633e+000  1.374311e+000  2.565203e-001 -1.306612e+000  8.808392e-001  1.093125e+000 -1.060581e-001 -1.182905e+000 -2.622423e-002  2.295700e-001 -1.372093e-001  1.264441e-001 -3.662461e-003 -2.210628e-001  3.694326e-001 -2.589229e-001 -2.324190e-001  5.311537e-001 -8.067348e-002  7.749575e-002 -3.260149e-001 -3.344176e-001  7.541115e-002
 2.001755e+000 -2.348422e+001 -7.469424e+000 -1.977132e+000 -1.387568e+001  7.507116e+000  1.060942e+001 -1.616003e+001  1.507152e+001  6.588469e+000 -1.217882e+001 -1.289282e+001  5.836834e+001 -1.442798e+000  5.214344e-001  1.011722e+000 -1.814317e+000  2.173304e+000 -1.044834e+000 -9.459336e-001  1.313353e+000  2.242856e-001  5.163692e-001 -2.071562e+000 -3.800912e-001  5.252613e-001  1.517518e-001  6.073389e-002 -1.159362e-002  1.898945e-001 -1.620351e-001 -3.399889e-001 -3.472057e-001  5.505653e-001  4.521517e-002 -5.511054e-001  3.582214e-001 -3.096586e-001 -9.071507e-002
 1.131850e+000 -2.352356e+001 -5.020906e+000 -5.372018e+000 -9.257941e+000  4.730697e+000  9.355290e+000 -1.508311e+001  1.746506e+001  3.835020e+000 -1.176853e+001 -1.451648e+001  5.858645e+001 -6.650954e-001  7.023905e-001  3.742805e-001 -8.858638e-001  1.334356e+000 -1.044311e+000 -1.322149e+000  2.101390e+000  9.804046e-001 -9.437607e-001 -4.879131e-001 -8.554144e-001 -3.090172e-002  3.412069e-001  1.325381e-001  2.667267e-002  6.671484e-001 -7.051899e-001 -3.503231e-001 -4.220949e-001  6.348393e-001  1.351316e-002 -1.002438e+000  8.347778e-001 -2.564009e-001 -3.534589e-001
-2.620583e+000 -2.101128e+001 -3.342772e+000 -8.474607e+000 -7.536576e+000  1.337317e+000  9.592874e+000 -1.335864e+001  1.575865e+001  5.525020e+000 -1.668295e+001 -1.456523e+001  6.001955e+001 -9.049857e-003  5.071087e-002  1.024674e+000  3.385372e-002 -4.163977e-001 -7.143107e-001 -2.534048e+000  2.463498e+000  1.670933e+000 -2.931130e+000  1.039522e+000 -9.100962e-001 -2.564583e-001  5.373135e-001  1.121758e-001  1.613084e-001  9.094563e-001 -9.330785e-001 -3.687089e-001 -2.971307e-001  4.399196e-001 -4.744376e-002 -9.116217e-001  7.069368e-001  2.705050e-002 -4.057043e-001
 1.150379e+000 -2.265443e+001 -4.654722e+000 -4.151952e+000 -1.112603e+001  5.413392e+000  2.463705e+000 -6.548923e+000  1.903067e+001 -7.396655e-001 -9.397886e+000 -1.583482e+001  5.795030e+001  7.398085e-002  1.037318e+000  1.094162e+000  1.047024e+000 -8.567871e-001 -1.660357e+000 -2.623029e+000  3.479963e+000  4.373674e-001 -3.394499e+000  1.435443e+000 -1.043226e+000 -1.146865e+000  2.525904e-001  1.174676e-001  2.974479e-001  4.379997e-001 -6.704981e-001 -6.479393e-001  1.126917e-001  2.874536e-001 -3.093634e-001  1.950315e-001 -3.641962e-001  2.416046e-001 -2.231339e-001
 1.947241e+000 -2.366523e+001 -2.529146e+000 -2.417897e+000 -1.502362e+001  3.594215e+000  1.384972e+000 -8.109639e+000  2.264338e+001 -5.779837e+000 -8.166531e+000 -1.678413e+001  5.740412e+001  8.742312e-001  9.148496e-001  1.458324e+000  1.766520e+000 -1.396517e+000 -2.580356e+000 -1.781147e+000  2.823664e+000  2.585854e-001 -2.816370e+000  5.014443e-001 -1.509327e-001 -9.452785e-001 -1.564862e-002  9.568766e-002  2.603768e-001 -6.819162e-002 -2.742456e-001 -5.491197e-001  1.689167e-001  6.261925e-002 -6.295780e-001  1.047452e+000 -4.728295e-001  6.061007e-001 -4.340750e-003
-7.821581e-001 -1.700999e+001  4.309175e-002 -3.165253e+000 -9.798353e+000 -4.699536e+000  3.440942e-001 -3.077986e-001  1.620953e+001 -7.485047e+000 -8.849523e+000 -1.862316e+001  5.415984e+001  1.562164e-001  8.576590e-001  1.644695e+000  4.378015e-001 -1.528075e+000 -3.350984e+000 -1.135141e+000  3.358575e+000  1.397614e-001 -2.598271e-002 -2.039856e+000 -2.697315e-002 -8.021610e-001 -1.558063e-001 -2.142831e-001  2.735670e-001 -4.743549e-001 -2.192814e-001 -1.204271e-001 -1.503122e-001 -3.107890e-001 -4.239693e-001  1.292815e+000  5.276126e-002  9.580278e-001  2.250846e-001
 2.716842e+000 -1.925925e+001  1.599940e+000 -1.353556e-001 -1.518300e+001 -6.507998e+000  1.746945e+000 -2.360879e+000  1.846214e+001 -5.184141e+000 -1.444991e+001 -1.392572e+001  5.718839e+001 -1.284107e-001  6.189785e-001  2.051291e+000 -2.493024e-003 -1.451981e+000 -2.614595e+000 -2.433408e+000  2.837289e+000 -1.328154e+000  6.218728e-001  4.130231e-001  1.612281e+000 -4.505138e-001 -3.209985e-001  1.086623e-001  9.335951e-002 -5.178211e-001  1.396782e-001  8.751991e-002 -4.244187e-001 -3.606840e-001 -6.352721e-001  9.730461e-001  1.100101e+000  9.647824e-001  7.750210e-002
 1.546661e+000 -2.056912e+001  1.504212e+000 -3.104215e+000 -1.868672e+001 -6.290423e+000 -3.392988e+000  7.369569e+000  2.182009e+001 -1.167427e+000 -1.645548e+001 -1.739889e+001  5.404736e+001 -2.037300e-001  1.138378e-001  2.165513e+000 -4.402436e-001 -1.925462e+000 -2.245373e+000 -3.048460e+000  1.919206e+000 -8.891093e-001  1.350453e+000  1.743460e+000  2.865306e+000 -2.688240e-001 -1.275864e-001  3.036067e-001 -5.389173e-002  8.353843e-002  3.024457e-001  4.084261e-001 -4.815625e-001 -9.265574e-001 -4.986321e-001  1.156138e-001  1.928983e+000  7.358521e-001  1.244036e-001
 1.407783e-001 -1.879077e+001  6.996751e+000 -2.460881e+000 -1.783935e+001 -8.683318e+000 -8.913527e+000  2.238121e+000  1.319732e+001 -5.829283e+000 -2.298438e+000 -9.334867e+000  5.520779e+001 -5.507882e-001  1.830072e+000  1.664712e+000 -3.835627e-001 -4.994324e-001 -2.695562e+000 -2.946581e+000  1.739929e+000 -2.403340e+000  1.360643e+000  4.110294e+000  3.226840e+000 -8.244365e-001  6.016456e-002  2.636639e-001 -4.119668e-001  4.904553e-001  5.818972e-001  7.746051e-001 -1.460690e-001 -1.009392e+000  5.482204e-002 -4.559866e-001  1.175419e+000 -2.422096e-001  9.900833e-002
-5.127763e-001 -1.667505e+001  8.172252e+000 -4.203708e+000 -1.809749e+001 -1.483874e+001 -9.567970e+000  6.988733e+000  1.439639e+001 -4.102121e-001 -6.207959e+000 -6.592062e+000  5.380602e+001 -2.705268e-001  1.770146e+000  1.568526e+000  1.046028e+000 -4.921215e-001 -1.268370e+000 -3.286368e+000 -7.255324e-001 -1.815807e+000  1.827015e-001  5.756423e+000  2.845008e+000  6.818390e-003 -2.835641e-002  3.805630e-001 -7.937483e-001  7.432616e-001  1.276250e+000  1.027512e+000  2.788553e-001 -8.829496e-001 -1.570284e-001 -8.450682e-001  2.318164e-001 -8.972160e-001  3.988336e-003
 9.926192e-001 -1.205593e+001  6.589482e+000 -1.503423e+000 -1.797478e+001 -1.571165e+001 -9.898468e+000  6.529183e+000  1.015729e+001  1.240465e+000  9.778030e-001 -3.194940e+000  5.318688e+001  2.058105e-001  1.109144e+000  2.899507e-001  1.706647e+000  7.408344e-001  7.699288e-001 -3.044800e+000 -8.873017e-001 -5.906955e-001 -1.074185e+000  4.283634e+000  4.113814e-001 -9.329338e-002 -6.139649e-001  3.610852e-001 -8.070502e-001  5.270134e-001  1.760733e+000  1.070007e+000  1.204923e+000 -9.472104e-001 -3.739984e-001 -6.853768e-001 -1.493388e+000 -1.121850e+000 -1.887957e-001
-2.318941e-001 -1.508581e+001  9.550478e+000  1.647199e+000 -2.107961e+001 -9.118109e+000 -1.933236e+001  1.596376e+000  1.426108e+001 -3.788794e+000  1.068852e+001 -6.243815e+000  5.509191e+001 -7.238114e-001  2.377116e+000 -1.115847e+000  2.230959e+000  3.835657e+000  1.159442e+000 -1.605074e+000 -1.181926e+000 -2.580573e+000 -1.657475e+000  2.815871e+000 -2.130452e-001 -6.144539e-001 -1.524630e+000  3.721098e-001 -8.625126e-001 -2.031677e-001  1.880418e+000  5.463901e-001  2.252934e+000 -4.376444e-001 -7.399834e-001 -2.592353e-001 -2.803412e+000 -5.049123e-001 -5.862365e-001
 1.029390e+000 -1.403967e+001  7.757391e+000  3.146903e+000 -1.264411e+001 -7.693990e+000 -1.925533e+001  4.977906e-001  1.031151e+001 -9.510915e+000  1.067149e+001 -7.452083e+000  5.409838e+001 -3.393970e+000  3.332013e+000 -1.028352e+000  1.659039e+000  6.140345e+000  1.440565e+000  2.237388e+000 -2.767926e+000 -3.890949e+000 -1.146154e+000 -1.886371e+000 -8.533841e-001 -1.457779e+000 -1.966048e+000 -1.682868e-001 -5.180638e-001 -1.069229e+000  3.906422e-001 -4.267454e-002  2.263128e+000 -3.307053e-001 -5.012975e-001  3.401683e-001 -2.237224e+000  5.643373e-001 -4.813807e-001
-4.150218e+000 -3.797594e+000  2.009061e+000  4.625925e+000 -1.584537e+000 -1.305036e+001 -1.291491e+001  4.094797e+000  1.416420e+000 -3.321895e+000  3.024552e+000 -5.528716e+000  5.027800e+001 -6.093789e+000  2.519261e+000 -2.084886e+000  5.399442e-002  6.210214e+000  1.128262e+000  5.337210e+000 -1.973442e+000 -3.865597e+000 -1.077491e+000 -5.175636e+000  9.528289e-001 -2.242121e+000 -1.139579e+000 -1.307879e+000 -1.620586e-001 -1.431272e+000 -1.185350e+000  5.323853e-002  1.267940e+000  8.554926e-002  7.391728e-001  4.922467e-001 -6.754548e-001  7.170185e-001  5.761124e-002
-1.401807e+001 -1.039976e+000  5.218432e+000  5.302409e+000  2.979410e+000 -6.542702e+000 -1.920250e+000 -8.559658e+000 -2.875125e+000 -4.723752e+000 -4.622069e+000 -7.819409e+000  4.830494e+001 -6.939440e+000  1.966379e-001 -1.815849e+000 -2.551014e+000  1.506767e+000  5.721461e-001  4.799695e+000 -2.145070e+000 -2.454671e+000  3.366649e-001 -2.906733e+000  2.650131e+000 -1.686363e+000  5.669656e-001 -1.768321e+000 -1.679218e-001 -1.048590e+000 -1.657349e+000  1.944332e-001 -1.820869e-001  9.227913e-001  1.446871e+000  6.276942e-001  9.901752e-001  4.354498e-001  6.367851e-001
-2.317711e+001 -8.989355e+000  3.955302e-001  8.394178e-001  2.159696e+000 -4.052442e+000 -1.313846e+000 -3.742112e+000  1.526408e+000 -1.156983e+001 -7.542880e+000 -1.296007e+000  4.677802e+001 -4.648974e+000 -2.594592e+000 -1.532392e+000 -2.820374e+000  2.256955e-001  1.859844e+000  3.453470e+000 -1.065608e+000  3.971521e-001  6.234987e-002 -5.122184e-002  1.620290e+000 -2.121056e-001  2.198706e+000 -9.144179e-001  3.232411e-001 -1.366051e-002 -1.288772e+000  1.697733e-001 -1.178987e+000  8.947329e-001  1.449831e+000  1.001593e+000  1.479647e+000 -4.878466e-001  9.373265e-001
-2.415437e+001 -1.046060e+001 -5.150875e-001 -7.714916e+000 -6.982394e+000 -9.332218e+000 -1.057387e+000 -6.309107e+000 -2.016844e+000 -3.703624e+000  1.421544e+000  3.682218e+000  4.741655e+001 -1.281550e+000 -2.952667e+000 -2.144208e+000 -2.146728e+000  8.458562e-001  2.046940e+000  2.268824e+000  1.392113e+000  1.212030e+000  1.422397e+000  5.022975e-001  9.901344e-001  7.111389e-001  2.682709e+000  2.838581e-001  5.662116e-001  9.648950e-001 -3.393399e-001 -1.130789e-001 -1.135471e+000  8.891898e-001  8.911961e-001  8.833761e-001  7.169948e-001 -7.630151e-001  5.404504e-001
-2.232694e+001 -1.206024e+001 -2.786137e+000 -2.967282e+000  4.524842e+000 -2.356381e+000  3.921008e+000 -2.358520e+000  2.973040e+000 -3.520210e+000 -2.533633e-001 -3.178080e+000  4.966167e+001  2.070795e+000 -4.781762e-001 -3.045005e-001 -2.164514e-001  9.680762e-002  1.239732e+000  7.077117e-001  7.316303e-001  1.550209e+000  3.387608e+000  5.180818e-001 -6.564059e-001  1.245760e+000  2.124642e+000  1.157281e+000  6.366955e-001  7.755328e-001 -5.279697e-001 -5.435521e-001 -9.184820e-001  4.524370e-001  5.551659e-002  5.377388e-001  1.852388e-001  1.057844e-001 -2.708703e-001
-2.085090e+001 -1.426787e+001 -3.911773e+000 -3.527880e+000  6.026118e+000  2.843966e+000  6.806442e+000 -2.290889e+000  2.461709e+000 -1.636574e+000 -5.755340e+000 -1.927701e+000  5.041881e+001  3.114220e+000  5.577205e-001  4.012634e-001  9.714992e-001 -1.254885e-001  3.168076e-001  4.952190e-001  1.402260e+000  1.424781e+000  3.090916e+000  3.935889e-001 -2.659672e-002  2.869560e-001  1.098071e+000  9.736201e-001  5.249103e-001  1.914511e-001 -7.119366e-001 -6.434637e-001 -6.917483e-001 -9.275327e-002 -5.014979e-001 -3.720274e-001  5.468751e-002  2.895913e-001 -8.587443e-001
-1.447486e+001 -9.476602e+000  5.713705e-001 -2.336358e+000 -3.860522e+000 -3.941873e+000 -1.707202e+000 -2.093069e+000  7.038176e+000  4.334689e+000 -1.364029e+000 -1.773077e+000  5.150569e+001  3.776349e+000  1.436620e+000  3.783505e-001 -5.018233e-001 -1.928481e+000  7.149744e-003 -2.521379e-001  1.191504e+000  5.683598e-001  1.916784e+000  9.293264e-001  2.657578e+000 -1.354366e+000  9.463715e-003  2.962245e-002 -2.012543e-001 -3.818142e-001 -3.497561e-002 -1.207071e-001 -8.624600e-002 -4.081995e-002 -7.767547e-001 -1.051193e+000 -1.287244e-001  1.574684e-001 -9.811623e-001
-1.250930e+001 -8.963816e+000 -1.875240e-001 -3.172882e+000 -3.417154e+000 -6.955434e+000  4.232813e+000  5.694659e-001  3.074492e+000  7.823509e+000  3.944821e+000  2.846732e+000  4.792932e+001  3.356030e+000  9.580355e-001  1.389186e-001 -1.046786e+000 -1.701183e+000 -5.540879e-001 -7.099932e-001  6.984100e-001 -8.045347e-001  2.976726e-001  5.701128e-001  7.810990e-001 -2.282520e+000 -6.002744e-001 -3.539539e-001 -1.881992e-001 -3.571138e-001  3.676291e-001  1.111233e-001 -1.248615e-001 -8.341698e-002 -3.978683e-001 -8.688571e-001 -3.044079e-001 -7.330198e-001 -4.999386e-001
-7.615994e+000 -7.529171e+000 -2.756509e+000 -5.653897e+000 -3.959256e-001  2.579067e+000  3.947133e+000  2.168822e+000  5.508448e+000  1.333670e+000 -4.568119e-001  7.722591e+000  4.413459e+001  1.997209e+000 -5.302215e-001 -1.179599e+000 -1.116379e+000  7.097766e-001  1.071644e+000  8.790878e-001  8.794553e-001 -1.218907e+000 -4.717353e-001 -2.138022e-001 -2.729120e-001 -2.375313e+000 -1.148473e+000 -3.563754e-001 -1.078690e-001  2.289147e-001  5.682690e-001 -1.453794e-001  5.799592e-002  6.190877e-002  2.290465e-001 -2.801573e-001 -4.824535e-001 -1.044756e+000  1.316267e-001
-7.500190e+000 -1.045140e+001 -1.553240e+000 -7.103042e+000 -4.212093e+000 -3.186944e+000  4.293087e-001 -9.297840e-001 -7.961003e-001  1.352299e+000 -3.358385e+000 -2.770040e+000  4.269176e+001  1.002419e+000 -2.286285e-001  2.392425e-001 -5.067919e-001  3.935283e-001  3.401771e-001 -6.947013e-001  1.141199e+000  3.290727e-001 -5.910940e-002 -5.568864e-001 -2.226451e+000 -1.702263e+000 -1.075506e+000  9.437861e-002 -1.345110e-001  4.869480e-001  3.473110e-001 -8.497806e-002 -1.194573e-001  7.394644e-002  6.542757e-001  7.825161e-002 -2.484884e-001 -9.450646e-002  4.293215e-001
-6.993377e+000 -1.138391e+001 -4.643768e+000 -5.953175e+000  8.583058e-002 -4.678983e-001  4.589989e+000  3.053832e+000  2.878937e+000  5.211618e+000  1.218562e+000 -3.292507e-001  4.224790e+001 -7.892106e-001  2.480745e-001 -2.111565e-001  3.727531e-001 -1.344916e-001 -1.166880e+000  3.019571e-002  1.279653e+000  1.146789e+000  6.943887e-001 -9.194415e-001 -1.062425e+000 -9.863602e-001 -6.294743e-001  4.929146e-001 -1.138952e-001  4.704295e-001 -2.775777e-001 -2.838835e-001 -6.343202e-001 -2.380531e-001  2.873949e-001 -1.381872e-001 -1.036431e-001  2.163339e-001  3.775919e-001
-7.808519e+000 -8.179586e+000  1.952318e+000 -5.557203e+000 -1.690391e+000 -3.731066e+000  4.378783e-001  5.832955e+000  6.034610e+000  5.588988e+000  3.227020e-001 -4.259602e+000  4.036134e+001 -6.282915e-001  1.040781e+000 -1.017858e+000  6.433874e-001  4.575067e-001  1.402837e-001 -8.828335e-001  8.680433e-001  1.283996e+000  1.058687e-001 -3.195096e-001  7.033234e-001 -8.303887e-001 -1.355495e-001  3.384461e-001 -3.504872e-001  2.805144e-001 -1.426235e-001  2.788184e-001 -2.197112e-001 -5.017336e-001 -3.108600e-001 -7.451688e-001  1.907674e-001  2.577334e-001  1.357468e-001
