82 39
-3.238282e+001  4.995665e-001 -1.160636e+000 -9.728977e+000  5.015319e+000 -1.339303e+001  3.648265e+000  1.335975e+001 -5.792715e+000 -1.299086e+000 -1.076605e+001  3.072768e+000  5.147003e+001  3.113523e-001 -1.514557e+000  2.184987e-001 -5.126358e-001  4.369757e-001  1.663542e+000  4.831960e-001 -8.205700e-003  2.591923e-001 -4.814020e-001  4.736243e-001  2.183224e+000 -3.022656e-001  3.896678e-001 -5.214563e-001  3.360743e-001  8.067987e-001 -1.693169e-001 -3.961289e-001 -1.117842e+000 -4.404813e-001  8.682762e-001  2.416967e-001  8.377898e-001 -5.129369e-001  9.129193e-002
-3.199931e+001 -9.460227e-001 -8.565634e-001 -8.836793e+000  5.379710e+000 -1.211063e+001 -2.071612e-001  5.102760e+000  6.544843e-001 -2.631118e+000 -6.206059e+000  8.304201e+000  5.186998e+001  6.590921e-001 -1.730738e+000  6.259230e-001  6.305870e-001 -8.892634e-002  3.476734e-002 -1.371392e+000 -6.726246e-001  8.304533e-001  3.151836e-001  1.027560e+000 -1.775155e-001 -2.925930e-001  8.252303e-001  3.992181e-001  5.738928e-001  7.349297e-001  9.205927e-002 -3.888530e-001 -7.961785e-001 -3.018031e-001  1.195110e-001  1.408061e-001  3.852185e-001 -1.369458e+000  4.345528e-002
-2.872671e+001 -2.578832e+000 -2.449533e+000 -7.142141e+000  3.327169e+000 -1.077929e+001 -1.924365e-001  7.020925e+000 -9.058516e-001 -8.327595e-001  2.833984e-001  6.370245e+000  5.212824e+001  1.568850e+000 -4.561322e-001  1.009488e+000  1.778755e+000  4.324695e-001 -4.855913e-001 -3.430839e+000 -2.545084e+000  7.955653e-001  4.507778e-001  1.666948e+000 -1.221714e+000 -4.443966e-001  1.684561e+000  7.521968e-001  6.302398e-001  5.433202e-001 -1.139169e-001 -8.971041e-001 -3.924905e-001 -3.001938e-001 -7.495620e-002  1.256541e-001 -1.698869e-001 -1.280593e+000  3.805717e-001
-2.879538e+001 -1.598813e+000  3.920090e+000 -1.764906e+000  5.107081e+000 -1.639882e+001 -8.576143e+000  9.628933e+000  3.792126e+000 -7.262471e-001 -6.656417e+000 -1.103809e+000  5.054556e+001  3.308111e+000  1.424980e+000  2.717624e+000  1.484021e+000  9.832550e-001 -1.071374e-001 -1.767274e+000 -6.295125e-001  2.924914e-001  5.091949e-001  5.053842e-002 -3.041827e+000 -2.951740e-001  2.227861e+000  1.241784e-001  2.693349e-001  1.174465e-001 -8.864900e-001 -7.808918e-001  7.023278e-001 -4.580246e-001  9.334547e-002 -2.854638e-001  7.845230e-002 -2.838140e-001  1.036053e+000
-2.614054e+001 -1.454700e+000  1.498479e+000 -4.371144e+000  7.313982e+000 -1.367690e+001 -9.321438e+000 -1.628762e+000 -3.383710e+000  2.367165e-003 -2.206134e+000  1.668202e+000  4.991026e+001  7.409649e+000  6.685680e-001  2.323848e+000  1.777249e+000 -6.686993e-001 -2.751026e+000 -1.281316e+000 -1.530731e+000  1.533922e-001  4.986294e-002  1.127006e-001 -2.787584e+000  1.601884e+000  1.625070e+000 -8.791775e-001 -6.362023e-002 -1.920526e-001 -1.742707e+000 -7.052130e-001  1.015670e+000 -2.090778e-001  6.836041e-001 -6.399415e-001  4.526818e-001  2.460028e-001  1.497935e+000
-1.675183e+001  5.616811e+000  1.075755e+001 -2.802187e+000  8.302579e+000 -1.119752e+001 -4.479032e+000  6.280042e+000  3.355870e+000 -5.027068e-001 -4.708601e+000 -4.553914e+000  5.150310e+001  8.877998e+000 -1.672196e+000  1.315418e+000  1.218573e+000 -3.970792e+000 -2.736974e+000  1.065485e+000 -3.469924e+000  1.618267e+000 -9.116778e-001  2.196945e+000 -8.136509e-001  3.864533e+000 -1.429214e-001 -1.487891e+000 -6.112108e-001 -4.315537e-001 -1.820721e+000 -2.470081e-001  3.667158e-001 -4.230587e-001  8.033667e-001 -7.971299e-001  9.490948e-001  8.164995e-001  1.245627e+000
 2.299768e+000 -2.843804e+000  5.750976e+000  2.262742e+000 -1.614077e+000 -2.713507e+001 -8.647570e+000  1.041716e+000  7.923729e-002 -6.952150e-001 -1.270068e-001 -5.842624e+000  5.965889e+001  6.909257e+000 -3.303432e+000  1.392490e+000  9.512164e-001 -5.804043e+000 -2.696738e+000  2.311330e-001 -2.170268e+000  3.550698e+000 -2.038493e+000  2.857153e+000 -1.105789e+000  4.965425e+000 -2.311424e+000 -6.958478e-001 -3.984539e-001 -7.853526e-001 -4.621129e-001  7.635332e-001  1.851849e-001  2.948774e-001  5.348534e-001 -5.291716e-001  4.414411e-001  7.846151e-001  1.665832e-001
 1.374456e+000 -9.265240e+000  8.370932e+000  1.011015e+000 -1.028285e+001 -2.335460e+001 -3.585650e+000 -9.055927e+000  1.015199e+001 -4.935845e+000  3.288746e+000 -1.416651e+000  6.499391e+001  2.843701e+000 -4.028477e+000  1.272486e-001 -2.607316e-001 -5.552678e+000 -1.369322e+000 -6.899193e-001 -2.425038e+000  2.610672e+000 -2.432276e+000  3.423786e+000  1.997727e-001  4.251190e+000 -2.750505e+000  4.618194e-001 -2.180336e-001 -6.534449e-001  1.183151e+000  5.645537e-001 -3.564678e-002  9.892812e-001 -3.067590e-001 -5.466437e-002 -4.520506e-001  4.574333e-001 -8.822690e-001
-6.573986e-001 -1.053083e+001  9.654239e+000 -1.521663e+000 -1.241352e+001 -2.108205e+001 -8.612464e+000 -4.812115e+000  1.097172e+001 -7.973531e+000  8.080957e+000 -5.429372e+000  6.799197e+001 -1.130321e+000 -1.632531e+000  9.256630e-001 -1.409863e+000 -2.188321e+000  3.828140e-001  5.223111e-001 -5.787872e-001  2.331457e+000 -1.835696e+000  1.706486e+000  6.287798e-001  2.241471e+000 -1.851490e+000  1.114913e+000 -1.950735e-001 -2.191406e-001  1.891056e+000  8.775828e-002  4.265215e-001  7.267535e-001 -8.487986e-001  3.050770e-001 -9.443594e-001  6.509244e-001 -1.356067e+000
-1.054747e+000 -1.068206e+001  9.442162e+000 -2.213643e+000 -1.406109e+001 -2.107065e+001 -7.946181e+000 -2.918231e+000  1.096299e+001 -9.024930e+000  8.306347e+000 -3.761676e+000  6.859251e+001 -8.547395e-001 -1.985494e-001  4.586635e-001 -8.681121e-001  1.371047e-001 -1.453982e+000  7.416625e-001  6.807416e-001  6.940926e-001 -1.286398e+000  5.120262e-001  6.062315e-001  8.151649e-001 -5.504198e-001  1.176535e+000 -5.541826e-002  3.924082e-001  1.656728e+000 -3.340979e-001  4.603862e-001  7.050439e-001 -8.801695e-001  2.651813e-001 -1.016024e+000  4.998556e-001 -1.235333e+000
-2.137236e+000 -1.029805e+001  9.843676e+000 -3.174242e+000 -1.066656e+001 -2.636298e+001 -3.855749e+000 -4.921069e+000  1.133102e+001 -7.829153e+000  5.896623e+000 -1.526213e+000  6.906695e+001 -4.989736e-001  3.561671e-001  2.514151e-001  1.592036e-001  8.063480e-001 -2.215617e+000  1.647949e+000 -8.938956e-002  2.649944e-001 -1.086047e+000 -4.087640e-001  1.945604e+000 -9.689941e-002  3.670917e-001  6.899357e-001 -1.269867e-001  7.440424e-001  7.432412e-001 -2.212951e-001 -8.741239e-002  6.307638e-001 -9.935738e-001 -1.476224e-001 -5.587386e-001  2.553228e-001 -9.498931e-001
-2.159323e+000 -1.037438e+001  1.056953e+001 -2.503257e+000 -1.047080e+001 -2.798404e+001 -2.255695e+000 -5.597743e+000  1.344280e+001 -1.144003e+001  6.941045e+000 -3.370739e-001  6.853225e+001 -2.240721e-001  8.598499e-001  1.872812e-001  9.167764e-001  1.233629e+000 -1.740596e+000  1.049193e+000  8.554830e-001 -7.569440e-001 -1.481194e+000 -5.987095e-001  2.040639e+000 -7.562882e-001  4.233674e-001  5.808367e-001  9.066924e-003  6.560498e-001  4.069467e-001  4.632214e-001 -7.905481e-001  8.746414e-001 -9.675863e-001 -1.315265e-001 -2.509683e-001 -2.773028e-001 -9.228222e-001
-2.599979e+000 -8.903837e+000  1.034763e+001 -5.808388e-001 -1.017692e+001 -2.870343e+001 -3.217959e+000 -3.919307e+000  1.105679e+001 -1.219622e+001  6.719789e+000  2.586347e+000  6.753761e+001  3.898034e-001  1.287948e+000  4.264208e-001  1.417905e+000  9.796227e-001 -5.803543e-001 -6.851590e-002  2.487661e+000 -1.910894e+000 -2.476410e+000 -5.318392e-001  1.188190e+000 -1.722268e+000  3.443671e-001  5.466989e-001  8.820084e-003  4.204123e-001  4.689228e-001  7.954414e-001 -1.023802e+000  1.195674e+000 -1.158861e+000  3.827913e-001  3.831000e-002 -5.499464e-001 -1.041637e+000
-1.943736e+000 -7.079913e+000  1.012659e+001  1.073537e+000 -8.137764e+000 -2.860340e+001 -3.019113e+000  8.583036e-001  7.315387e+000 -1.424737e+001  4.901217e+000  4.385238e+000  6.557574e+001  8.177087e-001  2.239744e+000  4.164952e-001  1.782786e+000  2.085201e+000  4.449425e-002 -2.352846e+000  3.765424e+000 -3.055895e+000 -1.248850e+000 -6.812777e-001 -4.015755e-001 -2.986262e+000 -8.203557e-002  5.413882e-001  6.213693e-002  2.885131e-001  8.755672e-002  9.838751e-001 -7.529111e-001  7.289774e-001 -7.588977e-001  1.411207e+000  1.700649e-001 -5.434307e-001 -1.186783e+000
-2.960122e-001 -5.505541e+000  1.219725e+001  2.126887e+000 -6.934967e+000 -2.895507e+001 -3.816619e+000  4.289213e+000  4.840258e+000 -1.880754e+001  4.257341e+000  2.053583e+000  6.193386e+001  7.019716e-001  2.399715e+000  1.809085e-001  1.828260e+000  2.725176e+000  8.690453e-001 -1.770043e+000  4.434010e+000 -4.379834e+000  7.117372e-001 -1.759299e-001  4.169793e-001 -4.190098e+000 -8.516644e-001  9.651808e-002 -3.405557e-001  5.172073e-001 -1.547797e-002  1.589336e+000 -1.122900e-001 -2.357924e-001 -7.001078e-002  1.966311e+000  8.323171e-002 -2.855425e-001 -1.119435e+000
 7.772372e-001 -8.748084e-001  1.172720e+001  5.056810e+000 -1.665780e+000 -2.763575e+001 -1.372059e+001  9.125115e+000  1.271592e+000 -1.437862e+001  4.765880e+000 -2.078569e+000  5.640281e+001 -7.903340e-001  3.010908e+000  6.207220e-001  2.154164e+000  7.986361e-001  2.454079e+000 -1.864599e+000  3.527196e+000 -3.316962e+000  3.980765e+000  7.366061e-002 -2.909091e-001 -5.456288e+000 -1.396888e+000 -5.265565e-001 -8.110284e-001  3.223278e-001 -2.988237e-001  1.954930e+000  9.391032e-001 -1.046491e+000  7.559734e-001  1.373853e+000 -1.831364e-002 -4.723188e-002 -7.760053e-001
-4.506074e-001 -7.814579e-003  1.045187e+001  6.568826e+000  2.129653e-001 -2.484203e+001 -6.717434e+000  1.411734e+001 -7.820487e+000 -8.571910e+000  5.907807e+000  7.903147e+000  5.117358e+001 -3.064497e+000  1.384957e+000 -1.378471e+000  3.818252e+000  1.545515e+000  6.161535e+000 -8.740889e-001  1.427813e+000 -2.130414e+000  4.740340e+000 -4.931498e-001 -2.948556e-001 -6.084432e+000 -1.229446e+000 -1.007821e+000 -1.197979e+000 -1.860082e-001 -1.652490e-001  1.450823e+000  9.814858e-001 -1.265349e+000  1.382161e+000  7.172086e-002 -9.213842e-002 -3.440875e-001 -9.894085e-003
-5.818108e+000  5.225762e+000  1.410289e+001  9.623389e+000 -7.718549e+000 -1.838952e+001 -1.089170e+001  1.358022e+001 -2.939053e+000  5.386487e-001  4.444286e+000  5.910085e-003  4.367444e+001 -4.283496e+000  1.143403e-001 -2.858957e+000  2.399429e+000  1.180912e+000  7.172901e+000  1.894693e+000  3.606892e-002 -4.007379e-001  3.606115e+000 -6.142359e-001 -2.818174e-001 -5.919122e+000  1.170461e-002 -1.500741e+000 -1.198556e+000 -1.172196e+000  3.637382e-002 -2.104046e-001  4.838130e-001 -7.940515e-001  9.615428e-001 -1.357516e+000 -2.990324e-002 -1.901980e-001  1.510205e+000
-1.232083e+001 -1.631043e+000  4.117047e+000  1.893486e+001  3.818994e+000 -2.770509e+000 -9.601510e+000  9.200723e+000 -3.706491e+000 -2.564468e+000  1.952389e+000 -4.629349e-001  3.787589e+001 -3.698678e+000 -1.191108e+000 -4.069148e+000  7.755869e-001  1.707793e+000  5.763749e+000  1.257740e+000 -1.471701e-001  1.072857e+000  1.257667e+000 -2.926737e-001 -1.308004e+000 -4.008152e+000  1.275497e+000 -1.082602e+000 -1.980851e-002 -2.070040e+000 -5.253209e-001 -2.491890e+000 -3.527443e-001 -2.168911e-001  6.008039e-001 -1.640267e+000  1.453554e-001 -2.057088e-001  2.763889e+000
-1.470513e+001  5.085073e-001  5.998230e-001  1.087094e+001  2.435768e+000 -2.807006e+000 -2.805091e+000  1.176377e+001 -2.789095e+000  6.482369e-001  3.672410e+000  6.953844e-001  3.345604e+001 -4.147205e-001 -3.204763e+000 -4.026719e+000 -2.185485e+000  8.993663e-001  1.600949e+000 -5.114489e-001  3.444295e-001 -1.108841e-001 -1.065476e+000 -1.760936e-001 -7.353252e-001  1.056596e+000  1.273293e+000 -7.219192e-001  9.840418e-001 -1.663281e+000 -4.238091e-001 -3.208092e+000 -1.273853e+000 -2.576949e-001  3.950000e-001 -1.192533e+000 -3.395704e-001 -3.629787e-001  2.921239e+000
-1.450049e+001 -3.604727e+000 -3.142338e+000  9.822987e+000  3.674772e+000 -3.814548e+000 -4.472040e+000  1.428971e+001 -2.531181e+000 -2.338370e+000  4.830377e+000  1.018389e+000  3.624202e+001  1.378602e+000 -2.368500e+000 -8.936324e-001 -4.239493e+000 -9.403165e-001 -3.511938e+000 -1.434739e+000  1.891766e-001  7.286782e-001 -1.125201e+000  1.455584e-002 -1.096646e+000  4.247153e+000  7.099919e-002  5.597496e-002  1.521845e+000 -9.120880e-001 -9.558216e-002 -2.410353e+000 -8.037797e-001 -4.607405e-001  3.896607e-001 -2.785918e-001 -9.371700e-001 -2.884994e-001  1.778406e+000
-6.801881e+000 -9.811213e+000 -2.401012e+000  3.251901e+000 -3.149607e+000 -9.862760e+000 -1.601368e+001  1.275787e+001 -4.081129e+000 -4.901783e+000  2.124824e+000 -4.411377e+000  4.977436e+001 -4.556723e-001 -2.906559e+000  4.734940e-001 -3.409434e+000  3.859217e-001 -4.229714e+000 -3.128330e+000 -1.420579e+000  1.746351e+000 -1.165115e+000 -2.465703e+000 -2.202390e+000  4.559421e+000 -1.450681e+000  8.547443e-001  1.209238e+000  2.498144e-001  6.001177e-001 -7.864615e-001  8.147377e-002 -3.534750e-001  8.188245e-001  5.458875e-001 -9.230191e-001 -1.789887e-001 -1.256709e-001
-9.379445e+000 -8.313683e+000  1.149303e+000  1.546908e+000  1.910099e+000 -1.680232e+001 -1.017091e+001  9.649551e+000  5.829163e-001 -5.415464e+000  2.798961e+000 -3.392783e+000  5.095250e+001 -3.323206e+000 -1.060335e+000  1.289973e+000 -3.172878e+000  1.486604e+000 -3.372682e+000 -1.452718e+000 -1.568368e+000  2.092542e+000 -8.547246e-002 -3.833719e+000 -2.016969e+000  3.132465e+000 -1.664484e+000  9.457436e-001  2.307085e-001  8.289188e-001  6.689324e-001  6.177588e-001  4.131049e-001  2.973164e-001  6.444643e-001  6.883887e-001 -4.271814e-001  1.382902e-001 -9.991382e-001
-1.954401e+001 -1.166981e+001  8.214724e-001 -2.038196e+000  5.247713e+000 -1.746169e+001 -1.559731e+001  6.980952e+000  4.385613e+000 -3.638792e+000 -7.640395e+000 -8.110979e+000  4.889791e+001 -5.317220e+000  4.148757e-001  9.276670e-001 -1.469720e+000  2.686495e+000 -2.400986e+000 -9.509106e-002 -5.441734e-001  3.301306e+000  1.144096e+000 -2.867052e+000 -1.170107e+000  9.855854e-001 -4.717403e-001  1.041747e+000 -1.483336e-001  7.565727e-001  8.236831e-003  1.048940e+000  7.191675e-001  7.897643e-001  1.411983e-001  4.467594e-001  6.877543e-001  7.873713e-001 -9.392470e-001
-2.474545e+001 -7.977103e+000  1.696284e+000 -3.396354e+000  6.909134e+000 -1.687849e+001 -1.194382e+001  9.336333e+000  3.698160e+000 -3.397227e+000 -9.455608e+000 -7.216656e+000  5.234257e+001 -4.513042e+000  6.995002e-001  3.282350e-002 -1.064757e+000  1.254059e+000 -1.337508e+000 -8.858344e-001  1.237556e+000  3.173522e+000  1.162136e+000 -1.920677e+000 -9.213365e-001  1.038379e+000  6.955319e-001  5.667679e-001 -2.871078e-001  3.790647e-001 -5.951948e-001  1.277481e+000  5.849382e-001  7.264237e-001 -5.409641e-001 -1.689386e-001  1.159842e+000  8.486201e-001 -6.883972e-001
-2.570498e+001 -7.905125e+000  1.963832e+000 -1.625069e+000  7.783348e+000 -2.182960e+001 -1.560268e+001  1.019362e+001  1.086778e+001 -1.904184e-001 -6.083149e+000 -8.349976e+000  5.400725e+001 -2.219456e+000  1.422260e+000  3.604004e-001 -6.806314e-001  5.433785e-001 -2.599716e-003  1.840659e-001  1.125281e+000  1.911853e+000  4.448773e-001  1.654763e-002  1.186650e+000  9.102287e-001  1.115018e+000  3.130193e-001 -1.417267e-001 -2.370933e-001 -9.897485e-001  1.524632e+000  6.800151e-001  2.395541e-001 -1.467272e+000 -7.153214e-001  1.040884e+000  8.955256e-001 -4.949554e-001
-2.886418e+001 -6.698525e+000  7.422406e-001 -3.983439e+000  6.912577e+000 -2.130590e+001 -1.459739e+001  1.423100e+001  1.320944e+001 -1.328969e+000 -7.583045e+000 -7.879967e+000  5.358973e+001 -1.394429e+000  1.269812e+000  1.380670e-001 -1.672099e+000 -4.178115e-001  1.815531e+000  1.332395e+000  1.229023e+000  8.244829e-002 -5.805557e-001  5.236904e-001  1.047753e+000 -2.718426e-001  8.182624e-001  6.887120e-002 -3.879398e-002 -4.427935e-001 -6.555890e-001  1.370576e+000  7.015669e-001 -5.495700e-001 -1.680802e+000 -6.346943e-001  8.382949e-001  7.184249e-001 -5.716521e-001
-2.858193e+001 -5.197800e+000  3.100496e+000 -5.147811e+000  7.962884e+000 -1.526098e+001 -1.335019e+001  1.016002e+001  9.189237e+000 -2.448535e+000 -8.493938e+000 -1.846071e+000  5.282547e+001 -1.301435e+000  1.694816e+000  1.664119e-001 -2.351516e+000 -1.426313e+000  3.645653e+000  2.195870e+000  6.578633e-001 -2.489519e+000 -1.561165e+000  1.115183e+000  2.322976e+000 -8.340805e-001  3.724115e-001 -2.828513e-001 -2.161369e-001 -1.554368e-001 -3.927049e-001  6.294715e-001  1.359696e-001 -6.495329e-001 -1.007163e+000 -2.315070e-001  2.968983e-001 -1.267864e-001 -4.417489e-001
-3.027912e+001 -2.981704e+000  1.818287e+000 -9.995478e+000  4.730308e+000 -1.108515e+001 -6.408091e+000  1.549824e+001  4.949674e+000 -5.170948e+000 -5.631762e+000 -5.229842e+000  5.157425e+001 -8.807411e-001  9.075782e-001 -6.415214e-002 -2.443282e+000 -1.039041e+000  3.691247e+000  1.616098e+000 -1.276586e+000 -3.029802e+000 -1.008314e+000  1.721480e+000  2.102625e+000 -9.477264e-001  3.189396e-001 -4.428850e-001 -1.390490e-001  5.567175e-001  3.614656e-001 -8.888469e-002 -3.793468e-001 -7.666938e-001 -3.248736e-003  4.870042e-001  1.679038e-002 -5.282186e-001 -1.090653e-001
-3.150468e+001 -1.289454e+000  2.257868e+000 -1.037663e+001  1.742920e+000 -8.711717e+000 -8.717985e+000  1.284931e+001  2.550071e+000 -6.075253e+000 -1.482875e+000  1.939842e+000  5.084459e+001 -6.142426e-001  1.891208e-001 -6.191747e-001 -1.072224e+000 -1.109531e+000  2.206900e+000  7.220621e-001 -8.695796e-001 -1.567838e+000 -4.987782e-001  9.021446e-001  2.528232e-002 -9.605740e-001  4.004360e-001 -4.977715e-001  1.549811e-002  9.060763e-001  9.563762e-001 -7.211502e-001 -6.082842e-001 -3.402070e-001  7.287338e-001  8.922907e-001 -2.965691e-001 -1.002842e+000  1.055952e-001
-3.180651e+001 -4.114807e+000  8.427938e-001 -1.358544e+001  4.827356e+000 -6.124301e+000 -8.833003e+000  6.503426e+000  1.380015e+000 -4.557182e+000 -2.481177e+000  7.402022e-001  4.984154e+001 -1.433271e-001 -1.917648e-001 -1.643849e-001  4.718425e-001  1.231126e+000  2.090484e+000  1.725647e-001 -1.840724e+000 -3.946356e-001  1.323272e+000  7.141616e-001 -4.444929e-001 -7.539223e-001  3.962665e-001 -2.142100e-001  2.294481e-001  9.693412e-001  7.630835e-001 -8.893551e-001 -4.324863e-001  2.713947e-001  8.043718e-001  7.192718e-001 -4.143462e-001 -8.432143e-001  2.448900e-001
-3.088945e+001 -3.685644e+000  4.923692e-001 -8.713949e+000  2.366703e+000 -6.706904e+000 -8.527420e+000  1.030954e+001  3.134874e+000 -5.249309e+000 -5.558508e+000 -4.704682e+000  4.888896e+001  3.320381e-001 -2.443699e-001  2.940188e-001  7.213038e-001  2.220485e+000  8.402827e-001 -1.237843e-001 -7.611021e-001 -1.634330e-001  1.734495e+000  1.359968e-001 -1.417674e+000 -4.030067e-001  2.662666e-001 -1.100976e-001  2.810530e-001  2.458198e-001  2.052893e-001 -8.918481e-001 -1.295229e-001  2.150804e-001  5.992882e-001  4.295570e-001 -1.297415e-001 -2.068668e-001  2.928517e-001
-3.130337e+001 -2.742433e+000  1.879112e+000 -8.467605e+000  1.057405e+001 -1.635131e+000 -5.640550e+000  7.564508e+000  2.684094e+000  1.032441e+000 -2.313729e-002 -4.130045e+000  4.878245e+001  6.274511e-001  5.327361e-002  6.264915e-001  1.506660e+000  1.111369e+000 -7.221937e-002 -1.234099e-001  2.614937e-002  2.898539e-001  1.471408e+000  3.282278e-002 -1.391968e+000 -2.059937e-003  7.411908e-002  3.115210e-002  1.356697e-001 -4.385583e-001 -6.775190e-001 -8.107811e-001  8.773382e-002  3.893503e-001  5.018905e-001 -2.201024e-001 -1.455174e-001  4.698301e-002  1.920942e-001
-3.009606e+001 -3.197490e+000  3.209803e+000 -9.329027e+000  9.972000e+000 -6.754888e+000 -1.093313e+001  8.513257e+000  1.080866e+000 -1.975874e-001 -2.031911e+000 -2.713404e+000  4.935910e+001  3.317013e-001 -4.838864e-001  3.906522e-001 -3.605335e-001 -2.320647e-002 -1.170989e+000  2.224350e-001 -7.276147e-001  1.086358e+000  1.574939e+000  5.941064e-001 -5.353142e-001  1.277535e-001 -1.022802e-001  1.805550e-001  2.728022e-002 -6.257934e-001 -4.821587e-001  1.963523e-001  4.345489e-001  1.309955e-001  2.088897e-001 -7.038242e-001 -1.071509e-001  1.389385e-001  3.008549e-002
-2.906595e+001 -4.092516e+000  2.616535e+000 -5.744603e+000  6.581551e+000 -6.461406e+000 -8.247196e+000  7.532312e+000  3.856289e+000  2.739962e-001 -4.080361e+000 -7.215278e+000  4.959617e+001  2.274366e-001  8.375399e-002  4.656468e-001 -1.180031e+000 -1.034623e+000 -9.577858e-001  4.381242e-001  8.928323e-002  1.489921e+000  3.025382e-001 -2.424803e-001 -6.507577e-001 -5.883140e-002  8.170377e-002  4.422087e-001  2.153715e-001 -4.943206e-001  2.035424e-001  1.162245e+000  3.626896e-001 -3.071951e-002 -3.235008e-001 -1.143118e+000 -4.939827e-002  2.216751e-001  3.756179e-003
-3.034966e+001 -5.430035e+000  2.076919e+000 -1.187812e+001  4.246919e+000 -1.014871e+001 -6.111922e+000  6.687561e+000  7.980567e+000  3.004608e+000 -5.593639e-001 -5.838636e+000  4.912086e+001  2.064419e-002  6.431647e-001  5.108423e-001 -1.064318e+000  8.826879e-001  2.264827e+000  1.768193e+000 -1.376915e-001  2.809817e-001 -1.200191e+000 -2.621064e-001 -1.093587e+000 -2.241936e-001  4.535679e-001  7.372782e-001  5.460634e-001  2.217260e-001  4.001900e-001  1.547829e+000  1.303240e-001 -1.686960e-001 -8.880069e-001 -1.503873e+000 -1.938478e-001  3.501135e-001  3.537239e-002
-3.003939e+001 -1.207391e+000  4.773788e+000 -1.309321e+001  8.263471e+000 -4.727149e+000 -5.860535e+000  8.923773e+000  6.683850e+000  9.440343e-001 -1.971812e+000 -5.821218e+000  4.860741e+001  1.191499e+000  1.700792e+000  1.643254e+000 -6.130511e-001  1.676134e+000  4.021097e+000  9.171587e-001 -4.224098e-001 -9.249620e-001 -2.856618e+000  2.139378e-001 -4.456425e-003  1.926945e-001  7.157828e-001  4.941379e-001  6.939319e-001  5.878063e-001  9.520113e-003  6.520433e-001 -2.120474e-001 -5.886626e-001 -9.166377e-001 -8.926162e-001  1.155251e-001  4.265395e-001  2.600414e-002
-2.950612e+001 -1.424229e+000  4.685388e+000 -1.097631e+001  1.354448e+001  3.702120e+000 -3.285497e+000  7.129069e+000  1.071994e+000 -6.533562e+000 -4.396718e+000 -8.878369e+000  4.873251e+001  2.117510e+000  2.393986e+000  2.532166e+000  4.646069e-001  6.223652e-001  4.078717e+000  6.345376e-001 -1.315248e+000 -2.146235e+000 -4.364850e+000 -6.033415e-001  8.921025e-001  1.788525e-001  5.737496e-001 -1.840747e-001  3.548994e-001  2.362119e-001 -9.329681e-001 -1.058291e+000 -7.985238e-001 -6.495362e-001 -1.369004e-001  1.334888e-001  4.943165e-001  5.252706e-001 -1.614369e-001
-2.353023e+001  2.408540e+000  9.528570e+000 -9.260760e+000  1.031344e+001  6.718666e+000 -5.074615e+000  5.199509e+000  2.685765e+000 -9.240009e+000 -1.091996e+000 -5.717694e+000  5.075382e+001  2.757918e+000  1.679033e+000  2.924645e+000  9.945383e-001 -8.568614e-001  1.395486e+000 -5.528503e-002 -2.265251e+000 -1.879659e+000 -2.578214e+000  5.057629e-001  4.890949e-001 -1.303337e-001  7.913435e-002 -1.108290e+000 -4.655746e-001 -1.827874e-001 -1.160699e+000 -1.815462e+000 -8.811046e-001 -4.600456e-001  3.445953e-001  8.101747e-001  4.126768e-001  2.360894e-001 -5.146347e-001
-2.301669e+001  4.731927e+000  1.236036e+001 -1.147131e+001  6.333761e+000  4.521967e+000 -3.332194e+000  1.973451e+000 -7.515636e-001 -1.372762e+001 -4.015980e+000 -1.429886e+000  4.894192e+001  2.106183e+000 -2.663298e-001  1.644644e+000 -6.870535e-001 -2.515655e+000 -1.713822e+000 -1.738204e+000 -2.463952e+000  7.382846e-002 -6.719494e-001  2.063564e+000  1.285990e+000 -8.698639e-001 -9.331034e-002 -1.562939e+000 -1.062102e+000 -1.565164e-001 -4.681354e-001 -1.310691e+000 -7.499490e-001  2.163890e-001  6.095347e-001  9.680935e-001  1.841852e-001 -4.507101e-002 -6.268640e-001
-1.949451e+001  4.109696e+000  1.555953e+001 -7.873023e+000  7.584523e+000  1.840355e+000 -6.113611e+000  1.753245e-001 -1.802666e+000 -8.350006e+000  3.666334e-001 -7.099985e+000  4.785103e+001  1.592834e+000 -2.510499e+000 -2.408582e-001 -9.511577e-001 -2.558351e+000 -2.159945e+000 -2.301993e+000 -2.148286e+000 -3.120168e-001 -6.521948e-001  9.438691e-001  9.790465e-001 -1.856121e+000 -4.574375e-002 -1.098013e+000 -1.261251e+000  3.146554e-001  2.030573e-001 -1.981116e-001 -1.830952e-001  8.767966e-001  2.363890e-001  4.461049e-001 -6.037474e-001 -1.160942e-001 -5.745026e-001
-2.099306e+001 -3.606457e+000  9.893129e+000 -1.510545e+001  2.330662e+000 -2.427833e+000 -1.145702e+001 -2.678596e+000  3.685352e+000 -1.033831e+001  5.191786e+000 -1.757272e+000  4.583458e+001  2.233500e+000 -3.325943e+000 -1.195595e+000  6.548728e-001 -8.675669e-001 -6.970215e-001 -1.991853e+000 -2.917857e-001  1.176181e-001 -4.873917e-001  9.853145e-002  4.217716e-001 -2.092574e+000  1.882997e-001 -5.678874e-003 -8.591155e-001  1.246421e+000  7.786266e-001  6.599378e-001  9.774725e-001  1.415524e+000 -1.270056e-001  2.891327e-001 -8.442612e-001 -3.696312e-001 -3.093663e-001
-1.657787e+001 -5.974766e+000  9.557893e+000 -1.219948e+001 -4.767666e-001 -6.061572e-001 -1.252217e+001 -3.215898e+000 -1.092776e+000 -1.419564e+001 -9.765328e-001 -6.587681e-001  4.302688e+001  2.465540e+000 -2.281226e+000 -1.961490e+000  1.896852e+000 -6.656188e-001 -1.034723e-001 -8.439366e-001  1.032649e+000 -7.196089e-001 -4.399679e-001 -1.530458e+000  3.407332e-001 -2.391492e+000  5.436995e-002  8.099112e-001 -5.322476e-001  1.056230e+000  7.751032e-001  4.620245e-001  1.238233e+000  1.373074e+000  5.604090e-001  5.060743e-001 -5.054034e-001 -1.803385e-001  6.167252e-002
-1.330751e+001 -6.855559e+000  9.383200e+000 -6.033717e+000  6.026571e+000  2.260116e+000 -1.008718e+001  2.210134e+000 -5.184183e-001 -1.324176e+001 -2.851739e+000 -2.541636e+000  4.089113e+001  2.611328e+000 -4.093607e-001 -1.790618e+000  4.121044e+000  4.311118e-001  5.576314e-001  2.420130e+000  3.023199e+000 -3.574036e-001  6.676005e-001 -9.205789e-001 -2.430092e-001 -2.149010e+000 -3.796675e-001  8.488800e-001 -2.687212e-001  1.804056e-001  1.731644e-001 -2.109309e-001  7.208919e-001  4.881032e-001  8.272272e-001  5.801497e-001 -2.934440e-001  2.427230e-001  2.847403e-001
-1.100959e+001 -5.671885e+000  6.007044e+000 -2.924629e+000  2.408475e+000 -1.020981e+000 -1.101821e+001  2.894204e+000 -3.298826e+000 -9.098121e+000 -3.263895e+000 -5.004137e+000  3.836530e+001  1.675770e+000  8.076511e-002 -2.604585e+000  2.596907e+000  6.678256e-001 -4.771487e-001  1.683178e+000  3.059592e+000  2.727539e+000  1.300681e+000 -1.073593e+000  4.097445e-001 -1.519540e+000 -6.093358e-001  4.713507e-001 -9.174874e-002 -5.163962e-001 -1.680138e-001 -6.467779e-001 -9.172619e-002 -2.909423e-001  9.265400e-001  5.864328e-001 -8.913820e-002  3.031561e-001  4.172420e-001
-1.072056e+001 -5.804701e+000  2.715465e+000  8.623456e-001  3.043600e+000  5.677356e-001 -1.083467e-001  9.382346e+000  3.001359e+000 -9.549066e+000  1.732572e+000 -7.996336e-001  3.742033e+001  7.300479e-001 -2.625393e-001 -2.217653e+000  1.206873e+000 -6.684670e-001 -1.564838e+000  3.490491e-001  1.135259e+000  2.530180e+000  1.543033e+000 -1.597121e+000  1.600881e+000 -1.104848e+000 -6.135538e-001  1.728512e-001  3.913333e-002 -8.074646e-001 -4.968785e-001 -6.565474e-001 -7.367355e-001 -9.333933e-001  1.830869e-001  1.475367e-001 -1.488383e-001 -1.610589e-001  3.583129e-001
-9.492497e+000 -6.096369e+000 -1.311629e-001 -2.662975e+000  4.353847e+000 -2.145711e+000 -9.095696e+000  8.495955e+000  1.078503e+001 -9.538581e+000 -8.636652e+000  5.189531e-001  3.716458e+001  3.595013e-001  2.116442e-003 -2.206716e+000  7.719567e-001 -9.558982e-001 -2.276127e+000 -2.670269e-001  5.219073e-001  2.469299e+000  2.054480e+000 -1.637878e+000  9.345686e-001 -8.273628e-001 -4.659393e-001  2.087463e-001  2.993159e-001 -2.125204e-001 -2.628988e-001  2.669227e-002  2.011366e-001 -9.737167e-001 -8.171203e-001 -9.364562e-002  4.856343e-001 -8.003119e-001  1.735435e-001
-1.041582e+001 -7.956014e+000  1.364037e+000 -1.301780e-001  1.711550e+000 -5.001707e+000 -9.303194e+000  5.085552e+000  5.090554e+000 -5.306367e+000 -8.150967e+000  2.701224e+000  3.596725e+001  2.016931e-001  4.942198e-001 -1.793886e+000  9.961964e-001 -1.241419e+000 -1.825617e+000 -2.884448e-001 -3.749256e-001  6.871508e-001  1.028384e+000 -1.382628e+000 -1.310716e+000 -7.035339e-001 -2.709519e-001  4.713063e-001  3.715193e-001  1.328159e-001  5.867309e-001  9.111539e-001  7.829254e-001 -3.884347e-001 -7.910980e-001 -2.827587e-001  1.060528e+000 -6.888618e-001  5.939160e-002
-9.364454e+000 -4.585646e+000 -4.350820e+000  1.431417e+000 -1.704991e+000 -9.616895e+000 -7.755924e+000  7.652137e+000  8.003072e+000 -9.470700e-001 -6.511515e+000 -2.081722e+000  3.495502e+001 -3.897492e-001  7.461169e-001 -1.319889e+000  1.639643e+000 -3.601928e-001 -2.132979e-001  3.007608e+000 -1.053900e+000 -4.365477e-001  1.089777e+000  1.247332e+000 -2.136017e+000 -8.524799e-001 -1.324871e-001  5.001364e-001  6.803081e-001 -4.259412e-002  8.016027e-001  1.508654e+000  6.200814e-001 -2.624310e-001 -5.807183e-001 -1.720376e-001  1.104211e+000  1.701633e-001  1.418114e-002
-9.776117e+000 -4.088964e+000 -4.144134e+000  3.796132e+000 -1.340747e-001 -4.824756e+000 -2.220457e+000  7.929627e+000  7.828093e+000 -8.702899e+000 -6.243134e+000 -6.052875e+000  3.500743e+001 -2.500862e-001  1.721992e+000 -8.034698e-001  1.437109e+000  1.967335e+000  1.959517e+000  2.626359e+000 -1.901110e-002  2.761345e-002  6.115908e-001  2.262916e+000 -3.081357e-001 -7.953316e-001  1.572120e-002  4.683827e-001  7.737596e-001 -2.456244e-001  5.965075e-001  9.765350e-001 -1.747821e-001 -5.069109e-002 -1.399018e-001  4.762155e-001  6.517795e-001  7.799954e-001  8.263672e-003
-1.176109e+001 -4.299310e+000 -3.976523e+000  3.572086e+000  3.475695e+000 -3.300676e+000  2.400973e+000  1.804419e+000  7.233524e+000 -2.391432e+000 -3.353908e+000 -5.784081e+000  3.338209e+001 -7.704449e-002  1.888912e+000  6.996172e-001  3.385296e-001  1.447739e+000  3.374576e+000  1.375978e+000 -9.682051e-001 -1.045236e-001  1.402689e+000  2.060405e+000  1.284095e+000 -7.105583e-001  1.154038e-001  1.616013e-001  5.032529e-001 -4.222820e-001 -2.062311e-001 -3.029754e-001 -1.161856e+000  2.781864e-001  9.485693e-002  2.171173e-001 -4.864926e-001  3.946729e-001  6.698300e-002
-1.046793e+001  5.107769e-001 -2.840461e+000  5.985034e+000  8.957881e+000  1.637771e+000 -1.249848e+000  7.914356e+000  5.613395e+000 -1.526232e+000  1.584807e+000  3.011725e+000  3.277706e+001  1.239467e-001  2.264735e+000  1.065159e+000  4.186310e-001  8.371534e-001  1.263121e+000 -3.465408e-001 -6.712283e-001 -1.783700e-001  3.253006e+000  1.469733e+000  8.792053e-001 -7.331764e-001 -8.367307e-002 -3.390397e-001  8.069960e-002 -3.021046e-001 -6.716907e-001 -1.319159e+000 -1.059385e+000  4.786596e-002 -5.352420e-002 -2.985547e-001 -9.185548e-001 -3.135482e-001  6.942096e-002
-9.403771e+000  2.559045e+000 -1.504570e+000  2.029613e+000  9.877243e-001  4.024720e+000 -1.361337e+000  2.818748e+000  8.587803e+000  2.478042e+000 -1.234586e-001 -1.935473e-001  3.251742e+001  2.534866e-004  1.282751e+000  2.620606e-001  3.747268e-002 -8.262573e-001 -1.379977e+000 -1.315221e+000  6.631407e-001  1.407287e-001  8.546556e-001 -7.885398e-001 -7.563225e-001 -5.486425e-001 -2.591867e-001 -5.004018e-001 -1.876473e-001  1.853822e-002 -3.627000e-001 -1.359046e+000 -5.140054e-001  7.796717e-003 -9.179056e-002 -8.822910e-001 -6.541269e-001 -1.977344e-001  6.486644e-002
-1.033504e+001  3.805536e+000 -5.431294e-002  6.660523e+000  5.295678e+000 -2.171847e+000 -2.072006e+000  4.066321e+000  6.259104e+000  5.127391e+000 -5.096933e-001 -4.452115e+000  3.177389e+001 -7.071006e-001  3.298735e-001 -1.811935e-001  7.711508e-002 -2.541205e-001 -2.259002e+000 -1.324966e+000 -5.953542e-001 -3.626337e-001 -6.071662e-001 -9.053859e-001 -8.556678e-001 -5.291847e-001 -2.362441e-001 -4.811681e-001 -1.527348e-001 -2.416075e-001 -3.375591e-001 -3.818554e-001  2.380060e-001 -1.528306e-001 -6.240086e-002 -9.207752e-001 -1.889367e-001  4.127518e-001  1.089521e-001
-1.182627e+001  4.670672e-001 -4.059294e+000  3.421705e+000  1.175510e+000 -8.295753e+000 -3.764054e+000  7.044140e+000  7.614313e+000 -1.444965e+000 -6.249356e+000 -5.833774e+000  3.114046e+001 -9.574543e-001  3.543342e-001  3.845572e-001  6.019787e-001  1.798758e-001 -1.659591e+000 -7.048362e-001 -9.671586e-001 -4.713446e-001 -1.078680e+000 -2.266948e-002  1.162860e+000 -4.882219e-001 -6.164216e-002 -1.399779e-001  1.022815e-001 -4.650418e-001 -3.536347e-001  5.118672e-001  7.517116e-001 -2.608711e-001  1.442263e-002  8.657502e-002  5.184521e-001  7.261868e-001  9.940154e-002
-1.279218e+001  3.206133e+000 -2.469067e+000  5.674564e+000  7.593386e+000 -3.497002e+000 -6.673317e+000  2.824888e+000  4.286971e+000 -2.600559e+000  1.208269e-001  1.553499e+000  3.081961e+001 -5.784198e-001  3.231034e-001  2.402373e-001 -1.071660e+000 -1.353709e+000 -5.063485e-001  5.382967e-001 -6.202317e-001 -1.843377e-001 -3.842027e-001  1.421145e-001  1.983373e+000 -2.186264e-001  1.339133e-001 -8.691240e-002  5.155504e-003 -5.977324e-001 -5.731685e-001  8.996768e-001  1.061112e+000  2.022392e-001  2.103815e-001  4.865052e-001  3.422029e-001  9.931201e-002  8.676177e-002
-1.296247e+001  4.630417e+000  1.625592e+000  5.532486e+000  7.382493e-001 -3.610657e+000 -2.584862e+000 -1.396329e+000  7.217146e+000  9.486182e-001 -5.520661e-001  2.617944e+000  3.055345e+001 -3.722977e-001  5.862467e-001  5.627528e-001 -1.713349e+000 -2.044637e+000  3.030323e-001  1.511706e+000 -6.287761e-001  1.236938e-001  1.176049e+000  1.279971e+000  1.455091e+000 -2.069139e-001  1.121509e-001 -2.873954e-001 -3.149235e-001 -3.684151e-001 -1.762533e-001  7.170849e-001  5.217295e-001  3.773364e-001 -1.301538e-002  4.251981e-001  2.974966e-001 -2.399147e-001  5.114594e-002
-1.265904e+001  3.339378e+000 -1.695570e+000  2.468339e-001 -1.254235e+000 -7.046137e+000  2.988171e-002  5.185397e+000  5.535999e+000  2.009586e+000 -2.647766e+000  1.238892e+000  3.097426e+001 -3.301123e-001 -2.206447e-001 -2.445139e-001 -1.753883e+000 -2.007707e+000  1.258071e+000  2.872322e+000  2.466507e-001  3.917546e-001  6.979954e-001  1.543087e-001 -5.052236e-001 -2.360298e-001  1.500839e-002 -3.526402e-001 -1.326895e-001  4.159713e-001  6.065312e-001  4.846174e-001 -1.717041e-001  2.482480e-001 -1.235226e-001  4.105605e-001  5.363022e-001 -2.645094e-002  4.243278e-003
-1.375433e+001  3.331678e+000 -1.632278e+000 -2.431174e+000 -4.623863e+000 -5.006023e+000  4.428746e-001  2.720005e+000  7.608268e+000  2.130207e+000  1.534793e+000  1.598986e+000  3.002857e+001 -5.208536e-001 -8.107687e-001 -9.476848e-001 -8.989850e-001 -3.743916e-001  1.043624e+000  7.367990e-001  4.860820e-001 -8.244676e-001  5.062115e-001  1.458716e+000  1.207584e+000 -2.237906e-001  1.579539e-001 -2.632771e-001 -4.437923e-002  5.511954e-001  7.775182e-001  3.187985e-002 -7.446841e-001  7.168153e-002 -1.434945e-001  1.522130e-001  2.987776e-001  1.978990e-001  1.078727e-001
-1.404682e+001  2.752279e+000 -2.062701e+000  8.869770e-001  2.359081e-001  3.491035e+000  6.174424e+000  1.999975e+000  6.050183e+000  2.986231e-001 -1.510590e-001 -4.631400e-001  2.990191e+001 -4.290999e-001 -7.415898e-001  3.320086e-001  6.010151e-001  8.438247e-001  1.546443e+000  6.722935e-002  6.357920e-002 -3.278701e-001  2.003519e+000  2.734253e+000  1.974872e+000 -1.889717e-001  1.901300e-001  7.463975e-002  2.286507e-001  3.585629e-001  3.610709e-001 -3.134871e-001 -9.842632e-001 -1.660973e-001  5.227321e-003  9.801079e-002  6.586371e-002  9.183358e-002  1.159126e-001
-1.487285e+001  8.701232e-001 -2.929266e+000  7.174892e-001 -1.878781e+000 -3.661123e+000 -1.973138e+000  2.626792e+000  2.837716e+000  4.335157e+000  5.493161e+000  9.506882e+000  2.997067e+001  4.669656e-001 -4.696662e-001  5.259545e-002 -1.348206e-001  4.171883e-001  3.182454e-001 -8.091688e-001 -1.788327e-001 -2.339664e-001  1.284353e+000  1.483886e+000  1.204538e+000  3.089203e-001  1.394143e-001  2.748348e-001  3.045463e-001  7.696374e-002 -2.026523e-001 -9.484892e-002 -1.894608e-001 -3.694052e-001  2.788102e-001 -4.231455e-001 -7.818982e-001 -8.000992e-001  5.107012e-002
-1.424528e+001  8.622062e-001  6.129670e-001  1.677578e+000  1.592347e+000  1.362763e-002  1.574035e+000  5.549900e+000  6.281924e+000  1.092470e+001  9.044314e+000  7.159303e+000  3.005835e+001  1.266279e-001 -1.799726e-002  3.985994e-001 -3.431511e-001 -5.981423e-001  5.332469e-002 -1.276010e+000 -2.513785e-001  1.226407e-001  7.989789e-001  4.710423e-001 -4.453273e-002  7.717800e-002 -7.983921e-002  2.355825e-001  6.241464e-003 -1.496852e-001 -5.046219e-001 -2.349917e-001  1.958007e-001 -3.252268e-001  1.451451e-001 -8.914734e-001 -1.310633e+000 -1.066104e+000 -7.138576e-002
-1.132027e+001  1.928384e+000 -2.707135e+000 -3.500577e+000 -3.216141e+000 -1.676093e+000 -1.302775e+000  5.087956e-002  6.322566e+000  3.238929e+000  4.356537e+000  3.810457e+000  3.149495e+001 -1.016461e-001  2.016088e-001  5.417514e-001 -4.208325e-002 -6.666697e-001  1.315938e+000  4.611151e-001 -1.203465e+000  3.443280e-001 -1.007246e+000 -1.319170e+000 -1.783209e+000 -1.015148e-001 -2.990201e-001  1.200736e-001  2.461848e-002  1.132882e-001 -1.699310e-001 -8.227943e-002  3.265898e-001  3.480594e-002  2.356002e-002 -6.821468e-001 -9.881962e-001 -7.478310e-001 -1.994752e-001
-1.518997e+001  2.133163e+000 -1.807699e-001  1.280255e+000 -2.086123e+000  2.765143e+000 -5.408098e-001  2.031039e+000  4.920962e+000  4.841631e+000  2.772465e+000  2.162409e+000  2.952566e+001 -5.439900e-001  1.006851e-001  1.186379e-001 -1.937798e-001 -1.137356e+000 -1.273619e-001  4.110911e-001 -1.050238e+000  1.087080e-001 -1.308049e+000 -2.417386e+000 -1.861774e+000 -3.406830e-001 -1.195647e-001  7.419089e-002 -8.963125e-002  7.082839e-004  3.042248e-001 -3.331238e-001  1.895493e-001  2.665120e-001 -3.232558e-001 -4.224471e-001 -1.709154e-001 -1.313759e-003 -8.887077e-002
-1.490874e+001  1.242689e+000  1.763594e-001  7.057346e-001 -3.372894e+000  1.542811e+000  1.389860e+000 -1.631104e+000  5.239837e+000  2.340463e+000  2.033238e+000  3.089281e+000  2.972944e+001 -6.928258e-001  7.136071e-002  3.156686e-001  3.569346e-001 -1.628600e-001 -2.808416e-003 -1.977063e-002  3.946269e-001 -1.092000e-001 -1.072868e+000 -2.012881e+000 -1.625996e+000 -4.795250e-001  2.191671e-002  1.726620e-001 -6.314118e-002 -8.661828e-002  5.095360e-001 -3.909591e-001 -2.049642e-001  6.582436e-001 -3.482127e-001 -1.088444e-002  8.163916e-001  5.615011e-001 -3.619841e-003
-1.517099e+001  1.708479e+000 -2.355905e-001 -1.394477e+000 -4.016055e+000 -2.232634e+000  2.283173e+000  1.139700e+000  7.366828e+000  4.833694e+000 -1.880965e+000 -1.788978e+000  2.923769e+001 -1.756057e-001  4.180813e-001  6.348453e-002 -5.391186e-001  6.710769e-001 -9.529210e-001 -8.782119e-002  2.821355e-001 -1.266874e+000 -1.280446e+000 -3.667905e-002 -1.297082e-001 -1.781708e-001  1.140833e-001  1.616398e-001  8.914225e-002 -6.717416e-003  4.393055e-001  1.662905e-002 -2.156800e-001  3.821844e-001 -1.694967e-001  2.446956e-001  1.215361e+000  6.507877e-001  8.528164e-002
-1.479389e+001  2.497529e+000 -1.101382e+000 -3.785385e-001 -3.065475e+000  8.087539e-001 -2.813619e+000  2.469684e+000  4.553632e+000 -2.121441e+000 -3.381152e+000 -2.343830e+000  2.924131e+001 -1.762547e-001  9.062205e-001  2.536222e-001 -3.025053e-001  9.767939e-001 -2.260776e-001 -3.142497e-001  1.421566e+000 -7.089447e-001 -1.075470e+000  1.572435e+000  1.582632e-001 -2.008701e-001  1.923861e-001  2.208404e-002  1.658414e-002 -5.572684e-002 -2.287918e-002  1.740810e-001  2.093583e-001 -8.782180e-002  4.424114e-001  8.511539e-001  6.183175e-001  4.508193e-001  1.625210e-001
-1.612542e+001  3.596149e+000  7.755234e-001 -8.732018e-001  1.115552e+000 -1.632433e+000  1.121824e+000  1.391323e+000 -1.070307e+000  6.703537e-001  5.296265e+000  4.230423e+000  2.887887e+001 -2.318589e-001  4.914539e-001  5.953724e-001  1.023530e-001  4.893450e-001  6.741793e-002 -5.200694e-001  3.472142e-001 -4.389032e-001 -8.326979e-002  1.866760e+000  5.000352e-001 -5.360222e-002  1.903168e-001 -1.908412e-001  1.955144e-003  2.525950e-001 -3.684084e-001  4.545054e-001  4.829744e-001 -3.935285e-001  7.250751e-001  1.023891e+000 -4.972383e-001 -4.414311e-002  1.495838e-001
-1.531280e+001  4.829957e+000  9.389132e-001 -1.067430e+000 -1.054728e+000  1.123227e-001  3.992859e-001  5.350915e+000  5.913682e+000 -9.552164e-001  6.306799e+000  8.708972e-001  2.890450e+001  2.972315e-001  1.450945e-001  1.326454e-001 -2.424354e-001 -1.863900e-001  3.574273e-001  1.243145e+000 -7.702141e-002  1.688871e+000  2.584313e+000  1.269876e-001  3.132286e-001  2.707960e-001  1.513076e-001 -3.737786e-001 -1.974539e-001  1.271559e-001 -3.332461e-001  3.498563e-001  3.973981e-001 -7.370225e-001 -3.684855e-002  7.497153e-001 -7.399374e-001  4.294121e-003  1.184733e-001
-1.607083e+001  2.999535e+000  1.721124e+000 -5.382664e-001 -2.574703e+000 -1.547329e+000 -1.923627e+000  1.435155e+000  4.492288e+000  3.834233e+000  2.608858e+000 -8.961650e-001  2.913808e+001  5.392354e-001 -1.555618e-001  1.337487e-001  6.938217e-001 -5.893734e-001  1.027854e+000  1.548354e+000 -9.362132e-001  1.159593e+000  2.009119e+000 -1.800147e+000 -4.279065e-001  3.339149e-001  7.567330e-002 -1.877886e-001 -2.611530e-001  6.927229e-002 -2.693634e-002  3.761840e-002  6.542271e-002 -5.027315e-002 -6.389161e-001 -1.110621e-001 -1.955030e-001 -1.140794e-001 -8.272837e-003
-1.333502e+001  3.521309e+000 -9.109553e-001 -1.758183e+000 -2.152298e+000  2.553338e+000  4.924830e+000  2.062660e+000  1.021669e+001  9.218186e+000 -1.402510e+000  1.785607e+000  3.046568e+001  1.947358e-001 -6.391646e-001 -5.028355e-001  3.753971e-002 -1.500773e-001  1.042986e+000  6.385292e-001 -1.621833e+000 -1.692436e+000  1.626912e+000 -2.937989e-001  6.437047e-001  1.977379e-001 -5.531732e-002 -6.428949e-002 -1.542758e-001  4.475220e-003  1.702684e-001 -3.712581e-001 -6.086662e-001  4.652450e-001 -1.235282e+000 -1.184972e+000  4.358968e-001 -1.563525e-001 -8.332439e-002
-1.441813e+001  3.472664e+000  2.369201e+000  2.941283e+000 -1.282530e+000  2.286328e+000  6.600821e+000 -1.645616e+000  2.576155e+000  5.629248e+000  1.501851e-001  1.633535e+000  2.976785e+001  1.977554e-001 -5.535968e-002 -3.926525e-001  3.087269e-001  3.365070e-001 -8.726931e-002  1.093519e-001  8.682542e-001 -1.942830e+000 -1.598796e-001  1.099638e+000 -2.355996e-001 -5.843735e-002  7.054452e-002  4.176772e-002 -2.013666e-001 -2.732546e-001  1.507328e-001 -6.808956e-001 -5.383608e-001  6.945220e-001 -4.210626e-001 -1.180170e+000  3.619554e-001 -2.699887e-001  2.380073e-002
-1.516547e+001  1.397569e+000 -1.899303e+000 -2.619506e+000 -2.451201e+000  3.410423e+000 -6.702915e-001 -1.217864e+000 -1.590431e+000  6.281837e+000  6.067141e+000  2.824571e+000  2.957830e+001  1.913849e-001 -2.264540e-001 -3.755331e-001 -2.751194e-002  2.020116e-001 -9.413016e-001 -1.080686e+000  1.346970e+000 -2.936329e+000 -2.256047e+000  8.565793e-001 -5.646874e-001  5.035019e-002  1.492761e-001  6.649346e-003 -5.279910e-002 -4.690635e-002 -3.915992e-002 -6.669063e-001 -1.535929e-001  2.150096e-001  6.114466e-001 -9.983853e-001 -4.140468e-001 -4.784285e-001  1.063809e-001
-1.416683e+001  3.784606e+000  2.520355e-001  1.436029e+000 -7.427170e-001 -2.412218e+000  1.420694e+000  7.416688e+000  6.816996e-001  4.503009e+000  4.372221e+000 -2.593645e+000  2.928958e+001  8.936335e-001 -1.530786e-001 -9.367355e-001 -6.399254e-001 -1.175402e-002 -1.384480e+000 -2.838431e-001  1.051996e+000 -3.237727e-001 -1.950251e+000 -5.655590e-001 -1.173654e+000  5.266125e-001 -3.011716e-002 -1.271798e-001 -1.695858e-002  2.374049e-002 -2.780821e-001 -1.336555e-001 -1.157649e-001 -7.120179e-001  7.727905e-001 -2.494685e-001 -2.988876e-001  5.077748e-002  8.257679e-002
-1.250375e+001  2.233067e+000 -1.730038e+000 -1.143116e+000 -1.412146e+000  1.961028e-001  2.111465e+000  4.266358e+000 -3.517726e+000 -1.498930e+000  7.693685e-001  1.075760e+000  3.095657e+001  5.931774e-001 -5.570585e-001 -4.947895e-001  2.773341e-001 -1.717464e-001 -1.642940e+000  6.716223e-002 -6.386558e-001  5.552686e-001 -2.469829e+000 -1.531434e+000 -1.279410e+000  4.371174e-001 -3.177439e-001 -2.484322e-002  1.087478e-001  2.570068e-001 -2.010862e-001  4.003734e-001  2.083732e-001 -4.381877e-001  7.404214e-001  6.155589e-001  3.213008e-001  1.831461e-001 -1.261887e-001
-1.128082e+001  2.289522e+000 -2.399109e+000 -9.965385e-001 -1.860828e+000 -3.028913e+000  3.790727e+000  8.722513e-001  1.920939e+000 -2.316215e-001 -2.872419e-002 -3.360330e+000  3.171178e+001 -1.537267e-001 -5.259567e-001 -4.178171e-001  2.750063e-001 -8.670247e-001 -4.047276e-001 -1.043397e+000 -1.699022e+000  1.753237e-001 -1.300331e+000  7.992063e-001  3.756494e-001  1.610630e-001 -5.637619e-001  3.326160e-003  1.490468e-001  1.474444e-001 -1.121711e-001  4.796291e-001 -1.335555e-002  3.101138e-002 -6.061283e-002  7.543944e-001  5.552683e-001  1.830995e-001 -3.122007e-001
-1.364259e+001 -6.401807e-001 -3.047678e+000 -1.655140e-002 -2.750878e+000 -4.495931e+000 -1.519497e+000 -1.138924e+000  5.662925e-001 -3.699991e+000  6.104410e-001 -3.189139e+000  3.055279e+001 -8.736547e-001 -1.642310e-001 -9.125338e-002  8.000560e-001 -3.757841e-001  5.706891e-001  3.409573e-001  5.315403e-001  5.162297e-001  4.967880e-001  1.780701e+000 -4.236088e-001 -3.978187e-001 -3.812557e-001  1.509271e-001  1.462658e-001 -1.949580e-001  1.672202e-001  3.894100e-001 -1.008210e-002  4.455453e-001 -8.486204e-002  8.658316e-001  3.298635e-001  4.613819e-002 -2.511571e-001
-1.436605e+001  2.591447e+000 -1.178230e+000  2.247778e+000 -4.408475e+000 -2.089839e+000 -1.980808e+000  1.624218e+000 -4.836910e-001 -8.981165e-001  8.447716e+000  1.417052e+000  3.029679e+001 -1.191760e+000 -3.328615e-001 -3.932696e-001 -1.640645e-001 -4.705908e-001 -9.314930e-002 -4.875184e-001  6.219545e-001 -6.073174e-001  3.384129e-001  5.547149e-001 -6.860576e-001 -6.169232e-001 -7.089616e-002  1.445744e-001  3.250574e-001 -2.324068e-001  4.132928e-001  1.829538e-002  4.688353e-002  3.624284e-001  4.730262e-001  7.849779e-001 -3.413549e-001  5.961350e-003 -1.129850e-001
-1.532941e+001  1.260949e+000 -2.796744e+000  1.235006e+000 -2.017243e+000  2.580011e+000  6.702019e+000  6.548077e+000  2.657382e-001  1.318258e+000  5.434652e+000 -3.430975e+000  2.967497e+001 -7.940844e-001  1.010293e-001  2.242660e-001 -4.779204e-001  4.661374e-001  1.483207e-001 -2.611874e-001  4.285824e-001  5.222790e-001  1.039958e+000  2.401289e-001 -5.178661e-001 -4.296751e-001  2.113524e-001  1.203234e-001  3.980945e-001 -1.623719e-001  2.150805e-001 -1.953504e-001 -3.272246e-001 -1.666084e-001  5.171089e-001  5.631421e-001 -4.334576e-001  4.997931e-001  4.642122e-002
-1.639621e+001 -3.253507e-001 -4.490924e+000 -2.442640e+000 -4.580599e+000 -7.032630e+000 -2.757623e+000  1.385234e-001 -9.653706e-001 -1.048681e+000  3.327445e-001 -6.669700e+000  2.906607e+001 -5.479926e-001  6.428532e-002  1.049710e+000 -2.480395e-001  7.784785e-001 -1.020665e-001 -5.079066e-001  1.645985e-001  2.537430e+000  2.352974e+000 -1.372825e-001  4.525847e-001 -3.879339e-001  3.857233e-001  1.610465e-001  3.569817e-001  2.724881e-001  1.618818e-001  1.889490e-001  2.319969e-001 -6.507811e-002  2.493813e-001  4.433426e-001 -2.087868e-001  5.987344e-001  1.200983e-001
-1.659793e+001  1.323364e+000 -2.700013e-001 -6.094413e-002 -3.341285e-001 -1.282931e+000 -2.437026e+000  1.746835e+000  3.418527e+000  1.575079e+000  5.868571e+000 -1.735093e+000  2.901977e+001 -1.387764e-001  2.388123e-001  1.177729e+000  3.018383e-002  7.508405e-002 -4.016044e-001 -1.284972e+000 -7.282379e-002  1.529400e+000  2.305218e+000 -4.058873e-002  1.506036e+000 -2.802072e-001  3.207455e-001 -3.582815e-002 -6.791288e-002  2.866400e-001 -8.840162e-002  8.582570e-002  4.483013e-001 -1.132249e-001 -5.560413e-001 -1.237712e-001 -2.487311e-001  2.506330e-001  1.335147e-001
-1.647175e+001  2.881666e+000  2.806948e+000  1.655556e+000 -1.357640e+000 -6.687002e-001  4.918185e-002  4.847831e+000  1.062707e+001  1.073834e+001  7.544344e+000  2.832035e+000  2.868472e+001  4.092027e-001  4.034797e-001  9.149073e-001  9.443241e-001  5.343451e-001  1.126558e+000  1.184358e+000  5.472671e-001  1.360283e-001  1.922496e+000 -3.488602e-001  1.295663e+000 -9.116554e-002  1.531867e-001 -1.298808e-001 -3.753456e-001  9.362923e-002 -2.028327e-001 -2.827443e-004  3.254134e-001 -2.324163e-001 -1.003775e+000 -7.226714e-001 -4.938640e-002 -1.395523e-001  1.180186e-001
