50 39
-1.264849e+001  9.584559e+000  3.247481e+000  3.536436e+000 -1.903293e+000 -3.130453e+000 -1.126900e+001 -8.690864e+000 -8.623616e+000 -6.272396e+000  9.187824e+000  3.421802e-001  5.137546e+001 -7.163218e+000 -1.374395e+000 -3.045386e+000 -1.027551e-001  3.720691e+000  1.804774e+000  3.221698e+000  4.134606e+000 -2.223006e-001  2.990073e+000  2.853366e+000  5.741500e-001 -7.959747e-001  3.213585e-001 -1.409890e+000 -3.429049e-001 -4.912736e-001 -1.858945e+000  4.646005e-001 -9.726985e-002 -4.425893e-001  1.214912e+000 -3.388411e-001 -6.886593e-001  6.432208e-001  9.436341e-002
-2.156273e+001  1.847228e-001 -7.643520e-002  5.239760e+000  1.375012e+000  3.338838e+000  1.211541e+000 -1.478746e+000 -3.633012e+000  1.344624e-001  4.836440e+000 -1.536710e+000  5.030893e+001 -5.357495e+000 -2.968470e+000 -2.863540e+000 -6.252965e-001  3.683608e-001  1.414256e+000  2.571338e+000  2.560033e+000  1.079095e+000  1.799725e+000  1.208448e+000  1.926908e+000 -1.056198e+000  1.616225e+000 -4.534301e-001  1.479309e-001 -3.368603e-001 -1.950845e+000 -2.852448e-001 -1.282126e+000 -1.022857e+000  7.992599e-001 -9.069976e-001 -1.082317e+000  1.561401e-001  1.606041e-001
-2.285744e+001 -1.438746e+000 -4.805120e+000  9.213309e-001 -5.790719e+000  1.353703e+000 -9.229037e+000 -4.495092e+000 -3.893879e+000  7.052188e-001  9.662606e+000  6.010822e+000  4.998456e+001 -2.512254e+000 -2.802296e+000 -2.491079e+000 -1.228063e-001 -1.029049e+000  1.176933e+000  5.039089e-002  1.634589e+000  2.500331e+000  1.644653e+000 -1.366646e+000  9.092513e-001 -8.614922e-001  1.758505e+000  3.168464e-001  6.242713e-001 -7.369030e-002 -9.704838e-001 -7.085993e-001 -8.131018e-001 -6.733458e-001  1.087177e-001 -9.994804e-001 -1.222311e+000 -9.628565e-001  3.097791e-001
-2.386228e+001 -1.416475e+000 -5.503701e+000  2.788445e+000 -6.900239e+000  1.560923e+000 -7.515364e+000 -3.256739e+000 -1.906135e+000  5.762213e-001  3.939552e+000  5.082637e+000  4.751841e+001 -7.601994e-001 -1.018626e+000 -1.556064e+000 -5.424295e-001 -9.310173e-001 -1.653588e-001 -1.404093e+000  9.202886e-001  9.816440e-001 -2.232771e-001 -1.273444e+000 -6.022351e-001 -2.616871e-001  1.185377e+000  8.588523e-001  7.633537e-001 -2.036112e-001 -1.488499e-001 -6.624353e-001 -1.647685e-001 -1.379360e-001 -1.574500e-001 -7.858272e-001 -3.758449e-001 -1.099521e+000  5.422931e-001
-2.405999e+001 -3.626323e+000 -6.494281e+000  4.148062e+000 -2.910914e+000  3.643167e+000 -6.653595e+000  3.710780e-001  3.014602e+000  1.729988e+000  2.803038e+000  1.578763e+000  4.846326e+001 -6.693426e-001 -7.650845e-001 -5.777673e-001 -5.126401e-001 -4.820393e-001 -9.484151e-001  1.143904e+000  1.587749e+000  3.700133e-001 -9.958279e-001 -2.017243e+000 -2.975561e+000  3.556652e-001  4.747653e-001  7.584409e-001  4.396234e-001 -3.508518e-001 -4.467927e-002 -4.608716e-001  3.716948e-001 -1.647053e-002 -2.986298e-001 -5.561062e-001  3.762377e-001 -1.389018e-001  4.810099e-001
-2.476245e+001 -3.814620e+000 -7.012175e+000  9.142471e-001 -4.719977e+000  1.367311e+000 -7.096645e+000  6.896115e-001 -2.179033e+000 -1.494308e+000  1.899004e+000 -2.331856e+000  4.976115e+001 -3.520645e-001  3.071856e-001 -3.427124e-003 -1.448435e+000 -6.493936e-001 -8.352465e-001  1.200739e+000  1.893773e+000  1.357004e+000 -8.091706e-001 -3.454782e-001 -1.628291e+000  1.046689e+000  1.602492e-001  4.074497e-001  5.380496e-002 -5.549716e-002 -5.433705e-002  7.583129e-002  2.142676e-001 -1.293745e-001 -1.078526e-001  6.187049e-002  5.974516e-001  6.941751e-001  2.609927e-001
-2.575407e+001 -4.065096e+000 -6.939719e+000 -7.047709e-001 -9.291046e+000 -3.291567e+000 -3.718879e+000  1.470477e+000 -1.907364e+000 -3.238656e+000  5.966673e-001 -5.159735e+000  5.064152e+001 -3.424950e-001  3.270021e-001 -1.069280e+000 -1.424062e+000 -1.393257e+000 -7.924814e-001  6.064491e-001  1.065494e+000  8.195024e-001 -8.429315e-001  5.055942e-002  7.277702e-001  8.893696e-001  7.980988e-002  1.815063e-001 -8.924089e-002  3.586611e-001  1.796486e-001  7.402866e-001 -3.402693e-001 -6.246863e-001 -4.668321e-001  4.319977e-001  4.888143e-001  8.303848e-001 -2.623401e-002
-2.477556e+001  3.388392e-001 -5.298117e+000 -2.027316e+000 -6.957141e+000  8.520576e-001 -2.979028e+000  5.662426e+000  7.339869e+000 -9.853095e-001  3.315347e+000  3.104296e-001  5.166272e+001 -1.223774e-001  4.725790e-001 -1.041283e+000 -3.642041e-001 -7.470935e-001  1.358308e-001 -6.402767e-002  5.345433e-001  2.176366e-001  9.627176e-003  6.799127e-001  1.016975e+000  7.764241e-001  6.389261e-004 -1.474261e-001 -6.200504e-002  4.926468e-001  4.265430e-001  7.518967e-001 -9.291263e-002 -8.186103e-001 -1.020510e+000  3.564339e-001 -2.884406e-002  2.454981e-004 -2.709581e-001
-2.576591e+001 -4.068042e+000 -1.269771e+001 -1.501469e+000 -8.758619e+000 -6.161288e-002 -5.680158e+000  3.212142e+000  2.352663e+000 -2.739168e+000  2.347664e+000  3.896471e+000  5.195932e+001 -3.851368e-001  5.975014e-002 -5.050439e-001  7.385499e-001  4.650536e-001  2.267479e+000  7.494068e-002 -8.560677e-001 -1.394463e+000  7.547618e-001 -8.586664e-002 -1.462702e-001  3.596275e-001  1.764532e-001  2.996637e-002  4.535009e-001  2.176276e-001  5.493398e-001  2.973000e-001  3.128230e-001 -7.237262e-001 -7.600297e-001  1.824813e-001 -2.026650e-001 -4.833415e-001 -3.300176e-001
-2.536842e+001 -1.450252e+000 -9.339593e+000 -5.084245e-001 -8.721658e+000  4.314880e-001 -6.436143e+000  2.491495e+000 -3.220863e+000 -1.695916e+000  4.423069e+000 -1.775084e+000  5.298436e+001 -3.275490e-001 -2.963188e-001 -5.955704e-001 -6.650747e-002  5.541657e-001  1.394257e+000  1.001930e+000 -1.238498e+000 -2.638561e+000  1.741521e-001 -4.214855e-001 -1.190044e+000 -4.323044e-002  8.735723e-001  3.438974e-001  6.886135e-001 -2.806146e-001 -1.547067e-001 -8.537462e-001 -7.600302e-002 -5.523692e-001 -1.505774e-001 -4.483944e-001 -8.141974e-001 -3.121746e-001 -1.568763e-001
-2.738333e+001 -2.871799e+000 -7.444201e+000  2.228533e+000 -6.083520e+000  8.256113e+000 -1.615617e+000 -1.224396e+000 -3.599315e+000  8.904558e-001 -3.865268e-001 -4.848329e+000  5.177884e+001  6.423567e-001  8.612828e-001  9.753683e-001 -4.847731e-001  7.028118e-001  6.480531e-002  1.637585e+000 -1.666616e+000 -1.552548e+000 -1.278765e-002 -4.120664e-001 -5.854281e-001 -3.508911e-001  1.847799e+000  2.358207e-001  6.532676e-001 -5.079966e-001 -1.086184e+000 -1.654589e+000 -1.061203e+000 -5.547774e-003  3.325771e-001 -9.476717e-001 -1.023218e+000 -7.772839e-002  5.176120e-001
-2.560460e+001 -1.740876e+000 -1.090272e+001 -4.224854e+000 -5.523862e+000  3.664479e+000 -1.647651e-003  1.688205e+000 -2.876946e+000 -1.929361e+000  2.575015e+000 -1.267388e+000  5.153682e+001  3.731738e+000  1.791300e+000  1.661579e+000 -1.155615e+000 -1.639506e+000 -3.031564e+000 -1.225365e+000 -1.822028e+000 -4.562081e-001 -1.848570e+000 -3.227974e+000 -3.243192e-001  3.473019e-001  2.010194e+000 -5.141459e-001  4.416648e-001 -2.111278e-001 -1.586785e+000 -9.531170e-001 -1.777294e+000  4.841512e-001  3.391787e-001 -8.852889e-001 -1.206547e+000 -3.530000e-001  1.152308e+000
-2.243603e+001  3.836837e-001 -7.039303e+000 -2.067120e+000 -6.843458e+000 -1.354082e+000 -7.094811e-001 -4.719292e+000 -5.582033e+000 -2.686384e+000  1.211359e+000  7.154827e-001  5.092864e+001  6.824216e+000  1.950447e-001  1.632720e+000 -1.256879e+000 -3.869032e+000 -3.792557e+000 -4.117424e+000 -5.920413e-001 -8.227544e-001 -2.972236e+000 -3.798713e+000 -9.677743e-001  2.752422e+000  1.114331e+000 -1.549016e+000 -2.953134e-001 -1.744812e-001 -1.325494e+000  2.578948e-001 -1.421223e+000  1.077788e+000  1.145096e-001 -7.031181e-001 -6.543679e-001 -7.870432e-001  1.289024e+000
-9.183377e+000  5.878504e+000 -1.234148e+000 -4.138675e+000 -1.653922e+001 -9.921232e+000 -1.301604e+001 -4.871199e+000 -4.510544e+000 -9.150347e+000 -1.251575e+001 -6.178586e+000  5.514597e+001  6.632493e+000 -2.533929e+000  1.284078e+000 -7.360934e-001 -5.093839e+000 -1.442647e+000 -5.007035e+000  6.449711e-001 -1.307564e+000 -2.772568e+000 -4.760895e+000 -2.763870e+000  4.166654e+000 -6.500441e-001 -1.981640e+000 -7.293880e-001 -1.159751e-001 -6.328592e-002  1.480177e+000  9.078946e-002  1.265122e+000  4.450811e-002 -3.677030e-002  7.340550e-001 -5.505085e-001  6.352085e-001
-1.472857e+000 -5.706266e+000 -4.114891e+000 -4.098951e+000 -1.992100e+001 -3.913815e+000 -1.569555e+001 -9.049001e-001 -6.896288e+000 -1.036023e+001 -1.183471e+001 -7.231602e+000  6.373637e+001  4.763633e+000 -4.721185e+000 -3.124480e-001 -1.566940e+000 -4.197493e+000  5.598212e-001 -3.577693e+000  2.488823e+000 -5.543218e-001 -3.066379e+000 -2.917445e+000 -3.300869e+000  4.184554e+000 -1.798238e+000 -9.785617e-001 -6.289210e-001 -6.537949e-002  9.117074e-001  1.440366e+000  1.116251e+000  7.956083e-001  2.750208e-001  3.641541e-001  1.288183e+000  9.673774e-003 -5.261765e-001
-2.923725e+000 -1.136555e+001 -5.944541e+000 -6.889405e+000 -2.445428e+001 -2.268889e+000 -1.754379e+001  3.005864e+000 -8.757639e+000 -1.195528e+001 -1.470642e+001 -1.111320e+001  6.596622e+001  1.511808e+000 -5.658785e+000 -1.012777e+000 -1.580461e+000 -1.791706e+000  2.193135e+000 -1.041283e+000  2.963149e+000 -3.678839e-001 -1.985350e+000  1.666927e-003 -1.910314e+000  2.807278e+000 -1.613779e+000  3.010338e-001 -2.000904e-001  1.449644e-001  1.409733e+000  7.342776e-001  1.349177e+000  1.692749e-001  4.114532e-001  6.311609e-001  1.459274e+000  7.425376e-001 -1.101917e+000
-1.747692e+000 -1.460022e+001 -6.246346e+000 -8.526455e+000 -2.387339e+001 -2.381147e+000 -1.633407e+001  3.786294e+000 -6.230095e+000 -1.661581e+001 -1.228053e+001 -1.332156e+001  6.644128e+001  3.933691e-001 -3.135336e+000 -3.634575e-001 -1.161593e+000 -9.615616e-001  1.591382e+000 -5.190476e-001  2.226911e+000  8.250976e-002 -1.545074e+000  2.609223e-001 -1.346183e+000  8.012268e-001 -9.499592e-001  1.127777e+000  1.815929e-001  4.954265e-001  1.080273e+000  1.950901e-002  8.879379e-001 -4.978968e-001  1.285338e-001  7.814245e-001  6.972165e-001  8.721287e-001 -1.062304e+000
-1.486918e+000 -1.796845e+001 -5.232307e+000 -9.827226e+000 -2.352155e+001  2.781079e-001 -1.790319e+001  7.598949e+000 -6.683060e+000 -1.594931e+001 -1.228450e+001 -1.268518e+001  6.782990e+001  7.487282e-001 -1.821685e+000  3.091307e-001 -2.139453e-001  3.368616e-001  1.712961e+000  2.095274e-001  1.622302e+000  4.312862e-001 -3.774162e-001  9.462913e-001 -2.852488e-002  3.487312e-001 -2.454940e-001  1.284899e+000  1.917767e-001  5.275710e-001  5.963382e-001 -4.853026e-001  4.556051e-001 -7.752358e-001  3.862834e-003  5.763770e-001  6.246129e-003  5.263571e-001 -6.486457e-001
-2.244150e-001 -1.808150e+001 -6.288295e+000 -8.438004e+000 -2.519517e+001  2.769595e+000 -1.811108e+001  7.933113e+000 -7.521029e+000 -1.608859e+001 -1.174106e+001 -1.317653e+001  6.681066e+001  3.953772e-001 -1.000853e+000 -6.543751e-002  2.269349e-001  1.395885e-001  8.974532e-001  2.365913e-001  6.697632e-001 -3.112380e-001  3.677654e-002  9.632464e-002  1.188802e-001  1.023079e-001 -1.246481e-001  7.283691e-001 -4.611774e-002  2.880819e-001  4.081104e-001 -5.872329e-001  2.874435e-001 -6.833004e-001 -1.343136e-001  3.757689e-001 -1.683100e-001  2.019489e-001 -1.890265e-001
 5.827754e-002 -1.873333e+001 -4.377913e+000 -8.003357e+000 -2.210908e+001  3.720545e+000 -1.560765e+001  9.043963e+000 -5.955741e+000 -1.410597e+001 -1.024470e+001 -1.132834e+001  6.752519e+001  2.833342e-001 -3.015314e-001 -2.029041e-001  3.631307e-001  6.394098e-001  1.135860e-001  8.589226e-001 -1.344559e-001 -1.516958e-001  1.056095e-001  1.151964e-001 -1.106091e-002 -8.649063e-002 -1.523076e-001  3.895252e-001 -1.259964e-001 -2.477133e-002  1.512541e-001 -4.656036e-001 -8.496446e-002 -3.496356e-001 -2.196907e-001  2.480648e-001 -2.528516e-001 -2.128021e-001 -7.582992e-002
-5.434034e-001 -1.922204e+001 -7.000731e+000 -8.303715e+000 -2.388168e+001  3.849002e-001 -1.629889e+001  6.412603e+000 -8.149944e+000 -1.735360e+001 -1.281881e+001 -1.340558e+001  6.710518e+001  2.825627e-003 -2.535673e-001 -3.380288e-001 -9.721088e-003  9.277163e-001 -5.450956e-001  5.934724e-001 -3.112121e-001 -2.975675e-001  9.225712e-002 -1.650804e-001 -3.451712e-001  7.370529e-002  4.387240e-002  1.465243e-001  1.548093e-001 -1.712050e-001  2.389787e-001  1.219008e-002 -2.562849e-001  1.112829e-001 -8.367265e-003  4.810145e-001  7.903261e-002 -2.779975e-001 -1.857513e-002
 8.924749e-002 -1.890583e+001 -5.890610e+000 -8.078717e+000 -2.098125e+001  2.038385e+000 -1.451468e+001  7.686925e+000 -7.127081e+000 -1.478875e+001 -1.116965e+001 -1.262596e+001  6.725019e+001  1.834658e-001 -2.477016e-001 -1.845558e-001 -2.194739e-001  6.990682e-001  1.062175e-001 -3.937354e-001  3.646112e-001 -6.740026e-001  8.351676e-001 -1.872642e-001 -8.605097e-001 -1.611710e-002  1.778065e-001 -7.853719e-003  2.362609e-001 -2.602491e-001  2.966472e-002  2.258744e-001 -5.559515e-001  1.459262e-001 -3.049510e-002  6.237336e-001  1.012554e-001 -4.017258e-001 -6.889572e-002
-2.257718e-001 -1.926308e+001 -7.222091e+000 -8.448930e+000 -2.112051e+001  8.851965e-001 -1.569020e+001  7.055572e+000 -8.423196e+000 -1.528591e+001 -1.210399e+001 -1.425357e+001  6.731669e+001  6.646734e-001 -2.951458e-001  6.994348e-001 -3.377878e-001  1.304653e+000  9.620878e-001 -4.185042e-001  9.766440e-001 -9.192090e-002  2.077070e+000  6.427180e-001 -8.463831e-001 -2.575455e-002  2.902098e-001  1.315176e-001  2.927809e-001 -1.265547e-001  1.382142e-002  2.201429e-001 -4.201068e-001 -2.791032e-001  8.899516e-002  6.288645e-001  2.532887e-001 -3.131131e-001 -2.965522e-001
 8.167906e-001 -1.995132e+001 -5.190012e+000 -9.028119e+000 -1.999433e+001  4.001484e+000 -1.788066e+001  1.054554e+001 -9.189129e+000 -1.096398e+001 -1.153843e+001 -1.520689e+001  6.733885e+001  8.414430e-001 -3.200108e-001  4.596684e-001 -7.740814e-001  5.992651e-001  4.893664e-001 -1.414847e+000 -4.875302e-002 -4.069946e-001  2.231871e+000  2.175741e-001 -1.769084e+000 -3.812393e-001  7.303913e-002  6.899517e-001  1.000068e-001  1.787913e-001  3.628800e-001 -3.714007e-001  2.674938e-001 -1.435554e+000  2.805883e-001  2.917379e-001  2.908378e-001 -2.534401e-003 -6.025469e-001
 2.416192e+000 -2.017502e+001 -3.853856e+000 -9.517953e+000 -1.785188e+001  4.213789e+000 -1.670841e+001  9.866518e+000 -7.578525e+000 -8.880633e+000 -9.420827e+000 -1.634703e+001  6.693208e+001  1.124886e+000  4.401751e-001  8.037635e-001 -3.651911e-001  1.046725e+000  3.640446e-001 -9.965059e-001 -1.500046e+000  1.390429e-002  2.538228e+000  8.989443e-001 -1.456450e+000 -1.226495e+000 -4.313761e-001  1.368672e+000 -1.078230e-001  5.836963e-001  6.416446e-001 -7.337922e-001  6.623570e-001 -2.156977e+000  7.078577e-002 -5.934820e-002  8.820552e-002  4.869076e-001 -8.034681e-001
 2.975481e+000 -2.004992e+001 -5.276385e+000 -1.141461e+001 -1.961924e+001  2.820920e+000 -2.107981e+001  6.037687e+000 -9.584390e+000 -6.832038e+000 -1.142336e+001 -2.042465e+001  6.553630e+001  3.185551e-001  2.834396e+000  2.633141e-001  6.881841e-001  2.642432e+000 -1.451764e+000  1.232735e+000 -5.574814e+000  6.760262e-001  2.063278e+000  1.138812e+000 -5.681484e-001 -2.428482e+000 -7.290536e-001  1.521638e+000 -4.021088e-002  8.599238e-001  7.390929e-001 -8.047397e-001  9.635705e-001 -1.648177e+000 -2.685804e-001 -3.766791e-001  1.467136e-002  9.170786e-001 -6.203792e-001
 4.319314e+000 -1.701291e+001 -3.160087e+000 -9.081638e+000 -1.607443e+001  3.295702e+000 -1.907316e+001  1.809268e+000 -8.156044e+000 -4.660742e+000 -7.666803e+000 -1.892694e+001  6.208549e+001 -1.230763e+000  4.971012e+000  2.584969e-001  1.849561e+000  3.491292e+000 -1.736308e+000  1.569490e+000 -7.045210e+000 -2.795025e-001  1.864626e+000  6.231269e-001  9.876873e-001 -3.019474e+000 -6.351787e-001  5.946395e-001 -1.289651e-001  5.286136e-001 -8.970221e-002 -4.549294e-001  3.393083e-001 -1.401233e-001 -7.585699e-001 -5.918877e-001 -5.182421e-001  6.218495e-001  6.968828e-002
 1.458005e+000 -7.360394e+000 -4.220326e+000 -5.805356e+000 -7.670894e+000 -2.798293e+000 -1.053462e+001 -1.329991e+001 -5.520238e+000 -2.757530e+000 -6.721383e+000 -1.675768e+001  5.761974e+001 -1.626001e+000  5.022759e+000  5.312473e-001  2.418161e+000  3.072446e+000 -2.484156e+000  2.120008e+000 -5.517056e+000 -1.603193e+000  6.852769e-001  4.288396e-001  1.594241e+000 -2.586646e+000  2.467253e-002 -1.213741e+000 -6.511148e-002 -3.227595e-001 -1.272223e+000  5.063207e-001 -7.519278e-001  1.985490e+000 -7.304529e-001 -8.985674e-001 -6.677470e-001 -2.222698e-001  9.234120e-001
-2.978885e+000 -1.664726e+000 -3.089401e+000 -3.074777e+000 -6.369590e+000 -1.658145e+000 -1.413356e+001 -1.569073e+001 -1.100811e+001 -1.594759e+000 -8.656180e+000 -1.324208e+001  5.579299e+001 -1.078730e+000  2.319191e+000  2.497146e-002  1.412888e+000  3.832069e-001 -1.394406e+000  2.563991e-001 -2.229542e+000 -2.639335e+000  2.677905e-001 -1.337280e+000  5.716034e-001 -7.989712e-001  6.594839e-001 -2.556770e+000 -2.434276e-001 -1.141825e+000 -1.841004e+000  1.092167e+000 -1.246849e+000  2.886418e+000  7.780194e-003 -1.207157e+000 -5.212308e-001 -1.024545e+000  1.419005e+000
-1.505423e+000 -2.610213e+000 -2.655492e+000 -2.327237e+000 -9.109428e+000 -7.122936e+000 -1.294957e+001 -1.279759e+001 -1.617432e+001 -4.938645e+000 -8.784472e+000 -1.529588e+001  5.574932e+001  3.659011e-001 -1.908399e+000  5.451939e-002 -7.072769e-001 -2.164638e+000  9.088880e-001 -1.870359e+000  1.944802e+000 -1.796322e+000 -1.631141e+000 -1.219720e+000 -1.471455e+000  1.078327e+000  6.303387e-001 -2.427338e+000 -3.093890e-001 -1.274182e+000 -1.343667e+000  1.631466e+000 -1.284286e+000  2.690442e+000  7.799456e-001 -9.726754e-001 -1.446341e-001 -7.586445e-001  1.332120e+000
 4.073797e-001 -7.792043e+000 -3.817647e+000 -3.756256e+000 -1.343913e+001 -1.514009e+000 -1.658369e+001 -9.589599e+000 -1.602568e+001 -2.231232e+000 -1.332166e+001 -1.679982e+001  5.902584e+001  1.070706e+000 -4.347260e+000 -7.202773e-001 -2.296846e+000 -3.095188e+000  2.028007e+000 -2.669573e+000  3.655952e+000 -1.440372e-001 -3.012950e+000 -1.158747e+000 -2.602188e+000  2.243066e+000  1.643955e-001 -1.131332e+000 -1.998884e-001 -7.749543e-001 -2.725766e-001  1.053575e+000 -6.690401e-001  1.559491e+000  8.223338e-001 -7.854066e-001  2.054218e-001  2.066520e-001  6.460205e-001
 1.594378e+000 -1.383873e+001 -3.583606e+000 -9.001000e+000 -1.495931e+001  1.674080e+000 -1.866134e+001 -6.626469e+000 -1.199306e+001 -1.059500e+001 -1.048724e+001 -2.233608e+001  6.139494e+001  4.509756e-001 -3.780707e+000 -6.430732e-001 -2.097881e+000 -1.906693e+000  3.961967e+000 -2.838437e+000  4.992407e+000  1.048886e+000 -2.537730e+000 -3.835976e-001 -6.120861e-001  2.552938e+000 -2.825554e-001  3.795417e-001  5.153377e-002  2.079989e-002  5.768293e-001  9.334163e-002  6.099226e-002  1.174472e-001  3.844364e-001 -9.883304e-002  9.422474e-002  1.354275e+000 -1.179790e-001
 8.247429e-001 -1.778677e+001 -6.226730e+000 -1.122213e+001 -1.892059e+001  4.083380e+000 -2.462554e+001 -4.965331e-001 -1.381893e+001 -1.383133e+001 -1.359853e+001 -2.273291e+001  6.418551e+001 -2.992896e-001 -2.401315e+000 -6.256743e-001 -1.766581e+000 -1.108649e+000  2.346929e+000 -2.604763e+000  4.044112e+000  4.972973e-002 -3.205948e+000 -7.282322e-001  1.175179e+000  1.693825e+000 -2.546605e-001  1.213280e+000  5.626205e-001  4.227505e-001  1.025493e+000 -7.850212e-001  7.869058e-001 -1.125129e+000  4.248375e-001  2.162120e-001  2.673023e-001  1.685329e+000 -7.153167e-001
 5.407734e-001 -1.651639e+001 -4.666316e+000 -9.083708e+000 -1.590216e+001  9.888207e+000 -2.312083e+001  7.617910e+000 -1.203327e+001 -1.182724e+001 -1.056402e+001 -1.538976e+001  6.593418e+001 -3.618785e-001 -9.836636e-001  2.648868e-001 -8.684098e-001 -2.737604e-001  1.216135e+000 -1.597803e+000  2.337958e+000  2.897644e-002 -2.028807e+000 -9.638535e-001  3.411239e+000  7.630523e-001  7.343982e-002  1.247495e+000  7.878929e-001  4.028316e-001  6.739109e-001 -1.523539e+000  1.040132e+000 -2.151715e+000  6.421043e-001  1.964184e-001  2.908551e-001  9.148807e-001 -1.048754e+000
-5.622656e-001 -1.845979e+001 -6.404664e+000 -1.254781e+001 -1.851094e+001  6.113572e+000 -2.737776e+001  3.508772e+000 -1.575693e+001 -1.764485e+001 -1.692443e+001 -1.439709e+001  6.522535e+001  2.038299e-001  3.206185e-001  1.638845e+000 -7.978292e-001  1.215809e+000 -5.241832e-001  6.446387e-001 -6.424689e-001  2.490105e+000 -2.186351e+000  4.678925e-001  3.812795e+000 -4.385742e-001  2.641296e-001  1.375173e+000  9.572911e-001  6.834428e-001  1.999732e-001 -1.502825e+000  9.888531e-001 -2.255992e+000  8.481240e-001  9.425457e-001  3.890591e-001  3.892879e-001 -1.083406e+000
 4.784901e-001 -1.842054e+001 -2.170206e+000 -1.268021e+001 -1.653294e+001  6.739658e+000 -2.527424e+001  3.060667e+000 -1.087918e+001 -1.883227e+001 -1.364356e+001 -9.447802e+000  6.469028e+001  5.666149e-001  1.095800e+000  2.164132e+000 -5.680989e-001  3.006328e-001 -2.220173e+000  7.375204e-001 -3.422877e+000  3.039220e+000 -2.065436e+000  4.726158e-001  2.643509e+000 -1.624631e+000  1.706819e-001  1.318539e+000  6.576930e-001  7.366737e-001 -4.334683e-001 -1.445445e+000  4.857101e-001 -1.771711e+000  5.891397e-002  1.508236e+000 -1.244383e-001 -4.780195e-002 -9.460644e-001
 1.875034e+000 -1.523160e+001  7.194399e-001 -1.341302e+001 -1.252616e+001  3.036739e+000 -2.032564e+001 -1.430256e+000 -1.945448e+000 -2.126057e+001 -9.719301e+000 -6.639917e+000  6.261459e+001  5.571117e-001  3.434819e+000  3.211159e+000  1.500478e+000 -3.959791e-001 -3.449041e+000  1.171841e+000 -4.355430e+000  2.785228e+000  1.525095e+000  4.988287e-001  3.505483e+000 -2.529364e+000  1.301037e-002  9.781517e-001  1.861122e-001  6.679390e-001 -8.151501e-001 -9.470894e-001  9.233683e-003 -6.844437e-001 -1.189252e+000  2.063399e+000 -7.776579e-001 -1.571350e-001 -5.987073e-001
 2.155198e+000 -1.265149e+001  2.592290e+000 -1.149160e+001 -1.739139e+001  3.257612e-001 -2.295929e+001 -7.026958e+000 -3.742910e+000 -2.034656e+001 -1.180351e+001 -6.050798e+000  5.911641e+001  3.148901e-001  4.051931e+000  2.767195e+000  1.665805e+000 -1.635208e+000 -4.548659e+000  5.671467e-001 -4.664115e+000  1.759846e-001  3.656648e+000 -1.601513e+000  3.325885e+000 -2.921875e+000  2.550970e-002  4.825760e-001 -2.127583e-001  1.782794e-001 -3.126845e-001 -2.724368e-001  2.765309e-001  5.337561e-001 -1.510104e+000  1.561919e+000 -4.717246e-001 -3.419761e-001 -1.745030e-001
 1.384939e+000 -4.170225e+000  7.269883e+000 -5.639726e+000 -2.006161e+001 -7.924685e+000 -2.267603e+001 -1.322456e+001 -5.398924e+000 -9.262234e+000 -1.535031e+001  1.431825e+000  5.536547e+001  3.947442e-001  3.733311e+000  2.267874e+000  1.424914e+000 -1.892021e+000 -4.095387e+000  7.759939e-001 -3.444068e+000 -2.024536e+000  5.269602e+000 -2.383332e+000  2.685932e+000 -2.783489e+000  1.126816e-001 -2.360876e-001 -6.608065e-001 -6.163680e-001  2.619402e-001  4.523819e-001  4.981848e-001  1.231378e+000 -8.899699e-001 -1.763305e-001  8.214568e-002 -1.009413e+000  1.924862e-001
 2.297988e+000 -3.691567e+000  8.390548e+000 -8.237827e+000 -2.094125e+001 -1.052293e+001 -2.126331e+001 -1.436276e+001 -8.272522e+000 -6.548202e+000 -1.883562e+001  3.145753e+000  5.370547e+001  7.753472e-001  3.359434e+000  1.571982e+000  3.610799e-001 -5.147686e-001 -3.259184e+000  2.318099e+000 -1.209777e+000 -2.106420e+000  3.871904e+000 -4.449266e-001  1.343404e+000 -2.370083e+000 -1.837567e-002 -3.939967e-001 -7.302916e-001 -6.452365e-001  7.695999e-001  6.367725e-001  4.936110e-001  1.253265e+000 -7.119647e-002 -1.344215e+000  5.265141e-001 -1.111763e+000  2.826195e-001
 3.777360e+000 -1.045002e+000  9.159682e+000 -7.915337e+000 -2.021133e+001 -1.201585e+001 -1.729366e+001 -1.498270e+001 -9.803322e+000 -1.811743e+000 -1.811991e+001  2.191470e+000  5.140261e+001  8.902913e-001  2.600630e+000  5.047327e-001 -9.289996e-001  3.535021e-001 -1.831869e+000  2.787289e+000  7.428990e-002 -5.234195e-001  5.358145e-001  3.312638e-001 -5.503423e-001 -1.842829e+000 -4.146672e-001 -3.605205e-001 -5.797238e-001 -3.104972e-001  1.091022e+000  6.047665e-001 -1.276702e-002  7.916541e-001  5.590593e-002 -1.651890e+000  2.544516e-001 -7.270782e-001  1.673695e-001
 4.835723e+000  2.583072e+000  9.507301e+000 -8.548391e+000 -1.989038e+001 -1.392457e+001 -1.405998e+001 -1.219677e+001 -1.207281e+001 -4.712286e+000 -1.264334e+001  2.863983e-001  4.924742e+001 -2.476184e-002  2.648289e+000 -2.692223e-003 -3.834204e-001  1.090029e+000 -2.496556e+000  2.029554e+000 -1.569705e-001 -9.305559e-001 -6.975349e-001 -3.262409e-001 -6.147951e-001 -1.979107e+000 -8.358184e-001 -5.593109e-001 -2.487442e-001  3.486584e-001  1.116372e+000  5.974082e-001 -7.187447e-001  1.680091e-001 -2.623568e-001 -8.879920e-001 -3.634866e-001 -2.659994e-002 -1.909399e-003
 4.567528e+000  5.695605e+000  9.235169e+000 -1.012944e+001 -1.881954e+001 -1.538321e+001 -1.234125e+001 -1.393610e+001 -6.115877e+000 -7.501119e+000 -1.679013e+001  1.097909e-001  4.838035e+001 -1.278537e+000  2.286281e+000  1.565925e-001  2.446781e-001  2.760691e+000 -1.452868e+000  8.564313e-001 -1.220064e-002 -2.332938e+000 -7.051293e-001 -1.170418e+000  2.964085e-002 -2.142129e+000 -9.807780e-001 -8.650472e-001 -1.637421e-001  7.779629e-001  1.219776e+000  8.086959e-001 -6.221998e-001  8.614147e-002 -8.008052e-001  5.067204e-002 -1.262310e-001  5.830487e-001 -1.264039e-001
 1.779095e+000  6.179574e+000  8.339343e+000 -9.047876e+000 -1.618700e+001 -2.132203e+001 -1.359175e+001 -1.567090e+001 -1.476902e+001 -7.191188e+000 -2.113171e+001  1.112617e+000  4.532107e+001 -2.319331e+000  7.200538e-001  5.023311e-001  1.517533e+000  3.863495e+000 -4.616430e-001 -3.101958e-001 -3.264861e-001 -2.513445e+000  5.241628e-002 -1.511519e+000  9.204125e-001 -2.229980e+000 -7.802056e-001 -1.247864e+000 -5.218211e-001  5.387012e-001  9.032753e-001  1.393907e+000  7.837056e-002  7.211722e-001  2.967953e-001  5.303768e-001  7.302495e-001  7.903612e-001 -7.568107e-002
-1.087013e+000  8.588150e+000  1.052662e+001 -6.442204e+000 -8.259566e+000 -1.558147e+001 -1.324562e+001 -1.330663e+001 -2.011991e+001 -4.097938e+000 -1.972781e+001  1.926565e+000  4.265514e+001 -2.866314e+000 -7.604884e-001 -5.664892e-001  2.010338e+000  5.065649e+000  1.194154e+000  8.461649e-001  5.897551e-001 -3.736001e+000  4.141992e-001  2.927481e-001  1.597297e+000 -2.349411e+000 -4.141237e-001 -1.319040e+000 -9.204818e-001  2.457920e-001  1.118391e-001  1.268845e+000  8.717782e-001  1.421788e+000  1.719047e+000  5.250660e-001  1.402597e+000  6.697980e-001  1.504815e-002
-3.933660e+000  4.737068e+000  1.137323e+001 -2.804345e+000 -5.852885e+000 -1.613366e+001 -1.515878e+001 -1.414394e+001 -1.763802e+001 -6.151795e+000 -1.873210e+001  3.980074e+000  4.096012e+001 -3.131901e+000 -2.067649e+000 -2.250257e+000  1.427255e+000  4.453927e+000  3.149470e+000  2.426540e+000  3.147913e+000  1.254952e+000  1.394685e+000  2.593424e+000  2.553183e+000 -2.253871e+000 -1.382072e-002 -6.488813e-001 -9.304000e-001 -3.130168e-001 -7.950653e-001  8.703634e-001  1.217726e+000  1.730373e+000  2.325684e+000  1.295793e-001  1.204086e+000  9.245168e-002  1.004619e-001
-6.907667e+000  2.614416e+000  4.885780e+000 -3.199517e+000  1.341649e+000 -1.200662e+001 -7.326909e+000 -1.175081e+001 -2.336139e+001 -5.949819e+000 -1.652620e+001  6.662549e+000  3.881376e+001 -2.942870e+000 -2.915066e+000 -3.069523e+000  1.518777e+000  3.024671e+000  3.085799e+000  3.846954e+000  5.359541e+000  4.378099e+000  1.249066e+000  3.790097e+000  2.562245e+000 -2.054943e+000  3.600429e-001  1.661643e-001 -2.403808e-001 -4.231911e-001 -1.435557e+000  1.984795e-001  3.725288e-001  8.260001e-001  2.135101e+000 -6.199423e-002  6.079130e-001 -7.061231e-001  1.895275e-001
-1.097008e+001 -1.171803e+000 -9.151987e-002 -3.532943e+000  1.282027e+000 -7.362103e+000 -4.418400e+000 -7.092525e-001 -6.873524e+000  7.081764e-001 -9.765401e+000  1.151054e+001  3.597240e+001 -2.350156e+000 -1.447064e+000 -2.898152e+000  1.982298e-001  9.086580e-001  2.944352e+000  4.278040e+000  5.940486e+000  5.057927e+000  2.828792e-001  2.760237e+000  9.001969e-001 -1.874905e+000  6.237177e-001  8.537074e-001  4.082963e-001 -4.523735e-001 -1.470381e+000 -5.603943e-001 -7.002815e-001 -8.068001e-001  3.240086e-001 -2.292113e-001  1.391989e-001 -1.446424e+000  2.109355e-001
-1.228315e+001 -3.032743e+000  9.113858e-001  1.515980e+000  3.296330e+000 -4.538251e+000  6.189646e-001  6.773725e+000 -3.611658e+000 -1.282592e+000 -5.260675e+000  1.097256e+001  3.487429e+001 -1.456972e+000 -2.399592e-001 -1.444445e+000  5.088955e-001 -3.395030e-001  2.289111e+000  1.783058e+000  3.323469e+000  5.038014e+000  6.601308e-001  3.248906e+000 -1.106825e+000 -1.591257e+000  6.151603e-001  1.018488e+000  5.900397e-001 -6.301666e-001 -1.158628e+000 -7.644739e-001 -1.349004e+000 -2.094757e+000 -6.195088e-001  2.107132e-001 -2.967625e-002 -1.443963e+000  1.689748e-001
-1.299670e+001  3.253281e-001 -1.130335e+000 -4.170945e+000 -2.286936e+000 -5.146086e+000  2.258487e+000  6.296224e+000 -2.223250e+000 -7.071013e+000 -1.056367e+001  6.326053e+000  3.355534e+001 -7.562619e-001  8.633351e-001 -1.021314e+000 -3.296713e-001 -1.215891e+000  7.458422e-001 -4.291961e-002  1.319486e-001  2.545037e+000  5.430963e-001  3.560014e+000 -2.844404e+000 -1.431036e+000  4.698359e-001  4.366154e-001  5.824875e-001 -1.611969e-001 -4.023101e-001 -6.335523e-001 -1.143090e+000 -2.058048e+000 -9.081814e-001  6.191760e-001  1.440293e-001 -6.420583e-001  2.109793e-001
