31 39
 9.216551e-001 -6.973535e+000  2.899598e+000 -1.235684e+001 -1.240510e+001  7.919607e-001 -2.269479e+001 -2.128802e+001 -1.095123e+001 -1.503145e+001 -1.135991e+001 -4.102299e+000  6.098537e+001  5.001833e-002 -9.987583e-002 -8.582167e-002  7.861539e-001  2.199022e+000  4.369850e+000 -1.273659e+000 -5.244503e-001 -5.786160e+000 -5.925567e-001  3.137203e+000  1.202607e+000 -2.853802e-001 -1.730740e-001  6.087900e-002 -1.140892e-001  1.173006e-001  2.479415e-001 -6.874531e-001  1.188573e-001  8.764935e-001  5.684741e-001  3.779395e-001 -7.699588e-001 -2.951365e-001  1.687996e-001
 5.038837e-001 -6.333494e+000  5.022693e+000 -1.072490e+001 -8.766287e+000  5.871422e+000 -2.679959e+001 -2.256140e+001 -2.145000e+001 -1.338784e+001 -7.002086e+000 -2.422793e+000  5.993586e+001 -1.108609e-001  9.453706e-002 -4.771487e-001  7.656301e-001  1.768918e+000  2.678471e+000 -1.921562e-001  1.431463e+000 -4.119676e+000 -5.798060e-001  1.070354e+000  5.908958e-001 -5.971756e-002  7.003054e-003 -1.272348e-002 -2.428825e-001 -2.138774e-001 -4.686424e-001 -1.416169e+000  5.056496e-001  1.113145e+000  2.101567e+000  7.128732e-001 -1.436025e+000 -5.788827e-001  2.381534e-001
-3.005912e-001 -5.322315e+000  4.907846e+000 -1.063698e+001 -9.138813e+000  5.898943e+000 -2.496559e+001 -1.880009e+001 -2.042101e+001 -1.239533e+001 -1.050686e+001 -3.771125e+000  6.041302e+001 -5.225606e-002  4.702667e-001 -5.664730e-001  4.379508e-001  5.687301e-001  1.051549e-001  1.833349e-001  2.824386e+000  4.170012e-001  1.102899e+000 -1.110479e+000 -3.924451e-001  1.478493e-001  1.512427e-001 -1.403668e-001 -2.181386e-001 -4.108182e-001 -8.388169e-001 -1.391508e+000  5.420206e-001  5.337183e-001  2.415060e+000  7.202631e-001 -9.823256e-001 -5.374269e-001  2.352650e-001
 3.132737e-001 -5.155483e+000  2.326830e+000 -1.010684e+001 -9.552981e+000  3.209784e+000 -2.312953e+001 -1.343169e+001 -1.640716e+001 -1.186443e+001 -1.205386e+001 -5.319389e+000  6.083519e+001  3.952332e-001 -3.406072e-001 -9.057819e-001 -2.642241e-001 -4.640003e-001 -9.512279e-001  7.702808e-001  3.139266e+000  2.850279e+000  1.572259e+000 -1.745729e+000 -7.934589e-001  5.164150e-001  1.705324e-001 -1.548101e-001 -5.076050e-002 -6.758429e-001 -8.739476e-001 -6.585864e-001  4.276953e-001 -3.307900e-001  1.411441e+000  5.786989e-001 -9.140408e-002 -2.967716e-001  1.838580e-001
 7.556798e-001 -5.211206e+000  1.415164e+000 -1.047611e+001 -9.168100e+000  2.648555e+000 -2.361314e+001 -1.173094e+001 -1.138765e+001 -1.027867e+001 -1.438641e+001 -4.616226e+000  6.127495e+001  5.531847e-001 -5.841378e-001 -9.621981e-001 -7.530100e-001 -8.786038e-001 -7.728416e-001  9.552259e-001  1.290240e+000  2.804163e+000  1.932727e+000 -3.663835e-001 -7.923501e-001  6.028786e-001  1.082822e-001  1.038004e-003  6.198000e-002 -8.080798e-001 -7.642662e-001  5.129833e-002  5.790827e-001 -6.465960e-001  3.385484e-004 -5.438654e-002  4.859150e-001 -1.574336e-001  7.392330e-002
 1.951914e+000 -8.092084e+000  2.240124e+000 -1.212645e+001 -1.107164e+001  2.740477e+000 -2.362441e+001 -1.039964e+001 -1.171529e+001 -6.584882e+000 -1.379095e+001 -5.967537e+000  6.208696e+001  4.390805e-001 -1.523114e-001 -5.330887e-001 -2.018104e+000 -1.877153e+000 -1.754622e-001  1.560375e+000  5.445863e-001  1.743947e+000  1.898775e+000  2.412864e-001 -6.930100e-001  6.320580e-001  1.356899e-002  2.841624e-001  1.346996e-001 -6.809207e-001 -3.915211e-001  3.652494e-001  6.915751e-001 -3.234737e-001 -6.422142e-001 -6.171482e-001  4.018892e-001 -1.212483e-001 -4.239654e-002
 1.646012e+000 -6.774704e+000  1.402091e-001 -1.339222e+001 -1.277250e+001  2.269389e+000 -1.994202e+001 -1.386491e+001 -8.746131e+000 -5.371473e+000 -1.147023e+001 -7.408801e+000  6.280153e+001  4.672313e-001  3.813089e-001 -4.429196e-001 -2.725508e+000 -2.546025e+000 -2.623625e-002  2.683702e+000  8.887460e-001  9.718599e-001  6.677079e-001  3.255888e-001 -1.229838e+000  4.596443e-001  1.831378e-002  9.287249e-002  8.425534e-002 -3.996854e-001  2.057613e-001  4.745113e-001  5.173512e-001  2.420311e-001 -9.890177e-001 -1.078166e+000 -8.226279e-003 -1.411459e-001 -7.870541e-002
 2.063510e+000 -5.135291e+000  2.988642e-001 -1.873930e+001 -1.713655e+001  2.522055e+000 -1.716322e+001 -9.641776e+000 -9.008184e+000 -4.824151e+000 -1.230552e+001 -7.388152e+000  6.323220e+001  5.060548e-001  5.974816e-001 -4.919233e-001 -2.682578e+000 -1.587896e+000  5.017166e-001  3.363919e+000  1.722645e+000  5.553588e-001 -8.809727e-001 -8.226881e-002 -1.180957e+000  3.760494e-001  7.229187e-002 -3.665279e-001 -7.891793e-002  2.568701e-001  1.054424e+000  6.017501e-001 -1.351414e-002  1.785722e-001 -1.138604e+000 -9.917532e-001  1.862083e-001 -5.536776e-002 -5.836045e-002
 3.036038e+000 -4.783059e+000  1.711959e-001 -2.079723e+001 -1.886577e+001  2.626584e+000 -1.342523e+001 -7.666144e+000 -7.881900e+000 -7.820492e+000 -1.350119e+001 -1.005511e+001  6.300056e+001  6.112665e-001 -4.946718e-001 -5.615041e-001 -2.419200e+000  5.574131e-003  1.261125e+000  2.640210e+000  1.911366e+000 -1.546632e+000 -2.068229e+000 -2.457373e-001 -1.254106e+000  3.373558e-001  5.443786e-002 -7.124262e-001 -1.122809e-001  7.386872e-001  1.482719e+000  7.294227e-001 -8.000465e-001 -1.696314e-001 -1.124304e+000 -2.181182e-001  6.216533e-001  1.452255e-001  2.100605e-002
 3.787175e+000 -6.100498e+000 -2.349856e-001 -2.183684e+001 -1.596449e+001  5.070462e+000 -1.006321e+001 -4.885803e+000 -9.370606e+000 -9.765236e+000 -1.318682e+001 -1.054917e+001  6.386769e+001  7.285222e-001 -1.546961e+000 -8.683861e-001 -8.869078e-001  2.119165e+000  2.189607e+000  1.514550e+000  9.261373e-001 -2.689828e+000 -1.692023e+000  1.457991e+000 -9.577146e-001  4.014000e-001 -4.514278e-002 -6.783879e-001 -1.290881e-001  1.025603e+000  1.177591e+000  5.066817e-001 -1.411241e+000 -5.207026e-001 -5.455189e-001  6.101183e-001  8.539786e-001  1.123928e-001  7.931889e-002
 3.840512e+000 -8.765459e+000 -2.400386e+000 -2.393946e+001 -1.333066e+001  7.300812e+000 -1.029098e+001 -6.686070e+000 -1.629808e+001 -1.324208e+001 -1.225827e+001 -1.209882e+001  6.417056e+001  6.281869e-001 -2.108601e+000 -8.160926e-001  7.009220e-002  3.014042e+000  2.776932e+000 -3.918467e-001  4.388425e-001 -3.027069e+000 -1.735821e-002  2.663726e+000 -6.153313e-001  5.519993e-001 -2.238725e-001 -2.977044e-001 -5.768705e-002  1.077407e+000  4.061399e-001 -6.576040e-002 -1.532477e+000 -4.541227e-001  5.916106e-001  8.822839e-001  4.656482e-001 -9.001756e-002  1.287561e-001
 5.303884e+000 -1.087889e+001 -2.757275e+000 -2.160273e+001 -9.308276e+000  1.113298e+001 -1.115760e+001 -5.501127e+000 -1.824924e+001 -1.057347e+001 -5.637024e+000 -1.115487e+001  6.465420e+001  2.718807e-001 -1.987494e+000 -1.010069e+000  1.200792e+000  2.795826e+000  2.277221e+000 -2.176256e+000 -1.446064e-001 -1.432017e+000  1.144183e+000  2.732893e+000 -9.383798e-001  6.653221e-001 -4.023855e-001  3.011897e-002  4.616802e-002  8.050507e-001 -5.037407e-001 -7.278396e-001 -1.253572e+000 -6.323978e-002  1.277841e+000  3.962567e-001 -6.129592e-001 -3.456421e-001  1.315702e-001
 5.418618e+000 -1.293687e+001 -2.648123e+000 -2.056382e+001 -7.123668e+000  1.347999e+001 -1.483727e+001 -5.164269e+000 -1.857793e+001 -7.503166e+000 -3.957459e+000 -1.282891e+001  6.536730e+001 -2.797754e-001 -1.762927e+000 -7.790976e-001  1.923984e+000  1.697943e+000  8.885163e-001 -3.176770e+000  1.761249e-001  7.825155e-001  9.250875e-001  1.445053e+000 -1.713861e+000  8.491753e-001 -4.443579e-001  2.254438e-001  1.654300e-001  5.409167e-001 -1.007648e+000 -1.130006e+000 -4.376035e-001  2.820582e-001  1.366192e+000 -4.314146e-001 -1.293651e+000 -2.465098e-001  8.453949e-002
 4.357526e+000 -1.395226e+001 -5.161465e+000 -1.752069e+001 -5.088851e+000  1.336698e+001 -1.867134e+001 -6.369735e+000 -1.539077e+001 -6.913777e+000 -3.672761e+000 -1.487602e+001  6.659593e+001 -8.294243e-001 -1.569203e+000 -6.560435e-001  2.211400e+000  2.585112e-001 -5.053830e-001 -3.360850e+000  7.412971e-001  1.794583e+000 -1.819619e-001 -9.974689e-001 -2.136660e+000  9.106628e-001 -3.272582e-001  2.925518e-001  4.194494e-001  1.976708e-001 -1.092813e+000 -9.970840e-001  4.572142e-001  6.646150e-001  7.431586e-001 -8.419728e-001 -1.314005e+000  3.755794e-001  1.059837e-002
 2.914814e+000 -1.604341e+001 -5.093780e+000 -1.636055e+001 -6.950657e+000  1.062639e+001 -2.241795e+001 -5.371141e+000 -1.381474e+001 -1.044649e+001 -6.015135e+000 -1.880755e+001  6.744556e+001 -1.042950e+000 -1.190528e+000 -1.659554e-001  2.269372e+000 -7.555422e-001 -1.481797e+000 -1.987567e+000  1.406182e+000  2.190590e+000 -1.511359e+000 -1.939349e+000 -1.248740e+000  8.520263e-001 -1.038276e-001  3.647391e-001  5.739184e-001 -5.129719e-002 -8.966876e-001 -5.429665e-001  1.081504e+000  6.413041e-001  7.304513e-002 -7.111909e-001 -7.108349e-001  1.145392e+000 -9.965850e-002
 2.408664e+000 -1.717163e+001 -4.814664e+000 -1.264737e+001 -8.102225e+000  1.003286e+001 -2.417151e+001 -1.691205e+000 -1.165792e+001 -1.001162e+001 -9.595531e+000 -1.884885e+001  6.816838e+001 -9.828227e-001 -8.109342e-001  7.806066e-001  2.016452e+000 -1.441497e+000 -1.523042e+000 -4.847864e-001  2.563440e+000  1.579738e+000 -1.847458e+000 -2.144934e+000  7.069565e-001  7.168884e-001  1.499736e-001  3.879121e-001  7.120742e-001 -2.924222e-001 -5.816439e-001 -2.817453e-001  1.314615e+000  1.430622e-001 -1.540812e-001 -3.182250e-001  2.448322e-002  1.459070e+000 -2.726762e-001
 1.178298e+000 -1.727982e+001 -3.651300e+000 -1.165363e+001 -9.394691e+000  7.738061e+000 -2.202502e+001 -4.726255e-001 -9.491403e+000 -1.351104e+001 -1.069282e+001 -1.708620e+001  6.884121e+001 -7.222142e-001 -3.183662e-001  1.372169e+000  1.764972e+000 -1.935490e+000 -1.317487e+000  7.927162e-001  2.471574e+000  1.255163e+000 -1.798119e+000 -1.535389e+000  2.591289e+000  4.477699e-001  3.123139e-001  7.287031e-001  7.370609e-001 -3.131035e-001 -3.395316e-001 -5.043571e-001  8.852698e-001 -9.343969e-001  3.052486e-002  2.864908e-001  3.433321e-001  1.226073e+000 -5.901663e-001
 3.116704e-001 -1.738873e+001 -1.979671e+000 -9.791895e+000 -1.107432e+001  7.195939e+000 -2.129174e+001  3.998209e+000 -9.653742e+000 -1.461879e+001 -1.205859e+001 -1.220191e+001  6.948255e+001 -2.399241e-001 -6.572304e-002  2.135265e+000  1.001488e+000 -2.059734e+000 -1.996265e+000  1.822083e+000  9.239123e-001  1.491890e+000 -1.629707e+000 -1.077033e+000  3.238676e+000 -2.505898e-001  3.331986e-001  1.070921e+000  5.399785e-001 -2.043697e-001 -1.449992e-001 -8.480448e-001  3.389334e-001 -2.038573e+000  3.474662e-001  6.708362e-001  5.612239e-001  5.472979e-001 -8.322844e-001
 3.522405e-001 -1.752670e+001  3.495703e-001 -8.963426e+000 -1.514206e+001  5.457418e+000 -1.989425e+001  4.142021e+000 -8.541008e+000 -1.713350e+001 -1.246055e+001 -9.174577e+000  6.902733e+001  1.471698e-001  2.080382e+000  2.842020e+000  1.211336e+000 -2.144082e+000 -3.766971e+000  1.285347e+000 -2.446039e+000  2.387138e+000 -1.877802e-001 -7.566387e-001  3.615767e+000 -1.615066e+000  2.622359e-001  1.125844e+000  1.596445e-001 -6.639926e-002  1.151545e-001 -7.478715e-001 -1.726939e-001 -2.098759e+000  2.546650e-001  9.290135e-001  6.306362e-001 -7.139847e-002 -8.099393e-001
 1.622073e+000 -1.737681e+001  3.861226e+000 -8.985026e+000 -1.552721e+001  1.191857e+000 -1.612648e+001  6.210330e-001 -4.673666e+000 -1.634892e+001 -1.409683e+001 -6.611282e+000  6.682237e+001  2.484784e-001  3.344295e+000  2.745574e+000  1.271422e+000 -2.062198e+000 -4.538523e+000  9.635655e-001 -5.170618e+000  2.751082e+000  7.015535e-001  2.718105e-001  2.931207e+000 -2.413116e+000  1.129692e-001  7.159537e-001 -4.037495e-001  6.133123e-002  2.540889e-001 -2.059302e-002 -3.872071e-001 -1.163043e+000 -2.451189e-001  8.440828e-001  6.404334e-001 -4.671192e-001 -4.377612e-001
 1.258946e+000 -6.883866e+000  7.638351e+000 -6.000381e+000 -1.788865e+001 -8.094753e+000 -1.818092e+001 -1.101423e+001 -4.574825e-002 -1.358487e+001 -1.345689e+001 -1.802683e+000  6.209597e+001  3.447638e-001  3.605844e+000  1.865237e+000  1.298009e+000 -1.358486e+000 -3.785715e+000  3.585056e-001 -4.974956e+000  1.898892e+000  1.681318e+000  9.433707e-001  2.388031e+000 -2.520663e+000  5.930221e-002 -3.749700e-001 -7.573361e-001 -1.331767e-001  5.107011e-001  9.074535e-001 -1.065953e-001  4.413498e-001 -7.833424e-001  5.629120e-001  3.268989e-001 -6.813607e-001  1.148555e-001
 1.100710e+000 -5.988671e+000  8.103806e+000 -4.916308e+000 -2.001201e+001 -8.720591e+000 -1.733058e+001 -1.427675e+001 -1.459619e-001 -1.288533e+001 -1.020137e+001 -1.231826e+000  6.088265e+001  2.261246e-001  2.751314e+000  6.049088e-001  1.264808e+000 -1.182087e+000 -2.089858e+000  3.494681e-001 -3.626844e+000  5.104190e-001  1.656158e+000  1.275130e+000  1.516947e+000 -1.986597e+000  4.302627e-002 -1.004495e+000 -6.593746e-001 -2.680905e-001  6.504222e-001  1.196878e+000  1.087114e-001  1.453040e+000 -8.461034e-001  4.815577e-001 -3.187611e-001 -4.994808e-001  4.862475e-001
 2.336741e+000 -5.191544e+000  7.554468e+000 -4.507739e+000 -1.969209e+001 -8.514934e+000 -1.749968e+001 -1.328386e+001 -1.310399e+000 -1.045870e+001 -9.691426e+000  7.584792e-002  5.939387e+001  4.548577e-001  5.020227e-001  1.256721e-001  5.487596e-001 -3.063164e-002 -4.540362e-001  1.059419e+000 -1.011176e+000 -4.092423e-001  2.149477e+000  3.761961e-001  9.160929e-001 -1.254048e+000 -4.997291e-002 -1.361556e+000 -3.715834e-001 -6.958359e-001  8.480297e-001  1.172648e+000  3.084914e-001  2.078143e+000 -6.531852e-001  1.093214e-001 -5.627705e-001 -3.618045e-001  7.727823e-001
 2.213798e+000 -4.466402e+000  6.927712e+000 -3.407307e+000 -2.053593e+001 -9.047343e+000 -1.471976e+001 -1.637837e+001 -1.489246e+000 -9.631216e+000 -9.603914e+000  3.418918e-002  5.824044e+001  4.085628e-001 -1.262682e-001  3.184834e-001  3.055939e-001  5.259857e-001 -2.199711e-001  1.156666e+000  1.126916e-001 -3.253681e-001  2.875262e+000 -1.038408e+000  1.169772e+000 -6.151863e-001 -2.315827e-001 -1.463721e+000 -2.064034e-001 -9.757956e-001  9.489367e-001  1.040746e+000  2.583602e-001  2.566588e+000 -5.873622e-001 -2.643938e-001 -2.013146e-001 -2.255621e-001  8.106345e-001
 2.976691e+000 -5.134888e+000  8.854759e+000 -4.011084e+000 -1.777986e+001 -1.020156e+001 -1.418924e+001 -1.501930e+001 -1.420318e+000 -4.464546e+000 -1.187464e+001  2.144774e+000  5.714684e+001  3.680205e-003 -1.763146e+000  1.505330e-001 -1.701563e+000  2.027626e+000  1.142582e+000  1.497364e+000  3.545993e+000 -9.491406e-001  1.618373e+000 -7.137130e-001  7.525957e-001  6.575428e-001 -4.655129e-001 -1.490966e+000 -2.823722e-001 -9.252486e-001  5.585678e-001  1.001460e+000 -1.094097e-001  2.501602e+000 -1.066475e+000 -8.704484e-001  3.081694e-001 -1.917385e-001  8.674813e-001
 2.823549e+000 -6.648340e+000  9.046078e+000 -3.636666e+000 -1.833820e+001 -8.977134e+000 -1.320247e+001 -1.284557e+001 -1.717843e+000 -1.506101e+000 -1.430180e+001  3.582570e+000  5.893024e+001 -7.062001e-001 -3.434708e+000 -4.395386e-001 -2.489008e+000  2.533468e+000  2.315564e+000  1.422297e+000  6.927509e+000 -2.156443e+000  5.997416e-001  8.135109e-001  4.708856e-001  1.110780e+000 -5.539797e-001 -1.218055e+000 -4.630237e-001 -6.267090e-001  6.906333e-002  6.902910e-001  1.184106e-001  1.908791e+000 -9.939580e-001 -1.431256e+000  5.525995e-001 -3.060684e-002  1.709758e-001
 2.050267e+000 -1.291631e+001  7.247950e+000 -1.290088e+001 -1.065283e+001 -2.837127e+000 -1.077150e+001  2.679702e+000 -5.941803e+000 -6.429395e+000 -1.091105e+001  2.064636e+000  6.233669e+001 -1.315325e+000 -5.298587e+000 -9.071778e-001 -2.680182e+000  1.758466e+000  3.285496e+000  3.795551e-001  8.089426e+000 -4.826080e+000 -1.065004e+000  9.910839e-001  3.068433e-001  2.220376e+000 -4.809493e-001  3.766891e-001 -9.439497e-001  5.437423e-001 -4.723658e-001 -1.764005e-001  9.027249e-001 -1.625239e-001  6.817531e-002 -1.426231e+000  4.284467e-001  5.336809e-001 -1.366035e+000
-8.539903e-001 -1.774923e+001  5.533424e+000 -1.140745e+001 -1.143211e+001 -1.151741e+000 -9.317144e+000  9.409672e+000 -1.001072e+001 -5.650084e+000 -6.018154e+000  2.428686e+000  6.119941e+001 -1.701833e+000 -4.448821e+000 -1.467780e+000 -2.338641e+000  1.005882e+000  2.160027e+000  2.307623e+000  7.384929e+000 -3.356688e+000 -2.939330e+000  8.721916e-001  1.239614e+000 -5.417236e-001 -3.753961e-001  2.388533e+000 -1.101537e+000  1.186217e+000 -2.820598e-001 -6.419332e-001  1.641772e+000 -2.174124e+000  1.408687e+000 -7.911988e-001  2.044984e-001  5.654590e-001 -2.651987e+000
-1.761166e+000 -2.607738e+001  6.075197e+000 -1.352660e+001 -1.244057e+001  2.313226e+000 -1.423412e+001  1.430021e+001 -2.140428e+001 -7.717577e+000 -1.106104e+001  4.255932e+000  6.711413e+001 -1.903250e+000  6.273559e-001 -4.055095e+000  9.419646e-001  4.295895e-001  3.383481e-001  5.568325e+000  2.504663e+000 -8.141136e-003 -3.743245e+000  1.399180e+000  3.036636e+000 -5.346378e+000 -3.613876e-001  3.603581e+000 -7.334868e-001  1.525742e+000  2.527354e-001 -9.300683e-001  1.404660e+000 -3.222054e+000  2.492559e+000  6.996312e-001  4.009975e-001 -5.731812e-002 -3.060621e+000
-3.779899e+000 -2.231191e+001  2.293557e+000 -1.501701e+001 -1.241492e+001 -7.521747e-001  6.695709e-002  1.826882e+001 -1.077005e+001 -1.555866e+001 -9.865846e+000  8.684990e+000  5.383290e+001 -2.289218e+000  5.544984e+000 -4.373263e+000  1.631003e+000  1.787607e+000  5.794716e-001  7.036772e+000 -1.150727e+000  2.478025e+000 -2.017132e+000  1.631955e+000  1.933284e+000 -8.365776e+000 -1.785806e-002  1.844507e+000  6.503129e-001  9.757764e-001 -6.608015e-002 -6.716204e-001 -9.392471e-001 -2.755538e+000  1.166242e+000  2.139221e+000 -6.924333e-002 -9.379958e-001 -2.884222e-001
-6.003028e+000 -7.498187e+000 -1.140759e+001 -6.386274e+000 -8.013471e+000 -1.345170e+000  1.237807e+001  1.077345e+001 -5.602844e+000 -2.019133e+001 -1.991304e+000  1.411966e+001  3.928805e+001 -2.828571e+000  7.722416e+000 -3.121870e+000  2.963703e+000  2.631281e+000 -5.745673e-001  5.038279e+000 -3.753017e+000  4.719361e+000  1.972053e+000  2.616190e+000 -3.265826e-001 -9.170705e+000  5.652332e-001 -1.598511e+000  2.211059e+000 -4.100136e-001 -8.129254e-001 -3.212674e-001 -3.210195e+000 -7.648370e-001 -8.715550e-001  2.222488e+000 -1.080914e+000 -1.247073e+000  3.414924e+000
