77 39
 2.556051e+000  6.597495e+000 -7.145566e-001 -1.392434e+001 -4.882442e+000 -1.275946e+001 -1.631877e+001 -1.399668e+001 -1.041823e+001  9.290506e+000 -6.202610e+000 -4.765007e+000  5.183644e+001 -2.506073e+000  2.290944e+000  1.799811e+000  6.850182e+000 -1.482064e+000  2.056326e+000  3.049063e+000  2.685035e+000  8.887016e-001 -4.672208e+000  2.838334e+000 -7.972655e-001 -5.675315e+000 -9.696744e-001 -1.146277e+000 -5.418401e-001 -8.346646e-001  8.180740e-001  2.022440e+000  1.457845e+000  5.115306e-001  8.725643e-001 -1.375745e-001  7.804530e-001  8.761215e-001 -7.649326e-001
-2.500067e+000  6.732112e+000  1.990074e+000 -3.515653e+000 -1.042968e+001 -8.132069e+000 -1.431950e+001 -1.094118e+001 -1.232944e+001 -7.326965e+000 -1.093828e+000 -9.212830e+000  4.297210e+001 -3.391890e+000 -4.851065e-001  1.179803e-001  4.223612e+000  3.844823e-001  4.991184e+000  4.766758e+000  3.114472e+000  2.825474e+000 -3.641720e+000  4.899419e+000  1.102070e+000 -5.359675e+000 -3.661850e-001 -1.222440e+000 -9.797152e-001 -1.783603e+000  1.107993e+000  9.833268e-001  7.264128e-001  1.286050e-001  8.757678e-001  1.456956e+000  1.207845e-002  1.338737e+000  3.287095e-001
-8.384344e+000  1.036369e+001  1.818713e+000 -9.274479e-001 -7.041212e+000 -8.114397e+000 -7.508764e+000 -5.661427e+000 -9.404179e+000 -4.346252e+000 -4.963631e+000 -3.980011e+000  3.281913e+001 -3.729302e+000 -2.277931e+000 -1.648352e+000  1.319846e+000  2.084242e+000  4.820086e+000  4.557259e+000  2.013436e+000  2.946753e+000 -1.546065e+000  3.701004e+000  3.514825e+000 -4.280511e+000  3.757515e-001 -8.280186e-001 -5.370029e-001 -1.584021e+000  7.503974e-001 -1.550452e-001 -2.937211e-001 -3.487906e-001  2.825900e-001  1.962729e+000 -4.885323e-001  4.078600e-001  1.287738e+000
-1.068906e+001 -1.659508e+000 -6.186762e+000 -8.843639e+000 -2.363524e+000  2.043138e+000 -2.600132e+000 -7.854842e+000 -2.012724e+000 -2.856272e+000  6.251211e+000  1.217778e+000  3.668994e+001 -2.182675e+000 -1.719607e+000 -1.624098e+000  1.899193e-001  2.233868e+000  3.386802e+000  4.005418e+000  2.239599e+000  3.558597e+000  1.919425e+000  2.740030e+000  3.135821e+000 -2.194310e+000  7.787051e-001  4.187927e-001  3.544854e-001 -5.284570e-001 -2.085578e-002 -1.260008e+000 -1.081047e+000 -4.088652e-001 -4.729047e-001  1.444321e+000 -1.422565e+000 -6.717527e-001  1.144826e+000
-1.199596e+001 -5.963486e-001 -4.867896e+000 -4.661112e+000  1.505689e+000  6.253369e+000  6.078470e-001 -5.472664e+000 -8.428217e-001 -6.751637e-001  8.629889e+000  7.593813e+000  3.357496e+001 -1.231923e+000 -1.231899e+000 -1.416411e-002  9.469256e-001  1.345230e+000  2.083291e+000  1.961127e+000  1.378518e+000  1.935090e+000  2.360863e+000  1.475367e+000  2.251592e-001 -8.193058e-001  7.682077e-001  8.407558e-001  8.908954e-001  2.342770e-001 -5.730976e-001 -1.589179e+000 -1.318759e+000 -2.715503e-001 -7.461070e-001  3.298343e-001 -1.476247e+000 -1.275877e+000  9.007715e-001
-1.160763e+001  3.614101e+000 -2.787112e+000 -6.992248e-001 -3.533787e+000  1.618061e+000  1.649288e+000  1.624352e-001  1.182865e+000  4.346158e-001  5.809564e+000  6.793622e-001  3.162263e+001 -7.470536e-001  1.085841e+000  1.073314e+000  1.767787e+000  6.497092e-001  5.954094e-002  6.595867e-001  1.387605e+000  9.667817e-001  1.626421e+000 -1.100585e+000 -6.118603e-001 -1.366150e+000  2.838187e-001  3.478386e-001  7.608579e-001  2.461806e-001 -6.888177e-001 -1.227587e+000 -1.121347e+000 -2.346351e-001 -7.118593e-001 -4.860609e-001 -9.874303e-001 -7.292907e-001  6.238238e-001
-1.408468e+001  1.567396e+000  4.806721e-002 -2.650271e-001  2.700689e-001  2.514598e+000  1.721624e-001 -2.777474e+000 -1.326522e+000  5.812621e+000  2.634027e+000 -2.585007e+000  3.125626e+001 -6.060742e-001  5.231246e-001  1.457420e+000  1.702297e+000  1.083294e-002 -1.462178e+000 -3.636217e-001  1.081681e+000  5.121256e-001  2.496090e-001 -1.759923e+000 -9.907180e-001 -1.907335e-001  2.494190e-002 -1.004248e-001  4.690849e-002 -5.407443e-002 -5.314984e-001 -6.931385e-001 -7.256455e-001 -9.249765e-002 -1.959039e-001 -6.884712e-001 -1.347535e-001  2.646819e-001  5.482818e-001
-1.337997e+001  2.687824e+000 -3.278176e+000 -2.202745e+000  1.502832e+000  4.210228e+000  9.156436e-001 -2.264414e+000  3.063035e+000  2.031940e+000  3.746214e+000  3.247887e+000  3.101854e+001 -1.076506e+000 -8.579255e-001  1.444399e+000  1.043136e+000 -5.430219e-001 -9.784002e-001 -4.389428e-001  1.214841e+000  7.107822e-001  5.447477e-001 -5.794764e-001  9.730610e-002  6.105230e-001 -2.942079e-003 -6.756064e-001 -4.920588e-001 -5.122373e-001 -4.309254e-001 -1.693203e-001 -4.492230e-002 -1.965618e-001  3.310704e-002 -4.281056e-001  3.536473e-001  1.248293e-001  1.188606e+000
-1.414016e+001  2.482413e+000  2.664736e+000  4.602134e+000 -9.584556e-001 -2.353606e+000 -8.434398e-001  1.149168e+000  7.777214e-001 -2.257809e-001  8.619515e-001  1.355961e+000  3.292334e+001 -9.424877e-001 -7.621396e-001  3.483548e-002  1.038879e+000 -7.158964e-001 -8.634307e-001 -1.117836e+000  1.002412e+000  1.083570e+000 -5.406559e-001  5.410447e-001  1.193986e+000  9.337671e-001  2.390790e-001 -4.282154e-001 -1.044770e+000 -9.037779e-001 -2.943661e-001  1.504008e-001  5.160941e-001 -3.699474e-001 -8.935764e-002 -3.469517e-001  1.736339e-001  1.236091e-003  1.798738e+000
-1.696242e+001 -1.133036e+000  3.126551e+000  2.082877e+000 -5.634634e+000 -8.398385e-001 -3.762532e-002  4.273322e+000  3.684654e+000  6.177555e+000  3.798219e+000 -8.045915e-001  3.384171e+001 -5.935572e-001 -1.649559e+000 -6.756884e-001 -4.616901e-001 -1.141553e+000 -1.086434e+000  8.120822e-001  4.444306e-001  8.465946e-001 -1.189747e-001 -4.828326e-001 -1.080066e+000  4.014630e+000  7.805426e-001  2.856311e-001 -7.142851e-001 -9.386252e-001 -6.144370e-001 -5.905923e-001  8.221949e-003 -9.051578e-001 -6.706029e-001 -6.412781e-001 -8.053226e-001 -4.394707e-001  1.984259e+000
-1.700589e+001 -3.328727e-001 -2.980119e+000  2.786556e+000  2.593198e-001  7.224779e-001 -4.940381e+000 -1.034283e+000  3.780519e+000  1.036533e+000  5.313248e+000  5.411160e+000  3.451351e+001  3.478464e-001 -1.222136e+000 -2.706388e+000 -2.064179e+000 -1.161732e+000 -6.561574e-001  1.591336e+000 -3.828500e-001 -2.568817e-003 -1.153288e+000 -9.400747e-001 -3.958516e-001  7.100904e+000  1.151290e+000  2.388112e-001  4.912840e-001 -1.052672e+000 -9.731513e-001 -1.258593e+000 -8.397608e-001 -9.802542e-001 -1.294645e+000 -2.322417e-001 -1.318661e+000 -5.440263e-001  1.300664e+000
-1.491489e+001 -4.152329e+000 -3.834191e+000 -3.603407e+000 -4.813820e+000 -2.759986e+000  7.024525e+000  1.049464e+000  5.794610e+000  8.059092e-001 -8.935969e-001 -4.180041e+000  5.029661e+001  2.181040e+000  8.002282e-001 -7.564141e-001 -2.098460e+000 -3.392289e+000 -4.034998e+000 -1.752419e+000 -2.618317e+000 -2.099163e+000 -2.355327e+000 -3.865530e+000 -1.305129e+000  7.448250e+000  1.221566e+000  1.856422e-002  1.484282e+000 -6.011679e-001 -4.515553e-001 -1.256538e+000 -1.729575e+000 -1.003288e+000 -1.418671e+000  2.192383e-001 -7.339628e-001  1.319305e-001 -7.529834e-001
-1.342469e+001 -2.118619e+000 -7.386835e+000 -2.875618e+000 -7.177522e+000 -4.674319e+000  3.582167e+000  8.468466e-001 -2.901003e-001 -3.306399e+000 -1.492514e+000  1.064428e+000  6.020041e+001  3.426663e+000 -7.929776e-001  2.531618e+000 -3.406096e+000 -4.456285e+000 -5.682114e+000 -4.034389e+000 -2.367486e+000 -3.916775e+000 -5.836884e-001 -4.360911e+000 -1.413614e+000  5.720275e+000  8.311139e-001 -5.636604e-001  1.729934e+000 -1.225035e-001  5.820957e-001 -4.478448e-001 -9.753115e-001 -7.171502e-001 -8.357916e-001  8.737461e-001  2.349136e-001  2.147564e-002 -2.333561e+000
-7.847818e+000  3.760979e+000  1.547839e+000 -5.578338e+000 -1.887766e+001 -1.831643e+001 -1.306100e+001 -9.758825e+000 -4.775849e+000 -3.427612e+000 -1.212655e+001 -5.156870e+000  5.823951e+001  3.974863e+000 -1.771317e+000  4.126718e+000 -2.796571e+000 -1.752053e+000 -4.856145e+000 -5.022930e+000 -3.579692e+000 -4.289660e+000  6.924169e-001 -2.442228e+000  8.846816e-002  9.400276e-001  4.629309e-002 -7.782241e-001  2.774754e-001  5.722972e-001  1.758489e+000  1.240257e+000  7.938814e-001  9.350948e-002 -1.403402e-001  1.148514e+000  1.696761e+000  5.132182e-002 -2.517544e+000
-3.406116e+000 -8.254415e+000  6.986958e+000 -1.325646e+001 -1.499019e+001 -1.990987e+001 -1.506957e+001 -7.467566e+000 -1.051812e+001  2.348524e-001 -1.087483e+001 -1.168496e+000  5.914344e+001  3.606504e+000 -2.754665e+000  3.501714e+000 -2.327641e+000  9.286287e-001 -2.484808e+000 -1.649966e+000 -3.487913e+000 -3.086278e+000  1.691571e+000 -4.771574e-001 -9.852720e-001 -1.312791e+000 -5.179199e-001  2.410075e-001 -1.259046e+000  1.421334e+000  1.732440e+000  1.787113e+000  1.395251e+000  4.752986e-001  3.549981e-001  5.451063e-001  2.082677e+000 -3.479092e-001 -1.760431e+000
-4.986669e-002 -9.941018e+000  9.612501e+000 -1.239584e+001 -9.667753e+000 -1.942294e+001 -8.764259e+000 -1.269179e+001 -1.053967e+001  2.497368e+000 -8.413581e+000 -2.621238e+000  5.552523e+001  2.322584e+000 -2.110048e+000  1.459149e-001  2.237984e-001  2.707702e+000  5.676346e-001  1.024776e+000 -1.590555e+000 -3.216112e+000  2.249613e+000  2.676400e+000 -1.262691e+000 -1.622937e+000 -7.253739e-001  7.639089e-001 -1.788402e+000  1.293617e+000  8.292611e-001  1.190241e+000  6.857519e-001  1.076708e+000  4.479862e-001 -3.419386e-002  1.560820e+000 -5.592831e-001 -4.053600e-001
 7.088544e-001 -9.040948e+000  6.089406e+000 -1.110507e+001 -7.139331e+000 -1.654510e+001 -6.816029e+000 -1.512624e+001 -1.283958e+001  2.188964e+000 -5.734785e+000 -5.129748e+000  5.499359e+001  1.663203e+000  5.814252e-001 -1.773208e+000  2.190391e+000  1.976040e+000  5.415619e-001 -8.198967e-002 -9.855608e-001 -2.678558e+000  1.363245e+000  3.493158e+000 -2.477581e+000 -1.800396e+000 -6.681371e-001  7.112790e-001 -1.281286e+000  5.012983e-001 -2.297403e-002  1.263233e-001 -6.861692e-001  1.273128e+000  4.588563e-001 -3.709482e-001  3.833733e-001 -1.952808e-001  3.938509e-001
 1.707619e+000 -6.395997e+000  2.726189e+000 -5.535039e+000 -9.264578e+000 -1.716064e+001 -1.206388e+001 -1.388227e+001 -1.969568e+001  6.843397e+000 -1.314569e+000 -9.489698e+000  5.219975e+001  1.319645e+000  3.801821e-001 -2.177832e+000  1.412501e+000  1.870547e+000 -4.181252e-001 -2.378159e+000  5.526702e-001 -2.253589e+000  6.856104e-001  3.376716e+000 -1.961793e+000 -8.429695e-001 -5.372940e-001  1.988801e-002 -2.244798e-001 -6.670929e-001 -6.229005e-001 -7.262617e-001 -9.439226e-001  1.251472e+000  8.133925e-001 -6.295075e-001 -9.901186e-001  1.145990e-001  8.754347e-001
 4.031154e+000 -7.119799e+000  1.564072e+000 -5.734904e+000 -5.311577e+000 -1.833321e+001 -1.382970e+001 -1.180013e+001 -1.933291e+001  4.878064e+000  3.041456e+000 -1.012217e+001  5.180420e+001  7.672886e-001 -4.433854e-001 -1.742840e+000 -4.155011e-001  1.232336e+000 -1.360311e+000 -3.379344e+000  1.806116e+000 -1.273258e+000  6.188308e-001  1.089551e+000 -1.612125e+000  2.664799e-001 -5.713423e-001 -6.978872e-001  6.524143e-001 -1.217371e+000 -1.026790e+000 -8.737717e-001  4.311928e-002  1.392651e+000  6.849555e-001 -4.352408e-001 -1.607520e+000  5.229331e-001  1.069515e+000
 4.887208e+000 -9.000682e+000  9.860104e-001 -8.018423e+000 -1.228896e+000 -2.061951e+001 -1.714821e+001 -1.159149e+001 -1.856095e+001  4.580870e+000  4.081880e+000 -9.933992e+000  5.290508e+001  8.407142e-002 -1.498203e+000 -9.916682e-001 -1.808720e+000 -3.494940e-002 -2.112737e+000 -2.046160e+000  3.270967e+000  1.482008e-001 -5.257171e-001 -1.072389e+000 -1.122424e+000  1.720798e+000 -5.550457e-001 -5.527564e-001  1.281269e+000 -8.337014e-001 -1.413963e+000 -5.333861e-001  1.271168e+000  1.168665e+000  3.345916e-001 -1.840253e-001 -1.344736e+000  6.977960e-001  7.740435e-001
 2.955503e+000 -9.955532e+000 -1.754703e+000 -1.194089e+001 -4.995492e+000 -2.161722e+001 -2.117058e+001 -7.241046e+000 -1.977323e+001  6.414382e+000 -2.985252e+000 -1.296823e+001  5.597332e+001 -5.757225e-001 -1.968818e+000  8.957816e-001 -2.285854e+000 -2.205164e+000 -2.979990e+000 -3.239269e-002  4.618546e+000 -4.546751e-001 -2.072951e-001 -2.319886e+000 -2.825996e-001  2.265294e+000 -3.925506e-001 -7.666625e-002  1.618525e+000 -1.441831e-001 -1.123087e+000  3.421631e-002  1.930059e+000  4.041170e-001  1.180896e-002  8.915409e-002 -1.431818e-001  7.926700e-001  2.487098e-001
 2.665802e+000 -1.246914e+001 -5.727640e-001 -1.147565e+001 -9.597367e+000 -2.608232e+001 -1.862424e+001  1.930230e-001 -1.873452e+001  3.446653e+000 -3.663161e+000 -1.367879e+001  5.871917e+001 -7.840779e-001 -1.620884e+000  2.909203e+000 -1.820830e+000 -3.480518e+000 -2.275216e+000  2.304208e+000  4.989782e+000 -9.899223e-001  1.785469e-001 -1.642246e+000  8.624244e-001  2.027841e+000 -2.506902e-001  5.024073e-001  1.353337e+000  3.253364e-001 -4.227234e-001  7.530797e-001  1.546205e+000 -7.340332e-001 -1.870622e-001  5.947767e-001  6.804047e-001  5.319005e-001 -2.739910e-001
 2.263245e+000 -1.522966e+001  6.822368e+000 -1.543556e+001 -1.215316e+001 -3.050176e+001 -1.325365e+001  5.400342e+000 -2.151950e+001  4.408697e+000 -4.685456e+000 -9.662769e+000  6.022362e+001 -7.613896e-001 -7.653763e-001  4.399350e+000 -1.130362e+000 -2.660314e+000 -1.107991e+000  4.095768e+000  2.967294e+000 -6.451515e-001  7.124693e-001  6.585711e-001  1.358801e+000  1.356508e+000 -1.833452e-001  8.247638e-001  4.008704e-001  4.459576e-001  2.884777e-001  1.136590e+000  6.271489e-001 -1.896614e+000  1.153869e-001  6.019652e-001  6.519176e-001 -1.253284e-001 -4.866714e-001
 1.312947e+000 -1.446804e+001  1.124349e+001 -1.537524e+001 -1.505265e+001 -2.755333e+001 -9.585642e+000  7.036726e+000 -2.263743e+001  6.476447e+000 -3.279249e+000 -7.274599e+000  6.091914e+001 -1.076546e+000  4.121125e-001  4.023231e+000 -7.597839e-001 -1.920992e+000  7.166613e-001  3.620783e+000  4.264270e-001 -6.918722e-001  1.988284e+000  8.404053e-001  7.163790e-001  8.052360e-001 -1.539970e-001  7.884400e-001 -5.121923e-001  3.465067e-001  5.292035e-001  9.292288e-001 -2.905949e-001 -2.353783e+000  4.751875e-001  2.869526e-001  6.416123e-002 -6.530575e-001 -4.513576e-001
-1.750176e-001 -1.278297e+001  1.433392e+001 -1.564290e+001 -1.556942e+001 -2.642167e+001 -5.211041e+000  4.173570e+000 -2.104753e+001  8.461831e+000  1.156479e-001 -9.376316e+000  6.165588e+001 -1.346214e+000  1.138503e+000  2.343120e+000 -5.865890e-001 -1.542539e+000  1.207019e+000  2.445064e+000 -2.582847e+000 -2.676544e-002  1.897662e+000 -3.016240e-001 -8.362191e-001  4.432392e-001 -9.658869e-002  4.596734e-001 -1.063931e+000  1.455240e-001  2.171770e-001  5.348467e-001 -1.007675e+000 -1.936034e+000  5.164789e-001 -2.918662e-001 -7.100862e-001 -6.801740e-001 -3.279902e-001
-1.497798e+000 -1.163193e+001  1.578762e+001 -1.517090e+001 -1.749420e+001 -2.453905e+001 -4.541631e+000  2.938544e+000 -2.242986e+001  1.136151e+001 -1.861686e+000 -1.024012e+001  6.202922e+001 -1.261650e+000  1.369377e+000  1.376357e+000 -3.601828e-001 -1.393388e+000  1.213423e+000  1.676585e+000 -4.004065e+000  1.076822e+000  1.020713e+000 -8.413424e-001 -1.305353e+000  2.276874e-001  8.464869e-002  1.384239e-001 -9.201413e-001  3.231939e-002  1.772501e-001  1.824683e-001 -9.485047e-001 -1.076607e+000  6.915742e-001 -7.904016e-001 -6.517882e-001 -1.609647e-001 -2.378481e-001
-3.062455e+000 -1.095520e+001  1.626590e+001 -1.847068e+001 -1.864508e+001 -2.597379e+001 -3.550339e+000 -5.464802e+000 -2.175711e+001  1.145448e+001 -6.902357e+000 -1.236110e+001  6.188477e+001 -1.151781e+000  1.054359e+000  4.031301e-001 -6.025422e-001 -1.838231e+000  1.317862e+000  2.949233e-002 -4.497632e+000  1.052896e+000 -2.630765e-001 -2.050986e+000 -1.031203e+000  5.330658e-003  2.249862e-001 -3.315074e-002 -5.155734e-001  2.575693e-002  3.240672e-001  1.390327e-001 -6.920926e-001  7.054567e-004  5.070797e-001 -7.500948e-001 -2.023995e-001  4.384514e-001 -1.700503e-001
-3.551586e+000 -8.535037e+000  1.715928e+001 -1.576226e+001 -2.048176e+001 -2.171015e+001 -2.033068e+000 -8.164413e+000 -1.689853e+001  1.008369e+001 -3.976958e+000 -1.230897e+001  6.194313e+001 -7.505195e-001  1.146304e+000  3.925192e-001 -5.902103e-001 -8.868954e-001  1.573581e+000  8.604517e-002 -3.999218e+000  2.226168e+000 -8.833544e-001 -1.543854e+000  9.047508e-003 -1.650501e-001  2.696585e-001 -8.236670e-002 -2.391046e-001  3.310277e-002  5.021852e-001  7.522245e-002 -3.347052e-001  6.156974e-001  3.955775e-002 -2.893645e-001  6.536449e-002  5.855258e-001 -1.330692e-001
-4.907029e+000 -9.059620e+000  1.566373e+001 -1.835993e+001 -2.326679e+001 -2.124682e+001 -6.317861e+000 -1.276311e+001 -1.854872e+001  7.785357e+000 -9.081646e+000 -1.349791e+001  6.172558e+001 -4.768491e-001  1.084286e+000  2.571716e-001 -3.427906e-001 -1.754490e-001  1.722104e+000 -2.201290e-001 -2.581743e+000  1.933960e+000 -9.007778e-001 -9.623656e-001  6.988375e-001 -2.106434e-001  2.635703e-001 -4.132516e-002  3.935856e-002  1.567578e-001  6.054968e-001 -9.807856e-002  2.645442e-001  7.635038e-001 -2.542883e-001  2.557773e-001  3.472832e-001  4.403423e-001 -9.613872e-002
-4.328109e+000 -6.848196e+000  1.805130e+001 -1.817732e+001 -1.961782e+001 -1.903464e+001 -2.727644e+000 -1.340839e+001 -1.290322e+001  8.779295e+000 -8.491314e+000 -9.626481e+000  6.128357e+001 -2.508239e-001  9.425798e-001  2.538132e-001 -3.245447e-001  2.861469e-001  1.387415e+000  1.278696e-001 -1.883522e+000  8.340787e-001 -1.072587e-001 -1.058830e+000  7.572557e-001 -3.296715e-001  1.140336e-001 -1.355664e-001 -6.561247e-002  8.610296e-002  1.080983e-001 -3.478724e-001  1.805665e-001  3.372392e-001 -8.596807e-001  3.442253e-001  1.053469e-001 -8.057193e-002 -7.640137e-002
-5.058439e+000 -6.377189e+000  1.710575e+001 -1.897710e+001 -1.995430e+001 -1.870103e+001 -4.303696e+000 -1.575153e+001 -1.408497e+001  7.602787e+000 -9.457007e+000 -1.020816e+001  6.116133e+001 -8.377733e-002  9.495950e-001  6.692759e-001  4.841404e-002  6.027323e-001  9.205524e-001  1.331301e+000 -1.737960e+000  4.774991e-001  6.277623e-001 -5.570825e-001  7.964042e-001 -3.930523e-001 -5.233312e-002 -3.117537e-002 -2.662321e-001  1.520365e-001 -3.726258e-001 -3.155357e-001 -9.143021e-002  1.356548e-002 -8.814320e-001  1.710778e-001 -4.062630e-002 -4.005758e-001 -4.929184e-002
-4.730000e+000 -5.163353e+000  1.770734e+001 -1.707640e+001 -2.070727e+001 -1.604597e+001 -2.400802e+000 -1.608782e+001 -1.496001e+001  9.638681e+000 -9.083428e+000 -1.016756e+001  6.057689e+001 -3.768872e-001  5.358173e-001 -1.415953e-001 -3.552979e-001 -7.354946e-001  2.349949e-001  2.131628e-001 -2.734913e+000 -1.344005e+000  7.350202e-002 -1.219762e+000 -4.425956e-001 -4.558525e-001 -1.259625e-001  8.522237e-003 -2.940390e-001  2.073817e-002 -4.466903e-001 -3.155306e-001 -4.682233e-001 -7.552053e-002 -5.705962e-001 -1.440091e-001 -7.455069e-003 -4.651873e-001 -1.800919e-002
-5.124969e+000 -5.154066e+000  1.918209e+001 -1.866832e+001 -1.970840e+001 -1.813839e+001  1.752229e-001 -2.011320e+001 -1.513283e+001  1.049448e+001 -1.157100e+001 -9.245343e+000  6.011366e+001 -6.754831e-001  1.131790e+000 -8.762848e-001  4.327686e-001 -1.527757e+000  7.206352e-001 -7.199267e-001 -2.088220e+000 -1.384158e+000 -1.357693e-001 -1.085031e+000 -7.041160e-001 -3.940121e-001 -7.689048e-002 -1.640818e-002 -1.241012e-001 -1.606611e-001 -2.175581e-001 -3.047475e-001 -7.227826e-001  8.804004e-002 -2.445000e-001 -2.466648e-001  4.870868e-002 -3.379057e-001 -2.565849e-002
-6.179279e+000 -4.780671e+000  1.630515e+001 -2.010820e+001 -2.341824e+001 -1.814098e+001 -3.901290e+000 -2.490212e+001 -1.909931e+001  7.700961e+000 -1.353312e+001 -1.232087e+001  5.952814e+001 -5.847837e-001  8.940934e-001 -4.436012e-001 -4.130312e-001 -8.820599e-001 -9.027977e-002 -1.187633e+000 -2.085995e+000 -1.088073e+000 -4.455383e-001 -8.321310e-001 -8.184207e-001 -4.192375e-001  1.111425e-001 -5.145837e-002  4.527418e-001 -1.908438e-001  3.869990e-001 -2.684152e-001 -3.249418e-001  5.109657e-001  2.379176e-001  1.377779e-001  2.891349e-001  1.527095e-001 -4.381595e-002
-7.711215e+000 -9.095798e-001  1.342542e+001 -1.529736e+001 -2.623760e+001 -1.405035e+001 -7.153085e+000 -2.178547e+001 -1.893611e+001  7.892800e+000 -1.265732e+001 -1.265209e+001  5.971565e+001 -3.642815e-001  6.884160e-001  1.997726e-001 -7.260246e-001 -4.117754e-001 -4.405478e-001 -1.582214e+000 -1.622219e+000 -8.729666e-001 -3.460414e-001 -5.073544e-001 -7.052115e-001 -5.396522e-001  2.406531e-001 -2.226150e-001  7.846984e-001 -3.033433e-001  6.479092e-001 -2.745138e-001  4.394505e-002  3.938532e-001  3.865016e-001  3.036702e-001  3.862387e-001  3.407072e-001 -7.406735e-002
-6.360796e+000 -2.815130e+000  1.836767e+001 -2.082704e+001 -2.185297e+001 -1.854139e+001 -4.674815e+000 -2.568166e+001 -1.849874e+001  8.711827e+000 -1.270093e+001 -1.255629e+001  5.867971e+001  2.322464e-002  5.002125e-001  1.584085e+000 -7.301201e-001  6.415092e-001 -5.264896e-001 -9.804028e-001 -4.130852e-001 -4.100126e-001  8.675274e-001 -6.292553e-002  3.214998e-001 -6.021122e-001  1.995050e-001 -1.020645e-001  4.802747e-001  1.142811e-001  4.116783e-001  7.483548e-002  2.438575e-001  3.207625e-001  4.995174e-001  2.287635e-001  4.948572e-001  3.103067e-001 -3.764470e-002
-6.855618e+000 -2.694757e+000  1.914970e+001 -2.193902e+001 -2.254992e+001 -2.014093e+001 -7.349082e+000 -2.783453e+001 -1.979795e+001  8.258835e+000 -1.452387e+001 -1.265369e+001  5.783961e+001  2.237782e-001  2.156557e-001  2.033364e+000 -9.254034e-001  9.500042e-001 -4.338285e-001 -6.038166e-001 -9.554094e-001  2.093193e-001  7.260488e-001  4.615595e-001  4.294598e-001 -6.729115e-001  1.318767e-001 -1.576555e-002  9.557734e-002  2.782342e-001  3.126239e-001  2.811918e-001  4.430454e-001  1.271324e-001  6.816136e-001 -8.012849e-004  5.042694e-001  2.228216e-001  4.332771e-002
-6.490954e+000 -1.387020e+000  2.136344e+001 -2.043797e+001 -2.205454e+001 -1.772814e+001 -8.705305e+000 -2.394302e+001 -2.071845e+001  1.185558e+001 -1.291447e+001 -1.071257e+001  5.745560e+001  1.187116e-001  6.201510e-001  1.040977e+000  2.580639e-001  4.954418e-001  2.805380e-001 -4.575444e-001 -8.155874e-001  8.683708e-001  1.622339e-001  1.157698e+000  1.657770e-001 -5.408314e-001  3.646534e-002  1.671322e-003 -3.058575e-001  2.161585e-001  2.684104e-001  2.795485e-001  3.979258e-001 -7.448027e-002  7.521790e-001 -2.925745e-001  3.049180e-001  4.583260e-002  1.172978e-001
-6.527245e+000 -5.453565e-001  2.209436e+001 -2.011891e+001 -2.138680e+001 -1.662611e+001 -8.156923e+000 -2.743184e+001 -1.677965e+001  9.951168e+000 -1.024274e+001 -1.142665e+001  5.696315e+001  2.473586e-001  5.496190e-001  9.492136e-001  1.710545e-001  1.224378e+000  5.618975e-001  3.715844e-001 -7.853062e-001  1.895910e+000  2.598858e-003  1.403681e+000  4.867578e-001 -3.536541e-001  9.983876e-003 -3.299397e-002 -3.720627e-001  8.465099e-002  2.641299e-001  1.868862e-001  2.526324e-001  2.608039e-001  4.801185e-001 -2.507369e-001 -2.721457e-002  1.242779e-001  1.481525e-001
-5.931425e+000 -7.890746e-001  2.210022e+001 -2.044678e+001 -1.995732e+001 -1.889610e+001 -6.558616e+000 -2.996094e+001 -1.566603e+001  8.676830e+000 -9.052999e+000 -1.234093e+001  5.641379e+001  1.937612e-001  3.415875e-001  5.968725e-001 -1.975567e-001  1.846374e+000  3.733898e-001  5.215256e-001 -8.705381e-001  2.507587e+000 -2.336203e-001  9.906036e-001  5.220138e-001 -1.752518e-001 -4.558758e-003 -9.845739e-002 -2.822005e-001 -1.204126e-001  8.886382e-002  8.898404e-002 -2.388779e-002  5.364391e-001  5.096197e-004 -1.774628e-001 -3.861662e-001  2.619813e-001  1.049911e-001
-5.898591e+000 -2.456343e-001  2.352738e+001 -2.107935e+001 -1.747663e+001 -1.674746e+001 -6.564505e+000 -2.875210e+001 -1.284461e+001  9.861204e+000 -9.436206e+000 -9.405722e+000  5.659225e+001  2.361728e-001  1.899676e-001  3.951021e-001 -2.743382e-001  1.595187e+000  4.541765e-001  1.698105e-001  3.760853e-001  1.790304e+000 -3.297088e-001  4.090339e-001  8.727311e-001 -1.149387e-001 -1.025935e-001 -6.310385e-002 -5.164283e-001  1.138567e-002 -5.482855e-001  6.633865e-002 -5.556494e-001  5.287862e-001 -5.960269e-001 -3.141173e-001 -6.404024e-001  6.615799e-002  2.856296e-002
-5.836476e+000  1.710565e-001  2.363129e+001 -2.094553e+001 -1.477775e+001 -1.580052e+001 -6.893886e+000 -2.763558e+001 -1.014804e+001  1.073246e+001 -8.364726e+000 -9.112967e+000  5.676479e+001  1.015107e-001  3.076898e-001 -9.297027e-002 -1.213030e-001  7.543562e-001  7.793187e-001 -4.760964e-001  1.285912e+000  9.237220e-001 -5.589262e-001 -2.758094e-001  1.282697e+000 -1.352337e-001 -6.316663e-002 -3.678609e-002 -3.865409e-001  1.355865e-001 -7.787061e-001  5.327412e-002 -5.443029e-001  3.703529e-001 -6.826186e-001 -2.660090e-001 -5.635651e-001  4.374321e-002 -5.922744e-002
-5.393856e+000 -7.558393e-002  2.330433e+001 -2.124122e+001 -1.600065e+001 -1.590302e+001 -7.140236e+000 -2.671409e+001 -1.058713e+001  7.274809e+000 -8.541712e+000 -8.676977e+000  5.621295e+001 -2.194839e-001  2.510486e-001 -1.288006e+000  1.898560e-001 -9.710405e-001  6.906263e-001 -1.907852e+000  7.803995e-001 -2.922924e-001 -1.405335e+000 -1.165125e+000  4.372061e-001 -2.308483e-001  3.180841e-002 -2.699091e-002 -1.589863e-001  1.185073e-001 -4.581535e-001 -6.552771e-002 -2.932061e-001  1.355475e-002 -2.992596e-001 -4.629349e-002 -3.622821e-001 -3.317631e-002 -1.310617e-001
-5.676239e+000  6.643492e-001  2.174689e+001 -2.097235e+001 -1.692353e+001 -1.542173e+001 -8.651233e+000 -2.455038e+001 -1.217616e+001  7.175397e+000 -1.087929e+001 -6.291813e+000  5.592727e+001  1.057563e-001  1.271165e-001 -4.942778e-001  2.482788e-001 -7.640425e-001  5.215355e-001 -1.161158e+000  7.790691e-001  1.357919e-001 -1.025852e+000 -1.040142e+000  9.584924e-001 -4.134342e-001  1.321004e-001 -9.809138e-002  7.302872e-002  3.008640e-002 -1.532904e-002 -3.560739e-001  9.907955e-002 -2.371725e-001 -6.406950e-002  1.805754e-001 -1.960646e-001 -1.635652e-001 -1.771752e-001
-7.076129e+000  7.629622e-001  1.802954e+001 -2.011666e+001 -2.125894e+001 -1.348372e+001 -1.522509e+001 -2.639270e+001 -1.329201e+001  4.613063e+000 -1.400455e+001 -8.630268e+000  5.585677e+001  3.930920e-001  1.452997e-001 -1.991758e-001  1.334072e-001  6.361923e-002  2.554296e-001 -9.536894e-001  6.972805e-001  6.879705e-001 -3.277132e-001 -1.020210e+000  8.689519e-001 -6.311470e-001  1.915072e-001 -8.714890e-002  3.460809e-001 -7.472689e-002  4.257527e-001 -5.345924e-001  6.129166e-001 -2.118659e-001  5.074294e-002  4.830328e-001 -7.987895e-002  2.128477e-002 -1.896445e-001
-4.466558e+000  3.873661e-001  2.379730e+001 -2.026642e+001 -1.596881e+001 -1.440249e+001 -8.657248e+000 -2.390093e+001 -8.116641e+000  6.934072e+000 -1.083402e+001 -4.343859e+000  5.487571e+001  4.557249e-001 -1.298926e-001 -2.722420e-001  5.735340e-002  1.603811e-001 -7.834523e-001 -4.577798e-001  1.416092e-001  1.132430e-001 -1.948601e-001 -1.328590e+000  2.489980e-001 -8.209602e-001 -3.138855e-002  4.431938e-002  9.111048e-002 -2.916315e-002  1.940730e-001 -4.918101e-001  5.498536e-001 -2.895534e-001 -1.827687e-001  3.120571e-001 -5.872892e-002 -1.507210e-001 -1.094518e-001
-4.033236e+000  7.894060e-001  2.128325e+001 -2.092715e+001 -1.615991e+001 -1.513549e+001 -1.190567e+001 -2.355242e+001 -9.177040e+000  5.756906e+000 -1.366540e+001 -5.306195e+000  5.358300e+001  5.630676e-001 -5.619138e-002  3.313801e-001 -8.831577e-002  6.955110e-001 -1.329842e+000  8.050426e-001  3.979988e-002 -2.730331e-002  5.943331e-001 -1.420296e+000  8.983771e-001 -9.753078e-001 -1.861915e-001  2.213400e-001  1.440946e-001  1.727378e-001 -1.160670e-001 -2.109068e-001  7.083116e-001 -2.979642e-001 -9.793828e-002  2.868569e-001  2.161402e-001 -2.168178e-001 -2.034251e-002
-4.919061e+000  1.664068e-003  1.875883e+001 -2.028034e+001 -1.867114e+001 -1.851311e+001 -1.259984e+001 -2.526248e+001 -1.366743e+001  5.629175e+000 -1.769182e+001 -6.708859e+000  5.295935e+001 -1.361742e-001  4.494590e-001 -3.040033e-001  2.133245e-001 -1.096235e-001 -1.144880e+000  7.087440e-001 -3.399574e-001 -4.204150e-001  7.341013e-002 -1.133744e+000  1.901746e-001 -7.886127e-001 -1.717090e-001  3.948777e-001  1.132579e-001  4.481148e-001 -2.551034e-001  1.463877e-001  6.068810e-001 -2.680116e-001  1.343926e-001  3.066217e-001  7.924373e-001 -4.831815e-001 -1.690174e-002
-4.034539e+000  6.748564e-001  2.220568e+001 -2.055128e+001 -1.643022e+001 -1.807762e+001 -9.228581e+000 -2.551293e+001 -1.065313e+001  8.237177e+000 -1.767713e+001 -2.955882e+000  5.193841e+001 -2.419161e-001  9.623240e-001  5.371780e-001  9.191107e-001 -3.817135e-001 -6.183910e-001  2.004607e+000 -5.517575e-001  4.651081e-001  9.724365e-001 -3.693218e-002 -1.857255e-001 -7.490333e-001 -8.121085e-002  2.719731e-001 -2.850743e-001  7.325001e-001 -4.281027e-001  2.508977e-001  1.953134e-001 -3.899317e-001 -4.754564e-002 -2.611197e-002  9.552404e-001 -5.704913e-001 -6.060387e-002
-5.146777e+000  2.691936e+000  2.181606e+001 -1.938774e+001 -1.638177e+001 -1.865582e+001 -6.452075e+000 -2.462046e+001 -9.480670e+000  6.060987e+000 -1.449688e+001 -4.568142e+000  5.175494e+001 -3.283024e-004  1.335238e+000  1.911486e-001  1.794214e+000 -5.765236e-001 -4.072391e-001  1.976843e+000 -9.026701e-001  5.390004e-001  1.149197e+000  1.941914e+000 -1.624858e+000 -1.018606e+000  1.356010e-001 -1.716710e-002 -3.730719e-001  6.712792e-001 -2.164158e-001  2.565176e-001 -2.913789e-001 -1.127082e-001 -4.068414e-001 -2.295586e-001  6.668917e-001 -1.499075e-001 -1.607251e-001
-5.128958e+000  4.255890e+000  2.244052e+001 -1.677790e+001 -1.921316e+001 -1.815609e+001 -4.956524e+000 -2.663221e+001 -8.944881e+000  1.040318e+001 -1.544753e+001 -7.305181e+000  5.044004e+001  8.909039e-002  8.607846e-001 -1.341567e+000  2.783740e+000 -1.211552e+000 -4.441734e-001  1.147560e+000 -1.628502e+000 -7.447392e-001 -7.412009e-002  1.818077e+000 -1.046563e+000 -1.163330e+000  7.108771e-002 -2.486064e-001 -4.973313e-001  1.846754e-001  2.242460e-001  1.038105e-001 -7.502683e-001  2.958414e-001 -8.554775e-001 -4.781861e-001  2.455246e-001  2.303132e-001 -1.115695e-001
-4.373493e+000  4.887337e+000  1.959715e+001 -1.319596e+001 -2.016229e+001 -2.051007e+001 -4.851654e+000 -2.921619e+001 -1.182656e+001  1.029216e+001 -9.097045e+000 -1.265850e+001  4.861551e+001  3.763277e-001  4.143931e-001 -1.229990e+000  2.637406e+000 -7.767833e-001  5.059948e-002 -3.196269e-001 -3.651258e-001 -1.849699e+000 -5.511047e-001  1.273210e+000 -1.289442e-001 -1.385090e+000 -1.334712e-001 -4.750884e-001 -4.291033e-002 -1.929360e-001  6.926076e-001  8.465000e-002 -6.330003e-001  1.044642e+000 -5.287104e-001 -3.045862e-001 -3.618001e-001  4.157871e-001  6.386448e-002
-3.975729e+000  3.881079e+000  1.660730e+001 -9.728467e+000 -2.059773e+001 -1.937137e+001 -4.290992e+000 -3.135757e+001 -1.320389e+001  5.750992e+000 -1.128666e+001 -4.143517e+000  4.769147e+001 -7.480552e-002  1.797144e-001 -1.238909e+000  1.420892e+000  8.396465e-001 -3.282577e-001 -5.984997e-001  6.586773e-001 -2.617930e+000 -5.683435e-001  1.525043e+000  2.178835e-001 -1.123639e+000 -2.789109e-001 -6.329833e-001  2.671763e-001 -1.295851e-001  1.188838e+000  3.055614e-001 -3.857436e-001  1.469836e+000  2.379755e-001 -3.472245e-002 -3.392491e-001 -2.530856e-001  1.213314e-001
-3.841753e+000  4.951307e+000  1.858273e+001 -9.725423e+000 -1.957341e+001 -1.779519e+001 -8.382976e+000 -2.408341e+001 -1.659966e+001  5.631558e+000 -1.021126e+001 -6.793695e+000  4.620377e+001 -5.857362e-001 -6.996691e-001 -7.473221e-002  1.510958e+000  1.860915e+000 -4.194698e-002 -3.151286e-001  3.176950e+000 -1.167957e+000 -1.266227e-001  2.794309e-001 -1.781461e-001 -7.191296e-001 -3.516486e-001 -9.674723e-001 -2.479527e-001  5.818708e-001  1.143312e+000  7.898580e-001  1.161707e-001  1.021289e+000  1.078851e+000 -4.308168e-001 -3.403546e-001 -2.126720e-001  2.157589e-002
-5.768856e+000  5.122477e+000  1.675319e+001 -1.140871e+001 -1.530937e+001 -2.115482e+001 -6.183362e+000 -2.590522e+001 -1.964798e+001  9.891764e+000 -7.265206e+000 -9.148167e+000  4.602771e+001 -8.244324e-001 -1.747101e+000 -5.833147e-001  2.699039e+000  3.413790e+000  1.129907e+000 -7.834069e-001  3.949638e+000  1.042675e-001 -4.599734e-001  6.187209e-001 -2.287390e+000 -8.896534e-001 -2.394831e-001 -1.072815e+000 -1.020709e+000  9.803123e-001  7.162127e-001  1.398990e+000  2.905927e-001  7.956136e-001  1.873123e+000 -7.526357e-001 -3.312584e-001  2.899966e-001 -1.890378e-001
-6.405611e+000  7.682924e-001  1.915055e+001 -4.801043e+000 -1.350189e+001 -1.982808e+001 -5.481112e+000 -1.605762e+001 -1.444429e+001  7.588657e+000 -9.710617e+000 -1.104691e+001  4.585174e+001 -1.007102e+000 -3.459560e+000 -2.797551e+000  4.907686e+000  3.652702e+000  3.270808e+000  3.536802e-001  3.095840e+000  2.183455e+000 -2.759374e+000  2.459841e-002  6.033278e-002 -1.394203e+000 -1.373834e-001 -6.832128e-001 -1.623880e+000  4.093265e-001  1.118538e-001  1.015825e+000  3.808244e-001  3.382847e-001  1.804206e+000 -3.064746e-001  1.636331e-001  6.824667e-001 -2.745264e-001
-6.815963e+000 -2.762918e+000  1.340682e+001  1.304535e+000 -6.564533e+000 -1.270539e+001 -9.658958e+000 -1.562228e+001 -1.376023e+001  2.472576e+000 -8.443377e+000 -1.345386e+001  4.341922e+001 -1.061538e+000 -3.804413e+000 -4.981046e+000  4.624089e+000  3.524816e+000  5.010315e+000  5.200593e-001  4.677300e+000  5.071981e+000 -3.015146e+000 -3.832626e-003  1.548627e+000 -1.731291e+000 -9.975267e-003  1.544748e-001 -1.088526e+000 -6.168941e-001 -5.085338e-001  2.095764e-002  4.647486e-001  3.360376e-001  1.474706e+000  6.817827e-001  5.418872e-001  8.795022e-001 -1.154817e-001
-8.353708e+000 -8.403797e+000  6.268158e+000  8.456386e+000 -5.682318e+000 -5.665864e+000 -4.876776e+000 -1.374568e+001 -8.626257e+000 -4.455718e+000 -9.499184e+000 -4.339183e+000  4.053700e+001 -1.154100e+000 -3.087077e+000 -5.995266e+000  2.595066e+000  2.364671e+000  3.096975e+000  9.372603e-001  4.504542e+000  5.369215e+000 -3.814094e-001  1.408873e+000  1.316179e+000 -1.670943e+000  6.262203e-002  1.034698e+000  1.677001e-001 -1.456310e+000 -5.176687e-001 -9.537631e-001 -5.214939e-002  1.514766e-001  2.680417e-001  1.447879e+000  9.811526e-001  1.244402e-001  8.186281e-002
-1.010250e+001 -9.313545e+000 -1.710847e+000  5.083023e+000 -1.595078e+000 -3.184351e+000 -3.885232e+000 -3.674683e+000  2.802911e+000  8.382194e-001 -7.390086e+000 -4.758893e+000  4.002863e+001 -8.008095e-001 -1.160969e+000 -4.427089e+000  7.708781e-001  1.515137e+000  1.321612e+000  1.248546e+000  4.925475e+000  5.884917e+000  1.759958e+000  2.636019e+000  1.482198e+000 -1.328692e+000 -3.341022e-002  1.310813e+000  1.299554e+000 -1.377431e+000 -5.439048e-001 -1.238485e+000 -2.314126e-001 -7.803060e-001 -1.231211e+000  9.988115e-001  7.259395e-001 -8.421175e-002  4.758507e-002
-1.053284e+001 -1.139178e+001 -3.266954e+000  6.285042e+000 -4.163265e+000 -9.103724e+000 -3.681673e+000  4.912968e-001  4.120208e+000  6.498788e+000 -3.192897e+000 -8.813497e+000  3.919233e+001 -8.243559e-001  3.922084e-001 -2.236029e+000 -4.472590e-001  2.069198e+000  3.463435e-001 -2.713100e-001  3.729136e+000  3.117196e+000  2.092471e+000  3.610435e+000  7.157485e-001 -1.186188e+000 -1.720926e-001  1.229415e+000  1.738740e+000 -9.314334e-001 -3.283854e-001 -2.641838e-001 -1.218574e-001 -1.264152e+000 -2.004439e+000 -1.528382e-001 -1.793394e-001  2.475087e-001 -8.188035e-002
-9.730442e+000 -7.073772e+000 -3.961073e+000  6.244598e+000  2.516256e-001 -4.378400e+000 -4.013781e+000  1.886611e+000  9.291121e+000  5.795113e+000  1.583577e+000 -3.805718e+000  3.744810e+001 -1.393461e+000  1.010008e+000 -3.628959e-001 -7.419038e-001  9.530287e-001  1.932062e-001 -3.271828e-002  1.163473e+000  4.193544e-002  7.419710e-001  2.525084e+000  1.427784e+000 -1.735743e+000 -2.482123e-001  7.807264e-001  1.451430e+000 -3.961511e-001 -4.581747e-001  2.610242e-001 -2.164413e-001 -1.291473e+000 -2.068166e+000 -7.166735e-001 -8.169794e-001  3.223886e-001 -7.192472e-002
-1.266152e+001 -7.562642e+000 -3.786874e+000  5.639303e+000  3.740322e+000 -3.337121e+000 -6.169052e+000  2.119352e+000  3.715618e+000  3.528190e+000  4.066161e+000 -1.237028e+000  3.589632e+001 -1.718237e+000  1.974512e+000  6.663369e-001 -1.305711e+000  1.003798e+000  2.340258e+000  9.686055e-001  6.478447e-002 -1.731490e+000 -6.366071e-001  5.676441e-001  2.580930e+000 -1.876819e+000 -1.394367e-002  4.066620e-001  8.172773e-001 -1.593058e-001 -8.042192e-001  3.262686e-001 -1.042241e-001 -6.663665e-001 -7.463675e-001 -7.944741e-001 -1.088766e+000  3.361405e-001  1.758667e-001
-1.600547e+001 -6.178072e+000 -3.265368e+000  1.696373e+000 -7.817278e-001 -5.101621e+000 -2.805134e+000  1.328657e+000  3.214883e+000  6.033373e+000  1.605804e+000 -1.408209e+000  3.299791e+001 -1.594930e+000  1.951511e+000  1.378878e+000 -7.806516e-001 -2.430363e-001  1.629775e+000 -4.536186e-001  3.002846e-001 -2.031567e+000 -4.588705e-001  7.251807e-002  2.161550e+000 -1.343000e+000  4.380598e-001 -1.955774e-002  2.159203e-001  1.999861e-001 -6.240668e-001 -1.263307e-001 -2.902120e-001  2.166052e-001  6.935831e-001 -2.379123e-001 -4.929708e-001 -1.554938e-001  5.571232e-001
-1.598652e+001 -1.967069e+000 -2.831226e-001  2.030601e+000  1.372403e+000  2.959178e+000  5.570313e-001  1.094196e+000 -1.499120e+000  3.196623e+000 -3.657894e-001  2.892396e+000  3.203332e+001 -7.933397e-001  1.954767e+000  9.794708e-001 -1.224414e+000 -1.353865e+000  1.259402e+000 -5.819805e-001  8.288978e-001  4.221099e-001 -1.279479e+000 -6.071144e-001  2.029568e+000 -5.032261e-001  5.863253e-001 -4.187366e-001 -1.023327e-001  5.501175e-001 -5.412366e-001 -7.309994e-001 -1.082883e-001  3.794393e-001  1.357296e+000  4.286398e-001  6.591631e-002 -6.915412e-001  6.250337e-001
-1.604259e+001 -1.140021e-001  1.181441e+000  4.145691e+000  2.204033e-001  6.223255e-001 -9.644916e+000  3.900612e+000  1.740654e+000  3.666544e+000  4.162143e+000  4.937321e+000  3.266460e+001  3.343888e-001  9.220919e-001  5.601385e-001  2.173787e-001 -9.884734e-001  1.019812e-001 -7.084855e-001  1.864443e+000  2.433051e+000 -1.261546e-001  6.476091e-001  9.259952e-001  3.630772e-001  4.413015e-001 -4.763460e-001 -1.624093e-001  5.231701e-001  1.541103e-002 -3.278803e-001  1.010321e+000 -1.444626e-001  7.036061e-001  4.494128e-001  1.256587e-001 -7.829546e-001  4.092951e-001
-1.660965e+001 -8.208404e-001 -1.112924e+000 -1.707426e+000 -3.530070e+000  9.791417e-002 -5.659064e+000  4.977864e+000  6.563282e+000 -1.685789e+000 -2.475806e-001  5.738047e+000  3.354685e+001  2.487295e-001  3.955382e-001  5.640429e-001  9.458618e-001 -1.329666e+000 -5.508415e-001  5.545976e-001  1.179902e+000  2.822683e+000  1.340234e+000  6.096802e-001 -2.589989e-001  3.953102e-001  1.303946e-001 -3.291806e-001  5.428732e-002  3.439808e-001  4.473823e-001  1.259533e-001  8.714225e-001 -5.891796e-001 -3.813580e-001  3.834222e-001  3.763383e-001 -4.871391e-001  1.153221e-001
-1.402196e+001 -2.140727e+000 -4.977414e-002  4.652280e+000 -3.272858e+000 -3.161083e+000 -3.239514e+000  8.709039e+000  1.134894e+001  7.843806e+000  4.784745e+000  1.798941e+000  3.405653e+001  9.054251e-002  3.493957e-001  7.745452e-001  7.500606e-001 -1.780807e-001  8.954954e-001  4.029696e+000 -5.975302e-001  2.861769e-001  4.783373e-001  9.241442e-002 -6.089393e-001  2.542068e-001 -1.059726e-001 -4.642219e-002  3.014663e-002 -3.924431e-001  4.873998e-001  2.641618e-001  1.464866e-001 -8.451292e-001 -9.585292e-001 -1.356375e-001  2.323277e-001  6.907107e-002 -1.319602e-001
-1.575319e+001  1.023984e+000  3.152700e+000  6.506615e+000 -3.529297e+000  2.096675e+000  1.273186e-001  4.589492e+000  7.810152e+000  7.809162e+000  2.371310e+000  3.166592e+000  3.331390e+001 -1.944351e-002  5.952122e-001  1.143704e+000  2.291489e-001  4.778500e-001  1.492411e+000  1.406041e+000 -8.860136e-001 -4.112430e-001  3.353862e-001  1.552174e+000  3.613395e-001  1.278194e-001  6.156752e-002 -3.530276e-002 -4.660739e-001 -7.140233e-001  5.126647e-001 -2.778057e-002 -6.546097e-001 -3.637247e-001 -6.966794e-001 -5.646988e-001  9.878945e-002  1.513752e-001 -1.581748e-001
-1.601811e+001  7.105641e-001  2.921355e+000  3.788974e+000 -6.703865e-001  4.100422e+000  7.610370e+000  1.107147e+000  2.548104e+000  1.310755e+000  3.314769e+000  3.178352e+000  3.405210e+001 -6.138792e-002  5.901440e-001  4.210411e-001 -1.386480e+000  5.447674e-001  4.011638e-001 -4.017744e-001 -1.328245e+000 -7.426320e-001 -3.019183e-001  1.338001e+000  9.611813e-001 -1.629784e-001  8.068392e-002 -6.244159e-002 -6.932507e-001 -4.491901e-001  1.978050e-001 -5.303283e-001 -1.163987e+000  1.513290e-001  7.984265e-002 -1.837514e-001 -4.524450e-002 -5.350807e-002 -1.895515e-001
-1.570879e+001  7.295750e-001  3.120032e+000 -1.300285e-001 -2.442056e+000  3.929219e+000 -4.053800e+000  4.348742e+000  8.907485e+000  3.257668e+000  8.248280e+000  6.855039e+000  3.418816e+001  6.325323e-001  9.865030e-002 -1.589574e+000 -1.555984e+000  8.722333e-001 -4.425785e-001 -5.027162e-001 -2.733642e-001 -1.463098e-001 -1.093132e+000  4.808343e-001 -2.871830e-001 -1.869709e-001 -3.112186e-002 -4.496308e-002 -4.850559e-001 -3.996783e-003 -2.382954e-002 -3.925220e-001 -2.013030e-001 -3.619106e-003 -9.449298e-002 -7.287302e-002 -4.553900e-001 -2.347247e-001 -1.324379e-001
-1.435110e+001  9.571977e-001  2.071765e+000  1.038201e+000 -1.092642e+000 -2.071536e+000 -3.157827e+000  2.188188e+000  7.087112e+000  8.609962e+000  8.536263e+000  4.760624e+000  3.280451e+001  1.679742e-001  2.854687e-001 -1.325069e+000 -6.033232e-001  6.137526e-001 -7.886510e-001 -8.358611e-001 -1.472098e-001  5.529236e-001  2.738393e-001  4.018620e-001 -5.522184e-001 -5.361553e-001 -1.952117e-001 -3.540072e-002  1.002061e-001  2.593255e-001 -3.569205e-001  1.220292e-001  3.877279e-001  6.514381e-002 -2.737457e-001 -1.022738e-001 -4.962993e-001 -7.440530e-002  1.609898e-003
-1.342404e+001  1.393919e+000 -4.370378e+000  1.020803e-001  1.042997e+000  2.969762e+000  2.997836e+000  2.682150e+000  4.809098e+000 -1.306100e+000  2.164735e+000  9.395412e-001  3.300285e+001 -2.897339e-001  5.227344e-001 -4.085201e-001 -1.824135e-001  3.242096e-001  1.247087e-001  6.165695e-001 -1.494627e+000 -1.531486e+000 -3.168576e-001 -2.567064e-001 -5.558426e-002 -3.477816e-001 -2.826321e-001 -1.133663e-001  6.185473e-001  8.918117e-002 -5.690373e-001 -3.679930e-002  3.157822e-001 -5.023633e-003 -5.467606e-001  8.266333e-002 -3.321446e-001  1.013684e-001  8.329616e-002
-1.632062e+001  1.805736e+000  4.121460e-002  6.563029e-001  6.558499e-001  6.368955e-001 -9.475341e-002  1.204394e+000  7.361915e+000  4.961836e+000  8.365851e+000  3.375009e+000  3.196399e+001 -5.763135e-001  2.010983e-001  3.315443e-001 -7.766382e-001 -9.658231e-001  7.276660e-001  9.772223e-001 -3.918948e-001 -1.418772e+000 -1.201425e+000 -7.747257e-001  4.733554e-001 -7.452355e-002  1.504228e-002 -2.346460e-001  3.482004e-001  9.676580e-003 -2.418590e-001 -3.721966e-001  5.167682e-002  1.130019e-001 -2.954359e-001 -5.261060e-002 -4.880044e-001 -1.600209e-001  1.759502e-001
-1.617270e+001  2.918978e+000  2.092707e+000 -8.511469e-001 -1.695254e+000  3.198547e+000 -2.502489e+000 -2.632495e+000  1.112655e+000  3.497442e+000  7.049953e+000  7.269925e+000  3.286952e+001 -4.084845e-001 -4.259959e-001  6.748552e-001 -1.023421e+000 -1.183165e+000 -1.384734e+000  1.696529e-001 -1.761399e-001 -1.894265e+000  5.781668e-002 -5.915949e-001 -2.931280e-001 -1.305962e-003  1.717191e-001 -3.061920e-001 -2.907021e-002  1.964703e-001  3.364635e-001 -5.176662e-001 -3.783371e-001  3.209373e-001  5.238961e-001  2.753490e-001 -2.137974e-001 -3.588616e-001  6.223416e-002
-1.585833e+001  1.200160e+000  4.979450e-001 -2.368376e+000 -4.552632e+000  1.452401e+000  4.478447e+000  2.886036e+000  1.841472e+000  2.010673e-001  2.220026e+000  3.962209e+000  3.249856e+001  3.025609e-001 -4.133963e-001 -1.257547e-001 -1.344366e-001  1.581452e-001 -1.894913e+000 -3.540187e-001 -2.414438e-001 -7.428665e-001 -1.765509e-001 -1.870716e+000 -1.233551e+000  1.703579e-001  1.513153e-001 -1.526053e-001 -2.757909e-001  4.168986e-001  5.944034e-001 -1.590436e-001 -5.029113e-001  3.340601e-002  6.109274e-001  5.196937e-001  2.725444e-001 -1.861654e-001  7.889429e-002
-1.569760e+001 -4.332725e-001 -1.224467e+000 -3.502685e+000 -2.268588e+000 -4.361659e+000  1.559501e+000  9.606296e-001 -1.902005e+000  1.363367e+000  2.279673e+000 -8.196988e-001  3.272903e+001  1.294243e-001 -7.009782e-001 -3.252216e-001  4.788372e-001  1.444543e+000 -1.152333e+000 -6.094956e-001  3.483424e-002  7.500418e-001  5.474504e-001 -7.776985e-001 -9.964390e-001 -1.590515e-001  7.137269e-002 -2.710370e-001 -2.620040e-001  2.831463e-001 -3.473646e-002  5.350922e-001 -3.544059e-001 -4.057656e-002  4.438889e-001  1.165951e-001  4.757195e-001  1.187332e-001  6.109183e-001
-1.504536e+001  1.414879e+000  1.071028e+000  1.309889e+000  1.733243e+000 -5.057565e+000 -3.895842e+000 -1.799388e+000  5.154912e+000  5.146119e+000  1.397412e+000  1.252065e+000  3.288602e+001 -8.869152e-002 -4.244367e-001 -5.473716e-001  5.567259e-001  6.923399e-001 -1.837524e-001 -1.147760e+000 -3.303518e-001  3.137111e-001  1.152227e+000  6.810483e-001 -1.058158e-001  3.988207e-001  4.552061e-002 -7.379366e-001 -2.139416e-001 -1.382499e-001 -9.328669e-001  5.081113e-001 -2.321735e-001 -1.485941e-001 -3.489205e-001 -3.054335e-001  3.834884e-001  3.404373e-002  1.208884e+000
