62 39
-1.424665e+001 -5.863648e-002  4.499919e-001  2.685705e+000 -2.507367e-001 -1.680766e+000 -5.989466e+000  1.488750e+000  3.984801e+000  6.948015e-001 -1.371983e+000  3.548673e-001  3.222206e+001 -2.341599e-001  5.284892e-001 -5.757863e-001  2.472626e-001  1.907465e+000  6.762294e-001  6.936696e-001  1.295295e+000  2.887087e+000  5.379414e-001 -9.006656e-001 -6.871034e-001 -1.051056e+000  7.091957e-001 -9.519625e-001  1.167265e+000 -1.670273e+000 -1.310826e+000 -6.552686e-001  4.384001e-001 -1.421744e+000 -1.794458e+000 -1.153868e+000  5.070477e-002 -6.490417e-001  2.151873e+000
-1.500354e+001 -1.065334e+000 -2.195462e+000  2.703094e+000 -3.543054e+000 -6.805470e+000 -1.400918e+000  4.525981e+000  4.004560e+000  9.754672e-001  1.165299e+000 -4.947009e+000  3.125717e+001  3.981781e-003 -2.391559e+000  1.336307e+000 -4.819230e-001  1.101415e+000  1.001848e+000  1.031655e+000 -9.596667e-001 -4.954838e-001 -4.961740e-001  1.593215e+000 -2.109276e-001  9.426296e-001  7.994968e-001 -1.330237e+000  1.307614e+000 -2.214142e+000 -1.529107e+000 -3.504457e-001  7.679521e-001 -1.616727e+000 -2.483255e+000 -9.824545e-001 -5.289065e-001 -3.415320e-001  3.092097e+000
-1.382982e+001  3.062180e+000 -1.828134e+000 -1.600196e+000 -9.676780e-001 -2.234850e+000 -3.242767e+000 -2.485936e+000  2.374800e+000  6.003451e+000  5.225821e+000  6.650691e-001  3.010514e+001  1.300053e+000 -4.125163e+000  2.988246e+000 -3.073170e+000 -5.554071e-001  1.136755e+000  3.213914e+000 -2.680027e+000 -3.232723e+000 -1.495818e+000 -1.523890e+000 -1.617303e+000  6.118241e+000  8.394709e-001 -1.126098e+000  8.916446e-001 -1.890512e+000 -1.492492e+000 -5.458803e-001  6.406175e-001 -9.021629e-001 -1.802621e+000 -4.846526e-001 -1.510514e+000 -4.400560e-001  3.106661e+000
-1.511081e+001 -1.385041e+001  6.959440e+000  3.260848e+000  2.668739e+000  2.648301e+000 -2.222424e+000 -1.512737e+000 -9.927211e-001 -1.602928e+000  2.337360e+000 -8.672100e-001  3.894872e+001  2.326543e+000 -4.537199e+000  3.932450e+000 -5.867211e+000 -2.051734e+000 -1.835980e-002  3.209190e+000 -3.637690e+000 -4.517737e+000 -1.695633e+000 -4.521861e+000 -1.469888e+000  9.895717e+000  6.207665e-001  3.954470e-001 -2.509064e-001 -1.547681e+000 -1.445258e+000 -7.925237e-001 -1.386059e-001  2.977234e-002 -5.573919e-001  2.620043e-001 -1.527462e+000 -3.337117e-001  1.432777e+000
-7.692746e+000 -1.429191e+001  1.081377e+001 -1.295902e+001 -6.133669e+000 -7.238774e-001  1.049086e+001 -8.892026e+000 -9.680170e+000 -5.495090e+000 -9.577463e+000 -9.771544e+000  5.896748e+001  2.801914e+000 -4.029180e+000  2.584365e+000 -6.512656e+000 -3.978421e+000 -1.543068e+000  2.807990e+000 -1.876508e+000 -4.114893e+000 -1.285592e+000 -5.395700e+000 -2.257904e+000  1.000570e+001 -1.383925e-001  1.308205e+000 -1.057545e+000 -8.320904e-002 -6.906405e-001 -6.059772e-001 -1.447392e+000  8.020860e-001  7.060932e-001  8.245176e-001 -3.694456e-002  2.450085e-001 -1.362962e+000
-6.439368e+000 -1.507429e+001  1.114584e+001 -2.095355e+001 -1.121873e+001 -7.652756e+000  7.778221e+000 -1.045942e+001 -1.255664e+001 -1.753429e+000 -1.404236e+001 -7.078140e+000  6.630458e+001  2.356884e+000 -4.623148e-001  2.837150e-001 -6.500584e+000 -4.413366e+000 -1.620859e+000  5.415875e-001 -1.212565e+000 -2.841358e+000  7.087347e-001 -4.108191e+000 -1.559186e+000  6.162782e+000 -6.394821e-001  1.649095e+000 -1.124809e+000  1.210157e+000  1.353981e-001 -2.685805e-002 -1.676957e+000  8.514871e-001  1.460791e+000  6.763959e-001  1.058462e+000  3.017423e-001 -2.988086e+000
-4.155976e+000 -1.647178e+001  9.000494e+000 -2.205628e+001 -1.391605e+001 -4.799663e+000  5.796859e+000 -7.395131e+000 -1.241771e+001 -3.492576e-001 -1.356282e+001 -7.518984e+000  6.645573e+001  5.929205e-001  3.784223e-001 -4.751107e-001 -3.172529e+000 -2.827793e+000 -1.091881e+000 -2.689246e+000  1.178402e-001 -5.404460e-001  1.424586e+000 -1.915447e+000 -3.476109e-001  1.169896e+000 -8.240290e-001  1.394858e+000 -5.202972e-001  1.588949e+000  6.177239e-001  1.147091e-001 -1.382630e+000  1.621055e-001  1.294054e+000  1.220718e-001  1.159157e+000  4.119920e-001 -2.841079e+000
-5.094779e+000 -1.507205e+001  9.284653e+000 -2.469344e+001 -1.550690e+001 -3.418103e+000  2.832513e+000 -8.324007e+000 -1.383074e+001 -6.321707e-001 -1.621092e+001 -9.789419e+000  6.601851e+001  2.336292e-001  1.504473e+000 -1.618547e-001 -1.486489e+000 -1.950058e+000 -3.782434e-001 -2.426976e+000 -3.774288e-001  9.989920e-001  3.312571e-001 -9.696780e-001 -9.163224e-001 -6.268097e-001 -5.469403e-001  6.433842e-001  1.552989e-001  1.519751e+000  6.844587e-001  5.680763e-002 -4.282105e-001 -9.197697e-002  9.145803e-001 -3.579772e-001  9.270076e-001  4.368069e-001 -1.548586e+000
-5.400437e+000 -1.240092e+001  9.368809e+000 -2.695172e+001 -1.812855e+001 -8.300611e+000 -4.825196e-001 -9.370534e+000 -1.174535e+001  1.067210e+000 -1.807042e+001 -1.015396e+001  6.496000e+001 -2.566036e-001  1.961718e+000  2.056642e-001 -1.074958e+000 -2.121456e+000 -1.590831e+000 -2.620879e+000 -1.483548e+000  4.352037e-001 -4.864942e-001 -1.169171e+000 -5.193751e-001 -8.048916e-001 -1.214335e-001  2.054841e-001  3.768388e-001  8.519712e-001  5.866296e-001  1.944602e-002  4.940928e-001 -2.736855e-001  3.572791e-001 -3.757976e-001  6.824561e-001  3.806081e-001 -2.829046e-001
-4.648991e+000 -9.587352e+000  1.015241e+001 -2.593828e+001 -1.886277e+001 -7.793499e+000 -1.216969e+000 -1.135887e+001 -7.897860e+000 -8.053772e-001 -1.663695e+001 -1.034226e+001  6.391840e+001  4.694457e-002  1.962958e+000  7.198221e-001  4.938488e-002 -1.344241e+000 -1.087347e+000 -1.633649e+000 -8.717552e-001  1.243719e+000 -1.256109e-001  1.537083e-001  7.107307e-001 -5.927544e-001 -1.066217e-002 -2.960323e-001  3.205433e-001  3.640284e-001  7.507659e-001 -1.007259e-001  6.818630e-001 -6.976815e-002 -5.596564e-002  3.863274e-002  6.241422e-001  3.840690e-001  1.681611e-001
-5.661888e+000 -9.405537e+000  9.594938e+000 -2.680865e+001 -2.284540e+001 -1.056612e+001 -5.282794e+000 -1.329544e+001 -1.320813e+001 -2.695125e+000 -1.919566e+001 -9.839437e+000  6.348133e+001  7.909560e-002  1.176600e+000  9.682449e-001  3.193903e-001 -1.975534e-001 -6.400998e-001 -6.154461e-001 -1.003424e+000  1.123586e+000 -2.259682e-001  9.351404e-001  7.419029e-001 -2.616547e-001  7.463721e-002 -5.094887e-001  2.678160e-001  8.866458e-002  1.013685e+000  9.877644e-002  8.465841e-001  4.967441e-002  1.257870e-001  2.946055e-001  6.599998e-001  5.438813e-002  2.202098e-001
-4.729331e+000 -6.754949e+000  1.277070e+001 -2.451805e+001 -1.986968e+001 -7.722083e+000 -2.935593e+000 -1.072033e+001 -6.880758e+000  6.209421e-001 -1.487976e+001 -6.393026e+000  6.379407e+001  1.246877e-002  4.168704e-001  1.059572e+000 -3.635216e-001  8.418204e-001 -1.357239e+000 -2.037711e-002 -9.663317e-001  3.749724e-001  3.941579e-001  1.098877e+000  3.733835e-001 -5.762253e-002 -4.837027e-003 -4.927341e-001  8.240440e-002 -1.850186e-001  7.038078e-001  1.842400e-002  5.326352e-001 -1.319719e-001 -5.892254e-002  2.163992e-001  2.860459e-001 -3.478850e-001  1.415475e-001
-4.964789e+000 -7.934124e+000  1.290089e+001 -2.606488e+001 -1.861286e+001 -1.153682e+001 -2.700438e+000 -1.470692e+001 -6.635968e+000 -7.757909e-001 -1.427332e+001 -8.419064e+000  6.371389e+001  1.338204e-001  1.873188e-001  1.374870e+000 -4.251820e-001  1.853940e+000 -9.620023e-001  8.054063e-001 -1.187888e+000  1.498512e+000  7.266487e-001  1.658244e+000 -7.876091e-002  2.859154e-002 -2.178820e-002 -2.512635e-001 -4.979436e-002 -1.287829e-001  9.913588e-002  1.403212e-001  7.982540e-002 -5.198060e-002 -1.296129e-001  1.230022e-001  6.609493e-002 -3.970113e-001  2.894348e-002
-4.935196e+000 -8.238706e+000  1.379729e+001 -2.812777e+001 -1.676994e+001 -1.409434e+001 -2.610032e+000 -1.548479e+001 -9.309079e+000  2.057448e-001 -1.360374e+001 -9.185534e+000  6.351401e+001 -4.602957e-003 -6.071710e-003  9.285318e-001 -5.034220e-001  1.149051e+000 -8.342752e-001  3.191009e-001 -1.439383e+000  7.616430e-001  4.800766e-001  1.222386e+000 -6.183624e-001 -3.013992e-002 -1.393560e-002  1.266562e-002 -1.156590e-001  8.928127e-002 -3.593453e-001  3.785955e-001 -2.135445e-001  2.932754e-002 -4.736336e-002 -4.972100e-002  1.298505e-002 -2.402359e-001 -5.400776e-002
-4.889853e+000 -7.727064e+000  1.595599e+001 -2.712970e+001 -1.512557e+001 -1.219000e+001 -1.418543e+000 -1.685265e+001 -4.501410e+000  1.145717e+000 -1.154245e+001 -8.836988e+000  6.376432e+001 -2.130952e-002  1.317535e-001  7.847929e-001 -2.545742e-001  1.445107e-001 -1.999756e-001 -3.860581e-001 -1.026801e+000  2.821864e-001  3.460833e-001  1.203861e+000 -7.472806e-001 -1.306786e-001 -2.052145e-002  1.350156e-001 -2.086737e-001  2.510303e-002 -5.552999e-001  2.129326e-001 -5.257870e-001  1.160978e-001 -3.580374e-001 -8.331198e-002 -2.315652e-001  3.956632e-003 -1.263947e-001
-4.789814e+000 -6.888837e+000  1.588581e+001 -2.650275e+001 -1.586807e+001 -1.156687e+001 -1.981036e+000 -1.684438e+001 -4.139822e+000  2.060571e+000 -1.013326e+001 -9.275876e+000  6.361816e+001  2.035570e-002  5.079812e-001  7.763151e-001 -2.419090e-003 -1.001910e-001  1.547256e-001 -4.923673e-001 -9.002373e-001  7.463184e-001  3.358356e-001  1.390994e+000 -4.935361e-001 -2.480263e-001  1.338744e-002  2.665634e-001 -1.221169e-001 -3.688356e-003 -3.208947e-001  1.229172e-001 -4.634173e-001  8.365907e-002 -1.784020e-001  9.422717e-003 -2.036192e-001  3.225600e-001 -1.575089e-001
-5.144028e+000 -7.950291e+000  1.578059e+001 -2.815026e+001 -1.834124e+001 -1.380043e+001 -4.945227e+000 -1.916113e+001 -7.809664e+000  2.721257e-002 -9.989251e+000 -1.211030e+001  6.300842e+001  1.873379e-002  6.053703e-001  4.076092e-001 -5.501682e-001 -2.979384e-001 -3.918396e-001 -1.417794e+000 -8.769720e-001 -2.840129e-001  3.822093e-001  4.161140e-001 -1.213909e-001 -4.944389e-001  2.672451e-002  3.686164e-001 -4.861283e-002  1.113473e-001 -4.934472e-003  7.817944e-002 -2.714043e-001  3.464190e-002  6.873947e-002  2.047880e-001 -8.860813e-002  5.865786e-001 -1.452547e-001
-4.706330e+000 -5.587186e+000  1.776656e+001 -2.762959e+001 -1.566306e+001 -1.251550e+001 -3.308527e+000 -1.883173e+001 -3.923360e+000  2.444175e+000 -7.425366e+000 -1.001656e+001  6.265182e+001  4.231257e-002  1.089937e+000  5.065392e-001 -3.740667e-001 -2.341982e-001 -1.237574e-001 -1.482118e+000 -1.096002e+000  1.527326e-001  5.091271e-001  5.981636e-001  6.814924e-001 -6.358040e-001 -9.925576e-003  3.175785e-001  1.347920e-002  2.842893e-001  4.444962e-002  9.192409e-002 -2.128223e-001  7.654666e-002  5.784327e-002  2.840230e-001  3.433921e-002  5.581584e-001 -9.400741e-002
-4.837926e+000 -5.351038e+000  1.705366e+001 -2.931712e+001 -1.671777e+001 -1.367488e+001 -7.843770e+000 -2.024384e+001 -6.029706e+000  2.864961e+000 -1.081583e+001 -9.073601e+000  6.177529e+001  1.013346e-001  1.683858e+000  6.766167e-001  4.879862e-001  1.868419e-001  3.301631e-001 -1.248204e+000 -7.557093e-001  9.226767e-001  1.283378e+000  1.157235e+000  1.598098e+000 -6.630630e-001 -4.187746e-002  1.753910e-001  9.085024e-002  4.287323e-001  6.362152e-002  1.816596e-001  6.791769e-002  1.434613e-001  1.108996e-001  2.722772e-001  8.321333e-002  3.225371e-001 -2.112865e-002
-4.731302e+000 -2.738780e+000  1.778197e+001 -2.778965e+001 -1.785080e+001 -1.224843e+001 -7.942352e+000 -2.178304e+001 -4.266138e+000  3.187332e+000 -6.729156e+000 -7.386761e+000  6.105570e+001 -7.057257e-002  1.556630e+000  7.092074e-001  8.999504e-001 -1.203331e-001  2.533446e-001 -1.641274e+000 -5.781353e-001  4.321899e-001  1.305366e+000  1.192129e+000  1.437511e+000 -6.337513e-001 -1.003931e-001 -1.415557e-001  7.983387e-003  1.618965e-001  5.396691e-002  5.847623e-002  9.643786e-002  2.710046e-001 -2.804789e-001  6.331269e-002 -4.271744e-001 -1.005090e-001  2.441018e-002
-4.624869e+000 -9.552056e-001  1.915597e+001 -2.563029e+001 -1.631316e+001 -1.228315e+001 -8.869336e+000 -2.146403e+001 -3.024892e+000  6.072522e+000 -4.551181e+000 -5.434703e+000  6.049117e+001 -1.342109e-001  1.248979e+000  7.605263e-001  9.564848e-001 -3.676338e-002  3.279076e-001 -9.986278e-001 -4.185991e-001  1.307564e-001  1.345476e+000  5.351977e-001  1.113285e+000 -6.011086e-001 -1.330599e-001 -3.911776e-001 -1.317468e-001 -1.983627e-001  3.677459e-002 -1.258898e-002  1.665893e-001  2.126800e-001 -6.079524e-001 -2.651085e-001 -8.447976e-001 -4.420207e-001  4.814671e-002
-5.165721e+000 -1.952283e-003  2.026144e+001 -2.497325e+001 -1.646703e+001 -1.194464e+001 -1.100211e+001 -2.111231e+001 -3.264818e+000  7.367225e+000 -4.597041e+000 -4.648453e+000  6.012513e+001 -3.418801e-001  5.995976e-001  5.045013e-001  2.011665e-001  1.474390e-001  1.697516e-001 -1.124717e+000  9.046535e-002 -8.537018e-001  7.946416e-001 -1.226690e+000  4.213540e-001 -5.447304e-001 -7.954938e-002 -4.413912e-001 -2.768148e-001 -2.589982e-001  7.006223e-002  4.070684e-003  2.330482e-001  1.429337e-001 -6.599331e-001 -4.898907e-001 -8.615452e-001 -4.223614e-001  4.024975e-002
-5.291771e+000 -4.745569e-001  1.961655e+001 -2.594290e+001 -1.759347e+001 -1.218724e+001 -1.130703e+001 -2.267220e+001 -5.876584e+000  7.502393e+000 -9.205894e+000 -4.876330e+000  5.923503e+001 -4.283114e-001  2.064859e-001  1.202358e-001 -1.544355e-001  2.368288e-001  3.090147e-001 -6.735365e-001 -2.660961e-002 -1.474139e+000  2.131973e-001 -1.857343e+000 -1.039265e-001 -4.668400e-001  4.101506e-003 -3.601826e-001 -2.509151e-001 -2.340254e-002 -2.200811e-002  9.336899e-002  1.256726e-001  1.118555e-001 -5.447366e-001 -4.756739e-001 -4.207918e-001 -2.383584e-001  1.603515e-002
-6.107252e+000  1.888357e-002  2.007419e+001 -2.662752e+001 -1.647345e+001 -1.144763e+001 -1.234709e+001 -2.072663e+001 -7.108801e+000  6.445605e+000 -1.053525e+001 -5.559178e+000  5.896012e+001 -3.212692e-001 -1.290793e-001 -3.547212e-001  1.604197e-001  9.318199e-002  2.831445e-001 -6.385786e-001 -5.946159e-002 -2.065028e+000 -5.779483e-001 -1.919326e+000 -6.568994e-002 -4.996368e-001  4.499370e-002 -2.984940e-001 -1.216878e-001  2.148374e-001 -3.189835e-001  2.448564e-003  6.953152e-002 -2.333294e-001 -3.131594e-001 -4.307528e-001 -1.231384e-001 -7.887857e-002 -5.505387e-002
-6.295661e+000  6.680594e-002  1.985078e+001 -2.557534e+001 -1.512580e+001 -1.098658e+001 -1.156453e+001 -2.178992e+001 -8.473598e+000  7.599319e+000 -1.086879e+001 -5.498973e+000  5.873948e+001 -1.240088e-001 -1.875956e-001 -6.443787e-002  8.598455e-001 -1.196754e-001  7.380561e-001 -6.133338e-001  2.156418e-001 -1.987263e+000 -3.465990e-001 -1.222443e+000  1.650151e-001 -5.434796e-001  5.230665e-002 -2.306468e-001  1.194050e-001  3.624417e-001 -3.454776e-001 -4.100199e-002 -4.566171e-002 -3.146593e-001  1.616000e-001 -2.775488e-001 -1.677687e-002  8.886293e-002 -1.372062e-001
-6.270123e+000 -9.180301e-001  1.837072e+001 -2.435493e+001 -1.723495e+001 -1.112925e+001 -1.406626e+001 -2.185076e+001 -1.229145e+001  4.429021e+000 -1.336222e+001 -4.665581e+000  5.787473e+001 -2.690629e-001 -6.958317e-001 -1.160088e-002  7.682133e-001 -1.269226e+000 -3.252630e-002 -8.071603e-001 -1.197307e+000 -2.162937e+000 -1.079224e+000 -2.159832e+000 -1.075096e-001 -7.816799e-001  1.389104e-001  4.370555e-002  5.951477e-002  6.270459e-001 -1.532541e-001 -2.292125e-002  2.977619e-002 -3.039714e-001  7.305281e-001 -1.130252e-001  2.032604e-001  1.380562e-001 -3.083555e-001
-5.830380e+000 -9.440782e-001  2.014610e+001 -2.277997e+001 -1.781110e+001 -8.656150e+000 -1.351411e+001 -2.103192e+001 -1.322158e+001  6.777690e+000 -1.390462e+001 -4.498053e+000  5.706033e+001 -1.928813e-001 -6.633717e-001  5.457008e-001  1.353876e+000 -8.093551e-001  2.618402e-001 -8.175542e-001 -1.030983e+000 -6.171850e-001 -9.239088e-001 -1.820975e+000  3.612980e-001 -1.011849e+000 -9.003367e-002  2.507012e-001 -4.250465e-001  1.514775e+000  3.188187e-001 -5.840414e-001  1.992601e-001 -9.069765e-002  1.032247e+000 -4.225069e-001  9.244935e-001 -1.002972e-001 -2.667288e-001
-7.685207e+000 -2.954833e+000  1.986852e+001 -2.418414e+001 -2.147693e+001 -1.277548e+001 -1.540810e+001 -2.709216e+001 -1.554949e+001  1.460297e+000 -1.981649e+001 -6.597186e+000  5.589129e+001  4.077192e-001  3.273365e-001 -3.622168e-001  3.048634e+000 -3.282486e-001  4.066462e-001 -3.875875e-001 -9.560059e-001  9.025734e-001 -8.544195e-001 -6.037582e-001  5.264495e-001 -1.807229e+000 -5.569189e-001  3.900636e-001 -7.211876e-001  2.167761e+000  1.008368e+000 -5.437296e-001  3.752090e-001  4.120217e-001  8.642361e-001 -5.188035e-001  1.501734e+000 -3.736858e-001 -1.129313e-001
-6.552525e+000 -2.231652e+000  2.183038e+001 -1.889136e+001 -1.705159e+001 -8.854268e+000 -1.498138e+001 -2.432413e+001 -9.930500e+000  4.464137e+000 -1.674653e+001 -2.726681e+000  5.467195e+001 -9.125683e-001  5.543265e-001 -2.014362e+000  7.293510e+000  1.003929e+000 -2.401737e+000  1.731803e-001 -3.584972e-001  1.641215e+000 -2.571536e+000  2.621988e+000 -6.534507e-001 -1.364349e+000 -9.076506e-001  2.268637e-001 -8.429338e-001  1.718090e+000  1.036599e+000 -4.765623e-001  3.996254e-001  6.159604e-001  2.026824e-001 -9.327457e-001  8.710301e-001 -6.239470e-001 -2.896140e-001
-3.870454e+000  1.362439e+000  1.571749e+001 -1.105607e+001 -1.925595e+001 -8.996956e+000 -1.527056e+001 -2.498468e+001 -9.424121e+000  1.313701e+000 -1.496006e+001 -2.919019e+000  5.003277e+001 -2.693814e+000  6.456372e-001 -2.337507e+000  8.637201e+000  2.865970e+000 -1.419386e+000  5.735174e-001  5.265579e-001  1.029043e+000 -2.849428e+000  3.127355e+000 -1.468564e+000 -1.170086e+000 -7.957946e-001 -4.425500e-002 -5.139924e-001 -2.108561e-001  9.338184e-001  2.960386e-001  4.842884e-001  1.178344e+000 -1.933182e-001 -5.189060e-001  3.247767e-001 -2.722873e-001 -6.370265e-001
-1.230060e+001 -3.310814e-001  1.214980e+001  7.123552e+000 -1.390194e+001 -2.255409e+001 -1.271698e+001 -2.387815e+001 -8.078187e+000 -6.006692e+000 -3.222903e+000 -9.604390e+000  5.316785e+001 -3.180368e+000  3.117964e-001 -2.681323e+000  7.150042e+000  2.776530e+000 -1.207956e+000  7.000205e-001  1.307536e+000  3.329920e-001 -4.590133e+000  6.686189e-001 -1.760930e+000 -2.778491e+000 -2.749646e-003 -2.268823e-001 -2.998053e-001 -2.654000e+000  2.901037e-001  1.501700e+000  5.487146e-001  1.583895e+000  4.209720e-002  8.073608e-001  1.066969e-001  8.111497e-001 -1.034936e+000
-1.828024e+001 -6.769320e-001  1.302128e+001  5.994417e+000 -8.721905e+000 -1.302249e+001 -1.367271e+001 -2.468237e+001 -1.133043e+001 -7.551430e+000 -1.094153e+001 -1.050115e+001  5.079291e+001 -2.437354e+000  2.273266e-001 -2.598698e+000  2.066088e+000  3.454543e+000  1.289948e+000  1.770435e+000  4.102696e+000  5.900940e-001 -2.439651e+000  1.996810e+000 -2.812473e-001 -4.285291e+000  7.109849e-001 -2.497479e-001 -4.540698e-001 -3.242161e+000 -2.037263e-001  1.343544e+000  7.027974e-001  1.518229e+000  8.190661e-001  2.159998e+000  1.008851e+000  1.402239e+000 -8.660752e-001
-1.524947e+001  3.470159e-001  9.771874e+000  8.333612e+000 -8.435964e+000 -1.288128e+001 -1.228020e+001 -1.793761e+001 -7.312384e+000 -1.405396e+001 -1.541270e+001 -7.740265e+000  4.039943e+001 -1.054547e+000 -3.709295e-001 -3.382793e+000 -2.690933e+000  2.160161e+000  3.752096e+000  2.318295e+000  5.772906e+000  2.071176e+000  1.260379e+000  3.720745e+000  2.808639e+000 -4.981427e+000  7.875790e-001 -3.018213e-001 -2.806229e-001 -2.178225e+000 -2.081740e-001  1.016221e+000  3.550296e-001  5.614071e-001  1.013919e+000  2.843092e+000  1.478915e+000  1.043759e+000  1.237392e-001
-1.458279e+001  2.160023e+000  3.912964e+000 -1.330659e+000 -4.716219e+000 -7.383622e+000 -6.636776e+000 -7.441471e+000 -6.856553e+000 -6.860920e+000  1.118890e+000 -5.257318e+000  3.499053e+001 -2.018003e-001 -2.617392e-001 -4.257121e+000 -2.653116e+000  2.155523e+000  2.818310e+000  3.278368e+000  5.885018e+000  4.255282e+000  5.025307e+000  6.645545e+000  3.257847e+000 -4.398994e+000  6.836323e-001 -4.947036e-001  1.135794e-001 -2.995044e-002 -2.578096e-001  2.043149e-001 -5.338407e-001 -8.810664e-001  8.363261e-001  1.558214e+000 -1.472103e-001 -3.333199e-002  1.062039e+000
-1.942206e+001 -3.604207e+000 -2.100094e-001 -2.668575e+000 -5.103978e+000 -6.613048e+000 -4.643477e+000 -3.634062e+000  4.075246e-002 -5.004966e-002  9.350609e+000  1.816889e+000  3.616190e+001 -3.602497e-001 -9.527770e-001 -3.255226e+000 -1.381480e+000  2.385170e+000  3.108968e+000  1.721202e+000  3.223411e+000  3.569991e+000  5.892850e+000  5.738828e+000  1.688318e+000 -2.102943e+000  6.302456e-001 -3.394095e-001  7.013596e-001  1.251752e+000 -8.767211e-002 -4.092359e-001 -1.164703e+000 -1.523736e+000  1.116051e-001 -1.681616e-001 -1.552048e+000 -1.127456e+000  1.437986e+000
-1.720295e+001 -1.001665e-002 -3.273384e+000 -1.770067e+000  3.897184e-001 -2.065058e+000 -1.099236e+000 -2.409049e+000  6.269407e+000  1.057315e+001  9.904537e+000  1.009504e+000  3.091670e+001  6.336590e-001 -1.955268e+000 -2.094585e+000  1.261609e+000  2.052991e+000  2.633087e+000 -6.002225e-001  9.721119e-001  4.022317e+000  3.035183e+000  2.517164e-001  1.122532e-001 -4.143381e-001  3.895814e-001 -5.598003e-002  1.087948e+000  9.803564e-001 -3.401499e-001 -7.034484e-001 -1.161917e+000 -1.301887e+000 -1.178306e+000 -1.679708e+000 -2.031304e+000 -7.371444e-001  1.201795e+000
-1.574064e+001 -3.331849e+000 -2.911082e+000  1.645916e+000  9.369164e-001  4.276145e-003 -6.442961e+000 -4.336764e+000  3.974591e+000  6.693255e+000  8.888617e+000 -2.432086e+000  3.192163e+001  1.678952e+000 -1.221213e+000 -9.572634e-001  1.610467e+000  1.773067e+000  1.798528e+000 -1.565925e+000  6.106791e-001  2.745684e+000  1.414634e+000 -8.425801e-001 -1.255842e+000  2.161756e-001  2.015402e-001  7.097470e-001  9.760202e-001  9.088177e-002 -6.172722e-001 -1.044176e+000 -1.806729e-001 -6.471544e-001 -1.841397e+000 -2.047207e+000 -1.578764e+000  8.698722e-002  4.857703e-001
-1.325520e+001 -7.752494e+000 -5.209423e+000  2.820140e+000  2.528288e+000  2.473153e+000 -8.738147e+000 -2.229561e+000  1.128811e+001  4.943342e+000  2.608468e+000 -2.571565e+000  3.503897e+001  7.265058e-001 -4.074214e-001  3.363774e-002  7.526928e-001  7.608252e-001 -4.371227e-002 -8.876550e-001  6.819502e-001 -1.224094e+000 -1.134124e+000 -2.202718e-001  1.044206e+000  4.504194e-001 -1.815147e-001  1.242168e+000  7.216582e-001 -7.876958e-001 -6.702278e-001 -9.917195e-001  8.397821e-001 -5.300640e-001 -2.301920e+000 -1.392723e+000 -6.152889e-001  4.528464e-001 -9.008637e-002
-1.300117e+001 -5.839032e+000 -4.028307e+000  3.088657e+000  2.692071e+000  1.104850e-001 -8.653647e+000 -6.704105e-001  1.125982e+001  9.838021e+000  8.785743e+000 -2.671788e+000  3.518164e+001  6.010280e-001  1.822035e+000  5.607637e-001 -6.726131e-001 -5.510827e-002 -7.735129e-001  9.615539e-001  1.327199e-001 -3.013787e+000 -2.258531e+000 -1.918998e+000  1.657278e+000 -1.064703e-001 -2.947817e-001  9.843477e-001  3.838429e-001 -7.623671e-001 -5.943659e-001 -4.000644e-001  1.162413e+000 -5.924047e-001 -1.603124e+000 -9.291115e-001 -4.964533e-001  2.875804e-001 -2.936865e-001
-1.494015e+001 -7.935320e-001 -2.546582e+000  1.272026e+000  3.316267e+000 -2.336723e+000 -4.432168e+000 -8.324747e-001 -3.493679e+000  3.330146e+000  8.854615e+000  6.350383e+000  3.153879e+001  2.650474e-001  2.733948e+000  7.546928e-001 -1.535329e+000 -3.840607e-001 -1.039490e+000  2.334949e+000 -1.439228e+000 -4.607547e+000 -2.091851e+000 -2.286519e+000  9.199249e-001 -7.034470e-001 -1.328632e-001  2.294633e-001  5.628434e-002 -1.769713e-001 -2.139259e-001  2.055007e-001  7.838964e-001  1.100335e-001  2.689796e-001  1.054396e-001  1.925679e-001 -3.431484e-001 -1.896797e-001
-1.189302e+001  2.298844e+000 -1.438684e+000 -9.430925e-001  2.673853e-001 -1.458350e+000 -3.788181e+000 -4.371708e+000 -3.703446e+000 -3.792802e+000 -3.829444e+000  1.393331e+000  3.313937e+001  4.357728e-001  2.129841e+000  6.014235e-001 -1.057357e+000 -6.263198e-001  2.960946e-001  2.634838e+000 -1.290755e+000 -3.578208e+000 -2.752060e+000 -2.291723e+000  2.441998e-001 -6.753237e-001 -2.171528e-001 -5.977165e-001 -1.259287e-001  4.837062e-001 -7.861060e-003  2.960452e-001  1.509573e-001  9.780114e-001  1.427392e+000  7.996585e-001  1.276940e+000 -1.821982e-001 -2.582237e-002
-1.248404e+001  1.848310e+000 -2.730770e+000 -2.840632e+000  1.820327e+000 -1.939880e+000  5.038644e-001 -7.575053e+000 -4.267992e+000  1.299499e+000 -2.516535e+000 -4.500184e-003  3.254288e+001  1.448172e-001  5.859921e-001  2.947295e-001  6.020839e-002 -2.319827e-002  4.489877e-001  2.195185e+000  1.943855e+000  4.030145e-001 -3.601612e-001  9.289305e-001  3.500284e-002 -2.135525e-001 -3.007198e-001 -8.999078e-001 -1.957640e-001  6.323369e-001 -1.767147e-001  5.757587e-002 -7.885532e-001  9.971138e-001  1.873942e+000  8.678403e-001  1.247203e+000  8.831940e-002  5.943728e-002
-1.205037e+001  3.489252e+000 -9.290955e-001 -1.417982e-001  3.084415e-001  1.392536e+000  2.052526e+000 -3.752896e+000 -6.244065e+000 -2.906958e+000  3.012704e+000  1.726652e+000  3.130298e+001 -4.246209e-001 -9.256952e-002  1.611020e-001  9.481491e-001 -2.748448e-001 -3.752589e-002  1.786222e+000  3.331235e+000  1.617895e+000  8.739165e-001  2.857980e+000  1.188748e+000 -4.805294e-001 -3.687370e-001 -7.432387e-001 -1.347506e-001  2.038397e-001 -2.191585e-001 -1.498113e-001 -1.184581e+000 -2.562206e-002  1.418092e+000  1.025453e+000  4.697491e-001  3.038706e-002  2.222490e-002
-1.413740e+001  1.541225e+000 -1.327729e+000  1.172421e+000  3.179748e+000 -1.517228e+000  3.623404e+000  8.577394e+000 -2.082971e-001  1.086418e+000  1.007819e+001  6.358737e+000  3.138922e+001 -8.083549e-001 -6.543851e-001 -3.966355e-003  6.236016e-001 -1.443372e+000 -5.848005e-001 -1.183509e+000  1.235346e+000  2.164109e+000  4.343622e-001  1.374644e+000  8.892478e-001 -5.036577e-001 -1.389934e-001 -2.215335e-001 -8.949524e-002 -2.487430e-001 -9.418861e-002 -1.285387e-001 -1.303662e+000 -1.459721e+000  2.995164e-001  6.292285e-001 -6.542135e-001 -2.703795e-001 -9.278467e-003
-1.318945e+001  1.989539e+000 -1.334694e+000  1.791126e+000 -1.786549e+000 -1.857306e+000  3.583160e+000  4.208243e+000  2.356181e+000  6.833212e-001  4.163089e+000  4.155453e+000  3.131355e+001 -9.313262e-001 -9.661640e-001  7.701856e-002 -3.198552e-001 -1.012026e+000  6.393210e-002 -1.598720e+000 -1.064610e+000  2.631702e+000  1.977944e+000 -1.658340e-001 -3.098736e-002 -4.191465e-001  9.893991e-002  1.681280e-001  7.254462e-003 -3.497588e-001  3.919073e-001  1.637161e-003 -8.369983e-001 -1.157804e+000 -2.143290e-001  4.175188e-001 -6.507604e-001 -6.459998e-001  1.132983e-001
-1.595627e+001 -6.737593e-001 -2.547803e+000 -6.890865e-001 -4.349036e+000 -3.238961e+000 -6.178999e+000 -5.378895e+000  2.252429e+000  1.676171e+000  3.781491e+000  3.227338e+000  3.001930e+001 -2.967970e-001 -8.487824e-002 -1.107050e-001 -5.495043e-001 -1.255508e-001 -2.444349e-001 -2.630652e+000 -3.156826e+000  1.393692e+000  2.233968e+000 -8.302301e-001 -7.070268e-001 -2.906362e-001  3.257532e-001  4.534748e-001  1.189525e-001  3.117800e-002  6.441751e-001 -2.721914e-002  3.834832e-001  1.374696e-001 -4.566431e-001  9.684781e-002 -1.458273e-002 -5.634580e-001  1.900797e-001
-1.579756e+001 -2.340761e-001  6.603406e-002 -8.103203e-001 -9.872955e-001  2.573063e+000 -1.039874e+000 -2.097804e+000  5.684084e+000  6.687886e+000  5.331885e+000  3.137415e+000  2.989220e+001 -1.857003e-001  4.633169e-001  2.507436e-001 -2.140918e-001  1.025781e+000 -1.995229e-001 -1.675198e+000 -2.617007e-001  9.314582e-001  2.061707e+000  7.066143e-001 -1.243114e+000 -2.054863e-002  3.026569e-001  3.059389e-001 -2.643894e-002  2.909245e-001  2.100804e-001 -1.801212e-001  8.716497e-001  8.117924e-001 -5.907997e-001 -6.020240e-001  3.634813e-001 -1.910011e-001  1.969550e-001
-1.431733e+001  2.228641e+000 -2.581618e+000 -2.743767e-001  2.152367e+000 -4.954587e+000 -7.218340e+000 -4.053711e+000  5.096214e+000  9.253975e+000  5.342645e+000  3.332622e+000  3.064671e+001  4.475981e-001  8.982484e-001  5.039337e-001  7.266099e-001  7.585999e-001 -5.891687e-001  7.721457e-001  1.521239e+000  7.310151e-001  8.767195e-001  8.655058e-001 -1.321979e+000  2.474417e-001  1.025755e-001 -1.553420e-001 -4.997570e-002  1.956206e-001 -1.871500e-001  7.284556e-002  1.159362e+000  9.756838e-001 -5.876724e-001 -7.214459e-001  3.165834e-001  3.714229e-001  1.188970e-001
-1.493742e+001  2.854923e+000 -6.406847e-002  5.133125e-001  9.165630e-002 -1.997107e+000 -4.273161e+000  2.237148e+000  5.591580e+000  7.202957e+000  6.915583e+000 -2.112756e+000  3.089710e+001  2.097609e-001  7.196714e-002 -3.624955e-001  4.967102e-001 -4.036990e-001 -6.643068e-001  1.058129e+000  6.553195e-001  9.042645e-003 -3.535519e-001  8.037044e-001 -6.785163e-001  2.965893e-001  8.994300e-002 -3.572271e-001 -3.016083e-001 -1.893592e-001 -2.427155e-001  2.405343e-001  5.164323e-001 -4.676340e-002 -5.069529e-001 -6.649809e-001  3.664849e-002  9.509757e-001  2.583532e-002
-1.414835e+001  2.272983e+000  3.691684e-002  2.282147e+000 -1.095512e+000 -3.899719e+000 -7.016278e-001  5.982191e-002  5.953757e+000  5.802233e+000  7.317171e+000 -7.574732e-001  3.075406e+001  1.834993e-002 -6.659132e-001 -5.396398e-002  7.319762e-002 -3.465605e-001  3.521849e-001  1.799493e+000  1.263083e+000 -1.083462e+000 -1.656318e-001  7.041420e-001  8.677891e-001  1.452797e-001 -5.524863e-003 -2.147020e-001 -2.514265e-001 -3.680849e-001 -9.940363e-002  1.901537e-001 -1.518275e-001 -2.205816e-001 -2.575592e-001 -1.635473e-001 -2.239470e-001  7.629408e-001 -6.652140e-002
-1.483324e+001  1.035886e-001 -3.055711e+000  3.949689e-001 -1.381850e+000 -1.275904e+000  9.924152e-001 -8.779730e-001  5.300526e+000  6.645998e+000  8.363144e+000  1.789881e+000  3.132147e+001  4.786387e-001 -5.407379e-001 -9.783492e-001 -8.341817e-001  3.647840e-001  5.324719e-001  3.932898e-001 -3.664400e-001 -6.960676e-001 -7.420216e-001  9.705386e-001  2.416881e+000  1.597090e-001 -4.891400e-002  1.413957e-001  8.932532e-002 -1.924549e-001 -1.043286e-001 -1.096600e-001 -3.513330e-001  5.912530e-003 -5.675481e-002 -4.537121e-002 -5.107859e-001 -8.286422e-002 -1.067893e-001
-1.427767e+001  2.747419e-001 -1.355617e+000  1.507831e-001  1.156318e+000 -3.554264e+000 -8.536637e-001  3.819266e+000 -1.755676e-001  8.704295e+000  8.139574e+000  5.720249e+000  3.116092e+001  2.855349e-001  1.310908e-001 -4.452721e-001 -4.483688e-001 -1.226597e-001 -2.367897e-001  3.454276e-001  9.292103e-001 -2.042256e-001  2.532178e-001 -3.376462e-001  9.450259e-001 -1.672516e-002 -1.689288e-001  3.041714e-001  2.951044e-001  7.614336e-002 -4.810395e-001 -6.238681e-001 -5.047972e-001 -1.912450e-002  2.494323e-001 -1.639331e-001 -7.698603e-001 -9.470477e-001 -4.197359e-002
-1.247957e+001  1.150354e+000 -4.259548e+000 -2.591914e+000  7.896612e-001  4.925246e-001 -2.230694e+000 -1.474774e+000  5.175904e+000  2.041817e+000  1.135707e+001  6.732785e+000  3.149222e+001 -1.684015e-001  3.804437e-001  2.797852e-001 -2.047812e-001 -1.037292e+000 -9.181193e-001  2.849680e-002  8.518186e-001 -7.143494e-001 -7.898327e-001 -1.229331e+000 -1.131456e+000 -1.563549e-001 -3.486865e-001  4.499366e-002  6.287476e-001  2.403067e-001 -5.104792e-001 -5.570154e-001 -3.335690e-001  4.054483e-002 -1.875287e-002 -2.044337e-001 -6.569135e-001 -8.223688e-001 -9.133263e-003
-1.389751e+001  2.405054e+000 -1.587525e+000  1.533744e+000 -2.794567e+000 -5.967882e+000  2.637065e+000  5.004274e+000  4.994940e+000  9.370412e+000  4.131975e+000  1.496204e+000  3.058507e+001 -5.027739e-001  3.943530e-001  7.924911e-001  1.392142e-001 -2.050720e+000 -2.041860e+000 -5.420969e-001  5.583314e-001  1.728408e-001 -9.613919e-001 -2.045225e+000 -2.093281e+000  9.344368e-002 -2.440681e-001 -2.753412e-001  2.526290e-001 -4.569636e-002  1.486640e-002  1.118625e-001 -4.847556e-001 -3.422690e-001 -2.985328e-004 -2.920668e-001  2.183202e-001  9.191088e-002  4.635870e-002
-1.586533e+001  9.406511e-001 -1.540830e+000 -1.320418e+000 -4.592869e+000 -4.659692e+000 -6.104649e-001  2.788616e+000 -8.564746e-001  2.363776e+000  4.220287e+000 -1.755376e+000  3.082763e+001 -8.706395e-001 -4.474007e-001  1.546507e+000  7.356042e-002 -1.223582e+000 -1.350070e+000 -8.307931e-001  2.172356e-002 -9.783652e-001 -1.156886e+000 -1.460240e+000 -1.758099e-001  5.895824e-002 -6.422997e-003 -3.710235e-001 -2.131108e-001 -2.206309e-001  5.122612e-001  6.501488e-001 -2.235642e-001 -1.889841e-001  3.715896e-001  3.257704e-001  7.527703e-001  6.024844e-001  1.113334e-001
-1.509866e+001  2.351359e+000  1.247480e+000  2.111056e-001 -6.406015e+000 -1.118746e+001 -4.374262e+000  4.479228e+000  3.704826e+000  3.736356e+000  1.481845e+000 -5.020756e-001  3.196044e+001 -5.836866e-001 -8.316932e-001  1.845118e-001 -8.160214e-001  4.481709e-002  5.384983e-001 -1.648705e+000 -3.670872e-001 -7.371037e-002 -1.023590e+000  8.694091e-001  9.267573e-001  1.074118e-001  9.409366e-003 -3.176603e-001 -3.430226e-001 -3.122368e-001  7.171791e-001  7.928990e-001  1.288246e-001 -1.786303e-002  3.453475e-001  7.836269e-001  9.126702e-001  3.087916e-001  7.322868e-002
-1.623219e+001 -1.059802e+000  2.055486e+000 -1.562793e+000 -3.522524e+000 -3.648037e+000 -2.878996e+000 -1.103633e+000  9.291344e-001 -9.255822e-001  5.380941e+000  6.852876e+000  3.109932e+001 -1.600601e-001 -8.616508e-001 -4.817792e-001 -8.303179e-001  4.762451e-001  1.042446e+000 -5.360202e-001  3.696074e-001  1.266874e+000  8.701181e-001  1.077204e+000  3.709469e-001  3.933279e-001  3.406449e-002 -1.982254e-003 -2.641362e-001 -3.247369e-002  3.383254e-001  1.936987e-001  2.243404e-001 -8.391209e-002  4.337716e-001  8.333526e-001  1.174925e-001 -3.725694e-001  1.517600e-001
-1.663251e+001 -7.531852e-001 -2.463125e+000 -2.425175e+000 -3.105654e+000 -3.781218e+000 -4.472196e+000  5.114963e+000  3.733583e+000  5.897143e+000  7.898693e+000  1.825865e+000  3.098628e+001 -8.110167e-001 -9.868232e-001  9.152124e-002 -9.700307e-001  6.852620e-001  7.263774e-001 -4.536054e-002  2.950744e-001  7.769588e-001  1.943241e+000  1.249405e+000 -8.227014e-001  2.924023e-001 -3.799387e-002  2.162577e-001  2.226592e-001  3.153244e-001  1.154157e-001 -1.233447e-001  2.878742e-001 -2.965670e-001 -5.501143e-002  1.026857e-001 -6.056125e-001 -3.638502e-001  1.049368e-001
-1.589870e+001 -1.815331e+000 -2.094424e+000 -4.153866e+000 -3.861824e+000 -3.150583e+000 -3.241599e+000  4.318785e+000  5.463517e+000  5.633973e+000  6.397881e+000 -1.064611e+000  3.328135e+001 -5.866520e-001 -3.797470e-001  2.723213e-001 -1.180344e-002  1.478224e-001 -4.755156e-001 -5.107637e-001 -7.289177e-001  7.651580e-001  1.526462e+000 -1.062775e+000 -1.163927e+000  7.252628e-001 -6.994227e-002  3.684486e-001  3.338290e-001  2.328054e-001  2.778943e-002  1.138024e-001 -1.079068e-001 -4.189946e-001 -5.150286e-001 -8.815086e-001 -5.486362e-001 -1.375087e-001 -7.685867e-002
-1.932049e+001 -2.204993e+000  3.780041e+000 -3.343511e+000 -2.810055e+000 -7.804296e+000 -4.419764e+000  3.243391e+000  5.322429e+000  1.017278e+001  7.220399e+000 -6.568393e-001  3.233144e+001 -5.603601e-001  8.643305e-003  9.207577e-001  3.513434e-001  7.861071e-001  6.807556e-001 -2.219627e-001 -1.300660e+000 -9.790950e-002 -8.383330e-001 -1.088664e+000 -1.250568e-001  4.661285e-001  2.108646e-001  4.086808e-001  7.794516e-002  2.271637e-001 -4.177538e-002  5.164644e-001  1.299928e-001 -1.861447e-001 -5.989379e-001 -9.626048e-001 -1.491195e-001  1.249821e-001 -1.455221e-001
-1.782147e+001 -2.232633e+000  2.955101e-001 -1.162642e+000 -2.931212e+000 -4.014076e+000 -5.459031e+000 -3.812436e+000  3.960502e+000  4.568909e+000  4.062121e-001  2.274591e+000  3.405306e+001 -6.350998e-001  4.828587e-001  7.727478e-001 -3.269778e-001  5.647697e-001  1.634268e+000 -9.872533e-001 -9.274986e-001 -8.708348e-001 -2.146638e+000 -4.969428e-001 -6.654189e-001 -7.782860e-002  2.601074e-001  2.297572e-001  1.060057e-001  1.661902e-001  6.912255e-002  5.967917e-001  7.815626e-001  3.881485e-001 -6.840246e-001 -2.321503e-001  6.938039e-001  2.284912e-001 -1.813970e-001
-1.847293e+001 -5.013179e-001  9.456967e-001 -2.164071e+000  3.595750e-001  5.430613e-002 -4.473294e+000  2.677275e+000  3.995543e+000  2.238010e+000  5.451206e+000 -4.690198e-001  3.293106e+001  2.675301e-001  6.252782e-001  2.310338e-001  3.233747e-001  2.679114e-001  2.253807e+000  8.428484e-001 -5.363588e-001 -1.399734e+000 -1.033233e+000  2.208912e-001 -4.470449e-001 -3.366242e-002  1.459457e-001 -1.406133e-001 -1.018534e-001  1.693247e-001 -4.185425e-002 -1.567737e-001  8.268536e-001  2.716502e-001 -2.788993e-001  4.881920e-001  3.857128e-001  3.136477e-001  2.064185e-001
