26 39
-1.808220e+001  2.204433e+000 -3.104470e+000  2.313793e+000 -6.204761e-001 -8.689846e+000 -1.280917e+000 -1.611164e+000  1.868473e+000  8.863384e+000 -3.185877e+000  1.650469e+000  3.545827e+001 -1.235237e-001 -1.342551e-001  1.798817e-001  1.180175e+000 -6.623278e-001  7.626033e-001 -6.280268e-001 -8.346029e-002  1.133906e-001  2.139417e+000 -1.898935e+000  1.880859e-001  9.687164e-001 -1.153605e-001 -3.304342e-001 -1.357482e-001 -1.818743e-001 -2.221578e-001 -1.484834e-001  2.656629e-001  3.016883e-003  1.036305e+000 -1.342895e-001  1.802309e+000 -5.677601e-001  8.874030e-002
-1.899785e+001  1.884790e+000 -1.235281e+000  6.056372e+000 -5.303248e-001 -4.933227e+000 -2.181705e+000  1.125296e+000 -1.684881e+000  4.930356e+000 -9.922380e+000  2.289368e+000  3.698257e+001 -4.086803e-001 -8.109774e-001  6.829114e-002  1.067100e+000 -1.014174e+000 -1.021420e+000  1.085859e+000  2.513594e-001  1.805774e+000  1.821943e+000  7.635335e-001 -1.369423e+000  1.045491e+000 -1.870871e-001 -3.328525e-001 -4.516696e-002 -4.922538e-001 -1.161306e-001 -3.364235e-001  5.507137e-001 -7.930122e-002  9.722340e-001 -7.626733e-001  2.197658e+000 -6.217680e-001  6.507561e-002
-1.903107e+001  1.856796e+000 -2.205413e+000  2.850409e+000 -1.409103e+000 -3.976288e+000  1.906179e+000  3.823667e+000  2.751127e+000  1.126957e+001 -5.902192e+000 -1.471356e-001  3.716329e+001 -8.041092e-001 -9.713308e-001 -9.127346e-002 -6.506349e-001 -3.202321e-001 -8.900100e-001  1.586225e+000 -8.325276e-001  3.198761e+000 -1.609732e-001  2.886681e+000 -7.525014e-001  1.292958e+000 -1.234941e-001 -1.112048e-001  1.926932e-003 -3.427345e-001  1.160042e-001  1.561153e-001  2.614860e-001 -3.185195e-001  5.365977e-001 -1.273840e+000  1.337323e+000 -4.087640e-001  1.349875e-001
-2.087562e+001 -1.343037e+000 -3.545925e+000  3.441429e+000 -1.993253e+000 -1.090747e+001  8.909558e+000  6.564300e-001  1.028678e+001  8.511417e+000 -1.039385e-001 -1.405273e+000  3.851599e+001 -7.425612e-001 -9.099016e-001  5.085242e-001 -1.764760e-001 -7.290356e-001 -3.264571e-001  1.456266e+000 -1.127741e+000  3.033505e+000 -1.385001e+000  5.017222e+000 -1.443790e+000  1.240976e+000  9.328465e-002  2.027435e-001 -1.689686e-001 -3.473552e-001 -3.811584e-002  4.453786e-001 -4.043926e-001 -7.456239e-002 -6.015012e-001 -9.358243e-001 -1.961786e-001 -8.792572e-002  2.627280e-001
-2.116386e+001 -1.038308e+000 -2.405515e+000  3.680893e-001 -1.490173e+000 -1.015277e+001  1.104575e+000 -5.539369e+000  1.187645e+001  6.267987e+000  6.338306e+000 -2.647173e-001  4.115635e+001 -5.740539e-001 -6.408170e-001 -3.060018e-002  8.829021e-002 -2.248760e-001  1.195698e+000  4.941998e-001 -9.865078e-001  2.182513e+000 -2.626312e+000  2.660838e+000 -1.818551e+000  1.545911e+000  1.360970e-001  2.881996e-001 -3.291075e-001 -2.888617e-001  9.733529e-002 -1.074920e-001 -2.964708e-001  4.912992e-001 -1.535023e+000  2.719042e-002 -1.376880e+000 -1.137393e-001  2.003194e-001
-2.164426e+001 -1.217167e+000  1.407391e+000  6.415152e+000 -4.134968e+000 -3.477269e+000  5.500426e+000  1.681115e-001  8.919984e+000  5.061423e-001  9.043480e+000 -4.870789e+000  4.119091e+001 -5.728474e-002  3.748297e-002 -8.068883e-001 -1.039139e+000 -1.252431e+000  1.626193e-001 -3.900915e-001 -4.446246e-002 -6.936078e-001 -1.624509e+000 -1.044381e-001 -1.276027e+000  2.232654e+000  9.044531e-002  1.610944e-001 -1.341936e-001 -8.884214e-001  5.496747e-001 -9.413751e-001 -5.172501e-001  3.652008e-001 -2.355033e+000  8.821407e-001 -1.762133e+000  2.045917e-001  1.394776e-001
-2.151702e+001 -1.410225e+000 -4.835072e+000  1.804999e+000 -1.462625e+000 -1.712897e+000  6.081745e+000 -8.647130e-001  1.434709e+001  2.140652e+000  2.828289e+000 -7.507133e+000  4.355538e+001 -4.662623e-001 -4.025257e-003 -1.079105e+000 -1.663612e+000  4.281420e-001 -1.672008e+000  1.027049e+000  1.082329e+000 -2.612796e+000  9.473294e-002 -1.436890e+000 -1.405079e+000  1.798716e+000  1.057461e-001 -1.509189e-001  7.370787e-001 -7.758504e-001  5.191075e-001 -1.038518e+000 -8.875580e-001  5.786708e-002 -2.206826e+000  8.971938e-001 -6.326688e-001  3.942856e-001 -1.490788e-001
-2.098546e+001 -9.696636e-001 -6.365588e+000 -2.472719e+000 -8.269181e+000 -1.431431e+001  4.470516e+000 -1.903210e+000  5.583419e+000  2.452538e+000  1.128880e+000 -4.164202e+000  4.847975e+001 -3.442305e-001 -4.228253e-001  3.618085e-001 -3.742632e+000  1.692829e+000 -3.599479e+000 -1.396410e+000 -3.361549e-001 -6.344005e+000  1.665180e+000 -1.744581e+000 -6.275672e-001  1.811961e+000  3.781244e-001 -8.547196e-001  1.212896e+000  2.718974e-001  6.399517e-001  2.956219e-001 -1.166346e+000 -1.196914e-001 -4.534282e-001  3.296466e-001  5.614794e-001  4.649733e-001 -4.452886e-001
-2.382457e+001 -1.182186e+000 -3.914548e+000 -3.506035e+000  2.717644e+000 -1.309429e+001  6.754776e+000  9.079377e-001  4.807548e-001  5.768454e+000  3.111156e+000 -7.643406e+000  4.650552e+001  9.814930e-002 -1.165257e+000  3.070445e+000 -2.439215e+000  8.980317e-001 -2.115841e+000 -3.440431e+000 -5.513262e-001 -6.026421e+000  2.148127e-001  3.175658e-001 -1.713528e-001  1.010864e+000  9.041675e-001 -9.425460e-001  1.197989e+000  1.551997e+000 -8.854343e-002  1.434666e+000 -1.099317e+000 -3.485184e-001  1.486379e+000 -1.703739e-001  9.322401e-001  6.581056e-001 -4.583221e-001
-2.221164e+001 -3.445313e+000  2.756172e+000 -9.642491e+000  2.239044e+000 -1.578397e+001 -1.818138e+000 -2.398988e+000 -1.586688e+001  7.018141e+000  1.791395e-001 -7.940488e+000  4.877565e+001  1.551131e+000 -3.655499e+000  3.182818e+000  7.081497e-001  1.712383e+000  1.862645e+000 -3.988082e+000  1.739084e-001 -1.253936e+000 -3.631615e-002  1.825731e+000  4.319763e-001  4.001373e-001  1.385688e+000 -1.190916e-001  4.019412e-001  2.321328e+000 -5.220537e-001  1.628930e+000 -2.660530e-002 -3.337900e-001  2.662849e+000 -3.334642e-001  5.586042e-001  5.107806e-001 -4.154097e-001
-2.041319e+001 -5.998688e+000  5.956274e+000 -6.806189e+000 -2.226579e+000 -1.155728e+001 -7.976086e+000 -3.373455e+000 -5.059869e+000  9.319144e-001  4.890988e+000 -6.475753e+000  4.846175e+001  3.106894e+000 -3.100418e+000  3.500338e+000  3.870982e+000 -2.435186e-002  2.770260e+000 -3.173700e+000 -9.152947e-001  2.274064e+000  9.361129e-002  1.439155e+000  1.355677e+000  2.130177e-001  1.713153e+000  9.124555e-001 -7.803901e-001  1.244847e+000 -3.202920e-001  4.871539e-001  5.289968e-001 -7.578329e-001  1.587586e+000  1.919125e-001 -4.075705e-001  5.476197e-002 -6.012841e-003
-1.493550e+001 -1.683891e+001  4.613089e+000  2.718106e+000  2.764844e+000 -5.769597e+000 -8.104462e+000  1.107028e+000  2.084049e+000  4.689227e+000  9.367620e+000 -2.588147e+000  4.950232e+001  5.079838e+000 -5.070298e-002  2.156568e+000  4.708908e+000 -4.562472e-001  2.102118e+000 -1.662802e+000 -1.823120e+000  2.819999e+000  5.845956e-002  4.876451e-001  1.162821e+000  1.338360e-001  1.417600e+000  1.686250e+000 -1.385599e+000 -7.300788e-001 -2.261775e-001 -6.464664e-001 -9.888691e-002 -8.940766e-001 -1.469044e-001 -2.304600e-002 -1.125623e+000 -4.561585e-001  3.312211e-001
-1.192816e+001 -9.987479e+000  1.265868e+001  9.668574e+000  2.332985e+000 -4.250179e+000 -5.970561e+000 -5.421544e+000  2.875614e+000  7.400968e+000  5.712689e+000 -3.541193e+000  4.720727e+001  6.899559e+000  1.594622e+000 -3.183804e-001  1.784641e+000  3.808866e-001  2.001923e-001 -1.958087e+000 -3.341976e+000 -1.254603e-001  1.126987e+000 -1.051243e+000 -2.629654e-001  1.113950e+000  5.904455e-001  8.427681e-001 -1.828165e+000 -2.008583e+000  2.134685e-001 -6.517190e-001 -1.187326e+000  1.192750e-001 -5.193720e-001 -5.144848e-001 -9.804937e-001 -6.814563e-001  5.528404e-001
-1.054957e+000 -1.704432e+000  1.018780e+001  5.664664e+000 -2.321974e+000 -8.926928e+000 -1.113491e+001 -1.049055e+001 -5.734624e+000  4.075912e+000  2.206515e+000 -3.593663e+000  5.007207e+001  6.742797e+000  2.428233e+000 -1.835818e+000 -1.899074e+000  3.788760e-001 -8.465280e-002 -5.090322e+000 -3.083134e+000 -7.886961e-001 -6.682342e-001 -2.557184e+000 -1.039495e+000  1.605777e+000 -7.613407e-001 -6.066732e-001 -1.125474e+000 -1.627646e+000  1.639459e-001 -1.479814e-001 -1.605960e+000  1.499748e+000  3.854073e-001 -8.271716e-001 -5.949647e-001 -3.802488e-001  4.398074e-001
 7.144341e+000 -5.592814e+000  1.577014e+000  6.437358e-001  2.221262e+000 -8.977649e+000 -1.625130e+001 -1.428455e+001 -1.777835e+000  6.873509e+000  3.215323e+000 -7.287822e+000  5.374662e+001  5.227643e+000 -1.260454e-001 -3.644293e+000 -2.867941e+000  6.254290e-001  6.050502e-001 -7.396571e+000  3.110867e-001  1.481552e+000 -2.115466e+000 -1.940899e+000 -9.504467e-001  2.241250e+000 -1.846210e+000 -1.182226e+000  3.078291e-001 -2.230868e-001 -3.974075e-001 -2.094696e-002 -7.016453e-001  2.654512e+000  1.011500e+000 -1.045817e+000 -1.859700e-001  2.652096e-001  5.240311e-002
 9.242234e+000 -6.895075e+000  9.748356e-001 -2.264844e+000  4.715085e+000 -3.829126e+000 -2.841570e+001 -9.877138e+000  4.672925e-001  1.611785e+000 -2.169618e+000 -5.912307e+000  5.426153e+001  2.109093e+000 -2.223736e+000 -1.807848e+000 -1.103033e+000  2.412110e-001  1.159782e+000 -6.973359e+000  3.849090e+000  3.943529e+000 -2.456172e+000 -2.042350e+000 -3.946823e-001  1.769223e+000 -2.035096e+000 -1.016146e+000  1.379971e+000  8.464341e-001 -8.793197e-001 -4.991969e-001  1.082866e+000  2.645594e+000  4.139117e-001 -5.940858e-001  3.143366e-001  6.109686e-001 -1.781681e-001
 9.061452e+000 -8.022385e+000 -9.562958e-001 -7.063755e-001  1.941600e+000 -3.773829e+000 -3.431302e+001 -4.172814e+000  7.182414e+000 -1.944299e+000 -1.803742e+000 -7.134105e+000  5.631879e+001 -1.463661e-002 -1.990525e+000  1.206780e+000  2.711860e-001 -1.537319e+000 -5.267597e-001 -4.524796e+000  6.464471e+000  2.565927e+000 -3.208130e+000 -2.238510e+000  7.406762e-001  1.294242e+000 -1.524914e+000 -1.648643e-001  1.920988e+000  8.424854e-001 -1.117273e+000 -8.940015e-001  2.412012e+000  1.475824e+000 -8.838484e-001 -3.332561e-001  4.548226e-001  7.305949e-001 -3.693653e-001
 8.531954e+000 -1.160833e+001  2.415217e+000  8.245554e-001 -9.760880e-001 -5.729930e+000 -3.697084e+001  3.699038e+000  9.502897e+000 -3.796043e+000 -5.495705e+000 -5.643933e+000  5.763210e+001 -8.115424e-001 -1.720256e+000  2.638500e+000  7.635330e-001 -2.936348e+000 -2.014732e+000 -1.111879e+000  7.068146e+000  7.386748e-001 -3.092331e+000 -8.366957e-001  1.169786e+000  1.188440e+000 -7.006302e-001  4.718146e-001  1.292793e+000  2.524748e-001 -9.986234e-001 -6.975361e-001  2.866778e+000 -1.949596e-003 -1.712829e+000 -2.528579e-001  7.787504e-001  6.521000e-001 -3.464475e-001
 7.426299e+000 -1.318881e+001  6.890724e+000  4.549662e-001 -2.619744e+000 -1.066105e+001 -3.459771e+001  1.124972e+001  6.533998e+000 -6.463229e+000 -6.314183e+000 -3.718628e+000  5.853254e+001 -9.366078e-001 -1.202106e+000  3.737473e+000  4.112032e-001 -3.372157e+000 -2.277701e+000  1.732747e+000  6.080680e+000 -1.335263e+000 -3.463667e+000 -2.696137e-001  1.920293e+000  6.848148e-001 -1.942024e-001  6.104527e-001  4.128850e-001 -1.221415e-001 -6.607193e-001  1.864070e-001  2.517324e+000 -1.264410e+000 -1.448984e+000 -4.907453e-002  8.737814e-001  3.590174e-001 -3.165489e-001
 6.002099e+000 -1.291314e+001  1.024382e+001  9.721498e-001 -7.685985e+000 -1.045918e+001 -3.383276e+001  1.775233e+001  4.484874e+000 -1.159040e+001 -4.097876e+000 -1.771114e+000  5.909685e+001 -9.330720e-001 -2.588716e-001  3.390768e+000  8.933256e-002 -3.834487e+000 -1.452428e+000  4.231758e+000  4.031238e+000 -2.670021e+000 -3.592693e+000  8.669533e-001  2.276009e+000  3.416996e-001 -1.866506e-002  5.959796e-001 -2.903848e-002 -3.217411e-001 -3.233938e-001  8.243416e-001  1.749414e+000 -1.912213e+000 -9.338545e-001  1.887864e-001  5.116729e-001  1.416749e-001 -2.896162e-001
 5.643340e+000 -1.338051e+001  1.381677e+001  1.275843e+000 -1.156424e+001 -1.279771e+001 -2.721833e+001  1.920394e+001  3.015110e+000 -1.536545e+001 -3.850724e+000  5.309505e-001  5.901049e+001 -9.248840e-001  3.310460e-001  2.895071e+000 -2.421415e-003 -4.391846e+000  1.241236e-001  5.390005e+000  1.660873e+000 -2.974646e+000 -3.203322e+000  1.278573e+000  1.982652e+000  1.348679e-001  3.749951e-002  3.878430e-001 -2.822013e-001 -3.204151e-001 -5.261843e-002  1.118558e+000  7.196316e-001 -1.997581e+000 -3.507207e-001  6.054418e-001  2.458342e-001 -1.322174e-001 -1.822181e-001
 4.758073e+000 -1.280684e+001  1.590603e+001  8.607797e-001 -1.567627e+001 -1.192374e+001 -1.950175e+001  1.987811e+001 -2.087765e+000 -1.730840e+001 -2.392668e+000  3.611323e+000  5.910163e+001 -9.107296e-001  4.930653e-001  2.914509e+000 -6.383601e-001 -4.043473e+000  9.060634e-001  5.806563e+000 -2.830168e-001 -3.110906e+000 -2.278571e+000  9.475755e-001  1.846982e+000  1.533241e-002  1.330801e-001  8.876574e-002 -4.247237e-001 -1.029716e-001  4.104476e-001  8.208305e-001 -2.420332e-001 -1.715635e+000  1.166855e-001  9.997370e-001 -1.304085e-001 -3.494495e-001 -1.425340e-001
 3.423892e+000 -1.158674e+001  1.853498e+001  4.985442e-001 -2.058383e+001 -9.308146e+000 -1.481319e+001  1.849119e+001 -5.052910e+000 -1.962084e+001 -7.739241e-001  3.503413e+000  5.920449e+001 -7.602815e-001  3.611403e-001  2.564596e+000 -8.270258e-001 -3.530756e+000  2.135844e+000  4.543503e+000 -1.750096e+000 -2.868424e+000 -1.093518e+000  9.192462e-001  1.473720e+000 -6.309204e-002  2.748538e-001 -5.494301e-002 -8.031830e-001  2.214750e-001  1.108784e+000  9.841383e-002 -7.259279e-001 -1.224662e+000  3.496290e-001  1.241236e+000 -2.887262e-001 -4.770943e-001 -1.695881e-001
 2.558175e+000 -1.134470e+001  2.245727e+001 -1.831001e+000 -2.339356e+001 -7.673643e+000 -1.100251e+001  1.669362e+001 -7.035646e+000 -2.085557e+001 -8.983983e-001  5.977563e+000  5.907651e+001 -3.499729e-001  1.699100e-001  1.432387e+000 -1.322345e-002 -2.212794e+000  1.645864e+000  3.444843e+000 -2.841450e+000 -2.139705e+000  3.510900e-001  3.945737e-001  7.832271e-001 -2.719906e-001  3.669284e-001  9.393948e-002 -1.398934e+000  5.286430e-001  1.898048e+000 -4.798176e-001 -9.691782e-001 -6.709442e-001  3.671176e-001  1.136167e+000 -1.824513e-001 -7.591720e-001 -2.538121e-001
 2.941881e+000 -1.230587e+001  2.336413e+001 -1.513396e+000 -2.535938e+001 -4.243538e+000 -8.750429e+000  1.204571e+001 -8.853068e+000 -1.905946e+001 -1.628216e-003  6.716431e+000  5.870759e+001  1.690065e-001  2.179086e-001 -3.797827e-001  7.923852e-001  2.367353e-001  2.462924e-001  2.941226e+000 -3.183220e+000 -1.712101e+000  1.688028e+000  1.114423e-001  1.290573e-001 -5.694111e-001  3.169873e-001  4.924606e-001 -1.707178e+000  4.318725e-001  2.469493e+000 -8.592866e-001 -1.065364e+000 -6.624665e-002  5.834513e-002  8.636432e-001  1.733013e-001 -1.016448e+000 -3.235381e-001
 3.249214e+000 -1.159772e+001  2.065339e+001  1.800632e+000 -2.435247e+001 -6.226725e+000 -5.308911e+000  8.893601e+000 -1.088621e+001 -1.583364e+001 -8.059471e-001  5.920949e+000  5.799013e+001  4.592682e-001  1.034379e+000 -2.607972e+000  1.195149e+000  3.563019e+000 -5.482492e-001  1.761810e+000 -2.921176e+000 -1.853479e+000  2.011489e+000  4.392210e-001 -1.276547e+000 -1.000569e+000  1.519148e-001  6.686137e-001 -1.339227e+000 -2.843161e-002  2.138675e+000 -5.739992e-001 -1.114388e+000  3.418801e-001 -2.934887e-001  5.271839e-001  5.095546e-001 -1.008779e+000 -2.538258e-001
