39 39
 2.704721e+000  1.660309e+001  5.069712e+000 -2.483730e+000 -1.095950e+000 -3.529486e+000 -1.891905e+000 -1.910696e+000 -2.852634e+000 -2.230799e+000 -1.385113e+000 -2.125795e+000  3.974500e+001 -2.126670e+000  4.151698e+000  3.251009e+000  3.417003e+000 -1.037697e+000 -9.993140e-001  1.588206e+000 -2.203250e-001  2.622508e+000  2.282250e-001 -2.482704e+000 -3.213582e+000 -2.677308e+000  7.015299e-001 -1.848662e+000 -1.699579e-001 -1.378066e+000 -4.476526e-001 -3.745712e-001 -1.037461e+000  6.190448e-001 -1.356592e-001  2.245847e-001  1.921620e-001  4.767720e-001  1.321907e+000
-9.297878e-001  1.629062e+001  9.612838e+000  5.752767e+000  2.611959e+000 -7.447356e+000 -9.154837e+000 -1.199694e+000  1.144349e+000 -3.359703e+000  1.389693e+000 -4.972486e+000  3.853184e+001 -4.919439e-001  1.752882e+000  2.179032e+000  6.525394e-001 -1.338834e+000 -1.570305e+000  3.462072e-001  1.271010e+000  1.615833e+000  3.457925e-002 -1.883717e+000 -1.761199e+000 -9.834576e-001  1.229664e+000 -1.832253e+000 -1.259833e+000 -2.166889e+000 -1.053748e+000  2.193874e-001 -3.225652e-001  3.088059e-001 -6.975809e-001  8.291081e-002  1.793953e-001  1.217069e+000  1.401506e+000
 3.668517e-001  1.678052e+001  1.084938e+001  3.598713e+000 -1.631030e+000 -5.898376e+000 -5.197237e+000 -1.348974e+000 -1.612201e+000 -3.010389e+000  1.159644e-001 -4.681923e+000  3.817876e+001  1.661350e+000 -6.130236e-001 -9.930608e-001 -2.694538e+000 -3.382685e+000  3.462546e-001  1.376224e+000  9.320450e-001 -4.592515e-001 -4.133167e-001 -5.033261e-001  9.489748e-001  7.856346e-001  8.273187e-001 -1.223526e+000 -1.173315e+000 -1.653326e+000 -1.036197e+000  2.959847e-001 -6.723506e-002 -2.655110e-001 -3.683333e-001  3.736709e-001  2.507964e-002  8.068727e-001  9.481478e-001
 4.734139e+000  1.531218e+001  6.919736e+000 -5.617715e+000 -4.237969e+000 -6.100577e+000 -4.309086e+000  2.187314e+000 -1.650085e+000 -3.222342e+000 -1.643444e+000 -1.637465e+000  4.049511e+001  2.166866e+000 -8.977072e-001 -2.053628e+000 -4.213906e+000 -5.050774e+000  2.101991e-001  1.724373e+000  2.985100e-001  3.762740e-001  7.773577e-001 -2.670237e+000  1.301844e+000  1.466439e+000 -3.100342e-001 -4.740047e-001  1.981348e-003 -9.787194e-002 -3.067766e-001  4.987124e-001 -1.557433e-001 -8.994356e-001  1.658455e-001  6.269726e-001  2.951066e-002 -7.214288e-002  1.526361e-001
 8.179510e+000  1.402719e+001  1.450958e+000 -1.027118e+001 -1.458441e+001 -2.471602e+000  2.566338e+000  1.056026e+000 -3.751675e+000 -4.366063e+000 -2.385175e+000  9.515684e-001  4.269154e+001  6.805182e-001 -6.406401e-001 -4.992371e-001 -2.416406e+000 -4.362711e+000 -4.096429e-001  5.629478e-001 -1.061630e+000  1.400621e+000  1.725190e+000 -1.964046e+000 -7.107397e-001  8.384830e-001 -1.337160e+000  6.322891e-003  1.247157e+000  1.144269e+000  1.340436e+000  5.819606e-001 -8.381387e-001 -8.206829e-001  3.761782e-001  4.326742e-001  1.602705e-001 -5.213569e-001 -4.800110e-001
 5.998212e+000  1.317875e+001  4.043908e+000 -8.381819e+000 -1.616522e+001 -8.109747e+000 -4.414761e+000 -9.096431e-001  4.095456e+000  1.204923e+000 -1.071092e+001 -1.280010e+000  4.360764e+001 -1.551699e+000 -6.033334e-001  1.942027e+000  2.411380e-002 -2.382704e+000  1.301205e+000 -2.587140e-002 -2.229331e+000  1.515124e+000  2.100188e+000 -1.005803e+000 -1.292056e+000 -2.467014e-001 -1.175780e+000 -7.322377e-002  7.622257e-001  1.030052e+000  2.323390e+000  1.105223e+000 -6.124161e-001 -8.757614e-002 -3.599173e-001 -5.255034e-001  8.891381e-001 -5.915635e-002 -4.501354e-001
 3.137406e+000  1.464404e+001  9.791107e+000 -7.101265e+000 -1.748096e+001 -6.942005e+000 -2.329661e+000 -5.108646e+000  2.518136e+000  3.401931e+000 -5.170527e+000 -8.414349e+000  4.081491e+001 -3.165165e+000 -7.285960e-001  3.244899e+000  9.077969e-001  1.985457e+000  2.710554e+000 -1.939348e+000 -1.907449e+000  8.522142e-001  1.088639e+000 -5.341903e-001 -3.608593e-001 -7.578503e-001  3.228799e-002 -3.225124e-001 -5.352616e-001 -9.033296e-002  1.629615e+000  7.602844e-001 -1.333562e-001  9.326890e-001 -4.569392e-001 -1.221106e+000  6.260698e-001  7.145969e-001  1.786166e-001
-5.033028e-001  1.198709e+001  1.245979e+001 -7.082102e+000 -1.470322e+001  2.640651e+000 -1.990444e+000 -5.877003e+000  2.790631e+000  3.394604e+000 -5.279784e+000 -3.414788e+000  4.019992e+001 -1.789191e+000 -1.219848e+000 -1.145669e-001 -7.257496e-001  3.392089e+000  4.176214e+000 -8.655991e-002  2.835389e-001 -1.149109e+000 -1.531884e+000  1.060526e+000  8.311224e-001  1.392860e-002  1.273630e+000 -4.129426e-001 -1.501062e+000 -1.158555e+000  1.851600e-002 -2.763085e-001  4.558834e-002  1.522321e+000 -1.357427e-001 -1.292685e+000  2.805796e-001  5.194985e-001  8.704814e-001
-4.395560e+000  1.098004e+001  1.346751e+001 -6.382052e+000 -5.388128e+000  5.705969e+000 -8.342559e+000 -5.997542e+000  1.161808e+000 -1.770830e-002 -7.771694e+000  2.146611e-001  4.060616e+001  9.607044e-001 -1.944945e+000 -2.147248e+000 -2.493139e+000  8.979684e-001  1.954275e+000 -7.348907e-002  2.345380e+000  4.480420e-001 -2.564305e+000  1.331381e-001  1.800655e+000  1.601251e+000  1.736412e+000 -4.445697e-001 -1.332835e+000 -1.383734e+000 -1.660177e+000 -6.951385e-001  8.059229e-002  1.317982e+000  2.999146e-001 -5.991947e-001  1.663854e-002 -6.920245e-002  1.115304e+000
 8.187395e-001  8.911504e+000  1.632873e+000 -1.237017e+001 -5.251189e+000  6.447337e+000 -1.841111e+000  9.524991e-001 -9.719256e-001 -4.744676e+000 -4.107707e+000 -1.438903e+000  4.378166e+001  2.753514e+000 -2.059872e+000 -2.867209e+000 -4.068194e+000 -1.746380e+000  2.978025e-001 -7.308590e-001  3.255860e+000  1.038497e+000 -2.536766e+000  6.343041e-002  2.246790e-001  2.926155e+000  8.878211e-001 -3.223817e-001  1.062465e-002 -6.365176e-001 -1.635653e+000 -3.624314e-001 -5.571203e-001  4.174052e-001  3.124672e-001  3.376651e-001 -3.721154e-001 -3.964264e-001  7.597781e-001
 7.279907e+000  6.457108e+000  4.468327e+000 -1.692293e+001 -1.771713e+001  9.260253e-001 -2.771773e+000  3.203502e+000  6.639625e+000 -5.349955e+000 -5.090876e+000 -3.990151e-001  4.703029e+001  3.245542e+000 -2.531433e+000 -2.042955e+000 -4.339651e+000 -3.746192e+000  1.174068e+000 -1.214237e+000  3.196299e+000  1.257984e+000 -1.404893e+000  4.755020e-002 -4.036498e-001  3.362558e+000 -2.899066e-001 -1.024113e-001  5.580479e-001  2.507972e-001 -1.579071e-001  5.807680e-001 -3.675728e-001 -3.673964e-001 -5.598449e-001  6.508337e-001 -2.044397e-001 -3.403877e-001  9.569297e-002
 7.426534e+000  3.949197e+000  2.623339e+000 -2.215264e+001 -1.727061e+001  6.519635e+000 -8.430132e+000  5.801775e+000  5.244207e+000 -6.623104e+000 -6.303041e+000 -1.984555e+000  5.161863e+001  1.507495e+000 -2.538512e+000 -1.135905e-001 -2.985082e+000 -2.464097e+000  2.754161e+000 -2.301788e+000  1.945106e+000  8.255881e-003 -4.232645e-001 -7.572571e-001 -4.885716e-002  2.932166e+000 -8.570831e-001  1.148056e-001  5.974993e-001  9.029135e-001  9.409129e-001  6.578199e-001  3.469211e-001 -9.359792e-001 -9.122912e-001  6.411678e-001 -5.155307e-002  2.363429e-001 -5.189557e-001
 8.528253e+000  8.040303e-001  2.757501e+000 -2.318908e+001 -1.810938e+001  1.154016e+001 -1.111923e+001  7.559312e+000  4.343664e+000 -6.102960e+000 -6.436276e+000 -1.530762e+000  5.350047e+001  1.341810e-001 -2.217681e+000 -7.338182e-001 -1.780709e+000  4.672917e-001  3.629936e+000 -1.125889e+000  1.163775e+000 -1.836062e+000 -3.668877e-001 -4.787165e-001  2.354849e-001  2.076710e+000 -8.326390e-001  3.802818e-001  2.896084e-001  9.462641e-001  1.396343e+000 -1.771697e-001  1.021553e+000 -1.191348e+000 -8.824963e-001  4.778570e-001  1.161916e-001  5.325777e-001 -7.859843e-001
 7.732043e+000 -9.545190e-001  1.920334e+000 -2.416251e+001 -1.737555e+001  1.491107e+001 -9.176319e+000  8.500122e+000  2.173343e-001 -6.484496e+000 -7.221292e+000 -1.117315e+000  5.520740e+001  2.377911e-002 -1.642720e+000 -5.342809e-001 -8.330978e-001  8.514429e-001  2.358968e+000  9.595728e-001 -4.077743e-001 -1.975936e+000  1.500699e-001  6.879840e-002  1.086826e+000  9.743004e-001 -3.739080e-001  4.377642e-001  6.395283e-003  6.858569e-001  1.040610e+000 -1.120225e+000  1.249267e+000 -1.039462e+000 -4.922729e-001  5.627846e-001  2.600746e-001  6.123764e-001 -7.261062e-001
 7.798058e+000 -2.179437e+000  1.150739e+000 -2.482154e+001 -1.532820e+001  1.487998e+001 -8.028124e+000  7.673204e+000 -2.724838e-002 -7.253697e+000 -7.025332e+000  3.447894e-001  5.561945e+001 -1.757949e-001 -1.077920e+000 -3.845676e-001 -6.843225e-001  1.577753e+000  4.858158e-001  2.262847e+000 -1.584000e+000 -2.162401e+000  6.977248e-001  2.154804e-001  1.691397e+000  4.115696e-001 -1.378890e-001  3.129009e-001  1.520142e-001  5.091707e-001  5.736773e-001 -1.537828e+000  7.843372e-001 -7.805237e-001 -1.578034e-001  8.178046e-001  8.256470e-002  5.359601e-001 -4.447334e-001
 7.910527e+000 -2.772669e+000  7.553161e-001 -2.550190e+001 -1.440399e+001  1.664456e+001 -5.177822e+000  3.705958e+000 -2.450015e+000 -5.297386e+000 -5.664521e+000  2.511801e+000  5.543063e+001 -2.070566e-001 -9.195719e-001 -2.562394e-001 -1.039909e-001  2.183722e+000 -1.274904e+000  2.250181e+000 -1.878319e+000 -2.289939e+000  1.858352e+000  1.960173e-001  2.285069e+000  1.342053e-001 -9.687072e-002  1.148110e-001  1.050629e-003  4.813269e-001  5.708781e-001 -1.175910e+000 -1.324377e-001 -2.227983e-001  2.695956e-002  7.357896e-001 -1.406459e-002  8.912529e-002 -1.463565e-001
 7.560036e+000 -3.676495e+000  1.417171e+000 -2.594099e+001 -1.170640e+001  1.310249e+001 -1.804245e+000  2.036397e+000 -5.134668e+000 -3.207891e+000 -6.137259e+000  5.111664e+000  5.544670e+001 -4.398460e-001 -1.014750e+000 -1.127678e-001  4.005905e-001  2.669539e+000 -2.242267e+000  2.150493e+000 -2.003571e+000 -2.468077e+000  2.867994e+000 -1.295024e-001  2.316164e+000  2.730911e-001  7.473014e-003 -1.693346e-002 -1.976837e-001  5.259712e-001  4.368112e-001 -5.234206e-001 -8.118580e-001  1.404320e-001  3.802863e-001  4.755332e-001 -1.335515e-002 -4.282277e-001 -2.053738e-002
 6.815771e+000 -4.803850e+000  5.059204e-001 -2.412273e+001 -8.267846e+000  9.425297e+000 -1.037355e+000  1.926932e+000 -8.678652e+000  7.843612e-001 -6.685243e+000  7.924591e+000  5.596481e+001 -3.285489e-001 -1.100250e+000 -6.649277e-001  1.031080e+000  3.159941e+000 -2.156541e+000  3.535613e-001 -1.311980e+000 -1.688300e+000  2.743883e+000  1.709669e-001  1.220069e+000  3.117569e-001  1.192578e-001 -2.323091e-002 -3.062400e-001  4.518343e-001  2.226853e-001 -2.545795e-002 -1.047607e+000  3.182000e-001  7.043321e-001  1.635442e-002  1.337693e-001 -9.647182e-001 -4.980740e-002
 6.146205e+000 -6.237597e+000  7.115974e-001 -2.350817e+001 -5.048579e+000  7.278282e+000  6.541069e-001 -1.455138e+000 -9.253316e+000  4.045400e+000 -7.162484e+000  9.219217e+000  5.671782e+001 -7.768364e-002 -1.072249e+000 -1.168642e+000  1.377998e+000  3.273700e+000 -1.690469e+000 -8.481330e-001 -1.165009e+000 -5.617892e-001  2.632625e+000  1.612298e-001  8.275847e-002  2.201069e-001  1.574457e-001  9.917195e-002 -2.535312e-001  3.977898e-001 -9.556897e-002 -3.806718e-002 -7.776932e-001  4.087928e-001  7.728087e-001 -3.677077e-001  4.713968e-001 -1.258595e+000 -1.702598e-001
 6.974698e+000 -6.993365e+000 -2.216535e+000 -2.156291e+001 -1.933189e+000  8.773965e+000 -4.639192e+000 -1.108173e+000 -8.832191e+000  4.795384e+000 -4.297075e+000  6.558369e+000  5.635386e+001  2.081510e-001 -1.006977e+000 -1.259502e+000  1.666477e+000  2.995068e+000 -1.678093e+000 -1.488543e+000 -7.065998e-001  2.785773e-001  2.057809e+000  7.194978e-001 -1.421819e+000 -8.833961e-002  3.151292e-002  1.964167e-001  1.010596e-001  3.225142e-001 -4.855222e-001 -3.705128e-001 -1.574534e-001  4.711564e-001  5.420603e-001 -4.445852e-001  5.076319e-001 -1.001135e+000 -2.241529e-001
 7.092155e+000 -7.942980e+000 -3.064811e+000 -2.033092e+001  1.494774e+000  4.975814e+000 -4.243992e+000 -2.271097e+000 -7.866844e+000  7.949724e+000 -6.525194e+000  6.208568e+000  5.635271e+001  7.903270e-002 -5.655266e-001 -1.083137e+000  2.071841e+000  2.274130e+000 -2.671827e+000 -8.169206e-001 -2.622969e-001  4.125277e-001  1.372493e+000  1.953216e+000 -2.655864e+000 -3.781597e-001 -1.378073e-001  3.084686e-001  4.143937e-001  3.576536e-001 -8.727361e-001 -6.092387e-001  2.434773e-001  5.098522e-001  3.842401e-001 -6.795555e-001  4.239427e-001 -3.641654e-001 -2.199271e-001
 7.383552e+000 -8.986045e+000 -3.903386e+000 -1.737897e+001  3.435817e+000  2.186064e+000 -6.031022e+000 -1.198087e+000 -7.979001e+000  9.121243e+000 -3.406398e+000  2.320818e+000  5.570567e+001 -2.493425e-001 -3.715271e-001 -2.023823e-001  2.296729e+000  1.232114e+000 -3.518426e+000 -4.493121e-001  5.924463e-001  5.348433e-001  1.151023e+000  1.813133e+000 -2.416295e+000 -5.098743e-001 -2.810199e-001  4.129935e-001  7.415304e-001  5.644563e-001 -1.053002e+000 -4.675252e-001  5.808223e-001  1.251359e-001 -5.055429e-002 -6.718486e-001 -2.287704e-001  3.941140e-001 -2.447442e-001
 6.336942e+000 -8.068891e+000 -3.860661e+000 -1.524093e+001  3.637570e+000 -2.786901e+000 -2.734581e+000 -2.721665e+000 -7.617272e+000  8.744937e+000  2.158259e+000 -1.941329e+000  5.515112e+001 -5.379736e-001  1.523695e-001  3.747666e-001  2.851140e+000 -2.085043e-001 -3.816496e+000 -1.503622e-001  7.347288e-001  1.231278e+000 -3.117592e-001  1.734126e+000 -1.240831e+000 -6.687611e-001 -2.900377e-001  4.856265e-001  1.074558e+000  7.993367e-001 -9.503881e-001 -7.779491e-002  3.152789e-001 -4.379897e-001 -6.311553e-001 -3.695411e-001 -8.231206e-001  7.396463e-001 -3.195891e-001
 6.105592e+000 -8.788046e+000 -2.830522e+000 -1.262426e+001  3.155984e+000 -4.936806e+000 -7.640458e+000  2.079343e+000 -6.282760e+000  1.015289e+001  4.268641e-001 -1.448159e+000  5.440528e+001 -8.884451e-001  6.990421e-001  1.719198e+000  4.099109e+000 -1.028627e+000 -3.443385e+000  1.082289e+000 -5.794331e-001 -3.835694e-001 -4.593082e-001 -3.148090e-001 -1.587660e-001 -1.166760e+000 -1.811006e-001  5.211661e-001  1.015215e+000  7.417580e-001 -6.423867e-001  2.627524e-001  1.744308e-001 -9.183967e-001 -1.032533e+000 -8.782392e-002 -7.993500e-001  4.995332e-001 -3.456675e-001
 5.041266e+000 -7.280132e+000 -1.727410e+000 -8.452574e+000  5.921689e-001 -1.054523e+001 -4.191085e+000 -2.361682e-001 -2.558574e+000  5.875103e+000  2.288027e-001  1.888902e+000  5.365910e+001 -1.051604e+000  1.327322e+000  3.328863e+000  5.167335e+000 -1.347440e+000 -3.098322e+000 -6.326734e-003 -1.866306e+000 -2.284042e+000  3.299531e-001 -1.098416e+000 -8.639718e-002 -1.647662e+000 -1.878175e-001  5.466871e-001  6.533223e-001  2.427673e-001 -1.403261e-002  5.911782e-001 -1.075247e-001 -7.312603e-001 -8.928552e-001  2.797151e-001 -4.268173e-001  1.872965e-001 -3.605312e-001
 3.589164e+000 -5.885213e+000  3.625981e+000 -2.776055e-001 -1.846161e-001 -1.115169e+001  1.086768e-001 -5.338002e+000 -1.242620e+001  8.259619e+000 -4.015715e+000 -3.881277e-001  5.061788e+001 -8.980300e-001  1.646828e+000  3.396645e+000  4.847422e+000 -1.410352e+000 -2.563751e+000  3.508243e-001 -2.699020e+000 -2.870160e+000  3.910474e-001 -7.673461e-001 -4.958456e-001 -1.748761e+000 -9.660125e-002  4.072770e-001 -1.868598e-001 -7.142382e-001  3.469747e-001  9.169237e-001 -5.128504e-001  9.146797e-002  4.215055e-001  1.157396e-001  2.826131e-001 -1.386849e-001 -1.831782e-001
 2.337135e+000 -2.883699e+000  9.555402e+000  4.422422e+000 -1.429329e+000 -1.517107e+001 -6.640782e+000 -8.344522e+000 -1.596576e+001  1.134134e+001 -1.112530e+000 -2.903331e+000  4.880651e+001 -1.472269e+000  2.411912e+000  2.802655e+000  3.690820e+000 -8.780499e-002 -1.300422e+000 -3.222534e-001 -1.861779e+000 -1.989702e+000  6.616383e-001 -1.736923e-001 -1.358086e-001 -2.180416e+000  2.273557e-002  2.930381e-002 -8.766518e-001 -1.401257e+000  4.630817e-001  1.055550e+000 -4.391588e-001  6.391751e-001  1.312897e+000 -1.923719e-001  3.666146e-001 -3.767269e-001  7.297967e-002
 2.967508e+000 -2.752124e+000  8.511299e+000  5.175351e+000 -2.885025e+000 -1.544264e+001 -4.661488e+000 -7.361581e+000 -1.392996e+001  9.375012e+000 -2.739201e+000 -1.531271e+000  4.808776e+001 -1.161119e+000  2.193132e+000  1.048003e+000  1.266175e+000  7.642951e-002  2.422836e-001 -1.323999e+000 -1.243566e-001  1.576788e+000 -4.645300e-002  6.358948e-001 -8.274851e-001 -1.816274e+000 -5.892139e-002 -3.579781e-001 -9.773277e-001 -1.301080e+000  4.762715e-001  7.859170e-001 -2.406085e-001  6.506779e-001  1.390991e+000 -1.586200e-001  3.353078e-002 -6.400499e-001  1.595066e-001
-2.009250e+000  3.212883e+000  9.843204e+000  7.275050e+000  1.503348e+000 -1.490187e+001 -3.417270e+000 -8.533275e+000 -1.175520e+001  8.625597e+000 -1.277916e+000  1.781431e+000  4.402207e+001 -8.063819e-001  1.200688e+000  1.199247e-001 -4.832578e-002  2.245782e-001  7.764114e-001 -1.364709e+000  4.223776e-002  2.056971e+000 -4.131564e-001  3.303649e-002 -1.804212e+000 -1.249008e+000 -1.944460e-002 -6.754765e-001 -7.278091e-001 -5.772888e-001  2.441418e-001  4.373066e-001  3.339432e-001  3.758548e-001  7.969021e-001 -1.725353e-001 -2.435994e-001 -6.485265e-001  1.334129e-001
-4.323954e-002  2.032155e+000  8.722095e+000  4.626957e+000 -1.268807e+000 -1.007488e+001 -8.123076e+000 -5.865408e+000 -6.647538e+000  9.385225e+000 -7.535481e-001 -6.867934e+000  4.392873e+001 -1.525580e+000  4.625488e-001 -1.486281e-001  2.115939e-001  8.148143e-001  3.274176e-001 -3.309907e-001 -3.976393e-001  2.061460e+000  1.353446e-001 -7.030566e-001 -2.861894e+000 -1.416932e+000 -1.199543e-001 -4.170579e-001 -2.510441e-001  3.741430e-001  2.584926e-001  1.567975e-001  1.076527e+000  2.685889e-001  7.881143e-002 -2.248253e-001 -1.653659e-001  3.137527e-001 -1.292756e-001
-1.894010e-001  7.276037e-001  1.004963e+001  4.454990e+000 -1.114546e+000 -1.397289e+001 -1.173353e+001 -8.881419e+000 -9.322122e+000  9.270452e+000 -1.940173e+000 -9.256060e+000  4.464099e+001 -1.387261e+000 -1.001790e-001 -2.380751e-001  1.331667e+000  7.637115e-001  8.435443e-001  8.509582e-001  1.541363e-001  1.752472e+000 -2.919368e-001 -7.222136e-001 -2.361237e+000 -1.713022e+000 -1.997069e-002  2.374818e-002  1.307295e-001  7.113394e-001  8.156678e-002  3.981513e-001  1.189095e+000  4.602452e-001  1.980271e-001 -1.659465e-001  1.554803e-001  9.301993e-001 -2.248248e-001
-5.570319e+000  8.032594e-001  7.664947e+000  7.643351e+000  2.497994e+000 -1.427004e+001 -2.158310e+000 -9.175705e+000 -4.839207e+000  9.729308e+000 -5.923355e+000 -1.032199e+001  4.069365e+001 -1.470451e+000  7.582760e-001 -2.821741e-002  2.446894e+000  1.099326e+000  9.927044e-001  2.950802e+000  1.162639e+000  2.123095e+000 -1.231189e+000  1.866903e-001  1.019791e+000 -2.230645e+000  3.295515e-001  1.700118e-001  4.097020e-001  2.392741e-001 -3.160352e-001  4.913566e-001  5.164622e-001  7.331571e-001  1.752958e-001 -9.526179e-002  2.571546e-001  1.041059e+000  1.098301e-001
-6.182016e+000  3.326435e+000  9.181403e+000  1.242519e+001  3.438505e+000 -8.586561e+000 -2.144862e+000 -6.107445e+000 -3.897006e+000  6.993872e+000 -2.304080e+000 -8.297723e+000  3.707450e+001 -9.338000e-001  1.171566e+000  7.133669e-001  2.390721e+000  4.901564e-001  2.434525e+000  2.939868e+000  1.563325e+000  3.016289e+000 -5.596216e-001  3.655646e-001  9.059420e-001 -1.966275e+000  3.397408e-001 -2.306063e-002  2.090759e-001 -5.707853e-001 -5.015729e-001 -8.589204e-002 -1.630715e-001  3.104061e-001 -1.675477e-001  2.270254e-001  8.398137e-002  5.451195e-001  4.595810e-001
-4.399188e+000  4.524119e+000  9.015121e+000  1.287633e+001  1.951296e+000 -7.804521e+000  1.836599e+000 -1.439202e+000  1.255377e+000  4.367568e+000  3.618570e-001 -2.248148e+000  3.655875e+001 -1.045533e-001  6.767354e-001  1.424161e+000  8.784372e-001 -6.285843e-001  1.988711e+000  1.206865e+000  2.563552e+000  2.306030e+000 -2.071219e-001  3.882706e-002  7.098129e-001 -7.411553e-001  1.740141e-001 -4.233781e-001 -4.287499e-001 -1.295822e+000 -5.688211e-001 -4.013577e-001 -8.233089e-001 -2.953029e-001 -8.607390e-001  3.477886e-001 -1.104119e-001 -2.849070e-001  5.624683e-001
-5.443966e+000  4.725002e+000  1.294137e+001  1.379211e+001  1.609585e+000 -5.033030e+000  9.683535e-001 -4.933047e+000  2.712033e+000  9.153214e+000 -3.254956e+000 -8.763272e+000  3.687706e+001 -3.715062e-001 -1.747119e-001  8.111525e-002 -7.380309e-001 -8.801981e-001 -8.391900e-002  9.075690e-001  1.005710e+000  8.232663e-001  3.311565e-001 -2.283751e-001  5.193497e-001 -1.598621e-001 -1.133510e-001 -5.492126e-001 -1.203164e+000 -1.525212e+000 -4.584880e-001 -7.605348e-001 -1.039864e+000 -4.746738e-001 -1.199015e+000 -1.039758e-001  4.049464e-002  4.254443e-002  2.573991e-001
-6.462110e+000  3.487653e+000  1.290577e+001  1.135208e+001  2.695330e-001 -6.103254e+000  2.319410e+000  3.054856e+000  3.386424e+000  7.614028e+000 -5.253782e+000 -6.540154e+000  3.708659e+001 -8.815276e-001 -6.854753e-001 -1.855841e+000 -2.467839e+000 -1.059603e+000  2.451375e-001 -1.495931e-001 -3.506861e-002 -1.084089e+000  6.236429e-002 -6.839952e-002 -2.114481e-001 -3.215095e-001 -2.065841e-001 -3.311260e-001 -1.428431e+000 -1.069598e+000 -1.321577e-001 -3.180434e-001 -7.575735e-001 -4.986679e-001 -5.764975e-001 -3.038681e-001  1.462003e-001  7.653786e-002 -1.103362e-001
-7.008086e+000  2.971109e+000  7.641656e+000  9.497160e+000 -1.216038e-001 -9.856790e+000  2.151578e+000 -3.325922e+000 -8.461975e-001  7.026424e+000 -6.381367e-001 -3.554971e+000  3.601127e+001 -1.112068e+000 -8.933917e-001 -3.662451e+000 -3.562199e+000 -1.586774e+000 -4.963627e-001 -1.581225e+000  4.892662e-001 -1.283725e+000 -1.214244e+000  6.216511e-001  1.579295e+000 -8.891026e-001 -1.517272e-002 -1.567101e-002 -6.884120e-001 -3.083857e-001 -2.096822e-001  8.554933e-002 -3.493752e-001  1.131874e-001  3.159574e-001 -4.893937e-001 -1.078965e-001 -1.587384e-001 -1.620573e-001
-8.024766e+000  1.973689e+000  2.385773e+000  2.684607e+000 -2.481123e+000 -4.166953e+000  4.970217e-001 -2.418108e+000 -2.385953e+000  5.742784e+000 -1.288550e+000 -5.909539e+000  3.538409e+001 -7.671928e-001 -6.195549e-001 -3.846209e+000 -3.057467e+000 -9.360847e-001  6.047153e-001 -1.336605e+000  3.284345e-001  4.770383e-001 -9.537626e-001  3.448154e-001  5.625297e-001 -9.282162e-001  1.606909e-001  2.227753e-001  4.476458e-001  6.781381e-001  6.416047e-003 -1.563679e-001  6.666130e-002  2.262761e-001  7.777998e-001 -3.558277e-001 -1.770621e-001 -3.128708e-001  2.350071e-002
-1.022298e+001  1.015025e+000 -1.108825e-001  3.148485e-001 -4.948959e+000 -8.482994e+000 -6.026577e+000  2.497656e-001 -8.204042e-001  4.017618e+000 -2.129317e+000 -1.182107e+000  3.328279e+001 -5.045372e-001 -2.860272e-001 -2.365761e+000 -1.985145e+000 -1.990368e+000  1.640387e-001 -2.458010e-001  1.389896e+000  1.622490e+000 -1.607748e+000 -9.744651e-001 -6.613315e-001 -6.667954e-001  2.005359e-001  2.343819e-001  1.098121e+000  1.160151e+000  4.972894e-001  4.423831e-002  4.326327e-001 -1.022945e-001  3.090715e-001 -1.364437e-001 -2.028840e-001 -6.307321e-001  2.484249e-001
