24 39
-8.129364e-001 -1.915849e+000 -7.204043e+000  3.812810e+000  7.525157e+000 -1.036633e+001  7.753371e+000  6.204811e-001  3.255141e+000  5.994984e+000  7.672042e-002  2.022722e+000  4.795948e+001  1.142754e+000  3.469948e+000 -2.001174e+000  1.060622e-001  9.433277e-001 -6.894370e-001  8.453560e-001  2.499974e+000 -1.496217e+000  4.233646e-003 -6.924140e-001 -1.058593e+000 -8.424644e-001  8.093970e-001  5.818172e-001  4.044696e-001 -1.116995e+000 -7.039123e-001  1.624968e+000 -1.081306e+000  8.843091e-001 -6.894463e-001 -8.992530e-001 -4.106229e-001 -1.411621e+000  8.002412e-001
 6.281422e-001 -2.354719e+000 -8.843419e+000  3.062479e+000  3.096441e+000 -1.081048e+001 -1.485649e+000  3.651691e+000 -5.266437e+000  4.705018e+000 -1.223134e-001 -9.646729e-001  4.823679e+001  3.034234e+000  3.824472e+000 -1.462663e+000 -2.634496e+000 -2.342577e+000  1.464722e+000 -3.360117e-001  2.815106e+000 -1.956643e+000 -2.299832e+000 -2.129188e+000 -3.674283e+000  7.200195e-001  7.083018e-001  1.140760e-001  4.027203e-001 -1.331165e+000 -7.872564e-001  1.511482e+000 -9.387071e-001  4.590142e-001 -6.668872e-002 -8.385407e-001 -1.772113e-001 -7.969649e-001  8.136610e-001
 1.814442e+000  1.085302e+001 -5.577883e+000 -6.207433e-001  3.800188e+000  1.591181e-001  2.167607e+000  1.074719e+001 -6.815421e+000  4.395892e+000 -2.531888e-001 -2.965056e+000  4.264344e+001  3.482371e+000  3.552800e+000 -7.908503e-001 -3.675827e+000 -3.594720e+000  2.054776e+000 -2.530963e+000  4.415036e+000 -1.572818e+000 -2.625956e+000 -3.407576e-001 -3.546187e+000  1.223470e+000  1.340376e-001 -1.146527e+000  4.691307e-002 -9.241201e-001 -1.520016e-001  4.402518e-001 -7.352095e-001 -3.032654e-001  5.598244e-001 -2.050867e-001  8.705688e-002  2.819335e-001  9.336146e-001
 1.011883e+001  1.169786e+001 -8.230041e+000 -6.831885e+000 -8.618586e+000 -3.766447e+000 -1.754650e+000  1.304045e+001 -3.691062e+000 -6.060657e+000 -3.659891e+000 -8.814025e+000  5.086081e+001  3.107642e+000  1.921308e+000 -1.565781e+000 -3.943004e+000 -1.629409e+000  1.678778e+000 -1.719447e+000  3.152315e+000  5.295310e-001 -2.185737e+000 -6.553470e-001 -2.386964e+000  2.240859e+000 -8.211793e-001 -1.600758e+000  3.760202e-002 -4.013114e-002  1.309155e+000  2.957528e-001 -1.653134e-001 -1.133058e+000  4.545863e-001  6.073203e-001  2.623674e-001  1.442377e+000  3.619223e-001
 1.185358e+001  8.821861e+000 -1.146498e+001 -9.619143e+000 -4.590931e+000 -3.614467e+000 -4.766942e+000  1.800128e+001 -5.396637e+000 -1.751958e+000  1.417212e-001 -1.178354e+001  5.276482e+001  1.776238e+000 -1.311104e+000 -1.715049e+000 -3.860284e+000 -1.732641e-001  1.404794e+000 -2.138973e+000  8.150428e-001  5.981841e-002 -1.078247e+000 -9.940498e-001 -2.925853e-001  3.065189e+000 -1.173085e+000 -1.351719e+000  2.979215e-001  4.441448e-001  1.548568e+000  4.382800e-001  2.373509e-001 -1.761408e+000  1.594805e-001  5.915896e-001 -1.852502e-002  1.575355e+000 -5.879577e-002
 1.114679e+001  8.267399e+000 -1.372877e+001 -1.215334e+001 -8.550438e-001 -5.297982e-001 -6.615609e+000  1.578622e+001 -3.328173e+000 -3.149744e+000 -3.596504e+000 -8.490252e+000  5.438039e+001 -2.185965e-001 -1.747366e+000 -8.125529e-001 -2.742923e+000  2.492468e+000  3.268477e+000 -1.358573e+000 -1.050188e+000 -5.000303e-001 -3.708450e-002 -4.907047e-001  1.910803e+000  1.608772e+000 -9.918497e-001 -7.451104e-001  7.501692e-001  8.299119e-001  8.129179e-001  4.258651e-001  1.169302e-001 -1.547678e+000 -1.602932e-001  6.398562e-001  2.633262e-001  8.411738e-001 -4.408700e-001
 1.018166e+001  6.012733e+000 -1.140376e+001 -1.726144e+001 -9.479034e-001  5.564762e+000 -6.096780e+000  1.344952e+001 -6.697773e+000 -2.450800e+000 -5.255132e+000 -4.589869e+000  5.620959e+001 -7.199326e-001 -1.371459e+000  3.221433e-001 -2.055144e+000  2.087183e+000  3.451327e+000 -1.524645e+000 -2.290752e+000 -2.606352e-001 -7.423342e-001 -5.157039e-001  2.181706e+000  1.245535e+000 -4.837362e-001 -1.202700e-001  8.631597e-001  1.118574e+000  4.614203e-002 -1.007999e-001  1.470384e-001 -1.057385e+000  2.332571e-001  8.354819e-001  2.915518e-001 -2.980813e-001 -5.423498e-001
 9.861809e+000  4.365592e+000 -1.232342e+001 -1.672536e+001  2.022242e+000  7.986324e+000 -7.882596e+000  1.006539e+001 -5.540646e+000 -5.896658e+000 -3.414988e+000 -2.856844e+000  5.718228e+001 -6.035207e-001 -1.774067e+000  1.166469e+000 -6.960150e-001  1.304957e+000  2.784837e+000 -1.441960e+000 -3.033176e+000 -1.117084e-001  8.455873e-001  4.221109e-001  5.817596e-001  9.463360e-001  3.172967e-002 -1.059233e-001  6.366794e-001  1.241342e+000 -8.217235e-001 -8.505717e-001 -6.907214e-002 -3.469946e-001  6.205181e-001  9.681271e-001  1.871410e-001 -1.394582e+000 -2.800307e-001
 8.896401e+000  3.915469e+000 -1.055695e+001 -1.760885e+001  4.406341e+000  9.384105e+000 -1.175667e+001  9.407939e+000 -5.593577e+000 -4.090172e+000 -2.527556e+000 -3.691707e+000  5.759155e+001 -4.499806e-001 -1.899103e+000  1.611238e+000  7.091315e-001  6.512017e-001  1.142614e+000 -1.362088e+000 -3.480391e+000  1.031943e+000  2.657826e+000  7.301402e-003 -1.118470e+000  6.846577e-001  1.821487e-001 -5.946108e-002  1.828368e-001  1.242071e+000 -8.585544e-001 -1.138184e+000 -1.283148e-001  4.060342e-001  8.175969e-001  6.187359e-001  1.892744e-001 -1.579490e+000 -2.319403e-001
 8.771810e+000  4.456963e-001 -8.319839e+000 -1.545971e+001  2.992620e+000  1.148472e+001 -1.099546e+001  2.641130e+000 -4.438813e+000  1.897879e+000 -2.849737e+000 -6.030534e+000  5.842109e+001 -1.949242e-001 -2.013160e+000  1.726297e+000  2.081651e+000 -8.981583e-001  1.699748e-001 -1.785212e+000 -2.190342e+000  1.956271e+000  3.103471e+000  1.834978e-001 -3.412021e+000  4.890572e-001  1.354320e-001  1.618612e-001 -7.354549e-002  9.754449e-001 -8.979746e-001 -9.863997e-001 -2.257129e-001  1.139376e+000  7.043840e-001 -4.478274e-001  1.244935e-002 -8.152139e-001 -1.831171e-001
 8.476752e+000 -1.522837e+000 -5.349360e+000 -1.434860e+001  1.822916e+000  9.528635e+000 -1.135079e+001 -2.403042e-001 -2.088975e+000  6.941062e+000 -5.501250e+000 -8.595376e+000  5.901348e+001 -1.348743e-002 -1.549218e+000  9.564134e-001  2.766376e+000 -1.104031e+000 -9.321607e-001 -1.994593e+000 -6.819980e-001  2.793360e+000  1.222404e+000  5.499747e-001 -3.718855e+000  3.144726e-001  5.288298e-002  2.307511e-001 -5.446547e-002  7.554904e-001 -9.860128e-001 -8.421604e-001  4.178711e-001  1.184084e+000  1.210353e-001 -1.150999e+000 -6.726118e-003  2.600166e-001 -2.070090e-001
 9.097013e+000 -2.981053e+000 -6.295725e+000 -7.947225e+000 -1.176837e+000  8.763933e+000 -1.701160e+001  3.937803e+000  2.488409e+000  4.105077e+000 -1.010652e+000 -1.746511e+001  5.891660e+001 -1.446071e-001 -1.139704e+000  1.126154e+000  3.152587e+000 -2.307300e+000 -1.109774e+000 -2.254272e+000  1.264509e+000  2.529503e+000 -6.758385e-001  2.130210e-001 -2.194117e+000  2.158432e-001 -3.973723e-002  5.055007e-001  2.369380e-001  7.921538e-001 -4.195847e-001 -1.248099e+000  1.550778e+000  3.092149e-001 -9.194058e-001 -8.885043e-001 -1.268276e-001  1.176404e+000 -5.077873e-001
 8.666363e+000 -2.117246e+000 -6.786936e+000 -7.533215e+000  9.709123e-001  6.083692e+000 -1.872157e+001  5.349613e+000  4.909609e+000  9.182469e-001 -6.972252e-001 -1.656869e+001  5.891616e+001 -2.107243e-001 -1.182076e+000  1.638982e+000  3.951116e+000 -3.574291e+000 -2.428314e+000  9.617974e-001  7.126019e-001  1.350503e+000 -1.207515e+000 -4.109080e-002 -4.273394e-001 -2.137806e-001  2.449911e-002  8.798212e-001  2.508753e-001  7.390129e-001  4.229149e-001 -1.433322e+000  1.866781e+000 -5.800487e-001 -1.424487e+000  1.803734e-002 -2.469678e-001  1.160108e+000 -8.593591e-001
 7.953969e+000 -4.955618e+000 -1.970282e+000 -3.104468e+000 -8.117876e+000  7.658318e+000 -1.858143e+001  6.168715e+000  4.709411e+000  1.530094e+000 -4.186645e+000 -1.301446e+001  5.954897e+001 -2.949919e-001  3.307730e-001  2.569702e+000  5.450051e+000 -1.760952e+000 -5.322443e+000  4.490483e+000 -1.341568e+000 -1.919330e+000 -1.240919e-001 -1.551075e-001  8.242419e-001 -1.785753e+000  1.069514e-001  1.283440e+000 -3.557440e-001  2.158587e-001  1.589083e+000 -1.228610e+000  1.127134e+000 -9.260787e-001 -1.087484e+000  4.699597e-001 -3.953524e-002  5.134573e-001 -9.139320e-001
 7.994653e+000 -6.445934e+000  6.828301e-001  2.985597e+000 -1.257802e+001 -2.060127e+000 -5.756884e+000  2.207249e+000  3.553041e+000  2.190981e+000 -4.118708e+000 -1.295740e+001  5.762839e+001  1.842005e-001  2.114650e+000  1.489016e+000  5.312709e+000  7.373693e-001 -5.992437e+000  3.966934e+000 -2.279203e+000 -2.104660e+000  1.036717e+000 -5.008000e-001  5.725075e-001 -2.981525e+000  1.419981e-001  1.274481e+000 -9.317160e-001 -7.982799e-001  1.966265e+000 -2.356901e-002 -7.433848e-001 -2.400035e-001 -2.058784e-001  2.857035e-001  1.237690e-001  4.563686e-002 -4.898639e-001
 7.957908e+000  8.371556e-001  2.817902e+000  1.404362e+001 -3.207129e+000 -1.377637e+001 -1.041528e+000 -1.198853e+000 -6.429955e+000  2.848251e+000 -7.544807e-002 -1.514955e+001  5.063172e+001  1.926873e-001  3.629135e+000 -5.775831e-001  3.551084e+000  3.482286e+000 -5.470763e+000  1.878830e+000 -1.869982e+000 -1.180334e+000  5.518441e-001  2.451994e-001 -1.267542e-001 -2.969944e+000  1.037107e-001  4.113697e-001 -1.043091e+000 -1.743527e+000  8.058028e-001  1.496130e+000 -1.737692e+000  5.104148e-001  8.176125e-001 -2.093260e-001  2.117989e-001 -1.049100e-001  3.115264e-001
 9.585396e+000  5.559615e+000 -1.735950e+000  1.045628e+001  2.202386e+000 -1.316115e+001 -7.656855e+000 -2.362620e+000 -4.400796e-002  5.442754e+000 -5.256824e+000 -1.263861e+001  4.846716e+001  2.554265e-001  3.541149e+000 -1.445955e+000  9.091995e-001  3.635417e+000 -2.471999e+000 -1.449300e+000 -2.232083e-001 -4.838618e-002 -1.169653e-001  3.776008e-001  2.763430e-001 -2.071004e+000 -9.178595e-002 -5.004947e-001 -3.273277e-001 -1.612449e+000 -4.565737e-001  1.922962e+000 -1.050145e+000  6.879985e-001  4.259011e-001 -3.895723e-001  4.456317e-001 -9.598009e-002  7.564880e-001
 8.122034e+000  7.187281e+000 -3.648808e+000  1.091561e+001  1.903349e+000 -1.414499e+001 -8.237297e+000 -8.962621e-001  6.062654e-001  2.663428e+000 -2.391590e+000 -1.380763e+001  4.927987e+001  1.879487e-001  1.674372e+000 -1.178267e+000 -1.065828e+000  8.190386e-001  3.979877e-001 -1.489859e+000  1.825088e-001  1.140596e+000 -5.938808e-001  4.646866e-001  4.477740e-001 -6.833813e-001 -1.695631e-001 -1.001358e+000  5.018466e-001 -8.661581e-001 -1.304959e+000  1.639485e+000  1.303231e-001  2.713124e-001 -1.622240e-001 -1.254299e-001  2.717174e-001  7.153247e-002  6.995690e-001
 9.189722e+000  8.084746e+000 -3.313590e+000  9.095603e+000  3.043822e+000 -1.423581e+001 -9.405499e+000  9.399121e-001 -2.070001e-001  1.698566e+000 -1.072633e+000 -1.224664e+001  4.794930e+001 -2.723599e-001  5.895572e-001  1.527194e-001 -4.410824e-001 -2.138757e-001  6.879970e-001  4.005539e-001  1.345436e-001 -1.135619e+000 -3.382818e-001  1.617615e+000 -1.946570e-001 -3.423668e-001 -2.838682e-001 -7.895035e-001  7.982682e-001 -3.007411e-002 -1.177831e+000  8.767491e-001  1.078482e+000 -2.162680e-001 -5.935469e-001  1.058654e-001  9.621999e-002  1.714253e-001  3.636346e-001
 9.095489e+000  7.946450e+000 -2.284615e+000  9.394824e+000  4.673451e-001 -1.124910e+001 -7.616503e+000 -1.937575e+000 -6.454787e-001  1.750941e+000  1.558895e-001 -1.310666e+001  4.747374e+001 -3.912348e-001  9.814195e-002  1.132312e+000 -1.045659e-001 -1.117862e+000  1.146664e+000  1.605519e+000 -6.922963e-001 -1.447837e+000  3.535283e-002  9.837796e-001  4.664082e-001 -3.364182e-001 -4.273365e-001 -7.070016e-001  7.235947e-001  4.256268e-001 -4.289042e-001  4.330569e-001  1.076419e+000 -1.953030e-001 -4.411271e-001 -1.550725e-002 -8.913993e-002  7.708058e-001  1.804241e-001
 7.736869e+000  8.127816e+000 -1.654449e+000  9.011263e+000  1.851009e+000 -1.116911e+001 -5.964483e+000 -1.169245e+000 -5.096232e+000  4.207589e+000  1.557511e+000 -1.396238e+001  4.765838e+001 -8.743228e-001  3.817464e-001  1.390096e+000  2.781979e-001 -1.285288e+000  1.537408e+000  2.395420e+000 -8.671456e-001 -1.721904e+000  9.774510e-002  5.991543e-001  1.124153e+000 -4.263126e-001 -7.774182e-001 -9.338931e-001  2.884842e-001  3.082720e-001  9.000741e-002  7.560155e-001  6.860029e-001  1.949896e-001  4.169036e-001 -4.009605e-001 -3.933344e-001  1.133951e+000  3.392623e-001
 6.892287e+000  7.656456e+000  1.183185e+000  1.043495e+001 -3.089557e+000 -9.945021e+000 -1.930212e+000 -3.303165e+000 -4.188304e+000  1.585680e+000  1.212236e+000 -1.061772e+001  4.774323e+001 -1.647752e+000 -1.756730e+000  1.821018e+000  7.026660e-001 -7.897760e-001  2.138566e+000  2.894801e+000 -2.931616e-001 -7.718973e-001 -8.894305e-001  5.282171e-001  3.642398e+000  2.607121e-001 -1.405626e+000 -8.129315e-001 -1.201728e-001 -1.714796e-001  6.249061e-001  8.543255e-001 -2.220941e-003  8.099512e-001  9.335494e-001 -5.626319e-001 -4.338970e-001  4.705397e-001  4.259043e-001
 5.919709e+000  1.013848e+001  1.902990e+000  9.966531e+000 -1.604169e+000 -7.200813e+000 -2.715435e-001 -2.713021e+000 -7.045109e+000  2.269922e+000  1.394965e+000 -7.870353e+000  4.568299e+001 -3.531192e+000 -3.152472e+000  1.250788e+000  6.966618e-001  7.211816e-002  3.972123e+000  3.185927e+000  9.099242e-001  6.109288e-001 -1.880693e+000 -1.212761e-001  3.887101e+000  1.055380e+000 -1.658420e+000 -3.365708e-001 -5.833543e-001 -9.592511e-001  4.153477e-001  2.523576e-001 -6.567580e-001  7.564482e-001  1.076113e+000 -9.910785e-002 -3.697062e-001 -5.396217e-001  4.076413e-001
 1.765306e+000 -1.842531e+000  5.041755e+000  1.243052e+001 -1.753946e+000 -2.540418e+000  4.011035e+000 -2.631495e+000 -3.530527e+000 -1.727379e+000  2.878248e+000  2.059315e+000  4.976500e+001 -6.090929e+000 -2.199406e+000  6.011025e-001 -1.171196e+000  1.327965e+000  4.200934e+000  1.199160e+000  2.468925e+000  2.053493e+000 -1.788588e+000 -8.254900e-001  1.437632e+000  1.052257e+000 -1.149125e+000  6.836962e-001 -1.051862e+000 -1.592458e+000 -3.851351e-001 -1.062174e+000 -1.271635e+000  1.144458e-001  3.284814e-001  6.525194e-001 -2.347340e-001 -1.565858e+000  5.421482e-002
