57 39
-1.440912e+001  1.287407e-001 -3.833850e+000  9.041002e-001 -3.494640e+000 -8.661469e+000 -5.951652e+000 -1.410661e-001  2.611742e+000  3.380889e+000 -2.688317e+000  1.692590e+000  3.162717e+001  1.444714e+000  1.064856e+000  1.157051e+000  2.235277e+000  1.344061e+000  1.223837e+000 -1.070752e+000 -2.335609e+000 -6.486775e-001  3.762531e-002 -9.145365e-001 -4.828840e-001  9.328651e-001  1.338089e+000  1.090890e+000  9.754254e-001  6.043290e-001  3.005365e-001  4.929262e-002 -2.491374e-001 -1.349966e-001  2.993667e-001 -5.099927e-001 -9.568977e-001 -6.138378e-001  7.410676e-001
-1.236568e+001 -1.351235e+000 -2.640202e+000  9.204625e+000  4.349568e+000 -7.856228e+000 -8.696627e+000  3.713644e+000  6.518775e+000  6.867647e-002 -4.766918e+000 -3.999916e+000  3.279824e+001  3.560264e+000  3.551894e+000  2.836446e+000  2.849025e+000  1.376126e+000  2.989040e-001 -2.242223e+000 -1.839358e+000  2.871729e-001 -1.108089e+000 -2.109113e+000 -8.760208e-001  1.818364e+000  1.177061e+000  6.285214e-001  6.657279e-001 -4.180797e-001 -2.191953e-001 -1.841409e-001 -3.308518e-002  4.390518e-001 -9.164488e-002 -2.288425e-001 -5.539902e-001 -4.451101e-001  8.546150e-001
-8.048491e+000  6.676370e+000  3.484678e+000  9.068254e+000  1.054701e+000 -3.865036e-001 -5.130739e+000  3.405918e-002  6.462537e+000  2.662407e+000 -1.010078e+001 -5.085008e+000  3.410471e+001  4.750898e+000  3.033546e+000  2.863385e+000  1.736310e+000  3.960097e-001  2.136749e-001 -1.084206e+000  1.485234e-001  2.586987e-001 -1.142460e+000 -2.759929e+000 -1.585006e+000  3.096972e+000  4.291103e-001 -7.035486e-001 -2.139872e-001 -9.873233e-001 -3.013458e-001 -5.980269e-001  2.326159e-001  8.206201e-001 -4.596684e-001 -3.846572e-002  1.083717e-001 -2.821087e-001  6.542803e-001
-3.713579e-001  1.378593e+001  6.794218e+000  1.156880e+001 -4.700738e-001 -8.453295e+000 -1.092797e+001 -1.232249e+000  4.757663e+000 -2.430496e+000 -1.106377e+001 -3.244276e+000  3.843186e+001  4.360162e+000  1.320398e+000  1.943254e+000 -5.925053e-001 -1.281813e-001 -4.648260e-001 -1.099910e+000  4.690946e-001 -1.435916e+000 -5.113955e-001 -1.506234e+000 -1.513923e+000  3.699306e+000 -7.863185e-001 -1.464849e+000 -7.313772e-001 -1.095109e+000  2.911454e-002 -2.681902e-001  5.520473e-001  3.614347e-001 -5.360562e-001  1.970368e-001  6.395922e-001  8.848106e-003  1.130803e-001
 3.348209e+000  7.727889e+000  5.765864e+000  8.403566e+000  8.952294e-001 -7.294561e+000 -1.025701e+001  3.074497e+000  4.785792e+000 -1.081825e+000 -1.333954e+001 -6.610261e+000  4.429523e+001  3.190317e+000 -1.337139e+000  5.337115e-001 -9.805740e-001  5.894850e-001 -1.384433e+000 -4.788296e-001  6.132653e-001 -2.085475e+000 -4.530500e-001 -6.741172e-001 -1.574476e+000  3.263795e+000 -1.790262e+000 -5.552219e-001 -6.545483e-001 -4.764088e-001  3.773759e-001 -3.406763e-001  3.066320e-001 -5.314867e-001  1.542209e-001 -1.114522e-001  9.091890e-001  3.937899e-001 -4.120131e-001
 3.736777e+000  4.724997e+000  5.935473e+000  6.574442e+000  3.788398e+000 -6.726329e+000 -1.163304e+001  4.538898e+000  1.775656e-001 -6.161847e-001 -1.067871e+001 -1.080691e+001  4.619952e+001  4.089626e-001 -1.587009e+000  3.443970e-001 -1.268075e+000  1.424961e+000 -2.429931e-001  2.153249e-001 -2.645556e-001 -1.221021e+000 -4.676099e-001  4.594269e-002 -8.370453e-001  2.300354e+000 -2.140741e+000  8.981976e-001 -6.913047e-001  3.642324e-001  1.875684e-001 -2.056970e-001  2.210560e-001 -9.614105e-001  8.204972e-001 -7.465199e-002  6.696428e-001  6.094328e-001 -5.476285e-001
 5.849027e+000  4.521142e+000  6.582608e+000  6.662562e+000  1.872891e+000 -8.172151e+000 -7.172353e+000  2.148125e-001 -1.674789e+000 -5.099980e-001 -1.366389e+001 -9.176074e+000  4.653986e+001 -2.224814e+000  1.711141e+000  3.900715e-001 -3.079484e-001  1.506318e+000 -1.600623e+000 -2.086633e-001 -2.142085e+000  9.223556e-001 -1.721614e+000  1.009928e+000  4.550433e-002  1.736383e+000 -1.945116e+000  1.788864e+000 -6.257495e-001  5.959328e-001 -3.429661e-001 -7.864220e-002  2.386279e-001 -1.083946e+000  9.122662e-001  2.386438e-001  7.476909e-001  4.363149e-001 -3.444490e-001
 4.230458e-001  7.454262e+000  8.107831e+000  6.098922e+000  6.165898e+000 -9.229465e+000 -1.139368e+001 -1.125185e+000  1.882847e+000 -5.054458e+000 -1.067188e+001 -6.146596e+000  4.881131e+001 -3.635976e+000  4.287246e+000 -1.441450e+000  8.923436e-001  3.512441e-001 -1.385216e+000 -1.297130e-001 -2.960283e+000  1.162654e+000 -2.503735e-001  9.999577e-001  7.232503e-001  1.724870e+000 -1.055513e+000  1.363911e+000 -4.809636e-001  4.259864e-001 -7.352681e-001 -1.623083e-002  2.741278e-001 -4.435292e-001  3.460781e-001  6.121556e-001  4.478256e-001  1.587425e-001 -2.070279e-001
-6.118997e+000  1.491896e+001  6.630043e+000  7.101584e+000  7.238071e+000 -1.404611e+001 -1.142001e+001 -4.803886e+000  8.544930e+000 -7.470757e+000 -8.293312e+000 -8.712894e+000  5.167124e+001 -4.512791e+000  4.670053e+000 -1.702112e+000  9.188806e-001 -5.884871e-001 -1.206532e+000  8.868291e-001 -3.458603e+000  1.284019e+000  6.315506e-001  2.587330e+000 -1.730495e-001  1.829292e+000 -8.515523e-002 -1.006238e-001 -5.519073e-002  1.723213e-002 -6.432816e-001  5.299698e-001  3.101108e-001  5.686349e-001 -3.640679e-001  5.865621e-001 -9.697147e-002  1.652800e-001 -2.629309e-001
-8.459091e+000  2.096232e+001 -1.295494e+000  1.081665e+001  2.862028e+000 -1.071543e+001 -1.015778e+001 -7.753169e+000  8.809766e-001  1.612328e+000 -8.364209e+000 -7.422244e+000  5.225817e+001 -3.724616e+000  3.753090e+000 -1.014329e+000  2.484422e-001 -1.203977e+000 -5.211926e-001  1.038217e+000 -1.823943e+000  3.285379e-001  1.416586e+000  1.496369e+000  6.594391e-002  1.218759e+000  5.418985e-001 -1.229206e+000  5.526384e-001 -2.287217e-001  8.372196e-002  4.359994e-001  1.217335e-001  1.298655e+000 -2.664541e-001 -3.420498e-001 -5.092895e-001  2.617715e-001 -3.722186e-001
-1.227386e+001  2.111738e+001  2.773710e+000  8.898101e+000  5.823900e-001 -1.346183e+001 -3.356157e+000 -1.376421e+001  5.246239e+000 -6.856378e-001 -1.881078e+000 -9.403498e+000  5.396289e+001 -2.606271e+000  1.475100e+000 -9.944242e-002  1.001629e-001 -9.324793e-001  6.172142e-001  7.579254e-001  1.329194e-001 -4.809256e-001  3.777170e-001  2.768646e-001  1.200558e+000  6.747837e-001  8.268813e-001 -1.522030e+000  4.249623e-001  2.539950e-002  5.927666e-001  3.899334e-001 -3.333556e-002  1.412434e+000 -3.046195e-001 -7.360418e-001 -7.644745e-001  1.967929e-001 -4.001035e-001
-1.512260e+001  2.312050e+001  4.964350e+000  6.442874e+000  3.473853e+000 -1.212757e+001 -1.023452e+001 -5.764737e+000  5.174882e+000 -1.364090e+000 -6.396147e+000 -5.471575e+000  5.375928e+001 -1.879744e+000 -2.613075e-001  5.204071e-001  1.580940e-001  9.418499e-001 -1.170923e-001  5.434065e-001  1.737231e+000  7.128555e-001 -1.833706e+000 -3.912572e-001  1.345304e+000  4.410313e-001  6.812764e-001 -1.233920e+000  4.843087e-002  3.415769e-001  6.214944e-001  5.199311e-002  2.861795e-001  6.273154e-001 -1.506044e-001 -6.762181e-001  1.469454e-003 -3.578323e-001 -2.141342e-001
-1.581859e+001  2.121536e+001  3.002908e+000  9.789287e+000  2.269762e+000 -1.025397e+001 -7.592012e+000 -5.133505e+000  3.993349e+000 -4.093964e+000 -7.893020e+000 -3.685441e+000  5.429461e+001 -1.300821e+000 -9.329004e-001 -3.446688e-001  1.091052e+000  1.302432e+000  5.410849e-001  9.675568e-001  1.822983e+000 -4.312378e-001 -1.423513e+000 -2.912293e-001  1.712349e-001  2.176388e-001  4.589271e-001 -4.764699e-001 -1.283427e-001  2.434414e-001  2.540446e-001 -4.410676e-001  2.779834e-001 -5.000863e-002 -1.586635e-002  4.758854e-002  6.007742e-001 -8.305205e-001 -3.870453e-002
-1.608544e+001  1.960679e+001  1.191942e+000  1.116153e+001  6.727592e+000 -1.290482e+001 -5.322818e+000 -3.382367e+000  5.071699e+000 -5.852038e+000 -7.314524e+000 -3.554751e+000  5.429747e+001 -9.709589e-001 -1.212509e+000 -6.495619e-001  1.460882e+000  7.860388e-001 -2.231624e-001  2.364299e+000  4.676023e-001 -4.493278e-001 -1.063890e+000  1.787764e+000 -1.208556e+000  3.766605e-001  4.177518e-001  7.925209e-002 -2.139104e-002 -2.506364e-001 -3.225468e-001 -4.594399e-001 -5.772346e-002 -4.485377e-001 -2.243234e-001  7.166478e-001  3.680702e-001 -4.270782e-001  1.234196e-001
-1.829654e+001  1.820973e+001  2.936570e+000  1.199404e+001  5.467681e+000 -1.036778e+001 -9.742218e-001 -5.840478e+000  3.141642e+000 -5.559226e+000 -2.878036e+000 -9.505735e+000  5.478199e+001 -7.660276e-001 -4.316496e-001 -1.561717e-001  6.659760e-001  4.156494e-001 -1.535089e+000  1.237396e+000  5.176904e-001  2.083423e-002  2.307519e-001  2.191225e+000 -1.675115e+000  5.134465e-001  6.181714e-001  1.566845e-001  4.985664e-001 -1.027379e+000 -4.835610e-001 -7.474130e-001 -3.715726e-001 -4.731005e-001 -7.604089e-002  7.112795e-001 -4.493170e-001  5.830008e-001  2.430385e-001
-1.873842e+001  1.856078e+001  1.749710e+000  1.264491e+001  5.805087e+000 -1.318647e+001 -1.721915e+000 -3.073239e+000  3.354096e+000 -5.950909e+000  3.517955e-002 -8.604210e+000  5.539890e+001 -5.838127e-002 -1.156725e-001  3.192034e-001 -8.825501e-001 -2.274924e-001 -1.376205e+000  1.198695e-001  1.471884e-001 -6.347973e-001  9.224011e-001  2.078664e-001  1.330879e-001  9.102257e-001  1.024943e+000 -1.666230e-001  8.648536e-001 -1.495260e+000 -5.958180e-001 -4.379565e-001 -6.193599e-001 -7.607746e-002 -4.666075e-001  3.665941e-001 -1.299594e+000  1.321737e+000  2.120640e-001
-1.832224e+001  1.958012e+001  1.943166e+000  1.237747e+001  4.809261e+000 -1.778859e+001 -3.205483e+000 -2.699617e+000  4.956321e+000 -2.890769e+000 -6.117460e-001 -9.536284e+000  5.631113e+001  1.333748e+000 -6.978962e-001  1.663780e+000 -2.874125e+000 -6.086071e-001 -2.619459e+000  2.319085e-001 -3.823125e-001 -7.187074e-001  1.139740e+000 -1.747866e+000  2.415417e+000  1.166049e+000  1.404094e+000 -6.888711e-001  7.518827e-001 -1.329499e+000 -7.506095e-001  8.552893e-002 -4.737386e-001  1.049722e-001 -8.035053e-001 -1.437194e-001 -1.086957e+000  1.361556e+000  9.901065e-002
-1.636450e+001  1.834323e+001  3.284661e+000  6.557056e+000  5.919340e+000 -1.607544e+001 -3.607840e+000 -4.216856e+000  9.903727e-001 -2.574261e+000 -7.408338e+000 -2.874037e+000  5.808403e+001  3.103871e+000 -1.912501e+000  2.764730e+000 -4.245368e+000 -1.680923e+000 -1.870760e+000 -2.297565e-001  5.372165e-001 -2.412594e+000  3.145868e-001 -2.740660e+000  3.354861e+000  1.110679e+000  1.276529e+000 -8.939876e-001  4.321143e-001 -5.530308e-001 -8.665416e-001  3.410486e-001 -4.575729e-001  4.216020e-001 -7.118241e-001 -3.208565e-001  7.296689e-002  4.847292e-001 -5.820503e-002
-1.281477e+001  1.482902e+001  1.048800e+001  6.673359e-001  2.367520e+000 -2.202059e+001  1.128283e+000 -7.180232e+000  7.299664e-001 -1.548852e+000 -7.895607e+000 -2.937381e-001  5.926966e+001  4.673317e+000 -2.977591e+000  2.380478e+000 -4.300108e+000 -2.610683e+000 -8.601669e-001 -9.564839e-001  8.475373e-001 -3.107794e+000 -1.839380e-001 -1.769297e+000  3.521778e+000  9.082729e-001  5.811684e-001 -5.977812e-001 -2.509045e-001  5.449700e-001 -9.446951e-001  9.622291e-001 -5.931429e-001  5.818859e-001 -7.640560e-001  8.185352e-002  9.733421e-001 -4.035678e-001 -1.258719e-001
-5.972805e+000  1.137382e+001  1.130095e+001 -2.726857e+000 -1.378657e+000 -2.042427e+001 -5.037580e+000  1.853151e+000 -6.595698e+000 -5.048933e+000 -1.002619e+001  3.548823e+000  5.947302e+001  4.654479e+000 -3.445763e+000  2.121426e+000 -2.934713e+000 -3.559163e+000 -5.506079e-001 -1.573799e+000  1.640273e+000 -2.999375e+000 -2.004254e-002  5.834165e-001  2.003553e+000  7.480885e-001 -3.717465e-001 -5.717270e-002 -6.239698e-001  1.243062e+000 -5.960514e-001  9.320373e-001 -3.365856e-001  7.309557e-002 -2.716449e-001  8.182325e-001  1.347308e+000 -1.133541e+000 -1.228129e-001
-1.515044e-001  8.176869e+000  9.837414e+000 -4.481110e+000 -4.595155e+000 -1.991501e+001 -7.273032e+000 -1.496934e+000 -6.789612e+000 -2.573123e+000 -8.149305e+000  4.861177e+000  6.015800e+001  3.464286e+000 -2.920171e+000  7.309099e-001 -8.046029e-001 -4.392963e+000  1.531611e+000 -2.061785e+000  1.975589e+000 -4.245597e+000  1.716322e+000  1.456806e+000  1.073232e+000  7.179848e-001 -1.060081e+000  2.773682e-001 -3.952774e-001  1.312749e+000 -7.413840e-002  5.939893e-001  3.586756e-002 -1.987695e-001 -4.592419e-003  1.021569e+000  9.700170e-001 -1.413447e+000 -1.222696e-001
 5.762614e-001  4.440493e+000  1.421708e+001 -5.542285e+000 -8.395136e+000 -1.988127e+001 -7.276177e+000  1.142862e+000 -1.024671e+001 -2.162338e+000 -4.364406e+000  4.566269e+000  6.138031e+001  1.849655e+000 -2.227074e+000  4.696654e-001  2.221923e-001 -3.770040e+000  1.593538e+000 -1.360034e+000  3.386685e-001 -3.201917e+000  3.455620e+000  2.382828e+000 -1.088572e+000  5.917587e-001 -1.109187e+000  4.025430e-001 -1.509818e-001  9.077476e-001  5.081055e-001  1.205913e-001  3.037167e-001 -5.943025e-001  3.963803e-001  6.746359e-001  2.471460e-001 -1.227241e+000 -1.600245e-001
 1.232130e+000  3.694834e+000  1.268448e+001 -1.947965e+000 -1.608906e+001 -1.463404e+001 -8.061343e+000  3.052857e+000 -1.867251e+001  5.589460e+000 -3.442467e+000  4.563698e+000  6.190594e+001  7.753267e-001 -2.200095e+000  1.229972e+000  6.851817e-001 -2.875936e+000  1.037706e+000 -8.840286e-001  5.044922e-001 -3.029485e+000  3.186074e+000  2.181082e+000 -1.999395e+000  3.750896e-001 -7.857640e-001  3.796824e-001  1.837518e-001  2.934422e-001  1.034496e+000 -6.282436e-001  4.295961e-001 -6.161485e-001  1.060838e+000 -5.037200e-001 -4.194157e-002 -9.419672e-001 -2.149379e-001
 2.583652e+000  2.479470e+000  1.222574e+001 -2.882468e+000 -1.448191e+001 -1.509707e+001 -1.144359e+001  1.271598e+000 -1.666383e+001  8.147874e+000 -4.654687e-001 -1.745298e+000  6.155784e+001  4.530256e-001 -1.793086e+000  1.116986e+000  8.591325e-001 -1.777148e+000  2.993010e-001 -6.440934e-001 -5.956912e-001 -1.625530e+000  2.618261e+000  1.457009e+000 -2.596341e+000  1.194138e-001 -4.052144e-001  4.955898e-001 -7.943007e-002  2.379003e-001  8.480170e-001 -6.524950e-001  2.865486e-001 -2.077679e-001  1.099503e+000 -1.471432e+000 -1.824353e-001 -4.312301e-001 -2.284915e-001
 2.721434e+000 -1.843093e+000  1.698294e+001 -2.385110e+000 -1.593145e+001 -1.711858e+001 -9.609466e+000  9.611585e-001 -1.872848e+001  8.202140e+000  8.066359e-001 -1.980011e+000  6.194468e+001  2.337805e-001 -1.238753e+000  1.326009e+000  3.441381e-001 -2.169296e-001 -9.624885e-001 -2.717745e-001 -6.379735e-001  2.703970e-001 -3.835990e-001  1.710008e+000 -2.882720e+000 -1.205322e-001 -3.773966e-001  1.073266e+000 -1.011335e+000  4.523122e-001  8.154522e-001 -5.788726e-001 -4.126054e-002  6.606857e-002  1.222993e+000 -1.679179e+000 -2.606988e-001 -2.942955e-001 -1.275264e-001
 2.096738e+000 -1.755974e+000  1.765278e+001 -1.028049e+000 -1.735968e+001 -1.714250e+001 -9.722583e+000 -7.897446e-001 -1.834638e+001  9.622626e+000  7.960873e-001 -5.143582e+000  6.195801e+001  9.435572e-002 -2.297963e-001  2.449646e-002  1.582216e+000 -8.594581e-001 -6.688395e-001 -2.334182e-001 -1.289380e-001  6.456568e-001 -2.116705e+000  1.706189e+000 -2.803060e+000 -3.028881e-001 -2.062740e-001  1.193934e+000 -1.528396e+000  4.102168e-001  1.036138e+000 -3.023045e-001 -5.908728e-001  4.413794e-001  9.784594e-001 -1.312321e+000 -4.355491e-001 -1.054080e-001 -1.421946e-001
 2.644490e+000 -3.812091e-001  1.660100e+001 -1.154483e+000 -1.573482e+001 -1.842376e+001 -1.028072e+001  8.936610e-001 -1.647926e+001  2.934089e+000  4.476796e+000 -8.150758e+000  6.110320e+001 -9.323211e-001  2.384590e+000 -3.280461e+000  2.585201e+000  7.424797e-001 -1.372586e+000 -1.295669e+000  6.014584e-001  1.949888e+000 -2.842338e+000  7.529981e-001 -3.367512e+000 -5.139122e-002  2.844573e-001  6.926669e-001 -1.267182e+000 -1.223191e-001  1.320539e+000  1.141538e-001 -8.589598e-001  3.116219e-001  4.368627e-001 -3.499573e-001 -5.831481e-001  3.707319e-001 -3.152002e-001
 3.093903e+000  5.995463e-001  1.253919e+001  4.413296e+000 -1.887751e+001 -1.778867e+001 -1.227506e+001  6.606566e-001 -1.456016e+001  1.983723e-001  6.230394e+000 -1.267523e+001  6.046414e+001  4.706717e-003  2.364911e+000 -4.221761e+000  1.789685e+000  2.923835e+000 -1.007173e+000 -3.086510e+000  9.914898e-001  2.427022e+000 -2.713973e+000 -2.422314e-001 -2.880985e+000 -6.261299e-001  8.270127e-001 -1.996202e-001 -2.152423e-001 -1.199640e+000  1.697871e+000  4.262715e-001 -6.711745e-001 -1.017485e-001 -6.861559e-002  3.050067e-001 -2.275957e-001  8.620542e-001 -4.994560e-001
-2.438755e+000  8.902095e+000  3.137433e+000  7.820222e+000 -1.146014e+001 -2.365842e+001 -1.481157e+001  3.243250e+000 -1.087215e+001 -1.297424e+000  1.854473e+000 -1.505175e+001  6.243466e+001  1.700891e+000  9.272279e-001 -2.886774e+000 -3.711924e-001  4.494119e+000 -2.225529e-001 -3.140028e+000  3.599219e-001  1.564028e+000 -1.834752e+000 -2.315225e-001 -9.900979e-001 -1.534912e+000  1.199458e+000 -1.160296e+000  8.279102e-001 -1.613795e+000  1.029850e+000  8.442215e-001 -6.129384e-003 -5.733813e-001 -6.030819e-001  6.231892e-001  4.861067e-001  1.143106e+000 -5.396061e-001
 4.661893e+000  5.426929e+000  3.275759e+000  3.433022e+000 -4.877846e+000 -1.956103e+001 -2.288971e+001  2.992910e+000 -9.014822e+000 -1.831480e+000  8.960916e-001 -1.609801e+001  5.816163e+001  2.912813e+000 -4.992163e-001 -1.248558e+000 -2.937787e+000  5.754079e+000  8.875015e-001 -2.667111e+000 -5.169120e-001  4.955088e-001 -1.095465e+000  1.060470e+000  3.185034e-001 -2.058408e+000  5.735475e-001 -9.831102e-001  6.960756e-001 -8.471574e-001 -2.133441e-001  6.180122e-001  8.977685e-001 -7.074673e-001 -6.782053e-001  7.045981e-001  7.168407e-001  9.057505e-001 -9.566168e-002
 1.036495e+001  1.841238e+000  6.798849e+000 -2.520308e+000 -2.640586e-001 -1.865035e+001 -2.067353e+001  1.527144e+000 -1.143178e+001 -5.224745e+000  5.986335e+000 -1.138986e+001  5.457989e+001  3.610914e+000 -1.984825e+000 -6.275111e-001 -3.120040e+000  4.476606e+000  1.901184e+000 -1.536015e+000 -1.511247e+000 -9.976530e-002 -5.356461e-001  2.532181e+000  7.482742e-001 -2.033283e+000 -3.117123e-001 -2.429486e-001  3.363247e-002  1.549210e-001 -1.160922e+000  8.039856e-002  9.586007e-001 -7.750504e-002 -2.288180e-001  4.155536e-001  3.014839e-001  4.044648e-001  4.336055e-001
 1.125611e+001  1.633893e+000  4.465694e+000 -5.105373e+000  4.294845e+000 -1.585520e+001 -2.267963e+001 -1.065851e+000 -1.180279e+001 -3.315291e+000  9.466815e+000 -1.291366e+001  5.409949e+001  1.917433e+000 -1.094614e+000 -1.871015e+000 -1.071678e+000  1.865871e+000  1.021020e+000  6.003264e-001 -1.610262e+000 -1.321079e-001  1.594652e-001  1.960121e+000  7.785821e-001 -8.552532e-001 -8.457723e-001  3.133664e-001 -2.485663e-001  6.317668e-001 -1.459605e+000 -5.813606e-001  5.925803e-001  7.116546e-001  2.220971e-001  2.145620e-001 -5.454801e-001  2.085822e-001  7.119002e-001
 1.231870e+001  8.744867e-001 -5.950910e-001 -3.510780e+000  6.336550e+000 -1.600541e+001 -2.259669e+001 -2.283606e+000 -9.976987e+000 -3.233749e+000  1.023001e+001 -1.290256e+001  5.429932e+001  6.400195e-001  1.018365e-002 -2.407383e+000 -5.296416e-001  6.336153e-001  1.126809e-001  1.925736e-002  5.190717e-001  7.337462e-001 -3.844492e-001  8.260717e-001  8.021865e-001  3.153801e-002 -8.999844e-001  4.318527e-001  5.632068e-002  2.596366e-001 -9.907379e-001 -7.033490e-001 -1.706028e-001  1.083381e+000  5.503936e-001  2.339286e-001 -1.058756e+000  2.110407e-002  6.924475e-001
 1.327218e+001  4.372375e-001 -2.382347e+000 -1.430131e+000  1.151203e+000 -1.577840e+001 -1.892650e+001 -3.153026e+000 -1.040276e+001 -2.029652e+000  8.574855e+000 -1.144875e+001  5.402565e+001  1.693983e-001  7.011094e-002 -1.601453e+000 -1.074152e+000  3.775508e-001 -1.125050e+000 -4.818459e-001  2.026201e+000  1.189238e+000 -9.825303e-002 -8.138756e-001  1.334458e+000  4.686829e-001 -4.852331e-001 -4.313024e-002  5.082516e-001 -2.658187e-001 -2.526735e-001 -3.053460e-001 -8.831850e-001  8.423052e-001  7.983588e-001  3.065474e-001 -9.148046e-001 -1.370078e-001  4.769786e-001
 1.255701e+001  2.490484e+000 -1.814048e+000 -7.006137e+000  4.475839e+000 -1.812534e+001 -2.245381e+001  5.166090e+000 -8.463071e+000 -7.789811e+000  1.056267e+001 -8.111379e+000  5.477450e+001 -1.499071e-002 -4.079239e-001 -4.806886e-001 -1.820620e+000  2.670769e-001 -5.425261e-001 -1.847943e+000  2.087424e+000  1.991529e+000  7.628561e-001 -1.374601e+000  5.758566e-001  7.669868e-001 -1.692778e-001 -4.631720e-001  5.174778e-001 -8.635324e-002 -2.652601e-001  1.957240e-001 -7.444014e-001  2.412771e-001  6.120349e-001  5.265688e-001 -6.720622e-001 -2.526288e-001  2.927259e-001
 1.198395e+001  1.176449e+000 -2.932093e+000 -8.728454e+000  7.112954e+000 -2.042049e+001 -2.516030e+001  5.340309e+000 -6.613560e+000 -1.528525e+000  5.231108e+000 -8.636954e+000  5.620531e+001 -1.812275e-001 -1.101211e+000 -2.931045e-001 -1.755282e+000  7.857724e-001 -1.781071e-001 -2.881999e+000  1.817088e+000  3.230794e+000  1.118550e+000 -1.513566e+000  2.067081e-001  1.161915e+000 -9.257417e-002 -3.926401e-001  2.967973e-001  1.331196e-001 -5.623665e-001  4.409024e-001 -9.061394e-002  3.451823e-001  9.614317e-002  1.665196e-001 -2.232012e-001 -1.568902e-001  1.673106e-001
 1.288787e+001 -1.534739e+000 -2.723661e+000 -8.964719e+000  4.691059e+000 -1.639700e+001 -2.871950e+001  3.906848e+000 -1.913940e+000  3.299683e-001  5.028883e+000 -1.142917e+001  5.704442e+001 -3.105650e-002 -1.720016e+000 -4.741690e-001 -6.208428e-001 -8.967958e-001  6.178293e-001 -2.502673e+000  1.830014e+000  2.773143e+000  1.639994e+000 -2.184394e+000  1.029173e-001  1.148551e+000 -1.288001e-001 -1.242015e-002  4.116090e-002  8.649942e-002 -6.828161e-001  8.209634e-002  9.688234e-001  6.594286e-001 -6.931657e-001 -1.641830e-001 -8.006336e-002  7.265004e-002  3.839387e-002
 1.220062e+001 -3.056206e+000 -3.393063e+000 -9.227250e+000  4.972455e+000 -1.753311e+001 -3.020365e+001  6.562035e+000  2.476646e+000 -4.967940e-001  3.773920e+000 -8.756310e+000  5.870027e+001 -2.854397e-001 -1.237044e+000 -1.207267e-001 -1.008442e+000 -1.852346e+000  4.992844e-001 -6.075504e-001  3.880818e+000  1.279148e+000  2.957764e-001 -1.524985e+000  7.864769e-001  1.114454e+000 -2.038806e-001  4.637542e-001 -3.386999e-002 -1.745591e-001 -4.928511e-001 -1.595677e-001  1.653808e+000  4.546215e-001 -1.134558e+000 -1.310326e-001 -7.763505e-004 -2.623256e-001 -9.810871e-002
 1.229340e+001 -3.993266e+000 -3.954408e+000 -9.860953e+000  1.062110e+000 -1.647989e+001 -3.244550e+001  1.370530e+001  8.575407e-001 -1.057080e-001  3.692966e-001 -7.537114e+000  5.926978e+001 -6.068850e-001 -4.021082e-001 -3.610730e-001 -1.761543e+000 -1.827945e+000 -4.707401e-001  1.858950e+000  4.352702e+000 -4.984758e-001  3.533277e-001 -1.769208e+000  6.492224e-001  9.826870e-001 -2.725194e-001  6.744257e-001 -1.003594e-001 -1.860417e-001  1.760410e-001 -3.578227e-001  1.671194e+000 -5.052928e-001 -7.218394e-001  1.173449e-002  2.918742e-001 -7.354490e-001 -1.357940e-001
 1.085399e+001 -3.779508e+000 -2.920353e+000 -1.332255e+001 -3.342996e-001 -1.788262e+001 -2.633505e+001  1.984517e+001 -1.603562e+000  1.681953e-001 -6.402489e-002 -6.650598e+000  6.066490e+001 -9.127163e-001  5.586064e-001 -5.190024e-001 -2.057728e+000 -1.212909e+000 -4.316610e-001  3.206232e+000  2.828851e+000 -8.061874e-001  1.106719e+000 -1.725041e+000 -1.378073e+000  7.543038e-001 -1.175507e-001  4.534083e-001 -2.618493e-001  4.406266e-001  4.805398e-001 -1.985329e-001  7.874190e-001 -1.588135e+000  9.929517e-002  1.477808e-001  5.993809e-001 -1.136596e+000 -1.958059e-001
 1.052676e+001 -3.183629e+000 -4.765381e+000 -1.572478e+001 -1.795288e+000 -1.857594e+001 -2.135905e+001  1.902879e+001 -2.366214e+000  1.764112e+000 -1.898186e+000 -9.235914e+000  6.097554e+001 -1.080015e+000  7.542875e-001 -7.768283e-001 -1.026408e+000 -3.363095e-001 -7.058117e-001  3.946405e+000 -1.704664e-001  2.066134e-001  1.293195e+000 -6.249954e-001 -2.492053e+000  6.496559e-001  6.172274e-002  9.420469e-002 -2.492436e-001  9.674546e-001  4.880782e-001  4.953589e-002 -1.779334e-001 -1.679011e+000  5.519261e-001 -1.111983e-001  1.144359e+000 -8.366688e-001 -1.901421e-001
 8.520356e+000 -6.679928e-001 -5.582588e+000 -1.658397e+001  3.366111e-001 -1.864338e+001 -1.971572e+001  1.804455e+001  5.758638e-002  4.101893e+000 -3.717542e+000 -1.479727e+001  6.161890e+001 -6.366279e-001  4.517995e-001 -1.222096e+000  8.271236e-001 -1.954645e-001 -3.758446e-001  2.285817e+000 -1.798273e+000  1.423079e+000  5.647467e-001  8.998130e-001 -3.325868e+000  3.019394e-001  2.756211e-001 -1.551270e-001 -1.943118e-001  8.554049e-001  2.869360e-001  1.496848e-001 -6.766713e-001 -9.813840e-001  1.419980e-001 -2.303766e-001  1.186933e+000  9.508529e-002 -2.163158e-001
 8.060136e+000 -1.777586e+000 -6.507432e+000 -1.336228e+001 -9.548929e-001 -1.962856e+001 -1.602315e+001  1.375328e+001  1.060033e+000  4.393416e+000 -9.289222e-001 -1.592404e+001  6.204105e+001 -4.363154e-001  1.223187e-001 -1.255744e+000  1.633304e+000  1.037242e-001 -2.509689e-001  1.429491e+000 -1.728793e+000  1.146522e+000  6.832252e-002  2.640161e+000 -2.560224e+000  2.581585e-001  3.568656e-001 -7.958485e-002  7.403010e-002  1.181006e-004  1.358479e-001  2.834160e-001 -6.051052e-001 -8.463259e-002 -6.646973e-001 -1.333116e-001  6.318036e-001  9.235666e-001 -2.543886e-001
 8.904158e+000 -2.223531e+000 -8.159806e+000 -1.036818e+001 -1.731820e+000 -1.923554e+001 -1.757392e+001  1.349156e+001  3.798708e+000  1.677277e+000  3.950408e+000 -1.993587e+001  6.164184e+001  1.435395e-001  9.895576e-002 -1.251103e+000  8.894402e-001  1.754584e-003  8.934174e-002  1.081333e+000 -1.298905e+000 -5.661516e-001  5.672724e-001  2.577044e+000 -8.685603e-001 -1.315266e-001  2.946917e-001  1.293264e-001  3.801222e-001 -7.995096e-001 -8.689767e-002  2.276907e-001  2.287188e-001  2.429103e-001 -1.230831e+000 -2.265455e-001  3.599929e-002  1.600834e+000 -2.704589e-001
 8.153280e+000 -1.794266e+000 -9.755493e+000 -1.066616e+001 -2.424519e-001 -1.953471e+001 -1.528250e+001  1.266131e+001  1.495833e+000  3.318033e+000  7.468645e+000 -1.946774e+001  6.225486e+001  3.142289e-001  5.327852e-001 -3.921741e-001 -1.056976e+000  2.443204e-001  4.786753e-001  1.523121e+000 -8.433132e-001 -2.122258e+000  6.253736e-001  1.695407e+000  8.971268e-001 -4.055542e-001  2.399243e-001  3.454007e-001  4.738321e-001 -9.996421e-001 -4.132644e-001  3.746064e-001  6.940834e-001 -5.479283e-002 -1.063161e+000 -3.080262e-001 -5.077146e-001  1.513383e+000 -3.131013e-001
 9.191482e+000 -1.648740e-001 -1.021407e+001 -1.348483e+001 -1.083650e-002 -1.824360e+001 -1.467938e+001  1.209600e+001 -2.991071e+000  7.475947e+000  4.968894e+000 -1.736823e+001  6.085437e+001  4.615586e-001  8.931984e-001  2.467301e-001 -1.825284e+000 -7.002510e-001  3.977867e-001  3.382596e+000 -1.026461e+000 -3.096684e+000 -8.465062e-001  1.552186e+000  2.949627e+000 -7.184986e-001  1.075121e-001  3.438544e-001  3.989912e-001 -6.015045e-001 -6.486560e-001  5.634401e-001  5.679454e-001 -1.268641e-001 -5.779567e-001 -6.076782e-001 -3.164646e-001  1.030038e+000 -2.242783e-001
 9.487618e+000 -1.429887e-001 -7.441169e+000 -1.708884e+001 -5.937827e-001 -1.773116e+001 -9.854809e+000  1.023449e+001 -6.156366e+000  4.620949e+000  7.038872e+000 -1.272223e+001  6.040702e+001  6.042967e-001  1.452201e+000  3.644997e-001 -2.007544e+000 -1.611595e+000  1.467840e+000  3.749276e+000 -2.138979e+000 -2.904017e+000 -7.649192e-001  6.140171e-001  3.097598e+000 -1.013862e+000  8.238649e-002  1.538628e-001  4.967308e-002  8.462932e-002 -6.803828e-001  6.730396e-001 -1.016918e-001 -1.320158e-002 -7.223122e-002 -4.887488e-001 -1.440076e-001  3.501802e-001 -1.221558e-001
 1.054478e+001  1.416822e+000 -8.083318e+000 -1.628326e+001 -5.057409e+000 -1.814838e+001 -3.374780e+000  9.572665e+000 -7.858615e+000 -3.206713e+000  1.192623e+001 -8.560490e+000  5.897327e+001  5.360664e-001  1.358520e+000  3.655159e-001 -1.642798e+000 -2.313568e+000  2.411960e+000  2.807982e+000 -1.285393e+000 -3.065056e+000 -1.775972e+000  1.535416e+000  3.181394e+000 -9.487644e-001  2.166890e-002 -1.477559e-001 -1.089373e-001  5.160629e-001 -2.788910e-001  4.135473e-001 -8.387974e-001  2.680255e-001  2.839679e-001  1.177935e-001 -2.620064e-001 -3.536287e-001  4.455154e-002
 1.049811e+001  4.675891e+000 -8.998373e+000 -1.930466e+001 -5.777140e+000 -1.224312e+001 -2.188416e+000  3.228086e+000 -1.059048e+001  4.834767e+000  7.060065e+000 -8.383613e+000  5.812610e+001  6.889075e-001  1.069438e+000 -2.032015e-001 -7.250725e-001 -2.350935e+000  2.836787e+000  1.301969e+000 -7.798554e-001 -2.499228e+000 -1.353637e+000  9.837543e-001  2.532144e+000 -9.012001e-001 -8.584795e-002 -4.515719e-001  8.348934e-003  6.218817e-001  2.411865e-001 -3.691300e-001 -9.479002e-001  6.895166e-001  4.736730e-001  2.686715e-001 -1.176932e-001 -6.462321e-001  2.182523e-001
 1.136657e+001  4.218286e+000 -7.607893e+000 -2.059091e+001 -8.986996e+000 -8.927818e+000 -4.472663e+000  9.172241e+000 -1.609929e+001 -1.510825e+000  1.263538e+001 -3.630566e+000  5.725100e+001  5.275977e-001  3.458003e-001 -1.410599e-002  1.137947e-001 -1.725036e+000  1.781050e+000  4.122624e-001 -3.658961e-001 -1.879239e+000  3.682045e-002  5.728583e-002  1.464211e+000 -5.520718e-001 -1.782878e-001 -5.290027e-001  1.026631e-001  4.461630e-001  7.467697e-001 -8.196578e-001 -8.259946e-001  4.618748e-001  8.793879e-001  5.874159e-001 -1.447264e-001 -1.068728e+000  3.171880e-001
 1.252126e+001  3.803472e+000 -8.694889e+000 -1.856037e+001 -1.038367e+001 -8.157505e+000 -2.796022e+000  6.535429e+000 -1.453217e+001 -2.995181e+000  1.160307e+001 -2.526471e+000  5.676215e+001  1.792912e-001 -2.992986e-001  5.960553e-001  2.235682e-001 -6.999281e-001 -6.235485e-002  2.076347e-001  8.488554e-001 -1.128560e+000 -3.279579e-001  7.646162e-001  7.250293e-001 -1.209465e-001 -3.435221e-001 -4.931215e-001  1.918805e-001  1.942508e-001  9.775030e-001 -8.034301e-001 -7.556681e-001  1.754495e-001  1.045808e+000  7.858161e-001  7.886205e-002 -1.304218e+000  4.065915e-001
 1.217120e+001  3.582033e+000 -8.305590e+000 -1.608643e+001 -1.137932e+001 -1.128594e+001 -1.009665e+000  6.089513e+000 -1.528396e+001  8.923635e-001  9.941154e+000 -4.168006e+000  5.689489e+001 -1.005644e-001 -6.021248e-001  4.792028e-001  1.136963e-001  5.947771e-001 -2.367583e-001 -7.748239e-001  2.096254e-001  6.465497e-001  6.482674e-001  9.213530e-001 -1.258689e+000  2.470486e-001 -3.607602e-001 -4.082633e-001  4.508730e-002  2.218764e-001  9.680631e-001 -4.902962e-001 -8.979481e-001 -6.540155e-002  1.099603e+000  1.039220e+000 -9.185954e-003 -1.422399e+000  3.893416e-001
 1.099226e+001  3.497524e+000 -5.669248e+000 -2.043906e+001 -8.080616e+000 -1.137583e+001 -2.881742e+000  9.013727e+000 -1.664095e+001  1.993384e+000  1.223026e+001 -4.489746e+000  5.769943e+001 -7.146218e-001 -9.222063e-001  5.095464e-001  2.462309e-001  1.376673e+000 -1.714598e-001 -1.882828e+000 -1.903685e-001  1.466919e+000  2.269720e+000  9.460310e-001 -2.627494e+000  7.321972e-001 -2.909181e-001 -3.955328e-001 -1.979076e-001  6.451184e-001  5.989858e-001 -2.866032e-001 -7.000690e-001 -4.644053e-001  1.089566e+000  1.293602e+000 -5.345727e-001 -1.370696e+000  3.475219e-001
 1.162825e+001  1.360635e+000 -6.724699e+000 -1.908309e+001 -7.164636e+000 -8.502445e+000 -8.303923e+000  8.981219e+000 -1.181216e+001 -7.637696e-001  1.692855e+001 -8.942374e+000  5.801761e+001 -8.292467e-001 -1.384062e+000  2.545850e-001  1.211846e+000  2.076979e+000 -6.158786e-001 -3.032247e+000 -1.732919e-001  2.321037e+000  3.934081e+000 -7.935133e-002 -3.971522e+000  9.680645e-001 -2.176624e-001 -3.517014e-001 -1.504714e-001  6.379912e-001  1.902621e-001 -4.171324e-001 -9.788716e-003 -2.762072e-001  6.367502e-001  9.937215e-001 -1.178613e+000 -7.961196e-001  2.914241e-001
 9.219628e+000  3.031391e-001 -6.937603e+000 -1.583089e+001 -5.607646e+000 -1.040655e+001 -8.563034e+000  4.137733e+000 -8.933479e+000  9.181486e+000  1.283953e+001 -1.327676e+001  5.986178e+001 -9.109580e-001 -1.885994e+000 -2.811738e-001  2.900086e+000  1.553900e+000 -1.305811e+000 -2.163999e+000 -1.281713e+000  3.482024e+000  4.497144e+000 -1.407895e+000 -4.772033e+000  1.256155e+000 -1.344611e-002 -2.233878e-001 -4.510807e-002  2.032775e-001 -1.574802e-001 -4.605021e-001  7.903636e-001  1.162330e-001  2.222236e-001 -1.038450e-001 -1.434805e+000  9.978118e-002  1.354637e-001
 8.911275e+000 -1.741085e+000 -6.398488e+000 -1.233129e+001 -2.230915e+000 -1.484997e+001 -1.333025e+001  7.661051e+000 -7.532512e+000  1.696872e+001  9.239764e+000 -1.963211e+001  6.065403e+001 -1.090708e+000 -1.878738e+000  1.222059e-001  1.976725e+000  1.457474e+000 -1.755245e+000 -6.831821e-001 -6.257386e-001  2.822748e+000  4.503163e+000 -3.794751e+000 -4.167017e+000  1.442190e+000  6.240252e-002  1.455622e-002  1.628798e-001 -4.354480e-001 -5.230596e-001 -1.820409e-001  1.117322e+000  5.443606e-001 -1.301111e-001 -1.465423e+000 -1.106826e+000  1.192533e+000 -4.617155e-003
 7.795952e+000 -4.381585e+000 -7.238223e+000 -9.314532e+000 -2.777977e+000 -1.473113e+001 -1.118857e+001  3.265249e+000 -1.370648e+000  1.561286e+001  9.035174e+000 -2.300504e+001  6.266199e+001 -6.511215e-001 -1.791807e+000  3.501956e-001  8.801783e-001  8.990245e-001 -1.904287e+000  8.944572e-001  6.170197e-001  2.327181e+000  1.465953e+000 -4.370292e+000 -2.030840e+000  1.172453e+000  1.244439e-001  3.106782e-001  3.877766e-001 -7.857405e-001 -6.219549e-001 -1.808798e-003  6.004090e-001  1.112249e+000 -5.309157e-001 -2.130668e+000 -4.110525e-001  2.070627e+000 -2.045715e-001
