55 39
-1.780671e+001  1.193356e+001  8.558775e+000  7.053359e+000 -2.852808e-002 -1.279644e+001 -8.960775e+000 -8.404130e+000 -2.181394e+000 -1.096916e+001 -5.891740e-001 -1.936695e+000  4.027388e+001 -5.398105e+000 -7.867795e-001 -4.241114e+000 -5.319798e-001  2.785185e+000  3.977107e+000  2.234384e-001 -1.281864e+000  1.943982e+000 -4.385862e-001 -7.878836e-001  3.786579e-001 -2.733179e+000  9.909928e-001 -2.011025e+000  8.270445e-002 -2.491214e+000 -1.979944e+000 -3.306485e-001 -4.186316e-001  1.379573e+000 -4.091678e-001  9.495558e-001  5.022238e-001  2.274238e-002  1.510579e+000
-2.194382e+001  3.767138e+000  5.053753e+000  9.795915e+000  3.426513e+000 -1.167477e+001 -1.094097e+001 -8.817009e+000  1.938742e+000 -1.092673e+001 -2.331525e+000 -3.254034e+000  3.970640e+001 -3.111454e+000 -2.800472e+000 -4.733724e+000 -4.329569e+000 -3.520281e-001  2.446157e+000 -2.532495e-001  7.715610e-001  1.261970e+000  8.257818e-001 -8.819393e-001  1.086137e+000 -5.272015e-001  1.679050e+000 -8.852739e-001  7.895094e-001 -2.231125e+000 -1.690159e+000 -1.321594e+000 -7.066374e-002  1.901689e+000 -5.120006e-001  1.213617e+000  6.797125e-001  3.164094e-001  1.930760e+000
-2.642045e+001  1.002056e+000 -1.855736e+000  2.366452e+000  2.408149e+000 -7.285004e+000 -4.960102e+000 -9.150540e-001  5.339543e+000 -3.375451e+000 -1.070744e+000 -5.082729e-001  3.950178e+001 -2.751822e-001 -3.203600e+000 -3.679836e+000 -5.866881e+000 -2.550771e+000 -4.525959e-001  6.167279e-001  3.000191e+000  1.702866e-001  2.063874e+000 -4.618756e-001  1.240480e+000  2.485374e+000  1.390404e+000  9.322226e-003  1.945662e+000 -1.019169e+000 -9.644460e-001 -9.303739e-001 -2.652014e-001  1.049430e+000 -1.081632e-001  4.165676e-001  5.257144e-001  1.451595e-001  1.495075e+000
-2.245488e+001  7.421086e-001 -5.878641e+000 -9.062841e+000 -5.531693e+000 -8.114937e+000 -7.314476e+000 -3.287943e+000  3.296209e+000 -4.717257e+000 -5.187394e+000  2.462576e-001  4.267966e+001  5.023562e-001 -1.097145e+000 -5.485231e-001 -6.109845e+000 -1.625793e+000 -1.106987e+000 -1.512773e-001  4.185192e+000  4.059235e-001  2.746764e+000  9.624753e-001  1.961546e+000  3.415707e+000  3.657209e-001  1.875450e-001  2.685251e+000  9.066353e-001 -7.128302e-002  3.227282e-001 -8.957405e-002 -2.905884e-001  5.221884e-001  1.864697e-001  4.918031e-001 -6.524988e-001  3.340131e-001
-1.892709e+001 -2.571927e+000 -4.374206e+000 -1.285167e+001 -8.303281e+000 -1.683934e+001 -7.690384e+000  3.832291e+000 -2.008695e+000 -3.754522e+000 -1.470617e+000  2.515562e+000  5.121412e+001 -2.529898e-001 -1.591832e+000  3.394595e+000 -4.737687e+000 -1.400163e+000  1.101810e+000 -1.153555e+000  2.258471e+000  1.831189e+000  6.837608e-001  9.184812e-001  6.667509e-001  2.770739e+000 -3.098940e-001 -2.066971e-001  2.170753e+000  2.302054e+000 -2.347612e-001  1.255303e+000  2.740034e-001 -1.752939e+000  5.302326e-001 -4.207826e-002  1.610653e-001 -1.202482e+000 -9.558317e-001
-2.317872e+001  6.840344e-002  3.570372e+000 -1.314425e+001  6.532649e-001 -1.243254e+001 -1.033222e+001  9.735276e+000  7.642478e+000  2.996631e+000  2.680788e+000  5.041779e+000  5.092877e+001 -1.293946e+000 -2.668631e+000  5.155318e+000 -3.609891e-001 -1.283747e+000  3.282596e+000  1.840217e-001 -3.105212e-001  3.042460e+000  2.448187e+000  8.868976e-001 -1.889493e+000  1.000181e+000  7.899167e-002 -8.075187e-001  3.485763e-001  3.061788e+000 -7.205029e-001  3.999077e-001  9.518618e-001 -1.778682e+000 -4.477688e-001 -3.048357e-001 -2.346552e-001 -1.177778e+000 -1.313413e+000
-2.732347e+001 -6.620250e+000  1.039273e+001 -1.928128e+001 -7.685143e+000  3.828456e-001 -9.219006e+000  3.865691e+000  1.232236e+001 -3.813591e+000 -4.124295e-001  4.277207e-001  4.923092e+001 -9.265009e-001 -3.451342e+000  4.322008e+000  2.768963e+000 -3.895600e+000  3.629126e+000  1.819095e+000 -3.516650e+000  1.503181e+000  2.002772e+000  3.812398e-001 -2.846408e+000 -1.086022e+000  1.265951e+000  9.136618e-002 -1.230154e+000  3.044276e+000 -7.968139e-002 -1.494772e+000  8.259783e-001 -6.787083e-001 -1.530355e+000 -5.540035e-001 -2.184055e-001 -1.011832e-001 -8.877428e-001
-2.472641e+001 -1.057689e+001  1.251448e+001 -7.652981e+000 -1.225950e+001 -3.130517e-001 -5.630057e+000 -4.857249e+000  1.134299e+001  7.553215e+000 -1.282000e+000 -8.157285e+000  4.867216e+001  1.234070e+000 -4.204983e+000  7.306525e-001  5.445771e+000 -3.980588e+000 -3.711068e-001  3.121707e+000 -1.820659e+000 -1.668917e+000  5.630802e-001  5.781993e-002 -2.170766e+000 -1.222978e+000  2.304065e+000  1.102408e+000 -1.964253e+000  1.551721e+000  1.147573e+000 -2.403107e+000 -6.049940e-001  3.402255e-001 -1.763120e+000 -1.452875e+000 -1.483612e-001  1.093419e+000 -1.598079e-002
-2.278575e+001 -1.450599e+001  1.276378e+001 -1.752488e+000 -2.132490e+001 -4.753454e+000 -9.459885e-001 -6.454697e+000  3.656958e+000  3.981045e+000  2.416976e+000 -5.116944e+000  4.691231e+001  4.812758e+000 -3.668247e-001 -5.438434e-001  7.580316e+000 -4.501491e-001 -4.545201e+000  1.507494e+000 -3.800018e-001 -3.464896e+000 -1.143703e+000  2.409927e-001  3.014714e-001 -5.563949e-001  2.457913e+000  1.412960e+000 -1.752158e+000 -6.401634e-002  2.387746e+000 -1.887445e+000 -2.173238e+000  7.156243e-001 -9.239604e-001 -1.021093e+000 -2.390592e-002  1.065240e+000  7.584851e-001
-1.927723e+001 -1.701364e+001  6.038113e+000  5.320208e+000 -1.242980e+001 -1.171992e+001  1.139807e+000  5.792176e+000  3.630593e+000  1.914714e+000  1.555185e+000 -3.039718e+000  4.597318e+001  7.356750e+000  1.301152e+000 -2.233021e+000  4.991942e+000  2.731392e+000 -4.645777e+000 -2.685148e+000 -1.777179e-001 -3.289104e+000 -3.242951e+000  2.152149e-001  2.003664e+000  6.554638e-001  1.450624e+000  8.002365e-001 -8.151270e-001 -1.504807e+000  1.745918e+000 -5.509428e-002 -2.856982e+000 -8.078580e-002  2.430446e-001 -1.326075e-001  2.539958e-001  2.930327e-001  9.236154e-001
-5.984277e+000 -5.235996e+000  1.091170e+001  1.213370e+001 -9.850739e+000 -1.663972e+001 -5.066467e+000 -3.359031e+000 -1.145928e+000 -6.712858e+000 -6.260589e-001 -6.237058e-001  4.779844e+001  8.301726e+000  8.603885e-001 -2.956948e+000  2.675796e+000  4.687140e+000 -3.670765e+000 -6.143665e+000 -7.599989e-001 -2.306527e+000 -1.199680e+000  1.830127e-001  3.925770e-001  1.767183e+000 -3.980801e-001 -8.505653e-001 -1.495804e-001 -2.206657e+000  6.218240e-002  1.386600e+000 -1.916813e+000 -5.326885e-002  1.043339e+000  6.824429e-001  5.047929e-001 -5.725918e-001  6.582204e-001
 3.656605e+000 -8.706126e+000  2.275416e+000  1.036363e+001 -4.339620e+000 -1.759880e+001 -1.699556e+001 -7.293672e+000 -2.701090e+000 -3.314588e+000  1.315591e+000 -3.855864e-001  5.150642e+001  6.742706e+000 -8.174075e-001 -2.138430e+000  3.739983e-001  2.180356e+000 -1.083797e+000 -7.337626e+000 -2.034589e+000 -1.032878e+000 -7.196931e-002  1.356789e+000 -7.511553e-001  2.233310e+000 -1.864289e+000 -1.294637e+000  9.888146e-001 -1.564314e+000 -1.408987e+000  1.635077e+000 -8.929844e-002  3.350875e-001  1.266637e+000  6.327249e-001  5.831658e-001 -8.465490e-001  1.800477e-001
 7.255969e+000 -1.435781e+001 -1.396115e-001  9.104779e+000 -1.934288e+000 -2.016784e+001 -2.259663e+001 -3.711767e+000 -4.709837e+000  5.972968e-001  3.451836e+000 -4.481125e+000  5.298161e+001  3.129380e+000 -3.560372e+000 -1.339041e+000 -1.143997e+000  1.362809e-001  6.068097e-001 -5.750330e+000  2.820896e-001  6.236886e-001  6.830204e-001  2.194170e+000 -1.184078e+000  1.945784e+000 -2.362760e+000 -8.430052e-001  1.751307e+000 -8.556574e-001 -1.959406e+000  1.310076e+000  1.220484e+000  6.597270e-001  9.423288e-001 -1.798031e-001  2.741630e-001 -2.682057e-001 -1.588390e-001
 7.816176e+000 -1.653977e+001  8.716183e-001  8.704661e+000 -5.486247e+000 -1.537485e+001 -2.678324e+001 -4.204402e+000  2.481573e-001 -2.100210e+000  6.300182e+000 -4.866785e+000  5.454815e+001  6.214770e-001 -2.961655e+000  1.902099e+000 -9.197306e-001 -2.038112e+000  1.390820e+000 -3.328307e+000  9.766754e-001  1.578975e+000 -1.020676e+000  2.125465e+000 -1.440754e+000  1.466402e+000 -1.897092e+000 -9.357438e-002  1.836609e+000 -2.685741e-001 -1.285505e+000  4.261327e-001  1.762151e+000  7.147714e-001  2.435919e-001 -4.307814e-001 -3.768356e-001  1.357509e-001 -2.824296e-001
 7.582836e+000 -1.912103e+001  4.918397e+000  7.243205e+000 -8.596021e+000 -1.471765e+001 -2.892427e+001 -3.493218e+000  4.978916e-001 -3.904944e+000  7.852497e+000 -4.303499e+000  5.600649e+001 -4.514565e-001 -2.282514e+000  3.779323e+000 -9.556268e-001 -3.000654e+000  1.642307e+000 -2.045904e+000  1.033004e+000  1.099190e+000 -1.624342e+000  1.169490e+000 -6.036524e-001  1.356442e+000 -1.031657e+000  5.586072e-001  1.445152e+000 -5.224141e-002 -6.148984e-001 -1.389836e-001  1.592358e+000  1.722964e-001 -3.544104e-001 -3.035677e-001 -8.159428e-001  3.177119e-001 -2.658759e-001
 6.600557e+000 -2.113279e+001  9.256905e+000  6.695766e+000 -1.119931e+001 -1.336979e+001 -3.047327e+001 -2.519570e+000  2.589921e+000 -6.166848e+000  9.742586e+000 -7.678168e+000  5.732598e+001 -9.523372e-001 -1.924208e+000  4.485435e+000 -1.063057e+000 -2.678703e+000  5.291187e-001 -3.790855e-001  1.163811e+000 -5.266944e-002 -1.072195e+000 -1.504893e-002 -3.626138e-001  1.115833e+000 -5.017765e-001  6.088101e-001  5.293720e-001 -1.564275e-001 -8.115365e-002 -2.844483e-001  1.148083e+000 -7.129242e-002 -5.919408e-001  2.046327e-001 -8.730345e-001  4.347618e-001 -2.435660e-001
 5.606496e+000 -2.347387e+001  1.456436e+001  5.331092e+000 -1.408103e+001 -1.295883e+001 -3.098114e+001  6.108360e-001 -3.847689e-001 -5.491095e+000  7.578082e+000 -6.093695e+000  5.837490e+001 -1.242000e+000 -1.286059e+000  4.595050e+000 -1.333541e+000 -2.617916e+000  3.427426e-001  7.368487e-001  1.050004e+000 -3.325409e-001 -8.090586e-001 -8.152869e-001 -1.345888e-001  7.916886e-001 -2.856883e-001  7.181956e-001 -1.873216e-001 -1.333998e-001  1.439548e-001 -1.138632e-001  6.531825e-001 -1.722595e-001 -2.928602e-001  3.442256e-001 -4.935262e-001  2.847529e-001 -2.698956e-001
 4.042660e+000 -2.398440e+001  1.847581e+001  4.345432e+000 -1.613726e+001 -1.360867e+001 -2.765024e+001 -4.373749e-001  4.261403e-001 -6.668109e+000  6.362145e+000 -5.784755e+000  5.894311e+001 -1.492134e+000 -4.158321e-001  4.141095e+000 -1.512911e+000 -2.635249e+000  6.183607e-001  1.020731e+000  6.117132e-001 -6.648633e-001 -4.051546e-001 -1.247319e+000  4.985235e-001  5.309483e-001 -1.445869e-001  7.744423e-001 -6.758299e-001 -2.703128e-002  2.318990e-001  1.331087e-001  7.674170e-002 -2.001346e-001  1.096742e-001  2.717534e-001 -2.518092e-002  2.483234e-001 -2.554618e-001
 2.651786e+000 -2.412552e+001  2.328419e+001  1.750667e+000 -1.921663e+001 -1.288450e+001 -2.665155e+001  7.157056e-001 -8.292259e-002 -7.699607e+000  5.466283e+000 -5.923149e+000  5.915637e+001 -1.610000e+000  5.542765e-001  3.014885e+000 -1.397699e+000 -2.302607e+000  1.028370e+000  5.201000e-001  4.477550e-001 -5.901383e-002 -2.367340e-001 -6.820062e-001  3.895436e-001  2.994061e-001  4.035013e-002  6.211340e-001 -9.602570e-001  1.028043e-001  4.827912e-001 -2.522570e-002 -1.834601e-001 -7.835230e-002  1.916553e-001  3.325418e-001  1.286477e-001  3.318793e-001 -2.239189e-001
 6.172425e-001 -2.288612e+001  2.560246e+001  9.214221e-001 -2.180776e+001 -1.031515e+001 -2.753441e+001  4.865615e-001 -8.853185e-001 -7.088365e+000  4.561889e+000 -5.270823e+000  5.958999e+001 -1.491272e+000  1.027835e+000  1.896368e+000 -1.166134e+000 -1.676862e+000  8.518489e-001  1.129972e-001  4.642620e-001  3.589380e-001  4.100800e-004 -2.075939e-001  6.169372e-001  8.466530e-002  1.690193e-001  3.282384e-001 -9.231250e-001  1.258287e-001  6.369834e-001 -3.104385e-001 -1.349923e-001  1.188388e-001  6.363726e-002  3.109400e-001  5.844832e-002  3.509898e-001 -1.259102e-001
-7.307940e-001 -2.125162e+001  2.607546e+001  5.460374e-002 -2.275881e+001 -9.463739e+000 -2.843855e+001  2.387643e+000 -2.410863e-002 -6.464637e+000  5.068179e+000 -4.402943e+000  5.954849e+001 -1.040680e+000  1.097777e+000  9.161289e-001 -9.929079e-001 -6.831532e-001  9.987001e-002  2.734154e-001  7.319682e-001  1.138348e-001  6.508679e-001 -6.919111e-001  1.465601e+000 -1.047646e-001  1.941254e-001  1.032014e-001 -6.553827e-001  9.496675e-002  6.006247e-001 -4.191805e-001  8.632869e-002  1.486903e-001 -3.158571e-001  2.272323e-001 -7.559090e-002  2.980453e-001 -6.491547e-003
-1.722410e+000 -2.028217e+001  2.656202e+001 -6.372083e-001 -2.275048e+001 -1.105980e+001 -2.619175e+001  1.047967e+000  2.191423e+000 -7.283544e+000  5.523228e+000 -3.460172e+000  5.917038e+001 -9.316973e-001  9.536096e-001  5.748485e-001 -1.086163e+000 -2.600594e-001 -4.695819e-001  4.691120e-001  1.063801e+000 -4.331013e-001  7.057442e-001 -9.501253e-001  1.715444e+000  1.034824e-001  1.638592e-001  3.399239e-002 -2.817178e-001  7.399382e-002  4.605143e-001 -2.878154e-001  2.934793e-001  1.353854e-002 -4.822115e-001  6.510670e-002 -5.601334e-003  7.227600e-003  3.867550e-002
-1.381789e+000 -1.993862e+001  2.738506e+001 -2.434557e+000 -2.216103e+001 -1.201283e+001 -2.595580e+001  4.094844e+000 -1.052119e+000 -4.347678e+000  1.526058e+000  4.995305e-001  5.884235e+001 -9.191601e-001  1.107396e+000  3.987318e-001 -9.628506e-001 -7.885551e-003 -4.068174e-001  7.736861e-001  8.914372e-001 -1.242280e+000  5.467606e-001 -6.886950e-001  1.330517e+000  2.575397e-001  1.048662e-001  7.992616e-002  3.552352e-002  1.646196e-001  3.120656e-001 -1.243057e-001  4.662347e-001 -3.583255e-001 -1.446812e-001 -2.627609e-001  3.352589e-001 -4.169101e-001 -6.648918e-002
-3.715746e+000 -1.877458e+001  2.782191e+001 -3.264813e+000 -2.340695e+001 -1.138852e+001 -2.643023e+001  4.951964e+000 -2.536820e+000 -4.618123e+000  1.582323e+000  8.551591e-001  6.046047e+001 -7.327359e-001  1.192987e+000  7.464777e-001 -8.111940e-001  2.880753e-001 -3.338845e-001  1.330258e+000  4.522202e-001 -1.374062e+000  3.779972e-001 -2.372086e-001  7.206174e-001  9.689064e-002  2.158677e-001  5.605733e-002  2.286037e-001  2.487013e-001  3.413152e-001 -1.639263e-001  5.839033e-001 -6.211616e-001  2.304835e-001 -3.780374e-001  3.962336e-001 -4.250471e-001 -3.346043e-001
-4.329926e+000 -1.646844e+001  2.743918e+001 -3.445847e+000 -2.247001e+001 -1.133347e+001 -2.445088e+001  4.892830e+000 -3.871386e+000 -5.063544e+000  3.595156e+000  9.197435e-002  6.019114e+001 -6.158297e-001  1.377719e+000  1.007932e+000 -3.072945e-001  6.031076e-001 -5.895069e-001  2.174016e+000 -7.538692e-001 -1.390905e-001 -4.990632e-001  6.279251e-001 -1.215359e-001 -4.339146e-001  3.226243e-001 -1.173692e-001  3.184281e-001  2.699786e-001  1.559976e-001 -1.575737e-001  2.293011e-001 -5.373380e-001  4.406951e-001 -3.712504e-001  3.085270e-001 -2.750863e-001 -4.594377e-001
-3.912020e+000 -1.605232e+001  3.026735e+001 -4.187533e+000 -2.115561e+001 -1.306891e+001 -2.029292e+001  2.910075e+000 -3.269255e+000 -5.035624e+000  3.302635e+000  3.466924e-001  5.898044e+001 -4.023933e-003  1.098735e+000  1.413267e+000 -1.704347e-001  1.141020e+000 -1.197869e+000  2.688464e+000 -1.219354e+000  1.677217e-001 -6.615308e-001  3.727327e-001  3.162346e-001 -1.223812e+000  3.043890e-001 -2.621542e-001  1.396923e-001  2.437802e-001 -1.490351e-001  6.495536e-002 -4.782975e-001 -1.673852e-001  2.445413e-001 -2.648562e-001  1.992864e-001 -1.818626e-001 -3.049805e-001
-4.362801e+000 -1.441115e+001  3.120200e+001 -3.509670e+000 -2.027116e+001 -1.412017e+001 -1.815438e+001  1.346443e+000 -1.381355e+000 -6.634243e+000  3.805527e+000  1.460842e-001  5.741280e+001  3.296053e-001  5.676764e-001  1.657478e+000  6.666259e-002  3.456299e-001 -7.626939e-001  1.241089e+000 -9.594654e-001  1.903040e-001 -7.897276e-001  5.489693e-001  1.572767e-001 -1.379298e+000  1.569222e-001 -2.545630e-001 -1.645094e-001  1.967947e-001 -4.285635e-001  3.697214e-001 -9.127432e-001  2.326347e-001 -1.965181e-001  5.691905e-002 -4.297430e-002 -1.004810e-001  5.307000e-002
-3.719429e+000 -1.430955e+001  3.300683e+001 -4.085075e+000 -1.880127e+001 -1.598451e+001 -1.613616e+001  6.283875e-001 -2.943227e+000 -7.140428e+000  3.340801e+000  2.409277e+000  5.573058e+001  3.164915e-001  2.872377e-001  1.120166e+000  2.207284e-001 -3.283615e-001  7.748576e-002 -5.947658e-001 -2.819078e-001 -3.160532e-001 -8.009515e-001  7.987012e-001 -3.281022e-001 -9.553204e-001 -3.945340e-002 -4.302481e-002 -5.077791e-001  2.686752e-001 -5.735472e-001  6.359400e-001 -8.256676e-001  3.384612e-001 -2.198547e-001  1.816867e-001 -8.362789e-002 -3.056442e-001  3.127889e-001
-2.778195e+000 -1.450144e+001  3.435683e+001 -3.163763e+000 -2.191903e+001 -1.368914e+001 -2.032382e+001  1.236346e+000 -3.082880e+000 -7.959780e+000  6.320920e+000 -1.529343e-001  5.491958e+001  8.523774e-003  5.106527e-001  3.319351e-001  4.810975e-001 -8.050192e-001  6.214228e-001 -7.480854e-001 -5.941887e-002 -8.797934e-001 -1.447576e-001  2.000693e-001 -3.017724e-001 -3.028103e-001 -7.099032e-002  2.606573e-001 -6.859384e-001  2.631325e-001 -1.825388e-001  3.393026e-001  7.705858e-002  1.573960e-001 -5.815662e-002  2.232563e-001 -2.899328e-001 -1.610964e-001  1.870766e-001
-3.121866e+000 -1.457099e+001  3.429077e+001 -3.256845e+000 -2.197349e+001 -1.289699e+001 -2.218203e+001  1.555584e+000 -3.998758e+000 -8.377613e+000  6.038445e+000 -1.144309e+000  5.545044e+001 -4.075015e-002  9.121229e-001 -4.628574e-001  9.657241e-001 -1.151392e+000  1.289773e+000 -4.452871e-001  2.292867e-002 -3.965033e-001 -7.558236e-002  1.290433e-001 -9.824618e-001 -1.981110e-001  4.030557e-002  4.526546e-001 -5.492591e-001  1.965881e-001  1.554968e-001 -1.759179e-001  7.877924e-001 -2.813177e-002  5.019725e-002  2.244243e-001 -3.805956e-001  1.218396e-001 -1.652934e-001
-4.618963e+000 -1.172716e+001  3.221971e+001 -1.518297e+000 -2.271015e+001 -1.255681e+001 -1.887187e+001  5.857499e-001 -5.252556e+000 -6.739438e+000  3.457052e+000  4.140156e-001  5.603881e+001  1.532746e-001  1.558521e+000 -9.807022e-001  1.009827e+000 -1.555489e-001  3.276754e-001  1.551642e+000 -3.249038e-001 -6.025407e-002 -3.613072e-002 -5.658656e-001 -3.210254e-001 -8.225193e-001  1.930160e-001  4.075366e-001 -3.276152e-001  4.383685e-002  3.828101e-001 -6.677730e-001  7.831193e-001 -8.129759e-002 -2.693121e-002  2.364666e-001 -3.457154e-001  3.395863e-001 -4.114503e-001
-3.002795e+000 -1.113607e+001  3.176110e+001 -7.918765e-002 -2.416267e+001 -1.010181e+001 -1.908857e+001  1.068329e+000 -3.840905e+000 -8.128510e+000  5.417952e+000 -2.786507e+000  5.418041e+001  4.456439e-001  2.026577e+000 -9.698107e-001  9.393038e-001  1.243872e-001 -6.552299e-001  2.194332e+000 -2.898242e-001 -4.748366e-001  2.668566e-001 -7.213094e-001  2.907222e-001 -1.521933e+000  1.696157e-001  2.207763e-001 -2.109107e-001 -8.002429e-002  3.610697e-001 -8.505803e-001  4.561636e-001 -1.104779e-001 -2.755625e-001  5.052164e-001 -3.451491e-001  3.229643e-001 -2.601097e-001
-2.071357e+000 -8.426298e+000  3.071815e+001  2.965446e-001 -2.160218e+001 -1.344835e+001 -1.411233e+001 -1.445450e-001 -3.463077e+000 -8.264985e+000  3.801839e+000 -9.369627e-001  5.144200e+001  7.304067e-001  1.991109e+000 -1.052664e+000  7.134919e-001  4.711416e-001 -1.744941e+000  1.847701e+000 -3.095304e-001 -9.752828e-001  8.663558e-001 -1.103332e+000  7.595673e-001 -1.698151e+000  3.424918e-002 -8.715980e-002 -8.434932e-002 -2.342308e-001  5.886400e-002 -3.338747e-001 -2.389820e-001  5.964787e-002 -2.565310e-001  4.730969e-001  1.905859e-003 -1.125757e-001  1.367139e-001
-2.167449e+000 -6.088537e+000  3.019249e+001  5.322530e-001 -2.190553e+001 -1.572738e+001 -1.359014e+001  4.716106e-001 -7.267681e+000 -6.280557e+000  2.259505e+000  9.847907e-001  5.013919e+001  5.187624e-001  1.799710e+000 -1.481430e+000  7.137704e-001  3.406116e-001 -1.926821e+000  1.687502e+000 -5.371476e-001 -1.316802e+000  1.999256e+000 -1.327969e+000  9.206360e-002 -1.060844e+000 -1.777026e-001 -3.916566e-001 -4.107533e-002 -2.659270e-001  1.093814e-001  1.631704e-001 -3.528453e-001  2.970046e-002  2.836184e-001  3.286326e-002  4.473666e-001 -6.421975e-001  4.741971e-001
-1.384603e+000 -4.295386e+000  2.774069e+001  1.743442e+000 -2.148301e+001 -1.846873e+001 -1.238258e+001 -6.635427e-001 -8.415582e+000 -3.331636e+000 -4.803826e-001  2.326203e+000  4.956867e+001  2.879612e-001  1.236155e+000 -1.146639e+000 -4.856011e-002  3.065891e-002 -7.059029e-001  6.101475e-001  9.699731e-002 -9.219266e-001  1.463154e+000 -2.530064e-001 -7.845747e-001 -3.694943e-001 -3.281885e-001 -4.927984e-001  1.454128e-001 -3.591147e-001  2.304183e-001  3.932979e-001 -3.472173e-003  8.143679e-002  7.596591e-001 -4.827819e-001  5.542117e-001 -6.810603e-001  4.980605e-001
-7.523609e-001 -4.202977e+000  2.584268e+001  2.766216e+000 -2.251920e+001 -1.722572e+001 -1.151594e+001 -1.357911e+000 -7.948660e+000 -5.989031e-001  9.192170e-001 -3.957772e+000  4.981286e+001 -2.216464e-001  4.457706e-001 -1.128200e+000 -9.305442e-003  8.915358e-001 -3.588968e-001  1.048882e+000 -3.445857e-001  9.165775e-001  1.327738e-001  1.090361e+000 -2.148195e+000  1.847248e-001 -4.061867e-001 -6.236815e-001  5.909034e-001 -5.347518e-001  4.546800e-001  3.747320e-001  1.173188e-001  2.815726e-001  7.026011e-001 -7.161881e-001  2.698035e-001 -1.103117e-002  3.600750e-001
-1.339095e+000 -3.188303e+000  2.715986e+001 -1.063237e+000 -2.114206e+001 -1.622869e+001 -1.209870e+001  1.255202e+000 -7.732220e+000 -3.790043e+000  3.206951e+000 -2.388555e+000  4.975769e+001 -5.403315e-001  2.040867e-001 -5.022152e-001 -7.205437e-001  1.347771e+000 -5.624134e-001  2.149650e+000  1.372626e-003  1.706323e+000 -6.143126e-001  4.585617e-001 -1.525605e+000  1.693672e-001 -2.832980e-001 -5.407549e-001  6.312764e-001 -3.562321e-001  4.115086e-001  3.697785e-001  1.472089e-001  4.907684e-001  3.602345e-002 -3.413280e-001 -3.031395e-001  5.875948e-001  1.221251e-001
-3.298435e+000 -4.413226e+000  2.484191e+001  1.889065e+000 -1.761833e+001 -1.864188e+001 -8.487666e+000 -2.210690e+000 -3.026474e+000 -5.387484e+000  5.867644e+000 -7.398803e+000  5.096830e+001 -1.098025e+000 -8.026637e-001  1.150875e+000 -1.623997e+000  1.955455e+000 -1.249052e-001  1.504344e+000  9.185277e-001  8.820792e-001 -5.429509e-001 -3.347356e-001  4.074228e-001  4.701004e-001 -3.685981e-004 -2.064063e-001  5.137553e-001 -1.814019e-001 -5.602884e-003  6.569745e-001 -2.594647e-001  8.812158e-001 -7.256577e-001  5.252369e-002 -6.888536e-001  9.651806e-001 -1.417523e-001
-2.813223e+000 -3.169828e+000  2.573000e+001 -1.420702e+000 -1.719459e+001 -2.057272e+001 -3.148466e+000 -2.302896e-001 -2.345059e+000 -4.008909e+000 -6.617877e-001 -3.581306e+000  4.983779e+001 -6.903398e-001 -8.434024e-001  8.702055e-001 -1.022375e+000  1.556242e+000  1.025994e+000  1.118461e+000  1.919283e+000 -7.245602e-001  9.437601e-002 -1.056155e+000  8.755905e-001  9.844361e-002  1.751781e-001  2.461088e-001 -1.607943e-001  3.284035e-001 -2.623064e-001  7.356572e-001 -2.297688e-001  7.421927e-001 -5.213495e-001  8.954459e-002 -1.936035e-001  5.814011e-001 -3.207604e-001
-5.505421e+000 -8.225533e+000  3.231199e+001 -5.175036e+000 -1.471566e+001 -1.567823e+001 -8.469329e+000  3.977474e+000 -6.231844e+000 -3.204224e+000  1.179908e+000 -1.324282e+000  5.212331e+001 -1.484853e-001 -6.251641e-002  7.543665e-001 -7.653993e-001  7.592858e-001  2.131772e+000  2.671534e-001  3.102538e+000 -1.496269e+000  4.104795e-002 -1.596548e+000  1.477111e+000 -4.885750e-001  2.502718e-001  8.042279e-001 -1.111960e+000  6.815916e-001 -1.194814e-001  5.023450e-001  5.501121e-001  3.054354e-001  6.201833e-001  1.061427e-001  1.251809e-001  6.168609e-002 -5.800523e-001
-3.687301e+000 -5.499162e+000  2.777585e+001 -2.643061e+000 -1.481218e+001 -1.258055e+001 -6.515561e+000  7.757533e+000 -9.752336e+000 -4.409792e+000  2.700413e-001 -1.047863e+000  4.967241e+001 -1.392109e-001  1.064557e+000 -1.107932e+000  4.921751e-001  6.343239e-001  1.987534e+000  1.619402e+000  2.620331e+000  2.887498e-001 -4.585891e-001  1.214506e-001  8.465565e-001 -9.550972e-001  1.025027e-001  7.304655e-001 -1.396094e+000  6.243812e-001  4.309683e-001  7.258908e-002  7.148689e-001 -3.612725e-001  1.450822e+000  1.231484e-001  4.294924e-001 -1.473122e-001 -4.189923e-001
-3.603822e+000 -3.561141e+000  2.759082e+001 -1.326752e+000 -1.501310e+001 -1.197911e+001 -5.468351e+000  9.308088e+000 -6.804182e+000 -4.981802e+000 -2.581012e+000 -1.279971e+000  4.860812e+001 -1.222300e-001  2.264496e+000 -3.419858e+000  1.026686e+000  1.819007e+000  1.906050e+000  4.004435e+000  2.095181e+000  3.476341e+000  2.642450e-001 -2.976339e-001  7.303703e-001 -1.903391e+000 -7.320786e-002  2.457379e-001 -1.157141e+000  4.160691e-001  1.074337e+000  4.265308e-002  1.012755e-001 -1.127800e+000  1.359749e+000  2.998444e-001  2.473359e-001 -2.103865e-001 -1.110965e-001
-4.460077e+000 -1.792395e-001  2.255092e+001 -8.839685e-001 -1.387424e+001 -1.248462e+001  3.448054e+000  1.020606e+001 -6.151406e-001 -5.413065e+000  1.825926e+000  6.293211e-001  4.681990e+001 -1.909541e-001  1.645419e+000 -4.023150e+000  1.203488e+000  3.181223e+000  1.501800e+000  2.824165e+000  6.165992e-001  4.043245e+000  5.985197e-001  4.418495e-001  5.123997e-001 -1.289110e+000 -1.069366e-001 -2.660542e-001 -3.013411e-001 -1.088607e-002  1.112180e+000  3.243968e-001 -1.247937e+000 -1.213735e+000  3.197803e-001  8.927232e-002 -5.220743e-001 -2.581701e-001  1.528981e-001
-5.730183e+000  4.369869e-001  1.782516e+001 -9.211503e-001 -6.089590e+000 -6.195948e+000  6.571037e+000  1.322911e+001  6.581260e+000 -1.381363e+000 -1.086203e+000  1.488977e+000  4.403261e+001 -4.886530e-001  8.757420e-001 -3.573728e+000  9.592894e-001  4.857523e+000  2.587904e+000  1.711496e-001 -1.534594e+000  3.425229e+000  1.011716e+000 -5.200684e-001  5.922564e-001 -8.770512e-001 -1.618015e-001 -4.133898e-001  3.852824e-001 -1.725278e-001  2.557027e-001  4.416990e-001 -1.741815e+000 -9.790074e-001 -8.825372e-001 -5.989405e-001 -5.251218e-001 -5.180826e-001  1.227182e-001
-3.578892e+000  7.288682e-001  1.254293e+001  3.171580e+000 -3.367825e+000 -7.963126e+000  1.585570e+000  8.880016e+000  3.771170e+000 -3.217414e+000  1.731884e+000  1.296613e-001  4.551461e+001 -4.906825e-001  4.286631e-001 -2.537703e+000  4.714433e-001  4.675966e+000  3.268590e+000 -2.703643e+000 -1.633455e+000  1.913207e+000 -3.859628e-001 -2.377703e+000 -3.752370e-001 -7.037765e-001 -1.721079e-001 -7.533474e-002  5.091949e-001 -2.243837e-001 -8.021742e-001  5.092334e-001 -9.107131e-001 -5.271496e-001 -1.225996e+000 -7.398754e-001 -2.180079e-001 -5.261974e-001 -3.353293e-001
-6.487680e+000  3.635151e-001  1.472617e+001  1.441921e+000  4.021302e+000 -1.300329e+000 -3.681361e+000  2.298137e+000  8.128808e+000 -1.021050e+000 -5.134334e+000  1.931141e+000  4.487551e+001 -7.813735e-001  8.059251e-001 -2.236170e+000  5.300698e-001  2.350149e+000  3.231150e+000 -1.940739e+000 -1.674829e+000  1.286736e-001 -2.238216e+000 -1.513466e+000 -1.416224e+000 -1.582466e+000 -5.585675e-002  1.347623e-002  1.405949e-001 -2.291063e-001 -1.796544e+000 -2.027330e-001  2.450509e-001  2.181558e-001 -1.268823e+000 -1.822560e-001  1.172060e+000 -3.083174e-001 -4.474862e-001
-6.534741e+000  2.000812e+000  1.141190e+001  2.917124e-001  4.450142e+000  1.410527e+000 -4.943962e+000  7.504270e+000  8.177121e+000 -7.523036e+000 -8.038527e+000 -1.467946e+000  4.287957e+001 -9.051331e-001  1.303653e+000 -2.145955e+000  2.961799e-001  4.240392e-001  3.726345e+000 -6.734568e-001 -1.949031e+000 -4.384596e-001 -1.475892e+000 -1.514913e-001 -1.114347e+000 -2.613049e+000 -5.566793e-002 -3.080371e-001 -2.008970e-002 -4.724845e-001 -1.703772e+000 -8.083833e-001  9.727150e-001  4.604793e-001 -6.499808e-001  8.022956e-001  1.903512e+000  1.554959e-001 -9.459098e-002
-8.159125e+000  3.830641e+000  7.209821e+000  3.169133e+000  1.752172e+000  5.272975e+000  1.321097e-001  5.542841e+000  5.021653e+000 -1.041963e+001 -3.768330e+000 -4.793342e+000  3.743780e+001 -5.607114e-001  5.056279e-001 -3.066628e+000 -9.861045e-002 -1.999233e+000  1.345362e+000  3.813112e-001 -2.860273e-001 -1.743052e+000  6.454002e-001  4.227126e+000 -5.797755e-001 -2.159846e+000 -6.731599e-002 -8.624810e-001  1.389144e-001 -8.742878e-001 -6.965270e-001 -1.235007e+000  6.590421e-001  6.501878e-001  4.025252e-001  1.479838e+000  1.412771e+000  2.148028e-001  5.534982e-001
-7.268835e+000  5.513573e+000  5.571332e+000  3.788873e+000 -1.130639e-001  7.381945e+000 -3.688450e+000 -2.487492e+000  3.132450e+000 -5.897581e+000  2.914259e-001 -2.079832e+000  3.616822e+001 -8.793532e-001 -9.613736e-001 -2.222922e+000 -1.576639e+000 -1.668202e+000  1.695680e-001  9.989073e-001 -2.545962e-002 -4.008342e-001  2.183707e+000  4.269559e+000 -1.598204e-002 -8.880417e-001 -9.835570e-002 -8.335146e-001  4.326736e-001 -7.776675e-001  1.723699e-001 -1.444952e+000  3.812329e-002  6.566375e-001  1.115787e+000  9.158658e-001  3.993466e-002 -1.003174e-001  7.332548e-001
-8.924191e+000  1.135274e+000  2.313317e+000 -7.997118e-001 -3.693262e+000  2.440773e+000 -2.402561e+000  5.863882e+000  1.935885e+000  1.393223e+000  1.183632e+001 -6.617938e-001  3.743195e+001 -1.130843e+000 -2.373966e+000 -1.503114e+000 -2.904960e+000 -8.636519e-002 -1.165499e+000  5.182899e-001  6.143245e-001  2.122487e+000  3.331175e+000  3.339865e+000 -8.913929e-001  3.225208e-001 -2.505803e-002 -6.406482e-002  5.048026e-001  1.111358e-001  8.492349e-001 -7.264265e-001 -3.465765e-001 -4.228473e-002  9.509081e-001 -4.820496e-002 -1.685874e+000 -3.731862e-001  2.681332e-001
-1.054897e+001 -1.458373e+000  2.745542e+000 -5.607061e+000 -1.168150e+000  3.674468e+000  1.317910e+000  7.216452e+000  7.715834e+000 -2.510927e+000  5.506948e+000 -3.613630e+000  3.844228e+001 -1.111846e+000 -1.424122e+000 -7.643434e-001 -2.188983e+000  3.294546e-001 -2.242982e+000 -5.513297e-001  8.839808e-001  3.207706e+000  1.760550e+000  4.918125e-001 -1.460125e+000 -1.879585e-001  1.058685e-001  7.186704e-001  1.892948e-001  9.559819e-001  4.637856e-001 -2.157218e-001 -2.560907e-001 -1.977531e-001 -2.438428e-001 -7.630791e-001 -1.775325e+000 -1.274885e-001 -3.799482e-001
-1.217327e+001 -4.553218e+000  1.107145e+000 -6.657698e+000  1.847889e+000  1.299218e+000  2.203791e-001  3.762492e+000  1.334239e+001  4.542915e+000  1.032323e+001 -8.483407e+000  3.791337e+001 -5.697554e-001  4.166782e-001 -1.271904e+000  7.632406e-001  1.248113e+000 -1.080495e+000 -5.764526e-001 -9.521711e-001  1.207219e+000  6.159542e-001 -2.313371e+000 -1.723635e+000 -1.169222e+000  1.554944e-001  1.048719e+000  1.727297e-001  1.127964e+000 -1.623074e-001  1.856363e-001  7.126367e-002 -4.547168e-001 -1.494726e+000 -9.732844e-001 -9.776258e-001  8.312263e-001 -6.407068e-001
-1.120352e+001  1.237207e+000  2.352700e+000 -4.227049e+000 -1.236366e+000 -3.262190e+000 -7.756569e+000  2.983107e+000  1.346772e+001  1.330321e+000  3.507031e+000 -5.469651e+000  3.498772e+001 -6.305549e-001  1.236656e+000 -1.392053e+000  1.369170e+000 -1.651280e-002 -9.515431e-001  2.658252e-001 -2.309773e-001 -1.162414e+000 -2.740778e-001 -1.780448e+000 -2.373033e-001 -2.041912e+000  2.897730e-002  3.385074e-001  2.993025e-001  4.583608e-001 -2.821783e-001  3.075697e-001  4.094693e-001 -4.193311e-001 -1.418851e+000 -3.896383e-001  3.435928e-001  1.064403e+000 -2.886925e-001
-1.144569e+001  1.870875e+000 -3.849785e+000  2.326485e+000  2.581411e+000  5.066252e-001 -7.475849e-001  3.219699e+000  5.096033e+000  2.552370e+000  1.269421e+000 -8.351958e+000  3.331313e+001 -5.940168e-001  1.539242e+000 -3.256104e-001  9.557834e-001 -7.249182e-001 -8.830373e-001  4.660308e-001 -1.101780e+000 -3.166085e+000 -5.179334e-001 -4.121344e-001  2.653327e+000 -1.954037e+000 -1.635553e-001 -3.156407e-001  6.929662e-001 -2.098619e-001 -1.561399e-001  2.709914e-001  2.154495e-001  3.987980e-002 -3.079439e-001  1.016615e-001  8.456550e-001  7.466753e-001  1.330986e-001
-1.406554e+001  1.512860e+000 -1.736259e+000 -3.253303e+000 -1.617475e+000 -6.869505e-001  3.131018e+000  6.332962e+000  6.026945e+000 -2.886044e+000  1.131613e+000 -4.865871e+000  3.053284e+001 -9.548284e-001 -2.928670e-001  2.590220e-001  6.549763e-003 -9.492147e-002 -8.038629e-001  9.747750e-001 -1.137870e+000 -1.699897e+000  3.793018e-001  1.259158e+000  1.673407e+000 -1.239014e+000 -1.417179e-001 -5.917944e-001  4.383420e-001  3.707287e-002  5.232691e-001  6.701497e-001 -3.178069e-002 -1.287786e-002  4.370246e-001  3.515634e-001  9.690733e-002 -7.986227e-003  4.268061e-001
