32 39
-7.177003e+000  1.965248e+000  4.797603e+000  8.272664e+000 -2.505362e+000 -3.623024e+000 -1.147709e+000 -9.321884e+000 -2.077930e+000  7.481976e+000  2.618378e-001 -1.961578e+000  3.873742e+001  2.187778e+000  1.358887e-001  1.734981e+000  1.644904e+000 -2.258631e+000 -4.133350e+000  1.021496e+000  3.247680e-001 -2.273266e+000  2.837699e+000 -9.797684e-001 -1.711103e+000  1.448438e+000  8.316590e-001 -1.233443e+000 -7.988460e-001 -1.793594e+000  3.636259e-001 -1.096994e-001 -2.376764e-001  8.073984e-001 -3.759136e-001 -3.639410e-001  1.059512e-002 -4.273000e-001  1.288206e+000
-2.478401e+000  3.088314e+000  6.020864e+000  1.158387e+001 -1.349431e+000 -8.991580e+000 -3.142392e+000 -5.522418e+000 -4.942302e+000  5.329860e+000  1.388143e+000 -6.415018e+000  4.242147e+001  2.910929e+000 -1.639882e+000  5.995562e-001 -9.742634e-001 -1.319316e+000 -4.165733e+000 -7.355989e-001  1.283684e+000 -2.699279e+000  1.570432e+000 -1.375725e+000 -2.627317e+000  2.998269e+000  2.972080e-001 -9.935403e-001 -9.139397e-001 -1.594930e+000  7.138247e-001  5.968999e-001 -1.187533e+000 -9.273290e-002 -5.302444e-002 -9.021801e-001  4.875468e-001  1.224630e-001  6.569825e-001
-1.021951e+000 -3.774070e+000  1.088554e+001  1.552726e+000  5.144607e-001 -1.141761e+001 -7.623378e+000 -1.441619e+000 -1.020097e+001  1.075420e+001 -2.063610e+000 -1.167142e+001  5.100786e+001  3.078207e+000 -2.157857e+000 -9.747410e-002 -1.723005e+000  3.345237e-001 -2.214058e+000 -3.546500e+000  2.250478e-001 -1.952164e+000  2.787920e-001  4.178363e-001 -2.552321e+000  3.083745e+000 -2.510453e-001 -2.644751e-001 -7.858530e-001 -2.473585e-001  6.057760e-001  1.117375e+000 -1.031857e+000 -7.181981e-001  6.306576e-001 -1.124927e+000  1.090091e+000  6.276985e-001 -4.113585e-001
 2.383648e+000 -4.775566e+000  8.040992e+000  6.931136e-001 -3.781689e-001 -1.143326e+001 -1.404802e+001 -4.717268e+000 -1.057922e+001  1.046007e+001 -1.121321e+000 -1.287798e+001  5.132532e+001  1.943500e+000 -1.892882e+000 -1.126308e+000 -1.147035e+000  2.370726e-001 -1.116987e+000 -3.394042e+000 -1.477669e+000 -7.530599e-001 -6.116840e-001  1.682139e+000 -8.084549e-001  1.636958e+000 -7.409595e-001  3.341732e-001 -5.331383e-001  1.455324e-001  5.526575e-001  9.849024e-001  4.810895e-002 -5.871433e-001  6.961681e-001 -7.125419e-001  8.250712e-001  1.026666e+000 -7.316334e-001
 5.783010e+000 -4.892098e+000  3.300169e+000  5.103018e+000 -1.318375e+000 -1.347248e+001 -1.342739e+001 -8.599220e+000 -9.020291e+000  6.310831e+000  3.605751e+000 -1.149170e+001  4.970422e+001  1.416267e+000 -1.059987e+000 -1.331352e+000  4.944975e-001 -7.945349e-003 -7.084589e-002 -2.808567e+000 -1.885546e+000 -9.308767e-002 -1.695877e+000  2.941755e+000  5.179586e-001  7.230072e-002 -1.021759e+000  4.816612e-001 -4.613270e-001 -5.510554e-001  6.495501e-001  5.439672e-001  8.621447e-001  3.456600e-001  7.512200e-001 -7.387682e-002 -9.649844e-002  8.199115e-001 -2.694395e-001
 3.836617e+000 -5.817080e+000  4.182011e+000  4.073551e+000  7.523499e-001 -1.354909e+001 -1.721060e+001 -9.331962e+000 -9.297940e+000  4.493125e+000  6.964158e+000 -1.054715e+001  5.125809e+001  3.710194e-002 -5.179512e-001 -1.449196e+000 -1.355353e+000  1.615206e+000 -3.128271e-001 -8.640207e-001 -5.967353e-001 -1.479768e-001 -1.004943e+000  1.487671e+000  9.708746e-001  8.458236e-001 -6.454488e-001  1.414606e-001 -3.966395e-001 -1.255483e+000  5.137618e-001  5.630089e-001  8.633291e-001  1.338255e+000  1.078997e+000  2.803115e-001 -9.520876e-001  2.614049e-001  2.824959e-001
 5.332897e+000 -8.553246e+000  6.158268e+000  2.334995e+000 -9.052543e-002 -1.071393e+001 -2.008493e+001 -8.562001e+000 -1.130705e+001  5.258288e+000  8.602425e+000 -1.024705e+001  5.140298e+001 -1.077390e+000 -4.370169e-001 -2.242665e+000 -4.374123e+000  2.893208e+000  1.036981e-001 -5.007876e-001  1.512881e+000  1.501395e+000  1.060373e-001  3.257799e-002  6.575712e-001  2.132114e+000 -2.824314e-001 -2.830195e-001 -2.335945e-001 -1.374755e+000 -8.588216e-002  8.507503e-001  5.192869e-001  1.637372e+000  1.192735e+000  3.360921e-001 -1.370862e+000 -1.931408e-003  4.658226e-001
 2.794214e+000 -5.534748e+000 -6.340383e-001 -4.699638e+000  7.083936e+000 -1.437667e+001 -1.503936e+001 -7.719554e+000 -1.017573e+001  5.961626e+000  3.818698e+000 -8.645938e+000  5.470506e+001 -3.691589e-002 -1.497064e+000 -2.653848e+000 -4.990141e+000  1.355305e+000  1.610785e+000 -2.312868e-001  3.514395e+000  3.844683e+000 -1.110838e-001 -1.623711e+000  4.287633e-001  2.019531e+000  1.461743e-001 -5.584732e-001  3.262396e-001 -2.213691e-001 -1.236444e+000  1.375222e+000 -1.224362e-001  1.169706e+000  6.602808e-001  2.964967e-002 -8.706600e-001 -5.985770e-002  2.361658e-002
 9.172614e-001 -7.218349e+000 -5.505132e+000 -1.238100e+001  9.981872e+000 -1.254020e+001 -1.701695e+001 -1.841019e+000 -1.074426e+000  6.106768e+000  5.341371e+000 -9.154454e+000  5.864131e+001  4.111869e-002 -1.985528e+000 -1.896998e+000 -4.561885e+000 -3.074056e-001  3.221100e+000 -5.284997e-001  4.245749e+000  3.874257e+000 -4.623464e-001 -2.356864e+000  7.793573e-001  1.814560e+000  2.050191e-001 -3.691314e-001  8.404974e-001  1.004091e+000 -1.703115e+000  1.304403e+000 -2.169704e-001  1.603970e-001 -6.619304e-001 -1.422739e-001 -3.108164e-001  2.789119e-002 -3.748640e-001
 5.859855e+000 -1.396985e+001 -3.255531e+000 -1.351916e+001  2.492675e+000 -4.582026e+000 -1.990102e+001  4.879520e+000  4.809165e+000  3.513467e+000  4.761320e-001 -8.949632e+000  5.773658e+001  2.087189e-001 -2.536062e+000  9.168494e-003 -2.368317e+000 -2.966709e+000  5.004584e+000 -1.462345e+000  3.885360e+000  1.966996e+000 -5.725027e-001 -1.670907e+000  6.106931e-001  1.122684e+000 -2.237956e-001  1.969252e-001  8.058472e-001  1.289195e+000 -8.769411e-001  4.383866e-001  2.086391e-002 -9.442681e-001 -1.527878e+000  3.586309e-002  3.474577e-001 -1.098050e-002 -3.312444e-001
 4.005670e+000 -1.426334e+001 -2.015977e+000 -1.606467e+001  6.680771e-001  4.942485e-001 -2.029660e+001  6.367205e+000  5.717907e-001  4.170636e+000 -1.510615e+000 -6.198412e+000  5.896002e+001 -1.751119e-001 -1.763175e+000  6.283132e-001 -6.645800e-001 -3.461358e+000  4.928815e+000 -9.701101e-001  2.129383e+000 -8.694142e-001 -3.746226e-001 -1.497906e+000  7.060623e-001  7.062179e-001 -2.329794e-001  4.365588e-001  4.291544e-001  1.077960e+000  8.976563e-002 -5.368447e-001  3.842691e-001 -1.466164e+000 -1.162924e+000  1.562010e-001  6.569048e-001 -2.449510e-001 -2.590430e-001
 2.293604e+000 -1.469256e+001 -2.332773e+000 -1.469939e+001 -3.092713e+000  4.129032e+000 -2.071127e+001  7.603136e+000 -1.163853e+000  4.067178e+000 -1.109846e+000 -7.070493e+000  6.015912e+001 -1.047778e+000 -6.236143e-001  1.127321e-001 -4.928170e-001 -1.452425e+000  2.948861e+000  9.383793e-002 -1.487632e-001 -1.422872e+000  2.436969e-002 -3.159014e-001  4.105083e-001  9.174801e-001 -8.202492e-002  4.193732e-001  6.865539e-002  5.030397e-001  9.034544e-001 -1.256110e+000  5.224044e-001 -1.318401e+000 -3.136258e-001  2.373305e-001  5.041557e-001 -2.926269e-001 -1.444824e-001
 1.824827e+000 -1.567287e+001 -2.824944e+000 -1.511379e+001 -4.532223e+000  7.748350e+000 -2.146238e+001  7.444088e+000 -2.434987e+000  3.956799e+000 -1.355169e+000 -6.563712e+000  6.096113e+001 -4.955296e-001 -7.589577e-001  1.969921e-001 -1.098354e-001 -6.157197e-001  1.564737e+000  6.147541e-001 -1.068009e+000 -2.454302e-001  2.022226e-002  2.501564e-001 -3.453053e-001  6.219467e-001  1.687368e-001  1.216806e-001  8.162402e-002  3.084148e-001  8.022321e-001 -1.306164e+000  2.012178e-001 -6.146542e-001  4.567508e-001  1.321364e-001  3.118351e-001 -3.171354e-001 -1.182462e-001
 1.711384e+000 -1.638315e+001 -2.287387e+000 -1.645868e+001 -2.169300e+000  6.535228e+000 -1.884894e+001  3.597263e+000 -8.018047e-001  3.742234e+000 -1.181098e+000 -6.714440e+000  6.132343e+001 -4.119682e-002 -9.413040e-001  5.681060e-001 -1.304908e-001  1.277434e-001  4.060710e-001  3.572445e-001 -1.107946e+000  8.687506e-002  4.167273e-001 -2.416013e-002 -3.267578e-001  4.424076e-001  2.992524e-001 -8.043480e-002  2.050971e-001  4.375566e-001  2.588795e-001 -1.094718e+000 -1.561566e-001  1.932554e-001  5.744157e-001 -7.013209e-002 -9.025694e-002 -1.673230e-001 -1.428582e-001
 1.819132e+000 -1.721283e+001 -1.053710e+000 -1.573420e+001 -2.872228e+000  7.114838e+000 -1.815399e+001  3.030097e+000 -8.363843e-001  4.434219e+000 -2.242069e-001 -8.102965e+000  6.148760e+001  1.652814e-001 -9.959270e-001  8.087464e-001  6.963307e-001 -2.402811e-001 -3.306077e-001 -9.572430e-002 -4.642965e-001  6.594660e-001  8.988054e-002 -8.460063e-002 -5.109814e-001  3.525234e-001  1.312425e-001 -9.654653e-003  1.564368e-001  4.907719e-001  6.767313e-002 -1.136093e+000 -2.194243e-001  5.758663e-001  4.626332e-001 -3.553202e-001 -2.370682e-001 -3.461887e-002 -9.667876e-002
 2.090468e+000 -1.862910e+001 -3.778603e-001 -1.504164e+001 -3.283994e+000  6.476143e+000 -2.057924e+001  4.270400e+000 -1.528779e+000  5.912105e+000 -1.796128e+000 -7.934656e+000  6.210792e+001  1.180781e-001 -9.073036e-001  8.323407e-001  1.291883e+000 -3.457466e-001 -1.577057e+000 -3.317059e-001  5.156578e-001  9.967589e-001 -3.611199e-001 -5.998076e-001 -3.432688e-001  3.379009e-001  3.147807e-003  1.433648e-001  9.789650e-002  5.300054e-001 -5.692494e-002 -1.123274e+000 -2.007242e-002  7.212189e-001  2.762403e-001 -4.999593e-001 -1.676166e-001 -2.901949e-002 -1.317618e-001
 2.461692e+000 -1.952953e+001  2.640245e-001 -1.234066e+001 -5.176281e+000  6.124854e+000 -2.107585e+001  4.786037e+000  1.225830e+000  3.321266e+000 -1.470657e+000 -8.508512e+000  6.233150e+001  8.104521e-002 -8.242311e-001  8.470587e-001  1.632837e+000 -4.060902e-002 -3.124166e+000 -1.378922e-001  9.995209e-001  1.612794e+000 -1.367455e+000 -6.473607e-001 -5.101442e-001  1.908062e-001 -4.281450e-002  2.998480e-001  1.180444e-001  3.076908e-001 -7.909220e-002 -9.388214e-001  1.234246e-001  7.436710e-001 -2.355667e-001 -2.362044e-001 -1.682844e-001  1.526040e-001 -2.035085e-001
 1.980494e+000 -1.976132e+001  1.215449e+000 -1.169604e+001 -2.746006e+000 -8.550656e-001 -1.904654e+001  5.297582e+000  3.150882e+000  2.493111e+000 -3.556911e+000 -8.228011e+000  6.259098e+001  1.666031e-002 -3.103281e-001  1.038432e+000  2.051283e+000 -2.567174e-001 -3.813520e+000  2.779663e-001  1.766240e+000  9.914126e-001 -1.354401e+000 -5.808631e-001 -4.722739e-001 -1.355427e-001  4.949835e-003  3.659874e-001  2.313727e-001  4.652766e-002 -2.546833e-001 -3.842605e-001  1.412231e-001  6.118429e-001 -6.617576e-001 -4.644157e-002  6.608060e-002  3.278675e-001 -2.669651e-001
 2.279345e+000 -2.076787e+001  2.384928e+000 -9.242812e+000 -3.344267e+000 -4.840389e+000 -1.960980e+001  7.514111e+000  4.887754e+000 -6.935604e-001 -2.580619e+000 -1.050701e+001  6.220010e+001  1.917779e-003  2.048254e-001  1.295922e+000  1.855085e+000 -6.802567e-001 -3.906483e+000  2.165627e-001  2.628767e+000 -5.156944e-001 -5.945006e-001 -9.354949e-001  3.165413e-001 -4.282970e-001  4.645183e-002  4.060967e-001  2.938861e-001 -2.630320e-001 -3.826928e-001  1.832479e-001  1.936579e-001  2.535335e-001 -8.119076e-001  3.347761e-002  3.435796e-001  4.278187e-001 -2.539112e-001
 2.264943e+000 -1.956157e+001  3.753849e+000 -6.334145e+000 -5.483588e+000 -7.108837e+000 -1.992243e+001  1.173756e+001  1.597322e+000  1.147510e+000 -4.145463e+000 -9.296777e+000  6.149591e+001  1.823910e-001  4.081051e-001  1.764772e+000  1.413398e+000 -1.299339e+000 -3.107201e+000  1.971821e-001  2.760249e+000 -1.247785e+000 -9.798052e-001 -1.253375e-001  8.827260e-001 -6.873730e-001  3.810411e-002  3.750963e-001  1.976810e-001 -5.502958e-001 -1.852250e-001  3.691160e-001  3.796523e-001 -4.366726e-001 -4.438914e-001 -2.009194e-001  6.276684e-001  2.634939e-001 -1.719354e-001
 2.329057e+000 -1.860528e+001  5.474437e+000 -5.746183e+000 -7.208774e+000 -1.028068e+001 -1.955509e+001  1.470988e+001 -5.758616e-001  1.021563e+000 -5.853856e+000 -6.391422e+000  6.073755e+001  2.304390e-001  8.470358e-001  1.953319e+000  6.366200e-001 -1.432762e+000 -2.561086e+000  8.707895e-001  1.770184e+000 -1.327146e+000 -1.387365e+000  8.427746e-001  9.514494e-001 -8.028347e-001  5.909904e-002  4.205852e-001 -9.723850e-002 -4.178589e-001  1.179146e-001  5.564147e-001  2.844087e-001 -9.522207e-001 -3.649964e-002 -3.618483e-001  8.946444e-001 -2.915084e-001 -1.745250e-001
 2.867593e+000 -1.880209e+001  8.494556e+000 -6.377367e+000 -7.310449e+000 -1.367093e+001 -1.808798e+001  1.550094e+001 -3.562342e-001 -3.263477e+000 -2.546980e+000 -5.872174e+000  5.988539e+001  9.292021e-002  1.244048e+000  1.698139e+000 -9.096360e-002 -8.065895e-001 -2.640639e+000  1.849114e+000  1.216850e-002 -8.223188e-001 -1.962566e+000  1.668344e+000  5.277414e-001 -8.079510e-001  1.425521e-001  7.434438e-001 -6.903115e-001  1.685666e-001  4.207601e-001  5.981428e-001  2.308979e-001 -1.428737e+000 -2.771300e-001  2.866697e-001  4.930752e-001 -7.045467e-001 -3.487059e-001
 3.130215e+000 -1.691243e+001  9.781171e+000 -6.038101e+000 -9.594648e+000 -1.436478e+001 -1.617308e+001  1.448334e+001 -7.711971e-001 -5.424894e+000  8.340131e-001 -7.462063e+000  5.899118e+001  3.421484e-001  1.889780e+000  8.430465e-001  5.179708e-001 -3.370587e-001 -1.357691e+000  8.126401e-001 -7.582960e-001 -9.109256e-001 -1.912362e+000  2.640886e+000 -9.635085e-001 -1.240633e+000  2.325300e-001  9.407715e-001 -1.086925e+000  6.721524e-001  5.496024e-001  6.440599e-001  1.330573e-001 -1.530266e+000 -7.615908e-001  1.043964e+000  3.694580e-002 -7.864944e-001 -4.895310e-001
 2.328965e+000 -1.418775e+001  1.009118e+001 -6.643004e+000 -8.323598e+000 -1.826998e+001 -1.236787e+001  1.191168e+001 -2.416605e+000 -5.442091e+000  8.523247e-001 -6.122749e+000  5.832933e+001  8.392967e-001  3.603952e+000 -1.131649e+000  2.315555e+000  2.566094e-001 -7.181846e-001  1.380746e+000 -3.119198e+000 -2.841545e+000  7.160414e-001  1.440983e+000 -1.682528e+000 -2.212003e+000  2.613401e-001  8.554839e-001 -1.043955e+000  7.534777e-001  3.182611e-001  7.328131e-001 -4.066931e-002 -1.147169e+000 -9.085925e-001  1.346163e+000 -9.915292e-002 -6.970746e-001 -4.508093e-001
 4.309113e+000 -1.146355e+001  8.891359e+000 -3.023511e+000 -8.387493e+000 -1.476961e+001 -1.835195e+001  1.271304e+001 -4.100305e+000 -7.450939e+000  5.650922e+000 -1.108368e+001  5.531241e+001  1.019901e+000  4.370941e+000 -2.066413e+000  2.794122e+000  7.836506e-001 -3.020142e-001  1.770260e+000 -4.315462e+000 -4.125487e+000  2.493152e+000  1.141184e+000 -1.875887e+000 -2.548463e+000  7.164992e-002  4.026958e-001 -5.043956e-001  9.998226e-002  6.699681e-002  3.914202e-001  1.157481e-001 -5.306112e-001 -3.204168e-001  8.636580e-001 -1.473175e-001 -1.883970e-001 -1.110040e-001
 6.474628e+000 -3.506774e+000  3.281218e+000  3.693115e+000 -6.630980e+000 -1.705943e+001 -1.009482e+001  7.901002e-001 -1.289941e+001  1.329753e+000  2.249479e+000 -1.247401e+001  5.066476e+001  1.060744e+000  4.280887e+000 -2.066908e+000  2.538349e+000  2.243611e-001  4.955880e-001  1.166958e+000 -3.945091e+000 -3.758001e+000  2.565490e+000  1.922431e+000 -2.501442e+000 -2.408082e+000 -1.769964e-001 -2.418207e-001  2.308908e-001 -7.697386e-001 -1.904932e-001  2.982384e-001 -2.676680e-001  6.503352e-001  7.735791e-001 -4.140525e-001 -3.606653e-002  3.793028e-001  2.906826e-001
 6.156887e+000 -3.982144e-001  2.854087e+000  2.764452e+000 -6.522705e+000 -1.648012e+001 -8.458302e+000 -1.533183e+000 -1.615723e+001  3.654942e+000  5.841357e+000 -1.366587e+001  5.008115e+001  5.896741e-001  3.564791e+000 -1.211302e+000  9.064852e-001  1.404944e-002 -7.476234e-003  1.498275e+000 -2.998405e+000 -2.054782e+000  1.481204e+000  1.663575e+000 -1.496037e+000 -1.697613e+000 -3.142980e-001 -3.953931e-001  5.774375e-001 -1.023236e+000 -1.520743e-001  1.151952e-001 -1.964489e-001  1.220616e+000  1.220485e+000 -1.136551e+000 -5.292059e-001  8.478124e-001  2.986793e-001
 6.708800e+000  1.684016e+000  2.775273e+000  3.154761e+000 -8.134187e+000 -1.493678e+001 -1.147990e+001 -6.906715e-001 -1.517815e+001  1.832419e+000  1.036926e+001 -1.733886e+001  4.890455e+001  1.694280e-001  2.797923e+000 -4.047504e-001 -5.893192e-001 -3.110563e-001  6.257383e-001  1.783987e-001 -5.260507e-001 -9.002400e-003 -8.482469e-001  9.994550e-001  2.406015e-002 -1.184015e+000 -4.768571e-001 -2.250820e-001  5.989125e-001 -7.648914e-001  1.114369e-001 -1.253050e-001  1.544754e-001  1.120027e+000  1.080122e+000 -9.558133e-001 -1.097783e+000  1.066136e+000  4.204569e-002
 7.140397e+000  3.765011e+000  3.087822e+000  1.778092e+000 -7.565642e+000 -1.586831e+001 -1.016803e+001 -1.538605e+000 -1.323484e+001 -2.962534e-001  9.908905e+000 -1.613144e+001  4.770445e+001 -1.059312e-001  3.135458e+000 -1.030431e-002 -7.582228e-001  2.909876e-001  2.088865e-001  1.282295e+000  7.809918e-002  1.024377e-001 -1.482732e+000 -1.043358e+000  1.100423e+000 -1.667100e+000 -6.227548e-001 -2.634321e-001  1.624011e-001 -1.953123e-001  4.283569e-001  2.388874e-001  2.267111e-001  6.581371e-001  1.120249e+000 -2.918268e-001 -1.078044e+000  9.135749e-001 -2.617071e-001
 6.830013e+000  8.401230e+000  1.140598e+000  1.239699e+000 -7.664792e+000 -1.423665e+001 -8.347957e+000 -1.837443e+000 -1.440561e+001 -9.358839e-001  5.212980e+000 -1.112093e+001  4.593304e+001 -9.757383e-001  3.370144e+000  3.271553e-001 -4.537539e-001  6.430764e-001 -2.391183e-001  2.047325e+000  1.167888e-001  5.640006e-001 -7.316085e-001 -2.213020e+000  1.531008e+000 -2.213110e+000 -8.995212e-001 -6.952062e-001 -6.584406e-002  2.593043e-001  5.172072e-001  5.683470e-001  1.856188e-001  8.743169e-002  1.326891e+000  4.210981e-001 -6.314729e-001  6.107301e-001 -4.529977e-001
 5.566625e+000  1.192047e+001  3.619903e+000 -6.913113e-002 -5.302464e+000 -1.578576e+001 -3.612798e+000 -5.693021e-001 -1.603131e+001 -2.374568e+000  3.202709e+000 -1.127272e+001  4.323141e+001 -1.951516e+000  1.961520e+000 -7.652493e-001 -1.378588e-001  1.678767e+000  1.619389e+000  1.697367e+000 -2.913942e-002  3.259962e+000 -3.624949e-002 -2.120409e+000  2.318364e+000 -2.491601e+000 -1.124405e+000 -1.296443e+000 -1.086925e-001  4.391061e-001  2.897118e-001  1.114700e+000 -1.578653e-001  7.312830e-003  1.039129e+000  3.242634e-001 -6.429826e-002  5.951793e-001 -3.643959e-001
 2.616994e+000  1.445701e+001  4.145009e+000  1.809602e+000 -6.050394e+000 -1.617365e+001 -4.520894e+000 -5.913787e-001 -1.095991e+001 -7.864666e-001  2.657256e+000 -1.211318e+001  4.007552e+001 -3.405386e+000 -9.113903e-002 -3.564983e-001  3.970205e-001  1.581090e+000  2.762222e+000  8.989568e-001 -3.527293e-002  5.046692e+000  5.340022e-001 -1.619384e+000  2.468740e+000 -3.036753e+000 -1.030920e+000 -2.285419e+000  9.917719e-002 -3.165058e-001 -2.151965e-001  9.610492e-001 -5.059841e-001  2.320830e-001  2.120374e-001  4.447493e-002  5.412169e-001  5.275075e-001  6.074310e-001
