34 39
-4.637181e+000  5.917853e+000  2.161147e+000  5.079435e+000 -3.543111e+000 -3.694166e+000 -1.178587e+001 -1.122915e+000 -2.039795e+000 -5.052407e+000  5.627130e+000  3.813375e+000  4.945711e+001 -5.157850e+000 -1.384335e+000 -1.750478e+000  5.337563e+000  4.837249e+000 -4.269493e-001  2.589340e+000  1.089299e+000  4.570697e+000  2.279989e+000 -2.392888e+000  2.757383e+000 -1.131428e+000 -2.094843e-001 -1.894536e+000 -2.808274e-001 -1.059362e+000 -8.399685e-002  2.933410e-001  8.114042e-002  6.071398e-002  3.270483e-003  8.618063e-001  6.366292e-001 -3.563918e-001  1.661650e-001
-1.144607e+001 -1.440399e+000  5.432015e+000  1.235833e+001  6.171856e+000 -2.126889e+000 -9.364883e+000 -5.125722e+000  7.582099e-001 -1.669687e+000 -4.474346e-001  1.795931e+000  4.862164e+001 -4.613697e+000 -4.121727e+000 -1.881028e+000  2.780675e+000  3.492747e+000 -3.868478e-001  2.911957e+000  2.011776e+000  3.739720e+000  3.378440e+000 -1.727772e+000  1.942981e+000 -8.228691e-001  6.175228e-001 -9.825148e-001 -3.117510e-001 -2.271783e+000 -1.626940e+000  2.170973e-001 -1.755461e-001  2.714319e-001 -5.974234e-001  1.658784e-001  1.164880e+000 -6.015937e-001  3.429624e-001
-1.503409e+001 -9.555997e+000 -1.111158e+000  8.602758e+000  7.290253e+000  1.138600e+000 -4.681192e+000 -1.540082e+000  5.494920e+000  4.239545e+000  4.730383e+000  6.368345e+000  4.925230e+001 -3.652660e+000 -4.204258e+000 -2.276074e+000 -9.610231e-001  2.680538e-001  7.465555e-001  2.305930e+000  1.480188e+000  2.122246e+000  2.006819e+000  6.854382e-001  1.028797e+000 -4.159012e-002  1.049165e+000  5.034149e-001  6.328509e-002 -2.035815e+000 -1.611899e+000 -5.264985e-002 -7.997628e-001 -8.566642e-003 -8.875989e-001 -3.488475e-001  6.219328e-001 -1.127026e+000  2.103573e-001
-1.819874e+001 -1.137836e+001 -3.764101e+000  6.888812e+000  1.985191e+000 -1.144779e+000 -3.254888e+000  4.909765e+000  5.815476e+000  5.154490e+000  1.453892e+000  5.852923e+000  4.915914e+001 -2.090470e+000 -1.807371e+000 -2.353629e+000 -2.907340e+000 -1.993095e+000 -5.590803e-001  1.265491e+000  2.300936e+000  1.933252e+000  1.083885e+000  1.245057e+000  4.065430e-001 -5.880547e-002  1.118022e+000  1.242356e+000  3.987399e-001 -9.250551e-001 -8.950663e-001 -2.506210e-001 -9.720513e-001 -4.039457e-001 -6.184690e-001 -3.755497e-001 -1.555727e-001 -1.254834e+000  1.013336e-002
-1.952415e+001 -1.013446e+001 -4.621164e+000  3.009079e+000 -1.095096e-001 -4.524438e-001 -3.311220e+000  1.260282e+000  6.042802e+000  1.569599e+000  8.103657e+000  6.928862e+000  4.898040e+001 -1.173639e+000 -2.443876e-002 -1.197752e+000 -1.997506e+000 -4.793278e-001 -6.040823e-001 -5.862414e-001  9.018857e-001  1.035937e+000  1.683029e+000 -7.696389e-001 -2.109529e+000 -4.616737e-001  9.244667e-001  9.413298e-001  6.227837e-001  2.843011e-001 -1.779616e-001 -6.734370e-001 -7.681361e-001 -6.359921e-001 -6.356680e-001 -3.533494e-001 -8.039591e-001 -7.789685e-001 -1.535518e-001
-1.965339e+001 -1.018802e+001 -4.581128e+000  6.184703e-001 -9.373560e-002 -4.126769e+000 -3.722414e+000  4.978778e+000  1.015053e+001  5.084713e+000  4.091216e+000  3.548387e+000  4.846355e+001 -2.630974e-001  1.457214e-004 -4.264894e-001 -1.326359e+000 -6.088940e-001 -9.646339e-001 -5.022139e-001  2.811987e-001  1.190529e+000  1.662587e+000 -1.778097e+000 -2.762027e+000 -5.621605e-001  7.454984e-001  4.247901e-001  7.396600e-001  9.022750e-001  2.401885e-001 -3.073465e-001 -2.017099e-001 -1.017165e+000 -1.438962e+000 -8.963117e-001 -4.468734e-001 -1.521305e-001 -3.621475e-002
-2.017495e+001 -1.027336e+001 -6.691401e+000  1.750399e+000  5.933078e+000 -3.908170e-001 -7.378636e+000  2.934840e+000  8.507077e+000  1.268958e+001 -4.364729e-001 -3.027033e+000  4.729172e+001  5.598698e-002 -4.013674e-001 -1.257252e-001 -3.300082e-001 -1.313854e+000 -2.417853e+000 -6.508983e-001 -6.899034e-001 -6.847325e-001 -4.927902e-002 -1.822780e+000 -1.281761e+000 -5.576714e-001  1.338344e+000  4.061689e-001  6.011905e-001  2.211438e-001 -2.153123e-001  7.320927e-002  4.608602e-001 -6.655823e-001 -1.868354e+000 -1.448992e+000  5.744537e-001  6.220772e-001  3.886281e-001
-1.918882e+001 -1.130818e+001 -4.861429e+000  8.863582e-001 -4.080572e+000 -5.998762e+000 -3.732249e+000  5.478479e+000  1.053598e+001  7.907434e+000 -3.166529e+000 -2.979264e+000  4.719268e+001  1.022209e+000  5.050440e-001  8.086575e-001  7.702858e-001 -3.748887e-001 -1.188928e+000  2.892702e-001 -1.988996e+000 -4.401224e+000 -2.531519e+000 -4.627391e-001 -7.679938e-001 -1.918804e-001  1.969173e+000  3.264715e-001  5.074400e-001 -9.650403e-001 -3.843069e-002  7.750167e-001  3.423779e-001 -1.262623e-001 -1.917562e+000 -9.101078e-001  1.192693e+000  4.734673e-001  9.505038e-001
-1.947650e+001 -1.158122e+001 -5.109640e+000  1.225094e+000 -4.685363e+000 -1.160571e+001 -6.560794e+000 -2.439086e+000  2.426411e+000 -8.815668e-002  2.618628e+000  3.783884e+000  4.682748e+001  4.875426e+000  1.753957e+000  1.190628e+000 -1.940109e+000 -1.672892e+000 -1.258892e-001  1.322318e+000 -1.290928e+000 -5.509956e+000 -3.464877e+000  1.444951e+000  3.840184e-003  1.296327e+000  1.915740e+000 -1.221584e-001  2.642073e-001 -1.907630e+000 -8.677042e-002  1.380052e+000 -4.872148e-002  8.653255e-001 -6.189280e-001  1.868950e-001  1.176059e+000 -3.019725e-001  1.362868e+000
-1.489157e+001 -7.008872e+000 -1.328721e+000  4.732552e+000  3.341041e+000 -4.463960e+000 -2.684984e+000 -2.279240e+000 -8.815257e+000 -1.184016e+000  2.499704e-001 -3.697040e+000  4.773627e+001  7.173050e+000  5.548413e-001  1.452534e+000 -5.346510e+000 -6.215287e-001  1.764468e+000  2.230675e-001 -4.960041e-002 -5.984667e+000 -1.180153e+000  2.551503e+000 -1.037491e+000  3.263360e+000  7.071488e-001 -9.718940e-001 -1.633125e-001 -1.856841e+000 -4.370154e-001  9.793397e-001 -7.734297e-001  1.302114e+000  1.228787e+000  8.798555e-001  7.548428e-001 -5.487342e-001  1.190128e+000
 2.053551e+000 -3.653227e+000 -2.504617e+000 -9.873243e+000 -6.142188e+000 -1.787664e+000 -1.290681e+000  3.590577e-001 -9.367082e+000 -8.908007e-002  5.080030e+000 -2.648944e+000  5.350156e+001  6.559266e+000 -1.037058e+000  8.733727e-001 -6.809760e+000 -1.624386e+000  3.005708e+000 -8.614044e-001  2.667026e+000 -2.987651e+000  2.095131e-001  2.550394e+000 -2.656875e+000  4.529048e+000 -1.318143e+000 -1.359309e+000 -3.242872e-001 -1.470706e-001  4.890965e-002  4.613292e-001 -1.012385e+000  7.547381e-001  2.072618e+000  8.419610e-001 -1.278408e-001 -4.961942e-001  3.072068e-001
 5.911405e+000 -1.249797e+001  1.098732e+000 -2.029702e+001 -6.459804e+000 -2.085445e+000 -5.251969e+000  3.831405e+000 -1.349061e+001  2.007128e+000  8.360286e+000 -4.950305e+000  6.017244e+001  3.716033e+000 -2.958919e+000  1.507226e-001 -6.079096e+000 -2.584219e+000  2.141972e+000 -2.486017e+000  2.542597e+000  4.815603e-001  3.056325e-002  2.758753e+000 -2.181308e+000  4.142398e+000 -2.162334e+000 -6.952994e-001 -4.181812e-001  1.468443e+000  1.904802e-001  2.110287e-002 -5.132062e-001 -1.432553e-001  2.241083e+000  1.019394e-001 -7.163061e-001 -8.052647e-003 -7.021789e-001
 2.918337e+000 -1.402196e+001 -1.956503e+000 -2.030892e+001 -7.906872e+000  2.233573e+000 -9.584324e+000  7.840723e+000 -1.017417e+001 -6.361633e-001  1.131544e+001 -8.873857e+000  6.325464e+001  1.321790e-002 -3.285707e+000  2.200974e-001 -2.309169e+000 -4.469986e-001  1.992005e+000 -2.385064e+000  1.186663e+000  1.620020e+000  1.395702e-001  7.021214e-001 -1.905223e+000  2.392842e+000 -1.695482e+000 -3.900063e-003 -1.742588e-001  1.886741e+000  5.658663e-001 -2.137817e-001  9.446205e-002 -8.748387e-001  1.360433e+000 -2.613329e-001 -9.653378e-001  4.129590e-001 -1.166090e+000
 3.256202e+000 -1.661910e+001 -8.491650e-001 -2.044509e+001 -8.697709e+000  4.235282e+000 -1.096825e+001  6.692913e+000 -6.003911e+000 -7.576580e-001  1.092603e+001 -1.149112e+001  6.357172e+001 -3.655951e-001 -1.797332e+000 -3.117341e-001 -2.545881e-001 -2.578217e-001  2.376834e+000 -1.581134e+000 -2.569537e-002  2.916911e+000 -6.354849e-001 -1.058909e-001 -1.453580e+000  8.205684e-001 -7.330728e-001  4.587138e-001  5.294481e-002  1.349222e+000  5.852440e-001 -2.679524e-001  6.270041e-001 -7.092418e-001  4.626215e-001 -3.364070e-001 -8.930647e-001  3.625056e-001 -9.510834e-001
 3.447242e+000 -1.802119e+001 -4.301818e-001 -2.134505e+001 -7.258228e+000  5.011996e+000 -1.035786e+001  4.861620e+000 -5.010330e+000  1.991164e+000  7.307765e+000 -8.904650e+000  6.376613e+001  1.226714e-001 -1.637352e+000  2.333073e-001 -2.883095e-001  4.174671e-002  1.819369e+000 -8.415357e-001 -4.230207e-001  2.596839e+000 -7.641274e-001 -8.439726e-001 -9.559434e-001  3.595150e-001  8.062739e-004  3.925691e-001  1.941477e-001  4.412531e-001  8.674721e-002 -4.916065e-001  6.067447e-001 -1.690413e-001 -4.424906e-002 -2.182543e-001 -4.158682e-001  2.211779e-001 -4.301437e-001
 3.818976e+000 -1.948501e+001 -1.223099e+000 -2.105190e+001 -8.073235e+000  8.409514e+000 -1.277087e+001  5.192480e+000 -1.487970e+000 -2.483960e+000  9.834669e+000 -1.220281e+001  6.401954e+001 -4.057288e-003 -1.489527e+000  4.088417e-001 -3.434164e-001  9.762893e-002  8.885282e-001 -1.227605e-001 -1.987699e-001  2.306258e+000 -1.199623e+000 -9.335238e-001 -8.434194e-001  4.036446e-001 -9.434216e-003  8.811041e-002  3.520461e-001  1.044697e-001  6.130071e-002 -7.823452e-001  4.425441e-001  2.146929e-001 -5.202375e-001  2.906329e-001 -3.218611e-001  1.857824e-001 -6.480755e-002
 3.250307e+000 -2.077576e+001 -6.029994e-001 -2.144706e+001 -8.010376e+000  9.243301e+000 -1.289069e+001  6.475836e+000  5.520549e-001 -3.593649e+000  7.641259e+000 -1.329773e+001  6.482831e+001 -1.635197e-001 -1.476763e+000  8.305479e-001 -5.848942e-002 -1.909879e-001  2.781253e-001 -8.052721e-002  4.279939e-001  1.704101e+000 -6.696321e-001 -9.634031e-001 -1.104414e+000  4.505852e-001 -9.679945e-002  1.039138e-001  2.088518e-001  2.123445e-001  5.057153e-002 -7.882463e-001  2.349894e-001  2.976369e-001 -5.909784e-001  5.451612e-001 -2.542384e-001  1.822052e-001 -1.449662e-003
 3.334383e+000 -2.268945e+001  1.281453e+000 -2.211117e+001 -7.833490e+000  6.562271e+000 -1.031564e+001  4.891956e+000  2.746186e+000 -3.963366e+000  6.091664e+000 -1.351168e+001  6.505885e+001 -2.696707e-001 -1.437074e+000  1.149876e+000  1.528505e-001  1.650491e-001 -7.642701e-001  2.510820e-001  6.222621e-001  7.620923e-001  7.704318e-001 -1.655481e+000 -4.504333e-001  4.509956e-001 -3.566622e-002  2.058621e-001 -2.502763e-002  3.520654e-001  1.444068e-002 -5.169082e-001 -7.169795e-002  2.079379e-001 -4.183924e-001  4.649053e-001 -1.679689e-001  2.396545e-001 -6.060059e-002
 2.871941e+000 -2.380279e+001  2.470282e+000 -2.110786e+001 -8.333039e+000  7.326245e+000 -1.198811e+001  7.151851e+000  1.393097e+000 -6.172939e-001  4.362252e+000 -1.377228e+001  6.549940e+001 -2.285191e-001 -1.144009e+000  9.070492e-001  5.252794e-001  2.608943e-001 -1.295464e+000  1.464899e-001  6.546477e-001  4.140299e-001  9.766511e-001 -1.754186e+000 -2.414103e-001  3.285912e-001  3.584075e-002  2.834219e-001 -2.035889e-001  2.878135e-001 -5.133228e-003 -2.832389e-001 -1.583257e-001 -6.079310e-003 -4.947654e-002 -2.000598e-002  6.283045e-003  2.267169e-001 -1.060126e-001
 2.659806e+000 -2.515687e+001  2.989642e+000 -2.045724e+001 -7.086658e+000  5.546692e+000 -1.196675e+001  7.965782e+000  1.901970e+000 -1.199790e-001  3.196767e+000 -1.421770e+001  6.593897e+001 -1.498886e-001 -6.265939e-001  2.454529e-001  1.125026e+000 -5.610876e-002 -9.092185e-001 -5.947588e-001  7.275927e-001  8.593317e-001  3.017617e-001 -1.377977e+000 -7.664852e-002  1.616386e-001  6.705854e-002  3.235732e-001 -2.355823e-001  2.351998e-001 -1.926233e-001 -4.216313e-003 -2.736091e-001 -3.575180e-002  1.694695e-001 -3.881768e-001  3.280362e-001  4.922783e-002 -1.203066e-001
 2.445000e+000 -2.526210e+001  3.078152e+000 -1.964763e+001 -7.079321e+000  3.273773e+000 -1.133268e+001  8.212161e+000  3.044312e+000 -6.320876e-001  3.177781e-001 -1.415177e+001  6.603120e+001 -4.420691e-002 -4.648935e-001  2.648150e-001  8.944906e-001 -1.060751e-001 -1.065595e+000 -4.492351e-001  3.449320e-001  1.408099e+000 -5.353270e-001 -1.070740e+000 -1.577216e-001  6.520081e-002  1.034113e-003  2.858456e-001 -8.265407e-002  1.652420e-001 -2.326453e-001  4.228869e-002 -2.870315e-001 -1.546727e-002  1.089181e-001 -2.510453e-001  4.694363e-001  5.371928e-002 -4.993744e-002
 2.798410e+000 -2.509276e+001  2.204782e+000 -1.721616e+001 -8.740893e+000  4.042414e+000 -1.361714e+001  7.999764e+000  6.217237e+000 -2.447161e+000  1.224016e+000 -1.370518e+001  6.560114e+001 -2.653406e-002 -1.587658e-001  2.930818e-001  1.144244e+000 -6.145827e-001 -9.002861e-001 -8.191010e-001  5.983609e-001  1.112405e+000 -4.144633e-001 -3.570227e-001 -2.461385e-001 -1.884232e-002 -3.893361e-002  1.941176e-001  1.922325e-001  6.623182e-002 -1.010912e-001 -2.112496e-001 -2.611192e-001 -7.918229e-003 -1.688379e-002  1.227559e-001  4.986849e-001  6.434642e-002 -1.637194e-003
 2.581604e+000 -2.615931e+001  4.186787e+000 -1.825595e+001 -8.036297e+000  2.750411e+000 -1.340909e+001  8.859520e+000  6.275957e+000 -2.130338e+000 -5.072809e-003 -1.481715e+001  6.599432e+001 -2.850258e-001  5.130482e-002  4.699643e-001  1.341881e+000 -6.230953e-001 -1.088486e+000 -1.176496e+000  6.419272e-001  8.320833e-001  7.953712e-002  8.251848e-002  1.119310e-001  1.691444e-001  5.933553e-002  1.399659e-001  3.130817e-001  8.697119e-002 -7.267825e-002 -3.247138e-001 -4.488245e-001 -5.187693e-002  1.828630e-002  2.955814e-001  5.143108e-001  6.222004e-002 -5.562027e-002
 2.458833e+000 -2.550209e+001  3.900734e+000 -1.543186e+001 -9.681083e+000  1.306943e+000 -1.502405e+001  1.063391e+001  5.848175e+000 -1.443170e+000  1.573079e+000 -1.511570e+001  6.586320e+001 -2.241472e-001  8.589478e-002  1.104041e+000  1.232490e+000 -3.030544e-001 -1.954021e+000 -1.536724e+000  5.395039e-001  1.062920e+000  6.081089e-001  5.388186e-001  1.102572e-001  1.014809e-001  2.159434e-001  1.335865e-001  3.215059e-001  5.435586e-004 -6.401449e-002 -3.341052e-001 -4.355897e-001 -1.954558e-001  8.659315e-002  1.922173e-001  3.997977e-001  3.230821e-002 -1.763000e-001
 1.189659e+000 -2.480091e+001  4.579998e+000 -1.383037e+001 -9.724703e+000 -8.009229e-001 -1.651171e+001  1.010473e+001  7.389260e+000 -7.363974e-001  5.558391e-001 -1.288685e+001  6.674590e+001  3.512773e-001  1.126057e-001  1.424744e+000  1.285223e+000 -6.252305e-001 -2.162297e+000 -2.334546e+000  1.149758e-001  1.524273e+000  4.312938e-001  1.052894e+000 -2.481928e-002 -2.730621e-001  3.093756e-001  3.807042e-001  4.477333e-002 -2.653978e-002  7.938835e-003 -2.591508e-001 -3.456228e-001 -2.644943e-001 -2.106656e-001  5.624263e-002  2.519210e-001  5.654155e-002 -3.281179e-001
 2.373647e+000 -2.534249e+001  7.528381e+000 -1.326650e+001 -9.411963e+000 -3.952023e+000 -1.974946e+001  1.007468e+001  1.097519e+001 -1.035869e-001  3.637653e+000 -1.411904e+001  6.573276e+001  7.350316e-001  4.785162e-001  1.423221e+000  1.175290e+000 -9.335876e-001 -2.033907e+000 -2.418025e+000 -1.154426e-001  1.199276e+000  3.707451e-001  1.156778e+000 -1.622229e-002 -6.792389e-001  2.197368e-001  7.133254e-001 -4.074357e-001  2.148066e-001  1.693161e-001 -6.892295e-002 -6.283975e-002 -4.614037e-001 -7.076212e-001 -1.291181e-001  2.737829e-002  3.273392e-001 -4.165964e-001
 4.380584e+000 -2.567608e+001  9.496684e+000 -1.291252e+001 -1.129701e+001 -5.431589e+000 -2.271912e+001  9.714012e+000  1.133381e+001 -6.436608e-001  4.227108e+000 -1.543958e+001  6.469423e+001  7.822630e-001  1.758515e+000  5.342408e-001  1.237782e+000 -2.681346e-001 -2.344297e+000 -2.463960e+000 -3.530710e-001 -2.894228e-001  4.794321e-001  1.033143e+000  4.578786e-001 -1.081085e+000  8.500894e-002  9.833673e-001 -7.947199e-001  6.742191e-001  6.219661e-001  1.050614e-001  3.218088e-001 -8.213355e-001 -1.012960e+000 -2.391004e-001 -1.747991e-001  5.645432e-001 -5.834599e-001
 4.538529e+000 -2.267193e+001  8.558496e+000 -1.001434e+001 -1.356287e+001 -6.547259e+000 -2.401047e+001  1.025205e+001  9.872280e+000  3.641871e-001  5.521337e+000 -1.392045e+001  6.349284e+001  6.590438e-001  2.829567e+000 -4.878859e-001  2.330244e+000  3.649783e-001 -2.207635e+000 -1.786216e+000 -1.533491e+000 -1.568338e+000 -6.155105e-002  6.855851e-001  1.505604e+000 -1.577489e+000  1.325306e-002  1.053900e+000 -9.301262e-001  9.912935e-001  1.022322e+000  2.808729e-001  7.151556e-001 -1.210162e+000 -8.485771e-001 -3.704026e-001 -3.052512e-001  4.994172e-001 -7.663512e-001
 4.018533e+000 -1.734362e+001  6.736144e+000 -9.267547e+000 -8.989923e+000 -1.122479e+001 -2.670101e+001  8.250686e+000  6.493599e+000  1.426876e+000  4.779715e+000 -1.069676e+001  6.246043e+001  8.143159e-001  3.853917e+000 -1.593302e+000  4.078842e+000  1.835317e+000 -1.550125e+000 -1.041406e+000 -3.282677e+000 -2.156721e+000 -5.480602e-001  4.144949e-001  2.036984e+000 -2.741236e+000 -1.928492e-001  7.024005e-001 -4.227052e-001  7.801836e-001  8.454989e-001  5.874587e-001  9.377505e-001 -9.430210e-001 -4.073444e-001 -3.220979e-001 -2.798764e-001  1.166675e-001 -6.789239e-001
 5.849892e+000 -1.536088e+001  6.469222e+000 -3.437761e+000 -8.740614e+000 -1.209360e+001 -2.668959e+001  3.138888e+000  5.553604e+000 -1.446611e+000  6.789275e+000 -8.962430e+000  5.896221e+001  7.852705e-001  4.700317e+000 -2.163638e+000  4.711228e+000  3.126296e+000 -1.026628e+000  4.464764e-001 -4.701451e+000 -2.109960e+000 -9.675217e-001 -6.015344e-002  1.691311e+000 -3.680920e+000 -6.809881e-001  4.708399e-001  3.017905e-001 -7.492399e-003  5.196756e-001  5.136459e-001  8.993713e-001 -9.368961e-002 -4.936469e-002  1.753779e-001 -3.043844e-001 -3.322019e-001 -2.631309e-001
 7.796483e+000 -1.006202e+001  2.574813e+000  4.193406e+000 -4.531551e+000 -1.040905e+001 -2.658659e+001 -3.142792e+000  2.709548e+000 -2.478563e+000  5.665613e+000 -7.733671e+000  5.325336e+001 -2.450964e-001  4.335143e+000 -7.414091e-001  3.948208e+000  2.578701e+000  2.492905e-003  1.108446e+000 -3.484196e+000 -2.055334e+000 -6.780719e-001  6.630898e-003  9.483625e-001 -3.423990e+000 -1.455051e+000  1.603739e-001  1.205330e+000 -9.159932e-001  1.250065e-001  4.329809e-001  8.991935e-001  9.216762e-001  3.864562e-001  1.074744e-001 -5.343319e-001 -4.445719e-001  4.286655e-001
 6.575906e+000 -2.811136e+000 -1.790297e-001  6.811327e+000 -1.605750e-001 -1.208827e+001 -2.183530e+001 -7.558465e+000  1.214506e+000 -2.520702e+000  4.777620e+000 -6.945436e+000  4.969178e+001 -2.216191e+000  4.943154e+000  5.951204e-001  2.358099e+000  2.591664e+000 -4.157146e-001  1.635714e+000 -1.901180e+000 -1.865855e+000  8.803445e-001 -6.324047e-001  3.889056e-001 -2.551767e+000 -1.905760e+000 -3.723167e-001  1.479317e+000 -1.384065e+000 -1.967011e-001  5.659299e-001  7.111252e-001  1.448140e+000  8.274558e-001 -1.725637e-001 -5.673907e-001 -7.728183e-002  9.840646e-001
 2.430043e+000 -1.942776e+000  6.353224e+000  5.348948e+000 -3.864358e-001 -1.121499e+001 -2.358592e+001 -3.821617e+000 -1.613520e+000 -1.426437e+000  5.818696e+000 -6.963441e+000  4.997570e+001 -4.960208e+000  4.534368e+000  3.053972e+000  6.754407e-001  2.727665e+000  3.093222e-001  2.859943e+000 -7.443204e-002 -3.464924e-001 -9.346212e-001 -1.971039e+000  4.653267e-001 -1.162485e+000 -1.704499e+000 -8.754250e-001  6.553944e-001 -1.641561e+000 -2.722161e-001  5.769152e-001  7.618157e-001  1.508970e+000  1.058478e+000 -3.959611e-001 -3.283273e-001  3.100941e-001  1.132322e+000
-2.547842e+000  5.295264e+000  7.555618e+000  7.774964e+000  2.145149e+000 -1.376920e+001 -2.001135e+001 -6.027599e+000 -1.614137e+000  2.429049e+000  3.550710e+000 -7.403017e+000  4.784221e+001 -6.385972e+000  2.739121e+000  3.335255e+000 -5.727133e-001  2.068308e+000  1.649607e+000  3.126354e+000  8.343665e-001  1.172899e+000 -1.702066e+000 -1.908272e+000  1.546420e+000  1.086514e-001 -1.003688e+000 -1.621214e+000 -4.382211e-001 -1.938688e+000 -5.120477e-001  8.071780e-001  4.610288e-001  1.553034e+000  9.527746e-001 -3.653235e-001  5.059703e-001  4.405457e-001  1.048644e+000
