34 39
 2.406635e+000 -1.262286e+001  9.080256e+000  5.601534e-001 -1.558103e+001 -3.316903e+000 -3.167084e+001  9.538435e+000 -4.469248e+000  5.450983e+000  5.770135e+000 -5.175446e+000  6.562445e+001 -1.188634e+000 -1.277162e+000  1.738560e+000  4.512449e-001 -2.270654e+000 -3.506449e+000  2.049173e+000  3.354511e+000  1.815724e+000 -1.491802e+000 -2.182243e+000  1.600491e+000  1.235589e+000 -1.374454e-001  1.918339e-001  4.270005e-001 -2.518967e-001 -3.838040e-001  1.545354e-001  1.001770e+000 -1.890611e-001 -7.816869e-001 -5.920143e-001  5.025709e-001  2.951002e-001  2.625095e-002
 5.338528e-001 -1.350499e+001  1.092921e+001  1.371068e+000 -1.846387e+001 -7.514555e+000 -2.837495e+001  1.438375e+001 -4.324037e+000  3.409532e+000  2.843243e+000 -1.584103e+000  6.728017e+001 -1.327976e+000 -8.131689e-001  2.072523e+000 -6.398164e-002 -2.848178e+000 -2.593703e+000  3.290975e+000  2.766058e+000  3.845751e-001 -2.026482e+000 -1.078235e+000  1.887440e+000  1.216585e+000 -1.417416e-002  3.215951e-001  1.936440e-001 -3.620168e-001 -1.464204e-001  9.455603e-001  4.415733e-001 -7.712958e-001 -8.287523e-001 -1.417708e-001  9.396313e-001 -2.545972e-001 -1.104127e-001
-1.134066e+000 -1.370083e+001  1.338503e+001  2.766228e-001 -2.218360e+001 -9.633829e+000 -2.340522e+001  1.646513e+001 -4.633492e+000  7.135825e-001  2.931182e+000 -3.578396e-001  6.857849e+001 -1.210793e+000 -4.156609e-001  2.092829e+000 -4.500086e-001 -2.865183e+000 -9.041620e-001  3.237274e+000  1.414322e+000 -2.882971e-001 -1.713899e+000  1.301810e-001  9.611080e-001  9.839348e-001  6.157525e-002  3.479045e-001 -3.800365e-002 -2.639727e-001  2.940536e-001  1.171237e+000 -2.765847e-001 -1.058616e+000 -5.040447e-001  3.328294e-001  8.852594e-001 -5.799459e-001 -2.047718e-001
-1.594205e+000 -1.425415e+001  1.527861e+001  2.135246e-002 -2.533734e+001 -8.378291e+000 -2.069739e+001  1.677526e+001 -5.732620e+000 -7.758391e-001  4.650792e+000 -3.162621e-001  6.918389e+001 -1.007794e+000 -1.876247e-001  1.984061e+000 -7.175707e-001 -2.094001e+000  3.547927e-001  2.254498e+000  1.401935e-001 -4.104005e-001 -1.020928e+000  9.915976e-001  5.368829e-004  6.646446e-001  7.404639e-002  3.114035e-001 -1.903679e-001 -7.829187e-002  6.080100e-001  8.263312e-001 -7.343537e-001 -9.377643e-001 -1.053125e-001  5.551047e-001  5.312096e-001 -5.812144e-001 -2.339108e-001
-2.583302e+000 -1.432659e+001  1.736970e+001 -1.015031e+000 -2.647021e+001 -7.405845e+000 -1.932324e+001  1.541429e+001 -5.206442e+000 -1.025829e+000  5.517266e+000 -1.003826e+000  6.959226e+001 -1.040849e+000  1.495882e-001  1.592773e+000 -5.418242e-001 -1.177474e+000  8.754871e-001  1.184488e+000 -6.256354e-001 -3.070111e-001 -3.304324e-001  1.209137e+000 -3.557869e-001  4.876999e-001  6.593476e-002  2.725236e-001 -2.598028e-001  8.340448e-002  5.933441e-001  3.435724e-001 -7.600392e-001 -5.561418e-001  1.497127e-002  4.910652e-001  1.678521e-001 -2.576485e-001 -2.122971e-001
-3.780497e+000 -1.413024e+001  1.885718e+001 -1.570958e+000 -2.679057e+001 -6.854584e+000 -1.914345e+001  1.561014e+001 -6.089564e+000 -8.254017e-001  6.508189e+000 -1.258425e+000  7.009650e+001 -1.042716e+000  4.612242e-001  1.370712e+000 -4.095332e-001 -6.519821e-001  6.481287e-001  6.456001e-001 -9.027845e-001 -1.326305e-001  5.730790e-002  1.038335e+000 -3.601844e-001  2.951485e-001  1.128043e-001  2.190859e-001 -2.616251e-001  1.472713e-001  3.598859e-001  3.769695e-002 -5.110852e-001 -2.972399e-001  5.631633e-002  2.674837e-001 -6.199740e-002 -1.184572e-002 -1.929570e-001
-5.245164e+000 -1.301485e+001  1.955961e+001 -1.636343e+000 -2.734436e+001 -6.018247e+000 -1.825976e+001  1.391952e+001 -5.990075e+000 -9.137983e-001  8.048171e+000 -1.665693e+000  7.056068e+001 -8.636580e-001  6.225327e-001  1.100490e+000 -1.870049e-001 -6.194725e-001  6.670321e-001  2.415274e-001 -8.448979e-001 -3.523258e-001  2.023088e-001  9.460728e-001 -1.467741e-001  1.071976e-001  2.117757e-001  1.067862e-001 -1.878566e-001  1.110063e-001  1.586089e-001 -7.963108e-002 -3.081633e-001 -1.583096e-001  8.569667e-002  1.306457e-002 -1.229046e-001  4.127923e-002 -1.915418e-001
-5.476854e+000 -1.260390e+001  2.103722e+001 -1.715657e+000 -2.816018e+001 -5.831447e+000 -1.800114e+001  1.300872e+001 -6.003956e+000 -5.453149e-001  8.577014e+000 -1.786251e+000  7.017542e+001 -5.323673e-001  6.713324e-001  9.220775e-001 -1.586237e-001 -5.735725e-001  6.475049e-001  1.705521e-001 -1.236375e+000 -1.061615e-001  5.012022e-002  8.131430e-001 -1.631982e-001 -1.098892e-001  2.348514e-001  1.708314e-002 -1.439389e-001  7.326666e-002  1.689920e-001 -1.342841e-001 -1.339972e-001 -1.576853e-001  1.385942e-001 -2.115592e-001 -1.106426e-001  2.107483e-002 -1.468380e-001
-6.053413e+000 -1.197709e+001  2.178213e+001 -1.877706e+000 -2.888277e+001 -4.582253e+000 -1.868676e+001  1.249051e+001 -7.010875e+000 -1.543284e-001  9.213218e+000 -1.473783e+000  7.008879e+001 -2.371447e-001  5.784652e-001  8.778068e-001 -1.122472e-001 -4.236349e-001  4.776436e-001 -1.188049e-001 -1.250388e+000  1.082378e-001 -2.615157e-001  7.072102e-001 -2.478839e-001 -2.674904e-001  2.186424e-001 -7.326442e-002 -6.193291e-002  7.102913e-002  2.283093e-001 -1.657861e-001 -1.002903e-001 -1.174597e-001  1.294419e-001 -2.937553e-001 -6.556389e-002 -6.321356e-002 -1.142524e-001
-6.038209e+000 -1.129245e+001  2.235630e+001 -2.243395e+000 -2.888923e+001 -4.335057e+000 -1.807718e+001  1.014277e+001 -6.109972e+000 -9.545355e-001  9.991381e+000 -2.170371e+000  6.978300e+001 -1.817157e-001  5.686736e-001  7.623593e-001 -8.057871e-002  9.505901e-002  7.140251e-002  1.557802e-001 -1.488466e+000  3.300590e-001 -7.685760e-001  6.045529e-001 -2.042553e-001 -2.516975e-001  1.558205e-001 -1.339976e-001 -6.318045e-003  1.208413e-001  2.193285e-001 -1.257650e-001 -1.558888e-001  5.633094e-002 -5.604520e-002 -2.114992e-001 -1.148518e-002 -6.030232e-002 -7.789306e-002
-6.150210e+000 -1.077824e+001  2.328910e+001 -1.933711e+000 -2.909801e+001 -4.378224e+000 -1.881576e+001  9.100553e+000 -5.395878e+000 -2.016767e+000  1.087704e+001 -2.713053e+000  6.941944e+001  5.422816e-002  3.075399e-001  8.706844e-001  1.291182e-001  1.877583e-001  1.261528e-001 -2.525383e-001 -1.306151e+000  7.677341e-002 -8.571195e-001  7.225483e-001 -4.423133e-001 -3.931603e-001  8.070643e-002 -1.319739e-001  5.075634e-004  1.339628e-001  1.151970e-001  3.364605e-002 -2.140099e-001  1.744348e-001 -2.341798e-001 -1.552873e-002 -1.509955e-002 -7.235353e-002 -4.964401e-002
-6.337034e+000 -1.035995e+001  2.409553e+001 -2.090549e+000 -2.757726e+001 -5.576449e+000 -1.715774e+001  7.261370e+000 -5.161160e+000 -3.456976e+000  1.076787e+001 -2.187893e+000  6.925161e+001  1.010488e-001  1.368069e-001  8.940485e-001  3.249001e-001  2.173733e-001  1.944252e-001 -5.420254e-001 -9.268388e-001 -3.706554e-001 -7.095737e-001  7.480480e-001 -3.674951e-001 -4.365196e-001  2.067401e-002 -7.378586e-002 -3.847600e-002  8.441202e-002 -6.284639e-002  2.447519e-001 -2.983294e-001  2.887608e-001 -3.277611e-001  1.979662e-001 -7.616361e-002 -7.638651e-002 -3.985351e-002
-5.632860e+000 -1.090564e+001  2.526594e+001 -1.308538e+000 -2.859996e+001 -3.330793e+000 -2.040918e+001  7.400449e+000 -7.101414e+000 -3.188706e+000  1.243772e+001 -3.676589e+000  6.838869e+001  2.500520e-002  1.345291e-001  8.145000e-001  3.548273e-001  9.119282e-002  5.843625e-001 -8.399517e-001 -6.590279e-001 -7.123040e-001 -3.686605e-001  5.599650e-001 -5.280317e-001 -4.232994e-001 -7.809567e-002  7.871775e-002 -1.468683e-001 -1.090491e-002 -9.037672e-002  2.364444e-001 -8.803576e-002  2.377706e-001 -2.039105e-001  2.355977e-001 -2.372875e-001 -2.253324e-003 -2.535549e-003
-5.791640e+000 -1.054472e+001  2.583813e+001 -9.314811e-001 -2.805138e+001 -3.886646e+000 -1.999060e+001  6.358623e+000 -7.110481e+000 -3.916435e+000  1.295128e+001 -3.526078e+000  6.811578e+001 -6.373415e-002  2.862497e-001  5.980715e-001  2.286269e-001 -1.708902e-001  1.066057e+000 -1.042160e+000 -3.682232e-001 -9.142078e-001 -2.297466e-002  3.050265e-001 -5.433286e-001 -4.358955e-001 -8.150550e-002  1.723333e-001 -2.273392e-001 -5.959950e-003 -1.450926e-001  2.313055e-001  2.957777e-002  1.776905e-001 -5.257780e-002  1.503890e-001 -2.758744e-001 -6.856482e-002 -2.369766e-002
-6.297881e+000 -1.001322e+001  2.649030e+001 -7.391079e-001 -2.840498e+001 -2.301313e+000 -2.159908e+001  6.256787e+000 -7.982738e+000 -3.630340e+000  1.258516e+001 -4.684118e+000  6.787086e+001 -2.538587e-001  6.264073e-001  2.843317e-001  1.227303e-001 -6.999359e-002  8.725592e-001 -4.426497e-001 -3.966061e-001 -6.710030e-001 -2.243061e-002 -2.423782e-001 -3.656631e-001 -4.061500e-001 -4.264515e-002  2.414440e-001 -2.991845e-001  7.227799e-002  8.085383e-003 -9.990367e-002  3.638423e-001 -1.020366e-001  1.822997e-001 -5.947008e-002 -2.636820e-001  5.201989e-002 -7.681580e-002
-6.323194e+000 -9.374918e+000  2.647371e+001 -1.232129e+000 -2.852920e+001 -7.609041e-001 -2.177358e+001  5.992085e+000 -9.291537e+000 -3.351032e+000  1.221928e+001 -4.400771e+000  6.733105e+001 -1.670468e-001  7.525342e-001  2.243652e-002  4.111488e-001 -4.274967e-001  1.206855e+000 -5.927876e-001 -1.695971e-001 -6.541949e-001 -1.307435e-001 -2.301524e-001 -7.915035e-001 -5.635826e-001  7.495699e-002  2.269854e-001 -2.554605e-001  1.515501e-001  1.641936e-001 -3.437441e-001  5.008977e-001 -2.543926e-001  1.893964e-001 -1.832393e-001 -1.881655e-001  1.113956e-001 -1.730437e-001
-6.636376e+000 -8.358508e+000  2.636981e+001 -5.445624e-001 -2.871102e+001 -5.308681e-001 -2.173093e+001  5.600688e+000 -9.365901e+000 -3.583560e+000  1.159183e+001 -5.067558e+000  6.675031e+001 -1.365642e-001  1.108607e+000 -3.936051e-001  6.249563e-001  2.599230e-001  1.444537e-002  7.545736e-001 -1.268524e+000  6.918821e-002 -6.121265e-001 -4.908558e-001 -1.438448e-001 -7.435349e-001  2.660062e-001  1.512351e-001 -1.020673e-001  6.848885e-002  2.650166e-001 -3.446598e-001  3.286346e-001 -1.406826e-001 -8.012087e-002 -1.779471e-001 -1.074617e-001  1.741066e-001 -3.111144e-001
-6.457626e+000 -7.609401e+000  2.601056e+001  1.026990e+000 -3.003585e+001  1.262404e+000 -2.288861e+001  5.838687e+000 -9.689874e+000 -4.593542e+000  1.229719e+001 -7.291876e+000  6.585815e+001  2.524036e-001  1.180077e+000 -3.402626e-001  7.352641e-001  4.851194e-001 -2.236067e-001  8.637165e-001 -1.204227e+000 -3.373213e-001 -6.443234e-001 -5.115620e-001 -9.725972e-002 -1.132422e+000  3.702721e-001  1.231452e-001  1.194005e-001 -1.995685e-001  3.381546e-001 -2.129640e-001  5.547531e-002  5.970485e-002 -3.821871e-001  1.948592e-002 -1.887642e-001  2.466874e-001 -3.974950e-001
-6.913486e+000 -5.352942e+000  2.475385e+001  1.256114e+000 -2.635204e+001 -3.240740e+000 -1.726870e+001 -9.133936e-003 -7.437629e+000 -6.069717e+000  1.009192e+001 -3.957790e+000  6.488963e+001  8.664471e-001  1.168812e+000 -4.465504e-002  3.031169e-001  7.987814e-001 -1.355090e-001  4.722711e-001 -5.827041e-001 -1.230044e+000 -6.553763e-001 -6.389818e-001  1.577478e-001 -1.677303e+000  3.458171e-001  3.575400e-002  3.915921e-001 -2.835204e-001  9.618067e-002  2.219992e-002 -2.248488e-001  3.372228e-001 -5.621044e-001  3.394141e-001 -3.060516e-001  4.183288e-002 -4.077168e-001
-4.922622e+000 -4.977317e+000  2.558037e+001  1.543853e+000 -2.728309e+001 -5.240016e-001 -1.968612e+001  2.775861e+000 -1.194228e+001 -5.329570e+000  1.041142e+001 -5.441954e+000  6.259927e+001  1.182808e+000  1.338158e+000  4.449638e-001 -4.257740e-001  9.938473e-001  2.170116e-001 -1.742598e-001 -2.139828e-001 -1.915514e+000 -1.168895e-002 -1.099910e+000  2.911369e-001 -2.084174e+000  1.098182e-001  2.167501e-002  3.230845e-001  4.371732e-002  3.340514e-002 -2.153336e-001  1.118438e-001  6.397605e-004  1.190176e-003  4.162727e-001 -4.691766e-001 -1.665040e-002 -3.176731e-001
-3.071643e+000 -3.830492e+000  2.636162e+001  7.125907e-001 -2.609349e+001 -3.152103e-001 -2.097083e+001  4.218580e+000 -1.438992e+001 -6.492427e+000  9.339799e+000 -5.203780e+000  5.999323e+001  1.127319e+000  1.208336e+000  1.171742e+000 -2.121267e-001  4.864624e-001 -9.486415e-002  1.493179e-001 -7.753193e-002 -1.952237e+000  7.686267e-001 -1.726940e+000 -1.288787e-001 -2.306243e+000 -1.970394e-001 -4.276603e-002  8.318497e-002  4.598226e-001  4.214835e-001 -3.432420e-001  6.242015e-001 -6.070184e-001  4.768918e-001  2.554661e-001 -2.419068e-001 -2.161045e-001 -2.181257e-001
-2.464506e+000 -1.679837e+000  2.743149e+001 -8.301181e-001 -2.519589e+001  8.846972e-001 -2.190885e+001  2.654916e+000 -1.579130e+001 -4.440631e+000  7.173696e+000 -5.213196e+000  5.788548e+001  6.710584e-001  1.268690e+000  6.669613e-001  1.211473e+000  8.083046e-001 -1.320597e+000  1.584412e+000 -1.453614e+000  2.972622e-002  7.250386e-001 -2.313466e+000 -3.719840e-002 -2.406317e+000 -4.139758e-001 -3.835875e-001 -4.346296e-002  8.764433e-001  8.467652e-001 -3.812583e-001  6.223334e-001 -6.019644e-001  9.658968e-001 -3.153144e-001  5.481587e-002 -3.028266e-001 -1.175414e-001
-2.505948e+000 -9.599996e-001  2.968700e+001  1.382466e+000 -2.496333e+001 -4.419410e+000 -1.541074e+001 -3.363211e-001 -1.527431e+001 -2.671053e+000  3.076088e+000 -4.716562e+000  5.571532e+001  1.371252e-001  9.897155e-001  2.602711e-001  1.783607e+000  2.998971e+000 -1.082915e+000  2.713943e+000 -2.997980e+000  1.817949e-001  2.535902e-001 -1.241738e+000 -7.586070e-001 -2.606859e+000 -5.715274e-001 -5.641106e-001 -4.621398e-001  6.764750e-001  9.560624e-001  2.318768e-002  2.337386e-001  5.467412e-002  1.088779e+000 -8.345304e-001  2.139193e-001 -3.171054e-002 -3.056255e-001
-1.850177e+000 -6.911585e-002  2.725249e+001  7.266278e+000 -2.380665e+001 -5.074887e+000 -1.454410e+001 -2.214760e+000 -1.135145e+001 -3.615064e+000  1.975947e+000 -5.871554e+000  5.270664e+001 -3.919739e-001 -4.704694e-001  6.833845e-001  2.958575e+000  3.971419e+000 -1.195255e+000  1.655095e+000 -1.763581e+000  1.846954e+000 -1.330743e+000 -1.068432e+000 -9.081317e-001 -2.521573e+000 -4.285437e-001 -4.700576e-001 -9.839870e-001  1.554058e-001  5.038795e-001  1.505214e-001 -9.458013e-002  8.313720e-001  9.497904e-001 -6.367143e-001 -1.009476e-001  1.836227e-001 -3.465815e-001
-2.693181e+000  3.127248e-001  2.775248e+001  5.582427e+000 -1.179326e+001 -2.749993e+000 -1.108349e+001 -8.336482e+000 -1.570087e+001 -5.637260e+000  5.729982e+000 -8.667636e+000  4.954835e+001 -1.198802e+000 -7.426373e-001 -1.147169e+000  2.296697e+000  3.685217e+000 -4.159694e-002  1.282669e+000  3.508218e-001  2.583043e+000 -2.376134e+000 -1.279860e+000  1.480352e-001 -3.776742e+000 -2.355663e-001  1.056309e-001 -1.502544e+000 -7.343774e-002 -2.797683e-001 -1.791551e-001 -2.238472e-001  1.041166e+000  8.341839e-001 -3.382665e-003 -6.707872e-001  3.266725e-001 -3.269541e-001
-4.330759e+000 -4.668546e+000  3.181567e+001  1.186278e+001 -1.192383e+001 -5.926285e+000 -1.579701e+001 -2.162906e+000 -6.343250e+000 -9.611241e+000  5.045887e-001 -7.778318e+000  4.836110e+001 -8.036963e-001 -2.154222e-001 -3.549254e+000  1.731956e+000  2.984579e+000 -1.088649e+000  1.827148e+000  1.028845e+000  3.578054e+000 -1.143671e+000 -2.799143e+000  4.275942e-001 -3.554283e+000 -2.239280e-001  7.845221e-001 -1.774936e+000 -7.547992e-001 -3.417207e-001  5.674180e-002  3.330708e-001  4.267842e-001  7.554932e-002  8.543118e-001 -1.395425e-001  1.352079e-001 -2.999261e-001
-7.259666e+000 -2.373471e+000  2.166957e+001  1.056770e+001 -1.247865e+001 -4.201696e+000 -8.370944e+000  1.391861e+000 -4.863194e+000 -1.155364e+001 -2.587535e+000 -3.023004e+000  3.900438e+001 -8.348448e-001  1.390347e+000 -5.136130e+000  2.029728e+000  2.093549e+000 -2.031993e+000  1.508681e+000  8.116365e-001  3.487164e+000  1.431408e-001 -3.730319e+000  2.068925e-001 -3.725275e+000 -2.541929e-001  6.744751e-001 -9.196886e-001 -1.122570e+000 -2.311993e-001  2.897726e-001  2.810528e-001 -9.282812e-002 -3.181244e-001  1.345504e+000  1.025067e+000  1.530920e-001  1.858153e-001
-3.585416e+000  1.968709e-001  1.254767e+001  1.343342e+001 -8.541055e+000 -9.792281e+000 -6.764629e+000 -1.934708e+000  1.119980e+000 -6.375229e+000 -7.861007e+000 -6.555899e+000  4.020721e+001 -1.693592e+000  2.385649e+000 -6.196814e+000 -6.819356e-001  3.058650e+000  8.365245e-002  3.207443e+000  1.399329e-001  1.772640e+000  1.681179e+000 -5.409152e-001 -2.615210e-001 -4.046937e+000 -7.861577e-001 -6.489763e-001  6.399576e-001 -1.479833e+000 -1.467756e-001  1.063842e+000 -4.005974e-001 -1.227985e-001 -9.301896e-001  9.387990e-001  1.834109e+000  7.211258e-001  7.424322e-001
-7.240077e+000  4.831749e+000  1.170583e+001  1.494574e+001 -3.016898e+000 -1.097696e+001 -8.056273e+000 -4.392398e+000 -1.996661e+000 -6.539562e+000 -8.738815e+000 -8.244383e+000  3.499892e+001 -2.024818e+000  1.329203e+000 -4.421832e+000 -2.109206e+000  2.492185e+000  8.211152e-001  1.997786e+000  3.311370e-001  1.895128e+000  2.938959e+000  2.716360e+000  1.258053e+000 -2.601339e+000 -7.683808e-001 -2.019281e+000  1.755602e+000 -1.408363e+000 -4.513836e-001  1.137447e+000 -9.962519e-001  2.854984e-001 -6.468784e-001  5.801302e-001  1.500859e+000  9.554041e-001  1.389726e+000
-1.280852e+001  3.657088e+000  5.813474e+000  6.264080e+000 -1.361458e+000 -2.120390e+000  8.287351e-002  1.428888e+000  1.086682e+000 -3.712384e+000  8.756529e-001 -6.475234e+000  3.012914e+001 -4.139498e+000 -3.429732e+000 -7.066151e-001 -3.597743e+000  2.051383e+000  2.804005e+000 -4.203914e-001  6.551017e-001 -2.768759e-001  2.152415e+000  3.148061e+000  3.507643e+000 -4.040899e-001 -9.149852e-002 -1.695230e+000  1.734838e+000 -2.847226e-001 -9.111475e-001  3.092833e-002 -1.231997e+000  1.572580e-001 -3.112582e-001 -2.521754e-001 -3.452624e-001  4.584945e-001  1.261385e+000
-1.277221e+001  2.542435e+000  2.927507e+000  3.606344e+000 -3.607527e+000 -3.932065e+000 -1.805766e+000  1.365748e+000  4.629094e+000  1.809734e+000  6.625934e+000  3.226926e+000  3.103672e+001 -3.453796e+000 -5.798366e+000  8.967825e-001 -3.554185e+000  3.402646e-001  2.295068e+000 -1.658661e+000  1.981544e+000  1.277530e+000  2.808174e+000  1.929490e+000  3.099331e+000  1.401931e+000  5.899369e-001  9.168923e-002  4.950401e-001  5.873093e-001 -7.350934e-001 -6.588162e-001 -2.419114e-001 -7.590600e-002 -2.836445e-001 -7.864838e-001 -1.244679e+000 -7.697257e-001  2.127798e-001
-2.151684e+001 -1.580713e+001  1.340376e+001  1.114406e+000  2.011175e+000  7.052959e-001 -1.199184e+001 -1.538273e+000 -3.577277e+000  2.121999e-001  1.969234e-001  5.246664e+000  4.016787e+001 -1.436596e+000 -2.526714e+000 -1.819321e-001 -1.383059e+000 -4.211271e-001 -4.986824e-001 -1.124316e+000  1.010195e-001  5.251476e-001  4.856944e-001 -1.873792e+000  1.110312e+000  2.583525e-001  1.346359e+000  2.389525e+000 -9.386374e-001  1.248359e+000 -3.447134e-001 -8.656567e-001  1.129564e+000 -2.571524e-001 -2.640067e-002 -8.002741e-001 -6.438752e-001 -1.404155e+000 -9.215173e-001
-2.015490e+001 -1.442797e+001  1.239460e+001 -2.503461e-001 -3.001891e+000 -9.144629e-001 -1.031222e+001  6.998901e+000  6.722968e+000  5.539015e+000  1.248000e+000  1.391321e+000  3.698921e+001 -4.265846e-001  1.336140e+000 -2.208973e+000 -2.800015e-001  5.297320e-002 -8.216221e-001  1.140191e+000  2.286481e-001  7.589362e-002 -1.600997e-001 -9.961097e-001 -1.391910e+000 -1.868661e+000  1.087103e+000  2.498857e+000 -1.066639e+000  1.141130e+000  4.698387e-001 -5.845900e-002  1.195348e+000 -5.819036e-001 -6.918796e-001 -9.244400e-001  1.001417e-001 -9.026773e-001 -9.571639e-001
-1.630015e+001 -4.912792e-001  1.702664e-001  1.277130e+000 -3.769911e+000 -6.122603e+000 -1.285477e+000 -8.825914e-001  2.665483e+000 -3.148552e+000 -5.804342e+000 -5.870253e-003  2.844466e+001  1.078692e+000  4.950642e+000 -3.846925e+000  1.006959e+000  4.714620e-001  3.406673e-002  3.828000e+000  2.457874e-001  1.919389e-001 -3.648185e-001  1.391485e+000 -1.267513e+000 -3.376380e+000  7.882737e-001  2.980070e-001 -1.886144e-001  3.815745e-001  3.640005e-001  6.371052e-001  1.963796e-001 -3.450210e-001 -8.757849e-001  3.660430e-002  6.397206e-001 -3.336348e-001  5.838749e-001
