40 39
-1.150229e+001 -5.823589e-001  8.397367e-001  8.510496e+000  5.491003e+000 -2.103491e+000 -9.160381e+000 -5.164485e+000 -4.887739e+000 -9.963888e-001 -8.081650e+000 -7.190084e+000  5.050217e+001 -2.268523e+000 -1.072650e+000 -1.097801e+000 -9.145253e-001 -9.226422e-001  1.419811e+000  1.522189e+000  1.744017e+000  3.622660e+000  3.145822e+000  2.773871e+000  8.328735e-001  2.461227e+000 -4.201640e-001 -8.859579e-001 -1.812962e-001 -3.289604e-001 -7.439676e-001 -9.021930e-001 -5.641480e-001  2.411481e-001  1.319697e+000  2.489841e-001  8.302372e-001  4.686383e-001 -8.504367e-001
-1.807424e+001 -7.234659e+000 -2.174310e+000  2.853028e+000 -2.064216e+000 -6.630296e-001 -4.596879e+000  1.453659e+000  9.069952e+000  3.530242e+000 -2.642138e+000 -2.706269e+000  5.074165e+001 -2.907258e+000 -1.927641e+000 -7.354159e-001 -1.311707e+000 -1.427421e+000  3.396971e-001  2.410092e-001  1.149208e+000  4.009534e+000  2.759918e+000  3.035124e+000  1.596078e+000  1.315696e+000  3.059405e-001 -5.182615e-001 -6.374218e-002  8.748288e-002  2.299302e-001 -7.394879e-001 -5.019732e-001 -4.159751e-001 -9.262919e-001 -9.760714e-001  5.976865e-002 -1.591378e-001 -6.341356e-001
-1.850560e+001 -7.715122e+000 -5.252405e+000  2.070346e+000 -4.560652e+000 -2.624212e+000 -9.026132e-001  7.895508e-002  5.816553e+000  8.835429e+000  6.473956e+000 -3.927199e+000  5.252848e+001 -1.439725e+000 -1.975701e+000 -1.175415e+000 -1.766450e+000 -1.664195e+000 -4.512716e-001  9.062977e-001  1.452275e-001  7.383394e-001 -6.558206e-001  2.785722e+000  1.363302e+000  9.760975e-001  6.869803e-001  2.265743e-002  1.272146e-002  4.409072e-001  8.509500e-001 -3.406294e-001 -1.284270e-001 -1.427156e-001 -1.597633e+000 -1.174040e+000 -9.978048e-001 -4.199252e-001 -3.555651e-001
-1.854235e+001 -7.324468e+000 -3.282374e+000  1.131208e+000 -1.403404e+000 -1.515097e+000 -9.543279e+000 -5.637146e+000  1.780823e+000  1.251917e+000  2.888786e+000 -1.379547e+000  5.323462e+001 -1.149239e-001 -1.247821e+000 -1.113304e+000  4.400942e-001  1.798146e+000 -3.488142e-002  1.579842e-001 -7.371244e-001 -2.979157e+000 -1.782585e+000  7.096523e-001 -8.728017e-002  1.079981e+000  6.083047e-001  2.181565e-001 -1.276807e-001  3.886500e-001  5.674827e-001 -2.072283e-001  1.945400e-001  2.242531e-001 -1.235830e+000 -3.923720e-001 -1.193124e+000 -7.342976e-001 -1.517997e-001
-1.846685e+001 -1.041596e+001 -4.483305e+000  5.391552e-001 -3.160380e+000 -3.933815e+000 -2.155693e+000 -8.929450e-001  2.448522e+000 -3.136329e+000  3.081499e+000 -1.036937e+000  5.413618e+001 -2.297884e-001 -1.299272e+000 -8.452491e-001  4.141104e-001  1.719324e+000 -9.604616e-002  9.215663e-001  1.973606e+000 -8.711582e-001 -4.531239e-001 -1.052417e+000 -4.250731e-001  8.012592e-001  2.727082e-001  3.206218e-001 -6.939963e-002 -2.043726e-001 -2.662646e-001 -5.135700e-001 -4.893726e-001  5.210751e-002 -1.550512e-001  5.328041e-001 -9.247901e-001 -4.411896e-001 -2.438854e-002
-1.866823e+001 -1.212335e+001 -8.125381e+000  5.819094e+000  6.226379e+000 -1.826351e-001 -3.180418e+000 -1.746014e+000 -4.141816e+000  6.031944e-001  2.602352e+000 -4.587801e+000  5.533771e+001 -4.707022e-001 -1.175072e+000 -1.538902e+000 -4.587371e-001 -2.817674e-001 -8.740572e-001  1.206075e+000  1.356285e+000 -1.364868e+000  6.967099e-001 -1.011427e+000 -1.181223e+000  6.441170e-001  1.165515e-001  3.298384e-001  1.884052e-001 -9.510527e-001 -1.059843e+000 -4.975308e-001 -4.671263e-001 -3.761424e-001  6.360855e-001  3.544183e-001 -3.148504e-001  1.614806e-001 -4.618108e-004
-1.959160e+001 -1.181205e+001 -7.057147e+000  1.796955e+000  2.210770e-001 -3.770674e+000  5.237882e-001  8.001416e+000  4.422082e+000  6.894171e+000  1.355087e+000 -4.448438e+000  5.548323e+001  1.017054e-001 -4.089668e-001 -1.309614e+000 -2.338897e+000 -1.955561e+000 -2.599534e+000 -2.064611e+000 -6.409397e-001 -8.440610e-001  7.685522e-001 -9.776891e-001 -2.956752e-001  1.072087e+000  3.276339e-001  3.701498e-001  5.122274e-001 -5.112759e-001 -4.321345e-001  8.884075e-003 -3.112901e-001 -9.054373e-001  3.429010e-001 -7.503559e-002  1.964317e-001  5.676039e-001 -2.668286e-002
-2.033349e+001 -1.250179e+001 -9.689964e+000 -1.791378e+000 -4.502969e+000 -5.966954e+000 -4.852644e+000 -3.302901e+000 -6.030296e+000 -2.797833e-001 -1.305143e+000 -5.579909e+000  5.578168e+001  3.020867e-001 -4.378214e-002  6.090431e-002 -2.938665e+000 -1.663627e+000 -1.270792e+000 -6.845585e-001 -1.310564e+000  1.877219e-001 -6.213319e-001 -9.019640e-001  6.554237e-001  9.422581e-001  7.067169e-001  3.732673e-001  8.918568e-001  1.080584e-001  4.636484e-001  8.210512e-001  5.913579e-001 -4.432968e-002  6.407647e-001 -9.664359e-002  2.706495e-001  6.174075e-001 -2.299220e-001
-1.712570e+001 -1.227157e+001 -1.024908e+001 -7.350097e+000 -7.573512e+000 -1.403932e+001 -1.164263e+001 -3.319200e+000 -8.275430e-001  1.147920e+000  1.468003e-001 -2.019258e+000  5.927462e+001  1.021987e+000 -1.416864e-002  9.159843e-001 -9.023049e-001  2.495815e-001  1.467415e-001  3.104327e-001 -1.220157e+000  6.705175e-002 -1.692810e-001 -1.249905e-001  1.494623e+000  5.187744e-001  1.010028e+000  5.848955e-001  9.505149e-001  7.825130e-001  6.284912e-001  1.371884e+000  1.445254e+000  5.141094e-001  2.432961e-001 -1.082595e-002  2.672971e-001  8.838212e-002 -5.527694e-001
-1.839075e+001 -1.211249e+001 -6.224892e+000 -4.300707e+000  1.805538e+000 -1.402269e+000 -5.199989e-001 -2.638525e+000 -5.783939e-001  3.696598e-001 -1.303325e+000 -2.525272e+000  5.815330e+001  2.602741e+000  4.938649e-001  1.807583e+000 -6.367414e-001  9.339032e-001  1.858061e+000  2.975343e+000  1.424245e+000  1.383399e+000  6.824086e-001 -8.452893e-002  1.010666e+000 -2.288368e-001  1.628920e+000  1.115866e+000  5.777748e-001  2.288958e-001 -6.251720e-001  5.791382e-001  3.408804e-001  6.351617e-001 -3.422783e-001 -1.104945e-001  3.201500e-001 -5.416527e-001 -5.246045e-001
-1.545304e+001 -1.207754e+001 -4.209762e+000 -1.459905e+000 -1.685269e+000 -5.319308e+000 -9.037081e-002  1.568445e+000  2.031390e+000  5.723044e+000  7.292251e-001  1.497360e+000  5.689129e+001  4.001520e+000  2.246687e+000  2.569621e+000  4.227057e-001 -1.118706e-001  2.695460e+000  3.331709e+000  5.622026e-001 -2.254191e-001  6.255218e-002 -4.992124e-002 -3.138556e-002 -1.106213e+000  1.627888e+000  1.195997e+000  3.545294e-001 -9.235027e-001 -1.745730e+000  2.806997e-001 -1.029439e+000  7.346497e-001 -8.764408e-001 -6.202191e-001  3.391449e-001 -8.664710e-001 -1.469877e-001
-8.156112e+000 -1.012948e+001 -3.671711e+000 -7.920180e+000 -2.777575e+000 -1.036655e+000  4.247940e+000  1.374502e+000 -5.427654e-001  8.446975e-001 -2.019001e+000 -2.284889e+000  5.582916e+001  6.956923e+000  4.405119e+000  2.122960e+000 -2.456692e+000 -4.608761e+000  3.505402e-001 -4.907946e-001  9.740650e-001 -1.377434e+000 -1.289721e+000  6.612511e-001 -1.289835e+000 -8.682709e-001  7.465898e-001  5.360776e-001  1.560361e-001 -1.210376e+000 -1.924676e+000  2.449684e-002 -2.186165e+000  7.555353e-001 -1.093361e+000 -5.735089e-001  4.774207e-001 -6.438956e-001  3.600746e-001
-2.235421e+000 -2.029643e+000  1.322433e+000 -3.426832e+000 -5.841309e+000 -7.448320e-001  2.631942e+000 -2.514700e+000 -1.972453e+000  1.223163e+000  2.550319e-001 -2.296377e+000  5.490563e+001  6.984334e+000  4.010187e+000  2.530943e+000 -4.609844e+000 -5.707737e+000  2.304001e+000 -3.103692e+000  2.678182e+000 -2.934735e+000 -2.284312e+000  1.197844e+000 -1.687481e+000  1.035530e-001 -4.392033e-001 -7.003111e-001 -5.071635e-002 -1.173433e+000 -7.972588e-001 -7.281668e-002 -1.710586e+000  1.008150e+000 -4.820042e-001 -1.070392e-001  2.842255e-001 -2.471883e-001  5.937796e-001
 9.785057e+000  4.889158e+000  1.623809e+000 -1.560070e+001 -1.916025e+001 -1.936806e+000 -4.335128e+000  4.273373e+000 -5.463643e+000 -3.829004e+000  2.240027e+000 -7.077579e+000  5.480478e+001  4.844283e+000  2.292503e+000  2.607103e+000 -4.172348e+000 -5.891543e+000  2.176275e+000 -4.737783e+000  4.143932e+000 -2.728746e+000 -1.011704e+000  1.678692e+000 -1.380764e+000  9.666530e-001 -1.724740e+000 -1.486861e+000 -1.644252e-001  1.451230e-001  1.047635e+000 -1.251395e-001  7.598959e-002  2.595181e-001  1.700563e-001  5.313716e-001 -2.960851e-001  3.621013e-001  3.626054e-001
 1.049805e+001  4.640784e-001  5.797192e+000 -2.066886e+001 -2.203262e+001  6.650770e+000 -1.131730e+001  1.350992e+001 -1.018185e+001 -3.361664e+000  4.588931e+000 -4.543703e+000  5.792125e+001  2.861823e+000 -1.985601e-001  2.073968e+000 -4.586633e+000 -3.456774e+000  1.418509e+000 -3.097725e+000  4.018022e+000 -1.959784e+000 -6.116526e-001  8.624858e-001 -1.221862e+000  9.452232e-001 -1.778096e+000 -1.033887e+000 -5.744788e-001  1.041073e+000  1.677434e+000 -9.676369e-001  1.513660e+000 -9.165038e-001  7.553058e-001  6.806721e-001 -7.844108e-001  6.066371e-001 -1.474512e-001
 9.698567e+000  8.617266e-002  7.126424e+000 -2.016091e+001 -2.413964e+001  6.146920e+000 -1.246636e+001  1.408185e+001 -1.008180e+001 -1.921409e+000  4.207510e+000 -8.065049e+000  5.915462e+001  3.944775e-001 -9.248116e-001  1.529321e+000 -1.742682e+000 -4.960665e-001  1.675885e-001 -1.138301e-001  1.601736e+000 -1.014628e+000  5.308076e-001 -6.514951e-001  2.878620e-001  5.239212e-001 -1.163716e+000 -3.195963e-001 -7.512736e-001  1.151359e+000  1.560436e+000 -9.175615e-001  1.850494e+000 -1.345646e+000  7.371453e-001  2.055715e-001 -7.069575e-001  6.124508e-001 -4.383367e-001
 1.211694e+001 -6.209504e-001  8.940965e+000 -2.407990e+001 -2.063548e+001  2.305850e+000 -8.791066e+000  1.267117e+001 -9.462296e+000 -2.788898e+000  3.583720e+000 -7.911954e+000  5.745683e+001  3.187549e-001  4.494108e-001  1.974396e-001 -6.193104e-001 -1.830711e-002 -1.529840e+000  2.152632e+000 -6.332391e-001 -1.526489e-002  3.477932e-001 -1.559117e+000  5.113909e-001 -4.123371e-001 -5.945352e-001  1.717033e-001 -7.281591e-001  1.176359e+000  6.936942e-001 -4.074967e-001  9.248587e-001 -9.267093e-001  5.304741e-001 -1.384419e-001 -1.059716e-001  4.067135e-001 -3.253963e-001
 1.094800e+001  8.076147e-001  7.698527e+000 -2.260859e+001 -2.233915e+001  1.073597e+000 -6.167393e+000  1.270143e+001 -1.089656e+001 -1.461349e+000 -5.148427e-001 -3.954144e+000  5.765660e+001  2.972374e-001  3.705360e-001 -2.110010e-001 -3.992159e-001  1.914019e-001 -9.373578e-001  1.889507e+000 -2.586689e-001 -1.527882e-002 -4.635694e-001 -6.452943e-001  8.148631e-001 -5.462502e-001 -4.660271e-002 -1.441582e-001 -4.129509e-001  5.033180e-001  1.780316e-001  9.187542e-002 -1.647657e-001 -1.431495e-001  3.520947e-001 -5.532065e-001  6.481521e-001  3.825041e-002 -6.749225e-002
 1.146711e+001  2.350411e+000  6.498339e+000 -2.254157e+001 -2.302439e+001  1.538230e+000 -3.703618e+000  1.103394e+001 -9.850791e+000 -1.852728e+000 -8.454760e-001 -4.042201e+000  5.660857e+001 -6.223297e-002  1.228256e-002 -6.966667e-001  6.234266e-001 -3.320372e-001 -6.650154e-002  5.249003e-001  3.146774e-001  1.929115e-001 -8.066735e-001  3.295276e-001  5.482047e-001 -1.466728e-001  1.231992e-002 -6.855194e-001 -1.185570e-001  2.428516e-001  3.459469e-001  3.372724e-001 -7.414808e-001  2.490689e-001  1.691463e-001 -5.780346e-001  9.095827e-001  1.759794e-001  2.104089e-001
 1.150967e+001  4.531720e-001  7.292732e+000 -2.292615e+001 -2.198817e+001  1.843941e+000 -5.562546e+000  1.360712e+001 -9.963943e+000 -4.707341e+000  3.195636e+000 -5.925611e+000  5.684749e+001  3.519578e-001 -1.427039e+000 -8.838058e-002  1.525396e-001  5.509565e-001 -1.047039e-001 -1.237928e-001  4.120300e-001  6.417571e-001 -1.657992e+000  1.644943e+000  4.607071e-001  5.362778e-002  3.819585e-002 -6.369250e-001 -2.386629e-001  2.116555e-001  6.042624e-001  1.814526e-001 -5.885509e-001 -4.456659e-002  1.550049e-001 -3.655164e-001  4.782352e-001  4.726766e-001  2.314216e-001
 1.152494e+001 -3.823162e-001  5.660529e+000 -2.080399e+001 -2.247116e+001  1.588170e+000 -6.468988e+000  1.379171e+001 -8.964046e+000 -5.199270e+000  3.376118e+000 -4.185197e+000  5.712801e+001  3.529943e-001 -2.079399e+000 -4.566557e-001  3.190699e-001  1.531650e+000 -2.598056e-001 -5.481218e-001  2.767559e-001  5.019487e-001 -1.945169e+000  1.843678e+000  1.568366e+000  3.397686e-001  7.346953e-002 -2.458430e-001 -5.322208e-001  1.837293e-001  1.051877e+000 -9.701755e-002 -1.910666e-001 -3.229282e-001  1.708350e-002 -6.513767e-002 -8.090147e-002  7.594647e-001  5.960094e-002
 1.267888e+001 -4.961214e+000  7.675529e+000 -2.271469e+001 -1.986098e+001  5.251071e-001 -5.403672e+000  1.338269e+001 -8.131145e+000 -8.078036e+000  5.599078e+000 -1.579110e+000  5.766502e+001  2.806030e-001 -1.768248e+000 -1.524321e+000  8.112402e-001  2.280870e+000  6.655703e-002 -5.167361e-001 -4.625411e-001  6.052274e-001 -1.721904e+000  9.888067e-001  2.668165e+000  3.676372e-001 -3.141601e-002  4.706478e-001 -9.110316e-001  4.902181e-001  1.098139e+000 -2.467082e-001  6.503983e-002 -3.901764e-001 -2.387979e-001  4.351937e-001 -4.431428e-001  6.067805e-001 -1.934325e-001
 1.264748e+001 -5.339390e+000  4.023662e+000 -2.105195e+001 -1.642974e+001  8.986185e-001 -6.523664e+000  1.252993e+001 -8.257446e+000 -9.893225e+000  7.171193e+000  1.626379e+000  5.789865e+001  3.407921e-001 -1.046327e+000 -2.639801e+000  1.212723e+000  4.062393e+000 -6.372197e-001 -2.339610e-001 -8.626779e-001  2.965939e-001 -1.100406e+000  2.530886e-001  3.241799e+000 -5.672836e-003 -1.041350e-001  7.937569e-001 -7.664168e-001  5.615885e-001  8.788836e-001 -2.958500e-001  2.216013e-001 -1.912050e-001 -2.301285e-001  8.447992e-001 -4.999466e-001 -3.754183e-001 -4.244600e-001
 1.235141e+001 -5.909532e+000  4.895607e-001 -1.874596e+001 -1.360453e+001  2.521502e+000 -8.118889e+000  1.192531e+001 -7.291107e+000 -1.096988e+001  6.242132e+000  4.509429e+000  5.830036e+001  2.009788e-001  4.096646e-001 -3.551966e+000  2.156804e+000  4.776278e+000 -1.149538e+000  4.432597e-002 -9.691349e-001 -4.495552e-001  9.559517e-002  2.245239e-001  2.657893e+000 -7.408142e-001 -1.446968e-001  5.426456e-001 -2.609423e-001  3.585541e-001  6.344616e-001 -2.886163e-002 -5.866376e-002  1.467908e-001  1.726912e-001  7.260844e-001 -4.137908e-001 -1.368573e+000 -4.528345e-001
 1.339263e+001 -5.139794e+000 -3.945490e+000 -1.672473e+001 -5.287419e+000 -2.596126e+000 -6.281185e+000  1.020701e+001 -7.901096e+000 -9.255377e+000  4.320034e+000  8.979528e+000  5.678198e+001 -1.278687e-001  8.004291e-001 -3.274917e+000  2.454231e+000  4.678364e+000 -1.131008e+000  2.793537e-001 -4.259722e-001 -1.213023e-001  1.370077e+000 -2.739135e-001 -3.035893e-001 -1.228306e+000 -2.099757e-001 -7.520007e-002  3.575618e-001  2.072433e-002  7.499476e-002  7.144384e-001 -6.404242e-001  4.070710e-001  6.529816e-001  2.750183e-001 -4.711821e-001 -1.759279e+000 -1.613600e-001
 1.331119e+001 -3.012689e+000 -6.099725e+000 -1.409428e+001 -1.550751e+000 -3.475210e+000 -5.303282e+000  9.698479e+000 -1.055710e+001 -7.918984e+000  8.147277e+000  8.033783e+000  5.451928e+001 -2.085504e-001  2.160130e-002 -2.511474e+000  1.983257e+000  5.145193e+000  1.691431e-001 -1.066712e+000  5.305977e-002  1.677632e+000  6.732766e-001 -8.166462e-001 -2.402004e+000 -1.285219e+000 -1.164631e-001 -5.610617e-001  5.313504e-001 -6.732161e-002 -2.093257e-001  9.712260e-001 -7.689925e-001  2.336327e-001  9.905325e-001 -2.445769e-001 -6.512523e-001 -1.123435e+000  1.428714e-001
 1.152824e+001 -2.785666e+000 -9.056280e+000 -1.110664e+001  9.351920e-001 -1.758066e+000 -6.534698e+000  1.151348e+001 -7.230963e+000 -4.568286e+000  4.849053e+000 -1.653744e+000  5.364766e+001 -5.043219e-001 -1.228296e+000 -1.372238e+000  1.403118e+000  4.252910e+000  2.275632e+000 -2.880563e+000  6.615796e-001  2.497909e+000 -1.415520e-002 -1.582237e+000 -3.024650e+000 -5.402706e-001 -1.311860e-001 -2.532031e-001  7.126150e-001  3.783505e-001 -4.419288e-001  2.136201e-001 -4.482342e-001 -1.229840e-001  5.185375e-001 -3.135083e-001 -4.518616e-001  6.210325e-002  1.124996e-001
 1.224086e+001 -6.978590e+000 -9.512416e+000 -1.163873e+001  9.010132e+000  2.948187e+000 -1.332569e+001  1.153737e+001  7.619843e-001 -9.947043e+000  1.894391e+000 -2.183956e+000  5.344142e+001 -1.931102e-001 -1.381281e+000 -1.846554e+000  2.345752e+000  3.942377e+000  2.003272e+000 -2.220678e+000 -3.447474e-001  3.193502e+000 -4.351732e-001 -2.377576e+000 -1.598754e+000 -3.704750e-001 -5.301762e-001  2.961040e-001  1.064842e+000  1.039773e+000 -9.398302e-001 -6.993776e-001  6.774691e-001 -5.682528e-001 -1.558296e-001  2.089206e-002 -3.329875e-001  7.699664e-001 -2.988144e-001
 1.140619e+001 -9.298325e+000 -9.100332e+000 -1.093692e+001  1.069669e+001  5.570335e+000 -1.667279e+001  1.259546e+001 -1.071092e+000 -8.312123e+000 -4.647079e-001 -1.034851e+000  5.461956e+001 -7.915190e-001  2.358551e-001 -4.430256e-002  4.164735e+000  3.070128e+000 -9.799719e-001 -1.384834e+000 -8.419886e-001  1.713450e+000  3.567609e-001 -1.752757e+000 -3.946982e-001 -1.123180e+000 -9.850447e-001  3.836262e-001  1.147105e+000  1.064032e+000 -1.233081e+000 -1.098783e+000  1.569757e+000 -8.664986e-001 -3.731147e-001  3.020634e-001  4.232168e-002  7.638667e-001 -6.845309e-001
 1.240667e+001 -6.662766e+000 -1.531047e+001 -2.450382e+000  1.328039e+001  2.876950e+000 -1.133763e+001  7.433753e+000  2.330478e+000 -8.222932e+000 -1.083720e+000 -2.694330e-001  5.218096e+001 -2.715833e+000  7.700459e-001  2.148770e+000  5.801311e+000  1.037433e+000 -1.699943e+000  1.572769e+000 -2.036420e+000  1.290713e+000  5.922788e-001 -2.396324e+000  1.328519e-001 -2.487836e+000 -1.183690e+000 -2.078347e-001  1.068162e+000  2.404919e-002 -1.761478e+000 -3.666087e-001  1.611501e+000 -6.450940e-001 -4.195501e-001  4.164854e-001  5.806183e-001  6.443273e-001 -5.290007e-001
 7.487742e+000 -1.764302e+000 -6.378767e+000  5.122864e+000  1.415070e+001 -6.622307e+000 -1.445290e+001  9.355349e+000  5.520412e-001 -3.646537e+000 -2.425674e+000 -4.584497e+000  4.866199e+001 -4.168184e+000 -3.858290e-001  2.365627e+000  4.995499e+000 -4.600244e-001 -1.366676e+000  3.071499e+000 -2.825077e+000  1.583730e+000  9.824358e-001 -1.361254e+000 -7.111920e-002 -2.904245e+000 -5.878260e-001 -7.774384e-001  3.081445e-001 -9.274749e-001 -1.779147e+000  6.559535e-001  1.220570e+000 -3.709216e-001  1.300389e-001  2.011700e-001  9.121894e-001  5.586572e-001  1.466451e-002
 6.209148e-001 -6.895371e+000 -1.293499e-001  9.337938e+000  1.247029e+001  5.447929e-001 -6.571793e+000  2.975324e+000  6.403982e+000 -9.318442e+000 -9.106746e+000  2.551259e-001  4.398102e+001 -4.423226e+000 -2.109613e+000  2.289292e+000  2.050616e+000 -3.099939e+000  3.635806e-001  3.608662e+000 -2.578673e+000  1.160612e+000  1.334416e+000  3.297648e-001  1.461093e+000 -2.124946e+000  5.002051e-001 -3.740801e-001 -2.040773e-001 -1.171676e+000 -9.379538e-001  6.123411e-001  1.008526e-001  7.067883e-002 -2.136534e-001  1.329518e-001  1.163604e+000  4.338915e-001  5.660866e-001
-3.541851e+000 -1.111117e+001 -4.862754e+000  8.146414e+000  8.801616e+000 -9.696800e-002 -3.698212e+000  6.992913e-001  4.810806e+000 -2.852189e+000 -3.259468e+000 -1.652727e+000  4.419830e+001 -2.876953e+000 -2.211507e+000  1.426159e+000  1.402709e+000 -3.756919e+000  1.268034e+000  3.700071e+000 -2.425470e+000  2.428695e+000  9.915422e-001  1.445146e+000  1.734467e+000 -1.231302e+000  1.203893e+000  5.540228e-001  1.837333e-002 -7.686379e-001  1.870357e-001  1.519861e-001 -5.402821e-001  4.400450e-001 -7.284036e-001 -1.815478e-001  4.212238e-001 -5.322792e-002  5.886199e-001
-4.194664e+000 -1.253740e+001 -4.622014e+000  6.290923e+000  4.552360e-001  1.432184e+000  1.328338e+000 -1.131584e+000  6.004154e+000 -1.948024e+000  9.820005e-001  5.570148e+000  4.378808e+001 -8.604229e-001 -1.875155e-001  1.598117e+000  1.739328e+000 -2.003888e+000  4.440745e-002  1.762746e+000 -1.882830e+000 -2.000370e-001  1.252485e+000  2.018498e+000  1.399516e+000 -4.938740e-001  1.057003e+000  1.135125e+000  2.097160e-001 -3.281026e-001  1.026769e+000 -1.761252e-001 -6.703705e-001  7.944542e-001 -9.738576e-001 -2.376166e-001 -5.780037e-001 -1.181636e+000  2.558647e-001
-4.489232e+000 -1.000083e+001  2.998358e+000  1.365992e+001  1.373633e+000 -7.258348e-001  9.738319e-002 -7.185462e-001  1.289543e+001 -2.374036e+000 -2.443186e-001  1.430329e+000  4.260196e+001  6.987806e-002  1.423237e+000  2.803081e+000  1.307953e+000 -7.287131e-002 -4.471593e-001  1.293046e+000 -9.727738e-001 -1.377964e+000  1.156629e-001 -9.950168e-002 -3.064704e-001 -7.766811e-001  4.095955e-001  1.090964e+000  1.420087e-001 -6.446893e-001  7.567300e-001 -9.275740e-002 -6.825240e-001  9.681575e-001 -1.082608e+000 -1.058254e-001 -9.036025e-001 -1.280315e+000  1.611474e-003
-3.207510e+000 -8.388120e+000  3.930681e+000  1.527783e+001  6.164837e+000  1.081264e+000  3.441409e-001 -5.729905e+000  1.361484e+000 -3.295096e+000 -5.218312e-001  5.711180e+000  4.230983e+001 -6.116263e-001  1.748639e+000  2.649411e+000  4.574808e-001  1.918810e-001  3.405510e-001  1.460322e+000  6.672499e-001 -1.805347e+000  5.842728e-001 -1.787930e+000 -3.426617e+000 -1.072933e+000 -1.403318e-001  6.928757e-001 -4.072094e-002 -7.991114e-001 -5.167960e-002  2.737069e-001 -3.137108e-001  8.615299e-001 -1.880285e-001 -1.203427e-001 -3.034607e-001 -7.807502e-001 -8.600136e-002
-3.686038e+000 -6.069623e+000  4.876305e+000  1.019273e+001  5.582458e+000 -2.157305e+000  3.259119e+000 -1.865418e+000  2.423215e-001 -1.600338e+000 -3.005060e+000 -3.255595e+000  4.105402e+001 -9.533737e-001  2.275237e+000  1.610556e+000 -1.179814e+000 -1.071154e+000  6.561747e-001  4.386631e-001  1.140278e+000 -2.181689e+000  7.965212e-001 -1.169653e+000 -2.254043e+000 -9.337155e-001 -8.809847e-002  4.396622e-001 -2.711396e-001 -5.365591e-001 -4.894258e-001  3.234569e-001 -4.280670e-001  1.869729e-001  1.290558e-001  1.301220e-003  7.715610e-001  4.589151e-001  9.661732e-002
-7.654392e+000 -5.759807e+000  7.686067e+000  1.031192e+001 -6.897720e-001  3.850674e+000  7.049079e+000  2.778100e+000  3.303973e+000  5.864912e-001 -6.577279e+000 -9.219977e+000  3.919738e+001 -1.050456e+000  2.850863e+000  1.990776e+000 -1.012345e+000 -1.763145e+000  8.612748e-001  6.213840e-001  1.368294e+000 -7.383168e-001  3.103422e-001  1.036270e+000 -1.530448e+000 -8.453636e-001  4.160260e-001  2.384153e-001 -3.496738e-001 -2.543694e-001 -1.444513e-001 -1.026394e-001 -5.741753e-001 -5.626986e-001 -1.061361e-001 -2.358581e-001  1.063803e+000  1.287046e+000  2.635048e-001
-7.032659e+000  6.120372e-002  9.173444e+000  1.024380e+001 -5.548317e-001  1.170334e+000 -1.061771e+000  7.288411e-001  1.015741e+000 -3.322234e-001 -3.064859e+000 -2.374306e+000  3.948960e+001 -1.511995e-001  3.070436e+000  1.776701e+000 -6.399294e-001 -1.542487e+000  9.097633e-001 -4.278198e-001 -3.884315e-001 -1.266200e+000  2.591344e-001  2.346203e+000  1.040021e+000 -4.073792e-001  5.743356e-001 -3.266053e-001 -3.411695e-001  1.180802e-001  4.637433e-001 -1.353724e-001 -2.073152e-001 -8.531169e-001 -1.709065e-001 -4.869159e-001  2.078770e-001  5.557084e-001  2.303748e-001
-6.786479e+000  2.800779e+000  1.173599e+001  1.019057e+001  4.177570e-001  3.723818e+000  5.611506e+000 -1.855624e-001 -2.716809e+000 -2.377443e+000  4.689416e+000 -2.381706e+000  3.886522e+001  1.067417e+000  2.543116e+000  8.179690e-001 -1.084309e+000 -2.947088e-001 -2.994403e-001 -9.773133e-001 -1.381888e+000 -2.793772e+000 -3.263245e-001  1.773159e+000  1.361581e+000 -1.857719e-002  3.604715e-001 -7.887695e-001 -5.506777e-001  2.781685e-001  5.313768e-001 -2.612063e-001  5.479327e-003 -4.397006e-001  1.487859e-002 -3.792296e-001 -7.488741e-001 -1.781445e-001  1.175974e-001
