32 39
-1.383908e+000  8.415323e+000  9.827728e+000 -1.397282e+001 -1.727171e+000  1.344971e+000 -1.753792e+001 -8.557874e+000 -7.969745e+000 -4.994263e+000  8.431705e+000 -5.223104e+000  5.916920e+001 -2.893998e+000  1.282564e+000  1.143024e+000  4.125616e+000  6.486816e-001 -1.864720e+000 -1.534609e+000  9.170719e-001  2.335723e-001  1.563135e+000 -1.177907e+000 -1.414302e+000 -7.175525e-001  5.169333e-001 -8.534348e-001 -3.866487e-001 -4.785065e-001 -3.942470e-001  1.533328e-001  1.135277e+000 -4.235205e-001  1.137400e+000  6.582825e-001 -8.150049e-001  6.288381e-002  1.504538e-001
-3.200420e+000  1.003538e+001  8.022331e+000 -8.485673e+000 -3.788976e+000  1.714339e+000 -1.675418e+001 -1.062570e+001 -7.314756e+000 -1.307404e+000  6.227173e+000 -5.768937e+000  5.822595e+001 -2.026971e+000  1.318063e-001  7.099418e-001  2.687927e+000  1.099396e+000 -1.746120e+000 -5.022343e-001  1.635799e-001  1.800269e+000  2.129102e+000 -1.866369e+000 -1.047823e+000 -4.076595e-001  4.294840e-001 -6.236972e-001 -2.391232e-001 -9.243093e-001 -2.107824e-001  2.363130e-001  8.375456e-001 -1.237069e-001  9.711279e-001  5.640751e-002 -5.741225e-001  1.101534e-001  3.231007e-001
-4.628199e+000  1.042138e+001  5.999835e+000 -6.674358e+000 -2.563694e-001 -1.835295e+000 -1.503098e+001 -9.634190e+000 -4.349169e+000 -6.090794e-001  1.818737e+000 -3.206340e+000  5.806432e+001 -2.050946e+000  9.550533e-002  1.488500e-002  1.446549e+000  1.228235e+000 -1.189663e+000 -3.339291e-003  3.175988e-001  2.644863e+000  2.477029e+000 -3.331709e+000 -1.078054e+000  2.296185e-001  1.433147e-001 -3.338765e-001  7.635722e-002 -8.200197e-001 -4.105130e-001  4.406175e-001  1.644346e-001  3.194038e-001  4.575263e-001 -6.492070e-001  1.004020e-001  6.100792e-002  4.471105e-001
-6.774558e+000  9.789907e+000  7.571917e+000 -8.477773e+000  3.094707e+000 -3.066013e+000 -1.490379e+001 -1.132303e+001 -1.659896e+000  6.319126e+000 -1.034194e+000 -8.924447e+000  5.879307e+001 -2.327441e+000  2.589645e-002  1.158306e+000  6.688100e-001  2.579136e-001 -5.509565e-001 -5.289386e-001  1.263539e+000  2.771552e+000  9.334738e-001 -2.530004e+000 -1.479265e+000  6.802998e-001  1.992442e-001 -4.144492e-001  2.143593e-001 -2.871798e-001 -9.127403e-001  3.358636e-001  1.106654e-001  7.304721e-001 -2.707425e-001 -1.396123e+000  7.961276e-001  3.041567e-001  4.141272e-001
-9.851569e+000  9.015586e+000  1.012736e+001 -6.744025e+000  9.721643e-001 -2.213168e+000 -1.847980e+001 -6.621214e+000  2.427138e+000  3.577616e+000 -4.596157e+000 -9.035621e+000  6.003374e+001 -2.027190e+000 -3.338636e-001  1.300628e+000  1.035076e+000 -9.831427e-001 -2.592142e-001 -6.990844e-001  1.964111e+000  2.035562e+000 -1.085086e+000 -3.440799e-001 -8.935411e-001  9.740204e-001  7.922307e-001 -6.587580e-001 -1.789377e-001  7.844172e-002 -1.087853e+000  2.741225e-001  3.549609e-001  1.269224e-002 -4.267010e-001 -1.002891e+000  8.144607e-001  6.225456e-001  2.467632e-001
-1.222594e+001  1.086776e+001  1.175010e+001 -5.106790e+000 -3.113674e+000 -8.515069e-001 -1.767446e+001 -5.814494e+000  3.154848e+000  1.266617e+000 -3.215401e+000 -1.025062e+001  6.064274e+001 -1.042629e+000 -1.725755e+000  1.138867e+000  1.457765e+000 -2.358617e+000 -5.320266e-001  3.989651e-001  2.992684e+000  7.512065e-001 -3.070454e+000  6.204545e-001  3.807040e-001  1.290776e+000  1.509781e+000 -8.817942e-001 -7.492086e-001  1.081456e-001 -8.866970e-001  1.557147e-001  6.837280e-001 -9.462959e-001 -1.746190e-001 -5.403038e-002  3.268404e-001  7.127912e-001  5.479261e-002
-1.203846e+001  8.213138e+000  1.041389e+001 -3.184469e+000 -2.067892e+000 -4.238619e+000 -1.714107e+001 -2.567902e+000  3.421271e+000 -3.508256e+000  1.188941e+000 -7.010958e+000  6.200959e+001  1.267802e+000 -2.322459e+000 -8.700841e-001  1.444281e+000 -2.902766e+000  1.714848e-001  1.307513e+000 -4.835127e-001  1.521530e+000 -5.354620e-001 -8.346347e-001  1.104689e+000  1.158197e+000  1.874651e+000 -8.775476e-001 -7.401713e-001 -9.925912e-002 -4.876184e-001 -7.816909e-002  6.497619e-001 -1.118385e+000  2.094947e-002  4.379183e-001  3.789013e-002  4.492233e-001 -1.951125e-001
-1.089425e+001  1.562354e+000  1.312299e+001 -2.968727e+000 -7.178351e+000 -4.713420e+000 -1.357834e+001  1.613734e+000  1.599071e+000 -5.490206e+000 -8.244708e-001 -8.033258e+000  6.425903e+001  3.573971e+000 -3.388777e+000 -1.502381e+000  1.004936e+000 -3.215760e+000  1.226759e-002  1.886402e+000 -2.244129e+000  2.155473e+000  3.885098e-001 -6.505249e-001  1.085576e+000  8.621746e-001  1.657868e+000 -4.513626e-001 -5.993718e-001 -2.473914e-001  2.645551e-001 -3.827552e-001  3.160274e-002 -3.312525e-001 -8.200978e-002  1.024612e-001  6.345744e-001  3.169689e-002 -4.518714e-001
-4.178401e+000  2.055994e+000  5.090495e+000 -5.916531e-001 -1.150933e+001  5.752131e-001 -1.399030e+001 -1.275289e+001  1.081268e+001  4.278718e+000 -9.964796e+000 -4.620857e+000  6.401658e+001  5.037766e+000 -3.890091e+000 -1.079605e+000  7.651949e-001 -2.992663e+000 -9.222068e-001  1.806007e+000 -1.009408e+000  1.438177e+000 -6.249765e-001  4.808604e-001  1.000140e+000  2.127586e-001  7.530451e-001 -7.444791e-002 -1.546113e-001 -3.676825e-001  1.020826e+000 -6.817885e-001 -7.449002e-001  1.427064e+000 -5.323462e-001 -1.153715e+000  1.510872e+000 -3.707362e-001 -4.709696e-001
 1.713886e+000 -2.997553e+000  6.899889e+000 -1.378518e+000 -1.447176e+001 -3.197085e+000 -9.817830e+000 -1.194264e+001  1.023651e+001 -6.843212e-001 -8.911574e-001 -6.017793e+000  6.395012e+001  5.361732e+000 -3.198752e+000 -1.753232e+000  5.603507e-001 -9.908925e-001 -1.898957e+000  3.077321e-001  1.599369e+000  3.828345e-001 -2.513391e+000  3.135579e+000  5.914631e-001 -4.958622e-001 -2.106386e-001  6.449067e-001 -3.537460e-001 -4.786567e-001  1.544146e+000 -2.797851e-001 -1.335790e+000  1.603878e+000 -4.600230e-001 -1.046228e+000  1.137424e+000 -5.836284e-001 -3.737701e-001
 6.846297e+000 -8.957363e+000  8.127413e+000 -1.535991e-001 -1.338451e+001 -9.607821e+000 -9.991289e+000 -8.367546e-001  6.293435e+000 -9.036081e+000  3.626586e+000 -3.017992e+000  6.322783e+001  4.139147e+000 -2.789711e+000 -1.517715e+000 -1.718396e-001  1.088933e+000 -2.281845e+000 -1.627653e+000  4.730059e+000 -2.538815e-001 -4.853089e+000  4.826676e+000 -5.019355e-001 -5.176331e-001 -8.244126e-001  1.257341e+000 -6.985774e-001 -5.763422e-001  1.526836e+000  2.083835e-001 -1.097083e+000  2.867227e-001  4.416676e-002  1.248031e-002  1.819804e-001 -6.493865e-001 -2.157865e-001
 1.040205e+001 -8.924729e+000  2.838367e+000 -3.860012e-001 -1.119522e+001 -9.116689e+000 -1.403918e+001  3.652513e+000  5.772865e+000 -1.139976e+001  8.057732e+000 -5.877376e+000  6.217409e+001  2.970087e+000 -7.144334e-001 -3.052055e+000 -9.198305e-001  2.464170e+000 -7.068384e-001 -3.075719e+000  2.905527e+000  7.013870e-001 -2.728574e+000  2.863689e+000 -1.081528e+000 -6.414798e-001 -1.004816e+000  1.421715e+000 -5.735629e-001 -5.456234e-001  9.417123e-001  4.257530e-001 -2.481764e-001 -1.176082e+000  4.303494e-001  1.022507e+000 -8.031157e-001 -4.924049e-001 -9.364430e-002
 1.217325e+001 -8.928970e+000 -4.673195e-001 -1.947109e+000 -7.702928e+000 -7.874211e+000 -2.001789e+001  3.099823e+000  1.177509e+001 -1.462901e+001  9.694139e+000 -7.200744e+000  6.231643e+001  2.111525e+000  1.154456e+000 -3.923080e+000 -1.376426e+000  2.913986e+000 -4.763486e-001 -1.987681e+000 -2.288737e-001  1.499734e+000 -4.549832e-001  1.526707e+000 -1.410297e+000 -7.933651e-001 -8.288205e-001  9.876969e-001 -2.887440e-001 -2.952541e-001  4.008368e-001  4.910634e-001  1.987753e-001 -1.705793e+000  4.800434e-001  1.473450e+000 -1.296637e+000  8.530295e-002  1.565586e-002
 1.390085e+001 -6.583917e+000 -4.063022e+000 -5.080915e+000 -4.991699e+000 -7.598082e+000 -2.018313e+001  6.167024e-001  1.100261e+001 -1.153073e+001  1.039351e+001 -9.334059e+000  6.119842e+001  1.351464e+000  1.937738e+000 -3.418364e+000 -1.565473e+000  2.805142e+000 -6.729404e-001 -7.531360e-001 -1.801576e+000  1.657774e+000  4.000900e-001  7.699846e-001 -1.416380e+000 -8.262177e-001 -6.565207e-001 -8.074883e-002  3.806686e-001 -2.991822e-002  2.174872e-001  3.243678e-001 -6.191075e-002 -7.720253e-001  3.262897e-001  7.528483e-001 -9.516789e-001  5.266683e-001  2.380638e-001
 1.565452e+001 -4.355488e+000 -8.037292e+000 -4.688271e+000 -1.916338e+000 -1.274887e+001 -1.685772e+001 -4.632179e-001  1.117723e+001 -1.124551e+001  1.009223e+001 -8.341137e+000  5.974884e+001  8.043560e-001  8.226886e-001 -2.778281e+000 -1.325289e+000  2.922630e+000  1.565228e-001 -1.795068e+000 -1.445357e+000  1.668142e+000  9.498269e-001 -6.096582e-001  9.200525e-002 -3.469849e-001 -4.600313e-001 -8.551572e-001  7.087497e-001  1.165649e-001  2.280248e-001  3.913091e-001 -6.499558e-001  3.043386e-001  3.578051e-002  2.391680e-001 -6.731517e-001  7.824201e-001  3.556864e-001
 1.541873e+001 -1.522782e+000 -1.046847e+001 -6.842787e+000 -6.280613e-002 -1.004406e+001 -1.938494e+001 -3.573849e+000  1.436066e+001 -1.109106e+001  1.170861e+001 -1.238908e+001  5.932679e+001  3.410679e-001 -9.522937e-001 -1.721112e+000 -1.094990e+000  3.547283e+000  5.985649e-001 -3.481580e+000 -3.463579e-001  2.248631e+000  3.332624e-001 -8.265230e-001  8.006620e-001  3.256493e-001 -3.498439e-001 -8.581495e-001  6.295063e-001  2.708352e-001 -2.409468e-002  2.649570e-001 -3.475545e-001  6.958079e-001 -4.942427e-001  3.040142e-001 -4.598114e-001  7.714274e-001  3.211217e-001
 1.543608e+001 -7.346095e+000 -1.115600e+001 -7.692618e+000  4.445776e+000 -5.868607e+000 -2.939232e+001 -2.031687e+000  1.843678e+001 -1.009971e+001  5.988299e+000 -5.213206e+000  6.151732e+001  3.165657e-001 -1.676314e+000 -1.227958e+000 -1.028843e+000  3.683040e+000  8.444444e-001 -3.873238e+000  5.652100e-001  1.383208e+000  7.742707e-001 -1.040798e+000  1.393282e+000  4.091335e-001 -2.517175e-001 -7.516437e-002  4.402943e-001  2.888349e-001 -5.670010e-001 -1.414944e-001  1.004596e+000  3.537341e-001 -9.336131e-001  2.344330e-001  8.839299e-002  2.364763e-001  3.787594e-002
 1.571541e+001 -9.850081e+000 -1.110923e+001 -9.053692e+000  9.563660e+000 -8.045387e+000 -3.132373e+001 -3.308523e-001  1.861600e+001 -1.043732e+001  8.312863e+000 -6.894714e+000  6.194243e+001 -1.538608e-001 -1.103508e+000 -1.045994e+000 -3.595203e-001  2.304464e+000  3.078837e-001 -1.451824e+000  6.721793e-001 -6.709726e-001  2.007939e+000 -1.313503e+000  1.790118e+000  4.013317e-001 -1.968837e-001  5.818531e-001  3.743535e-001  5.256689e-002 -1.180872e+000 -2.330622e-003  1.875292e+000  2.163123e-004 -1.067689e+000 -1.163129e-001  3.552185e-001  1.221632e-001 -1.634518e-001
 1.708902e+001 -8.573407e+000 -1.385670e+001 -8.727032e+000  1.168563e+001 -9.525983e+000 -3.025452e+001  7.413338e-001  1.596560e+001 -7.701029e+000  6.586116e+000 -4.121911e+000  6.048669e+001 -2.067672e-001  5.224741e-001 -9.143683e-001 -2.488493e-001  7.090346e-001 -4.056085e-001  2.213033e+000 -1.859551e-001 -1.540121e+000  1.284654e+000  7.579665e-002  7.796584e-001 -1.954464e-001 -2.117227e-001  7.181172e-001  5.786107e-001 -3.981771e-001 -1.547191e+000  5.930372e-001  1.823622e+000 -1.042038e-001 -7.644836e-001 -7.477266e-001  4.949315e-001  1.371514e-001 -1.476073e-001
 1.382296e+001 -6.426668e+000 -1.434809e+001 -8.123181e+000  7.839590e+000 -6.675956e+000 -2.621296e+001 -1.599463e+000  1.224139e+001 -2.250700e+000  4.842185e+000 -3.984137e+000  6.184877e+001 -3.816841e-001  8.575777e-001 -6.139278e-003 -1.222152e+000 -8.700751e-001  1.211938e+000  2.851743e+000  3.030626e-002 -1.628151e+000 -5.034934e-001  3.912721e-001  1.718290e+000 -1.893196e-001 -3.924813e-002  3.888274e-001  7.318112e-001 -8.097678e-001 -1.357631e+000  9.855239e-001  1.079305e+000  2.469692e-001 -4.285935e-001 -1.303563e+000  4.837415e-001  2.347644e-001 -1.009413e-001
 1.534847e+001 -6.445431e+000 -1.410841e+001 -9.402120e+000  8.852984e+000 -8.581365e+000 -2.088254e+001 -2.327157e+000  1.392348e+001 -7.769750e+000  8.102622e+000 -2.770203e+000  6.058692e+001 -6.281363e-001  9.337289e-001  1.145168e+000 -2.588412e+000 -2.465643e+000  3.357603e+000  3.093090e+000  3.651275e-001 -1.960621e+000 -1.708646e+000  5.814723e-001  2.114953e+000 -3.357735e-002  4.426460e-003 -1.134469e-001  5.951923e-001 -6.161456e-001 -1.020255e+000  7.225018e-001  5.734977e-001  5.248101e-001 -5.355436e-001 -8.645232e-001  1.288413e-001  1.535570e-001  8.421990e-002
 1.467726e+001 -6.626181e+000 -1.101407e+001 -1.482691e+001  6.629606e+000 -2.458005e+000 -2.175100e+001  1.354925e+000  1.149631e+001 -1.292042e+001  9.510971e+000  1.020880e+000  6.094572e+001 -1.394169e-001  6.350012e-001  1.583294e+000 -3.238578e+000 -2.896351e+000  3.353897e+000  3.504675e+000  1.631484e+000 -2.603690e+000 -3.013226e+000  8.523669e-001  2.296293e+000 -1.843094e-001  6.348041e-002 -3.298176e-001  1.539797e-001  8.646473e-002 -5.083455e-001 -3.306998e-001  6.897615e-001  2.832492e-001 -4.582458e-001 -1.211268e-001  7.295895e-002 -5.676277e-001  1.306735e-001
 1.352119e+001 -3.805006e+000 -9.797868e+000 -1.831723e+001 -3.759569e-002  5.153059e+000 -1.702005e+001  1.089777e+000  6.535037e+000 -1.090939e+001  7.159085e+000  3.950346e+000  6.077033e+001 -3.057685e-001  6.652799e-002  1.266876e+000 -2.321364e+000 -3.379102e+000  2.135921e+000  4.754055e+000  1.637507e+000 -3.730070e+000 -1.783097e+000  4.894555e-001  1.258442e+000  2.231480e-001  4.944378e-002 -3.781728e-001 -1.869926e-001  6.282056e-001  1.472237e-001 -1.105144e+000  3.362771e-001 -2.380520e-003 -2.524071e-002  3.435286e-001  1.229370e-001 -1.083437e+000  1.358948e-001
 1.403952e+001 -4.571875e+000 -8.586891e+000 -1.985852e+001 -2.196877e+000  3.226317e+000 -1.062083e+001  4.849488e+000  2.917159e+000 -1.574701e+001  9.575788e+000  4.137053e+000  6.083551e+001 -2.254660e-001 -3.579096e-001  7.029054e-001 -9.233524e-001 -2.955073e+000  1.692806e-001  5.470068e+000  8.103626e-001 -3.034656e+000 -1.071902e+000  8.020753e-001 -6.915931e-001  3.356853e-001 -1.039925e-001 -1.137907e-001 -1.807660e-001  5.284363e-001  4.739717e-001 -5.577537e-001 -6.479258e-001 -4.805312e-001  6.656209e-001  6.717753e-001  2.663146e-002 -1.236384e+000  9.127987e-002
 1.413850e+001 -7.139945e+000 -8.987619e+000 -1.849314e+001 -3.629285e+000 -7.439221e-001 -2.677347e+000  4.113094e+000 -4.373001e-001 -1.527194e+001  1.051749e+001  1.963921e+000  6.175776e+001 -3.378928e-001 -4.606800e-001  6.503997e-001 -6.049969e-001 -1.700164e+000 -5.758061e-001  3.791779e+000  7.637855e-001 -1.871342e+000 -9.616644e-001  1.221303e+000 -1.808289e+000  3.858994e-001 -1.406687e-001  4.373237e-001  1.366180e-003 -5.727314e-002  6.314005e-001  3.597103e-001 -1.298659e+000 -9.367927e-001  1.100027e+000  8.484457e-001 -2.804102e-001 -8.929907e-001 -1.306546e-001
 1.324128e+001 -6.748260e+000 -7.904667e+000 -1.935572e+001 -6.349914e+000  1.336888e+000 -1.572016e+000  3.895079e+000 -1.908028e-001 -1.609866e+001  1.184214e+001 -1.443872e+000  6.213043e+001 -6.433172e-001  3.296517e-001  9.877023e-001 -1.454580e+000 -1.365962e+000  1.920992e+000  7.461838e-001 -3.343115e-001 -2.049494e-001 -6.506510e-002  6.196004e-001 -2.352261e+000  1.907143e-001 -1.893172e-001  6.761755e-001  1.667017e-001 -1.285800e-001  6.744840e-001  3.737610e-001 -1.026346e+000 -9.547190e-001  7.353170e-001  1.138124e+000 -6.842900e-001 -4.107369e-001 -2.611976e-001
 1.223085e+001 -5.020214e+000 -6.886981e+000 -2.159361e+001 -6.461895e+000  3.218743e+000 -2.585562e+000  5.385909e+000 -1.267691e+000 -1.554189e+001  1.213242e+001 -2.300637e+000  6.205237e+001 -8.001862e-001  1.909366e+000  1.131309e+000 -2.342116e+000 -1.016655e+000  3.058616e+000  6.227003e-001 -2.474120e+000  3.552127e-001  1.955714e+000 -8.213581e-001 -2.376178e+000 -3.576393e-001 -3.044601e-001  4.015180e-001  2.156113e-002  5.017682e-001  1.032293e+000 -4.031225e-001 -3.454557e-002 -7.723773e-001  8.364376e-002  1.155831e+000 -8.397067e-001 -1.649038e-001 -2.482424e-001
 1.177676e+001 -3.983482e+000 -4.698699e+000 -2.558118e+001 -7.610383e+000  1.084995e+001 -6.935805e+000  2.541523e+000  2.307608e+000 -1.593736e+001  1.186632e+001 -5.491971e+000  6.164178e+001 -9.409055e-001  1.837945e+000  1.295959e+000 -6.976925e-001  7.559304e-002  2.208746e-001  1.922878e+000 -2.344280e+000 -4.713478e-001  3.160027e+000 -1.598044e+000 -2.461334e+000 -5.985333e-001 -4.830175e-001  5.298180e-003  5.037532e-002  1.425838e+000  1.263481e+000 -1.481055e+000  7.726983e-001  1.252703e-001 -5.449802e-001  7.347574e-001 -4.660065e-001 -1.354511e-002 -3.281506e-001
 1.086982e+001  1.024495e+000 -4.934060e+000 -2.709099e+001 -8.082327e+000  9.792632e+000  3.118049e+000 -7.580726e+000  8.955821e-002 -5.574027e+000  6.398611e+000 -7.892919e+000  6.021389e+001 -1.711399e+000  7.927635e-001  6.040769e-001  1.525401e+000  2.740526e+000 -1.741360e+000  3.030704e+000 -2.093117e+000 -1.319924e+000  3.204946e+000 -1.868408e+000 -2.578272e+000 -4.606888e-001 -1.092157e+000 -2.618819e-001  3.164391e-001  2.011210e+000  1.263674e+000 -1.224203e+000  1.788179e-002  1.340826e+000 -3.526912e-001  9.501886e-002  9.286226e-002  4.733965e-001 -3.636948e-001
 9.217259e+000 -5.808899e-001 -2.401332e+000 -2.009549e+001 -5.161733e+000 -8.456836e-001  5.190567e+000 -1.343004e+000 -3.226167e+000 -5.282457e+000  6.718829e+000 -1.095440e+001  6.005700e+001 -2.602798e+000  9.144437e-001  1.503195e+000  3.740850e+000  3.072850e+000 -3.084296e+000  3.405674e+000  1.015383e-001 -2.092282e+000  2.984106e+000 -1.186907e+000 -2.318939e+000 -1.398514e+000 -1.597380e+000 -3.492212e-003  3.143803e-001  1.410406e+000  7.400991e-001  2.428501e-001 -8.583138e-001  1.515189e+000  5.713741e-001 -1.291194e-001  3.806034e-001  1.114582e+000 -4.089270e-001
 4.953599e+000 -2.757692e+000 -5.015281e+000 -1.670945e+001  6.016408e+000  3.597567e-001  6.504773e+000 -3.137410e+000 -5.100422e+000 -4.844609e+000  5.364128e+000 -1.246078e+001  6.054131e+001 -5.430027e+000  1.061707e+000  2.609887e+000  5.494661e+000  3.803088e+000 -1.409815e+000 -2.928865e-002  3.007100e+000 -5.977762e-001  2.518769e+000 -5.626153e-001 -8.039255e-002 -1.776123e+000 -1.469577e+000  1.627210e-002 -1.101247e-001  1.297358e-001 -6.163194e-001  7.038676e-001 -1.155849e+000  1.001880e+000  1.175551e+000 -5.161912e-002  3.601315e-001  1.703895e+000 -3.764417e-001
 1.720881e+000  2.479830e+000  2.857886e+000 -1.206769e+001  7.045002e-001  1.449039e-001  8.399200e+000  8.275570e-001 -5.558811e+000 -1.381539e+000  6.449030e+000 -1.480273e+001  5.448550e+001 -7.068493e+000  1.686012e+000  1.864956e+000  4.369706e+000  3.244807e+000  1.269352e+000 -8.386951e-001  2.681558e+000  2.024449e+000  2.857518e+000 -3.479235e-001  1.862636e+000 -1.985451e+000 -6.195313e-001 -4.970686e-001 -9.828723e-001 -1.218399e+000 -1.095048e+000  7.435528e-001 -8.140374e-001 -1.289278e-001  1.001440e+000 -2.305467e-001 -8.283832e-002  1.611900e+000  1.079255e-001
