24 39
-1.362830e+001 -1.379535e+001  2.005731e-001  4.144352e-001  6.067794e+000  5.427251e+000 -6.665797e+000 -1.453261e+000  1.781008e+000  1.103284e+000  1.551926e-001  7.013302e-001  4.745453e+001  3.291535e+000  1.990436e+000  1.140630e+000 -4.298577e-001 -5.302508e-001  6.165094e-001  2.348398e+000 -3.131109e+000  3.919288e-001  2.001513e-002 -3.488386e+000  7.491811e-001 -2.550554e+000  4.144049e-003  1.413817e+000  8.929561e-001 -1.611075e+000 -2.247748e+000 -1.731094e+000  3.296201e-001  4.118693e-001 -5.564027e-001 -2.350124e-001 -7.455378e-001 -1.005461e+000  1.863048e+000
-1.232413e+001 -8.846197e+000 -2.934310e+000 -8.914057e+000  1.811757e+000  7.698347e+000 -1.083977e+000 -8.146849e-001  8.549105e+000  5.079047e-004  2.708045e+000  6.223837e+000  4.341292e+001  4.461308e+000  3.021241e+000  2.532999e+000 -2.537793e+000 -4.456806e+000 -1.747100e+000  2.593040e+000 -3.154390e+000  1.170915e-001 -7.262970e-001 -3.251861e+000 -7.686502e-001  1.524107e+000  2.945946e-001 -5.357815e-002  9.180331e-001 -1.199871e+000 -1.874901e+000 -1.195717e+000 -5.578948e-001  8.677360e-001 -5.286874e-001 -1.890288e-001  6.440384e-002 -1.347931e+000  2.542243e+000
-5.102757e+000 -3.033254e+000  6.346217e+000 -5.531893e+000 -7.547132e+000  2.676420e+000 -4.903491e+000 -6.284182e+000  6.322991e+000 -8.627000e-001 -9.556437e+000 -5.484250e-001  4.948176e+001  5.260249e+000  1.270915e+000  3.332206e+000 -4.131684e+000 -6.364475e+000 -2.482225e+000  1.641160e+000 -6.685948e-001 -2.552579e-001 -4.381969e-001 -2.136802e+000 -2.330645e+000  4.579112e+000 -1.818920e-001 -1.372144e+000 -7.072852e-002 -9.191006e-001 -1.785520e-001  6.902508e-002 -4.651469e-001  1.586681e+000 -1.971412e-001 -2.700314e-001  1.345038e+000 -5.898764e-001  1.594828e+000
 2.262275e+000 -4.281381e+000  8.845160e+000 -1.253100e+001 -1.497477e+001 -3.843326e+000  2.205224e+000 -7.781815e+000  4.640300e+000 -4.820656e-001 -9.135144e+000 -4.989668e+000  5.935238e+001  4.536106e+000 -1.118372e+000  2.963191e+000 -3.750244e+000 -4.669241e+000 -1.610979e+000  5.271223e-001  1.086316e+000 -9.244517e-001 -2.442300e-001 -8.431845e-001 -2.684551e+000  5.364102e+000 -1.090333e+000 -1.495147e+000 -9.379976e-001 -1.065104e-001  1.737781e+000  1.256706e+000 -4.776017e-001  1.372806e+000 -1.421391e-001 -5.611135e-001  1.548183e+000  2.081932e-001 -9.415927e-002
 5.379742e+000 -9.723185e+000  1.097187e+001 -1.843551e+001 -1.736132e+001 -1.213040e+000 -1.045963e-001 -1.312670e+000  2.459121e+000 -8.464139e-001 -4.607224e+000 -5.345140e+000  6.238036e+001  2.344676e+000 -2.800478e+000  5.718913e-001 -4.419135e+000 -1.316793e+000  8.935745e-001  1.055622e+000  2.681943e+000 -7.300544e-002 -1.571175e+000  2.032465e+000 -1.242250e+000  3.503587e+000 -1.442574e+000 -7.611538e-001 -1.363968e+000  6.177409e-001  2.670866e+000  1.515591e+000 -2.343659e-001  1.374449e-001 -3.498652e-001 -7.690000e-001  1.374573e+000  6.913947e-001 -1.094730e+000
 5.115150e+000 -1.109309e+001  9.568820e+000 -2.121347e+001 -1.662735e+001  1.588179e+000 -8.478127e-001  2.131142e+000  5.858781e+000 -1.228785e+000 -3.982483e+000 -4.800561e+000  6.378413e+001  4.674269e-001 -2.418797e+000 -7.768317e-001 -2.926619e+000  1.708260e+000  2.848528e+000  4.978001e-001  2.034373e+000 -6.847304e-001 -2.965375e+000  2.404423e+000 -2.718812e-001  1.591073e+000 -1.066141e+000 -5.899103e-002 -1.148615e+000  1.019798e+000  2.343940e+000  9.469930e-001 -1.921654e-001 -9.796071e-001 -6.471075e-001 -5.805503e-001  1.221349e+000  5.939032e-001 -1.195716e+000
 5.194185e+000 -1.362979e+001  8.843843e+000 -2.328634e+001 -1.330481e+001  4.428539e+000  1.901139e+000  2.169054e+000  5.348723e+000 -8.345217e+000 -1.970441e+000 -6.854230e+000  6.478382e+001  8.171801e-002 -1.884641e+000 -1.617622e+000 -1.454792e+000  3.801101e+000  2.865974e+000  4.839916e-001 -4.553986e-001 -2.124444e+000 -2.922624e+000  3.112259e+000 -8.000608e-002  9.919785e-001 -4.433023e-001  2.976478e-001 -5.308515e-001  1.438654e+000  1.357424e+000 -7.764419e-002 -6.249789e-001 -1.522051e+000 -5.558076e-001  2.555272e-001  7.869964e-001  7.877991e-002 -6.939994e-001
 4.692188e+000 -1.442206e+001  6.025014e+000 -2.473869e+001 -8.461726e+000  7.578525e+000  3.691356e+000  6.491863e-001 -2.281530e-001 -1.155954e+001  1.568579e+000 -5.594529e+000  6.610602e+001  3.368816e-001 -1.871246e+000 -1.685127e+000 -1.334267e-001  4.491514e+000  2.137786e+000 -1.478892e-001 -2.243048e+000 -3.134269e+000 -2.471257e+000  4.723666e+000 -2.961569e-001  6.413285e-001 -8.406368e-002  2.451549e-001 -5.670631e-003  1.291806e+000  2.640568e-001 -8.617879e-001 -8.737769e-001 -1.006501e+000  2.366952e-001  1.056185e+000  2.169778e-001 -2.362142e-001 -2.914831e-001
 5.999813e+000 -1.748191e+001  4.655660e+000 -2.394686e+001 -2.438626e+000  1.012166e+001  4.577710e-002 -2.848685e+000 -5.119635e+000 -1.029416e+001  8.178540e+000 -5.348186e+000  6.617931e+001  1.934370e-001 -1.586015e+000 -1.628219e+000  1.377541e+000  4.078701e+000  8.607246e-001 -1.746428e+000 -2.789602e+000 -1.627274e+000 -5.405983e-001  4.807826e+000 -8.362129e-001  5.084625e-001 -1.387996e-001  2.406938e-001  4.569840e-001  9.058889e-001 -6.286759e-001 -1.137980e+000 -8.536143e-001  2.788460e-002  1.050562e+000  1.361961e+000 -9.466369e-001 -2.243527e-001 -1.423814e-001
 6.396745e+000 -1.852326e+001  3.237277e+000 -2.155034e+001  3.971275e-001  9.430549e+000 -6.595774e-001 -6.575229e+000 -4.578387e+000 -1.261060e+001  1.456135e+001 -7.034367e+000  6.629303e+001 -8.751011e-003 -1.342335e+000 -7.998868e-001  2.116244e+000  2.889744e+000 -4.577867e-001 -2.755875e+000 -1.831030e+000  2.501600e-001  1.124538e+000  2.641529e+000 -1.074849e+000  3.754150e-001 -2.502687e-001  3.072867e-001  8.152087e-001  3.315463e-001 -1.112203e+000 -9.798733e-001 -5.312616e-001  7.980649e-001  1.202819e+000  1.392666e+000 -2.177309e+000  7.632022e-002 -8.331803e-002
 5.309092e+000 -1.950926e+001  2.096619e+000 -1.799281e+001  2.659268e+000  7.806150e+000 -4.655532e+000 -8.166749e+000 -6.125283e-001 -1.052268e+001  1.557230e+001 -1.031538e+001  6.723263e+001 -4.394635e-001 -9.456276e-001  2.246776e-001  1.949818e+000  1.458607e+000 -1.526142e+000 -2.480087e+000 -5.219849e-001  1.436152e+000  2.089283e+000 -5.798567e-001 -8.124238e-001  4.130279e-001 -1.902642e-001  3.115349e-001  1.118827e+000 -2.126545e-001 -1.269845e+000 -5.586255e-001 -5.109470e-002  9.266906e-001  7.556684e-001  9.055310e-001 -2.615021e+000  4.846701e-001 -1.415380e-001
 4.993793e+000 -2.012006e+001  3.305101e+000 -1.713449e+001  3.438049e+000  6.447344e+000 -7.737363e+000 -5.846930e+000 -1.230906e+000 -5.822591e+000  1.107934e+001 -8.485177e+000  6.745644e+001 -5.980116e-001 -6.550056e-001  1.464468e+000  1.238166e+000  2.405483e-001 -1.568147e+000 -2.437367e+000  6.134678e-001  1.348110e+000  3.177133e+000 -3.469037e+000  7.354965e-002  2.724556e-001 -8.529677e-002  4.885746e-001  1.103328e+000 -1.082394e-001 -1.122124e+000 -2.841251e-001  4.405667e-001  2.131004e-001  3.573895e-001  3.135962e-001 -2.103805e+000  5.828843e-001 -3.500563e-001
 4.503971e+000 -2.141164e+001  5.745136e+000 -1.640569e+001  3.333947e+000  3.982548e+000 -8.815765e+000 -5.822759e+000  3.873860e-001 -3.241746e+000  7.020263e+000 -8.684900e+000  6.766275e+001 -4.632537e-001 -3.720051e-001  2.833738e+000  7.533067e-001 -9.459285e-001 -1.377223e+000 -2.161155e+000  6.216021e-001  1.602093e+000  2.960759e+000 -5.211998e+000  1.012939e+000 -1.477478e-001  4.393729e-002  8.651857e-001  8.016726e-001  5.173333e-001 -9.303329e-001 -3.580863e-001  7.434598e-001 -4.269376e-001  1.119363e-001 -8.883624e-002 -1.157007e+000  4.823235e-001 -6.546853e-001
 3.809247e+000 -2.084710e+001  8.735360e+000 -1.615306e+001  1.262529e+000  3.501614e+000 -1.076630e+001 -4.679885e+000  1.662208e+000 -3.654035e-001  1.492190e+000 -7.481856e+000  6.744025e+001 -4.233398e-001  8.137262e-001  3.412225e+000  2.173303e+000 -1.518607e+000 -1.952872e+000 -7.125076e-001 -1.337321e+000  1.954137e+000  2.256781e+000 -5.561425e+000  9.268916e-001 -1.094479e+000  7.650339e-002  1.291910e+000  2.760314e-001  1.033147e+000 -6.822762e-001 -5.450248e-001  8.956419e-001 -8.133072e-001 -1.168557e-002 -1.599600e-001 -7.573690e-002  1.637205e-001 -8.301235e-001
 3.585096e+000 -2.100577e+001  1.355018e+001 -1.471699e+001 -9.826152e-001  2.392902e+000 -1.394684e+001 -5.642261e+000  5.951381e+000  1.552525e+000 -5.694111e+000 -5.752343e+000  6.650198e+001 -3.071130e-001  2.645935e+000  3.259162e+000  4.068916e+000 -2.313480e+000 -3.124211e+000  3.747819e-001 -1.681278e+000  1.692820e+000  2.105278e+000 -5.318695e+000  1.172523e+000 -2.176931e+000  1.215548e-001  1.358571e+000 -4.239336e-001  7.755155e-001 -2.567921e-001 -1.630762e-001  9.731746e-001 -8.784007e-001 -4.314222e-001 -4.531233e-002  9.290023e-001 -8.452594e-003 -7.457702e-001
 3.336532e+000 -1.625437e+001  1.646371e+001 -7.112331e+000 -1.996706e+000 -2.522192e+000 -8.734364e+000 -1.262378e+001  5.757782e+000  3.064180e+000 -1.037059e+001 -5.316998e+000  6.256443e+001 -2.935650e-001  4.295572e+000  2.631913e+000  4.746095e+000 -2.487057e+000 -3.419777e+000  7.728739e-001 -2.301628e+000  1.244319e+000  2.805074e+000 -3.794373e+000  8.123599e-001 -2.863570e+000 -3.499673e-002  9.500453e-001 -9.618830e-001 -5.228775e-001  4.026447e-001  7.845555e-001  8.340329e-001 -2.447772e-001 -9.053223e-001 -4.052666e-001  1.485969e+000  1.280661e-001 -2.871965e-001
 3.204764e+000 -1.047833e+001  1.817677e+001 -5.814807e-001 -6.603836e+000 -8.626606e+000 -7.957823e+000 -1.025720e+001  6.803700e+000  5.569852e+000 -1.364182e+001 -3.904716e+000  5.921600e+001  7.963271e-002  4.679926e+000  1.104226e+000  3.344488e+000 -1.745664e+000 -1.459152e+000  1.962028e+000 -3.288248e+000 -2.001088e-001  2.460052e+000 -1.450513e+000  1.027941e+000 -2.992053e+000 -4.504225e-001 -7.294559e-003 -1.101992e+000 -1.551668e+000  1.176106e+000  1.493091e+000  7.740266e-001  6.617227e-001 -8.227535e-001 -8.665725e-001  1.554185e+000 -3.020699e-001  2.509365e-001
 2.531588e+000 -4.632954e+000  1.958163e+001  5.096574e-001 -8.362145e+000 -8.087516e+000 -9.896437e+000 -1.388055e+001  7.457644e+000  1.165130e+001 -1.350582e+001 -4.343870e+000  5.676538e+001 -7.916963e-001  4.546957e+000 -3.197220e-001 -7.887087e-002  2.107081e-001  1.137376e+000  2.664034e+000 -1.757722e+000 -1.626010e+000  5.306146e-002 -6.567297e-002  1.639513e+000 -2.122901e+000 -6.973699e-001 -9.340190e-001 -1.265637e+000 -1.466701e+000  1.111438e+000  1.253888e+000  3.362670e-001  1.775877e+000 -4.633970e-001 -1.503178e+000  1.015905e+000 -6.474959e-001  5.029802e-001
 4.385732e+000 -3.416847e+000  1.751235e+001 -1.805542e+000 -6.528216e+000 -2.120193e+000 -3.555666e+000 -2.145512e+001  4.100906e+000  9.559222e+000 -1.137906e+001 -1.099200e+000  5.444124e+001 -2.310160e+000  2.483769e+000 -7.749780e-001 -1.276941e+000  2.218165e+000  2.062669e+000  3.299335e+000  1.355382e+000 -9.857830e-001 -8.515785e-001  5.878816e-001 -7.514029e-001 -1.292584e+000 -7.152750e-001 -1.267658e+000 -1.109836e+000 -5.637568e-001  1.648351e-001 -1.248515e-002 -8.160731e-001  2.274923e+000  2.262134e-001 -1.152867e+000  4.184943e-001 -1.000286e+000  4.691963e-001
-1.212433e+000  2.949677e+000  1.519731e+001 -6.894655e+000 -9.809754e-001 -8.851995e-002  2.384729e+000 -1.581344e+001 -1.020870e+000  1.334802e+000 -1.183034e+001  1.477808e+000  5.433730e+001 -2.585518e+000  7.235553e-001 -2.756669e+000 -2.766965e-001  1.088220e+000  1.088754e+000  1.785555e+000  4.255942e+000 -6.798287e-001 -3.055001e+000  2.659554e-001 -1.535447e+000 -1.198404e+000 -1.775730e-001 -1.133756e+000 -1.101717e+000  3.976793e-001 -1.024889e+000 -1.034549e+000 -1.890917e+000  1.206934e+000  6.932328e-001 -1.172239e-001  9.234596e-002 -8.201156e-001  2.565362e-001
-6.474024e+000 -1.850803e+000  1.649404e+001 -3.264029e+000  7.964053e-001 -2.312761e+000  2.398269e+000 -2.513850e+000  6.114042e+000  6.470210e+000 -1.154015e+001 -1.057257e+001  5.396712e+001 -2.599832e+000  2.533374e-001 -3.226480e+000  6.246172e-001 -1.360245e+000 -1.497266e+000 -1.679098e+000  5.079533e+000  4.578676e-001 -1.750253e+000  4.761449e-001 -2.386007e+000 -1.108320e+000 -1.167942e-002 -3.661852e-001 -9.787512e-001  3.861091e-001 -1.465571e+000 -9.197221e-001 -1.889458e+000 -7.398734e-001  1.747279e-001  2.588675e-001  2.236891e-001  4.411322e-001  6.343620e-002
-4.966125e+000 -1.798200e+000  6.307433e+000 -1.445814e-001 -6.583358e+000 -2.547462e+000 -3.945628e+000 -2.071476e+000  3.051933e+000 -2.079196e+000 -1.209550e+001 -7.284422e+000  5.101043e+001 -1.534725e+000 -6.604792e-003 -4.602556e+000  9.587464e-001 -3.124530e+000 -2.255401e+000 -4.301334e+000  2.414872e+000  1.118329e+000 -8.372059e-002  4.519252e-001 -1.643763e+000 -9.323521e-001 -6.396688e-001 -1.522611e-001  3.728221e-002  2.089051e-001 -2.066303e-001  1.210671e-001 -5.188358e-001 -1.410150e+000 -8.739787e-002  5.945985e-001  7.319309e-001  1.088275e+000 -4.805754e-002
-6.736580e+000  2.237781e-001  5.824884e+000 -2.057493e+000 -1.052825e+001 -8.377054e+000 -8.785979e+000 -2.928434e+000  4.353842e+000  2.514955e+000 -8.865759e+000 -8.648120e+000  5.056308e+001 -2.893953e+000  1.017923e+000 -4.745790e+000  3.588305e-002 -3.003316e+000 -8.638648e-001 -3.104510e+000 -1.423450e+000 -1.011222e+000 -1.042881e+000  1.613342e+000  1.508416e+000 -1.108429e+000 -1.087340e+000 -5.108250e-001  9.310018e-001  1.979855e-001  1.131057e+000  1.248171e+000  1.142112e+000 -4.709572e-001 -1.575045e-001 -1.682846e-002  1.047768e+000  1.452305e+000 -8.184962e-002
-8.754782e+000  1.879363e+000 -2.480890e+000 -2.704191e+000 -1.094130e+001 -8.333377e+000 -1.352982e+001 -3.531786e+000  5.450874e+000  2.893826e+000 -1.090791e+001 -7.703234e+000  5.137756e+001 -5.636802e+000 -4.200433e-001 -1.810603e+000  1.062196e+000  8.766038e-001  1.377389e+000 -9.591775e-002  4.566843e-001 -3.822731e-001 -4.356940e-001  3.357011e+000  1.958718e+000 -1.438637e+000 -9.796541e-001 -9.628257e-001  1.823899e+000  2.576654e-001  1.567297e+000  1.342760e+000  1.848741e+000  7.565343e-001  1.659617e-001 -2.814957e-001  8.825403e-001  7.878098e-001  7.771049e-002
