41 39
 5.394698e+000  8.889240e+000 -1.274098e-001 -6.518542e+000 -2.424719e-001 -1.499033e+001 -1.148589e+001 -1.669890e+001 -9.055933e+000 -3.073967e+000 -8.138245e+000 -7.169017e+000  4.591168e+001  1.505502e+000  3.822369e+000 -4.701638e+000 -1.193382e+000  2.037618e+000  3.419937e+000 -4.329685e-001  2.534760e+000 -7.851074e-001  3.743632e-001 -1.102314e-002  3.404108e-001 -2.879527e+000 -1.138323e+000 -6.267854e-001  1.226226e+000  9.668743e-001 -2.263578e+000  1.351986e+000 -4.463942e-001 -6.166055e-002 -4.572302e-001  9.854131e-001 -1.032964e+000 -2.378833e-001  6.866371e-001
 5.093050e+000  1.381917e+001  1.009028e-001 -8.983506e+000 -5.360669e-001 -1.223505e+001 -1.057056e+001 -1.027319e+001 -1.453255e+001 -4.985518e+000 -6.749605e+000 -4.665012e+000  4.252862e+001 -1.028440e+000  2.451705e+000 -3.664565e+000  2.801310e+000 -1.372995e+000  3.358257e+000 -3.450075e-001  2.332993e+000 -7.078398e-001  1.263516e+000 -7.301060e-001 -1.226147e+000 -1.110526e+000 -9.244195e-001 -1.492452e+000  1.495067e+000  1.225067e+000 -1.665374e+000  1.578417e-001 -8.353491e-002 -7.118443e-001  2.529734e-001  2.321630e-001 -4.344042e-001 -4.151261e-001  9.578511e-001
 4.243622e+000  7.794828e+000 -3.666310e+000  3.504728e+000 -4.478108e+000 -9.745412e+000 -1.380943e+001 -1.365281e+001 -1.190733e+001 -1.474882e+000 -8.332245e+000 -8.059466e+000  4.382281e+001 -2.090445e+000  4.571021e-001 -1.698597e+000  4.553786e+000 -2.956245e+000  2.434631e+000 -4.225900e-001  2.110910e+000 -8.920609e-001  6.664060e-001 -6.893495e-001 -9.853356e-001  3.212089e-002 -7.125433e-002 -1.304063e+000  1.498026e+000 -4.943795e-001 -2.850733e-001 -7.012483e-001  3.967541e-001 -6.378412e-001  7.753410e-001 -8.240188e-001  8.467469e-002 -4.083672e-002  6.238965e-001
-2.879531e+000  1.333204e+001 -6.152982e+000  8.644970e+000 -1.069692e+001 -7.966620e+000 -1.068817e+001 -7.834209e+000 -1.387052e+001 -2.441293e-001 -9.952421e+000 -9.146724e+000  4.569643e+001 -6.988252e-001 -1.070548e+000 -2.929941e-001  1.634464e+000 -1.104311e+000  1.495615e+000  3.256658e-001  2.636808e-001  1.360676e+000 -1.001303e+000 -4.213414e-001 -7.664942e-001  6.892967e-002  1.028885e+000 -9.813923e-001  1.184361e+000 -2.361546e+000  9.615675e-001 -7.888463e-001  2.460875e-001 -6.899467e-001  8.665593e-001 -1.190413e+000  4.420632e-001  4.847925e-001  1.287572e-001
-1.071236e+000  1.141831e+001 -5.493454e+000  7.436149e+000 -9.943270e+000 -4.951385e+000 -1.354004e+001 -7.363838e+000 -1.384725e+001 -2.112632e+000 -9.983584e+000 -9.854839e+000  4.448838e+001  9.844234e-001 -9.368197e-001  1.102709e+000 -3.081857e+000  4.779104e-001  8.450161e-001  1.215465e+000  3.802108e-001  2.057339e+000 -2.613322e+000  2.579680e-001 -9.359922e-002 -3.497730e-001  1.179016e+000 -4.199620e-001  3.165876e-001 -2.577750e+000  9.049635e-001 -6.845344e-001  1.520382e-001 -3.244168e-001  3.697812e-001 -7.915006e-001  5.429770e-001  5.945402e-001  1.119922e-001
 4.256353e+000  6.654683e+000 -4.504955e-001 -2.776895e+000 -3.325043e+000 -7.153987e+000 -9.076930e+000 -1.209927e+001 -6.759208e+000 -9.673156e+000 -8.030643e+000 -7.599796e+000  4.254049e+001  2.578551e+000 -1.758296e+000  8.565850e-001 -5.188600e+000  1.717765e+000  2.088337e-001  6.640253e-002 -2.513910e-001  2.150256e+000 -3.048686e+000  1.006551e+000  7.519474e-001 -2.757935e-001  5.258592e-001  5.154116e-002 -5.670958e-001 -1.357413e+000 -1.579202e-001 -2.695364e-001 -1.973538e-001  3.077054e-001 -9.036558e-001  6.835699e-002  5.158097e-001  4.764711e-001  4.337429e-001
 5.597797e+000  6.449407e+000 -1.004009e+000 -6.193623e+000 -5.774494e+000 -5.926648e+000 -8.537721e+000 -9.619229e+000 -5.176292e+000 -9.826978e+000 -8.003294e+000 -9.300926e+000  4.365192e+001  2.165949e+000 -1.298834e+000 -6.904489e-001 -4.923432e+000  1.575342e-001 -3.446499e-001  4.672329e-001  7.463618e-001  5.620548e-001 -2.267406e+000  1.311589e+000  1.228145e+000  7.644432e-001 -6.172292e-002  1.494827e-001 -8.829385e-001 -2.424981e-001 -6.106697e-001  2.697383e-001 -4.052249e-001  4.286157e-001 -1.381799e+000  6.308163e-001  2.015272e-001  1.914465e-001  6.339136e-001
 6.678709e+000  7.025012e+000 -4.114780e+000 -1.048314e+001 -4.192480e+000 -6.434821e+000 -1.285732e+001 -7.963468e+000 -7.454720e+000 -1.163039e+001 -5.909810e+000 -5.663943e+000  4.473569e+001  1.339708e+000 -6.318351e-001 -2.231894e+000 -4.231813e+000 -1.733724e+000  7.427664e-001 -2.869871e-001  1.619132e+000 -2.409961e+000 -8.324758e-001  1.630896e+000  9.549896e-001  1.680536e+000 -4.198415e-001  1.825978e-001 -5.223446e-001  2.141289e-001 -5.118568e-001  7.575648e-001 -2.353064e-001  4.264154e-001 -1.046183e+000  6.861925e-001 -1.117330e-001 -3.642643e-001  5.487417e-001
 8.547330e+000  4.738982e+000 -7.113557e+000 -1.332789e+001 -8.721880e+000 -7.034218e+000 -9.313680e+000 -5.699930e+000 -1.068922e+001 -1.247104e+001 -4.486054e+000 -4.682042e+000  4.721300e+001  1.295230e+000 -7.526366e-001 -1.767744e+000 -4.772740e+000 -8.496934e-001  1.926741e+000 -6.339644e-001  1.588028e+000 -2.571549e+000 -5.673453e-001  9.534317e-001  7.621120e-001  1.841630e+000 -4.127430e-001 -1.261211e-001  8.546294e-002  4.724459e-001  3.343558e-001  8.935354e-001 -4.832785e-001  1.116412e-002  1.049713e-001  3.940697e-001 -1.916441e-001 -8.191051e-001  2.220509e-001
 9.480127e+000  4.350720e+000 -8.555194e+000 -2.036883e+001 -1.051997e+001 -2.886370e+000 -1.012389e+001 -5.963258e+000 -1.605255e+001 -1.251350e+001 -1.634781e+000 -5.134291e+000  4.916263e+001  9.147029e-001 -1.118405e+000 -1.216491e+000 -4.193302e+000 -3.379046e-001  2.860962e+000 -5.595306e-001  1.459853e+000 -1.513859e+000 -4.677535e-001  6.269653e-001 -8.363577e-001  1.929322e+000 -4.531913e-001 -4.927676e-001  4.522163e-001  1.063169e+000  9.257004e-001  3.959278e-001 -5.296887e-001 -3.822117e-001  1.205308e+000  1.806052e-001 -1.466464e-001 -1.033553e+000 -3.199339e-004
 1.067324e+001  4.023370e+000 -7.622522e+000 -2.511448e+001 -6.859215e+000  1.932834e+000 -1.307426e+001 -2.679196e+000 -1.373513e+001 -1.222215e+001 -5.373650e+000 -5.755193e+000  5.064660e+001  3.147364e-001 -1.686154e+000 -7.708362e-001 -2.580459e+000  1.131404e+000  3.063930e+000 -1.812888e+000  8.818220e-001  6.388603e-001 -4.794182e-001  8.553341e-001 -1.971707e+000  1.750305e+000 -6.319042e-001 -6.222275e-001  2.752298e-001  1.829897e+000  8.100646e-001 -2.027390e-001 -5.541958e-001 -5.929570e-001  1.095113e+000  2.955377e-001  1.176056e-001 -9.805209e-001 -2.396356e-002
 1.018927e+001  1.790791e+000 -9.942750e+000 -2.555635e+001 -6.813335e+000  3.386462e+000 -1.377468e+001 -2.174569e+000 -1.350106e+001 -1.409360e+001 -2.331185e+000 -9.309156e+000  5.266550e+001 -4.360015e-001 -2.628914e+000 -4.692667e-001 -1.211052e-002  1.904229e+000  2.153812e+000 -2.345968e+000  6.117656e-002  2.011376e+000  2.658644e-002  9.467133e-001 -2.845865e+000  1.724599e+000 -6.452472e-001 -5.209987e-001  1.375542e-001  2.140608e+000  6.864841e-001 -7.968917e-001 -4.807791e-001 -4.787110e-001  3.286976e-001  1.326637e-001  1.200257e-002 -4.801019e-001 -2.362549e-002
 9.766441e+000 -2.411823e+000 -1.027396e+001 -2.363642e+001 -4.918180e+000  5.149014e+000 -1.655272e+001 -3.185164e+000 -8.770662e+000 -1.407808e+001  1.388188e-001 -1.245315e+001  5.421309e+001 -1.188939e+000 -3.108520e+000 -7.652068e-001  2.286147e+000  2.079563e+000  1.266621e+000 -2.511724e+000 -6.774189e-001  1.141400e+000  6.631733e-001  1.381586e+000 -3.135739e+000  1.824174e+000 -4.843330e-001 -1.621158e-001  7.733305e-002  1.859818e+000  3.393924e-001 -1.081388e+000 -2.109349e-002 -1.464740e-002 -5.855440e-001 -2.095119e-001 -2.040309e-001  5.979943e-003 -3.582157e-002
 7.753519e+000 -5.576255e+000 -9.575809e+000 -2.116842e+001 -1.969343e+000  6.274598e+000 -2.011450e+001 -5.404391e+000 -8.477896e+000 -1.145260e+001  3.425514e-001 -1.601464e+001  5.600238e+001 -1.559695e+000 -3.012216e+000 -5.315344e-001  4.076437e+000  2.620436e+000 -2.248425e-001 -2.614008e+000 -1.540815e-001 -1.216403e-001 -3.757306e-001  4.238524e-001 -2.654851e+000  1.774260e+000 -1.471208e-001  3.018597e-001  7.963025e-002  1.125684e+000 -1.378012e-003 -1.013983e+000  2.855083e-001  5.081834e-001 -9.166049e-001 -6.083486e-001 -2.408180e-001  5.026708e-001 -1.815184e-001
 5.946421e+000 -7.835705e+000 -1.163203e+001 -1.587772e+001  1.116602e+000  6.821874e+000 -2.246297e+001 -4.451380e+000 -1.053971e+001 -1.022678e+001  1.974097e-001 -1.808115e+001  5.809903e+001 -1.545082e+000 -2.305082e+000 -3.530372e-001  4.674358e+000  2.470262e+000 -1.153684e+000 -1.784336e+000  9.162140e-001 -1.222351e+000 -1.325819e+000  9.661021e-002 -2.037314e+000  1.546367e+000  1.856240e-001  5.902129e-001  2.936943e-001  1.407067e-001 -3.063417e-001 -7.281262e-001  4.957316e-001  6.106466e-001 -5.161584e-001 -5.705056e-001 -1.864450e-001  8.225421e-001 -3.671083e-001
 4.300801e+000 -1.055835e+001 -1.192139e+001 -9.053517e+000  3.271455e+000  1.425820e+000 -2.388960e+001 -2.311869e+000 -1.322474e+001 -1.789791e+001 -2.412181e-001 -1.976941e+001  5.959383e+001 -9.935340e-001 -1.521334e+000 -2.772003e-001  4.422204e+000  1.701990e+000 -1.705950e+000 -1.282121e+000  1.805277e+000 -1.389773e+000 -2.020660e+000  3.851110e-001 -8.817232e-001  9.559105e-001  3.429463e-001  6.261997e-001  3.053955e-001 -7.286682e-001 -7.010115e-001 -1.124927e-001  4.215755e-001  3.707927e-001 -1.625501e-001  1.234838e-001 -9.105714e-002  8.396251e-001 -4.324910e-001
 3.767392e+000 -1.144619e+001 -1.086636e+001 -6.322077e+000  4.812730e+000  1.804980e+000 -2.358685e+001 -1.503550e-001 -1.250900e+001 -1.748453e+001  9.137546e-001 -2.076233e+001  6.014920e+001 -5.438995e-001 -9.028956e-001  5.760974e-001  2.816797e+000  1.007077e+000 -1.633456e+000 -6.990095e-001  1.396135e+000 -8.053263e-001 -1.366890e+000  4.687313e-001  9.040775e-002  3.978069e-001  2.805541e-001  5.019725e-001  2.865213e-001 -1.042995e+000 -8.056591e-001  1.933533e-001  1.508335e-001  4.527218e-002 -1.036563e-002  4.876551e-001 -1.762383e-001  7.106497e-001 -3.729022e-001
 3.875364e+000 -1.137768e+001 -1.134465e+001 -3.835219e+000  4.692542e+000  2.532941e-001 -2.596316e+001  1.471483e+000 -1.444212e+001 -1.792703e+001  1.909934e+000 -1.908266e+001  5.975685e+001 -3.455551e-001 -5.823110e-001  5.308756e-001  1.361877e+000 -1.530289e-001 -5.474205e-001 -1.048794e+000  1.459921e+000 -1.142903e+000  2.622238e-001 -2.174938e-001  4.794129e-001  1.860847e-001  8.206300e-002  3.501118e-001  2.935725e-001 -9.370389e-001 -6.322418e-001  2.188191e-001  1.386975e-001 -9.624247e-002  9.044489e-002  3.792134e-001 -2.761555e-001  4.327307e-001 -2.000732e-001
 3.439642e+000 -1.194051e+001 -9.039911e+000 -4.402884e+000  5.441446e+000 -7.591425e-001 -2.492124e+001  6.376186e-001 -1.395765e+001 -1.704667e+001  1.465490e+000 -1.797248e+001  6.000655e+001 -4.663008e-001 -2.647314e-001  6.755315e-001  9.895446e-001 -6.305241e-001 -7.661829e-001 -1.146832e+000  1.315253e+000 -1.397614e+000 -2.898598e-002 -4.832788e-001  8.353662e-001  6.676903e-002 -2.245377e-002  2.556685e-001  2.256279e-001 -5.572491e-001 -3.410247e-001 -1.248741e-002  1.948691e-001  5.113996e-002  1.247020e-001 -1.774006e-001 -2.047411e-001  3.270194e-001 -9.241433e-002
 2.736901e+000 -1.322274e+001 -1.018023e+001 -3.203730e+000  2.191952e+000 -2.922083e-002 -2.846637e+001  4.593752e+000 -1.821493e+001 -1.680572e+001 -1.604555e+000 -1.876727e+001  6.059557e+001 -6.220183e-001 -8.985730e-002  1.140945e+000  6.506351e-001 -6.404188e-001 -1.045491e+000 -3.647221e-001  1.364506e+000 -6.414043e-001 -7.935451e-001 -5.196615e-001  9.094509e-001  1.210632e-001 -7.269512e-002  2.993738e-001  3.156611e-001 -3.445405e-001  6.672746e-002 -3.485112e-001  4.905889e-001 -1.415241e-002  3.398083e-001 -6.308507e-001  4.544738e-002  4.489520e-001 -6.101662e-002
 2.005120e+000 -1.184732e+001 -8.070905e+000 -1.690099e+000  2.910404e+000 -1.884677e+000 -2.806941e+001  4.864774e+000 -1.761066e+001 -1.819011e+001  2.546048e-001 -1.674319e+001  6.006368e+001 -5.179368e-001  1.292199e-001  1.399202e+000  3.861723e-001 -4.543511e-001 -1.446858e+000 -6.669979e-002  1.699543e+000 -4.325656e-001 -1.726008e+000 -4.038905e-001  1.510486e+000 -3.175392e-002 -8.380658e-002  4.139186e-001  1.701154e-001 -3.636923e-001  2.608257e-001 -3.770380e-001  7.225423e-001 -1.486389e-001  3.576340e-001 -4.518857e-001  1.322075e-001  5.384460e-001 -4.236981e-002
 1.482533e+000 -1.187357e+001 -6.124424e+000 -1.938436e+000  2.755969e+000 -4.411394e+000 -2.621268e+001  6.180433e+000 -1.582263e+001 -2.132303e+001 -8.293054e-002 -1.515005e+001  6.033360e+001 -6.832128e-001  7.175822e-001  1.747346e+000 -5.913974e-002  9.252186e-002 -1.949639e+000  8.640850e-001  1.197015e+000  7.361431e-002 -2.043519e+000 -2.995103e-002  2.386613e+000 -6.973686e-002 -2.436563e-002  5.033904e-001 -9.806409e-002 -2.113552e-001  4.884285e-002 -3.683744e-002  5.338953e-001 -1.772210e-001 -1.228086e-001  1.169676e-001  2.353411e-001  3.243278e-001 -1.055926e-001
 1.477142e+000 -1.196900e+001 -4.071807e+000 -3.104670e+000  2.887682e+000 -5.802345e+000 -2.638158e+001  8.341990e+000 -1.731663e+001 -2.341805e+001 -1.314775e+000 -1.222866e+001  5.997877e+001 -8.547365e-001  1.401142e+000  1.222908e+000 -4.740295e-001  3.071342e-001 -2.199299e+000  1.851476e+000  6.558038e-001  3.304663e-002 -1.663428e+000 -6.709632e-002  2.789015e+000 -4.967995e-002  9.874821e-002  4.646940e-001 -2.847368e-001  4.447075e-002 -2.701166e-001  3.489183e-001  1.982919e-001  7.220328e-002 -6.071904e-001  7.270253e-001  3.619813e-001 -3.337468e-001 -1.769431e-001
-4.151745e-001 -9.573987e+000 -3.443053e+000 -2.792143e+000  2.665923e+000 -7.818583e+000 -2.498986e+001  8.840217e+000 -1.799387e+001 -2.440934e+001 -9.696202e-001 -9.091471e+000  6.028934e+001 -5.754466e-001  1.791134e+000  7.387716e-001  2.396007e-002 -7.769471e-001 -8.534576e-001  1.345666e+000  1.000270e+000 -1.488253e+000 -2.399973e-001  4.886467e-001  1.891825e+000 -3.979366e-001  3.412510e-001  2.549510e-001 -1.675985e-001  2.541864e-001 -3.948023e-001  4.952815e-001 -1.525757e-001  3.054289e-001 -8.256207e-001  1.172762e+000  2.661570e-001 -1.004879e+000 -3.560630e-001
-1.319709e+000 -5.991399e+000 -3.297050e+000 -3.633393e+000  4.491098e+000 -1.117758e+001 -1.942344e+001  6.813901e+000 -1.635981e+001 -2.496410e+001  3.624679e-001 -5.827410e+000  5.983741e+001 -7.807881e-002  1.915914e+000  4.798052e-001  5.669762e-001 -1.370200e+000 -2.503571e-001  6.839691e-001  2.158931e+000 -2.687584e+000  1.007358e+000  1.146717e+000  8.914585e-002 -7.523697e-001  4.964015e-001  3.269781e-002  4.246053e-001  6.264232e-001 -5.756751e-001 -1.019230e-001 -7.979237e-002 -2.023814e-001 -6.577690e-002  1.492811e+000 -4.221748e-001 -1.290849e+000 -5.551201e-001
 3.725818e-003 -5.906703e+000 -2.817944e+000 -1.554274e+000 -1.930475e+000 -5.991066e+000 -2.296342e+001  1.194583e+001 -2.374231e+001 -2.175000e+001  1.521682e+000 -8.891552e+000  5.841460e+001  6.347131e-001  1.734951e+000  1.280905e+000  6.912893e-001 -1.042823e+000 -4.477026e-001  6.849602e-001  1.972595e+000 -2.694174e+000  2.484898e+000  6.939272e-001 -1.287846e+000 -1.498707e+000  3.865721e-001 -1.670346e-002  7.925659e-001  7.367228e-001 -4.370743e-001 -1.089599e+000  5.160483e-001 -1.144773e+000  1.215757e+000  1.270482e+000 -1.176718e+000 -7.541683e-001 -5.531027e-001
 8.772979e-001 -4.223072e+000 -1.985335e+000 -8.887231e-001 -1.665117e+000 -7.967888e+000 -2.397495e+001  1.758384e+001 -2.788033e+001 -1.971094e+001  3.173160e+000 -1.188289e+001  5.715430e+001  1.022191e+000  1.592722e+000  3.074868e+000  2.324422e+000 -2.438304e+000 -2.911791e+000  1.782867e+000 -8.422661e-001  3.071224e-001  4.438179e+000 -2.280611e+000 -2.075393e+000 -2.274895e+000  1.444851e-001 -5.956166e-002  6.834090e-001  6.618941e-001 -4.093414e-001 -1.247964e+000  8.636141e-001 -1.731244e+000  1.783424e+000  7.435216e-001 -1.387357e+000  3.687615e-002 -3.601635e-001
 1.659888e+000 -1.783394e+000  2.305614e+000 -7.080314e-001  5.299152e-001 -1.166194e+001 -1.928930e+001  1.331822e+001 -2.570448e+001 -1.461143e+001  1.094670e+000 -1.250296e+001  5.413737e+001  8.072789e-001  1.869212e+000  3.404070e+000  2.828851e+000 -2.428267e+000 -4.970737e+000  3.376459e+000 -3.222995e+000  3.093181e+000  4.397004e+000 -3.681277e+000 -7.967466e-001 -2.402187e+000 -7.828648e-002 -1.138996e-001 -6.822355e-002  3.577772e-001 -2.444719e-001 -5.395453e-001  5.003628e-001 -1.097827e+000  1.204086e+000 -1.563548e-001 -6.527681e-001  4.851023e-001  2.700665e-002
 2.963165e+000 -8.944234e-002  9.515511e+000  7.565596e+000 -8.930615e+000 -2.290109e+001 -1.234616e+001  1.916373e+000 -1.384311e+001 -6.342486e+000 -1.082708e+001 -1.439867e+001  5.060155e+001  5.580638e-001  1.550975e+000  2.835267e+000  2.807666e+000 -2.724185e+000 -4.228659e+000  3.656291e+000 -3.899493e+000  3.335861e+000  3.768913e+000 -3.602468e+000  2.797670e-002 -2.101447e+000 -1.664303e-001 -1.615757e-001 -9.069281e-001 -3.930793e-001  4.986118e-001  8.435544e-001 -3.340341e-001  3.440314e-001 -2.585343e-001 -1.087788e+000  7.948174e-001  5.874487e-001  3.367933e-001
 2.997187e+000  1.372543e+000  8.451982e+000  8.362823e+000 -1.043906e+001 -2.337815e+001 -1.189553e+001  3.664588e+000 -1.529501e+001 -6.449199e+000 -9.884583e+000 -1.161740e+001  4.968003e+001  4.753442e-001  1.186327e+000  1.059587e+000  2.238553e+000 -2.122242e+000 -2.486995e+000  2.250063e+000 -1.987929e+000  1.811889e+000  2.037757e+000 -1.908985e+000  8.598013e-002 -1.450398e+000 -9.973200e-002 -8.493078e-002 -1.032468e+000 -6.471959e-001  6.501036e-001  1.445047e+000 -9.330859e-001  1.076539e+000 -8.090507e-001 -1.301463e+000  1.247491e+000  2.341583e-001  3.458210e-001
 2.998967e+000  1.953836e+000  9.117817e+000  8.614180e+000 -9.801554e+000 -2.325308e+001 -9.390386e+000  2.913196e+000 -1.640576e+001 -4.947486e+000 -9.349555e+000 -1.218579e+001  4.887573e+001  3.560066e-001  1.126286e+000 -2.875310e-001  6.541744e-001 -9.825716e-002  6.411038e-002  6.758949e-001  2.603577e-001 -3.449032e-001  1.788633e-001  8.073304e-001  4.204871e-001 -1.066824e+000 -9.427502e-002  1.081851e-001 -5.605999e-001 -5.515815e-001  4.828950e-001  1.161005e+000 -1.026670e+000  9.570817e-001 -5.803820e-001 -1.251907e+000  7.847508e-001  2.398258e-001  1.780335e-001
 4.018708e+000  3.126601e+000  7.802396e+000  9.960443e+000 -9.645825e+000 -2.392092e+001 -9.516877e+000  2.880169e+000 -1.536372e+001 -5.120145e+000 -9.189016e+000 -1.317950e+001  4.774829e+001  4.096475e-001  1.656903e+000 -1.968721e-001  6.696174e-001 -4.907123e-001  1.081140e-001  2.012271e-001  7.977350e-002  8.883098e-001 -3.152837e-001  3.512785e-001  1.777899e-001 -1.190394e+000 -2.475596e-001  1.417405e-001  7.571843e-002 -2.330042e-001  4.721716e-001  7.197701e-001 -3.658290e-001  1.830047e-001 -2.610025e-001 -9.255807e-001 -1.908088e-003  3.443336e-001 -3.536415e-003
 4.232437e+000  4.664960e+000  8.402649e+000  1.003766e+001 -9.818518e+000 -2.230915e+001 -1.015601e+001  3.610372e+000 -1.553328e+001 -6.112697e+000 -7.138211e+000 -1.151518e+001  4.623330e+001  1.195371e-001  1.856613e+000  6.604974e-001  8.342264e-001 -1.125475e+000  2.788126e-001 -4.526391e-001 -1.479352e-001  8.957408e-001 -1.314104e+000 -8.088462e-001  1.181201e+000 -1.341282e+000 -3.642076e-001 -8.789130e-002  3.446772e-001  4.025952e-002  3.133238e-001  3.372308e-001  5.133089e-001 -1.475435e-001 -1.779317e-001 -3.489965e-001 -5.323856e-001  1.837075e-001 -2.971222e-002
 4.428689e+000  8.301496e+000  7.825206e+000  1.099917e+001 -1.288414e+001 -2.330954e+001 -1.050658e+001  3.714868e+000 -1.128970e+001 -7.443012e+000 -9.233863e+000 -1.106375e+001  4.504928e+001 -6.442190e-001  1.529866e+000  9.641652e-001  9.835064e-001  7.522247e-001  1.004504e+000  9.851848e-001 -8.687587e-001 -1.134459e-001 -1.843663e+000 -1.110437e+000  1.427292e+000 -1.330851e+000 -4.690244e-001 -5.994039e-001  8.544825e-002 -1.962049e-001  7.662746e-001  4.064220e-001  6.074925e-001  1.774825e-001 -3.484088e-001  1.705329e-001  3.628022e-003  7.535657e-002  4.044956e-002
 3.391662e+000  8.649452e+000  1.240890e+001  1.226595e+001 -1.380977e+001 -2.216471e+001 -1.115873e+001  1.756170e+000 -1.396406e+001 -1.035657e+001 -1.337136e+001 -7.337664e+000  4.351883e+001 -9.380982e-001  7.503481e-001  8.553364e-001  6.985275e-001  8.468932e-001  1.302069e+000  2.850460e+000 -3.093547e-003 -7.336838e-001 -8.019298e-001 -1.123740e+000  7.142738e-001 -1.145156e+000 -4.791500e-001 -1.108097e+000 -8.814451e-001 -6.838179e-001  9.445370e-001  2.207102e-001  3.055552e-001  3.009837e-001  2.512717e-001  9.518038e-001  7.995411e-001 -1.929689e-001  6.324856e-002
 1.218001e+000  8.783686e+000  1.062010e+001  1.376383e+001 -3.889076e+000 -1.897062e+001 -4.089593e+000 -5.365240e-001 -1.671555e+001 -1.221652e+001 -1.162463e+001 -8.131802e+000  4.245127e+001 -1.406657e+000 -7.869843e-001  1.329496e-001 -2.435579e-001  2.354477e+000  1.628596e+000  1.587140e+000  8.947652e-001 -3.902207e-002  2.812938e-001  5.268656e-001  7.880362e-001 -1.086209e+000 -3.686589e-001 -1.319659e+000 -1.456447e+000 -9.962960e-001  2.960904e-001  1.224911e-002 -6.062709e-001 -1.677515e-002  9.257717e-001  1.211472e+000  1.283544e+000 -7.149893e-003 -6.529880e-003
 1.147291e+000  8.175606e+000  1.128189e+001  1.214797e+001 -1.008158e+001 -1.796827e+001  8.877971e-001  5.720600e+000 -1.648877e+001 -7.735591e+000 -1.156153e+001 -9.409790e+000  4.180653e+001 -1.894994e+000 -2.525447e+000 -3.331120e+000 -1.971331e+000  2.796084e+000  1.070318e+000  7.741594e-001  4.752211e-001  2.114887e+000  2.382437e+000  2.370208e+000  5.359839e-001 -1.147360e+000 -2.161472e-001 -9.385825e-001 -1.498599e+000 -7.171667e-001  2.747337e-001  1.539760e-001 -1.144741e+000 -5.950964e-001  1.073392e+000  5.623159e-001  8.859670e-001  2.252323e-001 -4.800684e-002
-1.482409e+000  4.603498e+000  9.053461e+000  9.840372e+000 -2.975848e+000 -1.726478e+001 -8.594143e+000  6.206479e+000 -1.022246e+001 -7.347033e+000 -7.504451e+000 -6.087507e+000  4.047438e+001 -2.009066e+000 -3.430531e+000 -4.224843e+000 -2.663044e+000  1.258081e+000  1.181626e+000 -1.008019e+000 -1.191792e+000  3.091127e+000  2.621516e+000  3.560309e+000  1.480687e+000 -1.362399e+000  1.635385e-001  7.903437e-002 -4.539091e-001  1.413153e-001 -1.444190e-001  5.044578e-001 -3.957605e-001 -5.666527e-001  6.127300e-001 -3.164291e-002  2.685879e-001  2.870633e-001  2.341862e-002
-4.733103e+000 -1.887689e+000 -3.463384e+000  4.371022e+000 -2.859628e-001 -1.766604e+001 -5.035659e+000  7.607743e-001 -6.636169e+000 -8.791301e-001 -3.580410e+000 -5.679892e+000  3.877047e+001 -1.717630e+000 -2.620791e+000 -4.458762e+000 -1.677563e+000  2.768759e+000  2.295434e+000 -1.575666e+000 -1.935297e+000  3.068199e+000  8.395391e-001  1.789373e+000  1.494110e+000 -1.247095e+000  5.570822e-001  1.083074e+000  1.239084e+000  1.151855e+000 -2.027812e-001  7.725223e-001  4.403743e-001  1.657024e-001 -7.243013e-003 -3.732975e-001 -2.281260e-001  1.278780e-001  1.861477e-001
-5.887131e+000 -3.337323e+000 -3.131480e+000  4.337081e+000 -2.496480e+000 -1.321361e+001 -6.167961e+000 -4.015570e+000 -6.186218e+000 -2.537173e+000  2.186362e+000 -2.593316e+000  3.715731e+001 -6.776462e-001 -3.441404e-001 -1.572775e+000  3.161345e-001  1.646044e+000  3.538327e+000  7.832503e-001 -7.332394e-001  2.547972e+000  8.945282e-001  2.160223e+000  1.744290e+000 -9.192478e-001  6.870695e-001  1.385107e+000  1.762517e+000  1.393283e+000  7.198145e-002  4.195280e-001  9.003944e-001  5.039226e-001 -3.577474e-001  1.523096e-001 -4.411444e-001 -4.712378e-001  3.246769e-001
-5.238498e+000 -9.579386e-001 -4.919453e+000  6.511797e+000  3.522531e+000 -8.516680e+000 -8.203626e+000  1.155139e+000 -3.165894e+000 -5.942826e+000 -7.460073e+000 -3.686337e+000  3.722959e+001  2.247074e-001  1.346729e+000  1.538267e+000  2.298354e+000  1.588197e+000  3.754579e+000  2.080396e+000  1.074457e+000  2.350250e+000  1.379444e+000  1.929621e+000  1.043573e+000 -4.381966e-001  5.831310e-001  9.855497e-001  1.471216e+000  7.555329e-001 -3.689308e-001 -3.029783e-001  7.593086e-001  3.385026e-001 -7.460086e-001  4.374095e-001 -1.849945e-001 -8.941876e-001  3.107229e-001
