36 39
-1.397878e+001 -3.079433e-001 -2.189684e+000 -5.716750e+000 -6.432995e+000 -4.837363e+000  5.156423e+000  8.158513e+000  3.037526e+000 -3.974201e+000  1.794821e+000 -2.789368e+000  3.016690e+001 -3.626915e+000 -7.029309e-001  1.187099e+000  2.064334e+000  4.201512e+000  6.076110e+000  5.156281e+000 -1.042068e-001 -2.182184e+000 -7.672174e-001  1.521120e+000 -1.206375e+000 -2.670094e+000 -1.781196e-001 -7.463605e-001 -9.779973e-001  7.914493e-001 -2.949089e-001  3.445960e-001 -7.805855e-001 -9.406889e-002  1.377125e-001 -1.171362e+000  3.129455e-001  8.850880e-001  1.612645e+000
-1.588160e+001  1.197432e+000  7.551373e-001  1.860500e+000 -6.206298e-001  4.612277e+000  7.503514e+000  2.652313e+000 -3.532509e+000 -7.702664e+000  1.554184e+000  5.240095e-001  2.843381e+001 -1.414522e+000 -1.423892e+000 -3.949094e-001  2.693685e+000  4.124518e+000  4.938005e+000  2.003814e+000 -5.683673e-001 -2.654776e+000 -3.228987e+000  1.212457e+000  1.619658e+000 -3.640730e-001  1.041593e+000 -8.947893e-001 -1.410196e+000 -9.588524e-002 -1.251645e+000 -1.110723e+000 -2.334033e+000  6.767761e-001  1.214814e+000 -3.725281e-001 -6.110380e-001  5.946612e-001  1.771678e+000
-1.679617e+001 -7.453984e-001 -1.443666e+000 -1.863300e+000 -4.644545e+000  3.216470e+000  4.663423e+000  8.628798e-001  1.134157e+000 -3.687573e-001  3.020676e+000 -1.648018e+000  2.893540e+001 -1.444139e-001 -1.935354e+000 -1.873943e+000  1.680359e+000  2.135173e+000  3.566309e+000 -4.601284e-001  1.641380e+000  6.354460e-001 -1.745242e+000 -7.127758e-001  2.080865e+000  1.242764e+000  1.168266e+000 -7.203063e-001 -1.533372e+000 -7.641923e-001 -1.336886e+000 -1.323806e+000 -2.307947e+000  1.294155e+000  1.558118e+000  2.016395e-001 -1.325477e+000 -3.473787e-001  1.497791e+000
-1.533319e+001 -5.439280e+000 -5.420018e+000  3.391345e+000  4.539752e+000  9.409664e+000  7.323684e+000  8.319815e+000 -2.603447e+000 -1.047143e+001  2.901412e+000  5.302992e+000  3.240696e+001  7.368721e-001 -3.462317e+000 -4.215463e+000  5.949800e-001  4.878016e-001  2.045869e+000 -2.723199e+000  3.770439e+000  3.073430e+000 -8.178975e-001 -1.720218e+000 -4.157544e-002  2.742812e+000  6.602431e-001 -2.784117e-001 -1.176620e+000 -1.337480e+000 -1.595067e+000 -1.504041e+000 -1.569982e+000  3.407467e-001  6.929862e-001  8.173034e-001 -8.391690e-001 -1.243113e+000  8.601336e-001
-1.497505e+001 -6.666358e+000 -8.471821e+000  1.919622e+000  1.662680e+000  1.059549e+001  2.945696e+000  1.353166e+001  5.750226e+000 -1.131603e+001 -2.442672e+000  5.225467e+000  3.439415e+001  1.138720e+000 -3.285249e+000 -4.569483e+000 -7.072749e-001 -6.645617e-001  9.031481e-001 -4.019948e+000  4.197163e+000  2.744302e+000 -9.645649e-001 -3.639929e+000 -2.112652e+000  3.265416e+000  3.537458e-001  2.721976e-001 -3.296945e-001 -1.214490e+000 -9.146764e-001 -1.251254e+000 -6.666151e-001 -1.018584e+000 -1.149904e+000  4.233769e-001  3.624967e-001 -7.742835e-001  3.021455e-001
-1.310779e+001 -1.315368e+001 -1.680810e+001  2.943938e+000 -1.335235e+000  1.115211e+001 -5.253618e+000  1.517012e+001  9.526608e+000 -6.318516e+000 -4.315232e+000 -3.120610e+000  3.941850e+001  1.245126e+000 -2.141003e+000 -4.930238e+000 -2.799899e+000 -2.450951e+000 -1.250618e+000 -4.066187e+000 -1.425254e-001 -2.442723e-001  4.671914e-001 -1.519811e+000 -2.499149e+000  2.925269e+000  8.290543e-002  7.906973e-001  7.857440e-001 -7.326449e-001  1.191911e-001 -5.517941e-001  2.785197e-001 -1.875486e+000 -2.156492e+000 -8.112890e-002  7.741397e-001  1.178994e-002 -2.167553e-001
-1.221527e+001 -1.331445e+001 -1.859704e+001 -5.175972e+000 -5.029860e+000  6.860987e+000 -9.147667e+000  1.842354e+001  8.790640e+000 -7.268038e+000 -1.157064e+001 -7.999478e+000  4.175671e+001  1.370188e+000 -1.235023e+000 -3.165028e+000 -2.694653e+000 -9.688324e-001 -1.041719e+000 -3.121710e+000 -1.495059e+000 -3.455222e+000 -2.709021e-001  9.995041e-001 -5.617656e-001  2.662263e+000  1.176573e-002  8.209781e-001  1.354802e+000  1.090821e-002  1.168705e+000  2.173725e-001  7.675987e-001 -1.675041e+000 -1.562266e+000 -2.389458e-001  6.186692e-001  3.663363e-001 -3.255759e-001
-1.048745e+001 -1.282025e+001 -2.500860e+001 -7.060356e+000 -4.368732e+000  5.023823e+000 -6.960569e+000  5.161248e+000 -5.345016e+000 -1.015947e+001 -1.336568e-001 -5.802799e-001  4.335202e+001  1.035665e+000 -5.339442e-001 -9.889700e-001 -2.074555e+000  1.235892e+000  2.593319e-001 -1.779720e+000 -2.760880e+000 -4.609271e+000 -1.570373e+000 -1.692361e-001 -7.580691e-001  1.960613e+000  2.790114e-001  8.209375e-001  1.714560e+000  5.924374e-001  1.454622e+000  4.170233e-001  4.616059e-001 -3.979186e-001 -6.464738e-002 -3.383265e-001 -6.980258e-001 -1.737775e-001 -1.500359e-001
-9.434284e+000 -1.300819e+001 -2.019671e+001 -6.551498e+000 -1.664733e+000  8.451038e+000 -1.180938e+001  1.106080e+001 -4.090071e+000 -1.075006e+001  4.640605e-001  1.146474e+000  4.573870e+001  1.302279e+000  1.611166e-002  2.338942e-001 -1.015406e+000  3.335541e+000  1.235036e+000 -1.325188e+000 -2.868867e+000 -2.884531e+000 -1.140512e+000 -1.221870e+000 -1.151511e+000  2.119865e+000  5.646702e-001  5.978229e-001  1.357119e+000  3.251821e-001  3.478601e-001 -1.906279e-001  7.407178e-002 -3.839345e-002  8.145739e-001 -3.190166e-003 -1.100839e+000 -9.107894e-001  2.847600e-001
-9.319960e+000 -1.597653e+001 -2.095311e+001 -6.741076e+000  3.161663e+000  1.165374e+001 -1.282136e+001  5.047091e+000 -7.079389e+000 -1.242937e+001 -1.117877e+001 -1.148393e+001  4.723057e+001  2.674138e+000  1.338117e+000  1.943100e+000 -6.773360e-001  2.669971e+000 -3.038789e-001 -2.656418e+000 -1.445215e+000 -8.528544e-001 -7.896366e-001 -3.899253e+000 -3.073164e+000  2.446288e+000  6.985546e-001  1.934112e-001  9.058984e-001  1.281729e-001 -8.818820e-001 -6.370440e-001 -1.657634e-001  5.387977e-001  9.466648e-001  3.866141e-001 -1.318219e-002 -5.817671e-001  5.918630e-001
-6.287620e+000 -1.165575e+001 -1.945531e+001 -1.041264e+001  7.882645e+000  9.721205e+000 -1.284321e+001  4.136286e+000 -4.764829e+000 -1.183564e+001 -1.215744e+001 -8.305205e+000  5.041676e+001  3.374303e+000  8.180607e-001  2.154532e+000 -1.767353e+000  5.342851e-002 -1.713253e+000 -2.313002e+000 -2.344859e+000 -1.260560e+000 -6.772213e-001 -2.639681e+000 -3.958165e+000  3.843225e+000  3.032263e-001 -4.322097e-001  4.609026e-001  2.220813e-002 -1.329300e+000 -4.331653e-001  1.202913e-001  6.229303e-001  5.318114e-001  5.116755e-001  8.889140e-001 -1.073848e-001  3.639722e-001
 1.309901e+000 -6.805883e+000 -1.566380e+001 -8.516464e+000  4.207437e+000  2.869345e+000 -1.972574e+001  1.397431e+000 -9.271909e+000 -1.356486e+001 -1.331917e+001 -1.122026e+001  5.324443e+001  3.492427e+000  3.213720e-002  2.580203e+000 -1.057717e+000 -1.532462e+000 -1.451744e+000 -2.114630e+000 -3.288950e-001 -6.879323e-001  1.310520e-001  4.737582e-001 -2.263577e+000  4.058248e+000 -5.047673e-001 -8.206015e-001 -1.571033e-001 -1.196426e-002 -6.842567e-001  2.776831e-001  6.495623e-001  3.692272e-001  3.181258e-001  5.441530e-001  1.374229e+000  6.494390e-001 -2.308411e-001
 2.122300e+000 -1.350321e+001 -1.206870e+001 -1.450057e+001 -1.920477e+000  4.276973e+000 -1.992220e+001  1.161334e+000 -9.296613e+000 -1.356843e+001 -1.166414e+001 -1.877619e+001  6.194790e+001  2.409266e+000 -1.491947e+000  2.219856e+000 -7.141744e-001 -1.209745e+000 -3.568588e-001 -9.946257e-001 -3.123749e-001 -3.079353e-001  9.575216e-001  1.036194e+000 -2.093228e+000  3.133747e+000 -8.978875e-001 -3.087320e-001 -5.068117e-001  1.282895e-001  1.625293e-001  5.614579e-001  4.258631e-001  2.745728e-001  3.347411e-001  4.355569e-001  7.000684e-001  9.661970e-001 -1.043114e+000
 3.937214e+000 -1.489211e+001 -1.174540e+001 -9.985700e+000  4.009146e-001  7.117141e+000 -1.985502e+001  4.890091e+000 -8.253159e+000 -1.090772e+001 -9.056624e+000 -1.756633e+001  6.175624e+001  6.328194e-001 -1.609887e+000  1.124922e+000 -1.263746e+000 -1.197253e-001  4.063397e-001 -6.779480e-002 -6.153208e-001  2.614621e-001  1.113757e+000  1.133957e+000 -7.584372e-001  1.646822e+000 -9.124455e-001  2.861053e-001 -6.916378e-001 -1.694725e-001  3.331882e-001  2.593378e-001  1.736102e-001 -3.234212e-001  2.241077e-001  4.154776e-002 -1.177292e-001  6.025205e-001 -1.167856e+000
 4.445056e+000 -1.507237e+001 -1.031523e+001 -1.324889e+001  3.737182e+000  5.813013e+000 -1.775170e+001  8.280810e-001 -6.813881e+000 -8.376607e+000 -9.107742e+000 -1.559831e+001  6.182959e+001  3.146693e-001  9.541254e-002  3.481144e-001 -1.022891e+000  1.597067e-001  1.649949e-001 -1.207104e+000 -8.287818e-001 -6.155214e-002  1.009211e+000  5.305621e-001  1.202497e-001 -1.666313e-001 -5.260706e-001  6.487060e-001 -5.622715e-001 -2.499223e-001 -4.733452e-002 -4.426081e-002 -1.335085e-001 -2.324269e-001  3.933008e-002 -2.662762e-001 -3.461937e-001  3.196362e-001 -8.506444e-001
 3.312620e+000 -1.407073e+001 -1.091593e+001 -1.546103e+001  7.799811e-001  4.133024e+000 -2.114997e+001 -1.512546e+000 -9.205964e+000 -1.059198e+001 -8.927588e+000 -1.660138e+001  6.153769e+001 -2.250209e-002  6.689839e-001  5.788460e-002 -1.750722e+000 -5.512464e-001 -4.159812e-001 -1.140339e+000 -1.687798e+000  3.094146e-001  3.129463e-001  1.379282e-001 -3.577141e-001 -1.308456e-001 -3.445258e-002  4.394266e-001 -2.285358e-001 -1.022634e-001 -2.927609e-001 -1.026995e-001 -6.901593e-002  3.581092e-002 -1.118779e-001 -2.608301e-001 -2.730623e-001  3.084732e-002 -4.053973e-001
 4.007944e+000 -1.343683e+001 -1.074287e+001 -1.687735e+001 -1.311477e+000  6.594006e+000 -2.531024e+001  2.187439e-001 -9.127971e+000 -8.680240e+000 -9.075848e+000 -1.865741e+001  6.122401e+001  1.065742e-001  6.121473e-001 -5.798369e-002 -1.720298e+000 -1.230657e+000 -1.670024e-001 -1.125896e+000 -9.382711e-001 -1.352611e-001  2.654619e-002 -1.967600e-001 -6.954085e-001 -2.306412e-001  8.098549e-002  1.574574e-002  3.680476e-002  1.776466e-002 -1.348174e-001  1.352409e-002  3.336229e-001  2.554344e-001 -2.476327e-001 -5.362197e-002  6.367807e-002  9.500320e-002 -4.205429e-002
 4.043260e+000 -1.236496e+001 -1.124216e+001 -1.692508e+001  1.690119e-001  4.646739e+000 -2.177744e+001 -3.244228e+000 -5.549041e+000 -9.191172e+000 -8.382931e+000 -1.782535e+001  6.140480e+001  5.646040e-001  3.288786e-001  1.852916e-001 -1.426360e+000 -8.883481e-001  5.884085e-002 -4.534784e-001 -3.815216e-001 -2.610731e-001  3.009385e-001  1.323064e-001 -1.963715e-001 -3.481598e-001  1.350930e-001 -8.029447e-002  1.250042e-001  1.344147e-001  1.980095e-001  1.395405e-001  3.463301e-001  3.716677e-001 -4.852013e-001  3.169752e-001  2.664227e-001  3.631185e-001 -5.321099e-002
 4.612607e+000 -1.286452e+001 -1.044203e+001 -2.111836e+001 -2.110618e+000  4.721143e+000 -2.306744e+001 -2.997433e+000 -9.318648e+000 -8.944283e+000 -1.036387e+001 -1.846337e+001  6.074283e+001  4.260437e-001  3.441939e-001  4.684347e-001 -1.096248e+000 -3.458297e-001 -4.795694e-003  1.175802e-001 -2.047479e-001 -1.014472e+000  7.471046e-001  8.517634e-001  5.145944e-001 -2.682457e-001  6.607139e-002  3.056095e-002  6.038612e-002  1.655420e-001  3.883215e-001  1.304956e-001  3.140943e-001  6.958229e-002 -3.593799e-001  5.309770e-001  2.946351e-001  5.350675e-001 -5.040581e-002
 5.833308e+000 -1.271250e+001 -1.013989e+001 -2.047233e+001 -3.262189e+000  5.363660e+000 -2.453876e+001 -1.812065e+000 -1.041599e+001 -8.955271e+000 -7.622044e+000 -1.768026e+001  6.003749e+001  4.932281e-001  4.014883e-001  4.196963e-001 -1.390673e+000 -3.612295e-003  2.006181e-001 -3.042679e-002 -1.962209e-001 -1.676986e+000  1.537543e+000  9.457803e-001  8.528770e-001 -3.780983e-001 -1.875423e-002  2.206071e-001 -9.686764e-002  9.909365e-002  3.239624e-001  1.055802e-001  3.112255e-001 -1.232073e-001 -1.122150e-001  5.406208e-001  1.601353e-001  4.493098e-001 -4.516929e-002
 5.243138e+000 -1.154210e+001 -8.951834e+000 -2.058497e+001 -1.325025e+000  6.211567e+000 -2.334168e+001 -1.521077e+000 -1.176686e+001 -5.062667e+000 -5.197474e+000 -1.615698e+001  6.056644e+001  4.726191e-001  7.286472e-001  1.267446e-001 -9.104317e-001  2.685830e-001  4.145868e-001  2.330502e-001 -6.830100e-001 -1.224204e+000  2.063129e+000  8.696783e-001  1.455305e+000 -4.677010e-001  2.247951e-002  2.892477e-001 -2.391166e-001  2.901825e-002  5.677241e-002 -2.307119e-002  2.836504e-001 -1.877733e-001  3.171070e-001  1.779203e-001 -4.608042e-002  2.301105e-001 -9.259685e-002
 6.194135e+000 -1.101873e+001 -9.888780e+000 -2.414514e+001 -2.418461e-001  4.904617e+000 -2.179246e+001 -4.963511e+000 -1.270987e+001 -3.444263e+000 -6.237227e+000 -1.471416e+001  5.960250e+001  4.475451e-001  1.239687e+000 -1.282016e-001 -1.023800e+000  4.242575e-001  3.770505e-001  1.044914e+000 -7.584272e-001 -7.172819e-001  2.346030e+000  9.240254e-001  1.579822e+000 -4.742786e-001  7.640511e-003  3.247272e-001 -1.727704e-001  1.712023e-001 -1.838323e-001 -1.657374e-001  3.733333e-001  7.687224e-002  6.341968e-001 -2.142837e-001 -1.564244e-001  2.079036e-001 -7.941268e-002
 6.795289e+000 -1.006817e+001 -9.933866e+000 -2.383411e+001 -2.277875e+000  7.023599e+000 -2.327534e+001 -4.836761e+000 -1.429273e+001 -1.384142e+000 -6.707888e+000 -1.266990e+001  5.862181e+001  5.612827e-001  1.371333e+000 -4.531995e-001 -1.134594e+000 -2.759025e-001 -2.083678e-001  9.981617e-001 -8.625111e-001  9.121075e-002  1.232463e+000  6.322387e-001  1.301674e+000 -6.831398e-001 -6.641328e-003  2.697157e-001  2.454634e-003  1.249207e-001 -2.871257e-001 -3.141210e-001  3.741780e-001  3.494424e-001  6.419419e-001 -4.480720e-001 -3.200926e-001  1.758744e-001 -6.327061e-002
 7.294958e+000 -7.251025e+000 -1.028988e+001 -2.396675e+001 -6.644768e-001  6.842896e+000 -1.934736e+001 -3.946360e+000 -1.273946e+001  9.356195e-001 -2.246710e+000 -1.152469e+001  5.863841e+001  4.870989e-001  1.703782e+000 -1.541836e-001 -4.225803e-001 -6.505311e-001 -3.165914e-001  1.453684e+000  2.778908e-001  8.362902e-001  8.814577e-001  2.823783e-001  1.969210e+000 -6.674423e-001 -5.233153e-002  4.884640e-002  2.051809e-001  1.042349e-001 -3.163065e-001 -3.603111e-001  2.195987e-001  3.550977e-001  3.188362e-001 -4.949907e-001 -6.642181e-001  2.368685e-001 -5.621845e-002
 7.499140e+000 -6.569286e+000 -1.101728e+001 -2.634713e+001 -2.493222e+000  4.200588e+000 -1.957343e+001 -6.342208e+000 -1.129600e+001 -1.090295e+000 -4.031539e+000 -1.124335e+001  5.763279e+001  4.196356e-001  1.845179e+000  1.520087e-001 -5.864378e-001 -6.296512e-001 -8.091973e-001  1.899555e+000  5.460428e-001  1.208720e+000  5.550551e-001 -4.099612e-001  2.139983e+000 -6.874722e-001 -1.298346e-001 -7.977648e-002  2.636720e-001 -1.742301e-002 -9.852121e-002 -2.569681e-001  1.619256e-001  2.208717e-001 -1.852485e-001 -2.716395e-001 -7.032821e-001  1.410952e-001  9.882092e-003
 8.277704e+000 -4.249265e+000 -1.011799e+001 -2.500153e+001 -3.386828e+000  4.733165e+000 -1.637500e+001 -2.821333e+000 -1.002678e+001  8.161020e-001 -6.163510e+000 -5.581384e+000  5.675980e+001  2.567110e-001  1.246996e+000  5.950989e-001 -7.767035e-001 -9.804006e-001 -1.124090e+000  1.692211e+000  3.127843e-001  3.181444e-001  2.097807e-001 -1.875965e+000  2.345011e+000 -7.532047e-001 -1.841531e-001 -2.115007e-001  5.065493e-002 -2.505403e-001  9.124991e-002 -1.961224e-001 -8.710934e-002 -1.983754e-001 -5.564082e-001 -3.076064e-001 -4.923781e-001 -2.336495e-001  4.461876e-002
 8.402094e+000 -2.343153e+000 -9.259767e+000 -2.624891e+001 -4.064955e+000  4.032478e+000 -1.526375e+001 -2.669060e+000 -9.605472e+000  1.450892e+000 -6.799294e+000 -4.941638e+000  5.612376e+001  2.730379e-002  1.200843e+000  4.905192e-001 -1.044647e+000 -6.035738e-001 -1.089459e+000  1.688527e+000  2.244004e-001 -5.759588e-001  2.101035e-001 -1.805000e+000  1.819250e+000 -5.908481e-001 -1.343944e-001 -2.991614e-001 -2.360753e-001 -1.515687e-001  1.867853e-001  2.369208e-002 -2.801927e-001 -3.757432e-001 -6.272687e-001 -3.955779e-001 -5.352938e-002 -4.608615e-001  3.221058e-002
 8.127036e+000 -3.129109e+000 -8.193142e+000 -2.789938e+001 -4.780613e+000  1.306501e+000 -1.304115e+001 -4.219012e+000 -1.199401e+001  7.139295e-001 -1.024266e+001 -2.950490e+000  5.562690e+001 -2.375010e-001  9.684462e-001 -7.016420e-002 -1.446177e+000 -2.073203e-001 -1.157072e+000  1.123652e+000 -5.531651e-001 -1.053411e+000 -4.840983e-001 -1.481993e+000  9.613292e-001 -4.926605e-001 -4.749223e-002 -2.767037e-001 -3.794718e-001  7.032864e-002  2.843097e-001  2.755105e-001 -4.102090e-001 -3.028803e-001 -2.370431e-001 -2.549884e-001  4.399300e-001 -5.123993e-001  7.628105e-002
 7.710993e+000 -1.125149e+000 -9.527109e+000 -3.012144e+001 -4.814198e+000  4.666243e-001 -1.279772e+001 -4.521367e+000 -1.319218e+001  1.130905e-002 -1.101696e+001 -3.462544e+000  5.524500e+001 -5.230331e-003  4.886469e-001 -6.957361e-001 -1.009544e+000 -8.226490e-002 -6.742458e-001  7.828711e-001 -8.996984e-001 -1.241846e+000 -1.075895e+000 -8.745942e-001  5.275159e-001 -6.566914e-001  1.972127e-002 -2.944094e-001 -1.389099e-001  4.135285e-001  2.969408e-001  4.544205e-001 -4.074556e-001 -1.470043e-001  2.296218e-001  1.478408e-001  6.423316e-001 -1.126822e-001  1.141142e-001
 7.435750e+000 -1.603563e-002 -1.033514e+001 -3.029615e+001 -4.048808e+000  7.307303e-001 -1.198975e+001 -4.661005e+000 -1.350048e+001 -8.845978e-001 -1.146464e+001 -1.514285e+000  5.473588e+001  3.551693e-002  2.195758e-001 -7.091326e-001 -4.426117e-001  1.804933e-001  4.585592e-002  9.399309e-002 -6.395680e-001 -5.341277e-001 -4.221620e-001 -1.415182e-001  4.288813e-001 -3.388779e-001 -2.407956e-002 -4.102745e-001  2.628639e-001  5.580227e-001  4.031201e-001  3.292414e-001 -2.103165e-001  1.308094e-002  5.560824e-001  6.805944e-001  7.585873e-001  2.282677e-001  2.726835e-001
 8.721585e+000 -1.456455e+000 -1.166745e+001 -3.009825e+001 -4.842183e+000  9.491345e-001 -1.187509e+001 -6.946556e+000 -1.506146e+001 -3.129319e+000 -1.056127e+001 -3.022161e+000  5.328581e+001 -1.059880e-002  1.032313e-001  1.154537e-001  5.212128e-001  6.872233e-001  5.811794e-001  1.660777e-001 -4.674197e-001  3.125084e-001  9.183393e-001  7.364208e-001  1.522063e+000 -9.716873e-002 -2.391342e-001 -5.459875e-002  2.515961e-001  6.713451e-001  2.641554e-001  1.974087e-001 -1.055418e-001 -1.283808e-001  6.469424e-001  9.313985e-001  8.696266e-001  3.676951e-001 -6.679982e-003
 7.799325e+000 -1.865577e+000 -1.066864e+001 -3.012404e+001 -3.864155e+000  1.294526e+000 -1.303250e+001 -6.204258e+000 -1.373001e+001  1.734337e-001 -1.117809e+001 -1.026275e+000  5.491211e+001 -3.552145e-001 -8.902187e-001  8.385606e-001  5.785578e-001  1.423536e+000 -1.385780e-001  3.804655e-001 -7.038997e-001  9.498237e-001  1.921757e+000  1.505436e+000  1.605394e+000  5.909958e-001 -1.499255e-001  3.770213e-001 -1.131523e-001  7.827994e-001 -3.478140e-001  2.345560e-002 -2.520967e-001 -1.908127e-001  6.402168e-001  1.878625e-001  5.040386e-001 -2.902417e-001 -4.722297e-001
 7.476212e+000  3.157778e-001 -8.783092e+000 -2.760144e+001 -1.470408e+000  3.090624e+000 -1.144596e+001 -6.086839e+000 -1.151488e+001  4.073990e+000 -7.478133e+000  3.903765e+000  5.467104e+001 -1.005536e+000  7.705504e-001 -2.116023e-001  1.836596e+000  6.169909e-001  4.050148e-001  1.119262e-001 -1.509437e+000  1.250891e+000  2.409138e+000  2.650061e+000  1.777735e+000 -1.155028e+000  9.675377e-002  6.250547e-001 -6.976941e-001  8.333889e-001 -9.594664e-001 -2.185645e-001 -5.309604e-001  9.072812e-002  7.343683e-001 -6.986006e-001 -9.858967e-002 -1.398195e+000 -7.404726e-001
 6.282364e+000 -5.353246e+000 -7.584514e+000 -2.865177e+001  1.382986e+000 -1.032905e+000 -1.030199e+001 -8.610362e+000 -1.052465e+001  5.122530e+000 -5.479028e+000  3.049724e+000  5.699824e+001 -2.166424e-001  1.771023e+000 -1.111366e+000  2.813694e+000 -1.523461e+000  2.512162e-001 -1.139414e+000 -1.072623e+000  2.197765e+000 -2.282491e-001  1.421855e+000 -1.150163e+000 -2.171097e+000 -6.757510e-003  3.970241e-001 -7.268680e-001  8.794257e-001 -9.915601e-001 -1.877833e-001 -5.016735e-001  9.886485e-001  8.418494e-001 -9.742696e-001 -6.892658e-001 -1.669051e+000 -6.888747e-001
 4.452387e+000  4.140131e+000 -1.426752e+001 -2.165140e+001 -4.380799e+000  4.137924e+000 -1.268071e+001 -1.329069e+001 -1.040969e+001  6.441823e+000 -1.605006e-001  3.828512e+000  4.646761e+001  4.038840e-001  1.897884e+000 -2.398054e+000  3.570590e+000 -2.636610e+000 -7.065403e-001 -1.728785e+000  1.705824e-001  3.360379e+000 -1.499661e+000  2.852631e-001 -4.091131e+000 -2.418485e+000 -2.985021e-001 -8.267527e-001 -8.612184e-002  2.337921e-001 -1.960677e-001 -4.397731e-001 -4.613755e-001  1.555554e+000  3.309487e-001 -7.107012e-001 -1.260680e+000 -1.173539e+000  5.093657e-001
 8.228024e+000  5.077359e+000 -1.348325e+001 -1.903059e+001 -1.002626e+001  2.026957e+000 -1.811219e+001 -7.965447e+000 -3.293779e+000 -2.151729e+000 -7.727637e+000 -6.739465e+000  4.815834e+001 -1.093712e+000  5.312349e-001 -1.702554e+000  4.108690e+000 -1.907464e+000 -5.217168e-001 -1.207546e+000  3.399333e+000  4.104326e+000 -9.951918e-001 -7.584940e-001 -3.805428e+000 -2.221649e+000 -7.860098e-001 -1.444241e+000  3.997400e-001 -3.884090e-001  7.265359e-001 -1.503983e-001 -1.490123e-001  1.268758e+000 -7.024354e-001  5.697691e-002 -1.016086e+000  1.476606e-001  1.204111e+000
