36 39
-1.543359e+001  4.441340e+000  6.801434e+000  8.331475e+000 -1.326794e+001 -8.226754e+000  3.612276e+000 -9.967198e+000 -1.101204e+001 -1.774493e+001  4.175411e-001 -9.029524e+000  5.382796e+001 -5.999706e+000 -1.801289e+000 -3.486004e+000 -2.062445e+000  4.439052e+000  4.718583e+000  2.175340e+000  4.649227e+000  3.654226e+000 -1.084455e-001  1.752379e+000 -4.072865e-001 -1.441382e+000  5.945771e-001 -9.274020e-001 -6.251932e-001 -1.439053e+000  5.993659e-002 -3.525050e-001 -1.432887e+000 -1.472754e-001  9.477219e-001  2.197516e+000 -7.141949e-001  1.419980e+000 -6.089607e-001
-2.100846e+001 -7.890058e-001 -6.292356e-001  2.264425e+000 -7.540275e+000 -5.875924e+000  6.103705e-001 -2.320748e+000 -3.341256e+000 -1.551612e+001  6.927039e+000 -1.860855e-001  5.021791e+001 -4.112575e+000 -2.078295e+000 -4.356099e+000 -2.299289e+000  3.838278e+000  3.976486e+000  4.456394e-001  3.286111e+000  4.145775e+000  3.012791e+000  5.773541e-001  8.801810e-001 -2.561478e+000  1.434920e+000 -1.904259e-001  2.962022e-001 -1.893445e-001 -1.011903e+000 -1.180173e+000 -1.110214e+000 -1.102494e+000 -1.756696e-001  1.606166e+000 -8.385178e-001  4.970369e-001 -2.296299e-001
-2.338596e+001  1.364620e+000 -6.220179e+000 -5.209311e+000 -8.070512e+000 -4.115999e+000  2.365613e+000 -3.071086e+000  3.957881e-002 -4.515071e+000  8.459497e+000  2.573973e+000  4.722294e+001 -2.008507e+000 -1.817293e+000 -2.735259e+000 -1.808462e+000  1.030346e+000  5.773339e-001 -5.624634e-001  9.257125e-001  2.591265e+000  3.679769e+000  1.589541e-001  1.159734e-001 -2.440686e+000  1.497848e+000  1.271333e-001  9.755470e-001  9.317011e-001 -1.463795e+000 -1.595570e+000 -7.405542e-001 -1.269854e+000 -1.295390e+000 -2.070092e-001 -5.763422e-001 -2.028580e-001  3.104228e-001
-2.392649e+001 -3.990819e-001 -7.438653e+000 -9.345513e-001 -5.447954e+000 -4.033843e+000  3.338935e+000 -2.162867e+000  2.152633e+000 -4.061727e+000  1.352750e+000 -7.207057e+000  4.453998e+001 -7.010652e-001 -1.389026e+000 -9.353575e-001  5.889330e-001 -3.105986e-001  1.572306e-001 -3.146698e-001  6.304291e-001  7.885525e-001  2.222362e+000 -6.950596e-001 -1.562596e+000 -1.370777e+000  9.594879e-001  3.246854e-001  9.545037e-001  7.918106e-001 -8.968478e-001 -9.164070e-001 -2.796608e-001 -7.427638e-001 -1.424287e+000 -9.899260e-001 -1.353491e-002  6.142665e-002  7.727146e-001
-2.401711e+001 -4.840088e+000 -3.470151e+000  8.886544e-001 -9.162368e+000 -6.261126e+000 -5.643232e-001 -5.417576e+000 -8.026603e-001 -5.073280e+000  3.999456e+000 -4.939171e+000  4.446350e+001 -2.162230e-001 -1.510257e+000 -3.186396e-001  1.151950e+000 -8.054837e-001 -1.349641e+000 -1.147276e+000 -3.722005e-001 -1.144114e+000 -7.482768e-001 -4.931246e-001 -2.001878e-001 -4.846180e-001  4.225003e-001  5.443832e-001  3.023387e-001  2.977150e-001  2.187852e-001  1.404895e-001  4.279792e-001  4.019152e-002 -5.585821e-001 -8.825002e-001  1.158108e-002  1.452809e-001  7.956847e-001
-2.419820e+001 -4.631782e+000 -6.681037e+000  2.160107e+000 -8.547339e+000 -4.017208e+000  5.019894e-001  2.004643e+000  1.022626e+000 -4.125203e+000  5.681762e+000 -4.242494e+000  4.474374e+001 -2.112780e-001 -6.083860e-001 -7.918904e-001  1.795582e-001  2.719540e-001  3.579380e-001 -6.602581e-001  2.212488e-001 -1.107970e+000  2.771840e-001  8.357190e-001  1.345395e+000  3.240612e-001  1.145979e-001  5.359768e-001  8.955193e-002 -3.449712e-001  3.424993e-001  4.424655e-001  5.465747e-001 -1.428883e-001  3.093668e-001 -1.318701e-001  2.550081e-001  5.210241e-002  6.380574e-001
-2.433121e+001 -4.070316e+000 -8.192184e+000 -9.968928e-001 -1.054824e+001 -1.087252e+001 -1.952295e+000 -7.015843e+000 -5.115987e+000 -8.224717e+000  3.829369e+000  9.075293e-002  4.469797e+001 -1.408997e-001  5.143029e-001 -1.295299e+000 -1.151992e-001  1.832996e+000  1.179428e+000  1.750227e+000  1.331260e+000  7.466162e-001  2.398570e-001 -5.485297e-001 -6.116178e-001  6.903183e-001  2.370630e-001  6.300200e-001  4.054810e-001 -4.753022e-001  1.529438e-001  8.692647e-001  6.510031e-001 -1.144701e-002  7.554777e-001  4.260099e-001  2.088149e-001 -3.626634e-001  6.674352e-001
-2.482582e+001 -3.825898e+000 -9.037088e+000  9.060131e-001 -3.395249e+000  6.154550e-002  7.316302e-001 -2.574895e-001 -1.230551e+000 -1.100088e+000  5.616389e+000 -2.995045e+000  4.604305e+001 -1.657375e-001  2.785780e-001  7.317543e-004 -5.023487e-001  8.265825e-002  1.105024e+000  9.694522e-001 -9.357427e-001  1.390022e+000  1.068944e+000  6.076834e-001 -1.096369e+000  1.232041e+000  6.177507e-001  4.875808e-001  8.565204e-001 -4.518859e-001 -3.548193e-001  3.927447e-001  3.145694e-001 -2.823333e-001  5.075024e-001  1.029967e-001 -2.544557e-001 -4.148707e-001  7.669178e-001
-2.440780e+001 -2.671515e+000 -8.768619e+000  9.397053e-001 -2.573433e+000 -2.403363e+000  8.071990e+000  2.369792e+000  4.057009e+000 -5.386552e+000  1.289494e+000 -8.620985e+000  4.726543e+001  9.463218e-001  1.196361e+000  1.312454e+000 -8.836080e-001  5.388298e-002  2.623139e+000  1.292884e+000  1.490602e-001  1.384279e+000  9.858925e-001  6.649677e-001 -7.926229e-001  2.398568e+000  7.669522e-001  2.033255e-001  1.088121e+000 -6.778520e-001 -5.862784e-001 -7.038877e-002 -3.188741e-001 -4.100474e-001 -2.835371e-001  4.526861e-002 -3.282048e-001  5.381988e-001  5.292978e-001
-2.498860e+001 -3.938292e+000 -6.389161e+000 -1.319935e+000 -1.212145e+001 -2.726667e+000  3.371080e-001 -7.366888e+000  3.386235e+000 -1.995649e-001  9.990116e+000 -5.368471e+000  4.962021e+001  2.333865e+000  1.488489e+000  2.186835e+000 -1.695667e+000 -6.125861e-001  1.599806e+000  1.141260e+000 -5.993176e-001  1.110711e+000  4.191496e-001 -1.043308e+000 -6.384560e-001  3.304525e+000  6.574329e-001 -2.760928e-002  8.049529e-001 -9.961005e-001 -2.196896e-001 -6.880787e-001 -2.798005e-001  1.371888e-001 -7.517800e-001 -5.037982e-001 -9.657913e-001  1.129454e+000 -2.127192e-001
-1.951822e+001  1.967685e+000 -2.953877e+000 -4.301959e+000 -5.915722e+000  3.637281e+000  4.709388e+000 -2.715843e+000 -5.029845e-001 -3.745516e+000  4.967344e+000 -2.685648e+000  5.490223e+001  2.444060e+000  9.259747e-001  3.052255e+000 -2.907800e+000 -7.507738e-001  5.800931e-001  6.995216e-002 -8.871893e-001 -5.314143e-001  7.910973e-001 -1.364058e+000  1.850420e+000  2.300565e+000  1.082592e-001 -7.183632e-001  5.155894e-001 -6.703886e-001 -4.357130e-001 -1.315731e+000 -5.731608e-001 -2.135776e-001 -9.562827e-001 -6.766304e-001 -1.055662e+000  1.026005e+000 -1.199000e+000
-1.560129e+001  1.296947e+000 -1.010284e+000 -4.951491e+000 -4.787035e+000  5.040251e+000  8.119233e+000 -7.112598e-001  6.603002e+000  1.751418e-001 -1.439078e+000 -9.154993e+000  5.874728e+001  2.372558e+000  2.757246e-001  3.155596e+000 -4.470755e+000 -6.134616e-001 -1.313847e+000  1.819158e-001  2.683262e-001 -1.411031e+000 -1.352649e+000 -3.206760e+000  3.229377e+000  2.174465e-001  8.667012e-002 -8.080674e-001  2.109323e-001  1.604236e-001 -8.631464e-001 -1.123311e+000 -1.032764e+000 -3.591360e-001 -1.142656e+000 -6.615218e-001 -6.661233e-001  2.466510e-001 -1.542758e+000
-1.688116e+001 -6.592606e-001  3.803216e+000 -1.178351e+001 -9.994510e+000 -3.386357e+000  4.530688e+000 -5.393969e+000 -2.084455e-001 -1.618419e+000  1.838001e-001  2.524374e+000  5.420473e+001  1.468271e+000 -1.789073e+000  3.406021e+000 -2.848007e+000 -2.124244e+000 -2.498692e+000 -1.093247e+000 -1.352649e+000 -2.136263e+000 -1.511360e+000 -3.531618e+000  2.403487e+000 -2.052895e+000  8.174907e-001 -7.631228e-001 -4.625010e-001  1.385233e+000 -1.188670e+000 -7.878202e-001 -1.099089e+000 -2.025350e-001 -1.035473e+000 -1.938978e-001 -5.251286e-002 -1.596014e+000 -6.388236e-001
-1.444434e+001 -1.246196e+000  6.010272e+000 -1.993293e+001 -1.314936e+001 -5.784081e+000  1.336037e+000 -4.686194e+000 -3.816192e+000 -8.026360e+000 -3.651915e+000  8.173404e+000  5.105619e+001  3.255110e+000 -1.194324e+000  3.064614e+000 -9.234455e-001 -4.241583e+000 -2.477355e+000 -3.440961e+000 -2.162267e+000 -3.800145e+000 -1.737231e+000 -3.290145e+000  3.182653e-001 -2.232537e+000  1.188560e+000 -7.218981e-001 -9.793240e-001  2.275494e+000 -1.004526e+000 -5.336461e-001 -1.013417e+000  1.680869e-001 -8.368908e-001  7.865881e-001  1.288939e+000 -2.515416e+000  5.932752e-001
-1.275534e+001 -5.706108e+000  1.056595e+001 -1.105127e+001 -1.235578e+001 -3.444012e+000  2.634750e+000 -7.491623e+000 -5.974702e+000 -7.201566e+000 -1.158433e+001  6.675873e-001  4.848330e+001  6.090238e+000 -2.154615e+000  7.852407e-001  2.244711e+000 -4.880061e+000 -2.777253e+000 -3.614056e+000 -6.845675e-001 -4.514222e+000  1.389921e-002 -1.584930e+000 -4.674097e+000  3.314388e-001  8.761732e-001 -4.218484e-001 -1.332761e+000  1.743422e+000 -6.747542e-002 -5.354561e-001 -4.261391e-001  1.052613e+000 -4.907442e-001  9.777641e-001  2.094480e+000 -1.731555e+000  1.292459e+000
-1.388652e+000 -2.151250e+000  1.093142e+001 -9.934839e+000 -2.481431e+001 -7.317698e+000 -8.137604e+000 -1.047377e+001 -9.514595e+000 -5.719438e+000 -1.200574e+001 -6.635273e+000  5.044531e+001  6.004375e+000 -3.150995e+000 -4.306338e-001  4.360357e+000 -4.258184e+000 -3.842797e+000 -3.624767e+000  7.747197e-001 -4.406506e+000  1.817662e+000  2.264592e+000 -5.808913e+000  1.991656e+000 -5.429111e-001 -4.028349e-001 -1.016530e+000  8.066675e-001  1.280702e+000 -3.231790e-001  6.446613e-001  1.303914e+000  1.879390e-001  7.935431e-001  1.810390e+000 -3.366876e-003  9.292885e-001
 7.042189e+000 -1.097981e+001  5.268847e+000 -5.559008e+000 -2.856234e+001 -1.650581e+001 -8.802771e+000 -5.923018e+000 -1.993035e+001 -2.702384e+000 -3.563941e+000 -1.344177e+001  5.616736e+001  4.474505e+000 -2.919980e+000 -1.510159e+000  3.227201e+000 -2.453321e+000 -4.493252e+000 -3.132040e+000  2.441920e+000 -4.286803e+000  1.600014e+000  4.163412e+000 -3.190701e+000  2.297305e+000 -1.745572e+000  3.075240e-001 -1.115063e-001 -4.123340e-001  1.781113e+000  3.683130e-001  1.193933e+000  5.207344e-001  8.491240e-001  1.536265e-001  4.201384e-001  1.651578e+000 -5.073299e-002
 5.678771e+000 -1.436432e+001  6.505654e+000 -8.772800e-001 -2.633701e+001 -1.846716e+001 -1.106904e+001 -1.596898e+000 -1.887090e+001 -1.187641e+000  3.660853e+000 -1.381648e+001  5.717244e+001  1.348421e+000 -2.825816e+000 -8.703362e-001  2.618647e+000  9.485590e-001 -3.235251e+000 -4.586626e-001  2.794061e+000 -2.974159e+000  1.437428e+000  2.887635e+000 -4.402670e-001  1.430973e+000 -1.796324e+000  8.277887e-001  5.289344e-001 -1.264962e+000  1.254735e+000  1.151668e+000  1.400126e+000 -4.770682e-001  1.035040e+000 -1.251673e-001 -1.146672e+000  1.647980e+000 -4.815778e-001
 6.083477e+000 -1.419947e+001  5.228034e+000  5.559496e-001 -2.386104e+001 -2.033554e+001 -1.155973e+001  2.795405e-001 -2.273057e+001 -1.467395e+000  1.399435e+000 -1.169531e+001  5.660625e+001 -3.096453e-001 -7.795841e-001  4.475605e-001  1.053896e+000  1.422132e+000 -1.239461e+000  7.725576e-001  9.094337e-001 -9.847752e-001  9.721490e-001  2.042403e-001  8.994687e-001  3.581154e-001 -1.358064e+000  8.939270e-001  9.648030e-001 -1.438135e+000  1.842873e-001  1.603746e+000  1.000113e+000 -1.306521e+000  1.107632e+000  1.361538e-001 -1.618611e+000  6.506571e-001 -3.495803e-001
 5.832809e+000 -1.467050e+001  6.600142e+000  1.009171e-001 -2.242217e+001 -2.157909e+001 -9.052437e+000  3.952553e-001 -2.298528e+001  8.502064e-001 -4.925129e-002 -9.709837e+000  5.738073e+001 -5.851712e-001 -8.224907e-002  1.235178e+000 -8.778003e-001  7.776356e-002  2.886461e-001  1.423565e+000 -8.443784e-001 -8.823198e-001  1.505758e+000 -1.489184e+000  3.859018e-001  5.533611e-001 -7.543778e-001  7.899458e-001  8.092041e-001 -1.539861e+000 -7.435402e-001  1.440610e+000 -5.466922e-002 -1.532652e+000  8.116171e-001  2.125470e-001 -1.402866e+000 -8.733869e-002 -3.958222e-002
 5.416944e+000 -1.472464e+001  7.459405e+000 -7.786276e-001 -2.340910e+001 -2.114715e+001 -5.948284e+000 -2.371927e+000 -2.279704e+001  1.139437e+000 -6.876870e-001 -1.099775e+001  5.785379e+001 -1.349018e+000  1.778720e-001  2.261098e+000 -2.215250e+000 -1.096487e+000  1.763531e+000  9.274127e-001 -2.271463e+000  2.054375e-001  2.246618e+000 -1.741234e+000 -3.504999e-001  9.882088e-001 -4.711208e-001  5.382475e-001  4.740432e-001 -1.151877e+000 -5.234717e-001  1.006131e+000 -6.006887e-001 -1.022156e+000  6.994497e-001  1.588243e-001 -8.065515e-001 -3.014191e-002  1.275392e-001
 3.086182e+000 -1.451298e+001  1.156586e+001 -4.598993e+000 -2.617416e+001 -1.661813e+001 -6.756936e+000 -4.493056e+000 -2.324926e+001  5.037732e+000 -2.741509e+000 -1.223575e+001  5.931548e+001 -1.903782e+000  6.451850e-001  2.268915e+000 -3.446084e+000 -1.509832e+000  2.466302e+000 -8.094363e-001 -3.278752e+000  4.888197e-001  1.862928e+000 -3.153960e+000 -2.519761e-001  9.180149e-001 -2.809685e-001  5.737843e-001  5.762696e-002 -5.309532e-001  2.046054e-001  4.095290e-001 -7.545384e-001 -3.641698e-001  7.936133e-001 -3.195657e-001 -3.115122e-001  3.653921e-001 -5.220898e-002
 7.117027e-001 -1.338887e+001  1.405067e+001 -8.170344e+000 -2.746748e+001 -1.399837e+001 -8.070417e+000 -8.633620e+000 -2.157139e+001  7.671932e+000 -5.960605e+000 -1.218485e+001  6.057993e+001 -2.005944e+000  1.547937e+000  2.300908e+000 -3.421347e+000 -4.014282e-001  2.702364e+000 -1.114385e+000 -2.984157e+000  1.826904e+000  1.587685e+000 -2.996129e+000  1.067698e+000  8.134845e-001  2.238749e-002  5.537248e-001 -3.457341e-001 -5.494618e-003  6.976715e-001 -2.266570e-001 -5.881881e-001  2.419469e-001  5.010942e-001 -8.021302e-001  3.028915e-002  5.903682e-001 -2.449902e-001
-1.333479e+000 -1.211246e+001  1.464909e+001 -1.343365e+001 -2.794214e+001 -1.282197e+001 -1.203855e+001 -1.286766e+001 -2.115401e+001  6.898599e+000 -1.318259e+001 -1.037617e+001  6.060774e+001 -1.661551e+000  2.101640e+000  1.503408e+000 -2.929518e+000  7.532612e-001  1.866874e+000 -1.328228e+000 -2.308881e+000  2.275014e+000  2.373956e-001 -2.419298e+000  1.503763e+000  3.796783e-001  2.559437e-001  3.285384e-001 -4.079880e-001  4.147045e-001  7.637348e-001 -6.159278e-001 -2.928359e-001  7.017192e-001  1.327240e-001 -8.228105e-001  5.015128e-001  4.645160e-001 -2.928808e-001
-2.402947e+000 -8.185218e+000  1.742233e+001 -1.346804e+001 -2.453225e+001 -9.533408e+000 -8.879401e+000 -1.310541e+001 -1.471014e+001  8.147429e+000 -1.044779e+001 -6.589053e+000  6.127509e+001 -1.358196e+000  2.218269e+000  9.151812e-001 -2.501006e+000  1.260324e+000  9.299600e-001 -1.754132e+000 -1.546664e+000  1.817812e+000 -9.512667e-001 -1.957119e+000  1.723471e+000  3.242607e-002  3.647346e-001 -2.013591e-002 -3.894870e-001  4.834547e-001  3.830801e-001 -7.198676e-001 -2.959873e-001  6.430344e-001 -3.471878e-001 -7.341928e-001  4.137873e-001  1.478208e-001 -3.201136e-001
-3.664246e+000 -6.606607e+000  1.739707e+001 -1.659774e+001 -2.387547e+001 -9.516234e+000 -1.299358e+001 -1.380156e+001 -1.530482e+001  5.986961e+000 -1.259441e+001 -7.514837e+000  6.086629e+001 -9.479375e-001  1.952711e+000  9.218386e-001 -1.832732e+000  1.477965e+000  2.728659e-001 -1.953742e+000 -4.889023e-001  1.156986e+000 -9.816483e-001 -1.165901e+000  1.742718e+000 -1.558598e-001  4.259977e-001 -1.813209e-001 -1.521703e-001  6.068984e-001  1.405710e-001 -3.480212e-001 -7.029922e-002  4.942870e-001 -2.708589e-001 -3.335254e-001  4.489897e-001  7.665718e-002 -2.861965e-001
-4.913892e+000 -5.050453e+000  1.725258e+001 -1.909333e+001 -2.319919e+001 -1.100144e+001 -1.636356e+001 -1.589999e+001 -1.540693e+001  3.371417e+000 -1.604029e+001 -4.998163e+000  6.061278e+001 -5.390775e-001  1.521722e+000  6.442579e-001 -1.552466e+000  1.151620e+000 -9.996986e-002 -2.281564e+000 -6.789744e-001  6.499788e-001 -1.473757e+000 -1.553891e+000  1.687325e+000 -5.193146e-001  4.331310e-001 -1.037348e-001 -9.434668e-002  8.444901e-001 -1.894444e-002  1.135871e-001  2.565262e-001  3.278109e-001  1.103259e-001 -3.111694e-002  6.583331e-001 -9.793983e-002 -2.515937e-001
-4.817694e+000 -3.916286e+000  1.934315e+001 -1.978466e+001 -2.121884e+001 -1.072363e+001 -1.806518e+001 -1.391488e+001 -1.502069e+001  4.378363e+000 -1.621585e+001 -2.458023e+000  6.015959e+001  5.887895e-002  1.543309e+000  8.780182e-001 -3.692959e-001  1.510468e+000  6.417333e-001 -1.416008e+000 -2.712909e-001  1.504635e+000 -1.168987e+000 -3.759636e-001  1.905122e+000 -7.754337e-001  3.345599e-001  4.376831e-002 -2.115723e-001  9.317009e-001 -1.626356e-001  3.770933e-001  5.496452e-001 -3.584821e-002  4.093212e-001  4.373368e-002  7.353325e-001 -3.098786e-001 -1.895547e-001
-4.521611e+000 -1.921770e+000  1.967058e+001 -1.963691e+001 -2.010246e+001 -9.429561e+000 -1.775142e+001 -1.644363e+001 -1.160231e+001  1.582944e+000 -1.640652e+001 -6.808349e-001  5.903186e+001  3.040510e-001  1.904295e+000  4.653580e-001  9.897264e-001  1.149351e+000  1.313462e+000 -7.403687e-001 -1.641598e-002  2.195616e+000 -1.013182e+000  9.395771e-001  1.152569e+000 -9.157555e-001  2.332518e-001  1.282009e-001 -3.651326e-001  8.908774e-001 -3.709439e-001  4.132926e-001  8.006393e-001 -1.527207e-001  1.815711e-001  2.265053e-001  7.516552e-001 -5.913916e-001 -1.149940e-001
-3.565992e+000 -4.544022e-001  2.057816e+001 -1.817243e+001 -1.787149e+001 -7.093506e+000 -1.937969e+001 -1.488620e+001 -9.683947e+000  1.036265e+000 -1.429111e+001 -1.478893e-001  5.777958e+001  3.032978e-001  1.980266e+000 -4.657288e-002  1.554676e+000  6.659222e-001  1.451617e+000  2.388611e-002 -9.994226e-001  2.430773e+000 -9.932672e-001  1.264027e+000  4.607024e-001 -9.054127e-001  9.130196e-002  7.835867e-002 -6.827532e-001  6.392677e-001 -6.780361e-001  1.530448e-001  8.480415e-001 -3.764702e-001 -3.953705e-001  5.768486e-002  3.077443e-001 -8.601116e-001 -9.774414e-002
-4.019488e+000  2.740082e+000  1.896187e+001 -1.495081e+001 -1.912611e+001 -6.249189e+000 -1.940815e+001 -1.549641e+001 -7.097216e+000 -2.344507e-002 -1.230478e+001 -3.903829e-001  5.722401e+001  5.049721e-001  1.944248e+000 -7.191097e-001  1.939935e+000 -2.808262e-001  1.561551e+000  1.001686e+000 -1.078512e+000  1.094766e+000 -4.290901e-001  1.384389e+000 -5.474229e-001 -1.029295e+000 -1.989348e-001  7.899910e-002 -8.737838e-001  5.117478e-001 -4.244548e-001  1.065589e-002  8.429301e-001 -3.528449e-001 -8.243127e-001 -1.872856e-001  9.799166e-002 -9.282606e-001 -9.316929e-002
-3.552267e+000  3.654116e+000  1.946465e+001 -1.435432e+001 -1.837740e+001 -5.055731e+000 -1.711739e+001 -1.938560e+001 -5.119372e+000  2.152215e-001 -1.194659e+001 -2.997364e-001  5.653645e+001  4.149282e-001  1.915126e+000 -1.943514e+000  2.351939e+000 -1.164624e+000  1.282913e+000  1.953173e+000 -1.622594e+000  7.820845e-002 -1.172608e+000  9.403517e-001 -1.545439e+000 -1.207384e+000 -7.438130e-001  1.238429e-001 -8.432222e-001  2.895032e-001  9.559825e-002  1.691387e-001  7.712771e-001  4.140187e-001 -7.644103e-001 -1.693058e-001  2.908471e-001 -9.792098e-001  8.190216e-002
-2.003613e+000  5.745209e+000  1.663179e+001 -1.184628e+001 -2.125364e+001 -2.640692e+000 -1.387415e+001 -1.958648e+001 -8.410773e+000 -1.519843e-001 -1.065684e+001 -3.342026e+000  5.450695e+001 -7.464380e-001  2.331861e+000 -2.955090e+000  3.149834e+000 -5.765038e-002  1.451093e+000  2.509639e+000 -1.469055e+000 -7.496647e-001 -1.859940e+000  1.591373e+000 -2.485662e+000 -1.230616e+000 -1.337543e+000 -3.119234e-002 -7.045757e-001 -1.397721e-001  5.308558e-001  7.608759e-002  7.964151e-001  1.197928e+000  1.903239e-002  4.289357e-001  5.075307e-001 -5.605832e-001  3.616621e-001
-2.499288e+000  7.618667e+000  1.202563e+001 -7.964999e+000 -2.263085e+001 -2.483191e+000 -1.238083e+001 -2.095413e+001 -8.636126e+000 -4.762507e+000 -1.041332e+001 -6.399265e+000  5.310119e+001 -2.790062e+000  2.405674e+000 -3.144694e+000  2.397242e+000  1.032326e+000  2.352539e+000  3.126295e+000  1.265942e+000 -4.690635e-001 -1.124371e+000  2.614771e+000 -3.466227e+000 -3.952416e-001 -1.654423e+000 -7.674167e-001 -5.980256e-001 -6.720471e-001  6.085324e-001 -9.716512e-002  4.442906e-001  1.614135e+000  6.247900e-001  1.171731e+000  7.431778e-001  1.221862e-001  4.252806e-001
-8.278167e+000  1.241711e+001  7.905922e+000 -2.396304e+000 -1.728764e+001 -2.799924e-001 -9.228235e+000 -2.205742e+001 -9.087162e+000 -6.834280e+000 -5.114546e+000 -9.768931e+000  5.278856e+001 -4.580248e+000  1.543012e+000 -3.641398e+000  1.218422e+000  1.274978e+000  1.407176e+000  4.397200e+000  3.466860e+000  1.463564e+000  1.691470e+000  3.084833e+000 -2.389945e+000  3.729435e-001 -1.188082e+000 -1.445541e+000 -2.327340e-001 -9.405378e-001  2.309459e-001 -4.424618e-001 -2.501229e-001  1.568828e+000  1.007212e+000  1.109152e+000  3.357394e-001  9.802741e-001  1.777893e-001
-1.436530e+001  1.234653e+001  8.104111e+000 -7.093102e+000 -1.519877e+001  5.526616e+000 -3.808867e+000 -1.182042e+001 -7.126495e+000 -2.065486e+000 -1.643878e+000 -1.441742e+001  5.541944e+001 -5.940281e+000 -1.527533e+000 -4.590488e+000 -4.259060e-002  1.211724e+000  8.190457e-001  3.230845e+000  3.980123e+000  2.095544e+000  2.910344e+000  3.909511e+000 -9.823669e-001  1.172390e-001 -1.812329e-001 -1.543327e+000 -2.397435e-002 -5.534300e-001  1.801457e-001 -8.021474e-001 -1.024026e+000  5.153652e-001  8.365582e-001  1.889676e-001 -2.440065e-001  1.559091e+000 -2.676197e-001
