36 39
 7.516046e+000  1.282773e+001  8.941489e+000 -3.918076e+000 -5.851382e+000 -9.989455e-001  3.860476e+000 -9.530068e+000 -1.229762e+001  4.720048e+000 -9.554964e+000 -6.850160e+000  4.554052e+001  2.036491e+000  3.327761e+000  2.160935e+000 -2.748188e+000  6.036321e-001 -3.692909e-001 -2.257751e+000  8.691369e-001 -2.423497e+000  7.788014e-001  1.897483e+000 -1.928606e-002 -9.682625e-001 -7.991532e-001 -1.058479e+000  2.025976e+000 -7.686129e-003 -6.491111e-001  2.760283e-001 -1.449459e+000  8.385102e-001 -1.984086e-002 -3.792227e-001  1.417825e+000  9.383608e-001  3.484769e-001
 1.063659e+001  1.386579e+001  5.573475e+000 -3.545421e+000 -6.719192e+000 -5.807881e-001  1.087686e+000 -9.531691e+000 -1.022623e+001 -1.512938e+000 -6.878632e+000 -9.371873e+000  4.552581e+001  1.810081e+000  3.229642e-001  1.669673e+000 -3.068692e-001 -5.132619e-001 -7.056157e-002 -6.105721e-001  8.658564e-001 -2.291098e+000  2.252174e-001  2.736107e+000  9.682713e-001  5.732018e-001 -1.223705e+000 -2.318823e+000  8.078529e-001  8.173711e-001 -6.944207e-001  1.832827e-001 -4.067450e-001  1.358204e+000  1.057397e+000 -8.228204e-001  8.724179e-001  1.167453e+000  1.079506e+000
 3.878982e+000  1.350972e+001  9.413927e+000  1.034075e+000 -3.649060e+000 -9.979196e-001  2.232974e+000 -3.328712e+000 -1.301115e+001  7.633670e-001 -6.379647e-001 -9.224086e+000  4.289957e+001 -1.728621e-001 -4.311558e+000  1.545442e+000  1.096394e+000 -2.115855e+000  8.333272e-001 -1.183513e+000  3.045097e+000 -9.585200e-002 -2.104325e+000  2.743454e+000  2.208596e+000  2.822373e+000 -7.104279e-001 -2.854329e+000  1.096332e-001  1.998375e-001 -1.106357e+000  1.072232e-001 -8.324651e-002  8.642074e-001  1.675211e+000 -8.188158e-001 -2.074129e-001  6.098148e-001  1.797390e+000
 1.116494e+001  4.416449e+000  6.756903e+000  2.377922e+000 -1.131094e+001  3.063734e-001  7.968286e+000 -6.697875e+000 -1.694687e+001  1.023916e+000 -6.922945e-001 -3.987412e+000  5.112121e+001 -9.965985e-001 -6.765242e+000  2.783623e+000 -5.136315e-001 -3.569229e+000  3.722290e-001 -1.760259e+000  4.046412e+000  2.362907e+000 -2.310685e+000  2.579576e+000  3.018183e+000  5.207527e+000 -5.086332e-001 -1.500833e+000  3.807135e-002 -5.271703e-001 -1.828243e-001 -1.469531e-001 -4.241612e-001  6.688890e-001  1.490176e+000 -2.671740e-001 -6.873916e-001 -1.988386e-001  9.036260e-001
 6.387557e+000 -4.005389e+000  1.607698e+001 -1.397777e+000 -1.413478e+001  2.724110e+000 -5.497388e+000  4.278509e+000 -9.416562e+000 -7.070003e+000  1.069140e+000  1.500592e+000  5.685468e+001 -1.123086e-001 -7.399780e+000  2.152126e+000 -1.645620e+000 -3.400168e+000 -5.457000e-002 -2.099140e+000  3.599896e+000  3.625554e+000 -2.047327e+000  9.386839e-001  2.004832e+000  5.701526e+000  1.633716e-001  2.284646e-001 -5.187789e-001 -4.685597e-001  8.999470e-001 -2.150393e-001 -2.681836e-002 -1.640272e-001  3.003938e-001  6.259105e-001 -9.417268e-001 -9.478601e-001 -3.400698e-001
 4.399307e+000 -1.120287e+001  1.616006e+001 -4.897653e+000 -1.932248e+001 -5.806578e-001 -3.848429e+000  6.896758e+000 -2.089951e-001 -9.149677e+000  5.165696e+000  3.567033e-001  6.458589e+001 -7.633621e-001 -5.637089e+000  1.556688e+000 -1.571714e+000 -7.852266e-001 -3.613783e-001 -2.273565e+000  3.932902e+000  3.299079e+000 -1.139152e+000  2.015345e-001  7.596061e-002  3.651755e+000  4.239010e-001  1.313266e+000 -9.409620e-001  1.460267e-001  1.639147e+000  1.245898e-001 -2.279592e-002 -4.894435e-001 -8.034415e-001  7.530715e-001 -1.015874e+000 -1.031521e+000 -1.339372e+000
 6.700258e+000 -1.567952e+001  1.547298e+001 -3.556235e+000 -1.664413e+001 -8.272540e-001 -2.354367e+000  7.873453e+000 -3.252320e+000 -4.386470e+000  1.126460e+000 -1.371982e+000  6.467487e+001  5.273775e-001 -3.733312e+000 -4.349853e-001 -7.173632e-001  9.918793e-001  1.249341e-001 -1.060952e+000  2.281716e+000  9.380310e-001  4.394608e-001 -7.761589e-001 -1.059593e+000  1.899910e+000  2.780652e-001  1.584835e+000 -7.049489e-001  3.234223e-001  1.403620e+000  3.738611e-001 -2.212406e-001 -5.030468e-001 -9.435900e-001  4.477033e-001 -6.253551e-001 -4.941339e-001 -1.404351e+000
 7.191784e+000 -1.793193e+001  1.484235e+001 -4.401419e+000 -1.398240e+001  2.751639e-001 -4.971048e+000  1.116916e+001 -3.533600e+000 -6.013609e+000  2.867184e-001 -2.171322e+000  6.546989e+001  8.030633e-001 -2.032145e+000 -6.276318e-001 -2.476262e-001  2.430482e+000  9.054258e-001 -2.393333e+000  2.258285e+000 -3.105389e-001  2.112788e-001 -1.642370e+000 -6.072102e-001  4.114731e-001  2.729512e-001  1.168584e+000 -2.965563e-001  2.234734e-001  5.391278e-001  4.074477e-001 -3.269415e-001 -5.567542e-001 -5.055575e-001  7.534427e-002 -2.070358e-001 -5.154135e-002 -8.903418e-001
 7.628206e+000 -1.930742e+001  1.456092e+001 -5.232709e+000 -1.184543e+001  2.920869e+000 -1.024084e+001  1.355089e+001 -3.064105e+000 -6.440732e+000 -3.721659e-001 -2.533361e+000  6.591223e+001  4.948045e-001 -1.278076e+000 -2.804593e-001 -6.905518e-001  2.010078e+000  1.181333e+000 -3.145459e+000  1.921971e+000  7.124130e-001 -4.840253e-001 -1.266139e+000 -1.242519e-001  2.999123e-001  1.181741e-002  6.644925e-001  1.511116e-001  1.038509e-001 -1.485526e-001  2.078480e-001 -2.815372e-001 -4.042679e-001  7.846770e-002 -1.663235e-001  2.298886e-001  1.257971e-002 -4.553050e-001
 7.950650e+000 -1.954965e+001  1.347793e+001 -5.297546e+000 -9.569419e+000  2.072410e+000 -1.187186e+001  1.534947e+001 -1.855797e+000 -7.066152e+000 -2.296843e+000 -2.098658e+000  6.602457e+001  6.176804e-001 -1.021786e+000 -3.356838e-003 -4.677529e-001  1.401313e+000  1.147660e+000 -2.866019e+000  1.329003e+000  8.841005e-001 -3.006873e-001 -5.886543e-001 -6.494167e-001  4.501343e-005 -6.607999e-002  3.488046e-001  9.720115e-002  1.666710e-001 -5.276598e-001  9.752119e-003  2.113256e-001 -5.655967e-001  2.106566e-001 -2.119379e-002  5.062457e-001 -1.786484e-001 -1.518170e-001
 8.794847e+000 -2.126105e+001  1.475289e+001 -6.560931e+000 -8.800232e+000  4.180790e+000 -1.463126e+001  1.539316e+001 -5.291565e-001 -6.280325e+000 -3.912456e+000 -2.029573e+000  6.589709e+001  6.791559e-001 -9.160288e-001  8.435058e-003 -8.804536e-002  7.637011e-001  1.043057e+000 -2.232295e+000  7.250172e-001  7.330498e-001 -1.361736e-001 -1.535740e-001 -9.755913e-001 -1.709007e-001 -1.438374e-001  3.345246e-001 -1.162356e-001  3.150496e-001 -4.128044e-001 -1.240680e-001  4.597451e-001 -5.205016e-001 -9.096084e-002  1.663585e-001  3.711009e-001 -1.872232e-001 -5.192253e-002
 9.696865e+000 -2.206404e+001  1.472958e+001 -6.076073e+000 -8.498426e+000  5.383505e+000 -1.710593e+001  1.689304e+001 -3.805715e-001 -7.597249e+000 -8.864080e-001 -5.670299e+000  6.547769e+001  3.804876e-001 -4.691456e-001 -2.860732e-001  2.844758e-001  4.153717e-001  1.023325e+000 -1.793286e+000  2.877846e-002  7.324260e-001 -6.861605e-002  3.325754e-001 -1.074782e+000 -1.122055e-001 -2.562567e-001  3.540264e-001 -2.161804e-001  2.569993e-001 -2.512523e-001 -1.648795e-001  4.649703e-001 -4.286656e-001 -8.125454e-002  1.537935e-001  4.390926e-002  1.004595e-001  6.213890e-002
 1.015088e+001 -2.263036e+001  1.397727e+001 -5.283673e+000 -8.562416e+000  6.480606e+000 -1.878527e+001  1.640418e+001 -1.364685e-001 -6.856052e+000 -1.845254e+000 -5.625497e+000  6.533117e+001 -1.057860e-001  1.182266e-001 -7.202790e-001  5.085818e-001  4.390265e-001  6.231611e-001 -1.383099e+000 -3.042393e-002  3.334461e-001  2.317317e-001  1.287507e-001 -8.476849e-001  9.642486e-002 -2.527115e-001  2.825670e-001 -1.512860e-001  1.310634e-001 -1.043671e-001 -1.779033e-001  3.601183e-001 -2.415141e-001  2.005597e-002  6.715277e-002 -1.220633e-001  2.018474e-001  9.584869e-002
 9.175073e+000 -2.121072e+001  1.243537e+001 -4.513796e+000 -7.611468e+000  6.039125e+000 -1.876128e+001  1.498784e+001  1.609989e+000 -7.121369e+000 -1.667567e+000 -5.674609e+000  6.574651e+001 -2.711320e-001  2.312181e-001 -7.199016e-001  5.189301e-001  3.073888e-001  5.332109e-001 -9.657656e-001 -4.366041e-001  6.776296e-001  2.843276e-001 -5.102704e-001 -2.110723e-001  1.770767e-001 -8.227256e-002  5.066185e-002  2.910174e-002  2.774081e-002 -1.429741e-001 -8.721016e-002  2.736144e-001 -8.192917e-002  7.131118e-002 -1.995140e-002 -2.185409e-001  2.264977e-001  2.595039e-002
 8.526814e+000 -2.109658e+001  1.229859e+001 -4.799160e+000 -7.048578e+000  6.968785e+000 -2.071908e+001  1.619364e+001  1.427938e-001 -5.359606e+000 -2.878123e+000 -6.265843e+000  6.624480e+001 -2.585917e-001  1.466244e-001 -5.310808e-001  4.500444e-001  2.958570e-001  3.985975e-001 -8.454638e-001 -2.498621e-001  8.607278e-001  2.311845e-002 -3.424678e-001 -3.982092e-001  1.637016e-001  5.404012e-002 -9.140873e-002  1.566640e-001  9.053809e-003 -2.545033e-001  1.045500e-002  2.800052e-001 -9.464154e-002  1.294242e-001 -1.577276e-001 -1.063496e-001  2.356608e-001 -5.248306e-002
 9.153237e+000 -2.167485e+001  1.196941e+001 -3.723679e+000 -7.718401e+000  7.805470e+000 -2.096786e+001  1.481530e+001  2.867945e+000 -6.923834e+000 -2.921325e+000 -6.405488e+000  6.590626e+001  4.552765e-002 -2.300352e-001 -2.351636e-001  4.524485e-001 -2.279138e-001  6.995558e-001 -6.940319e-001 -2.711483e-001  8.253410e-001 -6.406641e-002 -5.245199e-001 -1.670319e-001 -1.609192e-002  6.238080e-002 -8.619486e-002  2.225969e-001 -6.230840e-002 -2.050163e-001 -1.124417e-001  4.046450e-001 -1.045147e-001 -2.787355e-002 -1.522562e-001  1.618675e-002  2.656354e-001 -6.570915e-002
 8.868837e+000 -2.166517e+001  1.155485e+001 -3.428509e+000 -7.029665e+000  7.590421e+000 -2.190930e+001  1.524115e+001  3.538193e+000 -6.839227e+000 -2.930714e+000 -7.251104e+000  6.606980e+001  6.084728e-003 -1.081903e-001 -1.793282e-001  5.870916e-001 -5.658389e-001  5.922636e-001 -1.189404e-001 -5.863595e-001  9.067112e-001 -3.827092e-001 -3.958724e-001  3.085988e-001 -6.940613e-002  6.759675e-002 -7.974847e-002  2.569020e-001 -1.106129e-001 -1.513838e-001 -2.087654e-001  4.665797e-001 -9.668404e-002 -1.756694e-001 -9.508107e-002  8.625666e-003  4.038761e-001 -5.908066e-002
 9.231699e+000 -2.207659e+001  1.163143e+001 -2.936879e+000 -8.760494e+000  9.226087e+000 -2.163633e+001  1.410835e+001  4.038994e+000 -6.701890e+000 -4.263871e+000 -6.017138e+000  6.575355e+001 -9.156618e-002 -7.234879e-002  2.172067e-001  1.388645e-001 -2.868447e-001 -1.258308e-001  6.941975e-001 -7.909288e-001  5.152702e-001 -2.740394e-001 -4.026343e-001  7.637008e-001 -3.491516e-002  4.366768e-002 -6.617014e-002  2.525300e-001 -1.369011e-001 -8.873677e-003 -3.353215e-001  4.219275e-001  2.776895e-002 -2.381711e-001 -9.748229e-002  1.124426e-001  3.278188e-001 -2.194519e-002
 8.518006e+000 -2.143666e+001  1.157094e+001 -2.257103e+000 -9.356727e+000  9.219795e+000 -2.097955e+001  1.361531e+001  4.090826e+000 -7.384124e+000 -4.186212e+000 -4.917024e+000  6.597413e+001  1.479390e-001 -3.309612e-001  5.272443e-001  5.377176e-002 -4.315967e-001 -2.325361e-001  7.933203e-001 -4.733920e-001  1.374162e-001 -3.473004e-001 -3.602823e-001  1.155805e+000 -1.222900e-001  6.443489e-002 -9.866571e-002  2.431983e-001 -1.413983e-001 -1.224410e-003 -2.598343e-001  2.298388e-001  2.171636e-001 -2.726325e-001 -9.356534e-002  2.103118e-001  7.749891e-002 -1.838272e-002
 8.870822e+000 -2.215085e+001  1.304739e+001 -3.615060e+000 -7.989094e+000  6.361629e+000 -1.796175e+001  1.167357e+001  5.167980e+000 -8.021583e+000 -4.306747e+000 -3.754023e+000  6.577952e+001  1.929389e-001 -4.495005e-001  6.742002e-001  3.460302e-002 -3.394033e-001 -5.646520e-001  9.594755e-001 -1.887873e-001  1.913290e-002 -5.691823e-001  1.989813e-002  1.048459e+000 -9.937592e-002 -1.013556e-001  1.543160e-001 -1.536040e-002  4.298789e-002 -8.368450e-002 -1.561262e-001  1.566903e-001  2.086638e-001 -1.973355e-001 -1.630692e-001  3.449804e-001 -1.475262e-001  3.656662e-002
 9.788971e+000 -2.328285e+001  1.348309e+001 -2.820560e+000 -9.573348e+000  7.859969e+000 -1.977999e+001  1.409158e+001  3.660780e+000 -7.915883e+000 -4.710687e+000 -2.603638e+000  6.544537e+001  1.860066e-001 -4.129431e-001  8.081667e-001 -6.776893e-002 -5.456817e-001 -4.874972e-001  8.976147e-001  1.983878e-001 -2.083828e-001 -7.029644e-001  4.444203e-001  5.537143e-001 -1.290894e-001 -2.508953e-001  3.845105e-001 -1.149826e-001  5.543172e-002 -7.852991e-002 -1.739762e-001  2.221496e-001  7.650995e-002 -2.166770e-001 -7.543035e-002  3.762952e-001 -2.488437e-001  7.369499e-002
 9.560911e+000 -2.340100e+001  1.404636e+001 -2.482135e+000 -1.034920e+001  7.082740e+000 -1.743873e+001  1.292628e+001  4.349681e+000 -9.281922e+000 -3.902143e+000 -1.931536e+000  6.552105e+001 -6.173781e-001  7.402222e-001 -5.655289e-005  4.145743e-001 -6.482247e-001 -7.789816e-001  1.425502e+000 -8.349991e-002 -2.985076e-001 -9.115533e-001  9.199167e-001  3.271153e-001  1.513176e-001 -2.223123e-001  3.945423e-001  2.320800e-002 -9.866843e-002 -1.632187e-001  6.164192e-002  8.582553e-002  1.073934e-001 -4.682333e-001  2.190098e-001  2.459489e-001 -2.096238e-001  4.063484e-002
 9.102995e+000 -2.287630e+001  1.511229e+001 -3.162410e+000 -1.090508e+001  6.421754e+000 -1.675299e+001  1.398090e+001  3.458061e+000 -1.026878e+001 -2.166413e+000 -3.059696e+000  6.545792e+001 -7.013788e-001  9.967302e-001  2.894596e-001  1.409447e-001 -6.698356e-001 -9.952525e-001  1.671055e+000 -1.434859e-001 -7.871486e-001 -5.532666e-001  1.071184e+000  2.722582e-001  1.208382e-001 -4.552941e-002  1.791690e-001  2.946565e-001 -2.813738e-001 -2.363301e-001  2.453935e-001  7.597001e-002  3.265306e-002 -6.371353e-001  4.996991e-001  1.063439e-001 -9.348815e-002 -3.470741e-002
 6.126920e+000 -1.865302e+001  1.223251e+001 -1.371264e+000 -1.056435e+001  3.185828e+000 -1.234774e+001  1.131141e+001  3.776802e+000 -1.140290e+001 -9.793010e-001 -1.890418e+000  6.652983e+001 -4.749300e-001  8.183743e-001  1.049594e+000 -5.630959e-001 -1.093420e+000 -2.564669e-003  1.001883e+000  5.191164e-001 -2.032650e+000  4.510179e-001  9.362608e-001  1.410683e-001 -2.116547e-002  1.995822e-001 -1.595987e-001  6.731997e-001 -5.590832e-001 -1.924704e-001  3.347767e-001  4.507201e-002  3.180071e-002 -7.112468e-001  6.960214e-001 -4.756200e-003 -9.873697e-002 -1.494882e-001
 7.999073e+000 -2.067319e+001  1.583731e+001 -2.671272e+000 -1.281495e+001  4.832162e+000 -1.397021e+001  1.418158e+001  1.147736e-002 -9.621726e+000 -8.161860e-001 -1.262906e+000  6.554517e+001 -1.128644e-001  4.438261e-001  1.756624e+000 -9.858028e-001 -1.504735e+000  3.512621e-001  1.489274e+000  6.034498e-002 -2.526988e+000  1.114245e+000  9.679677e-001  1.792970e-001 -2.163849e-001  3.278270e-002  8.056553e-002  4.652102e-001 -4.840145e-001  7.933541e-002  2.382031e-003  3.734595e-001 -3.411967e-001 -4.126610e-001  5.894921e-001 -5.197911e-002 -6.178318e-002 -1.228149e-001
 7.738223e+000 -2.041068e+001  1.893182e+001 -5.543184e+000 -1.486137e+001  7.864712e+000 -1.382070e+001  1.542152e+001 -4.090279e+000 -7.350358e+000  1.040480e-001 -2.124589e+000  6.537160e+001  8.627596e-002  2.186806e-001  2.632360e+000 -1.817468e+000 -1.193127e+000  2.216448e-001  1.741752e+000 -2.641182e-002 -2.984822e+000  1.734798e+000  9.477440e-001 -1.200890e-001 -4.275116e-001 -1.613304e-001  4.699479e-001  1.496965e-001 -3.364195e-001  4.787060e-001 -4.202356e-001  5.089154e-001 -5.868136e-001 -6.468625e-002  3.235635e-001 -8.019935e-002  8.774401e-003 -1.296980e-001
 7.733021e+000 -1.977834e+001  2.054576e+001 -6.005464e+000 -1.628025e+001  5.838623e+000 -8.570135e+000  1.222757e+001 -5.243339e+000 -6.723821e+000  2.131751e+000 -2.046125e+000  6.495511e+001 -8.180683e-001  1.699405e+000  1.824128e+000 -1.651941e+000 -2.233048e-001 -1.095447e+000  3.168418e+000 -1.576705e+000 -2.374368e+000  1.752304e+000  8.055472e-001  9.392098e-002 -2.900635e-001 -1.833434e-001  7.887540e-001 -1.339528e-001 -1.334655e-001  6.065253e-001 -1.742481e-001 -1.468275e-002 -1.725557e-001 -1.724722e-002 -1.553824e-002 -5.052110e-002  1.355014e-002 -3.086746e-001
 6.691325e+000 -1.800704e+001  2.304008e+001 -8.791509e+000 -1.479734e+001  3.790822e+000 -6.339018e+000  1.215636e+001 -8.519899e+000 -4.177865e+000  2.285450e+000 -2.099253e+000  6.468730e+001 -9.289801e-001  2.540324e+000  1.764324e+000 -1.912124e+000  6.593951e-001 -1.380388e+000  2.706888e+000 -1.596426e+000 -2.432392e+000  1.749806e+000  6.164743e-001  2.276284e-001 -6.328163e-001  8.115299e-002  9.387752e-001 -6.247659e-001  2.751051e-001  5.947082e-001  2.882972e-001 -4.851959e-001  1.001067e-001  6.383801e-002 -5.349745e-001  1.393471e-001 -1.515531e-001 -5.920140e-001
 4.432180e+000 -1.337799e+001  2.290381e+001 -9.306817e+000 -1.396349e+001  1.391872e+000 -1.868959e+000  7.930638e+000 -9.645551e+000 -2.446452e+000  2.120849e+000 -8.059691e-001  6.443700e+001 -5.219535e-001  3.226774e+000  1.520878e+000 -1.605802e+000  6.016308e-001  2.810383e-001  9.332927e-001 -1.742640e-002 -2.889439e+000  1.029050e+000  8.809971e-001  7.318906e-002 -1.657106e+000  5.334470e-001  7.403272e-001 -1.083585e+000  6.105369e-001  6.278757e-001  5.484439e-001 -7.895745e-001  4.012182e-001  2.437973e-003 -6.761743e-001  1.133846e-001 -3.857376e-001 -8.230311e-001
 4.743743e+000 -1.090923e+001  2.657441e+001 -1.345313e+001 -1.272277e+001  3.186146e+000 -3.636852e+000  9.587852e+000 -1.405113e+001 -7.400132e-001  3.191871e+000 -1.606526e+000  6.246657e+001  3.439835e-001  4.148872e+000 -3.398451e-001 -4.650121e-001  1.367946e+000  9.748880e-001  4.333355e-001 -3.055179e-001 -2.408096e+000 -5.784475e-001  1.606755e+000 -8.674886e-001 -2.704060e+000  5.396470e-001  6.304797e-001 -1.469562e+000  8.058701e-001  7.463677e-001  1.256056e-001 -3.099024e-001  1.704830e-001  2.377327e-001 -5.656544e-001 -2.492802e-001 -3.449677e-001 -6.907927e-001
 6.097045e+000 -7.193370e+000  2.638298e+001 -1.170366e+001 -1.430938e+001  7.546152e+000 -5.254755e+000  1.342469e+001 -1.692492e+001 -3.297496e+000  6.083526e+000 -1.926543e+000  5.777995e+001  1.212685e+000  4.596767e+000 -2.541712e+000  6.771868e-001  2.561798e+000  4.691341e-001  3.573217e-001 -2.160685e-001 -2.374326e+000 -4.644411e-001  8.773302e-001 -1.287209e+000 -3.369597e+000  1.579366e-001  4.318817e-001 -1.370440e+000  6.760734e-001  8.618416e-001 -4.565330e-001  3.100270e-001 -6.210136e-001  8.081518e-001  1.113026e-002 -5.697676e-001 -2.541004e-002 -2.752272e-001
 7.578810e+000 -3.549904e-001  1.960127e+001 -9.918145e+000 -7.784664e+000  5.588122e+000 -2.479443e+000  7.881743e+000 -1.692070e+001 -6.644580e+000  8.337885e+000 -5.876409e+000  5.449553e+001  9.019359e-001  5.007727e+000 -3.552188e+000  9.757317e-001  3.411150e+000 -8.464081e-001  1.445361e+000 -6.446902e-001 -1.501285e+000 -3.317204e-001 -6.280931e-001 -8.170112e-001 -3.230534e+000 -8.306618e-001 -3.224320e-001 -3.584134e-001  5.808733e-001  3.019822e-001 -1.651873e-001  2.846640e-001 -5.841419e-001  1.534332e+000  4.838771e-001 -7.227115e-001  2.185739e-001  3.586208e-001
 9.078072e+000  4.328728e+000  1.368182e+001 -7.688375e+000 -3.623549e+000  2.536555e+000 -6.610544e-001  7.703350e+000 -2.008240e+001 -1.816374e+000  3.934493e+000 -5.107071e+000  5.157454e+001 -1.124668e-002  4.956755e+000 -3.725152e+000  1.054193e+000  3.889237e+000 -1.090979e+000  1.977415e+000 -2.952908e+000  6.979143e-001  9.613380e-001 -8.504170e-001 -7.909985e-002 -2.770005e+000 -2.083894e+000 -1.090879e+000  6.126725e-001  3.900713e-001 -2.172537e-001  4.437504e-001 -2.998299e-001 -3.142235e-001  2.049862e+000  6.113069e-001 -3.644753e-001  1.437648e-001  9.500669e-001
 7.762909e+000  8.368353e+000  1.516405e+001 -1.058211e+001 -1.009934e+000  1.458905e+000  1.293103e+000  9.225071e+000 -1.997882e+001 -3.139176e+000  1.125922e+000 -4.101318e+000  4.941661e+001 -3.197360e+000  2.356718e+000 -1.540192e+000  2.250851e+000  2.214138e+000  9.290078e-001  1.046609e+000 -1.857808e+000  3.727443e+000  1.128048e+000 -1.142929e+000 -3.786737e-001 -1.210752e+000 -2.596290e+000 -1.716355e+000  7.350332e-001 -1.078145e-002 -6.714395e-001  3.913656e-001 -1.127023e+000  3.292210e-001  1.446512e+000  2.948366e-001 -1.071249e-001  1.763633e-002  1.456292e+000
 5.948762e+000  1.322873e+001  9.975834e+000 -6.100716e+000  1.749442e+000  4.155867e+000  2.746047e+000 -2.011517e+000 -1.190628e+001 -2.435081e-001  5.437423e+000 -3.209588e+000  4.646938e+001 -7.157136e+000  4.678770e-001 -4.843477e-001  1.989983e+000  2.074036e+000  1.800178e+000 -9.424520e-001 -1.180627e+000  5.260620e+000  1.862209e+000 -6.876284e-001 -7.875534e-001  3.708466e-001 -1.945862e+000 -1.791727e+000  2.645056e-001 -9.398962e-001 -1.049479e+000 -5.346242e-001 -1.139144e+000  1.080379e+000 -1.430334e-001 -2.310073e-001 -1.570967e-001  2.056096e-002  1.686739e+000
-6.843334e+000  6.978595e+000  1.375330e+001  5.422828e-001  5.995288e-001  9.423505e+000  1.050051e+000  3.450139e+000 -2.371535e+000 -1.790771e+000  1.871774e+000 -8.718519e+000  5.099434e+001 -8.506571e+000 -1.329611e+000 -1.497424e+000  4.539291e-001  9.615530e-001 -3.351589e-001 -2.729818e+000  1.152742e-001  3.449922e+000  6.920269e-001 -1.245112e+000 -3.746028e-001  2.480501e+000 -2.025109e-001 -1.002336e+000 -6.058355e-001 -1.886330e+000 -9.278118e-001 -1.564207e+000 -3.051613e-001  7.004589e-001 -1.571614e+000 -4.920198e-001  1.403702e-001  2.224886e-001  1.125696e+000
