36 39
-7.972076e+000 -2.566382e+000  6.461802e+000  4.169892e+000 -6.202645e+000  8.008639e+000  1.133289e+001  3.538779e+000 -5.166683e+000 -8.355939e+000 -1.025868e+001  6.117158e-001  3.806103e+001  2.658371e+000  2.490774e+000  3.250159e+000  2.240177e+000 -5.095469e-001  3.253808e-001  1.740293e+000  2.279831e+000  7.611544e-001  8.772309e-001  3.094088e-001 -8.179039e-001  1.452936e+000  9.682814e-001 -3.855535e-001 -3.725224e-001 -6.168791e-002  7.546540e-001 -2.165879e+000 -1.746731e+000 -4.202931e-001  6.378352e-001  1.227722e+000  6.550718e-001 -1.102636e+000  2.032038e+000
-4.938271e+000  6.364256e-001  1.294881e+001  1.009150e+001 -5.667139e+000  3.433498e+000  1.331037e+001  5.117700e+000 -2.872721e+000 -5.362919e+000 -4.047053e+000  2.251818e+000  3.964130e+001  5.206819e+000  1.593820e+000  1.431525e+000  2.771298e+000 -1.530657e+000 -3.437934e+000 -1.580236e+000  5.445526e-002  1.020628e+000  2.716880e+000  6.542524e-001 -1.165650e+000  3.617493e+000  6.177939e-001 -1.452055e+000 -1.627776e+000 -9.636334e-001  5.369957e-001 -1.375999e+000 -2.402983e+000 -4.357348e-001  3.412367e-001  4.059381e-001 -5.524154e-002 -8.278567e-001  1.988094e+000
 4.089944e+000  6.453532e+000  1.456854e+001  1.040052e+001 -1.065511e+001 -3.639149e+000  7.961755e+000  4.214819e+000 -4.876503e+000 -7.978228e+000 -8.795925e+000  1.925871e+000  4.487520e+001  4.940437e+000 -6.655201e-001 -1.535309e+000  8.758352e-001 -2.539359e-001 -4.495227e+000 -4.587679e+000 -8.233014e-001  1.179548e+000  2.268703e+000  5.836400e-001 -1.815444e+000  5.599379e+000 -6.307976e-001 -2.288941e+000 -1.829259e+000 -1.552958e+000  4.913999e-001  2.704975e-001 -1.619995e+000  2.076294e-001  1.407384e-001 -3.157533e-001 -5.571404e-002 -3.230864e-001  1.256856e+000
 1.122879e+001 -8.779445e-001  7.314163e+000  1.599029e+001 -1.217080e+001 -7.979551e+000  5.363683e-001 -4.243073e+000  3.033873e-001  9.202469e-001 -8.657887e+000 -2.190480e+000  5.238906e+001  3.064260e+000 -3.974637e+000 -3.826121e+000 -2.093583e+000  3.458779e-001 -2.302022e+000 -5.271182e+000  7.964245e-001  1.202141e+000  1.455865e+000 -3.686873e-001 -2.254027e+000  6.908994e+000 -1.549663e+000 -2.054704e+000 -5.151693e-001 -1.706423e+000  5.593461e-001  2.040010e+000 -5.156872e-001  1.352041e+000 -2.233814e-001 -1.183078e+000 -4.904137e-002  7.992446e-003  1.551031e-001
 8.646580e+000 -5.136797e+000  1.602582e+000  5.599674e+000 -4.220494e+000 -8.760973e+000 -5.218508e+000  4.102659e+000 -8.569959e-001 -1.540054e-001 -5.035065e+000 -6.244356e+000  5.968404e+001  5.756624e-001 -6.169704e+000 -3.267311e+000 -3.092174e+000  1.009186e+000  1.109912e+000 -4.514210e+000  2.946994e+000  1.374090e+000 -7.102824e-002  5.423085e-001 -1.889148e+000  6.091464e+000 -1.387632e+000 -9.641729e-001  8.622048e-001 -6.131169e-001  4.106241e-002  2.335957e+000  4.706483e-001  9.854832e-001 -3.555548e-001 -1.154556e+000  6.104177e-003  3.743868e-001 -9.127297e-001
 8.104710e+000 -1.344159e+001  3.011868e-001  2.024009e+000 -7.155056e+000 -5.515701e+000 -6.455406e+000  9.155903e+000  1.128228e+000 -1.995706e+000 -7.770920e+000 -4.933203e+000  6.678185e+001 -3.591102e-001 -5.927610e+000 -2.783211e-001 -3.776812e+000  6.345134e-001  3.959548e+000 -4.195406e+000  4.929515e+000 -1.935498e-001 -2.028645e+000  4.297113e-001 -1.088836e+000  4.146966e+000 -7.607454e-001  3.950718e-001  1.420036e+000  4.786077e-001 -4.067015e-002  1.390141e+000  7.562305e-001 -2.358394e-001 -4.333360e-001 -6.142449e-001  2.235105e-001  3.821851e-001 -1.533145e+000
 8.530297e+000 -1.811316e+001  1.738479e+000  1.922787e+000 -8.117051e+000  6.784864e-001 -1.111341e+001  1.225030e+001  1.581528e+000 -6.875392e+000 -6.527866e+000 -6.148507e+000  6.813612e+001 -2.860355e-001 -4.509898e+000  1.001815e+000 -1.348134e+000 -1.929416e-001  4.053774e+000 -2.772325e+000  2.037569e+000  9.961928e-002 -1.761819e+000  2.149616e-001 -5.261052e-001  2.416744e+000 -1.888616e-001  1.166947e+000  9.024975e-001  9.078997e-001 -1.575620e-002  6.624744e-002  7.453707e-001 -1.242872e+000 -3.054054e-001  2.199509e-001  3.135803e-002  2.030106e-001 -1.353225e+000
 9.491382e+000 -2.402781e+001  5.854609e+000 -1.055324e+000 -7.049954e+000  7.098461e+000 -1.749321e+001  1.633068e+001 -1.883623e+000 -5.862286e+000 -5.762930e+000 -7.682587e+000  6.889784e+001 -3.086184e-001 -2.829181e+000  1.139495e+000 -5.725642e-001  7.435908e-001  3.176754e+000 -2.360971e+000  7.193947e-002 -3.273040e-001 -7.699645e-001  9.125387e-001 -1.024623e+000  1.080631e+000  1.686636e-002  1.192459e+000  3.598267e-002  9.671108e-001 -1.079297e-002 -6.986428e-001  5.512288e-001 -1.308823e+000 -1.199528e-001  8.799264e-001 -1.056391e-001  4.299387e-002 -8.684973e-001
 6.523066e+000 -2.239318e+001  3.834947e+000  3.986683e-001 -5.237752e+000  5.200819e+000 -1.356123e+001  1.070312e+001  1.147026e+000 -7.029812e+000 -4.964252e+000 -7.500190e+000  7.070976e+001 -3.938916e-001 -1.884186e+000  5.362687e-001 -1.547996e-001  8.758660e-001  1.832546e+000 -1.704574e+000 -8.385774e-001 -8.605967e-002  3.993856e-001  4.576849e-001 -9.062015e-001  8.585083e-001  1.210034e-001  7.332973e-001 -1.589929e-001  3.999837e-001 -1.405146e-001 -5.362314e-001 -4.058788e-002 -1.748596e-001 -4.312751e-001  1.003185e+000 -3.295851e-001  7.428230e-002 -4.805884e-001
 7.565233e+000 -2.544749e+001  4.950429e+000 -7.675246e-002 -4.876751e+000  8.106906e+000 -1.703635e+001  1.028919e+001 -2.910414e-001 -5.768318e+000 -3.990033e+000 -9.380476e+000  7.089818e+001 -2.208503e-001 -1.278173e+000  1.343655e-001  4.620746e-001  4.614482e-002  1.576948e+000 -1.973138e+000 -1.765287e-001 -7.004743e-001  1.290384e+000 -2.198459e-001 -6.838189e-001  5.835968e-001  1.132135e-001  4.492087e-001 -1.153411e-001  1.285892e-001 -3.788380e-001 -4.178370e-001  6.755805e-002  1.706285e-001 -2.147994e-001  5.963178e-001 -4.154471e-001  2.514538e-001 -2.147926e-001
 7.523913e+000 -2.682425e+001  4.871912e+000  6.595031e-001 -4.824323e+000  9.336995e+000 -1.986471e+001  1.107816e+001  3.549381e-001 -4.925448e+000 -5.125890e+000 -9.830570e+000  7.142850e+001  2.750974e-001 -1.618915e+000  7.094157e-001  1.344646e-001 -5.467914e-001  2.172520e+000 -3.169181e+000  1.287506e+000 -1.870171e+000  2.223930e+000 -8.667718e-001 -3.250957e-001  2.623192e-001  1.231874e-001  3.472351e-001  4.605652e-003 -8.837227e-002 -3.085655e-001 -3.307236e-001  2.854153e-001  5.673394e-002  5.586648e-002  2.063291e-002 -9.292117e-002  1.434230e-001 -1.742439e-001
 7.886706e+000 -2.820314e+001  6.007954e+000  1.124631e+000 -7.025945e+000  1.291511e+001 -2.420716e+001  1.526052e+001 -4.989951e+000 -4.625470e-001 -6.781341e+000 -9.936491e+000  7.145646e+001 -7.704549e-002 -7.157728e-001  4.762162e-001 -7.425015e-002 -4.392707e-001  9.175823e-001 -1.290878e+000 -1.379595e-001 -5.092455e-001  1.299352e+000 -5.024687e-001 -5.790663e-002  3.047623e-001 -4.098189e-002  5.079867e-001 -1.059339e-001 -2.231011e-001  7.908149e-002 -6.916662e-001  9.075252e-001 -5.258376e-001  7.049757e-001 -5.339143e-001  1.834113e-001  5.571245e-002 -8.050240e-002
 7.737816e+000 -2.910993e+001  6.853263e+000  4.702994e-001 -6.897113e+000  1.365932e+001 -2.582173e+001  1.465498e+001 -5.854375e+000  1.436953e+000 -7.902457e+000 -8.847661e+000  7.174222e+001  1.501431e-001 -4.292107e-001  3.883716e-001 -3.284986e-001 -4.242536e-001  5.086112e-001 -6.186275e-001 -5.741924e-001  9.765834e-002  4.980662e-001  1.343905e-001 -5.020427e-001  1.267059e-001 -2.446274e-001  7.148616e-001 -3.472089e-001 -8.289748e-002  2.478149e-001 -9.037154e-001  1.189378e+000 -7.221889e-001  1.003382e+000 -7.930310e-001  2.315072e-001 -8.503025e-003  2.344581e-002
 7.073054e+000 -2.788352e+001  6.340835e+000 -3.534014e-001 -6.036710e+000  1.053366e+001 -2.051223e+001  7.810983e+000  2.673881e-001 -2.452757e+000 -5.114093e+000 -1.016146e+001  7.226513e+001 -3.632826e-001  6.669083e-001 -2.347818e-001 -4.219493e-001  3.802834e-001 -1.049428e+000  1.289211e+000 -1.874868e+000  1.840490e+000 -5.162554e-001  1.966295e-001 -3.167831e-001  2.488914e-001 -1.585235e-001  3.930586e-001 -1.982960e-001 -1.311913e-002  1.333077e-001 -4.636303e-001  4.657972e-001  1.700335e-002  3.961180e-001 -4.080361e-001 -9.878568e-002  8.693498e-002  9.206007e-003
 8.681455e+000 -2.913012e+001  6.647330e+000 -2.439733e-001 -7.440208e+000  1.307078e+001 -2.480531e+001  1.193196e+001 -1.785439e+000 -1.440012e+000 -5.287561e+000 -1.222830e+001  7.165769e+001 -8.049211e-001  1.264053e+000 -6.711297e-001 -1.061733e-001  2.825062e-001 -1.362551e+000  1.487662e+000 -1.454985e+000  1.971871e+000 -8.334211e-001 -5.878467e-002 -2.381725e-001  4.074837e-001 -1.039908e-001  7.902483e-002  4.419096e-003  7.249671e-003 -5.205448e-003 -1.356024e-001  6.377031e-004  4.411212e-001 -7.322089e-002 -9.869655e-002 -3.210595e-001  2.848091e-001  1.173927e-002
 5.598474e+000 -2.485850e+001  4.937012e+000 -6.279786e-001 -4.852981e+000  7.962241e+000 -1.826932e+001  7.247688e+000  2.178029e+000 -1.605342e+000 -7.105641e+000 -9.830089e+000  7.274318e+001 -3.921311e-001  4.028883e-001  1.448712e-002 -2.510085e-001 -1.261122e-001 -4.649878e-001 -1.503639e-002  3.874534e-001  5.342380e-001 -7.508469e-002 -8.998095e-001  2.448332e-001  2.104034e-001  1.800009e-001 -4.317950e-001  3.326288e-001 -7.237114e-002 -2.098615e-001  3.586934e-001 -6.264110e-001  8.957720e-001 -6.338357e-001  1.137035e-001 -2.101562e-001  2.015147e-001 -8.081840e-002
 4.450501e+000 -2.430217e+001  4.199526e+000  7.672173e-002 -6.076447e+000  8.132268e+000 -1.950488e+001  7.661705e+000  3.049659e+000 -3.153861e+000 -7.200607e+000 -1.020421e+001  7.354061e+001 -3.553867e-001  9.792347e-002  2.858326e-001 -3.777206e-001 -1.970831e-001 -4.616212e-001  3.668480e-002  5.002530e-001  3.846796e-001 -2.160020e-001 -9.226873e-001  6.411946e-001  2.046463e-001  2.901328e-001 -5.298785e-001  4.250428e-001 -1.510766e-001 -1.755861e-001  3.868602e-001 -5.302102e-001  6.735123e-001 -6.136065e-001  1.196996e-001 -7.518969e-003  2.434605e-001 -1.320220e-001
 7.227876e+000 -2.828305e+001  7.637172e+000 -1.768791e+000 -7.349152e+000  1.067797e+001 -2.323763e+001  1.188338e+001  5.210294e-001 -1.971256e+000 -8.656618e+000 -9.949341e+000  7.237569e+001  3.119549e-001 -9.090019e-001  9.498809e-001 -6.480313e-001 -4.292296e-001  2.935735e-001 -1.117355e+000  1.626373e+000 -5.350932e-001 -2.564474e-001 -4.222001e-001  2.511067e-001 -5.378189e-002  1.311402e-001 -2.296662e-001  2.322437e-001 -1.030110e-001 -4.656521e-002  7.293843e-002 -2.569702e-002  8.137886e-002 -1.771510e-001 -1.698551e-001  3.344561e-001  2.085187e-001 -6.383148e-002
 6.089820e+000 -2.692823e+001  6.726413e+000 -1.562170e+000 -7.177538e+000  9.404807e+000 -2.213773e+001  1.211538e+001  9.664584e-001 -2.337064e+000 -9.125509e+000 -8.962698e+000  7.286467e+001  2.937000e-001 -7.293946e-001  9.863874e-001 -6.630447e-001 -4.438655e-001  1.924691e-001 -6.122295e-001  1.293117e+000 -5.614959e-001 -1.442417e-001 -3.351842e-001  9.759933e-001 -1.205337e-001  7.588009e-002 -9.987152e-002  1.812974e-001 -9.180953e-002  1.729213e-002 -1.000813e-001  2.366108e-001 -2.197822e-001  2.910468e-002 -2.686258e-001  4.345464e-001  2.180053e-001 -3.652931e-002
 6.338589e+000 -2.809048e+001  8.422973e+000 -3.048689e+000 -6.448583e+000  8.793839e+000 -2.253966e+001  1.315272e+001  5.441630e-001 -3.295977e+000 -8.254190e+000 -9.195312e+000  7.281224e+001 -6.097322e-002 -3.317837e-001  8.254283e-001 -6.234015e-001 -2.355470e-001 -4.273409e-001  1.809357e-001  3.979158e-001  1.215710e-001 -9.602405e-001  4.787195e-001  1.120027e+000  5.383606e-002 -1.053165e-001  1.239083e-001  3.171650e-002  2.227194e-002 -4.175003e-002 -2.042144e-001  4.547235e-001 -4.270080e-001  1.916899e-001 -2.755889e-001  3.697640e-001  3.015686e-001  5.024971e-002
 6.363645e+000 -2.804543e+001  8.738563e+000 -2.598553e+000 -8.746058e+000  1.003668e+001 -2.291501e+001  1.349262e+001  2.306121e-001 -3.212709e+000 -9.077742e+000 -5.701260e+000  7.271967e+001  2.104778e-001 -6.900433e-001  1.254546e+000 -8.490831e-001 -2.074637e-001 -6.015707e-001  5.705937e-001  1.557055e-002  2.018709e-001 -1.207234e+000  7.995850e-001  1.296761e+000 -3.180923e-002 -2.260064e-001  2.190301e-001 -8.314103e-002  9.708379e-002 -1.520512e-001 -1.196720e-001  3.815570e-001 -3.512583e-001  1.567757e-001 -2.881182e-001  4.011725e-001  1.125245e-001  1.176257e-001
 6.786098e+000 -2.938337e+001  1.075824e+001 -4.367608e+000 -7.742627e+000  8.225332e+000 -2.194431e+001  1.318434e+001  1.496807e+000 -6.334637e+000 -6.286904e+000 -5.979923e+000  7.271737e+001 -1.730164e-001 -3.091360e-001  9.743842e-001 -4.436524e-001 -7.561806e-001 -3.304785e-001  5.648506e-001  1.301064e-001  4.167271e-002 -1.102896e+000  8.592353e-001  1.598566e+000  1.531044e-001 -2.385375e-001  2.686325e-001 -6.751020e-002  9.222466e-002 -3.215666e-001  9.651268e-002  2.249488e-001 -9.990109e-002 -9.790917e-002 -1.545609e-002  3.278007e-001 -1.250312e-002  9.639008e-002
 6.918455e+000 -2.973200e+001  1.183151e+001 -5.148127e+000 -7.567835e+000  6.681207e+000 -1.958244e+001  1.217742e+001  1.499491e+000 -6.853905e+000 -6.111227e+000 -4.086588e+000  7.275306e+001 -7.803105e-001  3.544319e-001  4.962043e-001 -2.675003e-001 -9.438045e-001 -4.543222e-001  1.103598e+000 -3.292699e-001  2.623319e-001 -1.513505e+000  1.480421e+000  1.299346e+000  4.179603e-001 -1.983927e-001  3.219255e-001  3.786439e-003 -9.497887e-003 -3.791004e-001  1.860684e-001  6.453897e-002  1.722514e-001 -3.687398e-001  2.698251e-001  3.048382e-001 -2.272524e-001  3.397613e-002
 5.196102e+000 -2.879288e+001  1.174842e+001 -3.992164e+000 -1.081860e+001  8.819183e+000 -2.138169e+001  1.446085e+001  1.180872e-001 -6.989857e+000 -5.441271e+000 -2.009818e+000  7.356107e+001 -7.582668e-001  4.891413e-001  8.670481e-001 -4.530696e-001 -1.475209e+000 -1.840172e-002  1.039178e+000  7.083054e-002 -3.982054e-001 -8.843855e-001  1.777305e+000  1.056219e+000  3.109016e-001  1.977669e-002  2.866007e-001  1.664521e-001 -2.402954e-001 -2.135108e-001  9.260291e-003  1.141949e-001  2.424487e-001 -5.339465e-001  5.665297e-001  2.125667e-001 -5.279413e-001 -1.236472e-001
 3.257090e+000 -2.656851e+001  1.072449e+001 -4.123776e+000 -1.192710e+001  7.468144e+000 -1.767833e+001  1.120802e+001  2.231632e+000 -1.045262e+001 -2.098455e+000 -1.189580e+000  7.438762e+001 -4.888605e-001  5.204455e-001  1.327146e+000 -8.918639e-001 -1.743451e+000  1.727327e-001  6.561251e-001  9.064656e-001 -1.421889e+000  3.263617e-002  1.864741e+000  4.316721e-001  5.917282e-002  2.132659e-001  2.583638e-001  3.253366e-001 -4.445080e-001 -3.981962e-002 -2.786362e-002 -7.927157e-002  5.016100e-001 -8.428122e-001  1.045633e+000 -1.947413e-001 -5.947375e-001 -2.687214e-001
 4.825446e+000 -2.851941e+001  1.564699e+001 -7.145131e+000 -1.293904e+001  7.739855e+000 -1.770048e+001  1.402319e+001 -8.602899e-001 -8.957205e+000  5.932361e-001 -2.147333e+000  7.345460e+001 -2.198579e-001  1.040861e+000  1.391174e+000 -1.332948e+000 -1.423911e+000 -5.977045e-001  1.359562e+000  7.244822e-001 -1.785949e+000  9.566821e-001  1.729909e+000 -6.073033e-001 -2.857376e-001  1.249621e-001  4.786684e-001  1.707631e-001 -5.475564e-001  2.820370e-001 -1.151059e-001 -6.576090e-002  2.570435e-001 -7.635005e-001  1.165596e+000 -5.998031e-001 -4.611003e-001 -2.664675e-001
 4.659481e+000 -2.726651e+001  1.651796e+001 -8.030963e+000 -1.522487e+001  8.084535e+000 -1.814242e+001  1.692858e+001 -5.120766e+000 -5.707050e+000  1.952242e-001 -1.859470e+000  7.310216e+001  1.681445e-002  1.370391e+000  1.860824e+000 -2.050101e+000 -1.168552e+000 -3.039889e-001  5.470482e-001  1.851955e+000 -3.257857e+000  2.794128e+000  5.304126e-001 -8.425802e-001 -6.273270e-001 -1.361849e-002  6.880561e-001 -3.877266e-002 -4.781174e-001  5.516797e-001 -1.342966e-001  7.443260e-002 -2.487507e-001 -4.696338e-001  9.109467e-001 -7.079755e-001 -2.029525e-001 -2.366618e-001
 3.395617e+000 -2.323957e+001  1.580756e+001 -8.703309e+000 -1.628927e+001  5.522466e+000 -1.435184e+001  1.522298e+001 -5.135459e+000 -4.579233e+000  2.061433e+000 -4.711390e+000  7.277511e+001 -3.862938e-001  2.457510e+000  1.454024e+000 -2.611733e+000 -3.524740e-001 -3.555706e-001  7.649115e-001  8.833038e-001 -3.297724e+000  3.562848e+000 -5.545461e-001 -6.121564e-001 -6.781861e-001  3.935399e-003  6.182328e-001 -2.420278e-001 -1.045728e-001  5.716615e-001 -4.747710e-002  1.696918e-001 -6.561828e-001 -1.213034e-001  2.948483e-001 -5.546417e-001  2.463842e-001 -2.632714e-001
 4.056077e+000 -2.235647e+001  1.994833e+001 -1.359519e+001 -1.609474e+001  7.056894e+000 -1.661741e+001  1.986790e+001 -1.192007e+001  1.329032e+000 -1.804902e-001 -4.120453e+000  7.159073e+001 -4.737350e-001  3.252401e+000  1.101857e+000 -2.643058e+000  4.792289e-001 -6.198170e-001  1.325613e+000 -4.166986e-001 -3.014171e+000  3.284287e+000 -5.329090e-001 -5.806639e-001 -9.279121e-001  2.591457e-001  5.622141e-001 -6.839540e-001  6.222615e-001  6.085123e-001 -2.843184e-001  6.505460e-001 -1.337210e+000  4.261881e-001 -7.645310e-001 -3.458190e-002  3.991483e-001 -4.586864e-001
 3.195679e+000 -1.868687e+001  2.120192e+001 -1.742168e+001 -1.426648e+001  6.475822e+000 -1.463843e+001  1.697005e+001 -1.394926e+001  5.338995e+000 -1.991637e+000 -4.077623e+000  7.081938e+001  4.509377e-002  3.191020e+000  5.605181e-001 -1.559333e+000  6.105057e-001 -6.771760e-001  1.818738e+000 -1.422105e+000 -2.514309e+000  2.185844e+000 -5.116388e-001  4.936597e-001 -1.451802e+000  6.920623e-001  2.737296e-001 -9.646379e-001  1.217417e+000  3.524603e-001 -2.108986e-001  7.547841e-001 -1.515840e+000  7.546632e-001 -1.201981e+000  6.580263e-002  3.352224e-001 -6.785653e-001
 2.390775e+000 -1.328085e+001  1.933006e+001 -1.688707e+001 -1.384012e+001  4.508771e+000 -1.137106e+001  1.397155e+001 -1.578472e+001  5.755269e+000 -4.427856e-001 -5.079672e+000  6.944046e+001  1.096849e+000  3.814706e+000 -1.112193e+000  5.350060e-001  1.392520e+000 -1.564778e+000  3.272865e+000 -3.681391e+000 -1.518624e+000 -3.400244e-001  3.360494e-001  6.002535e-001 -2.533951e+000  8.229792e-001  4.755063e-002 -1.034432e+000  1.351995e+000 -6.514009e-002  7.348787e-002  6.153341e-001 -1.431998e+000  9.770708e-001 -8.647228e-001 -4.426824e-001  2.616577e-001 -6.308746e-001
 4.453737e+000 -1.182228e+001  1.891928e+001 -1.485404e+001 -1.436405e+001  3.410647e+000 -7.881322e+000  1.106063e+001 -1.577468e+001  4.136870e+000 -3.656127e-001 -1.763481e+000  6.659123e+001  2.288726e+000  3.545006e+000 -2.262141e+000  1.886321e+000  9.531821e-001 -9.375830e-001  3.565206e+000 -5.063552e+000 -2.721809e-001 -6.349024e-001 -6.600122e-001  4.734967e-001 -3.267993e+000  1.911569e-001  1.787989e-001 -8.190637e-001  8.754421e-001 -2.010985e-001  1.055749e-001  2.830077e-001 -9.502428e-001  1.242031e+000 -5.460794e-001 -6.108635e-001 -1.211253e-001 -1.083183e-001
 8.911294e+000 -6.715238e+000  1.552869e+001 -1.220399e+001 -9.083356e+000  7.655894e-001 -3.631639e+000  4.415658e+000 -1.860048e+001  2.299724e-001  6.867447e-001 -2.276256e+000  6.103505e+001  2.519345e+000  3.313161e+000 -2.658973e+000  2.394091e+000 -1.780977e-002 -1.221742e-001  3.529050e+000 -5.755967e+000  7.501192e-001  3.710458e-001 -2.672134e+000  7.377061e-001 -3.174190e+000 -9.708154e-001  2.150624e-002 -1.181432e-001  2.589284e-001 -2.570026e-001 -1.704048e-001 -4.528224e-001  3.135980e-001  1.491844e+000 -3.081409e-001 -3.147871e-001 -2.495051e-001  8.026614e-001
 1.137905e+001 -4.244653e+000  1.179191e+001 -1.033162e+001 -1.187895e+001  3.659498e+000 -6.821089e-001 -3.569763e+000 -1.390228e+001  4.927132e+000 -5.856463e+000 -3.111848e+000  5.868212e+001  2.896304e-001  4.335787e+000 -2.761410e+000  1.888335e+000  3.101778e-001 -8.706038e-001  3.105684e+000 -5.136031e+000  2.561475e+000 -9.000876e-001 -2.061865e+000 -1.806930e-001 -1.673274e+000 -1.858804e+000  2.162054e-002  6.726069e-001 -1.126356e-001  1.657402e-001 -1.025067e+000 -8.515149e-001  1.629084e+000  1.167676e+000 -8.776749e-001  8.391445e-001 -1.617925e-001  1.261585e+000
 1.152484e+001 -5.038630e-001  9.598886e+000 -7.177821e+000 -1.517172e+001  3.773475e+000  2.674587e+000 -7.493096e+000 -1.297032e+001  7.215367e+000 -1.105803e+001 -7.169587e-001  5.752407e+001 -2.757680e+000  3.526847e+000 -1.453274e+000  1.828640e+000  4.290091e-001 -2.450292e+000  1.238514e+000 -2.077161e+000  4.523769e+000 -1.748136e+000 -5.369601e-001 -3.201771e-001  6.819962e-001 -2.033157e+000 -1.759260e-001  1.153141e+000 -3.413956e-001  7.529492e-001 -1.180167e+000 -1.097590e+000  2.311524e+000  2.725327e-001 -8.885168e-001  1.818601e+000 -6.868650e-002  1.123485e+000
 4.595114e+000  6.750966e+000  8.077132e+000 -7.925441e+000 -9.768981e+000 -2.446315e+000  4.493986e+000 -8.665154e+000 -5.782383e+000 -3.856265e+000 -4.802548e+000 -3.446595e+000  5.998035e+001 -4.366783e+000  3.546266e+000  4.980447e-001  1.605868e+000  1.558474e+000 -4.898861e+000  4.528999e-001  1.242464e+000  3.679373e+000 -3.963686e+000  2.468123e+000  1.934756e-001  1.111837e+000 -1.277456e+000 -6.298140e-001  1.005550e+000 -3.371747e-001  8.672939e-001 -1.669774e-001 -9.897569e-001  1.854085e+000 -1.000794e+000  2.550045e-001  1.515152e+000  2.796302e-001  4.593607e-001
