29 39
-1.513262e+001 -3.567543e+000  2.395774e+000 -2.247832e+000 -1.174297e+001  5.569154e+000  2.511650e+000 -4.790423e+000  4.934014e+000 -2.158259e+000 -2.918955e+000  7.096124e+000  3.130245e+001  5.166476e+000  4.796291e-001  1.126873e+000  1.263605e-001 -5.157210e+000  4.783921e-001 -1.266780e+000 -6.066264e+000 -6.046365e-001 -2.400468e+000 -3.437908e+000 -6.348513e-001  4.056836e+000  1.222824e+000  7.254285e-002 -3.320703e-002 -2.001014e-001 -2.806699e-001 -7.880495e-001 -4.661872e-001 -9.278631e-001 -1.117391e+000 -8.268042e-001 -1.496547e-001 -7.354088e-001  1.495499e+000
-6.085258e+000  2.681101e+000  7.710041e+000 -2.377930e+000 -1.807196e+001  1.000976e+000 -2.026259e+000 -1.608113e+001  6.868175e-001 -2.963381e+000 -8.083010e+000  2.348120e+000  3.767238e+001  6.049344e+000  5.680357e-001  6.907629e-001 -7.978045e-001 -4.703381e+000 -1.259313e+000 -1.824299e+000 -5.457735e+000 -2.522501e+000 -4.583838e+000 -4.332081e+000 -1.373698e+000  5.530667e+000 -1.246355e-001 -5.678281e-001 -4.203054e-001 -5.895533e-001  9.969107e-001 -4.440410e-001 -3.535862e-001  6.255054e-001 -7.151946e-001 -4.565148e-002  5.916082e-001 -2.456291e-001  7.001739e-001
 5.157542e+000  1.846057e+000  2.901112e+000 -4.723857e+000 -2.317129e+001 -1.548007e-001 -4.232482e+000 -2.268842e+001 -4.652857e+000 -1.036071e+001 -1.173615e+001 -2.066380e+000  4.703208e+001  5.014317e+000 -7.495162e-001 -2.163339e-002 -1.267537e+000 -2.921439e+000 -1.211151e+000 -1.043288e+000 -5.086093e+000 -3.180515e+000 -2.561652e+000 -2.044621e+000 -1.441211e+000  5.759922e+000 -1.703565e+000 -1.002274e+000 -3.293642e-001 -4.071805e-001  1.873334e+000 -5.955476e-001  4.025491e-001  2.048552e+000 -4.715394e-001  1.022955e+000  7.757924e-001  1.032117e-001 -3.405100e-001
 5.673952e+000 -2.122085e+000  3.608015e+000 -6.374019e+000 -2.318964e+001 -8.356884e-001 -1.750947e+000 -2.344415e+001 -7.643171e+000 -1.048286e+001 -1.122884e+001 -8.313420e-001  5.052954e+001  1.675755e+000 -2.405980e+000 -2.500847e-001 -1.603825e+000 -4.982775e-001 -1.971929e-001 -9.213907e-001 -1.320475e+000 -1.850715e+000 -1.217248e+000 -9.218040e-001 -7.577179e-001  4.129630e+000 -2.087301e+000 -1.005873e+000 -4.031664e-001  7.614757e-002  1.934244e+000 -6.392552e-001  7.123965e-001  2.801727e+000 -5.326245e-001  1.785233e+000  7.912294e-001  1.710909e-001 -7.770376e-001
 4.059356e+000 -4.913531e+000  4.338620e+000 -6.587472e+000 -2.379132e+001  4.317319e-001 -2.842447e+000 -2.653938e+001 -6.803564e+000 -1.120678e+001 -1.156915e+001  1.479800e+000  5.367348e+001 -1.164555e+000 -3.044733e+000 -4.952361e-002 -1.506532e+000  2.106910e+000 -3.030406e+000  2.945112e-001  2.107868e+000 -3.298226e+000  1.031010e+000 -1.264085e+000 -4.267827e-001  3.054805e+000 -1.513112e+000 -7.135544e-001 -5.553383e-001  4.131288e-001  1.381243e+000 -7.918665e-001  5.199139e-001  2.840374e+000 -9.331529e-001  1.295947e+000  5.686235e-001 -2.212322e-001 -7.105824e-001
 2.842610e+000 -5.969004e+000  5.740864e+000 -9.465246e+000 -2.025333e+001 -2.782542e-001 -7.328229e+000 -2.075803e+001 -7.491404e+000 -8.626585e+000 -1.277553e+001 -3.213559e+000  5.499983e+001 -1.297725e+000 -3.313723e+000 -1.311124e+000 -2.975692e-001  2.453663e+000 -3.545962e+000  1.068784e+000  4.953917e+000 -5.126768e+000  2.545995e+000 -7.662023e-001 -1.025457e+000  2.998038e+000 -5.461663e-001 -3.675069e-001 -6.070256e-001  6.803135e-001  5.132756e-001 -4.458651e-001  2.303617e-001  1.481775e+000 -7.268623e-001  3.883011e-001  7.836412e-001 -4.410892e-001 -3.393529e-001
 7.504364e-001 -1.145415e+001  1.587070e+000 -1.071090e+001 -1.410489e+001 -1.558555e+001  2.871516e-002 -1.349214e+001 -2.121987e+001 -6.133792e+000 -1.728323e+001 -3.009185e+000  6.007096e+001 -1.064504e+000 -3.863417e+000 -2.267805e+000  1.449794e-001  2.508804e+000 -3.496099e+000  5.611939e-001  5.978583e+000 -6.208252e+000  2.036461e+000  7.206951e-001 -2.413502e+000  2.772806e+000  1.382340e-001  6.541977e-002 -2.432368e-001  7.501712e-001 -1.517558e-001  9.017985e-001 -4.251293e-001  7.589193e-002  8.411304e-001 -5.867152e-001  1.252944e+000 -3.376625e-001 -3.223094e-001
 8.397853e-001 -1.542039e+001 -1.571831e+000 -5.800149e+000 -1.576454e+001 -1.055686e+001  2.157391e+000 -5.198187e+000 -2.606886e+001 -2.893770e-001 -1.220281e+001 -3.714136e+000  6.232099e+001 -1.105102e+000 -3.834172e+000 -2.176072e+000  9.719874e-001  1.867154e+000 -2.193672e+000  9.707670e-002  4.153041e+000 -4.030014e+000  2.215322e-001  2.004012e+000 -1.969804e+000  2.573864e+000  1.881446e-001  4.600471e-001  3.416935e-001  3.931738e-001 -2.832347e-001  1.050106e+000 -7.673123e-001 -1.079463e+000  1.990078e+000 -1.246051e+000  9.282206e-001 -2.245495e-002 -4.859728e-001
-2.617512e-001 -1.950492e+001 -3.344058e+000 -7.695123e+000 -1.349170e+001 -1.190946e+001 -4.779287e+000 -4.426388e+000 -2.855610e+001 -5.193077e+000 -8.252031e+000 -1.033742e+001  6.387693e+001 -5.696969e-001 -2.457409e+000 -8.332338e-001  1.609546e+000  1.641386e+000  8.024418e-001 -1.345282e+000  2.887766e+000  3.590488e-001 -7.403342e-001  3.615530e+000 -1.642922e+000  1.655344e+000  2.167707e-001  8.602287e-001  5.789132e-001  2.808735e-001 -3.235654e-001  8.072870e-001 -3.510966e-001 -1.266442e+000  2.201850e+000 -9.358321e-001  3.067238e-001  4.330812e-001 -5.642492e-001
-2.176807e+000 -2.111448e+001 -2.673933e+000 -6.113199e+000 -1.122416e+001 -1.308465e+001 -4.438845e+000 -4.525696e+000 -2.397336e+001 -7.989282e+000 -7.271070e+000 -9.398460e+000  6.596617e+001 -6.044057e-001 -1.716491e+000 -3.199423e-001  9.360166e-001  1.471198e+000 -4.447037e-001 -1.814540e+000  1.102012e+000  1.539970e+000 -2.295862e+000  2.427483e+000 -1.523022e+000  1.126905e+000  1.960172e-001  8.521235e-001  2.733303e-001 -7.650175e-002 -4.659663e-001  9.541628e-002 -3.613767e-003 -1.090428e+000  1.092471e+000 -5.278891e-001 -3.023229e-001  1.420843e-001 -5.732967e-001
-5.897520e-001 -2.089415e+001 -2.028048e+000 -2.506647e+000 -8.168152e+000 -1.030944e+001 -3.399576e+000  6.104441e-001 -2.047238e+001 -5.985510e+000 -1.671449e+000 -8.381631e+000  6.652509e+001 -2.309987e-001 -6.211141e-001 -3.013040e-001  1.567332e+000  1.088954e+000 -3.341483e-001 -2.384806e-001  1.171890e+000  2.016004e+000 -1.384002e+000  2.042578e+000 -4.714869e-001  6.750396e-001  6.889944e-002  5.372853e-001 -1.940062e-001 -3.294081e-001 -7.603192e-001 -4.237126e-001  2.979250e-001 -1.063399e+000 -2.041087e-001 -2.676862e-001 -7.910215e-001 -7.531334e-002 -4.390022e-001
-2.018243e+000 -2.330824e+001 -3.829547e+000 -3.714304e+000 -1.107032e+001 -1.358039e+001 -7.605165e+000 -2.206545e+000 -2.241087e+001 -1.137247e+001 -3.355685e+000 -1.230714e+001  6.663143e+001 -2.943652e-001 -4.917021e-001 -1.075386e+000  6.105856e-001 -1.864622e-001 -1.148295e+000 -4.743927e-001 -4.411607e-001  6.038653e-001 -2.096079e+000  1.278873e+000 -1.845100e+000  1.975334e-001  1.665921e-001  3.994420e-001 -1.523750e-001 -2.653770e-001 -6.650306e-001  1.370545e-001  5.354548e-001 -7.212842e-001 -4.065320e-001  3.326252e-001 -5.248418e-001  1.401151e-001 -3.505426e-001
-1.496027e+000 -2.151361e+001 -4.272771e+000 -1.057909e+000 -8.123844e+000 -1.333234e+001 -4.388530e+000  2.734872e-001 -1.925733e+001 -1.042149e+001  3.167160e-003 -1.124052e+001  6.691949e+001 -3.802200e-001 -3.833769e-001 -1.425543e+000  1.252213e-001 -1.331380e+000 -9.643255e-001 -5.257303e-001 -1.657645e+000 -1.934423e-001 -2.178657e+000  2.347274e-001 -1.858450e+000 -7.498093e-002  1.858563e-001  2.051605e-001  1.371066e-001 -4.226143e-001 -3.753892e-001  4.216613e-001  3.419316e-001 -4.478304e-001 -4.232207e-001  5.822654e-001 -4.365559e-001  3.149527e-001 -2.526734e-001
-3.195496e+000 -2.326325e+001 -6.928500e+000 -3.784639e+000 -1.217862e+001 -1.731468e+001 -6.316331e+000 -6.563021e+000 -2.156156e+001 -1.625169e+001 -1.714012e+000 -1.719452e+001  6.675664e+001  3.031653e-001  1.618500e-001 -5.196975e-001  3.301869e-001 -6.437877e-001  5.556574e-001  1.006359e+000 -1.089642e+000  6.120335e-001 -2.354089e-001  7.071995e-001 -1.289656e-001 -2.507980e-001  1.896226e-001  3.325140e-001  4.491911e-001 -2.002953e-001  6.757507e-002  7.498282e-001  4.595277e-001  1.960891e-001 -4.734585e-002  9.986207e-001 -2.289675e-001  7.556719e-001 -1.153928e-001
-1.902226e+000 -2.283352e+001 -7.606287e+000 -1.845373e+000 -1.427090e+001 -1.326392e+001 -6.672644e+000 -5.499541e+000 -2.186424e+001 -1.443918e+001 -1.318648e+000 -1.523019e+001  6.608759e+001  3.995174e-001  7.791233e-002  1.063848e-001 -4.055401e-001 -5.593289e-001  9.221817e-001  7.308016e-001 -7.430214e-001 -1.041838e-001  5.969895e-001  1.456355e-001  2.452097e-001 -3.641617e-001  4.494349e-002  4.402218e-001  2.675930e-001 -5.365785e-002  7.633226e-002  4.161292e-001  2.757030e-001  3.182161e-001 -1.946107e-003  7.273932e-001 -3.024962e-001  5.017030e-001 -4.604782e-002
-2.993170e-001 -2.183903e+001 -4.761277e+000 -1.669638e+000 -1.121573e+001 -1.083631e+001 -1.431313e+000 -4.768240e+000 -1.804724e+001 -1.054067e+001  8.412199e-001 -1.095713e+001  6.579340e+001  2.638790e-001  9.402235e-001  4.046058e-001 -1.255100e-001 -2.346123e-001  1.657592e+000  1.194980e+000  8.197341e-002  3.225067e-001  1.509201e+000  1.785815e-001  8.814300e-001 -2.348404e-001 -1.389343e-001  4.236004e-001 -2.726029e-001  1.060697e-001 -4.576172e-001 -2.328227e-001 -8.057090e-002 -1.588598e-001 -1.684640e-001 -1.060449e-001 -7.662689e-001 -4.572877e-002 -8.252700e-002
-9.465295e-001 -2.183616e+001 -4.824459e+000 -4.143110e+000 -1.140193e+001 -1.196062e+001 -3.177031e+000 -4.339010e+000 -2.153540e+001 -1.029206e+001 -5.462713e-001 -1.313316e+001  6.558031e+001 -1.358594e-001  1.428546e+000 -5.497298e-001  8.478050e-002 -1.154306e+000  5.653531e-001  7.584741e-001 -6.523716e-001 -5.840950e-002  5.860043e-001 -1.013445e+000  1.448674e-001 -3.131989e-001 -3.253651e-002  4.376088e-001 -5.544036e-001  5.217947e-001 -8.736578e-001 -3.899477e-001  2.497411e-002 -5.770133e-001  7.099405e-002 -6.067364e-001 -9.233031e-001 -1.988961e-002 -2.075617e-001
-2.353949e+000 -1.906082e+001 -6.296385e+000 -3.263320e+000 -1.478617e+001 -9.678372e+000 -2.089238e+000 -6.733419e+000 -2.011344e+001 -1.077924e+001 -1.207293e+000 -1.383588e+001  6.583607e+001 -1.238181e-001  1.604535e+000 -1.554655e+000  6.153749e-001 -2.634385e+000 -4.300418e-001  5.896683e-001 -1.929266e+000 -2.531736e-001 -7.601409e-001 -2.544605e+000 -3.074383e-001 -6.889145e-001  1.997893e-001  3.310901e-001 -1.679678e-001  6.138270e-001 -8.276805e-001 -6.164088e-002 -1.253239e-001 -4.330067e-001  2.089678e-001 -7.448968e-001 -7.722884e-001  4.133764e-001 -3.724236e-001
-1.554206e+000 -1.707990e+001 -9.587382e+000 -6.246293e-001 -1.825721e+001 -1.101612e+001 -2.551311e+000 -7.778809e+000 -2.112319e+001 -1.138988e+001 -5.361614e+000 -1.306648e+001  6.450025e+001  4.306833e-001  1.933800e+000 -1.686003e+000  1.832991e+000 -3.727731e+000  1.626005e-002  1.158328e+000 -2.622468e+000  5.386267e-001 -1.302021e+000 -3.109287e+000  7.401958e-001 -1.174933e+000  4.086650e-001  3.968129e-001  6.328709e-001  3.051695e-001 -1.913553e-001  7.607402e-001 -4.758091e-001  3.907403e-002  4.559226e-001 -4.680265e-001 -1.763844e-002  9.335864e-001 -4.724560e-001
-6.145689e-001 -1.619448e+001 -1.015309e+001 -3.520042e-001 -2.096002e+001 -1.345877e+001  1.204168e+000 -1.269467e+001 -1.951922e+001 -1.379246e+001 -9.474133e+000 -1.252766e+001  6.288885e+001  9.795540e-001  2.343047e+000  1.329034e-001  2.069520e+000 -3.086302e+000  1.623934e+000  3.684334e-001 -1.098012e+000  1.068828e+000 -1.271270e+000 -2.634939e+000  2.650648e+000 -1.666091e+000  3.838929e-001  5.457284e-001  1.228289e+000 -5.291873e-001  7.188547e-001  1.234411e+000 -1.138348e+000 -4.810031e-002  4.965742e-001  9.844036e-002  5.618652e-001  7.877629e-001 -4.877075e-001
 3.371973e-001 -1.360033e+001 -1.132612e+001  3.566185e+000 -2.695366e+001 -9.989120e+000  9.679056e-001 -1.447073e+001 -1.913938e+001 -1.529555e+001 -1.195928e+001 -1.008629e+001  6.117925e+001  1.355780e+000  3.043355e+000  1.770846e+000  8.835552e-001 -1.885124e+000  3.342066e+000 -1.509954e+000 -8.726285e-001  1.560203e+000 -1.498564e+000 -1.056470e+000  3.333756e+000 -2.186890e+000  7.136142e-002  4.650594e-001  1.404562e+000 -1.514271e+000  1.526838e+000  6.840189e-001 -1.499589e+000 -6.591712e-001  2.686355e-001  5.633345e-001  6.389638e-001 -6.822691e-002 -3.763632e-001
 1.598119e+000 -9.085369e+000 -4.762498e+000  4.988873e+000 -2.586945e+001 -2.072202e+000 -2.006679e+000 -8.877521e+000 -1.576121e+001 -1.518275e+001 -1.108316e+001 -2.072739e+000  5.916612e+001  1.333098e+000  3.778400e+000  2.858364e+000 -1.555844e+000  3.858452e-002  4.079113e+000 -3.767931e+000 -3.044687e+000  1.718909e+000 -1.696677e-001 -7.616875e-001  2.334596e+000 -2.621473e+000 -3.761069e-001  2.409475e-002  7.410797e-001 -1.679630e+000  1.719631e+000 -5.200021e-001 -7.067006e-001 -9.843837e-001 -2.290941e-001  5.964335e-001  2.193025e-001 -1.116843e+000 -1.184111e-001
 4.118347e+000 -5.417686e+000 -3.428448e+000  1.122708e+000 -2.522812e+001  9.263417e-004 -8.495658e+000 -1.405053e+001 -1.520118e+001 -1.818755e+001 -9.839451e+000 -1.625160e+000  5.542717e+001  6.107183e-001  3.541420e+000  3.974076e+000 -3.925680e+000  2.344014e+000  2.208765e+000 -4.271434e+000 -4.944986e+000  1.556764e+000  9.638504e-001 -8.510936e-001  5.570871e-001 -2.579058e+000 -8.482870e-001 -9.166155e-001  4.883683e-002 -7.729473e-001  1.263345e+000 -1.496469e+000  6.021941e-001  2.470181e-001 -1.669756e-001  7.844514e-001 -2.989425e-001 -1.225250e+000  3.546965e-001
 4.160348e+000 -1.393804e+000  1.898929e-001 -6.909484e+000 -2.162987e+001  1.941775e+000 -1.290371e+001 -2.812821e+001 -1.289377e+001 -1.319480e+001 -1.434249e+001 -5.085249e+000  5.265753e+001 -5.284497e-001  2.214488e+000  2.736687e+000 -3.924013e+000  3.397285e+000 -4.094258e-001 -1.784330e+000 -3.983751e+000 -7.492294e-002  4.796902e-001 -1.641115e+000 -1.545234e+000 -2.062063e+000 -1.222267e+000 -1.426041e+000 -8.108779e-001  5.578675e-001  3.375036e-001 -1.755283e+000  1.472955e+000  2.224114e+000  1.585751e-001  4.831379e-001  1.833401e-001 -7.638902e-001  9.340778e-001
 2.109674e+000  2.609906e-001  6.068061e+000 -1.011304e+001 -1.735338e+001 -9.522814e-001 -1.494075e+001 -2.957031e+001 -1.278928e+001 -1.147028e+001 -1.458509e+001 -5.794600e+000  5.153826e+001 -1.954882e+000 -7.577665e-001  2.075868e+000 -1.797096e+000  2.752253e+000 -1.896011e+000  5.092156e-001  8.319939e-001  1.622241e+000  2.099014e+000 -2.111469e+000 -8.525785e-001 -6.931130e-001 -1.338486e+000 -1.185181e+000 -1.607394e+000  1.510788e+000 -5.649940e-001 -8.713839e-001  1.227459e+000  2.913691e+000  4.435253e-001  2.639858e-001  7.813060e-001 -7.882200e-002  1.118757e+000
-3.979274e-002 -8.522704e-001  4.172682e+000 -9.013321e+000 -1.282039e+001 -3.642727e+000 -7.705780e+000 -2.103638e+001 -1.734177e+001 -1.614294e+001 -1.691591e+001 -7.714190e+000  5.080026e+001 -3.495439e+000 -1.202211e+000 -2.469223e-001  1.692018e-001  1.521983e+000 -2.644915e+000  1.206516e+000  5.187393e+000  2.479046e+000  1.678440e+000  7.852008e-001 -7.800223e-001  1.105943e+000 -1.224467e+000 -1.586138e-001 -1.859759e+000  1.720610e+000 -6.964895e-001  1.912725e-001  2.670922e-001  1.764489e+000  5.145441e-001  6.007549e-001  1.728103e+000  7.000533e-001  6.436453e-001
-3.555990e+000 -9.477285e+000  4.959499e+000 -6.810856e+000 -1.587159e+001 -6.686878e+000 -8.548544e+000 -1.343647e+001 -4.865978e+000 -6.218412e+000 -1.911008e+001 -4.573582e+000  5.289024e+001 -4.598219e+000 -6.761358e-001 -2.571092e+000  1.581651e+000  4.566954e-001 -1.030410e+000  3.704380e-001  5.037895e+000  2.497406e+000  1.684405e+000  1.842279e+000 -2.196288e-001  1.430726e+000 -9.091448e-001  9.543952e-001 -1.770259e+000  1.443050e+000 -3.722076e-002  1.063595e+000  4.574793e-003  3.751766e-002 -3.129719e-001  4.171917e-001  2.069706e+000  6.939845e-001 -2.615913e-001
-1.048401e+001 -2.535720e+000 -4.904377e-001 -7.714567e+000 -1.476085e+001 -8.415504e+000 -1.006723e+001 -1.025816e+001 -4.460195e+000 -7.428535e+000 -8.153986e+000 -9.595870e+000  5.751125e+001 -5.329117e+000  1.380603e+000 -4.238627e+000  2.989664e+000  1.062617e+000  1.141359e-001 -3.794796e-001  2.735742e+000  2.060215e+000  3.690769e+000  5.022527e+000  1.638558e+000  9.424400e-002 -3.576933e-001  8.892283e-001 -7.828776e-001  9.631591e-001  3.095206e-001  1.412442e+000  4.287875e-001 -8.832451e-001 -2.606046e-001  2.923029e-001  9.152279e-001  6.242298e-001 -9.340121e-001
-1.565931e+001 -2.277964e+000 -4.455841e+000 -2.854162e+000 -1.409968e+001 -3.717941e+000 -1.190784e+001 -9.769951e+000 -6.743040e+000 -7.405456e+000 -9.754656e+000 -5.951904e+000  5.533639e+001 -5.583766e+000  2.722803e+000 -4.779572e+000  4.007923e+000  2.795832e+000  2.042440e+000  1.325087e+000  2.245407e+000  2.667968e-001  3.178808e+000  6.118401e+000  1.408054e+000 -1.495220e+000  2.382209e-001  3.008066e-001  3.753073e-001  2.727812e-001  2.182552e-001  7.878611e-001  6.956592e-001 -5.447416e-001  3.798320e-001 -7.600427e-002  1.063239e-001 -5.297664e-003 -6.475829e-001
