46 39
-1.175433e+001 -5.682954e+000 -6.785140e+000 -5.219060e+000 -7.602259e+000 -5.268288e+000 -6.412838e+000 -4.662665e+000 -1.740231e+000 -1.681720e+000  1.889983e+000 -2.404523e+000  4.558520e+001 -3.449582e+000 -3.493691e+000 -1.258707e+000 -1.539639e+000 -3.983941e-001  2.440009e-001 -2.562745e+000  2.098757e+000  2.545927e+000 -2.175465e+000  2.714491e+000  3.282209e+000  4.385390e+000  6.793032e-001  1.378438e+000  1.522403e+000  1.037428e+000  2.292093e-001  4.160894e-001  1.440296e-001 -3.277192e-001 -1.073976e+000 -6.820886e-001 -6.698571e-001 -9.901382e-001  6.587380e-001
-1.183157e+001 -7.338636e+000 -4.430728e+000 -7.862266e+000 -8.692684e+000 -1.663284e+000 -5.476088e+000 -4.529064e+000 -2.096060e-001 -3.531769e+000 -8.498045e-001 -3.919649e+000  5.028267e+001 -2.493451e+000 -7.292408e-001 -1.819209e-001 -1.187928e+000  1.768956e-001 -3.590288e-001 -2.462066e+000  2.494361e+000  2.078382e+000 -1.006765e+000  1.663845e+000  1.396230e+000  4.773768e+000  1.191067e+000  1.668706e+000  2.040919e+000  2.013165e+000  4.326752e-001  4.928041e-001  8.530553e-001 -5.305821e-001 -9.930257e-001  2.580859e-001 -1.032531e+000 -1.363515e+000 -6.756074e-001
-1.289166e+001 -5.702627e+000 -6.729724e+000 -2.774393e+000 -9.268813e+000 -3.541636e+000 -6.006542e+000 -5.681253e+000  3.092981e+000 -7.372286e+000  4.128377e+000 -5.147065e+000  5.702196e+001 -4.085399e-001  1.417789e+000  3.587066e+000  2.779993e+000 -2.505856e-001  2.137787e+000 -1.695568e-001  8.088413e-001  4.751736e-001 -1.780464e-001 -4.584851e-002 -1.410393e+000  2.434450e+000  1.504085e+000  1.058616e+000  2.124246e+000  1.832057e+000  6.901156e-001  2.449362e-001  9.718512e-001 -6.680496e-001 -1.171096e+000  6.981228e-001 -1.243747e+000 -9.550409e-001 -1.750377e+000
-1.441772e+001 -9.144347e-001 -2.524087e+000 -3.113020e+000 -8.234630e+000 -7.165368e+000 -5.561051e+000 -2.745863e+000 -7.900653e-001 -3.222129e+000  8.990937e-001 -7.557280e+000  5.745100e+001  9.242682e-001  1.505472e+000  5.562511e+000  4.810317e+000  1.009913e+000  1.624085e+000  4.707983e-001  4.245421e-002 -2.555996e-001  4.622769e-001 -9.058749e-001 -9.332812e-001 -8.206253e-002  1.651127e+000 -1.784329e-001  8.003669e-001  8.328814e-001  7.132442e-001 -3.476431e-001  3.339407e-001 -8.728219e-001 -9.529348e-001  3.035022e-002 -9.598822e-001 -1.425953e-001 -1.718646e+000
-1.250395e+001 -1.806111e+000  1.019687e+001  6.306281e+000 -9.084214e+000  8.171690e+000 -7.218141e+000 -1.510059e+000  9.258665e-001 -2.726771e+000  7.862917e-001 -7.637672e+000  5.417329e+001  2.361982e+000  6.820346e-001  6.490309e+000  4.621526e+000  2.635675e+000  4.771248e-001  8.300788e-001 -1.553752e-002 -2.142565e+000  5.806283e-001 -2.219382e+000 -3.282396e-001 -1.938580e+000  1.494213e+000 -9.372724e-001 -1.785333e+000 -1.035670e+000  3.096935e-001 -1.748748e+000 -9.828016e-001 -8.861609e-001 -2.391807e-001 -5.414458e-001 -6.583767e-001  3.780334e-001 -7.816169e-001
-7.404081e+000 -1.759532e+000  1.491853e+001  1.164898e+001 -3.735419e+000  6.004805e-001 -2.516297e+000 -6.402390e+000 -4.040471e-001 -3.543141e+000 -3.708136e+000 -7.340752e+000  5.129670e+001  4.376922e+000 -1.253528e+000  2.368292e+000  2.055712e+000  2.299986e+000 -1.266913e+000 -1.292180e+000 -1.457558e+000 -1.377423e+000 -1.234351e+000 -2.048799e+000  1.421772e-001 -1.632949e+000  1.123427e+000 -9.412215e-001 -3.386392e+000 -1.939682e+000 -6.396827e-001 -1.731048e+000 -1.821534e+000 -6.787012e-001  5.753518e-001 -7.576950e-001 -2.179886e-001  3.243955e-001  1.681773e-001
-4.588573e+000 -1.869906e+000  1.700051e+001  1.295224e+001  1.659958e+000 -5.038936e+000 -3.378525e+000 -3.930677e+000 -7.812851e+000 -4.308639e+000 -4.664917e+000 -6.896527e+000  5.040621e+001  5.336199e+000 -1.889073e+000 -3.742489e+000 -1.021056e+000  6.528456e-001 -5.160454e+000 -4.202075e+000 -2.871957e+000 -1.598178e-001 -2.036961e+000 -2.766270e+000 -5.795489e-002 -6.981918e-001  3.934007e-001 -6.214225e-001 -3.213194e+000 -1.630943e+000 -1.247909e+000 -1.018469e+000 -1.782919e+000 -2.706626e-001  1.171183e+000 -6.132627e-001  4.707368e-001  3.371792e-001  7.384897e-001
 3.509196e+000 -7.150177e+000  5.915550e+000  3.842561e+000 -2.106785e+000 -6.894619e+000 -1.394176e+001 -8.823346e+000 -3.307823e+000 -8.602953e+000 -6.619298e+000 -7.216967e+000  5.116980e+001  5.054297e+000 -1.915081e+000 -6.253048e+000 -2.066804e+000 -1.197086e+000 -4.212363e+000 -6.120796e+000 -1.922842e+000  1.629786e+000 -2.017403e+000 -1.722374e+000  5.535542e-001  1.386299e-001 -6.471820e-001 -1.459375e-001 -9.009929e-001 -5.171887e-001 -1.012638e+000  5.495906e-003 -5.694148e-001  7.692534e-001  5.272233e-001 -1.043436e-001  1.019736e+000  2.865795e-001  7.789217e-001
 8.720407e+000 -8.556151e+000 -4.014082e+000  5.104208e+000 -6.634303e+000 -1.388303e+001 -2.251579e+001 -1.465936e+001  1.578665e+000 -1.038167e+001 -1.158948e+001 -7.989339e+000  5.074578e+001  3.990298e+000 -2.094301e+000 -5.264989e+000 -1.471930e+000 -1.855332e+000 -3.142496e+000 -5.670209e+000 -1.136208e+000  2.209747e+000 -2.094159e+000 -2.891073e-002  1.151968e+000  8.680790e-001 -1.343659e+000 -1.019826e-001  1.673647e+000  8.269583e-002 -3.778474e-001  9.022313e-001  9.738079e-001  1.742753e+000 -5.555090e-001  1.755035e-001  1.477433e+000  5.232296e-002  6.780316e-001
 1.121291e+001 -7.991816e+000 -5.839411e+000  5.238976e+000 -5.573717e+000 -1.603929e+001 -2.355165e+001 -1.065226e+001  3.049124e+000 -1.059364e+001 -8.857728e+000 -4.026575e+000  5.182006e+001  1.813962e+000 -1.880601e+000 -1.375422e+000 -3.047948e-001 -1.509114e+000 -2.248412e+000 -3.405188e+000  1.520835e+000  7.391097e-002 -1.727470e+000  1.681203e+000  9.701130e-001  1.478524e+000 -1.564182e+000 -1.467344e-001  2.755924e+000 -3.941246e-002  1.721710e-002  5.864605e-001  1.961963e+000  1.921347e+000 -1.489750e+000  5.892794e-001  1.039021e+000 -6.400244e-001  5.051678e-001
 1.151106e+001 -1.192059e+001 -3.446951e+000  4.894379e+000 -5.883237e+000 -1.617908e+001 -2.692463e+001 -8.697263e+000  5.740860e-002 -1.378409e+001 -3.690256e+000 -2.731884e+000  5.442147e+001  2.380714e-001 -2.416226e+000  2.186934e+000 -1.488582e+000 -1.080377e+000 -1.631273e+000 -6.908405e-001  4.119969e+000 -2.159425e+000 -1.304410e+000  2.919106e+000 -4.619503e-003  2.022019e+000 -1.388136e+000  1.217299e-001  2.312524e+000 -4.055347e-001 -3.484770e-002  2.110415e-001  2.285686e+000  1.539304e+000 -1.670551e+000  1.201807e+000  1.179229e-001 -1.112868e+000  2.102870e-001
 1.118368e+001 -1.487096e+001 -1.245127e+000  2.423501e+000 -1.002789e+001 -1.698865e+001 -2.876328e+001 -4.200222e+000 -2.177640e+000 -1.553910e+001 -2.162893e+000 -4.995129e+000  5.672457e+001 -8.904977e-001 -2.487791e+000  3.800610e+000 -2.255540e+000 -1.498478e+000 -2.035672e+000  1.199336e+000  5.055803e+000 -3.634378e+000  5.341191e-001  1.998721e+000 -2.068274e+000  2.087499e+000 -9.460319e-001  5.169751e-001  1.083251e+000 -5.795564e-001 -2.061722e-001  1.194171e-001  2.089676e+000  3.291009e-001 -1.187655e+000  1.725559e+000 -7.916774e-001 -9.383644e-001 -1.138457e-001
 9.925382e+000 -1.719771e+001  4.623444e+000 -9.309632e-001 -9.809105e+000 -2.156471e+001 -2.336417e+001  2.714466e+000 -6.605078e+000 -1.443099e+001 -3.413648e-001 -7.528160e+000  5.840362e+001 -1.598150e+000 -1.182057e+000  3.709614e+000 -2.524231e+000 -2.034889e+000 -2.193659e+000  3.455961e+000  4.792825e+000 -4.288864e+000  2.784084e+000  4.019445e-001 -2.893180e+000  1.615026e+000 -5.795698e-001  9.851552e-001 -1.483622e-002 -2.649048e-001 -3.800821e-001  4.434454e-001  1.454554e+000 -1.062991e+000 -5.590575e-001  1.765203e+000 -1.305135e+000 -2.752713e-001 -3.798627e-001
 7.553264e+000 -1.779222e+001  9.128442e+000 -3.126055e+000 -1.110317e+001 -2.352484e+001 -1.933519e+001  8.920892e+000 -1.179152e+001 -7.599592e+000 -5.385673e-001 -1.196981e+001  6.026648e+001 -1.998087e+000  8.719005e-002  3.279490e+000 -2.684752e+000 -2.062719e+000 -1.370134e+000  4.969790e+000  2.829911e+000 -4.799644e+000  4.856080e+000 -1.018603e+000 -2.277429e+000  1.112792e+000 -2.750929e-001  1.140069e+000 -4.976719e-001 -7.011743e-002 -2.511957e-001  9.417900e-001  6.441329e-001 -2.010160e+000  2.073099e-001  1.026402e+000 -1.134059e+000  5.416237e-001 -4.765984e-001
 5.335514e+000 -1.637025e+001  9.914334e+000 -4.951997e+000 -1.552004e+001 -2.387928e+001 -1.435886e+001  8.706306e+000 -1.657997e+001 -3.833422e+000 -2.492697e+000 -1.371045e+001  6.072565e+001 -2.105983e+000  1.222060e+000  2.373312e+000 -2.598500e+000 -2.698667e+000  2.531851e-001  4.696703e+000 -8.204069e-002 -4.372079e+000  5.360627e+000 -2.097908e+000 -1.276399e+000  6.100590e-001 -3.898457e-002  8.873607e-001 -4.693881e-001  2.162714e-002  7.928133e-003  1.176147e+000 -4.943693e-001 -2.238788e+000  1.000163e+000 -9.906902e-002 -7.086291e-001  8.899419e-001 -4.394539e-001
 3.488178e+000 -1.484874e+001  1.250688e+001 -8.989744e+000 -1.748602e+001 -2.268204e+001 -8.416983e+000  6.953415e+000 -2.118842e+001  3.442518e+000 -6.180244e+000 -1.329113e+001  6.112752e+001 -2.012046e+000  2.010496e+000  1.980401e+000 -2.568993e+000 -2.422567e+000  1.449856e+000  3.799629e+000 -2.557563e+000 -2.556221e+000  4.377857e+000 -2.421647e+000 -1.685466e-001  2.069912e-001  1.548411e-001  5.896835e-001 -3.308596e-001  9.975593e-002  3.266233e-001  9.252368e-001 -1.433519e+000 -1.619474e+000  1.569934e+000 -1.235867e+000 -1.549589e-001  8.701165e-001 -3.980646e-001
 1.428010e+000 -1.255914e+001  1.480079e+001 -1.099162e+001 -2.011102e+001 -2.072019e+001 -5.339763e+000  3.288001e+000 -2.376703e+001  6.851085e+000 -8.010067e+000 -1.324949e+001  6.102340e+001 -1.786094e+000  2.293094e+000  2.012218e+000 -2.473975e+000 -1.815324e+000  2.277081e+000  1.569195e+000 -3.707379e+000 -4.097582e-001  2.527850e+000 -2.439680e+000  5.020882e-001 -1.293426e-001  3.015713e-001  2.791209e-001 -1.387696e-001  1.186806e-001  6.765217e-001  3.787158e-001 -1.721908e+000 -5.084985e-001  1.480498e+000 -1.805421e+000  4.048738e-001  7.043664e-001 -3.417960e-001
-5.532128e-001 -9.645288e+000  1.658722e+001 -1.295121e+001 -2.092052e+001 -1.785511e+001 -4.846598e+000 -1.157770e+000 -2.097910e+001  8.947437e+000 -9.888115e+000 -1.304302e+001  6.115257e+001 -1.383826e+000  2.500090e+000  1.805739e+000 -2.248235e+000 -8.712744e-001  2.244102e+000 -6.340519e-001 -3.454788e+000  1.068866e+000  9.313212e-002 -1.622512e+000  1.183910e+000 -5.078300e-001  3.768941e-001  6.021254e-002 -1.413251e-001  2.025263e-001  7.704667e-001 -1.342026e-001 -1.498005e+000  4.797876e-001  7.422001e-001 -1.645262e+000  8.122388e-001  4.036724e-001 -2.825197e-001
-1.574260e+000 -7.506508e+000  1.793525e+001 -1.534114e+001 -2.287941e+001 -1.490734e+001 -8.298084e+000 -5.774997e+000 -1.873342e+001  6.053370e+000 -1.283716e+001 -1.132406e+001  6.006641e+001 -9.122363e-001  2.372867e+000  1.766795e+000 -2.165476e+000 -9.170513e-002  1.749641e+000 -1.695996e+000 -2.175921e+000  1.217869e+000 -1.524114e+000 -4.731065e-001  1.569205e+000 -7.415104e-001  3.569727e-001 -4.765267e-002 -2.261921e-001  2.990563e-001  6.942024e-001 -4.979419e-001 -7.866204e-001  1.001442e+000 -1.207087e-001 -9.859203e-001  1.002048e+000  5.874147e-002 -1.869525e-001
-1.929819e+000 -4.874608e+000  1.996834e+001 -1.805616e+001 -2.045819e+001 -1.436795e+001 -1.010808e+001 -5.789025e+000 -1.836089e+001  4.307035e+000 -1.187926e+001 -8.334294e+000  5.906686e+001 -5.645038e-001  2.271672e+000  1.396487e+000 -1.710611e+000  5.679569e-001  1.042563e+000 -2.057798e+000 -9.243540e-001  3.409658e-001 -1.822469e+000  6.562607e-001  1.316257e+000 -8.995236e-001  2.682876e-001 -1.377393e-001 -2.584495e-001  3.453660e-001  4.312741e-001 -5.174725e-001 -1.721541e-001  8.793347e-001 -5.199164e-001 -1.849873e-001  6.952472e-001 -3.324280e-001 -8.401230e-002
-2.444869e+000 -3.080151e+000  2.194420e+001 -1.926652e+001 -2.080071e+001 -1.371556e+001 -1.118900e+001 -5.275976e+000 -1.898679e+001  1.550718e+000 -9.380028e+000 -7.757827e+000  5.835870e+001 -4.108912e-001  2.169039e+000  1.085884e+000 -1.247505e+000  9.360723e-001  3.881415e-001 -1.652035e+000  3.461518e-002 -6.493517e-001 -1.443951e+000  1.431176e+000  7.296224e-001 -8.682583e-001  2.005417e-001 -1.690651e-001 -3.505933e-001  3.410492e-001  1.482771e-001 -3.451001e-001  1.319715e-001  3.710347e-001 -4.286799e-001  3.260788e-001  8.584394e-002 -5.905420e-001 -4.742889e-002
-2.940427e+000 -5.001069e-001  2.156518e+001 -1.954157e+001 -1.912008e+001 -1.323818e+001 -1.369013e+001 -6.029051e+000 -1.914759e+001  2.086417e+000 -8.335378e+000 -8.244850e+000  5.750880e+001 -2.930608e-001  1.913307e+000  8.539478e-001 -9.803904e-001  7.712075e-001  3.374893e-001 -1.516803e+000 -1.633822e-001 -5.971054e-001 -8.718857e-001  9.015828e-001 -5.843854e-002 -8.645176e-001  1.842963e-001 -1.990434e-001 -3.291647e-001  2.451508e-001 -1.326900e-001 -9.088940e-002  3.430330e-001 -1.899046e-002 -3.788429e-002  3.690090e-001 -4.783481e-001 -5.772358e-001 -5.150890e-002
-3.123411e+000  1.151439e+000  2.256625e+001 -2.083596e+001 -1.886810e+001 -1.353152e+001 -1.476723e+001 -5.481908e+000 -2.158683e+001 -5.607338e-002 -7.453221e+000 -7.720671e+000  5.650415e+001 -4.524906e-002  1.706724e+000  2.850985e-001 -8.253401e-001  5.480553e-001  3.766772e-001 -1.306636e+000 -7.012332e-001 -4.564947e-001 -3.690112e-001 -1.665479e-001 -6.961573e-001 -9.961578e-001  1.774792e-001 -1.685115e-001 -3.177357e-001  1.500548e-001 -2.852089e-001  1.659476e-001  5.042990e-001 -1.832751e-001  3.557035e-001  3.175665e-001 -7.743506e-001 -4.389122e-001 -7.655813e-002
-3.055852e+000  2.576135e+000  2.392706e+001 -2.217339e+001 -1.756846e+001 -1.277252e+001 -1.590298e+001 -6.502970e+000 -2.004640e+001  7.510026e-001 -8.334747e+000 -8.645065e+000  5.567155e+001  1.741568e-001  1.507613e+000  1.510565e-001 -6.959398e-001  9.851551e-002  5.938481e-001 -5.153319e-001 -6.513821e-001  5.511589e-002 -5.148937e-001 -9.366182e-001 -8.570323e-001 -1.093118e+000  1.663660e-001 -8.400122e-002 -3.523136e-001  3.108842e-001 -2.710088e-001  4.040840e-001  6.532147e-001 -2.523481e-002  6.267679e-001  2.005737e-001 -6.446542e-001 -2.157166e-001 -9.732652e-002
-2.613402e+000  3.915346e+000  2.218876e+001 -2.207731e+001 -1.883624e+001 -1.206501e+001 -1.661576e+001 -8.545182e+000 -2.081985e+001  3.733693e-001 -1.021308e+001 -1.103851e+001  5.429654e+001  2.428962e-001  1.529329e+000 -1.513493e-001 -6.394566e-001 -1.536264e-001  1.089700e+000  3.687244e-001 -6.377603e-001  8.030552e-001 -3.461432e-002 -1.521477e+000 -1.065642e+000 -1.136749e+000  9.267251e-002 -2.178864e-001 -2.006328e-001  6.422381e-001 -6.217232e-003  8.003399e-001  6.122465e-001 -1.492957e-001  7.301077e-001  1.923147e-001 -8.875269e-003  1.408716e-001 -7.245316e-002
-2.324648e+000  5.656004e+000  2.250921e+001 -2.240060e+001 -1.864343e+001 -1.100220e+001 -1.534253e+001 -7.754324e+000 -1.925550e+001 -7.027726e-001 -1.163854e+001 -1.087109e+001  5.314702e+001  3.946967e-001  1.581998e+000 -6.893963e-001  4.810890e-001 -2.329954e-001  2.001398e+000  9.115897e-001 -3.212928e-001  1.906959e+000 -3.621580e-002 -1.644224e+000 -9.522791e-001 -1.280855e+000 -1.855936e-002 -2.812971e-001 -5.665283e-002  1.047019e+000  4.811827e-001  1.208781e+000  5.963235e-001 -3.477388e-001  5.895129e-001 -2.701351e-001  3.229127e-001  2.003593e-001 -2.003033e-001
-2.274532e+000  7.258151e+000  2.251843e+001 -2.391964e+001 -1.909875e+001 -8.968178e+000 -1.320384e+001 -8.045033e+000 -1.796700e+001  4.977426e-001 -1.340871e+001 -1.193587e+001  5.208267e+001  3.078435e-001  5.800988e-001 -2.978390e-001  1.797336e+000  6.827246e-001  3.674602e+000  1.041136e+000 -1.612756e+000  2.268122e+000  3.532235e-001  1.428785e-001  5.582390e-002 -1.264555e+000 -1.433276e-001 -3.275432e-001 -1.132239e-002  1.042904e+000  9.998648e-001  1.346573e+000  6.020827e-001 -5.621917e-002  2.149356e-001 -8.169573e-001  3.176073e-001  3.629738e-001 -3.266339e-001
-1.251804e+000  8.814725e+000  2.031524e+001 -1.884678e+001 -1.860218e+001 -4.313951e+000 -1.305099e+001 -8.359509e+000 -1.193803e+001  5.077369e-001 -1.495805e+001 -1.295778e+001  5.037421e+001  4.888629e-002  5.757425e-001 -5.896282e-002  3.320758e+000  2.086253e+000  5.345301e+000  2.130080e+000 -1.902578e+000  2.270147e+000 -2.059488e+000 -1.542325e-001 -4.159690e-001 -2.030731e+000 -3.330970e-001 -3.162453e-001 -1.288928e-001  3.008757e-001  1.198530e+000  8.669940e-001  6.672702e-001  3.290294e-001 -3.612195e-001 -8.470700e-001  2.026378e-001  4.291390e-001 -3.019734e-001
-1.610607e+000  5.236480e+000  2.179655e+001 -1.486754e+001 -1.544324e+001  2.963882e+000 -1.255585e+001 -1.630637e+001 -1.313798e+001  1.534232e+000 -7.838933e+000 -9.716043e+000  4.936016e+001 -3.008367e-001  3.947411e-001 -5.231779e-001  3.155230e+000  3.686073e+000  6.150616e+000  2.769893e+000 -1.282134e-001  1.696139e+000 -3.107765e+000 -6.784363e-001  4.810719e-001 -2.394980e+000 -4.847530e-001 -2.924114e-001 -5.929441e-001 -4.642259e-001  7.645698e-001 -2.030704e-001  4.466992e-001  8.145159e-001 -3.958166e-001 -1.218746e-001 -8.529251e-002  3.870547e-001 -1.500713e-001
-2.412179e+000  9.545552e+000  2.257534e+001 -1.032285e+001 -1.003992e+001  9.758280e+000 -5.016121e+000 -1.313655e+001 -1.031927e+001 -1.151846e+001 -1.519459e+001 -1.406085e+001  4.435461e+001 -9.664485e-001  9.345107e-002 -1.221191e+000  1.306520e+000  4.257979e+000  5.098361e+000  3.383562e+000  5.815828e-001  3.868527e-001 -2.541072e+000 -2.203774e-001  9.807919e-001 -2.225510e+000 -6.066428e-001 -7.060819e-001 -8.708848e-001 -1.133428e+000 -5.137317e-002 -1.120666e+000 -3.137534e-001  3.680218e-001 -2.702822e-001  1.240807e+000  4.733975e-001  7.555288e-001  1.889172e-001
-3.198528e+000  8.866443e+000  1.877249e+001 -1.240545e+001 -4.949513e+000  1.474879e+001 -3.371813e+000 -6.297581e+000 -1.029568e+001 -9.027984e+000 -1.668262e+001 -8.978972e+000  4.311757e+001 -1.608254e+000 -6.408128e-001 -2.681446e+000  4.833251e-001  3.419711e+000  2.782721e+000  2.647891e+000  1.217743e+000  1.230686e+000 -1.535771e-002 -2.505116e-001  1.292717e+000 -1.917522e+000 -5.760083e-001 -9.323113e-001 -6.609216e-001 -1.097013e+000 -9.760487e-001 -1.788829e+000 -1.174900e+000 -6.680807e-001 -1.022526e-002  1.705478e+000  9.752603e-001  4.047823e-001  3.186013e-001
-5.290086e+000  7.466999e+000  1.572132e+001 -1.354522e+001 -2.559155e+000  1.528540e+001 -7.251986e-001 -1.045599e+001 -1.142491e+001 -6.916513e+000 -1.163809e+001 -8.422357e+000  4.236796e+001 -2.330619e+000 -2.436890e+000 -3.334253e+000 -1.010427e+000  1.962569e+000  1.425920e+000  6.223145e-001 -7.354470e-001  1.151462e+000  2.598345e+000  1.998793e+000  2.955853e+000 -1.324874e+000 -2.339780e-001 -8.496115e-001 -3.289708e-001 -6.877872e-001 -1.426001e+000 -1.618051e+000 -1.637834e+000 -9.248665e-001  1.078609e-001  1.271637e+000  9.061807e-001  2.724794e-002  3.401728e-001
-8.212922e+000  3.071693e+000  1.181633e+001 -1.083973e+001 -2.085073e+000  1.411392e+001 -1.461855e+000 -1.155794e+001 -6.431730e+000 -8.435286e-001 -1.086974e+001 -6.071706e+000  4.076588e+001 -2.498793e+000 -3.001645e+000 -2.771255e+000 -1.171359e+000 -4.646528e-002 -9.573098e-001 -1.723985e+000 -2.810102e+000  1.262708e+000  2.849916e+000  3.088280e+000  1.517453e+000 -1.252291e+000  2.543049e-001 -2.969036e-001  2.199842e-001 -6.371570e-002 -1.166041e+000 -1.057804e+000 -1.018913e+000 -3.488542e-001 -1.938639e-001  7.748988e-002  5.887159e-001 -4.761486e-001  3.670933e-001
-1.155808e+001  2.584781e-001  9.382153e+000 -1.615785e+001 -1.659294e+000  1.720531e+001 -2.859528e+000 -1.418360e+001 -6.493941e+000 -2.618959e+000 -8.107069e+000 -7.352194e-001  3.890609e+001 -1.691069e+000 -2.974190e+000 -2.821140e+000 -1.305073e+000 -1.138939e+000 -1.121881e+000 -2.619671e+000 -2.028827e+000  9.101462e-001  2.384475e+000  2.641130e+000  1.004663e+000 -8.572613e-001  6.755157e-001  3.963091e-001  6.293689e-001  8.342755e-001 -3.913492e-001 -4.913063e-001  1.022558e-001  7.923142e-001 -3.473330e-001 -7.938874e-001 -1.507859e-001 -1.008718e+000  3.329819e-001
-1.255850e+001 -2.537521e+000  8.085798e+000 -1.695593e+001 -5.631770e+000  9.002282e+000 -1.092458e+001 -1.848429e+001 -6.447628e+000  3.072821e+000 -3.006734e+000 -5.235276e+000  3.858704e+001 -6.565043e-001 -1.856680e+000 -1.838081e+000  3.120699e-001 -8.597414e-001 -1.232399e+000 -8.256818e-001  1.201620e-001  3.820249e-001  4.790270e-001  2.371899e+000 -1.124318e-001 -3.158623e-001  6.746488e-001  7.820996e-001  8.230348e-001  1.029643e+000  4.318867e-001  3.481499e-001  1.209472e+000  1.459820e+000 -6.632389e-001 -1.171385e+000 -4.138290e-001 -7.103532e-001  2.629849e-001
-1.157265e+001 -4.599346e+000  3.480880e+000 -1.701249e+001 -6.480499e+000  1.223182e+001 -9.092192e+000 -1.713695e+001 -6.866230e+000  3.047684e+000 -2.363945e+000 -3.817254e+000  3.917107e+001  1.258149e-001 -1.027826e+000 -6.539954e-001  2.419237e+000  4.124610e-001 -8.930672e-001  6.844416e-001  1.760992e+000 -1.448614e-001 -1.856467e-001  1.603053e+000 -1.272794e+000 -1.281792e-001  3.463424e-001  8.226102e-001  1.026211e+000  8.574834e-001  8.348924e-001  4.791653e-001  1.058541e+000  9.284850e-001 -8.070128e-001 -1.087303e+000 -3.378001e-001 -3.012291e-001  1.199519e-001
-1.148816e+001 -3.782796e+000  5.576563e+000 -8.852060e+000 -3.973178e+000  1.043868e+001 -2.473932e+000 -9.480453e+000 -4.335461e+000 -1.281715e+000 -1.881805e+000 -5.092848e+000  3.905408e+001 -3.399105e-002 -6.432872e-002  2.603462e-001  2.114699e+000  1.337268e+000  6.690329e-001  2.671319e+000  2.594089e+000 -1.525983e+000 -1.721946e+000  1.538173e+000 -8.955841e-001 -3.019081e-001  2.323341e-002  4.243568e-001  5.925156e-001  7.318081e-002  5.935842e-001  2.623767e-001  1.808705e-001 -2.066402e-002 -9.189231e-001 -7.487721e-001 -5.756151e-001  1.700560e-001  2.469886e-002
-1.146417e+001 -4.258016e+000  7.366793e+000 -8.113606e+000 -4.262853e-001  1.202178e+001 -3.662642e+000 -9.880562e+000 -8.274332e+000 -1.369924e+000 -6.542664e-001 -7.170404e+000  3.803167e+001 -2.706141e-001  2.426850e-001  1.260702e+000  2.081029e+000  1.937018e+000  3.232301e-001  9.245353e-001  1.376635e+000 -2.170914e+000 -1.951554e+000  1.368992e+000 -1.099061e-001 -2.644791e-001 -1.246100e-002  4.393814e-002 -1.439652e-001 -4.786155e-001 -3.013973e-002 -4.010844e-001 -4.408180e-001 -3.832379e-001 -4.211563e-001 -3.686278e-001 -4.261826e-001  5.891840e-001  9.031250e-002
-1.278269e+001 -3.029829e+000  7.444573e+000 -1.083188e+001 -1.972535e+000  1.245247e+001 -2.827546e-001 -9.142035e+000 -1.337349e+001 -3.328103e+000  3.829293e+000 -8.036621e+000  3.764720e+001 -3.421227e-001 -3.701521e-001  1.671486e-001  8.470775e-001  1.345901e+000 -5.286638e-001 -4.137630e-002  2.090204e-001 -3.199564e+000 -2.381880e+000 -3.891458e-001  1.564043e-001 -1.242180e-001  2.501169e-001 -1.553383e-001 -5.682380e-001 -3.048296e-001 -6.803947e-001 -9.884579e-001 -6.022977e-001 -6.388581e-002  5.253592e-001 -2.124676e-001 -6.467660e-001  4.381478e-001  1.691715e-001
-1.227845e+001 -3.762404e+000  8.850385e+000 -5.617430e+000  2.204272e+000  1.284107e+001 -5.565104e+000 -1.042299e+001 -1.320179e+001 -5.686891e+000  1.625467e+000 -2.894898e+000  3.855211e+001  2.175757e-001 -6.552240e-001 -1.327222e+000  6.599697e-001  2.574463e-001 -2.299641e+000 -1.633008e-001  1.037337e+000 -1.413852e+000 -1.698819e+000  4.358003e-001  1.147131e+000  2.345383e-001  4.168449e-001  2.140951e-002 -6.804473e-001 -2.557793e-001 -9.144801e-001 -7.102308e-001  1.119347e-002  3.038648e-001  8.929647e-001 -1.046818e-001 -5.502943e-001  1.919331e-001  7.974468e-002
-1.279163e+001 -5.881363e+000  5.670510e+000 -5.864761e+000  1.441047e+000  7.385711e+000 -1.729583e+000 -8.164138e+000 -1.786956e+001 -1.103263e+001 -4.967401e+000 -6.448579e+000  3.817277e+001  9.724983e-001 -3.920656e-001 -1.286882e+000  1.301081e+000 -1.224919e+000 -2.961821e+000  2.037489e-001  2.444309e+000  7.222827e-001 -2.910651e+000 -1.229061e+000  6.666363e-001  2.944408e-001  4.560747e-001  5.478148e-001 -2.476291e-001  2.320882e-001 -5.039734e-001 -3.671668e-002  4.137121e-001  2.013615e-001  9.096648e-001  2.832671e-001  6.096181e-002  5.357070e-002 -1.038583e-001
-1.037182e+001 -6.108369e+000  1.617712e+000 -7.297318e+000 -8.458444e-001  3.056949e+000 -3.755732e+000 -5.182827e+000 -1.309556e+001 -6.011754e+000  5.923082e+000 -2.228769e+000  3.894158e+001  1.156300e+000  3.606892e-001 -1.414520e+000  5.751312e-001 -1.349972e+000 -2.011345e+000  8.579400e-001  1.778314e+000  3.329857e-001 -2.210577e+000 -9.625217e-001  5.946434e-001 -7.508507e-002  8.164743e-002  8.524061e-001  1.810955e-001  4.251844e-001  8.594632e-002  6.878210e-001  5.833331e-001 -3.740430e-001  3.884743e-001  7.344225e-001 -1.707546e-002 -2.980928e-001 -4.163234e-001
-8.873512e+000 -3.817175e+000  4.626500e+000 -3.486532e+000 -6.572072e+000  2.535424e+000 -1.686961e-001  4.594298e-001 -9.815189e+000 -1.771893e+001 -4.464817e+000 -5.036504e+000  3.892467e+001  1.468889e+000  1.860965e+000 -1.027348e+000  2.049938e+000 -3.702571e-001 -8.563949e-001  1.516564e+000  8.453391e-001  4.753404e-001 -7.096656e-001  6.148242e-001  7.005018e-001 -4.886978e-001 -3.314474e-001  7.741781e-001  2.807186e-001  3.168364e-001  5.556232e-001  6.876314e-001  4.152400e-001 -8.955023e-001  9.144191e-002  1.589086e+000  2.774335e-001 -4.673420e-001 -5.174336e-001
-8.456011e+000 -2.991052e+000  2.299791e+000 -3.930888e+000 -5.390315e-001  5.209489e+000 -2.055847e+000 -5.843198e+000 -1.556404e+001 -1.339663e+001 -3.438434e+000 -6.277187e-001  3.780074e+001  3.776177e-001  2.480291e+000 -5.515117e-001  2.411463e+000  2.598470e-001  8.675096e-002  2.096957e+000 -3.339346e-002  6.519902e-001  8.728008e-001 -5.715194e-001 -3.602653e-001 -1.455509e+000 -5.033971e-001  5.034370e-001  5.431753e-001 -5.074558e-002  2.867486e-001  2.702116e-001 -2.364842e-001 -4.730048e-001  1.679335e-001  1.067224e+000 -2.439623e-001 -6.633952e-001 -2.389450e-001
-6.405094e+000  1.864805e+000  1.927285e-001  2.701714e+000 -5.636449e-001  2.027466e+000  5.003295e+000 -3.607257e+000 -1.425861e+001 -1.088852e+001  2.787478e+000 -3.746595e+000  3.629970e+001 -2.953975e-001  2.419024e+000 -3.147927e-001  1.967097e+000  7.482873e-001 -5.727122e-001  1.660440e+000 -1.127349e+000  1.019990e+000  3.493092e+000 -3.739404e-002 -1.192619e+000 -1.602515e+000 -3.542296e-001  1.198996e-001  9.495286e-001 -6.159828e-001 -1.221190e-001 -2.685775e-001 -1.128208e+000 -2.243337e-001 -2.313669e-001  9.282104e-002 -7.609524e-001 -4.930658e-001  2.941534e-001
-9.717940e+000  3.452097e+000  1.077039e+000  1.665875e+000 -2.550823e+000  3.744683e+000  4.143058e+000 -3.316451e+000 -7.613896e+000 -5.062952e+000 -5.606631e-001 -4.675050e+000  3.297652e+001 -4.785423e-001  2.598845e+000  9.450788e-001  3.628238e-001 -4.755014e-001 -8.021287e-001 -3.964192e-001  3.996342e-001  9.003285e-001  1.024162e+000 -1.856224e+000 -1.775772e+000 -7.129017e-001  6.460274e-001 -4.385395e-001  7.951602e-001 -7.095934e-001 -8.414467e-001 -6.647559e-001 -1.473428e+000 -5.814077e-001 -7.731938e-001 -1.013444e+000 -3.660197e-001  2.764129e-002  1.130559e+000
