35 39
-8.622905e+000  2.125582e+000 -6.156608e+000 -4.060792e+000  7.977918e-001  1.305035e+000 -2.337462e+000 -5.904865e+000  3.945637e+000  3.876074e+000  1.435350e+000 -4.158961e+000  3.344723e+001 -1.746788e-002  2.570639e+000  2.661947e+000  9.101015e-001 -1.159509e+000 -2.369910e+000 -1.186655e+000 -2.822227e+000 -1.317142e+000 -1.658956e+000 -1.268294e+000 -4.456332e-001 -4.767586e-001  9.875277e-002  4.051749e-001  7.004072e-001  2.303216e-001 -7.893830e-001 -3.450732e-001 -2.926297e-001 -2.750498e-001 -9.702151e-001 -1.401386e+000 -1.062350e+000 -5.089138e-001  1.308146e-001
-1.040387e+001  6.835019e+000  9.181305e-001 -7.781991e-001  1.267248e+000  1.097106e+000  4.227614e-001 -9.315158e+000 -5.454224e+000 -3.293844e-001 -5.212749e-001  1.442890e+000  3.207314e+001  1.781408e-001  2.733333e+000  3.260346e+000  1.848118e+000 -1.222347e+000 -1.230859e+000 -1.706647e+000 -2.933002e+000 -3.009117e+000 -4.765779e+000 -3.650416e+000 -2.516101e+000 -2.226418e-001  1.067564e+000 -5.429536e-001 -5.540531e-001 -9.047719e-001 -7.757482e-001  7.888161e-002 -2.758337e-001  4.254773e-001 -7.346669e-001 -5.534635e-001 -4.846124e-001 -8.169499e-001  1.106304e+000
-9.792369e+000  5.644618e+000 -2.629967e+000  1.960027e+000  1.122040e+000 -2.427818e+000 -4.204409e+000 -1.500417e+001 -8.350992e+000 -1.001655e+001 -9.055347e+000 -8.832808e+000  3.229991e+001  2.739887e+000  1.560516e+000  1.008407e+000 -6.666580e-001 -2.467612e+000 -1.089759e+000 -2.098822e+000 -1.895064e+000 -4.477407e+000 -4.741068e+000 -3.888683e+000 -3.066455e+000  1.897541e+000  1.393451e+000 -1.017557e+000 -8.466688e-001 -1.719458e+000 -6.484703e-001  4.623257e-001  1.793745e-001  1.479121e+000  3.660822e-003  1.311909e+000  8.981489e-001 -1.134104e-001  1.664444e+000
-6.674796e+000  9.850718e+000  4.411866e+000  2.962597e+000 -1.005284e+000  1.612910e+000 -5.744985e+000 -1.343796e+001 -1.122671e+001 -1.603395e+001 -1.691207e+001 -1.325526e+001  3.388455e+001  4.873320e+000 -2.712933e-001 -3.356445e-001 -3.660332e+000 -3.372439e+000 -7.104310e-001 -1.681420e+000  7.117572e-001 -2.666671e+000 -8.461458e-001 -1.140836e+000 -2.890902e+000  4.480421e+000  8.204986e-001 -1.036463e+000 -1.059796e+000 -1.535427e+000 -4.164110e-001 -7.007450e-004  4.446219e-001  1.406679e+000  9.466594e-001  2.182575e+000  1.786549e+000  5.206891e-001  1.209544e+000
 3.211996e+000  8.420311e+000 -2.861439e+000 -9.264481e+000 -1.040400e+001 -4.401659e+000 -9.747701e+000 -1.331879e+001 -1.555515e+001 -1.197698e+001 -9.812664e+000 -1.214216e+001  4.202923e+001  4.602198e+000 -1.014833e+000  2.265980e-001 -4.932964e+000 -3.326814e+000 -3.184952e-001 -3.023959e-001  2.751001e+000 -1.470061e+000  2.940774e+000  1.967660e+000 -8.252848e-001  5.493930e+000 -5.920911e-001 -5.699247e-001 -3.539390e-001 -9.856725e-002  2.375548e-001  5.483571e-002  3.304661e-001  6.963449e-001  1.341625e+000  1.318136e+000  1.177194e+000  3.248079e-001 -7.023454e-003
 7.460546e+000  4.090706e+000 -6.443558e-001 -1.346761e+001 -9.831926e+000 -1.468128e+000 -5.212695e+000 -6.599065e+000 -1.518550e+001 -3.579897e+000 -5.846795e+000 -1.135695e+001  4.961058e+001  3.349479e+000 -1.161308e+000 -1.647729e+000 -3.695866e+000 -2.874800e+000 -1.619994e+000 -3.817509e-001  1.777359e+000  2.205071e-001  2.306175e+000  2.354158e+000 -1.033241e+000  4.026883e+000 -1.469450e+000 -9.578446e-002  9.382719e-003  8.792357e-001  6.156369e-001  1.557444e-001 -1.244140e-001 -2.927858e-001  8.194016e-001 -3.488505e-001 -3.758476e-002 -1.270337e-001 -9.791738e-001
 6.150948e+000  3.450459e+000  1.031134e+000 -1.448969e+001 -1.109871e+001 -2.479775e+000 -5.982533e+000 -4.668614e+000 -1.372191e+001 -1.539706e+000 -4.749686e+000 -1.390839e+001  5.190654e+001  5.413523e-001 -8.441002e-001 -1.052452e-001 -1.141728e+000 -1.528657e+000 -3.607984e-001 -1.096327e+000  1.053859e+000  7.871318e-001  2.734522e-001  2.497908e-001 -2.371247e+000  2.089192e+000 -1.333664e+000 -6.848103e-002  1.473300e-001  9.199930e-001  7.571164e-001  5.974123e-001 -3.825878e-001 -5.045275e-001  2.668890e-001 -1.076088e+000 -6.928738e-001 -4.040055e-001 -1.059049e+000
 8.603121e+000  6.529103e+000 -5.773066e+000 -1.290413e+001 -1.503193e+001 -7.448003e+000 -9.536323e+000 -8.876248e+000 -1.104080e+001 -9.721714e+000 -7.672772e+000 -1.753835e+001  4.908031e+001 -4.435067e-001 -8.355820e-001 -1.228092e-001 -1.159772e+000 -1.193333e+000  8.944247e-002 -1.906525e+000  9.639950e-002  3.017403e-001 -1.256737e+000 -4.698248e-001 -2.753090e+000  1.286921e+000 -7.859158e-001 -2.500704e-001  5.555582e-001  2.897996e-001  8.369669e-001  1.233548e+000 -2.972440e-002  1.702438e-001 -2.595841e-001 -4.733756e-001 -3.154722e-001  8.465891e-002 -4.322101e-001
 5.347470e+000  2.980611e+000 -8.233099e-001 -1.525486e+001 -1.544729e+001 -3.215714e+000 -1.306752e+001 -6.910900e+000 -1.369184e+001 -7.538815e+000 -7.650722e+000 -2.090769e+001  5.274033e+001 -1.696286e-001 -1.520101e+000  2.007880e-001 -1.601046e+000 -3.819659e-001  1.813848e+000 -1.452948e+000  1.068843e+000 -1.762329e-001 -6.582081e-001 -8.471756e-002 -1.985388e+000  1.568665e+000 -2.219337e-002 -3.020770e-001  2.066418e-002 -2.502998e-001  7.453724e-001  9.751500e-001  4.300791e-001  3.587772e-001 -3.967375e-001 -1.198459e-001  2.421240e-001  7.367182e-001 -4.134471e-002
 5.644752e+000  1.477199e-001 -3.311799e-001 -1.888388e+001 -1.362430e+001 -6.529461e-001 -1.120283e+001 -4.995925e+000 -1.369183e+001 -6.864028e+000 -6.745401e+000 -2.162274e+001  5.562829e+001 -2.246099e-001 -2.073659e+000  9.770452e-001 -2.017209e+000  7.366885e-001  3.460422e+000 -3.520623e-001  2.621086e+000 -5.957311e-001  4.051272e-001  9.440513e-001 -8.028755e-001  2.126096e+000  1.303491e-001 -1.919381e-001 -2.133107e-001 -1.924684e-001  7.448102e-001  6.188076e-001  5.171683e-001  2.000052e-001 -4.735818e-001 -2.192792e-001  3.142345e-001  1.075495e+000 -2.072662e-002
 6.781990e+000 -9.593550e-001 -6.858687e-001 -1.950504e+001 -1.371235e+001  3.191937e+000 -1.241402e+001 -1.264558e+000 -1.327756e+001 -6.259589e+000 -5.636960e+000 -2.179313e+001  5.647587e+001  3.209370e-001 -1.735446e+000 -5.518516e-001 -1.964508e+000  1.233194e+000  2.829462e+000  2.768376e-001  1.585402e+000 -7.478202e-001 -1.156710e+000  7.534726e-001  3.372375e-001  1.462881e+000 -1.480873e-002 -4.692350e-002 -3.364588e-001 -2.492934e-002  6.266964e-001  6.374359e-004  1.467232e-001 -4.574618e-001 -5.445817e-001 -5.130240e-001  1.469658e-001  1.076733e+000 -1.611384e-001
 6.762812e+000 -1.869211e+000 -9.565604e-001 -2.086508e+001 -1.221596e+001  6.650280e+000 -1.162338e+001  1.406011e+000 -1.422660e+001 -8.335690e+000 -3.959397e+000 -2.111001e+001  5.784302e+001 -3.704381e-002 -1.687600e+000 -8.130428e-001 -1.940383e+000  1.723138e+000  2.675673e+000 -1.855760e-001  8.381462e-001 -1.780375e+000 -2.103882e+000  6.822525e-001  1.463074e+000  1.236179e+000 -9.173879e-002 -8.179601e-002 -2.092308e-001  1.821248e-001  5.479746e-001 -5.250071e-001 -4.956805e-001 -9.650491e-001 -3.184454e-001 -2.753192e-001  6.404819e-002  7.322745e-001 -2.281683e-001
 6.393125e+000 -4.688155e+000 -3.269877e+000 -2.408681e+001 -9.985493e+000  7.279984e+000 -1.147305e+001 -2.184858e+000 -1.716356e+001 -1.258653e+001 -5.276361e+000 -1.947787e+001  5.894737e+001 -3.374553e-001 -1.947748e+000 -5.864620e-001 -1.764106e+000  2.258291e+000  2.209409e+000 -8.025753e-001 -3.269956e-001 -2.306820e+000 -1.968823e+000  7.810107e-001  2.265302e+000  1.207931e+000 -1.747719e-001 -2.278702e-001  2.080112e-001  4.757914e-001  5.725389e-001 -7.279174e-001 -1.044779e+000 -7.706330e-001  2.772814e-001  6.704683e-001  1.657050e-001  8.272903e-002 -6.628257e-002
 5.653965e+000 -6.425881e+000 -3.104390e+000 -2.629492e+001 -6.872045e+000  1.068140e+001 -1.260119e+001 -3.450442e-001 -2.065070e+001 -1.421997e+001 -3.514438e+000 -1.546500e+001  6.057344e+001 -3.541077e-001 -2.376488e+000 -5.180360e-002 -1.206786e+000  2.964013e+000  1.145412e+000 -2.290758e+000 -1.247961e+000 -1.408458e+000 -5.654122e-001  1.250523e+000  1.894465e+000  1.112730e+000 -1.070652e-001 -2.972317e-001  1.634175e-001  7.452140e-001  3.558719e-001 -1.240630e+000 -1.335716e+000 -5.333222e-001  1.061777e+000  1.203620e+000 -3.569963e-001 -7.914870e-001 -3.357001e-002
 5.649137e+000 -8.419762e+000 -2.544264e+000 -2.561065e+001 -5.092852e+000  1.222342e+001 -1.593799e+001 -2.024009e+000 -2.159960e+001 -1.316157e+001 -1.954385e+000 -1.328913e+001  6.115032e+001 -3.943905e-001 -2.530353e+000  1.075847e-001  4.764996e-002  3.475451e+000 -4.499445e-002 -3.894467e+000 -1.224709e+000  4.526287e-001  1.426397e+000  1.297862e+000  5.351874e-001  1.193193e+000 -9.582590e-002 -2.039866e-001  9.119165e-002  1.013591e+000 -1.289434e-002 -1.509736e+000 -1.023397e+000  1.394455e-001  1.626692e+000  1.100829e+000 -1.128887e+000 -1.070849e+000 -6.162834e-003
 5.364267e+000 -1.188585e+001 -1.578385e+000 -2.613708e+001  1.577870e-001  9.905622e+000 -2.084470e+001 -4.914219e+000 -1.905087e+001 -1.087523e+001  6.322312e-001 -1.473205e+001  6.230519e+001 -5.439023e-001 -2.882456e+000 -3.429787e-001  8.798090e-001  2.893918e+000 -2.400277e+000 -5.318210e+000 -1.379608e+000  2.148784e+000  2.216610e+000 -1.361155e+000 -1.629304e+000  1.075698e+000 -1.650840e-001 -2.767992e-003  1.026223e-001  1.045259e+000 -7.630608e-001 -1.476808e+000 -4.298041e-002  8.173998e-001  1.287892e+000  2.116915e-001 -1.830625e+000 -4.267262e-001 -2.738434e-002
 4.566021e+000 -1.460994e+001 -3.494956e+000 -2.392747e+001  3.876845e+000  7.442900e+000 -2.682363e+001 -6.023818e+000 -1.570033e+001 -7.126912e+000 -8.603835e-001 -1.716841e+001  6.404745e+001 -7.216874e-001 -2.714697e+000  1.508374e-002  2.260554e+000  2.228867e+000 -3.566428e+000 -4.405836e+000  4.360552e-001  4.048019e+000  2.144308e+000 -3.557584e+000 -1.327057e+000  1.195633e+000 -2.107512e-001  3.191729e-001  3.929087e-001  8.207654e-001 -1.398471e+000 -9.979127e-001  1.296607e+000  1.282757e+000  2.318127e-001 -6.278878e-001 -1.470408e+000  7.571864e-001 -9.470709e-002
 3.476011e+000 -1.774307e+001 -4.343937e+000 -2.273746e+001  3.112697e+000  1.070275e+000 -3.374942e+001 -5.243180e+000 -1.285642e+001 -6.154246e+000 -1.086721e+001 -2.167188e+001  6.450336e+001 -1.015879e+000 -2.298156e+000  5.075584e-001  2.913058e+000 -2.279997e-001 -4.477911e+000 -2.249976e+000  2.008656e+000  3.233305e+000  1.340895e-001 -5.474879e+000  6.919562e-001  9.745880e-001 -2.190870e-001  6.933517e-001  6.216079e-001  4.416996e-001 -1.618140e+000 -1.071924e-001  2.353553e+000  1.234023e+000 -1.052101e+000 -8.598731e-001  2.548742e-003  1.714396e+000 -1.230278e-001
 2.984828e+000 -1.906464e+001 -1.086069e+000 -1.600769e+001  4.574029e+000 -1.191044e+000 -3.151481e+001  3.207475e-001 -4.456728e+000 -4.800520e+000 -1.399258e+001 -1.645450e+001  6.602940e+001 -1.212158e+000 -1.226638e+000  1.646860e+000  3.134853e+000 -1.955945e+000 -3.995741e+000  1.054452e+000  3.494944e+000  1.069431e+000 -6.717815e-001 -3.997316e+000  3.160489e+000  7.702125e-001 -2.281424e-001  9.114169e-001  3.614580e-001 -3.268266e-001 -1.545671e+000  4.797823e-001  2.228736e+000  2.766978e-001 -2.104895e+000 -5.704516e-001  1.145335e+000  1.253200e+000 -2.095789e-001
 1.075469e+000 -2.114928e+001 -2.450364e-001 -1.553169e+001 -1.330803e+000 -8.166963e+000 -2.974899e+001  1.956777e+000 -8.506143e+000 -1.136798e+001 -2.017607e+001 -1.162923e+001  6.618716e+001 -1.394102e+000 -1.597271e-001  1.949173e+000  2.651158e+000 -3.104375e+000 -2.721583e+000  3.719413e+000  3.261060e+000 -1.622426e+000 -6.747107e-001 -1.128545e+000  4.698905e+000  6.732696e-001 -1.326422e-001  1.043168e+000 -2.068130e-002 -8.201778e-001 -8.487396e-001  9.004785e-001  1.380715e+000 -5.956085e-001 -1.718470e+000  9.482472e-002  1.793580e+000  1.265959e-001 -2.419969e-001
-2.944981e-001 -1.904002e+001  2.689891e+000 -1.185610e+001 -3.681129e+000 -7.917186e+000 -2.355159e+001  7.850925e+000 -1.252831e+001 -7.878952e+000 -1.619254e+001 -6.387290e+000  6.705662e+001 -1.673288e+000  7.731724e-001  1.101567e+000  7.573708e-001 -4.061298e+000 -2.045681e+000  3.753152e+000  1.193342e+000 -4.048589e+000 -3.035497e-001 -4.078197e-003  2.935469e+000  2.983971e-001  1.398674e-001  9.634985e-001 -3.519078e-001 -1.058725e+000 -1.740552e-001  7.540672e-001  6.505863e-002 -1.136069e+000 -8.190728e-001  2.722876e-001  1.221149e+000 -8.117736e-001 -4.131604e-001
-1.854835e+000 -1.855402e+001  3.513947e+000 -1.155747e+001 -8.281601e+000 -9.174567e+000 -1.913397e+001  7.297032e+000 -1.693275e+001 -7.988584e+000 -1.540996e+001 -3.210958e+000  6.735610e+001 -1.448525e+000  1.917778e+000  6.767984e-001  9.099006e-004 -3.419021e+000 -9.505481e-001  3.304251e+000  1.814146e-001 -2.800032e+000  4.240972e-001  1.496404e+000  1.437446e+000  5.111694e-004  6.935960e-001  1.111382e+000 -3.614083e-001 -5.804057e-001  2.096749e-001  5.389632e-001 -4.398150e-001 -1.676804e+000  1.826010e-001  2.557286e-001  8.584191e-001 -1.007661e+000 -8.593098e-001
-3.916461e+000 -1.649641e+001  2.542271e+000 -1.420794e+001 -1.225706e+001 -1.091565e+001 -1.805657e+001  3.617329e+000 -2.048637e+001 -8.007967e+000 -1.639603e+001 -5.986289e+000  6.693691e+001 -4.856093e-001  2.552102e+000  5.235080e-001 -8.336463e-001 -2.668898e+000 -1.110922e+000  1.587326e+000 -6.455784e-001 -2.437129e+000  1.402526e-001  7.959563e-001  7.323511e-001 -9.592102e-001  1.177097e+000  1.059627e+000 -3.503357e-001  4.641273e-001  1.213187e-001  4.506194e-001 -8.007228e-002 -2.276139e+000  9.194059e-001  7.933119e-003  8.118224e-001 -4.859190e-001 -1.192817e+000
-4.356176e+000 -1.283220e+001  3.212766e+000 -1.435121e+001 -1.413794e+001 -1.142047e+001 -1.597524e+001  4.980648e+000 -1.852728e+001 -9.182987e+000 -1.259230e+001 -4.642502e+000  6.624957e+001  1.480039e+000  4.507716e+000  4.311610e-001  5.446378e-001 -2.752201e+000 -4.941460e-001  2.603251e+000 -4.203498e+000 -1.515150e+000  3.820314e-001  2.763533e+000  7.621589e-001 -2.994476e+000  1.142156e+000  6.514330e-001 -5.145792e-001  1.012388e+000 -2.369406e-001  3.198091e-001  4.031304e-001 -2.706161e+000  9.462978e-001 -1.436653e-001  4.852078e-001 -3.883878e-001 -1.142048e+000
-1.471874e+000 -9.140424e+000  5.458022e+000 -1.462746e+001 -1.409745e+001 -1.234884e+001 -1.719432e+001  5.781225e+000 -2.391670e+001 -6.580487e+000 -1.362159e+001 -2.009763e+000  6.281383e+001  2.747916e+000  4.776340e+000 -5.272932e-001  2.806143e+000 -3.788115e+000 -2.078504e-002  3.703290e+000 -7.994896e+000 -9.399986e-002 -2.428512e-001  3.421469e+000  8.435176e-001 -4.168196e+000  4.872979e-001  6.013918e-002 -5.440140e-001  9.606715e-001 -2.776303e-001  3.871292e-001  7.083275e-001 -1.846580e+000  1.216133e+000 -1.229584e-001  1.583107e-001 -4.237316e-001 -4.756244e-001
 4.323065e+000  3.065699e-001  4.211877e+000 -8.624527e+000 -2.112241e+001 -1.092870e+001 -6.548834e+000 -1.480240e+001 -2.279334e+001 -6.792167e+000 -2.979512e+000 -1.388426e+000  5.444526e+001  2.645489e+000  4.062823e+000 -1.370697e+000  3.242957e+000 -4.044116e+000  1.034287e-001  4.261921e+000 -9.674734e+000  7.598919e-001 -1.026772e-001  2.609686e+000 -5.600765e-001 -4.105235e+000 -3.969564e-001 -8.049338e-001 -2.892013e-001  5.997895e-002  3.261534e-001  2.395180e-001  1.696546e-001  7.634484e-001  9.391236e-001 -5.281212e-002 -9.274800e-001 -2.510778e-001  5.437540e-001
 5.483501e+000  8.159116e-001 -5.937505e-001 -3.040571e+000 -2.770540e+001 -1.126546e+001 -4.253319e+000 -2.646563e+001 -1.882333e+001 -1.041763e+001 -4.095078e+000 -3.395738e+000  5.199809e+001  1.368155e+000  3.075244e+000 -1.295633e+000  2.620552e+000 -3.411092e+000  5.259363e-001  4.299628e+000 -7.142860e+000  2.506014e+000 -2.321851e-001  1.664433e+000 -7.251890e-001 -2.781953e+000 -8.623894e-001 -1.109364e+000  1.102983e-001 -9.238313e-001  9.384542e-001 -1.645803e-003 -3.518182e-001  2.850470e+000  1.324760e-001 -1.221236e-001 -1.388395e+000 -1.207775e-001  1.045863e+000
 5.393583e+000  2.503749e+000 -6.148335e-001 -3.929875e+000 -2.755454e+001 -1.144502e+001 -1.136135e+000 -2.726959e+001 -1.727450e+001 -7.777800e+000 -4.307127e+000 -6.749897e+000  5.113127e+001  1.851373e-001  1.333595e+000 -6.306757e-001  9.373284e-001 -1.309945e+000  4.300835e-001  3.153356e+000 -8.122740e-001  1.880461e+000  1.126378e-001 -9.953486e-001  2.911230e-001 -9.688271e-001 -9.084551e-001 -1.218425e+000  4.536583e-001 -1.222545e+000  1.390334e+000 -2.463584e-001 -1.032826e+000  3.503559e+000 -1.400069e-001 -2.341696e-001 -1.290818e+000  9.767543e-002  1.093065e+000
 4.833642e+000  5.137206e+000  1.393211e+000 -3.872025e+000 -2.793684e+001 -9.461000e+000  1.597472e+000 -2.369948e+001 -1.414605e+001 -7.248596e+000 -4.635613e+000 -2.954973e+000  5.056106e+001 -3.338543e-001  5.941367e-001 -3.458122e-001 -6.601990e-001 -4.629293e-001 -1.923414e-001  2.498482e+000  1.826224e+000  8.095836e-003 -9.611267e-001 -1.717987e+000 -1.859697e-001 -5.070854e-001 -8.601832e-001 -1.431315e+000  6.650170e-001 -1.223950e+000  1.734012e+000 -3.651778e-001 -1.490326e+000  3.028361e+000 -1.980858e-001 -7.175697e-002 -8.353597e-001  1.401629e-001  1.083046e+000
 5.573682e+000  4.813897e+000  6.501716e-002 -3.522158e+000 -2.755642e+001 -9.680511e+000  6.292548e+000 -2.024685e+001 -1.572968e+001 -7.813497e+000 -7.685987e+000 -1.531937e-001  5.031964e+001 -1.045781e+000 -7.887469e-001  4.226839e-001 -1.229391e+000  1.433475e+000 -7.692245e-001 -1.636481e-003  3.358521e+000  1.308816e+000 -9.090542e-001 -2.153194e+000 -3.413090e-001  2.226559e-001 -7.922927e-001 -1.496874e+000  5.671125e-001 -7.260270e-001  1.441693e+000  1.763161e-001 -1.557445e+000  2.063800e+000  3.589849e-001  5.675697e-001  2.500253e-001  2.153890e-001  1.043916e+000
 3.724180e+000  2.631521e+000 -2.662737e+000 -6.545424e+000 -3.001911e+001 -1.310942e+001  4.524749e+000 -2.084588e+001 -1.955527e+001 -1.520542e+001 -1.099558e+001 -7.623938e+000  4.986848e+001 -2.317302e+000 -3.020161e+000  1.502772e+000 -2.415840e+000  3.887258e+000 -7.002985e-001 -1.574507e+000  5.913548e+000  1.801407e+000 -8.012400e-002 -1.933443e+000  2.918413e-001  2.037537e+000 -6.236101e-001 -1.295790e+000  2.541680e-001  5.384304e-002  8.378314e-001  1.237539e+000 -1.176146e+000  1.604185e+000  3.613687e-001  1.207496e+000  7.708380e-001  5.906861e-001  8.236257e-001
 7.194068e-001 -1.871436e-001  3.526560e+000 -8.740132e+000 -1.934603e+001 -1.346693e+001 -2.607956e+000 -1.190379e+001 -8.025812e+000 -8.344660e+000 -1.189311e+001 -6.121960e+000  5.259084e+001 -2.784602e+000 -4.343625e+000  1.280595e+000 -1.814986e+000  3.723424e+000  1.565642e+000 -2.597375e+000  7.463062e+000  2.778730e+000  2.509985e+000  3.625062e-001  1.129163e+000  2.978440e+000 -1.017266e-001 -7.030997e-001 -3.769037e-001  6.123027e-001 -4.647539e-001  1.694934e+000 -2.252067e-001  3.556894e-001 -8.056971e-001  6.493621e-001  7.899425e-001  3.531312e-001  2.376046e-001
-4.325730e+000 -7.463078e+000  7.176300e+000 -1.334224e+001 -1.260575e+001 -1.106928e+001 -1.824809e+000  1.696733e+000 -8.990948e+000 -7.383634e+000 -1.219926e+001  1.488616e+000  5.961315e+001 -2.582495e+000 -4.107377e+000  4.960723e-001 -9.818649e-002  2.581253e+000  4.827921e+000 -2.084379e+000  7.794879e+000  1.079983e+000  3.366832e+000  8.783536e-001  2.032225e+000  2.233151e+000  5.130112e-001  3.332485e-001 -6.630094e-001  1.106153e+000 -1.337891e+000  1.220626e+000  4.348960e-001 -1.287554e+000 -1.304346e+000 -2.536145e-001  4.947512e-001 -1.738635e-001 -7.423874e-001
-4.324373e+000 -1.185693e+001  1.548472e+000 -9.198682e+000 -1.764598e+001 -2.872370e+000 -3.519547e+000  5.797154e+000 -7.118188e+000  8.255351e-001 -5.271614e+000  9.363431e-001  6.033950e+001 -1.421818e+000 -3.760638e+000 -9.584845e-001  6.732951e-001 -2.372920e-001  4.941333e+000 -8.727337e-001  4.196302e+000 -2.358957e+000  6.142786e-001  3.906208e-001  5.541549e-001  1.312872e+000  7.170943e-001  9.657710e-001 -2.551465e-001  6.315983e-001 -8.822521e-001 -2.549572e-001  1.050215e+000 -2.202024e+000 -9.906104e-001 -1.111988e+000 -6.842330e-002 -3.879695e-001 -8.759258e-001
-6.666403e+000 -1.207047e+001  8.066686e-001 -6.807082e+000 -1.796288e+001  5.732901e+000 -5.441352e+000  9.278042e+000 -1.460916e+001 -2.956356e+000 -9.914560e+000 -9.919637e-001  5.715990e+001 -4.336379e-001 -1.645412e+000 -6.927354e-001  1.870787e+000 -8.218372e-001  3.714985e+000 -2.623471e-001  1.109159e+000 -2.151481e+000 -4.003433e-001  5.262560e-001 -2.899722e-001 -8.416157e-001  6.576037e-001  1.078893e+000  2.024772e-001 -2.017727e-001 -1.730932e-001 -1.772965e+000  1.197424e+000 -2.473444e+000  3.386597e-001 -1.020294e+000 -5.819098e-002 -3.597434e-001 -2.414643e-001
