49 39
 3.474281e+000 -3.602734e+000 -2.175516e+000 -2.115625e+000 -1.348640e+001 -4.849725e+000 -1.623380e+001 -1.844658e+001 -1.186189e+001 -5.035521e+000 -1.450784e+001 -2.045957e+001  5.395349e+001  4.605538e-001 -1.228784e+000 -8.380280e-001 -8.833033e-001  2.778981e+000  1.688346e+000 -9.578476e-001  8.896421e-001 -2.402772e+000  5.452509e-001  2.657812e+000  6.912689e-002  3.829304e-001  6.353879e-002  2.388584e-001  2.719427e-001 -1.818518e-001 -2.971227e-001  2.405245e-001  7.776013e-001  3.138736e-001 -7.082636e-001 -6.256104e-001  1.068233e-001  2.533294e-001 -1.818335e-001
 3.810474e+000 -5.292486e+000 -3.045547e+000 -4.495634e+000 -1.133448e+001 -1.786761e+000 -1.617577e+001 -1.750403e+001 -1.435300e+001 -1.000695e+001 -7.799997e+000 -1.912539e+001  5.461749e+001  3.758363e-001 -5.693293e-001 -4.936633e-001 -1.071108e+000  2.074821e+000  1.817609e+000  5.392799e-001  7.845295e-001 -3.496759e+000 -3.658795e-001  2.959868e+000  1.676992e-001  7.858849e-002  1.514578e-002  5.035807e-001  3.657043e-001  1.101824e-001 -7.789962e-001  3.709233e-003  9.196263e-001  3.359282e-002 -2.027231e-001 -2.377826e-001 -8.020797e-001  1.394462e-001 -3.053247e-001
 4.681634e+000 -4.928679e+000 -2.373176e+000 -6.603850e+000 -8.624200e+000 -9.808882e-002 -1.477736e+001 -1.657443e+001 -1.990117e+001 -9.139932e+000 -8.060275e+000 -2.014054e+001  5.331588e+001  3.883301e-001  3.375304e-001  1.501289e-001 -1.053163e+000  5.270653e-001  1.938349e+000  2.187119e+000  6.957779e-001 -3.322426e+000 -6.920742e-001  1.367910e+000  3.271021e-001 -3.690994e-001 -2.878001e-002  4.717397e-001  3.367819e-001  3.481220e-001 -9.793563e-001 -1.282320e-001  6.341895e-001 -8.295162e-002  7.960104e-001  5.243295e-002 -1.048419e+000  2.153747e-001 -2.054406e-001
 4.486474e+000 -3.513454e+000 -2.329369e+000 -6.210959e+000 -9.721087e+000  1.452372e+000 -1.097064e+001 -1.549701e+001 -2.445711e+001 -9.166714e+000 -7.133064e+000 -1.966774e+001  5.321708e+001  3.868667e-001  6.913007e-001  2.660865e-001  1.279107e-001 -3.627523e-001  1.505305e+000  2.022706e+000  4.598866e-001 -1.751360e+000  4.515440e-001 -6.011071e-001  4.786001e-001 -5.718067e-001 -9.362256e-003  1.630220e-001  2.447296e-001  2.519149e-001 -6.829003e-001 -3.428889e-001 -5.113028e-002  9.217341e-002  1.507921e+000  2.579468e-001 -9.690045e-001  2.401047e-001 -4.966171e-002
 5.077931e+000 -2.804598e+000 -1.782961e+000 -6.523777e+000 -1.165777e+001  3.222454e+000 -7.900769e+000 -1.597119e+001 -2.342196e+001 -8.916010e+000 -8.001754e+000 -1.855289e+001  5.280820e+001  3.111385e-001  4.995993e-001  4.660068e-001  2.577975e-001 -8.990141e-001  1.203338e+000  1.471387e+000  6.372055e-001  7.045803e-001  3.987039e-001 -8.037966e-001  9.905500e-001 -3.190750e-001 -1.516951e-002 -7.743356e-002  9.657035e-002 -6.563775e-002 -2.316443e-001 -4.977886e-001 -4.991148e-001  3.305698e-001  1.499323e+000  2.111557e-001 -2.972932e-001  1.064873e-001  1.052877e-001
 5.546659e+000 -2.898023e+000 -2.010222e+000 -3.896117e+000 -1.163146e+001  4.079492e+000 -9.500536e+000 -1.550621e+001 -2.134941e+001 -7.861190e+000 -1.083479e+001 -1.752622e+001  5.201229e+001  3.676209e-001  1.647463e-001  5.720456e-001 -4.670133e-001 -6.266414e-001  4.706704e-001  6.414945e-001  1.274683e+000  2.029340e+000  3.784657e-001 -7.993013e-001  1.036499e+000 -1.947323e-001  2.205318e-002 -1.034370e-001 -5.020785e-003 -5.155172e-001 -6.704708e-002 -4.974700e-001 -3.980252e-001  4.528552e-001  9.081628e-001  2.381345e-002  3.227830e-001 -7.142206e-002  1.438129e-001
 5.707234e+000 -2.738397e+000 -2.027153e-001 -6.472283e+000 -1.216409e+001  4.605043e+000 -8.155482e+000 -1.338380e+001 -1.793212e+001 -7.799174e+000 -1.022839e+001 -1.625855e+001  5.232290e+001  3.221055e-001  2.136399e-001  4.800011e-001 -1.083890e+000 -4.992120e-001 -3.327708e-002  3.821506e-001  1.941229e+000  2.283840e+000  4.002434e-001 -1.945858e-002  5.805893e-001 -3.119812e-002  8.320176e-002 -2.882671e-002 -2.404930e-001 -5.066946e-001 -3.687888e-002 -2.933166e-001 -1.857382e-001  2.979532e-001  2.231910e-001 -6.842518e-003  3.933647e-001 -1.723270e-001  9.097134e-002
 6.009926e+000 -2.722823e+000 -2.592635e-001 -8.571773e+000 -1.260114e+001  3.114429e+000 -7.635816e+000 -1.041730e+001 -1.705533e+001 -7.832803e+000 -1.001625e+001 -1.563241e+001  5.248607e+001  4.916492e-001  3.170955e-001  2.339854e-001 -1.778831e+000 -8.978888e-001 -3.637377e-001  5.771984e-001  2.072151e+000  1.999824e+000  5.698415e-001  6.206390e-001  3.264702e-001  3.319550e-003  1.153800e-001 -5.728837e-002 -3.868567e-001 -2.946084e-001 -3.718317e-002  1.292506e-001 -3.506328e-002 -6.251981e-002 -8.078203e-002 -1.977664e-001  2.923156e-001  5.457462e-002  7.771229e-002
 6.456825e+000 -1.823999e+000 -2.584342e-001 -9.605398e+000 -1.366899e+001  3.538599e+000 -6.922376e+000 -8.809507e+000 -1.414981e+001 -6.928987e+000 -8.508318e+000 -1.659684e+001  5.241532e+001  6.651332e-001  2.792911e-001 -5.674279e-001 -1.619766e+000 -9.477848e-001  1.539596e-001  5.748436e-001  1.728237e+000  1.835293e+000  2.688034e-001  4.530568e-001  4.839295e-001  3.675575e-002  1.038031e-001 -2.464727e-001 -3.639004e-001 -1.602421e-001  3.178181e-001  4.353746e-001 -2.284295e-001 -3.874863e-001 -2.109185e-001 -3.840334e-001  3.632220e-001  1.827877e-001  8.870960e-002
 7.630109e+000 -1.769745e+000 -8.124356e-001 -1.122372e+001 -1.536845e+001  2.794025e+000 -7.231097e+000 -7.432606e+000 -1.324144e+001 -5.447076e+000 -8.591636e+000 -1.572472e+001  5.198268e+001  7.730069e-001 -1.545212e-001 -8.385235e-001 -1.672117e+000 -5.882708e-001  1.023305e+000  3.698316e-001  1.068580e+000  1.849703e+000 -5.446463e-001  4.260189e-001  1.357702e+000  1.598522e-001  1.256919e-002 -3.628988e-001 -2.558840e-001  5.547823e-002  8.396697e-001  5.090180e-001 -5.718146e-001 -5.640509e-001 -2.006647e-001 -4.420760e-001  6.542065e-001  7.978458e-002  1.034045e-001
 8.222809e+000 -1.818480e+000 -2.763269e+000 -1.324514e+001 -1.551935e+001  5.535044e+000 -5.483624e+000 -6.234963e+000 -1.066259e+001 -7.648020e+000 -8.675417e+000 -1.379275e+001  5.275837e+001  7.004423e-001 -7.829151e-001 -8.032465e-001 -1.938458e+000  9.350694e-001  1.450074e+000 -6.563135e-001  5.055828e-001  1.304308e+000 -9.626795e-001  1.893961e+000  9.789118e-001  3.340836e-001 -6.771564e-002 -3.153893e-001 -1.130294e-001  3.394679e-001  1.057970e+000  2.699822e-001 -9.433112e-001 -4.886796e-001 -2.783435e-001 -9.406701e-002  8.364080e-001 -2.309555e-001  4.409916e-002
 8.991969e+000 -3.498188e+000 -3.199464e+000 -1.511249e+001 -1.461731e+001  7.232733e+000 -6.506034e+000 -6.361670e+000 -9.550420e+000 -1.019652e+001 -7.802607e+000 -1.024595e+001  5.311381e+001  5.368406e-001 -9.662954e-001 -9.275253e-001 -1.342095e+000  2.359033e+000  1.533295e+000 -1.666296e+000 -1.367761e-001  1.261994e+000 -1.024797e+000  3.171219e+000  4.779019e-001  3.716782e-001 -1.516597e-001 -5.999246e-002 -8.261881e-002  6.669640e-001  8.834037e-001 -1.028894e-001 -9.047654e-001 -2.564341e-001 -3.048237e-001  4.130901e-001  3.741153e-001 -5.144468e-001 -3.260075e-002
 9.278107e+000 -4.874353e+000 -3.081152e+000 -1.735330e+001 -9.369212e+000  8.569617e+000 -1.056647e+001 -6.817061e+000 -9.473779e+000 -9.367663e+000  5.669746e-001 -1.444167e+001  5.352017e+001  4.446382e-001 -8.917685e-001 -1.088074e+000 -8.743791e-002  2.868414e+000  1.248876e+000 -3.123648e+000 -1.124829e-001  7.374308e-001  3.854370e-002  3.262497e+000 -2.309483e-001  1.513386e-001 -2.097256e-001  1.825832e-001 -2.041807e-002  8.367918e-001  1.906408e-001 -3.109331e-001 -4.167279e-001  2.452882e-002 -1.894105e-001  6.289067e-001 -7.114202e-001 -3.210629e-001 -7.193314e-002
 9.786663e+000 -5.073286e+000 -5.291121e+000 -1.588011e+001 -6.648356e+000  8.943213e+000 -1.302115e+001 -7.825438e+000 -7.525882e+000 -9.711240e+000  2.643262e+000 -1.301075e+001  5.346017e+001  1.426104e-001 -4.000568e-001 -1.109204e+000  7.371930e-001  2.862076e+000  6.094577e-001 -2.920328e+000  9.544182e-002  6.090233e-001  1.020192e+000  1.612328e+000 -6.096023e-001  8.822098e-002 -2.309114e-001  1.898338e-001  2.155122e-001  5.182394e-001 -3.495644e-001 -4.148363e-001  1.128816e-001  2.910061e-001 -1.676296e-001  6.193169e-001 -1.399191e+000 -2.362879e-001 -4.421158e-002
 1.004865e+001 -5.489774e+000 -7.157810e+000 -1.329852e+001 -5.161758e+000  1.092418e+001 -1.784431e+001 -6.065494e+000 -7.987708e+000 -7.697941e+000  2.414133e+000 -1.356509e+001  5.334188e+001 -1.510706e-001 -1.531184e-001 -8.144976e-001  1.205858e+000  1.636752e+000  3.573275e-001 -2.112937e+000  5.121179e-001  6.837403e-001  1.159359e+000 -8.836943e-001 -8.265076e-002  1.161465e-001 -2.031705e-001  5.484545e-002  3.896260e-001  7.596640e-002 -5.224000e-001 -4.038805e-001  5.280749e-001  2.487155e-001  6.110194e-003  2.806941e-001 -1.328583e+000 -1.580404e-001  1.527439e-002
 9.319748e+000 -5.190762e+000 -6.707154e+000 -1.345391e+001 -2.410656e+000  9.102739e+000 -1.746876e+001 -6.260245e+000 -7.248339e+000 -5.930417e+000 -6.645461e-001 -1.373225e+001  5.364406e+001 -3.198619e-001 -3.864512e-001  1.324749e-002  6.024548e-001  1.227042e+000 -9.511252e-002 -1.607244e+000  1.005954e+000  4.506907e-001  1.511380e+000 -1.751639e+000 -7.776863e-001  1.682163e-001 -1.046167e-001 -1.567674e-001  3.748971e-001 -1.182301e-001 -4.768064e-001 -2.619095e-001  3.659004e-001  1.448636e-001  1.600896e-001 -6.320385e-002 -6.338851e-001 -2.183505e-001  2.860668e-002
 8.756211e+000 -5.581207e+000 -6.445623e+000 -1.253711e+001 -3.304302e+000  1.027649e+001 -1.890736e+001 -5.039068e+000 -6.193849e+000 -5.461278e+000 -2.197593e+000 -1.449417e+001  5.400896e+001 -3.399780e-001 -6.243441e-001  2.988304e-001  3.597631e-001  1.073931e+000 -4.182420e-001 -1.139817e+000  6.758387e-001  8.471481e-001  1.196420e+000 -1.698437e+000 -9.371084e-001  1.877129e-001 -6.490640e-002 -1.632347e-001  1.903992e-001 -8.513447e-002 -2.009207e-001 -3.472199e-001  2.670773e-001  4.873877e-002  2.068549e-001 -2.540636e-001 -6.617475e-002 -8.697619e-002  3.240703e-002
 8.833574e+000 -6.959825e+000 -5.580976e+000 -1.324854e+001 -1.441875e+000  8.791495e+000 -2.052584e+001 -3.308881e+000 -6.169358e+000 -3.272671e+000 -3.809069e+000 -1.643464e+001  5.396771e+001 -2.860192e-001 -9.482808e-001  2.086177e-001  5.690897e-001  7.594543e-001 -3.123049e-001 -1.577386e+000  7.378992e-001  1.327768e+000  6.856427e-001 -1.149726e+000 -1.274126e+000  1.954712e-001 -5.268577e-002 -5.517223e-002  1.800949e-002  1.071981e-001 -2.000246e-001 -3.805972e-001  3.229683e-001  1.153321e-001  2.009646e-001 -4.348810e-001 -8.128022e-002  4.053016e-001  2.712047e-002
 8.591849e+000 -7.726963e+000 -6.226747e+000 -1.160239e+001 -2.764940e-001  8.988594e+000 -2.201485e+001 -4.161982e+000 -4.291457e+000 -3.044713e+000 -4.505789e+000 -1.689944e+001  5.411862e+001 -4.925239e-001 -6.883770e-001  3.981328e-002  7.968678e-001  8.659422e-001 -1.270176e+000 -7.924792e-001  8.898391e-001  1.279476e+000  3.019099e-001 -1.515524e+000 -2.693119e-001  2.645542e-001 -4.336608e-002 -2.542728e-003  9.551511e-002  1.072655e-001 -2.597208e-001 -4.373986e-001  4.507297e-001  4.024755e-001  1.247968e-002 -5.244673e-001 -1.763848e-001  7.058848e-001  1.905063e-002
 7.971833e+000 -8.859287e+000 -5.773504e+000 -1.107582e+001 -1.272891e-001  8.185163e+000 -2.380195e+001 -3.009292e+000 -1.560696e+000 -3.710486e+000 -5.259079e+000 -1.890025e+001  5.456659e+001 -5.070178e-001 -6.302959e-001  2.328035e-001  9.198931e-001  3.309128e-001 -1.572132e+000 -1.660706e-001  1.475614e+000  1.239349e+000 -2.157699e-001 -2.249496e+000  9.149237e-001  2.653980e-001 -1.604845e-002  5.657319e-002  2.403932e-001  1.822009e-002 -3.417411e-001 -4.180015e-001  7.084892e-001  4.329970e-001 -2.214874e-001 -5.826924e-001 -1.040233e-001  8.271643e-001 -7.942391e-003
 6.724463e+000 -8.073360e+000 -6.150293e+000 -9.639132e+000  3.681159e-001  4.228779e+000 -2.123170e+001 -7.396672e-001 -2.100800e+000 -3.732821e+000 -9.050209e+000 -1.460793e+001  5.503230e+001 -4.463091e-001 -7.960502e-001  7.643131e-001  7.206891e-001 -1.040225e-002 -1.975322e+000  4.081741e-001  2.319359e+000  9.537556e-001 -9.752100e-001 -2.030476e+000  1.497791e+000  2.480026e-001  3.008629e-002  4.409573e-002  3.071924e-001 -1.137679e-002 -4.808228e-001 -1.669561e-001  5.696010e-001  2.680745e-001 -3.890164e-001 -5.464662e-001  2.598152e-001  4.150991e-001 -4.389042e-002
 7.232179e+000 -9.938106e+000 -4.455186e+000 -9.630704e+000 -1.096166e-001  3.310744e+000 -2.174777e+001  2.358034e+000 -1.067940e+000 -4.007466e+000 -1.278434e+001 -1.300578e+001  5.483786e+001 -3.893689e-001 -6.115782e-001  1.048334e+000  6.982795e-001 -5.110792e-001 -2.049739e+000  1.364733e+000  2.188125e+000  3.831909e-001 -1.589260e+000 -1.412367e+000  1.978144e+000  1.640350e-001 -4.244721e-002  1.559182e-001  2.151495e-001  2.339686e-002 -4.799799e-001 -4.211039e-002  4.850224e-001 -1.210462e-001 -6.312305e-001 -2.887239e-001  6.097913e-001  2.371139e-002 -2.619091e-002
 6.730131e+000 -1.116780e+001 -3.064341e+000 -8.721505e+000 -3.373415e-001  1.549195e+000 -2.100106e+001  4.751150e+000  2.309421e-001 -7.772273e+000 -1.089554e+001 -1.235772e+001  5.522299e+001 -4.009169e-001 -4.772572e-001  1.168010e+000  8.507907e-001 -1.117176e+000 -1.866152e+000  1.290124e+000  1.873956e+000 -2.375264e-001 -1.743676e+000 -6.350128e-001  1.274574e+000  9.578361e-002 -1.096856e-001  2.929217e-001  1.244442e-001  2.997144e-002 -5.043641e-001  1.235012e-001  2.621006e-001 -3.377844e-001 -7.643904e-001  1.050350e-001  5.397229e-001 -4.976373e-002 -1.280433e-002
 6.022154e+000 -1.036996e+001 -2.074811e+000 -8.043241e+000 -2.329956e+000 -7.237395e-001 -1.709360e+001  5.185924e+000 -8.106129e-001 -9.637059e+000 -1.139825e+001 -1.013463e+001  5.529141e+001 -7.419500e-001 -1.010132e-002  1.106702e+000  9.718266e-001 -1.515600e+000 -1.837268e+000  1.818066e+000  1.093085e+000 -1.321162e+000 -1.275156e+000  1.017291e-001  1.145089e+000  2.105530e-001 -1.024769e-001  3.314350e-001  1.265837e-001 -5.849896e-002 -3.592976e-001  1.005736e-001 -1.941321e-002 -2.053231e-001 -7.399002e-001  4.452254e-001  3.640328e-001  1.746016e-002 -3.722397e-002
 5.324890e+000 -1.024372e+001 -1.500430e+000 -6.178910e+000 -4.107592e+000 -3.084740e+000 -1.710816e+001  7.216169e+000 -3.417095e+000 -9.636406e+000 -1.291832e+001 -9.670632e+000  5.528444e+001 -8.184468e-001  3.678198e-001  1.357350e+000  7.337728e-001 -2.029962e+000 -1.464051e+000  1.492010e+000  1.177957e+000 -2.016020e+000 -6.070870e-001 -8.890925e-002  1.665499e+000  1.607220e-001 -3.155208e-003  4.367020e-001  2.132234e-001 -2.247460e-001 -1.117109e-001 -4.774428e-003  2.113109e-002 -1.461485e-001 -5.247121e-001  6.546353e-001  3.233530e-001  2.770126e-001 -1.449464e-001
 4.225049e+000 -1.045065e+001  2.963703e-001 -6.042869e+000 -5.802493e+000 -3.558631e+000 -1.460389e+001  6.590949e+000 -5.849732e+000 -9.451180e+000 -1.126430e+001 -8.623875e+000  5.585991e+001 -6.929882e-001  6.230583e-001  1.586582e+000  4.642937e-001 -1.851174e+000 -1.747922e+000  1.166724e+000  1.509509e+000 -2.427064e+000  6.857233e-002  1.347450e-001  1.869982e+000 -5.455399e-002  2.072381e-001  6.411884e-001  2.496933e-001 -1.925521e-001  7.872031e-002 -8.044527e-002  1.190196e-001 -5.107367e-001 -9.033742e-002  6.414320e-001  2.237521e-001  1.947397e-001 -4.011949e-001
 3.536449e+000 -9.288357e+000  2.536819e+000 -6.052827e+000 -8.750885e+000 -4.353615e+000 -1.478587e+001  9.938420e+000 -7.329598e+000 -1.090065e+001 -1.140706e+001 -4.785598e+000  5.574236e+001 -4.411739e-001  1.389673e+000  1.994187e+000 -1.917272e-002 -1.507943e+000 -1.934698e+000  1.721451e+000  9.350014e-001 -2.308136e+000  8.576356e-001  9.652440e-001  2.297190e+000 -4.963951e-001  3.588563e-001  8.664379e-001 -2.397072e-003  2.543538e-001  6.065614e-002  2.535889e-001  5.596851e-001 -1.837496e+000  4.915534e-001  5.280296e-001  3.656443e-001 -5.203454e-001 -6.627828e-001
 3.451434e+000 -7.732347e+000  3.839476e+000 -5.784813e+000 -9.264179e+000 -8.828911e+000 -1.242113e+001  1.137234e+001 -1.098968e+001 -8.662077e+000 -1.148016e+001 -3.227239e+000  5.478968e+001  1.056040e-001  2.684914e+000  2.036750e+000  3.855388e-001 -1.383008e+000 -2.004172e+000  2.298444e+000 -1.339121e+000 -1.626791e+000  1.199643e+000  6.934129e-001  1.802943e+000 -1.466863e+000  3.590412e-001  8.344771e-001 -3.609063e-001  6.753312e-001 -5.939207e-002  9.042737e-001  7.338421e-001 -2.692153e+000  8.855312e-001  3.505678e-001  3.833886e-001 -1.081165e+000 -7.197360e-001
 3.505828e+000 -4.654509e+000  6.698953e+000 -6.403801e+000 -9.916465e+000 -1.012309e+001 -9.592288e+000  9.500480e+000 -1.238780e+001 -5.742780e+000 -7.984172e+000 -8.829988e-001  5.333757e+001  5.765384e-001  3.669081e+000  1.120281e+000  2.044919e+000 -1.960764e+000 -6.798168e-002  3.724576e+000 -6.585208e+000  4.161072e-002  1.467526e+000  1.459978e+000 -9.027080e-001 -2.447038e+000  2.045013e-001  3.731685e-001 -6.925994e-001  7.326383e-001 -8.657143e-002  1.276188e+000  3.878828e-001 -2.239611e+000  8.888212e-001 -9.472418e-003  1.447197e-001 -1.285570e+000 -4.728412e-001
 4.768379e+000  6.569943e-001  8.399055e+000 -3.939688e+000 -1.213474e+001 -1.069475e+001 -5.708460e+000  1.143138e-001 -1.145459e+001 -6.031901e+000 -9.508682e+000 -1.560462e+000  4.972798e+001  5.933617e-001  3.655740e+000  2.190041e-001  2.808903e+000 -1.921724e+000  1.840088e+000  3.834372e+000 -8.191151e+000  8.257188e-001  1.516466e+000  1.804321e+000 -1.935894e+000 -2.677912e+000 -6.895944e-002 -3.405712e-001 -7.104171e-001  1.670730e-001  1.720712e-001  1.070910e+000 -2.410797e-001 -3.794150e-001  3.801156e-001 -2.566764e-001 -2.903990e-002 -7.598030e-001  4.387178e-002
 5.760669e+000  4.862377e+000  5.858432e+000  3.249207e+000 -1.711942e+001 -3.760603e+000  4.806749e-001 -1.735860e+001 -6.889091e+000 -4.878105e+000 -5.092901e+000 -1.013253e+001  4.603802e+001  3.374538e-001  2.770103e+000 -5.599365e-001  2.432337e+000 -1.671443e+000  2.524113e+000  2.892901e+000 -6.837037e+000  9.097152e-001  6.518617e-001  1.133389e+000 -2.261243e+000 -2.255076e+000 -2.417038e-001 -8.129366e-001 -3.873075e-001 -6.490265e-001  7.519084e-001  8.866856e-002 -9.810182e-001  1.907655e+000 -3.677258e-001 -4.524822e-001 -5.944249e-001  2.913696e-001  4.665965e-001
 5.290823e+000  5.787911e+000  5.354757e+000  3.433200e+000 -1.527132e+001 -2.809711e+000  1.714248e+000 -1.615387e+001 -9.610441e+000 -1.512083e+000 -3.904187e+000 -8.281946e+000  4.504990e+001 -1.196509e-001  1.431548e+000 -6.752267e-001  1.027195e+000 -6.673130e-001  2.054328e+000  1.508883e+000 -3.110281e+000 -1.602656e-001  3.240927e-001  7.115083e-001 -1.316805e+000 -1.343485e+000 -2.079896e-001 -7.442093e-001 -1.113841e-001 -9.122764e-001  1.078961e+000 -5.969420e-001 -1.216883e+000  2.375549e+000 -7.248055e-001 -6.579855e-001 -8.157414e-001  6.380567e-001  5.053835e-001
 4.931876e+000  6.630547e+000  5.421420e+000  2.071438e+000 -1.670539e+001 -1.445043e+000  1.160862e+000 -1.655061e+001 -8.761297e+000 -4.743381e+000 -5.119475e+000 -8.828472e+000  4.440123e+001 -2.754744e-001  7.164942e-001 -3.691413e-001 -3.093591e-001  1.171572e+000  2.682411e-001 -1.777061e-002  4.126302e-001 -1.304026e+000 -1.986981e-001 -9.657398e-001  2.445956e-001 -7.812694e-001 -6.974801e-002 -4.536088e-001  1.464597e-001 -6.284325e-001  1.017013e+000 -8.152992e-001 -1.056762e+000  1.529536e+000 -7.952462e-001 -3.784666e-001 -5.075692e-001  2.767994e-001  3.117571e-001
 4.584521e+000  6.930648e+000  5.241428e+000  1.785171e+000 -1.567833e+001 -1.580889e+000  1.495858e+000 -1.584109e+001 -1.131981e+001 -4.478800e+000 -5.937854e+000 -8.796514e+000  4.382895e+001 -1.401224e-001  9.614974e-001 -4.333140e-001 -3.816307e-001  2.051577e+000 -1.668557e-002 -7.947062e-001  6.176100e-002 -1.691438e+000 -1.348181e+000 -1.224822e+000  1.470089e-003 -8.878983e-001 -6.613537e-002 -1.476776e-001  2.501940e-001  1.375736e-002  7.202548e-001 -6.311069e-001 -5.107051e-001  3.610404e-001 -5.366931e-001 -3.241396e-001  7.272808e-002 -1.271740e-001  4.532502e-002
 4.736447e+000  7.873480e+000  4.069390e+000  2.526426e+000 -1.105806e+001 -3.033809e+000  5.010166e-001 -1.545184e+001 -1.255454e+001 -4.388237e+000 -8.904767e+000 -8.652265e+000  4.274215e+001 -1.050520e-003  7.370840e-001  5.140572e-002 -5.413079e-003  2.054177e+000 -5.168757e-001 -1.239112e+000 -7.753770e-001 -2.300930e+000 -4.043342e-001 -4.362921e-001 -1.536384e+000 -9.240841e-001 -2.611092e-001 -2.182710e-001  2.780288e-001  6.789963e-001  2.961161e-001  1.593319e-001  2.502083e-001 -3.574444e-002  2.352369e-002 -2.601976e-001  5.670810e-001 -7.893807e-002 -1.491840e-002
 4.687925e+000  9.973931e+000  3.864202e+000  1.297553e+000 -7.837099e+000 -2.098756e+000 -1.929360e+000 -1.639445e+001 -1.617101e+001 -8.430562e+000 -8.135652e+000 -8.362700e+000  4.143995e+001 -5.875397e-001  6.828648e-001  3.654698e-001  9.440088e-001  2.492658e+000 -7.086475e-001 -4.339721e-001 -7.110759e-001 -2.345279e+000 -1.193787e+000  8.104248e-001 -1.062185e+000 -1.045452e+000 -5.564816e-001 -4.362230e-001  2.512849e-001  8.441274e-001  2.714823e-001  5.746492e-001  7.895959e-001  4.866839e-001  6.415660e-001 -1.447314e-001  4.946669e-001  4.076144e-001 -7.895780e-003
 4.874921e+000  8.794325e+000  6.367062e+000  2.288182e+000 -1.035512e+001 -3.770488e+000 -3.322089e+000 -2.015082e+001 -1.784035e+001 -4.789171e+000 -6.202037e+000 -1.672730e+001  4.097531e+001 -1.357312e+000 -2.355447e-001  6.216108e-001  2.422803e+000  2.431612e+000  1.410882e+000  1.052904e+000  6.203264e-001 -8.594872e-001 -1.576883e+000  8.520418e-001  3.817329e-001 -7.770844e-001 -7.232651e-001 -3.291531e-001 -2.190894e-002  2.542605e-001  2.519737e-001  7.820181e-001  8.859671e-001  1.004576e+000  1.292679e+000 -2.156585e-001 -1.375404e-001  7.301214e-001 -1.089446e-001
 1.577586e+000  9.884549e+000  5.919942e+000  6.624337e+000 -3.566504e+000 -4.755787e+000  1.237551e+000 -1.704698e+001 -2.040331e+001 -1.024727e+001 -3.237095e+000 -1.006992e+001  3.948510e+001 -2.244400e+000 -7.333033e-001  5.380080e-001  2.624899e+000  3.220270e+000  1.892682e+000  2.007265e+000  1.797329e+000  7.956709e-001 -1.485564e+000  6.043457e-001  1.080484e+000 -1.000877e+000 -5.934927e-001 -2.896153e-001 -2.384447e-001 -7.571069e-001 -4.790895e-001  3.470567e-001  4.729449e-001  1.134628e+000  1.242545e+000  7.332028e-002 -4.800028e-001  4.672042e-001 -2.101751e-001
-4.949434e-001  6.740448e+000  6.149574e+000  1.197705e+001 -1.035299e+000  5.349114e+000  4.182081e+000 -1.202394e+001 -1.473583e+001 -1.136430e+001 -7.093836e+000 -5.889989e+000  3.983415e+001 -2.788946e+000 -2.005972e-001 -1.444081e-001  4.254445e-001  2.950239e+000  2.092550e+000  1.970105e+000  2.993302e+000  2.591990e+000 -1.336738e+000 -1.020954e+000  1.042889e+000 -1.491095e+000 -2.914873e-001 -2.073545e-001 -4.241184e-001 -1.215040e+000 -9.631266e-001 -7.853304e-001 -2.228164e-001  7.020808e-001  7.389429e-001  4.151573e-001 -2.099499e-001  2.353397e-001 -2.424898e-001
-3.849142e+000  7.334353e+000  6.662985e+000  9.577614e+000  3.604343e+000  2.804852e+000  4.354882e+000 -1.147124e+001 -1.374492e+001 -1.257082e+001 -4.668023e+000 -8.378936e+000  3.700615e+001 -2.839186e+000 -7.826853e-001 -4.437442e-001 -1.842847e+000 -1.621030e-001  6.858020e-001  1.472152e+000  3.775575e+000  2.141707e+000 -9.472584e-001 -6.530908e-001  9.432579e-001 -1.739323e+000  1.090948e-001 -5.363949e-001 -5.488704e-001 -7.493963e-001 -9.580770e-001 -8.461692e-001 -1.009445e+000  1.460546e-001  3.882217e-001  9.410636e-001  4.675303e-002  4.282411e-002  8.249074e-002
-6.356444e+000  9.066437e+000  5.273499e+000  2.938766e+000  8.106536e-001  2.911943e+000  4.969770e+000 -7.972178e+000 -8.209592e+000 -1.031109e+001 -1.059134e+001 -1.235835e+001  3.475932e+001 -2.517355e+000 -1.247626e+000 -1.008105e+000 -1.418526e+000 -6.928346e-001 -1.912330e+000  2.063784e-001  3.141607e+000  2.162209e+000  2.297507e-001  4.310108e-001  1.627044e+000 -1.620310e+000  4.914198e-001 -9.857889e-001 -3.844003e-001  2.775415e-001 -9.644221e-002 -3.436102e-001 -1.456510e+000 -7.588591e-001  6.821539e-002  1.437682e+000  4.051314e-001 -1.909931e-001  5.577299e-001
-9.687595e+000  4.808128e+000  4.139258e+000  1.929245e+000 -5.299995e+000 -1.081918e-001  8.204467e+000 -1.949867e-001 -1.295789e+001 -1.551017e+001 -4.753795e+000 -2.119453e+000  3.332590e+001 -1.834721e+000 -2.891763e+000 -1.774495e+000 -2.000976e-001  2.514227e-001 -3.357241e-001 -2.158094e+000  2.453449e+000  2.951670e+000  2.436510e+000  1.121283e-001  1.002527e+000 -5.238155e-001  6.508245e-001 -4.868556e-001 -2.183577e-001  6.332362e-001  5.976979e-001  4.317837e-001 -9.259635e-001 -1.214752e+000  1.398603e-001  1.333180e+000  1.010268e-001 -5.618782e-001  6.019112e-001
-1.016249e+001  1.765430e+000  2.370911e+000  8.708602e+000 -4.730268e-002 -2.756016e+000  3.289180e+000 -1.954034e+000 -4.318298e+000 -8.745871e+000 -4.895896e+000 -8.845090e-001  3.357272e+001 -8.340796e-001 -4.075003e+000 -1.401034e+000  9.917774e-001  2.261266e+000  8.852621e-001 -3.497323e+000 -1.399304e-001  2.528085e+000  4.159790e+000  6.220930e-001  5.828893e-002  6.898010e-001  4.715642e-001  3.714873e-001  1.316271e-001  2.395258e-001  3.168733e-001  6.936410e-001  1.784203e-001 -1.049649e+000 -5.530202e-001  3.395189e-002 -2.093021e-001 -5.595106e-001  2.495617e-001
-1.111972e+001 -3.473959e+000 -7.581977e-001  5.692208e+000  5.290435e+000  3.960210e+000 -5.595294e+000 -2.213064e+000 -9.322134e-001 -1.170875e+000 -6.955106e+000 -9.103222e+000  3.498037e+001 -4.267015e-001 -1.803275e+000 -1.339069e+000  1.181828e-001  1.349336e+000  1.445924e+000 -1.305815e+000 -6.574144e-001  2.658071e+000  3.753622e+000 -2.434981e-001 -1.081756e+000  1.151772e-001  2.815869e-001  1.471522e+000  5.546986e-001 -1.019031e-001 -5.112569e-001 -2.989524e-001  1.329798e+000 -6.602672e-001 -1.288105e+000 -1.377741e+000  1.754785e-001  2.072822e-001 -2.295534e-001
-9.810778e+000 -7.167533e+000  7.170585e-001  6.016171e+000  6.821766e+000  5.304052e+000 -5.616964e+000 -7.662791e+000 -1.582002e+000  3.318214e+000 -6.380224e+000 -8.575018e+000  3.738109e+001 -8.635437e-001  6.556623e-002 -5.676830e-001 -3.800370e-001  3.425754e-001  6.650504e-001  6.723405e-001 -5.512055e-001 -4.560925e-001 -2.590460e-001 -4.376866e-001 -1.283677e-001 -6.919981e-001  1.042388e-001  1.754044e+000  5.565404e-001 -1.730989e-001 -8.142388e-001 -8.684459e-001  1.179224e+000 -1.044345e-001 -1.249490e+000 -1.675107e+000  3.926128e-001  5.789537e-001 -4.360354e-001
-1.199696e+001  2.582346e-001 -1.729159e+000  3.866374e+000 -1.987848e+000  3.091396e+000  6.128465e+000 -6.276803e-001 -1.035681e+000 -2.774098e+000 -5.229121e+000 -3.682976e+000  3.199761e+001 -4.120544e-001  2.395560e+000  5.823222e-001 -2.370591e-002 -1.345517e+000 -1.720380e+000  2.406065e+000 -6.422489e-001 -1.996768e+000 -2.242775e+000  1.519411e+000  2.132266e+000 -9.806831e-001  2.360983e-001  8.420090e-001  5.067680e-001 -1.308473e-001 -3.676679e-001 -8.607382e-001  9.975959e-002  7.227404e-002 -8.503807e-001 -6.691126e-001  4.304467e-001  4.450243e-001 -8.644024e-003
-1.404159e+001  2.271642e-001  1.797640e-002  7.721334e+000  5.304716e+000  1.003643e+000  7.890036e-001 -5.502754e+000 -6.547027e+000 -9.239489e+000 -7.947322e+000 -4.236470e+000  3.160411e+001 -3.202093e-001  2.595799e+000  4.209730e-001  1.972274e-001 -4.625018e-001 -1.873815e+000  5.428561e-001 -6.696855e-001 -1.391945e+000 -1.217546e+000  1.703703e+000  1.346047e+000 -9.424459e-001  3.465957e-001 -9.314720e-002  8.096613e-002 -1.688557e-001  2.448914e-002 -2.827463e-001 -5.180708e-001  4.174736e-001  4.105018e-001  8.752620e-001  2.707171e-001 -1.244684e-001  2.530478e-001
-1.106459e+001  4.806493e+000  2.502954e+000  4.721097e+000 -6.786234e-001 -2.491487e+000  3.232050e+000 -6.504328e+000 -8.433542e+000 -6.105899e+000  1.425496e+000 -6.111665e-001  3.296544e+001  4.821229e-001  1.141654e+000  7.004431e-001 -8.246858e-001 -8.646433e-002 -1.588334e+000 -7.422747e-001 -2.368042e-001 -1.125906e+000  8.873098e-001  8.380410e-001  4.061586e-001  1.971809e-001  4.055097e-002 -1.050065e+000 -4.342905e-001 -3.113652e-001  4.037763e-001  2.991692e-001 -7.790244e-001  6.130650e-001  9.772314e-001  1.127329e+000 -7.199510e-002 -3.255985e-001  1.964187e-001
-1.187801e+001  3.537331e+000  7.058671e-001  6.574947e+000  3.854645e+000 -1.273581e+000 -1.454476e+000 -8.072895e+000 -4.842795e+000 -1.103618e+000 -1.189020e+000 -3.380688e+000  3.218494e+001  4.223461e-001  2.267836e-001 -2.219129e-001 -8.238253e-001 -1.645051e-001 -8.147043e-001 -3.438432e-001  1.333440e+000  1.160986e+000  2.552222e+000  1.256584e+000  1.123440e-001 -1.569099e-002 -1.257157e-001 -1.030544e+000 -4.565239e-001 -3.540223e-001  3.833224e-002  4.890019e-001 -1.548026e-001  3.427461e-001  6.239304e-001  1.617841e-001 -6.844978e-002  6.738033e-002  8.203798e-002
