85 39
-1.001345e+001 -2.148945e+000 -5.331059e+000 -9.585057e-001 -1.907400e+000  8.882763e-001  5.102248e+000  3.273408e+000 -4.943015e+000  1.441597e+000  1.007041e+001  5.030029e+000  3.406572e+001  1.148101e+000 -9.236441e-001 -7.251493e-001 -4.328950e-001 -2.311333e+000 -4.887424e-001 -5.722324e-001 -1.684645e+000 -1.094870e+000  2.288141e+000 -1.246196e+000 -1.072492e+000 -2.052273e-001 -2.860583e-001 -2.291649e-001  1.568813e-002  8.371500e-001  2.098763e-001 -4.640863e-001 -9.780276e-003  5.571661e-001  1.070381e+000  3.558268e-001 -1.820530e-001  6.551138e-002  7.663736e-001
-1.015544e+001 -2.223264e+000 -4.039175e+000 -2.855439e+000 -4.506269e+000 -2.923537e+000  4.059363e+000  5.383585e+000 -3.336189e+000 -5.871630e+000 -4.198762e+000 -2.187423e+000  3.430208e+001  1.655863e-001 -1.154331e+000 -1.210573e+000 -1.020379e-001 -2.125735e+000 -1.284158e+000 -1.120406e+000 -1.366358e+000  8.092251e-001  1.526887e+000 -2.278014e-001 -1.550158e-001  1.023125e+000 -1.111997e+000  2.197371e-001  1.253904e-001  7.571764e-001  4.492481e-001  3.134196e-002  7.651921e-001  5.360070e-001  9.032907e-001  5.231512e-001  1.364196e+000  4.747731e-001  1.034775e+000
-9.590433e+000 -7.863482e+000 -7.562702e+000 -2.344243e+000 -5.414760e+000 -4.893556e+000  4.252532e+000  8.680423e+000 -2.595505e+000  1.510620e+000  6.703444e+000  1.246748e+000  3.577651e+001 -1.943370e+000 -4.390366e-001  1.502936e-001  1.607009e+000 -1.222251e+000 -1.331573e+000  1.485620e+000 -3.207305e-001  1.064738e+000  1.870077e+000  1.901634e+000 -2.982811e-001  2.667683e+000 -1.380890e+000  9.107438e-001  1.405694e-001  1.344551e-001  2.238392e-001  2.423371e-001  6.759356e-001  3.055897e-001  4.818693e-001 -2.772689e-001  8.387321e-001 -1.092307e-002  9.405501e-001
-1.186496e+001 -6.709454e+000 -8.425728e+000  2.021424e+000 -6.939360e+000 -6.528957e+000  3.356053e+000  1.533686e+000 -7.905177e-002  1.184462e+000  8.159256e+000  2.343766e+000  3.968945e+001 -3.586689e+000  7.814628e-001 -3.246591e-001  1.008609e+000 -8.175742e-001  5.823115e-001  2.427056e+000 -4.703408e-001  1.528621e+000  3.570011e+000  4.604989e+000  8.323627e-001  3.451663e+000 -8.439987e-001  1.177211e+000 -1.166642e-001 -1.605204e-001  2.172720e-001  3.939247e-001  8.179507e-002  1.996221e-001 -1.924505e-001 -8.794796e-001 -4.704106e-001 -7.301037e-001  3.115116e-001
-1.887554e+001 -2.101033e+000 -2.386314e+000  4.638110e+000 -6.802112e+000 -3.966877e+000  1.288200e+001  3.594705e+000 -1.247894e+000  7.263938e+000  1.339956e+001  1.273030e+000  4.471045e+001 -3.880210e+000  2.662178e+000 -4.652593e-001 -3.159433e-001 -1.846217e+000 -2.102913e-001  1.033715e+000 -6.047053e-001  9.547786e-001 -1.197661e-001  5.310695e-001 -1.620797e+000  3.283254e+000 -1.039567e-001  8.626350e-001 -5.968158e-001 -3.740079e-001  5.107012e-001  3.328473e-001 -1.092162e+000 -5.693952e-002 -5.312505e-001 -1.588300e+000 -1.449001e+000 -7.619065e-001 -4.651406e-001
-2.344633e+001 -1.197174e+000 -8.250665e+000 -1.303570e+000 -7.900465e+000 -4.753184e-001  1.187991e+001  5.574740e+000  3.633109e+000  9.101768e+000  1.547812e+001  1.961250e+000  4.709343e+001 -3.085987e+000  3.181117e+000 -1.486118e+000  5.683644e-002 -7.273923e-001  1.248251e-001 -4.854782e-001 -2.262596e-001 -9.804774e-002 -1.875590e+000 -1.894572e+000 -3.144276e+000  2.272897e+000  3.973629e-001  3.411465e-001 -3.130745e-001  1.625459e-001  7.925988e-001  2.018464e-001 -1.269321e+000  7.717911e-002 -7.812565e-001 -1.346112e+000 -1.651168e+000 -3.034143e-001 -8.638989e-001
-2.320080e+001  2.691268e+000 -9.976530e+000 -2.261462e+000 -1.416529e+001 -8.971831e+000  5.159178e+000  3.636369e+000  3.223077e-001 -3.046864e+000  5.699359e+000 -6.665979e+000  4.849079e+001 -2.713504e+000  2.674311e+000 -2.253056e+000  2.128565e-001  1.286164e+000  5.614070e-001 -2.518921e+000 -7.274687e-001 -7.781804e-001 -3.348622e+000 -2.093590e+000 -2.119494e+000  9.313629e-001  5.874091e-001 -3.554067e-001  1.127276e-001  5.455748e-001  9.608560e-001  5.199532e-001 -5.641396e-001  3.743010e-001 -5.167147e-001  4.079757e-001 -3.761859e-001  8.661886e-001 -9.007574e-001
-2.513226e+001  6.799981e+000 -1.206121e+001  5.755393e+000 -6.894730e+000 -3.402354e+000  4.790075e+000  3.815561e-001 -1.354391e+000 -3.038087e+000  2.536499e+000 -9.408112e+000  4.916376e+001 -2.183227e+000  2.481129e+000 -9.961334e-001  1.556939e+000  1.579229e+000  1.205695e+000 -2.143231e+000 -2.306352e-002 -1.511182e+000 -1.546121e+000 -2.338520e+000 -4.353603e-001  3.081142e-001  6.793981e-001 -8.360723e-001  3.811076e-001  2.914205e-001  3.587397e-001  3.572988e-001  1.037021e-001  3.902995e-001 -6.778015e-002  1.268693e+000  3.762661e-001  1.164600e+000 -7.492229e-001
-3.160009e+001  7.271945e+000 -1.174632e+001  2.172911e+000 -8.741603e-001  3.036754e-001  3.832316e+000  2.553954e+000 -2.645046e+000 -3.409244e+000  9.402425e+000 -3.639761e+000  4.833210e+001 -1.394545e+000  1.235139e+000 -1.466132e-001  1.661879e+000  1.804752e+000  1.849040e+000 -9.581069e-001  1.165201e+000 -9.222276e-001  1.755378e+000 -1.127886e+000  1.355688e+000 -2.381416e-001  8.017486e-001 -1.106504e+000  1.183646e-001 -3.919611e-002 -9.907906e-002  6.878670e-002  7.330509e-001  9.186718e-002  4.347686e-001  1.126272e+000  1.762345e-001  5.606528e-001 -4.726348e-001
-3.016282e+001  8.918132e+000 -1.234644e+001  4.263938e+000 -6.649884e+000  9.154012e-001  1.827181e+000  6.000630e+000 -2.439126e+000  1.552353e+000  1.933990e+000 -1.728661e+000  4.871335e+001 -3.484760e-001 -2.796581e-001 -6.338011e-001  7.894276e-001  8.070122e-001  1.267503e+000 -7.473744e-001  7.789026e-001 -3.649249e-001  1.915875e+000 -4.960935e-001  9.411347e-001 -8.884647e-001  5.448074e-001 -1.108416e+000 -3.642825e-001 -6.731202e-001  1.706701e-001 -2.001659e-001  8.070821e-001 -3.996921e-001  8.962319e-001  2.025040e-001  3.367540e-001 -5.404334e-002 -2.211276e-001
-2.765825e+001  7.807886e+000 -1.056698e+001  6.793662e+000 -5.263959e+000 -1.885510e+000  1.850090e+000  6.652839e+000 -3.746463e+000  3.434809e+000  3.611829e-001 -3.727265e+000  4.752529e+001  3.778629e-001 -1.477814e+000 -1.842399e+000  4.006317e-001  1.176877e+000  8.744364e-001  4.484056e-001 -6.691158e-001  8.225342e-001  5.517420e-001 -2.133631e+000 -4.477608e-003 -8.335217e-001  1.606681e-001 -5.190477e-001 -3.453490e-001 -6.904054e-001  5.402266e-002 -6.540874e-001  3.193796e-001 -6.634035e-001  6.791992e-001 -5.634646e-001  3.722923e-001 -3.237475e-001  1.408045e-001
-2.884557e+001  5.133720e+000 -1.581988e+001  7.392155e+000 -6.647696e-001  4.029752e+000  2.044316e+000  2.226626e+000 -2.628307e+000  3.119264e+000  4.576652e+000 -4.658686e+000  4.512484e+001 -3.453940e-001 -1.704475e+000 -1.969653e+000 -1.178038e+000  2.746517e+000  6.921670e-001  1.188923e+000 -1.104365e+000  2.097596e+000  6.821678e-002 -1.518773e-001 -2.549431e-002 -4.998337e-001  8.759285e-002  2.070307e-001  4.061495e-001 -2.972871e-001 -4.329319e-001 -7.240725e-001 -1.099062e-001 -3.063791e-001  1.534599e-002 -5.573221e-001  6.699597e-001 -1.117870e-001  5.146612e-001
-3.036940e+001  1.775084e+000 -1.922160e+001  2.611961e+000  2.017668e+000  3.118682e+000  5.965777e+000  1.095377e+000  1.562216e+000 -1.433990e+000 -2.587061e+000 -2.197137e+000  4.595874e+001 -5.927452e-001 -6.476912e-001 -1.205432e+000 -8.064144e-001  1.105113e+000 -1.133729e+000 -3.293577e-001 -1.210182e+000  1.242508e+000 -1.381156e-001  5.614673e-001  2.202646e-001  2.715653e-001  4.188156e-002  5.226338e-001  7.383721e-001  2.332715e-002 -1.152024e+000 -4.517235e-001 -6.769496e-001  3.078500e-002 -9.336641e-001 -6.910613e-002  1.076476e+000  2.217793e-001  4.896643e-001
-3.053421e+001  3.412157e+000 -1.786739e+001  4.645978e-001  3.441888e+000  1.874141e+000  5.713954e+000  3.257535e+000  5.394516e+000  4.327836e+000  2.648726e+000 -2.621197e+000  4.699746e+001  5.747923e-001  3.404344e-001  1.078463e+000 -9.348500e-002 -1.321765e+000 -1.348777e+000 -9.080237e-001 -4.824600e-001 -4.981817e-001 -5.258065e-001  1.506156e+000  2.698284e-001  1.132298e+000  7.949927e-002  3.733511e-001  4.649088e-001  1.282426e-001 -1.391738e+000  3.140000e-002 -8.486973e-001 -1.687188e-001 -1.297309e+000 -1.389335e-001  4.337684e-001  2.994126e-001  3.180779e-001
-2.977765e+001  5.430212e+000 -1.557039e+001  6.225368e+000 -1.791725e+000 -6.476350e+000 -1.631517e+000  8.647557e-002 -1.545336e+000  2.139945e+000  4.132483e+000 -3.644687e+000  4.794681e+001  1.271776e-001  1.129007e-001  3.254034e-001 -2.500913e-002 -2.549099e+000 -3.637092e-001 -1.887869e+000 -8.261434e-001 -2.547898e+000  5.032229e-001  2.419734e+000  9.567576e-001  7.987339e-001 -1.145861e-001 -8.412314e-003  6.246160e-002 -2.447056e-001 -6.458630e-001  6.698512e-001 -3.601513e-001  9.706396e-003 -3.639280e-001 -3.102306e-001 -1.810831e-001  2.919094e-001  9.285893e-002
-2.626748e+001  5.008328e+000 -1.225317e+001  5.118027e+000 -5.368899e+000  2.083385e+000  1.302845e+000  3.187770e-001 -3.565440e+000 -1.296736e+000  8.747661e+000 -2.585769e+000  4.979230e+001 -3.078590e-001 -2.180155e-001 -4.105268e-001 -9.275275e-001 -2.385069e+000  4.641570e-001 -2.275308e+000 -2.139978e+000 -2.493748e+000 -9.471199e-001  1.087832e+000  1.103322e+000  8.269714e-001  2.132522e-002  2.502980e-002 -5.556549e-003 -7.473021e-001 -2.503298e-001  1.395452e-001  5.686523e-002  3.600197e-001  7.287649e-001 -5.324509e-001 -9.170325e-001 -7.586178e-003  1.040860e-001
-3.186688e+001  1.541502e+000 -2.040169e+001  1.602010e-001 -6.322435e+000  1.195513e+000 -1.268013e+000 -1.565961e+000 -6.697294e+000  3.894411e+000  6.462139e+000  2.568938e+000  4.855499e+001 -7.243500e-001 -4.105278e-001 -1.486294e-001 -1.612921e+000 -1.592551e+000  1.309060e+000 -1.446472e+000 -3.328908e-001  4.206510e-001 -1.478612e+000 -1.347860e-001  1.263065e+000  8.885231e-001  8.245341e-001  1.850375e-001  7.734802e-001 -5.021287e-001 -6.821670e-002 -5.857415e-001  7.891041e-001  5.531841e-001  1.296062e+000 -7.951390e-001 -1.321167e+000 -7.066905e-001  2.006129e-001
-3.102889e+001  4.266435e+000 -1.750438e+001 -1.140456e+000 -6.218103e+000  3.589938e-001 -5.844338e+000 -6.616137e+000 -4.498247e+000 -1.284997e+000  6.923056e+000 -2.113971e-001  5.082822e+001  1.107182e+000  7.272977e-001  1.287697e+000 -3.036040e+000 -3.051688e+000 -1.487435e+000 -8.443959e-001  1.071012e+000  1.661368e+000 -2.197144e+000 -1.801747e+000  7.874401e-002  1.607833e+000  1.703333e+000  2.139470e-001  1.202077e+000  2.158089e-001 -7.817922e-002 -1.356716e+000  8.107486e-001  1.856432e-001  4.199952e-001 -7.396498e-002 -1.140273e+000 -8.004485e-001  5.795174e-002
-3.101869e+001  3.748519e+000 -1.368793e+001  1.290004e+000 -9.329875e+000  9.311463e-001 -5.290286e+000  1.889479e+000  1.024323e+000 -5.258985e+000  4.370855e+000  1.483450e+000  5.187146e+001  3.542327e+000  5.654315e-001  3.343693e+000 -1.481396e+000 -2.556873e+000 -2.316620e+000  1.342196e+000  3.342819e-001  1.854854e+000 -2.847460e+000 -2.741313e+000 -2.064406e+000  1.411368e+000  2.132355e+000 -2.968737e-001  1.130585e+000  6.579880e-001 -4.066567e-002 -1.728161e+000 -4.915702e-002 -5.889326e-001 -1.250334e+000  7.976251e-001 -8.902628e-001 -4.134273e-001  1.081699e-003
-2.115566e+001  7.541307e+000 -9.171567e+000 -1.062707e+001 -1.912362e+001 -5.221608e+000 -9.079981e-001  3.946119e+000  8.805945e-001 -7.705757e+000  7.845685e-001 -1.649305e+000  5.617323e+001  6.075468e+000  3.637397e-001  3.853699e+000  8.575441e-002 -2.293804e+000 -4.506583e+000  3.841016e-001 -1.545349e+000 -1.110874e+000 -6.325207e-001 -3.310269e+000 -1.235185e+000  8.553078e-001  1.337368e+000 -1.134029e+000  6.684649e-001  9.735796e-001  2.726532e-001 -7.266937e-001 -1.010454e+000 -2.762307e-001 -2.244918e+000  1.705009e+000 -7.424405e-001  5.798565e-001 -7.079659e-002
-1.909186e+001  2.731223e+000 -7.849630e+000 -2.503472e+000 -1.265404e+001 -7.597287e+000  2.974795e+000 -5.175680e+000 -1.124425e-001 -7.132509e+000 -4.175181e+000 -7.034138e+000  5.293933e+001  7.453281e+000 -1.713117e+000  4.221294e+000  1.161221e-001 -2.174821e+000 -5.822171e+000 -2.306506e+000 -1.969373e+000 -4.444899e+000  1.727202e+000 -3.831839e+000 -1.471072e-001  1.270194e+000  8.168273e-002 -1.287368e+000  4.415526e-002  1.556656e-001 -1.328434e-001  3.678469e-001 -1.383330e+000  9.207711e-001 -2.107418e+000  1.899561e+000 -5.951504e-001  1.353113e+000  1.854234e-001
-6.614968e+000  6.593781e+000 -1.155033e+000  1.185054e+000 -1.602504e+001 -1.790970e+001 -8.056371e+000 -1.081030e+001 -9.484237e+000 -3.510838e+000 -5.355270e+000 -2.128527e+000  5.457083e+001  5.838546e+000 -3.803574e+000  4.191220e+000  1.033099e+000 -1.879449e+000 -3.368129e+000 -4.072313e+000  8.416861e-001 -6.413345e+000  4.040569e+000 -4.968686e+000  2.019377e+000  1.324437e+000 -1.372019e+000 -1.055057e+000 -5.177029e-001 -5.527869e-001 -1.759361e-001  1.671913e+000 -2.619057e-001  1.651240e+000 -7.036028e-001  1.074239e+000 -2.662670e-001  8.933616e-001  2.244087e-001
-1.022634e+000 -4.343305e+000  3.410272e+000 -4.035449e+000 -2.175327e+001 -2.183566e+001 -1.324863e+001 -5.791774e-001 -1.601776e+001  1.279568e+000 -1.171842e+001  9.875251e-001  5.902363e+001  4.069202e+000 -3.787751e+000  3.395709e+000 -1.176741e+000 -3.428268e+000 -1.046613e+000 -3.346247e+000  3.744620e+000 -6.030999e+000  4.313802e+000 -4.887856e+000  3.073879e+000  2.103920e+000 -2.043019e+000  3.053815e-002 -9.743932e-001 -7.236926e-001  1.168183e-001  2.002253e+000  9.434441e-001  8.570967e-001  8.062868e-001 -1.074326e-001  5.531797e-001 -6.622023e-002 -9.914906e-002
-9.975420e-001 -7.939300e+000  6.154583e+000 -4.695590e+000 -2.397125e+001 -1.494306e+001 -1.315785e+001  5.856298e+000 -2.323347e+001  8.291051e+000 -2.028724e+001  4.436749e+000  5.975326e+001  9.074125e-001 -3.874230e+000  1.677978e+000 -2.031749e+000 -2.546761e+000  1.465201e+000 -4.055564e-001  3.853853e+000 -3.835838e+000  3.445375e+000 -4.113595e+000  1.621130e+000  1.560488e+000 -1.686404e+000  8.491068e-001 -1.091534e+000 -6.808189e-001  4.323427e-001  1.101120e+000  1.291017e+000 -5.698078e-001  1.770797e+000 -1.093800e+000  1.479475e+000 -1.054022e+000 -3.020505e-001
-1.554561e+000 -8.940993e+000  5.474104e+000 -5.446853e+000 -2.582228e+001 -1.431367e+001 -1.120570e+001  5.214118e+000 -2.339282e+001  8.535554e+000 -2.114848e+001  5.052620e+000  6.086771e+001 -2.962455e-001 -1.525099e+000  6.059495e-001 -1.969917e+000 -1.257073e+000  1.772431e+000  5.773363e-001  8.100269e-001 -1.702218e+000  1.487636e+000 -1.493486e+000 -2.790848e-001  6.564232e-001 -1.010296e+000  1.003967e+000 -7.815226e-001 -1.344680e-001  7.722056e-001  3.133790e-001  7.055654e-001 -1.219695e+000  1.719812e+000 -1.300977e+000  1.720465e+000 -1.398939e+000 -4.661679e-001
-1.811942e+000 -1.047853e+001  6.202940e+000 -8.267989e+000 -2.672434e+001 -1.434470e+001 -1.110562e+001  5.562315e+000 -2.497589e+001  1.008804e+001 -2.120822e+001  3.944576e+000  6.145123e+001 -4.107482e-001 -6.893667e-001  1.284321e-001 -1.974407e+000 -8.033323e-001  7.279475e-001  4.209782e-001 -5.400563e-001  2.762520e-001 -1.534853e-002  7.315052e-001 -1.574250e+000  5.379330e-001 -2.399908e-001  9.067129e-001 -3.509274e-001  1.719424e-001  5.635208e-001 -1.459807e-001 -1.015422e-001 -7.939749e-001  1.136601e+000 -9.677700e-001  1.355973e+000 -9.636019e-001 -3.067131e-001
-2.096661e+000 -1.069919e+001  6.415840e+000 -1.209883e+001 -2.666209e+001 -1.327269e+001 -1.138807e+001  3.617949e+000 -2.365764e+001  7.819252e+000 -1.872536e+001 -1.618122e-001  6.145676e+001 -3.231962e-001 -3.603461e-001  2.628686e-001 -1.877752e+000 -4.389542e-001  8.889084e-001 -2.316873e-001 -1.569010e-001  5.120174e-001 -4.607207e-001  1.291919e+000 -2.323124e+000  2.843582e-001  3.250212e-002  4.354205e-001 -1.420075e-001  3.986248e-001  3.109470e-001 -7.636802e-002 -2.768701e-001  1.723000e-001  4.849983e-001 -3.444390e-001  5.930485e-001 -2.536260e-001 -1.144243e-001
-2.780232e+000 -1.050704e+001  6.325875e+000 -1.124164e+001 -2.756800e+001 -1.182381e+001 -1.096178e+001  3.954101e+000 -2.171981e+001  8.572459e+000 -1.784127e+001 -8.272843e-001  6.214840e+001 -2.790660e-001  7.695828e-002  9.488110e-002 -1.218120e+000 -1.382164e-001  1.177058e+000 -5.087557e-001  3.674426e-001  7.400484e-001 -4.192962e-001  1.273569e+000 -2.174860e+000  2.129555e-001  4.994594e-002  2.335917e-001 -1.129020e-001  4.356615e-001  1.975049e-001 -6.557834e-003 -1.604373e-001  4.702759e-001 -2.444734e-002 -7.604466e-002  5.304990e-002  2.195860e-001 -7.032650e-002
-2.686397e+000 -1.072847e+001  6.726980e+000 -1.334879e+001 -2.759522e+001 -1.112957e+001 -1.243605e+001  5.233720e+000 -2.246078e+001  6.989743e+000 -1.637235e+001 -4.177072e+000  6.194092e+001 -1.995760e-001  2.688412e-001 -8.731256e-002 -3.549366e-001 -3.489628e-002  1.166035e+000 -3.421471e-001  1.217778e+000  4.908751e-001 -3.258486e-002  1.200725e+000 -1.246910e+000  2.467907e-001  6.176709e-002  7.393406e-002 -7.723124e-002  3.672026e-001  1.819514e-001 -1.609247e-001  1.365969e-001  3.054954e-001 -3.034500e-002  7.078853e-002 -1.127685e-001  5.308126e-001 -1.175369e-002
-2.912404e+000 -1.007909e+001  6.521776e+000 -1.373361e+001 -2.694886e+001 -9.530966e+000 -1.312540e+001  6.591642e+000 -2.187408e+001  8.406318e+000 -1.601688e+001 -4.922091e+000  6.227393e+001 -2.228286e-001  1.639982e-001 -2.609873e-001 -5.575072e-001 -1.783657e-002  5.565950e-001 -3.259787e-001  1.123984e+000  1.645865e-001 -6.096398e-001  1.042352e+000 -1.014427e+000  2.050842e-001  7.761811e-002 -1.038030e-001  4.320072e-002  1.275828e-001  1.894182e-001 -3.601291e-001  3.123474e-001  2.343343e-002  2.497047e-002  7.151642e-002 -1.516162e-001  4.424127e-001 -6.406554e-003
-3.028455e+000 -9.568953e+000  5.881327e+000 -1.262753e+001 -2.714614e+001 -8.588943e+000 -1.201699e+001  8.388066e+000 -2.112612e+001  7.739398e+000 -1.363393e+001 -4.348958e+000  6.262795e+001 -4.247944e-002 -3.419580e-002  5.464659e-002 -3.720450e-001  4.106129e-001  3.945166e-001  3.599087e-001  9.923052e-001  6.480234e-001 -1.160626e-002  8.436853e-001 -2.492775e-001  2.295254e-001  5.944676e-002 -1.630250e-001  9.777666e-002 -3.344171e-002  1.683085e-001 -4.083671e-001  2.891378e-001 -2.092909e-001  8.203031e-002  9.521774e-002 -2.386107e-001  1.631262e-001 -1.472298e-002
-3.723346e+000 -1.026680e+001  5.443765e+000 -1.438980e+001 -2.788172e+001 -1.031115e+001 -1.280120e+001  7.996849e+000 -2.156420e+001  5.149433e+000 -1.399872e+001 -5.813476e+000  6.283031e+001  3.047631e-002 -2.905380e-001  2.399051e-001 -5.716513e-001  5.861202e-001 -2.378281e-001  7.019536e-001  5.973459e-001  7.863266e-001 -7.220340e-002  6.940081e-001 -4.616122e-001  1.895554e-001  5.063579e-002 -1.262905e-001  7.970998e-002  5.083951e-002  1.190267e-001 -2.797440e-001  2.391040e-001 -1.777497e-001  1.542635e-002  3.029358e-001 -3.382249e-001  9.469987e-002 -1.906575e-002
-2.493323e+000 -1.080559e+001  7.539218e+000 -1.488092e+001 -2.507572e+001 -8.766894e+000 -1.079861e+001  9.492642e+000 -1.937560e+001  8.560154e+000 -1.316300e+001 -4.977767e+000  6.281036e+001 -2.899466e-002 -3.190155e-001  1.511245e-001 -5.150731e-001  5.046676e-001 -4.785887e-001  5.895759e-001  4.346422e-001  5.901566e-001  1.747857e-001  1.818432e-001 -7.076865e-001  1.809402e-001 -1.087144e-002 -1.341160e-001 -8.651575e-002 -8.736335e-003 -4.938326e-002 -3.521854e-001 -1.019012e-002 -2.763913e-001 -3.125904e-001  1.759341e-001 -5.224732e-001 -3.468280e-002 -6.532795e-002
-3.027589e+000 -1.091346e+001  6.892356e+000 -1.546517e+001 -2.505347e+001 -1.063113e+001 -1.022482e+001  9.026084e+000 -1.881771e+001  7.634923e+000 -1.278230e+001 -6.915748e+000  6.313050e+001  2.360797e-002 -3.250442e-001  8.932366e-002 -2.317956e-001  5.302694e-001 -4.055724e-001  7.547076e-001  5.140673e-001  2.706516e-001  8.118431e-001 -3.178515e-001 -3.117231e-001  1.340481e-001  4.586301e-002 -7.787064e-002 -4.988608e-002  9.286617e-002 -1.433389e-003 -2.323740e-001  1.294269e-002 -2.762164e-001 -3.101752e-001  2.908919e-001 -4.334810e-001  1.556118e-001 -1.291177e-001
-3.521307e+000 -1.084070e+001  5.912654e+000 -1.466521e+001 -2.603693e+001 -1.082190e+001 -1.035730e+001  1.004666e+001 -1.954859e+001  7.370582e+000 -1.333293e+001 -7.336255e+000  6.338255e+001 -9.340248e-002 -6.875228e-001 -3.026415e-001 -5.856546e-001  1.916220e-001 -1.282538e+000  2.825810e-001 -3.480121e-001 -6.570911e-001  4.260409e-001 -1.262751e+000 -4.976361e-001 -6.936073e-002  9.467358e-002  3.542757e-003  5.966582e-002  1.253350e-001  6.785619e-002 -2.859322e-001  7.113873e-002 -3.773152e-001 -3.251463e-001  1.742660e-001 -9.447235e-002  2.023868e-001 -2.192648e-001
-3.091314e+000 -1.187447e+001  6.703665e+000 -1.565663e+001 -2.474977e+001 -1.131151e+001 -9.248322e+000  1.029018e+001 -2.012445e+001  9.803434e+000 -1.550302e+001 -6.192848e+000  6.321445e+001  2.919953e-001 -4.956376e-001  2.173577e-001 -7.202969e-002  7.354761e-001 -9.977231e-001  9.201645e-001 -3.924089e-001 -1.409258e-001  1.256629e+000 -7.510999e-001  2.114218e-001 -3.308826e-001  8.218521e-002  2.121199e-001  1.799987e-001  2.414642e-001  1.321553e-001 -3.330914e-001  3.907069e-002 -5.138750e-001 -3.469857e-001 -6.348728e-002  2.932499e-001  1.548130e-001 -3.063992e-001
-2.928473e+000 -1.376270e+001  6.120356e+000 -1.771346e+001 -2.426946e+001 -1.483939e+001 -9.873956e+000  7.120535e+000 -2.200769e+001  9.606103e+000 -1.811640e+001 -7.827398e+000  6.242158e+001  3.101796e-001 -2.160050e-001  3.854366e-001  3.171873e-002  7.413452e-001 -1.612174e+000  8.625411e-001 -9.986959e-001 -8.297863e-001  8.237230e-001 -7.389431e-002  4.267507e-002 -6.829182e-001  6.757046e-002  5.490479e-001  3.818791e-001  5.460383e-001  1.569777e-001 -1.224537e-001  1.627350e-002 -4.830546e-001 -3.010629e-001 -1.840317e-001  7.310408e-001  2.139022e-001 -4.698218e-001
-1.864030e+000 -1.193065e+001  7.875294e+000 -1.430119e+001 -2.225982e+001 -1.361100e+001 -5.865674e+000  8.527102e+000 -1.829279e+001  1.280031e+001 -1.414607e+001 -5.613068e+000  6.195657e+001  2.327430e-001  4.997962e-001  6.452783e-001  6.668385e-001  9.161841e-001 -1.906211e+000  6.600810e-001 -1.729966e+000 -1.377929e+000  2.955657e-001  5.539697e-001  1.921865e-001 -1.091169e+000 -5.499628e-002  9.597502e-001  2.985882e-001  7.916076e-001  1.590326e-001 -4.723761e-002  6.850015e-002 -7.671673e-001 -2.698303e-002 -7.207562e-001  9.741899e-001 -2.062928e-002 -9.313899e-001
-2.584051e+000 -1.189264e+001  7.254023e+000 -1.518433e+001 -2.357518e+001 -1.773303e+001 -7.735918e+000  5.934718e+000 -2.461335e+001  9.990761e+000 -1.438087e+001 -7.412770e+000  6.059690e+001  2.740760e-001  1.560000e+000  1.392794e+000  1.775103e+000  8.861563e-001 -1.440562e+000  4.939903e-001 -2.094507e+000 -1.543904e+000 -1.358614e-002  1.739919e+000  5.814924e-001 -2.038326e+000 -1.795328e-001  1.525538e+000  1.308818e-001  1.156259e+000  6.230353e-001  2.963240e-001  6.235716e-002 -7.585456e-001  1.037691e+000 -1.163522e+000  1.023068e+000  5.057498e-002 -1.405211e+000
-2.099810e+000 -1.031052e+001  9.363223e+000 -1.358700e+001 -2.051599e+001 -1.939575e+001 -7.016935e+000  2.233256e+000 -2.571127e+001  1.108893e+001 -1.460093e+001 -5.439229e+000  5.867094e+001  3.506569e-002  3.415111e+000  1.206620e+000  3.014316e+000  1.458233e+000 -1.319717e+000  1.446941e+000 -3.680340e+000  8.121777e-002 -1.928498e+000  3.212943e+000 -1.611333e-001 -4.310128e+000 -4.419778e-001  1.503817e+000 -3.424094e-001  1.076848e+000  1.052276e+000  1.033055e+000 -1.469124e-001 -5.382404e-001  1.774023e+000 -1.573955e+000  6.777304e-001  9.129144e-002 -1.541995e+000
-1.440203e+000 -6.772765e+000  1.234036e+001 -9.195041e+000 -2.071060e+001 -1.914983e+001 -6.828373e+000 -2.050743e-001 -2.601797e+001  1.039386e+001 -9.189374e+000 -5.006855e+000  5.387276e+001 -4.886458e-001  5.954028e+000  7.591747e-001  4.639274e+000  3.585497e+000 -4.238014e-001  7.808971e-001 -3.816236e+000  3.629094e+000 -3.881856e+000  3.711961e+000  4.722099e-001 -6.099494e+000 -8.473970e-001  4.738511e-001 -1.030647e+000  3.342651e-001  1.239920e+000  1.721174e+000 -1.443586e-001  4.862325e-001  2.227278e+000 -1.325591e+000 -4.069360e-001  1.464995e-001 -1.023367e+000
-2.260626e+000  2.584967e+000  1.136522e+001 -2.224261e+000 -1.640095e+001 -1.950118e+001  9.152572e-001 -6.804704e+000 -1.718439e+001  2.956268e+000 -6.771020e-001 -7.621691e+000  4.376800e+001 -1.595785e+000  5.821867e+000 -7.499592e-001  4.618992e+000  4.827892e+000  2.750683e+000 -2.179342e-001 -3.560303e+000  4.905685e+000 -5.640076e+000  2.956601e+000  7.032849e-001 -6.770560e+000 -9.526152e-001 -2.060502e+000 -1.355966e+000 -6.761549e-001  6.872653e-001  1.529774e+000 -1.709681e-001  1.416514e+000  1.045446e+000  2.539271e-001 -1.021771e+000  5.297410e-001  9.247088e-001
-4.946872e+000  1.142976e+001  1.004890e+001  2.330663e+000 -7.705214e+000 -1.979932e+001 -7.797529e+000 -8.627485e+000 -1.073131e+001 -5.352187e+000 -2.782984e+000 -3.960490e+000  3.755090e+001 -3.147484e+000  2.725877e+000 -2.782149e+000  2.644091e+000  5.400927e+000  5.130110e+000  6.046346e-001  2.766371e-001  7.180250e+000 -4.785754e+000 -1.665902e-001  8.817809e-001 -5.924946e+000 -5.877486e-001 -4.135996e+000 -1.232525e+000 -1.369728e+000 -5.405487e-001  1.624345e-001  3.711371e-001  1.559368e+000 -7.070205e-001  1.858197e+000 -7.117869e-001  4.553569e-001  2.923843e+000
-8.325400e+000  9.697551e+000  6.759160e+000  3.745105e+000 -2.879223e+000 -5.317595e+000 -7.622029e+000 -1.135705e+001 -8.826164e+000 -9.238424e+000 -3.021124e+000 -2.445988e+000  3.297908e+001 -3.398591e+000 -5.273325e+000 -3.802550e+000  6.311332e-001  3.986845e+000  3.552200e+000  6.802316e-001  1.355794e+000  3.532872e+000 -2.069130e-001  4.336219e-002  2.282786e+000  2.261414e-001 -3.117650e-002 -3.601352e+000 -3.907533e-001 -1.168977e+000 -1.514856e+000 -1.909793e+000  5.885190e-001  1.483446e+000 -1.414004e+000  2.363543e+000 -3.405553e-002  1.832094e-001  3.684900e+000
-1.414523e+001  3.300329e+000  7.326480e-001  1.040729e+000 -4.668244e-001 -5.910726e-001  4.634428e-001  3.454286e+000  5.704170e+000 -7.437567e+000 -8.850314e+000 -3.185802e+000  2.964250e+001 -2.525986e+000 -9.178358e+000 -3.877153e+000 -2.154348e-001  1.303277e+000 -1.238756e-002  2.187500e+000  1.522556e+000  7.803988e-001  2.692549e+000  1.609646e+000  1.959244e+000  5.021369e+000  2.317350e-001 -8.115950e-001  5.088392e-001 -4.249384e-001 -2.015175e+000 -2.627949e+000  3.122752e-001  7.675215e-001 -1.522291e+000  1.022124e+000  4.507937e-001 -1.585792e-001  2.703882e+000
-1.465440e+001 -1.971695e+001 -2.989401e+000  1.576372e+000 -8.591612e-002 -1.134431e+001  1.859292e-001 -6.066618e+000 -7.737774e+000  2.964393e+000  2.573374e+000  3.404896e+000  4.885291e+001 -2.062416e+000 -6.232777e+000 -2.156224e+000  2.038697e-001 -6.975601e-001 -4.227035e+000  1.933228e+000  3.233969e+000  1.035593e+000  2.438487e+000  1.898205e+000  1.080600e+000  6.180780e+000 -8.468554e-002  2.982700e+000  8.152691e-001  2.070093e-001 -1.473979e+000 -1.133206e+000 -7.715571e-003  5.854250e-001 -3.905305e-001 -8.588397e-001 -3.304256e-001 -7.615013e-001 -5.810846e-002
-1.441230e+001 -1.975479e+001 -4.462588e+000  2.337856e+000 -2.585480e+000 -1.684790e+001 -7.640082e-001 -3.659924e+000 -7.373516e+000  2.009152e+000  2.467997e+000  2.910287e+000  5.472083e+001 -2.656896e+000 -8.523719e-001 -1.061116e+000  7.330306e-001 -2.332746e+000 -4.120018e+000  1.539512e+000  3.175157e+000  8.174357e-001 -9.978334e-001  1.159957e+000  6.899779e-001  4.617142e+000 -4.603707e-001  4.214416e+000  4.552596e-001  1.843600e-001 -4.961306e-001  7.909239e-001 -4.604385e-001  2.672317e-001  3.227524e-002 -1.150552e+000 -8.207918e-001 -6.654948e-001 -1.834093e+000
-1.850395e+001 -9.938777e+000 -1.424340e+000  4.115891e+000 -5.307695e+000 -1.832435e+001  2.657839e+000  8.369896e+000  2.890644e+000 -1.769348e+000  8.107454e-001 -9.103078e-002  5.134381e+001 -3.756564e+000  5.477182e+000 -1.134223e+000  1.191947e+000 -1.565038e+000 -6.001453e-002  9.656476e-001  3.456619e+000  1.561701e+000 -2.655920e+000 -1.383922e+000 -8.900875e-001  1.377125e-001 -3.784792e-001  2.802035e+000 -2.249154e-001 -2.211091e-001  3.237360e-001  2.212694e+000 -6.718383e-001 -7.915533e-001 -2.717883e-001 -1.581054e-001 -4.999876e-001 -4.612171e-001 -2.071023e+000
-2.550494e+001 -5.850615e+000 -5.355464e+000  3.436123e+000 -9.519664e+000 -1.770114e+001  6.925049e+000  1.211182e+001  4.477140e+000 -1.005986e+001 -2.169215e+000  2.012050e+000  5.148275e+001 -3.980766e+000  6.038740e+000 -2.111855e+000  2.123268e-001 -7.436368e-001  1.858722e+000  3.690981e-001  2.747390e+000  6.787211e-001 -5.130050e-001 -8.532500e-001 -3.828865e-001 -1.127564e+000  2.336353e-001  5.860859e-001 -3.126020e-001 -3.372696e-001  9.998256e-001  1.919941e+000 -9.933757e-001 -1.250651e+000 -4.571334e-001  1.162021e+000  1.584663e-001 -3.039115e-001 -1.397383e+000
-2.789090e+001  7.168798e-001 -8.214076e+000  6.986972e+000 -4.444016e+000 -1.121776e+001  1.169638e+000  3.330605e+000 -5.854599e+000 -4.280699e+000 -2.027629e+000 -5.964239e-001  5.116051e+001 -3.292877e+000  4.331844e+000 -2.755431e+000 -6.413236e-001  1.265655e-001  3.847064e+000 -8.407561e-001 -5.099137e-001 -2.539912e-001  1.405546e+000  4.048706e-001 -6.890527e-001 -1.301984e+000  8.647977e-001 -1.170399e+000  1.986001e-001 -1.634872e-001  8.750436e-001  5.460878e-001 -7.395747e-001 -1.247449e+000 -3.253182e-001  1.041178e+000  6.709024e-001 -2.759461e-002 -3.309467e-001
-2.962265e+001  5.111085e+000 -1.162700e+001  1.963949e+000 -6.735505e+000 -1.110758e+001  1.825582e+000  1.259667e+001  3.927113e-001  6.998024e-001 -3.790665e-001  1.248551e+000  4.917466e+001 -1.720563e+000  2.650727e+000 -1.813522e+000 -3.668237e-002  1.820580e+000  3.526149e+000 -2.524164e+000 -1.094830e+000 -5.603851e-001  2.781541e+000  1.057892e+000 -9.300969e-001 -1.649923e+000  1.090693e+000 -1.473006e+000  6.670774e-001  4.249079e-001  4.175354e-001 -2.269774e-001 -2.119567e-001 -9.482874e-001 -1.326983e-001  2.064886e-002  4.141190e-001  1.944971e-003  8.348729e-002
-3.290948e+001  6.239595e+000 -1.206573e+001  1.645360e+000 -6.066947e+000 -2.385809e+000  1.003792e+000  5.577900e+000  3.662902e+000 -1.214511e-001  1.940024e+000 -3.154544e+000  4.598794e+001 -5.626772e-001  1.319193e+000 -2.903885e-001  4.990153e-001  1.528071e+000  1.836711e+000 -1.285595e+000 -8.595144e-001  5.546628e-001  9.026951e-001  1.015019e+000 -7.544554e-001 -1.255841e+000  9.308330e-001 -1.193323e+000  4.568120e-001  5.694105e-001 -7.995905e-002 -7.699172e-001  3.288840e-001 -1.660976e-001  8.604291e-002 -6.055910e-001 -4.640398e-002  3.987250e-001  2.802043e-001
-3.159847e+001  4.641661e+000 -1.249725e+001  5.923518e+000  3.947040e-001 -4.486369e+000 -5.612848e+000  5.514019e+000 -3.083536e+000  1.768217e+000  1.136421e+000 -1.359374e+000  4.581942e+001  1.075966e-001  1.800380e-001 -8.989429e-003  1.766697e+000  6.432871e-001  1.729011e+000 -4.682660e-001 -1.819247e+000 -3.890972e-001 -1.583353e-001  9.122704e-001 -3.404603e-001 -7.331989e-001  4.978913e-001 -6.984600e-001 -6.392422e-002  1.226943e-001 -4.669248e-001 -6.801499e-001  7.363222e-001  1.170293e-001  1.671700e-001 -7.108207e-001 -1.909817e-001  4.704748e-001  3.351041e-001
-2.971638e+001  7.547556e+000 -9.230892e+000  7.502264e+000 -3.687626e-001 -5.344816e+000 -1.539121e+000  2.574358e+000 -1.343161e+000 -3.014306e-001  2.289725e+000 -3.064739e+000  4.655892e+001  4.472080e-001 -3.994278e-001 -1.373637e+000  1.304039e+000  3.154169e-001  8.960472e-001 -2.242852e-001 -9.781930e-001  9.057945e-002 -1.524708e-001  2.456617e-001  1.009754e+000 -3.593246e-001  1.464316e-001 -3.178307e-001 -3.902038e-001 -3.091725e-001 -3.471613e-001 -4.438504e-001  5.682815e-001  5.309728e-001 -2.766231e-002 -3.480009e-001 -9.509142e-002  2.310308e-001  1.916043e-001
-3.068122e+001  5.357294e+000 -1.308936e+001  7.868980e+000 -6.368162e+000 -9.830237e-001  7.557085e-001  5.002204e+000  9.502569e-001 -1.884374e-003  4.007435e+000 -4.986538e-001  4.522318e+001  2.639511e-001  1.773710e-002 -1.591519e+000  1.742770e-001  9.228364e-002  5.957313e-001  6.267918e-001 -4.503439e-001  5.075064e-001 -2.449797e-001  4.876629e-001  5.401722e-001 -4.226608e-001 -6.012245e-002  7.344174e-002  1.957259e-002 -5.731982e-001  2.263212e-002 -7.960134e-001  3.491173e-001  9.238322e-001  1.382777e-001 -2.602484e-001  3.526218e-002 -1.509997e-001  6.658344e-002
-3.113206e+001  3.884639e+000 -1.863786e+001  7.192824e+000 -1.108430e+000  3.427539e-001 -3.301913e+000  9.428431e-001  2.098903e+000  1.245390e-003  1.732826e+000  1.463866e+000  4.448944e+001  9.130325e-002 -1.888099e-001 -1.450143e+000 -2.506371e-001  6.776683e-002  1.840991e-001  1.008284e+000  1.110898e+000 -3.195062e-002 -7.939870e-001  7.518661e-001 -3.961753e-002 -4.530888e-001 -1.888894e-001  2.149068e-001  6.333547e-001 -5.263128e-001 -9.580974e-003 -7.202170e-001  4.174695e-001  6.109132e-001  1.669902e-003 -2.150346e-001 -1.781225e-002 -3.932459e-001  5.883629e-002
-2.957087e+001  6.561805e+000 -1.575136e+001  6.949623e+000  1.225956e+000 -4.351498e+000 -1.597493e+000  4.078057e+000 -2.267036e+000  3.919804e-001  3.853185e+000 -9.228152e-001  4.474086e+001 -1.506329e-002  4.419377e-001  1.271262e-001 -3.219560e-001  8.802727e-001 -1.895082e+000  6.610362e-001  1.755368e+000  3.635562e-001 -1.138819e+000  8.354791e-001 -5.707729e-001 -3.533997e-001 -2.529178e-001 -1.261461e-001  6.476539e-001 -2.643634e-001 -2.381691e-002 -2.300042e-001  1.219041e-001 -2.112086e-001 -7.765085e-002 -9.104574e-002 -3.207540e-001 -1.823275e-001  1.610374e-001
-2.981504e+001  6.001251e+000 -1.515061e+001  6.708758e+000 -3.826987e+000 -2.740083e+000  4.678899e+000  8.590922e+000  1.057323e-001 -4.468298e+000  6.126181e+000 -3.050745e+000  4.453464e+001 -3.577318e-001  4.630056e-001  9.338136e-001 -1.079408e+000 -1.264825e-001 -1.459631e+000  1.845940e+000  9.735167e-001  1.709041e-001 -7.807243e-001 -1.730767e-002 -4.010030e-001 -9.977379e-002 -1.816575e-001 -4.789601e-001  3.396963e-001 -1.985231e-001 -3.686714e-002  2.069970e-001 -2.548977e-001 -8.635097e-001 -6.371655e-002  4.589762e-001 -7.310002e-001  9.482763e-003  2.789047e-001
-3.141505e+001  6.508677e+000 -1.419736e+001  6.501234e+000 -6.075196e-001 -8.917013e+000  7.048344e-002  9.955006e+000  3.764623e+000 -3.461207e+000  5.988153e+000 -1.095212e+000  4.343358e+001 -7.761204e-001 -9.389013e-001  4.547724e-001 -7.331546e-001  7.032377e-002  2.675755e-001  8.174842e-001 -1.437696e+000  1.782486e-002 -7.068397e-001 -7.315201e-001 -1.907725e-001  2.058685e-001  2.070040e-001 -7.423356e-001 -8.861740e-002 -1.193652e-001 -4.215828e-001  6.905832e-001 -3.317484e-001 -9.503553e-001  1.356307e-001  7.045287e-001 -5.542322e-001  1.980049e-001  3.629445e-001
-3.199863e+001  6.226232e+000 -1.474579e+001  2.019979e+000 -8.241048e-001 -4.672645e+000  5.093801e+000  2.871953e+000 -6.240602e-002 -1.975782e+000  5.788028e-001 -4.549501e-001  4.464421e+001 -4.364559e-001 -1.893191e+000  8.451567e-002 -1.037653e+000  2.884056e-001  1.377554e-001 -3.444288e-001 -1.610118e+000 -1.776677e-001  1.284904e+000 -2.119636e+000 -1.822039e-001  6.618007e-001  7.435694e-001 -5.069578e-001  1.100824e-001  3.038559e-001 -5.116537e-001 -4.636601e-002 -4.974745e-001 -2.264177e-001  5.278725e-001  2.950691e-001 -2.550503e-001  2.871549e-001  2.616844e-001
-3.235968e+001  1.754809e+000 -1.367991e+001  5.628239e+000  7.613362e-002 -2.047340e+000  2.282477e+000 -2.509381e-001 -2.093842e+000 -4.388476e+000  2.969273e+000 -3.174575e+000  4.571541e+001  1.059319e+000 -2.091642e+000  1.086882e-001 -9.396596e-001 -1.435085e+000  7.591408e-001  9.747888e-002 -1.704591e+000  1.215995e+000  1.351010e+000 -8.845181e-001  3.098521e-001  1.080536e+000  1.145464e+000 -9.442838e-002  4.449257e-001  2.609921e-001 -6.162930e-001 -9.308213e-001  4.531860e-002  7.203276e-001  6.006053e-001 -7.819469e-002  1.114280e-002  2.823047e-001 -3.193847e-002
-3.152500e+001 -1.087769e+000 -1.498675e+001  1.956990e+000 -2.726786e+000 -5.486143e+000  1.850758e+000  5.643303e+000  2.146627e+000  2.419858e+000 -2.962557e+000 -2.922084e+000  4.670272e+001  2.442396e+000 -1.495413e+000  1.657268e+000  5.431238e-001 -1.932046e+000 -1.937244e+000 -2.814292e-001 -2.512467e-002  2.211181e+000 -3.343038e-001 -1.216060e+000  7.844594e-001  7.713146e-001  1.230139e+000  2.143958e-001  6.764482e-001  4.504676e-001 -1.394676e-001 -7.240750e-001  5.606732e-001  9.894244e-001  2.806152e-001 -8.839571e-001  1.201583e-001 -1.394200e-001 -3.460541e-001
-2.635527e+001 -2.925327e-001 -1.353344e+001  1.834430e+000 -6.831606e+000 -4.714560e+000  2.179399e+000  4.637676e-002  8.740084e+000  1.096024e+000  3.336243e+000  1.687615e+000  4.780700e+001  3.511775e+000 -1.609932e+000  1.893025e+000 -2.185828e-001 -1.900915e+000 -3.349031e+000  1.012577e+000  1.371445e+000  1.826427e+000 -2.882091e-001 -1.127594e+000  7.374196e-001 -8.580780e-003  9.299559e-001  1.857573e-001  4.043657e-001  3.348808e-001  8.738657e-001 -6.064727e-002  4.391528e-001  9.573890e-001 -7.705963e-001 -7.240129e-001 -2.235145e-001 -7.342974e-001 -7.165330e-001
-2.278886e+001 -2.271646e-001 -6.532690e+000  6.632503e+000 -7.030465e+000 -1.302525e+001  3.738194e+000  2.597672e+000  5.576538e+000 -6.389551e+000 -5.684982e+000  1.036252e+000  4.745499e+001  4.488009e+000 -1.062067e+000  2.574589e+000  8.541464e-001 -1.760177e-001 -1.428533e+000  2.001388e+000  1.798986e+000  9.201924e-001 -2.315272e+000 -1.397306e+000 -1.093088e+000 -5.239117e-001  3.290556e-001  2.731062e-002 -4.217555e-001 -2.006530e-001  1.318805e+000  1.082652e+000  4.642290e-002  3.137001e-001 -1.254420e+000  9.154849e-002  7.729320e-002 -7.658048e-001 -9.061412e-001
-1.916887e+001 -6.725153e+000 -8.441813e+000  2.197569e+000 -7.276602e+000 -1.502294e+001  6.401647e+000  8.129102e+000  5.323336e+000 -1.424817e+000 -1.307483e+000 -1.466645e+000  4.529638e+001  4.686292e+000 -1.379529e+000  1.671856e+000  5.792332e-001  2.056229e+000  2.015492e-001  1.151834e+000  2.170299e+000 -1.991491e+000 -1.278570e+000 -1.911467e+000 -2.422861e+000 -1.854516e+000 -5.384692e-001  3.709710e-002 -8.173707e-001 -2.209653e-001  1.164192e+000  1.346439e+000 -7.124556e-001 -3.179727e-001 -1.204569e+000  2.260355e-001  4.299338e-001  1.426315e-001 -8.535331e-001
-1.267816e+001 -3.181794e+000 -4.659623e+000  6.046153e+000 -3.384376e+000 -7.474618e+000  9.746575e+000  1.059687e+001  8.455962e+000 -7.896079e+000 -7.627226e+000 -6.810392e+000  4.533848e+001  3.500416e+000 -1.474062e+000 -3.409253e-001 -8.590490e-001  2.683406e+000  1.700728e+000 -1.189432e-001  1.143949e+000 -2.151960e+000  6.186191e-001 -4.376572e-001 -1.464424e+000 -2.836424e+000 -1.333052e+000  7.140075e-002 -9.574263e-001 -4.791822e-001  5.523007e-001  7.555628e-001 -9.602934e-001 -6.848112e-001 -8.615190e-001  3.020205e-001  7.415452e-001  1.370561e+000 -5.807617e-001
-7.979159e+000 -5.712862e+000 -6.110688e+000  5.023771e+000  1.626495e+000 -6.482131e+000  4.934381e+000  6.898272e+000 -2.657086e+000 -4.543563e+000 -5.249973e+000 -6.503370e+000  3.959267e+001  1.313226e+000 -1.218449e+000 -7.360718e-001 -4.668117e-001  2.490335e+000  1.818531e+000 -1.489535e+000  1.090999e-001 -2.660341e+000 -6.249770e-001  5.422506e-001  1.636246e+000 -3.119990e+000 -1.511914e+000  3.980066e-001 -4.219663e-001 -2.708593e-001 -3.258649e-001  2.654828e-001 -1.972020e-001 -5.684146e-001  1.725135e-002 -2.075312e-001  7.620533e-001  1.424424e+000  9.776070e-002
-1.088164e+001 -8.103620e+000 -9.402879e+000  9.241568e-001  1.935016e+000 -8.792021e+000  3.877111e+000  8.932831e+000 -1.193051e+000 -1.737083e+000 -5.902024e+000 -3.767507e+000  3.612472e+001 -4.907176e-001 -7.856030e-001 -1.008579e+000 -1.018742e+000  2.368433e+000  1.540790e+000 -1.479394e+000 -5.944706e-001 -3.052978e+000 -1.131966e+000  1.083561e+000  3.730162e+000 -2.794983e+000 -9.394100e-001  4.887089e-001  2.555377e-001  1.046181e-001 -8.005146e-001 -1.849842e-001  7.905836e-001 -2.890813e-001  1.437017e-001 -2.355513e-001  6.247861e-001  5.374621e-001  6.389788e-001
-1.350100e+001 -1.035649e+001 -9.750545e+000  2.424508e+000  2.515374e+000 -5.271584e+000  1.888705e+000  9.506621e+000 -3.153863e+000 -7.629200e+000  5.411687e-001  5.193141e+000  3.430330e+001 -8.777132e-001  2.662751e-001 -1.041485e-001 -6.952169e-001  5.843908e-001  1.608932e+000  8.460499e-001  1.974355e-001 -1.454726e+000 -1.440934e+000  1.138190e+000  2.101964e+000 -1.386433e+000 -1.747627e-001  3.514877e-001  3.256851e-001  7.999567e-002 -9.899147e-001 -4.880581e-001  1.057208e+000 -2.386410e-001  4.025723e-001  4.385910e-001  2.572938e-001 -7.264407e-001  8.359343e-001
-1.237082e+001 -4.787997e+000 -7.882590e+000  2.252074e+000  8.013350e+000 -3.759443e-001  3.872443e+000  6.320343e+000 -6.560539e+000 -1.201309e+001 -5.104993e+000  5.992161e+000  3.400825e+001 -1.011647e-001  2.271204e-001  6.208014e-001 -2.217559e-001 -3.661953e-001  8.806059e-001  2.666182e+000 -3.456256e-001 -2.036259e+000 -1.511589e-001  2.388304e+000  9.900267e-001 -5.083084e-001  2.016105e-001  1.262300e-001  2.310491e-001  1.031920e-001 -1.008355e+000 -4.716648e-001  4.354466e-001 -3.326803e-001  7.511145e-001  7.959777e-001  8.479884e-002 -1.078315e+000  6.570781e-001
-1.162313e+001 -6.039298e+000 -7.391575e+000  8.837277e-001  1.509281e+000 -2.645507e+000  9.166964e+000  9.191693e+000 -7.246970e+000 -6.610228e+000  4.246245e-002 -8.733823e-001  3.371875e+001  2.446361e-001  3.262772e-002  7.766376e-002 -4.653265e-001 -1.091925e+000 -2.916672e-001  1.723716e+000 -1.208528e+000 -1.155839e+000  1.077575e+000  1.176348e+000 -6.258904e-001 -8.365631e-002  1.392031e-001  1.137310e-001  1.259581e-001  1.468620e-001 -2.019018e-001 -1.092585e-001 -6.064863e-001 -7.799349e-001  4.949504e-001  5.772562e-001 -4.710995e-001 -6.437316e-001  2.598397e-001
-1.232640e+001 -9.126612e+000 -7.478356e+000  5.857676e-001  6.070858e-001 -5.702029e+000  1.356889e+001  7.362167e+000 -9.327792e+000 -3.002363e+000  6.288847e+000  4.215888e+000  3.387546e+001 -4.383955e-002 -3.762922e-002  5.576024e-002 -6.177274e-001 -1.835182e+000  1.327656e-001  2.590058e-001 -1.554891e+000  5.531512e-001  1.588669e+000  1.488476e+000 -2.974841e-001 -1.609814e-001 -2.661680e-002  4.571313e-001  2.225211e-001  6.935950e-002  2.311209e-001  4.182147e-001 -1.067930e+000 -5.198331e-001  4.654729e-001  8.003987e-002 -8.134271e-001 -6.563959e-001  4.656452e-003
-1.230003e+001 -8.024039e+000 -9.564342e+000  9.310290e-001  7.588820e-001 -4.066877e+000  5.659060e+000  2.943072e+000 -7.549432e+000 -6.746688e+000  7.259889e-001  2.951825e+000  3.395142e+001 -2.103603e-001  9.673051e-001  8.081627e-001  2.370787e-001  3.093752e-001  1.436560e+000 -9.827933e-001 -3.097607e+000 -2.746785e-001  5.754336e-001 -7.673937e-001 -4.729380e-001 -2.608978e-001 -1.508512e-001  4.662778e-001  3.853306e-001  3.976816e-002  3.215623e-001  5.650336e-001 -4.833095e-001  2.374681e-001  2.090071e-001  3.765423e-002 -4.517215e-002 -2.715631e-001 -9.206520e-002
-1.225157e+001 -3.983772e+000 -6.517405e+000 -8.602134e-001 -7.873598e-001  9.985685e-001  6.921424e+000  1.670200e+000 -3.643551e+000 -4.001514e+000  1.995623e+000  2.592137e+000  3.308701e+001 -6.750488e-003  2.045438e+000  1.368157e+000 -2.261610e-001  8.875933e-002  2.107566e+000 -1.320211e+000 -2.000252e+000 -1.494746e-001  5.001111e-001 -7.069611e-001 -2.368429e+000 -3.964054e-001 -9.642236e-002  1.123116e-001  7.094464e-002 -1.518153e-001  1.747546e-001 -3.624849e-002 -2.562004e-002  9.045782e-001  4.729269e-002  2.175872e-002  3.584832e-001  1.780710e-001  1.055244e-002
-1.271235e+001 -3.774192e+000 -3.831238e+000  2.792112e+000  3.753380e+000  1.186995e+000  7.576731e+000 -3.450357e+000 -1.146248e+001 -3.233485e+000 -1.647894e+000 -2.426197e+000  3.280848e+001 -5.281646e-001  1.322483e+000  1.348118e+000 -4.622689e-001 -4.460841e-001  1.546101e+000  9.677677e-002  2.014935e-001  2.405092e-001  1.810125e+000  2.048206e+000 -9.482335e-001 -4.262703e-001 -3.421213e-002 -3.532491e-001 -2.898427e-001 -3.714658e-001 -4.324130e-001 -4.629469e-001  2.113408e-001  1.012803e+000  5.164202e-001  4.574927e-002  6.863124e-001  7.650406e-001  7.937843e-002
-1.215399e+001 -1.024343e+000 -3.504122e+000 -1.475579e+000 -4.463667e-001  2.208864e+000  6.009000e+000  5.576239e-001 -8.118640e+000 -2.258409e+000  3.940983e+000 -4.937246e+000  3.246490e+001 -3.670492e-001  3.463400e-001  1.405057e-001 -1.027130e+000 -5.836794e-001 -1.032471e-001 -4.088795e-001  1.318450e+000  5.320209e-001  1.080117e+000  1.873092e+000  8.305185e-001 -2.553291e-002  6.029415e-004 -4.145586e-001 -2.978983e-001 -3.317426e-002 -3.379065e-001 -6.842572e-001  1.229073e-001  1.512213e-001  3.239650e-001 -3.937723e-001 -2.156946e-001  9.849352e-001  7.441708e-002
-1.498965e+001 -2.891339e+000 -4.330393e+000 -1.072633e+000 -1.642035e+000  3.058479e+000  6.599156e+000  4.506827e+000 -4.109342e+000  1.432384e+000  9.994338e+000  1.975349e+000  3.213112e+001 -2.012716e-001  5.060892e-002 -2.722490e-002 -1.219765e+000 -1.516470e+000  2.272321e-001 -3.817550e-001  3.070597e-001  1.966675e+000  5.141771e-001  1.374142e+000  1.752791e+000 -4.944191e-002  2.143962e-001  9.988355e-002  8.166829e-002  3.765584e-001 -1.381145e-001 -4.807700e-001 -7.368171e-002 -5.318567e-001  9.615071e-002 -6.295779e-001 -1.107943e+000  3.478701e-001  1.032608e-002
-1.294817e+001 -2.693499e+000 -5.565299e+000 -4.063492e+000 -1.008049e+000 -4.534085e-001  5.365814e+000  4.283858e+000 -4.660017e+000 -9.338650e-001  5.539967e+000  4.543957e+000  3.329802e+001 -1.671823e-001  6.085822e-001  5.663373e-001 -1.328402e-002 -1.065580e+000 -6.542858e-001 -4.664091e-001 -1.296928e+000  6.072671e-001 -8.207765e-001 -1.448402e+000  1.205734e+000 -2.127342e-001  2.292701e-001  4.279856e-001  3.442729e-001  5.893403e-001  2.572042e-002 -1.007113e-001 -3.833781e-003 -5.845355e-001  3.997875e-002 -7.688212e-002 -7.405536e-001 -3.060930e-001 -7.586435e-002
-1.332162e+001 -2.686570e+000 -2.936774e+000 -2.012759e+000 -3.548131e+000  3.654293e+000  5.989549e+000 -3.778176e+000 -3.358418e+000 -1.324872e+000  4.423322e+000  1.597158e+000  3.214471e+001  4.438830e-001  1.690780e+000  1.543544e+000  9.136001e-001 -8.957065e-001 -5.822297e-001 -2.428669e-001 -1.150101e+000  6.836396e-001 -3.873179e-001 -1.830763e+000  6.035091e-001 -2.810392e-001  1.928351e-001  3.558591e-001  2.780342e-001  4.999645e-001  6.186303e-001 -7.920118e-002 -1.988802e-001  6.286440e-002 -2.123006e-001  4.508819e-001 -2.472334e-001 -6.559650e-001 -1.854667e-002
-1.382392e+001  1.916183e+000 -1.369245e+000 -1.071936e+000 -4.821220e+000 -1.360472e+000  3.981758e+000 -1.784514e+000 -5.457766e+000 -4.983664e+000 -5.155181e-001  1.280522e+000  3.139443e+001  4.567242e-001  1.666183e+000  1.076486e+000  8.528884e-001 -7.654593e-001 -2.020725e-001 -4.974924e-001 -8.756472e-001  1.373432e+000  1.146454e+000 -2.272236e-001 -1.253058e-001 -2.890560e-001  3.476474e-001 -1.466395e-001 -3.553656e-002  2.068345e-001  8.229911e-001  3.072675e-001 -4.420936e-001  1.372128e-001 -2.797930e-001  4.330630e-001  1.662051e-001 -1.083595e+000  2.095463e-001
-1.233236e+001  3.257718e+000  1.289299e+000  1.999589e+000 -4.213982e+000  6.008618e-001  6.076849e+000  1.790509e+000 -2.922695e-001  1.520694e+000  3.868267e+000  6.624612e+000  3.167772e+001  4.509506e-001  1.301104e+000  1.107872e+000  8.469710e-001  1.426621e+000 -3.948804e-001 -1.360614e+000  4.107413e-001  5.220897e-001  1.784972e+000 -4.726148e-001 -8.615134e-001 -1.040144e-001  4.293607e-001 -5.854565e-001 -4.304225e-001  9.419555e-003  5.444859e-001  7.607898e-002 -4.867051e-001 -3.363999e-001 -7.162317e-001 -3.789684e-001 -1.086517e-001 -1.435897e+000  4.080953e-001
-1.115918e+001  2.665270e+000 -2.295908e+000 -1.805224e+000 -4.502420e+000  6.294443e-002  2.834701e+000 -2.878720e+000  6.740704e-001  3.375620e+000  4.681376e+000  1.403701e+000  3.208624e+001  1.567521e+000  7.022226e-002  6.064904e-001  1.054203e+000  1.888211e+000  7.883772e-001 -2.118003e+000 -1.391285e+000 -7.109230e-001  2.583937e-001 -1.296450e+000 -3.479728e+000  7.464849e-001  2.378438e-001 -5.152528e-001 -4.051123e-001 -8.538535e-002 -3.957760e-002 -2.841023e-001 -1.647899e-001 -4.347686e-001 -9.042720e-001 -8.533580e-001 -2.018164e-001 -1.005890e+000  2.697692e-001
-1.239924e+001  3.444407e+000  3.065918e+000  2.588740e+000  3.425573e+000  9.681823e-001 -2.399949e-001 -1.177366e+000 -3.813888e+000  3.420345e+000 -5.381986e-001 -2.771999e+000  3.127873e+001  2.035288e+000 -4.385228e-001 -3.735714e-001  8.600407e-001  4.998879e-001 -6.970596e-001 -1.866137e+000 -2.574282e+000 -1.855341e+000 -1.838130e+000 -1.839407e+000 -4.898765e+000  1.241667e+000 -4.814841e-001 -3.376651e-001 -4.160714e-001 -2.468180e-001 -5.908916e-001 -3.285934e-001  4.519917e-001  7.933670e-002 -1.276700e-001 -3.672628e-001  3.171629e-001  1.053642e-001 -2.173370e-001
-5.952871e+000  2.173950e+000  7.748973e-001  3.904503e+000  8.000598e-001  2.397754e+000 -3.449836e+000 -7.257002e+000 -7.251572e+000 -4.641521e+000 -4.794538e+000 -1.141981e+001  3.532635e+001  8.537742e-001 -4.026813e-002 -2.083544e-001  4.194268e-001 -4.999809e-001 -1.471494e+000 -1.068681e+000 -1.556979e+000 -1.959212e+000 -1.308785e+000 -5.529091e-001 -3.136130e+000  3.869494e-001 -1.413305e+000 -3.341422e-002 -7.894574e-002 -4.131878e-001 -1.119210e-001  2.529403e-001  1.182965e+000  1.526652e+000  1.124668e+000  7.469897e-001  8.558935e-001  1.432798e+000 -8.084928e-001
-4.759067e+000  1.310764e+000 -2.113961e+000  3.444929e+000 -4.365783e+000 -4.051841e+000 -1.115670e-001 -8.891759e+000 -5.606155e+000 -3.661386e+000 -5.908137e-001 -1.145745e+001  3.626600e+001 -1.599597e+000 -3.319760e-001 -5.650627e-001 -6.973103e-002 -3.337411e-001 -9.079119e-001  3.746827e-001  8.902716e-001  5.078843e-001  7.322474e-001  7.414290e-001 -5.064918e-001 -1.010932e+000 -1.426116e+000 -4.006393e-001  3.131616e-001 -9.813283e-001  4.423726e-001  7.861398e-001  6.278706e-001  1.807743e+000  1.266749e+000  9.589201e-001  8.144828e-001  1.723291e+000  1.508658e-001
