35 39
 5.510108e+000 -3.889892e+000 -3.377014e+000  1.107720e+001 -9.977386e+000 -1.852837e+001  1.550533e+001 -1.216552e+001 -4.068787e+000  2.347065e+000  3.030473e+000 -1.548008e+001  5.773896e+001  8.898178e-001 -1.717760e-001 -1.445692e+000 -1.643935e+000 -2.146844e+000  1.032312e-001  2.657161e+000  2.471086e+000  4.880952e-001 -4.129019e+000  1.562947e+000  1.994121e+000  4.374149e-001 -3.339448e-001  2.963879e-001  1.335299e+000 -1.958737e-001 -4.882818e-001 -5.678151e-001 -8.023502e-001  1.734157e+000 -2.559463e-001  6.130177e-001 -1.078226e+000 -1.139223e+000 -1.060620e-001
 5.748150e+000 -2.491082e+000 -1.507843e+000  8.603085e+000 -1.274762e+001 -1.944957e+001  1.429786e+001 -2.157210e+000 -6.154910e+000 -5.419841e+000  5.076119e+000 -1.407500e+001  5.765722e+001  1.763622e-001  5.951180e-001  5.404555e-001 -1.748814e+000 -2.652691e+000 -4.910271e-001  9.744228e-001  4.200557e+000  3.722556e-001 -2.168753e+000  5.526945e-001 -1.125422e+000  1.764378e-001 -4.050377e-001  3.296098e-001  1.118344e+000  1.819929e-001  2.194419e-002 -4.706677e-001 -8.193213e-001  2.575042e-001  8.378144e-002  1.500062e+000 -9.260296e-001 -1.669086e+000 -1.855542e-001
 5.353509e+000 -1.281167e+000  9.119084e-001  7.981030e+000 -1.475303e+001 -2.163942e+001  1.586286e+001  1.824440e+000 -7.215497e+000 -3.363148e+000  1.641056e+000 -1.960699e+001  5.713259e+001 -5.774242e-001  1.092944e+000  1.906039e+000 -7.991344e-001 -1.829487e+000 -1.131704e+000  1.841669e-002  3.126361e+000  3.575510e-001  6.769578e-002 -2.194614e-001 -3.449536e+000 -1.289822e-001 -2.304245e-001  1.044192e-001  2.540206e-001  3.921631e-001  2.523030e-001 -1.969702e-002 -5.302324e-001 -9.860633e-001  3.482739e-001  1.415432e+000 -5.638169e-001 -7.460310e-001 -7.923340e-002
 3.113530e+000  1.005671e+000  2.299181e+000  7.276362e+000 -1.600478e+001 -2.235640e+001  1.468858e+001  2.268332e+000 -3.499949e+000 -2.336681e+000  5.034017e+000 -2.770982e+001  5.760505e+001 -3.302313e-001  6.249632e-001  1.046274e+000 -4.836106e-001 -1.436445e+000 -5.948912e-001  2.110737e-001  2.958647e-001  1.686563e+000  1.280420e+000 -3.488292e-001 -3.051197e+000 -8.278160e-002  7.752312e-002 -1.503262e-001 -6.578515e-001  2.536410e-001  2.339828e-001  4.712358e-001 -1.040990e-001 -1.201009e+000  3.522908e-001  5.540347e-001 -5.668781e-001  6.667951e-001  7.480163e-002
 3.940297e+000 -1.735475e-001  4.249669e+000  7.744889e+000 -1.749624e+001 -2.273348e+001  1.540205e+001  1.253512e+000 -3.608512e+000  1.143964e+000  1.954217e+000 -2.591035e+001  5.712013e+001 -9.007978e-003  3.353975e-001 -4.284984e-001 -3.157209e-001 -1.493452e+000  5.667820e-002  3.876736e-001 -5.068842e-001  1.572311e+000  1.223554e+000 -8.053759e-001 -7.731463e-001  1.708576e-001  2.383507e-001 -2.090694e-001 -1.119629e+000 -1.105900e-001  5.433644e-002  9.294122e-001 -2.690240e-002 -4.833175e-001  5.879765e-002 -2.790385e-001 -4.967636e-001  1.302299e+000  1.959733e-001
 4.803599e+000  7.992418e-002  2.054648e+000  6.303102e+000 -1.855824e+001 -2.187699e+001  1.558363e+001 -3.924219e-001  4.744113e-001 -1.271297e+000  3.175393e+000 -2.617931e+001  5.724954e+001  2.797697e-001  2.222606e-001 -1.581533e+000 -7.223158e-001 -1.650794e+000  1.270961e+000  2.692994e-001  1.213353e-002  1.526329e+000  2.349151e-002 -1.988739e+000  8.703594e-001  4.005260e-001  1.635927e-001 -1.715803e-001 -8.240846e-001 -3.107237e-001  1.015740e-001  1.158355e+000 -2.765912e-001  3.905207e-001 -5.059142e-001 -6.207690e-001 -4.291905e-001  1.157370e+000  1.851948e-001
 4.463434e+000  8.586946e-001 -1.108317e+000  6.889056e+000 -2.094356e+001 -2.159573e+001  1.735370e+001  6.203964e-001 -1.341121e+000  2.221928e+000 -1.456511e+000 -2.423798e+001  5.816463e+001  3.093290e-001  2.489486e-001 -2.378202e+000 -1.232732e+000 -1.450630e+000  2.582431e+000 -1.452082e-001  8.516393e-001  7.316560e-001 -6.990325e-001 -1.883324e+000  1.101180e+000  6.092304e-001  8.204094e-002 -2.912631e-001 -2.784529e-001 -4.157594e-001  5.283176e-001  1.128070e+000 -5.001564e-001  3.916124e-001 -6.431422e-001 -7.245553e-001  1.567596e-001  6.276345e-001  9.990078e-002
 4.250810e+000  1.600853e+000 -2.929491e+000  4.092700e+000 -2.253509e+001 -1.657047e+001  1.505925e+001  2.645557e+000  2.998003e+000 -2.758205e+000 -3.204314e+000 -2.419421e+001  5.908543e+001  3.285638e-001 -1.897136e-001 -2.099297e+000 -1.578724e+000 -9.499859e-001  3.934010e+000 -9.054413e-001  1.569206e+000 -4.226803e-001 -8.621318e-001 -1.955808e+000  1.798490e+000  6.240059e-001 -1.277280e-002 -4.464340e-001  1.816452e-001 -2.497966e-001  1.063107e+000  6.643180e-001 -6.214592e-001 -9.841672e-002 -6.651444e-001 -5.164447e-001  9.400026e-001  2.832452e-001  2.558350e-002
 5.763337e+000  3.107308e-001 -5.149274e+000  2.686432e+000 -2.276097e+001 -1.247459e+001  1.493819e+001  3.992719e+000 -1.212028e+000 -1.607745e+000 -4.272551e+000 -2.139700e+001  5.924834e+001  3.767997e-001 -9.149310e-001 -1.561881e+000 -1.966314e+000  7.977320e-001  4.365504e+000 -1.525738e+000  6.726415e-001 -6.688948e-001 -1.956411e+000 -3.804370e-002  1.900961e+000  5.586216e-001 -6.860363e-002 -5.027784e-001  4.663087e-001 -3.126910e-002  1.354052e+000  7.227524e-002 -5.943608e-001 -6.104258e-001 -4.258312e-001 -3.348458e-001  1.298812e+000  1.897098e-001 -2.559817e-002
 5.796467e+000 -5.946617e-001 -6.421358e+000  5.107959e-001 -2.239946e+001 -6.767513e+000  1.226418e+001  5.767449e+000 -1.703537e+000 -3.667119e+000 -5.195626e+000 -1.860735e+001  5.982772e+001  1.821704e-001 -1.427970e+000 -1.081468e+000 -1.604507e+000  2.540557e+000  3.701014e+000 -2.147732e+000 -3.904511e-001 -1.099118e+000 -1.930043e+000  1.788634e+000  1.886695e+000  5.537480e-001 -1.018193e-001 -3.694050e-001  4.887247e-001  1.205642e-001  1.110199e+000 -2.645882e-001 -5.062676e-001 -7.488206e-001 -3.092253e-001  4.118762e-002  1.132213e+000  1.732484e-001 -2.768288e-002
 5.574604e+000 -2.618203e+000 -7.171789e+000 -1.151561e+000 -1.702271e+001 -4.669684e+000  1.112255e+001  2.422658e+000 -2.334826e+000 -7.105672e+000 -6.510739e-001 -1.752661e+001  6.058660e+001  3.950758e-002 -1.645815e+000 -5.555736e-001 -1.376185e+000  3.574360e+000  3.060305e+000 -2.495867e+000 -1.220661e+000 -1.059281e+000 -1.839306e+000  2.738513e+000  2.005626e+000  5.163685e-001 -1.326267e-001 -1.251039e-001  3.512860e-001  3.109849e-001  3.484669e-001 -3.051146e-001 -3.783301e-001 -4.168070e-001 -2.520477e-001  7.040563e-001  1.420500e-001  2.574192e-001 -9.240645e-003
 5.256028e+000 -4.074529e+000 -7.325572e+000 -2.010841e+000 -1.270144e+001 -1.967846e+000  6.228415e+000  1.478332e+000 -1.936186e+000 -9.659455e+000  3.928118e+000 -1.669593e+001  6.118504e+001 -1.188688e-002 -1.671296e+000 -1.588269e-001 -1.270967e+000  3.212697e+000  3.263669e+000 -2.951715e+000 -1.228245e+000 -1.773614e+000 -7.147464e-001  2.316980e+000  2.612399e+000  5.067180e-001 -1.237176e-001  8.541636e-002  2.765530e-001  3.884148e-001 -3.287568e-001 -4.227043e-001 -1.044695e-001 -1.379938e-001  1.711347e-001  1.101390e+000 -9.039806e-001  2.735405e-002 -2.112358e-002
 6.231094e+000 -6.178412e+000 -7.475035e+000 -2.933675e+000 -9.738180e+000  4.271053e-001  5.476742e+000  3.397256e-002 -6.392110e+000 -7.808106e+000  4.858140e+000 -1.232458e+001  6.115152e+001 -1.893053e-001 -1.418787e+000 -2.667716e-001 -5.781597e-001  2.203996e+000  3.058604e+000 -3.015397e+000 -9.924964e-001 -1.591885e+000  9.562216e-001  4.080330e-001  2.825204e+000  5.359333e-001 -9.084208e-002  1.699580e-001  2.086258e-001  5.699634e-001 -6.024264e-001 -8.316098e-001  1.125808e-001 -2.444055e-002  8.290415e-001  1.084926e+000 -1.336293e+000 -4.693753e-001 -4.442250e-002
 5.408787e+000 -7.171039e+000 -7.063869e+000 -4.952982e+000 -9.978241e+000  7.002436e+000  3.285083e-001  8.205651e-001 -8.542962e+000 -6.889634e+000  3.634669e+000 -8.146367e+000  6.207885e+001 -3.220111e-001 -1.114402e+000  1.568965e-001 -6.144631e-002  1.581955e+000  1.588343e+000 -2.410315e+000 -1.194502e+000  2.285795e-002  2.179145e+000 -1.566029e+000  1.613676e+000  4.383476e-001 -3.093690e-002  1.820165e-001  1.899979e-001  7.917351e-001 -5.849442e-001 -1.316885e+000  2.282465e-001  9.568461e-002  1.533664e+000  2.932564e-001 -9.006625e-001 -1.035871e+000 -9.744835e-002
 4.551698e+000 -8.163884e+000 -8.636497e+000 -2.571289e+000 -7.364326e+000  6.138194e+000 -1.004482e+000 -2.210940e+000 -6.990864e+000 -3.709475e+000  1.535815e+000 -7.675367e+000  6.281936e+001 -2.596408e-001 -1.074472e+000  3.296939e-001  8.688714e-001  1.377600e+000 -2.600812e-001 -2.203663e+000 -1.359735e+000  2.187691e+000  2.138377e+000 -2.001446e+000  1.581115e-001  3.284412e-001  2.798085e-002  1.522422e-001  2.716997e-001  6.746190e-001 -5.660788e-001 -1.250846e+000  9.943847e-002  3.489499e-001  1.682550e+000 -7.965068e-001 -3.838710e-002 -1.116267e+000 -1.254289e-001
 4.485671e+000 -8.653804e+000 -5.960358e+000 -2.499266e+000 -5.978588e+000  3.118326e+000 -2.582546e+000 -3.371723e+000 -1.522519e+000 -8.130444e-001 -2.240865e+000 -1.095216e+001  6.254286e+001 -1.314036e-001 -9.333712e-001  4.929300e-001  1.964193e+000  7.011748e-001 -1.661412e+000 -2.216350e+000 -5.662029e-001  4.004920e+000  1.604579e-001 -9.815930e-001 -1.233408e+000  1.232224e-001  4.352182e-002  1.649015e-001  1.801838e-001  4.828002e-001 -7.415612e-001 -5.386120e-001 -8.984556e-002  6.251419e-001  1.034771e+000 -1.373101e+000  5.169902e-001 -5.724804e-001 -1.132896e-001
 5.394449e+000 -1.080939e+001 -6.378322e+000  1.838235e-001 -4.850008e+000  1.068754e+000 -4.086046e+000 -4.668560e+000  1.036121e+000 -1.545152e-001 -2.211322e+000 -1.013113e+001  6.256172e+001 -1.447047e-001 -7.480917e-001  9.237101e-001  1.782116e+000 -1.860075e-001 -1.570746e+000 -2.615187e+000  4.381035e-001  4.829834e+000 -2.016968e+000 -7.612060e-002 -1.332591e+000  6.635132e-002 -7.357448e-003  2.762656e-001  1.859459e-001  5.122729e-002 -7.166852e-001  5.570047e-002 -8.282752e-002  7.450413e-001  1.568722e-001 -1.124140e+000  5.016901e-001 -2.530883e-001 -9.567905e-002
 4.330394e+000 -1.051514e+001 -5.728307e+000  3.490427e+000 -7.729526e+000  1.230094e+000 -9.212458e+000 -7.816398e-001  7.468145e+000 -7.864824e+000  6.002731e-001 -1.308553e+001  6.282378e+001 -1.618700e-001 -4.530848e-001  7.608076e-001  1.895932e+000 -1.344047e+000 -4.493843e-001 -2.653780e+000  1.032288e+000  3.875641e+000 -2.608686e+000  5.625942e-002 -5.033749e-001  2.944565e-003  3.903466e-003  3.035684e-001  2.570902e-001 -4.058816e-001 -3.563341e-001  1.326826e-001  3.125888e-001  3.914873e-001 -6.303282e-001 -2.142817e-001  1.824100e-001 -5.696164e-002 -1.101257e-001
 3.905813e+000 -1.097367e+001 -4.133972e+000  3.344442e+000 -7.418894e+000 -7.714195e-001 -1.076546e+001 -1.315464e+000  1.266297e+001 -1.026843e+001 -2.653570e-001 -1.327164e+001  6.301065e+001 -2.811948e-001  6.671219e-002  1.125484e+000  1.159138e+000 -1.183215e+000 -5.875929e-001 -2.399085e+000  1.566226e+000  3.036691e+000 -2.097753e+000 -1.192121e-002 -1.472347e+000 -8.981514e-002  8.907017e-004  3.911458e-001  2.388250e-001 -4.923211e-001  1.947337e-001 -2.167596e-001  7.338591e-001  6.052210e-002 -1.154701e+000  4.454899e-001  3.280372e-001 -3.273585e-001 -1.910086e-001
 4.420639e+000 -1.083709e+001 -3.278494e+000  5.400087e+000 -1.141438e+001  1.791492e+000 -1.251174e+001  1.131687e-001  1.204226e+001 -8.799519e+000 -2.932551e+000 -1.189878e+001  6.233311e+001 -4.364126e-002  1.770689e-001  1.677494e+000  2.462736e-001 -5.818917e-001 -1.489576e+000 -7.614566e-001  8.271725e-001  1.749850e+000 -8.705584e-001 -1.016426e-001 -1.448338e+000 -3.493229e-001 -8.392596e-002  4.995617e-001  4.732808e-001 -3.178671e-001  6.979514e-001 -7.365081e-001  1.029974e+000 -3.057403e-001 -1.436102e+000  7.474685e-001  4.969509e-001 -4.788390e-001 -3.195381e-001
 3.943352e+000 -1.031486e+001 -1.975807e+000  5.024684e+000 -8.923658e+000 -2.149909e+000 -1.443183e+001  2.715166e+000  1.393252e+001 -1.017593e+001 -5.045161e-001 -1.808624e+001  6.235798e+001 -1.993656e-001  8.925604e-001  1.659492e+000  1.453393e-001  4.065832e-001 -2.134448e+000  1.079469e-001  8.432717e-001  1.192224e-001 -6.585830e-001  1.643016e+000 -2.496902e+000 -7.125580e-001 -1.017406e-001  5.964819e-001  4.740590e-001  3.439549e-001  4.213723e-001 -7.088388e-001  1.216810e+000 -5.990208e-001 -1.690014e+000  8.083133e-001  1.612398e-001  6.041557e-002 -4.596719e-001
 4.093418e+000 -9.959205e+000  1.580079e+000  3.881674e+000 -9.886601e+000 -5.528543e+000 -1.118656e+001  1.338907e+000  1.558262e+001 -1.226386e+001  2.116397e-001 -1.791992e+001  6.140350e+001 -6.224144e-001  1.631799e+000  2.860208e+000  8.134965e-001  1.350811e+000 -3.358497e+000  1.242574e+000 -1.349363e-001 -1.846137e+000  4.090714e-001  1.713545e+000 -2.385292e+000 -1.283374e+000 -6.301285e-002  5.499753e-001  2.222502e-001  8.447591e-001  1.015816e-002 -4.818390e-001  9.869097e-001 -5.170568e-001 -1.587745e+000  8.750890e-001 -5.547217e-001  5.475037e-001 -4.372277e-001
 3.072596e+000 -6.949813e+000  1.734201e+000  4.830345e+000 -6.149868e+000 -7.783642e+000 -1.088832e+001  2.288025e+000  1.148890e+001 -1.182917e+001  6.377629e+000 -2.274557e+001  5.991267e+001 -5.005113e-001  2.321756e+000  2.904422e+000  2.595301e+000 -4.270506e-002 -3.197326e+000  2.682950e+000 -9.478239e-001 -3.615385e+000  1.303999e+000 -1.133159e-001 -7.017916e-001 -1.921149e+000  1.275879e-001  1.757974e-001 -1.186758e-001  7.015501e-001 -4.103051e-001 -1.563772e-001  8.202365e-001 -4.955286e-001 -9.106055e-001  8.637244e-001 -1.439316e+000  1.144301e+000 -2.256233e-001
 1.743945e+000 -4.360612e+000  9.167542e+000  9.564739e+000 -6.047224e+000 -1.218413e+001 -8.070626e+000 -3.479425e-001  4.033386e+000 -5.927542e+000  2.194103e+000 -2.149557e+001  5.713890e+001 -2.081327e-001  2.212348e+000  2.166280e+000  3.245088e+000 -3.064567e-001 -3.367332e+000  2.885590e+000 -8.625634e-001 -4.321570e+000  2.523596e+000 -1.997085e+000  3.916250e-001 -1.931166e+000  3.200437e-001 -2.427860e-001 -7.367116e-001 -4.041387e-002 -3.802152e-001  3.488316e-001  3.357653e-001 -9.609941e-002 -7.370553e-002  5.445554e-001 -1.402541e+000  1.112472e+000  1.111615e-001
 2.615532e+000 -1.505374e+000  8.752573e+000  1.515966e+001 -1.105687e+001 -1.480875e+001 -2.575046e+000 -1.180529e+000  1.630213e+000 -6.824098e+000 -2.062327e+000 -1.980737e+001  5.488454e+001  2.314330e-001  1.481273e+000  1.413077e+000  2.437294e+000 -8.163088e-001 -2.911917e+000  3.387621e+000 -1.270558e+000 -3.196089e+000  2.602777e+000 -3.698247e+000  1.836144e+000 -1.516779e+000  2.238991e-001 -5.535744e-001 -7.375044e-001 -8.298171e-001  1.366533e-002  6.896015e-001 -1.530723e-001  3.215138e-002  4.853850e-001  2.376991e-001 -5.450581e-001  4.947664e-001  4.252930e-001
 3.281287e+000 -1.619686e+000  8.902292e+000  1.494246e+001 -8.965383e+000 -1.885265e+001 -9.152412e-001 -1.239633e+000 -1.095885e+000 -2.148419e+000 -5.553805e+000 -1.743089e+001  5.426174e+001  6.118320e-001  8.381110e-001 -7.767763e-002  6.904308e-001 -1.634634e-001 -1.757044e+000  2.569065e+000 -4.540664e-001 -2.424313e+000  2.482459e+000 -3.506692e+000  1.908098e+000 -9.297520e-001  6.948818e-002 -5.696342e-001 -3.711865e-001 -9.888988e-001 -1.158476e-004  9.682887e-001 -3.108326e-001 -3.712471e-002  6.018976e-001 -1.700370e-001  2.949294e-001 -7.055426e-002  4.689786e-001
 3.461090e+000 -9.139101e-001  8.932212e+000  1.432796e+001 -8.772332e+000 -1.900896e+001  2.472094e+000 -3.618919e+000 -1.926907e+000 -7.048466e-001 -8.239653e+000 -1.559719e+001  5.376735e+001  2.090018e-001  2.410023e-001  3.388789e-001 -2.764552e-001 -4.587507e-002 -5.544626e-001  2.075851e+000 -9.913155e-001 -2.137089e+000  2.513062e+000 -2.083803e+000  1.013803e+000 -2.953911e-001 -1.474804e-001 -2.700699e-001 -9.150890e-002 -6.296704e-001 -7.299235e-002  8.431236e-001 -3.428322e-001 -2.501419e-002  3.837323e-001 -4.853446e-001  9.873102e-001 -6.531786e-001  3.765672e-001
 4.380326e+000 -4.657890e-001  8.689334e+000  1.343274e+001 -8.006811e+000 -1.886924e+001  2.251127e+000 -1.399079e+000 -6.309618e+000  3.425129e+000 -1.225069e+001 -1.406016e+001  5.304873e+001  1.505238e-001 -1.568816e-002  8.474466e-001 -3.425307e-001 -6.922528e-001  2.953842e-001  1.987312e+000 -1.187808e+000 -1.841582e+000  1.718268e+000 -1.329659e+000  4.500240e-001 -1.969666e-001 -2.369474e-001  7.207136e-002  1.569276e-002 -1.151388e-001 -1.872180e-001  4.783247e-001 -2.766276e-001 -1.455408e-001  4.806837e-001 -7.885505e-001  1.234130e+000 -9.019704e-001  2.030556e-001
 3.111021e+000 -8.773107e-001  1.055345e+001  1.453224e+001 -1.176553e+001 -1.757277e+001  6.221025e+000 -6.057384e+000 -6.448365e+000  2.954440e+000 -9.132899e+000 -1.642372e+001  5.401409e+001 -2.753148e-001  5.578232e-001  4.929706e-001 -1.945770e-001 -9.168758e-001  2.774872e-001  1.964336e+000 -1.028758e+000 -1.568792e+000  5.581490e-001  1.497878e-001 -7.007115e-001 -3.356934e-004 -1.431646e-001  3.329966e-001 -2.173411e-001 -2.354485e-002  1.336681e-001  2.265477e-001 -6.894943e-001  2.356315e-001  6.252936e-001 -9.232202e-001  1.024448e+000 -7.085621e-001  2.612999e-002
 4.208940e+000 -1.716427e+000  1.232891e+001  1.312766e+001 -1.093005e+001 -1.809383e+001  7.146854e+000 -5.959442e+000 -8.043066e+000  4.613279e+000 -1.175548e+001 -1.476751e+001  5.315354e+001 -3.307468e-001  1.040057e+000 -7.625971e-002  7.379770e-002 -6.640528e-001  2.186047e-001  1.241684e+000 -1.163049e+000 -3.050421e-001 -4.828364e-001  1.547163e+000 -1.744496e+000 -6.200180e-002 -1.614617e-001  1.324741e-001 -1.542331e-001 -6.299472e-001  8.383082e-001  6.332170e-001 -1.503122e+000  4.698940e-001  7.862241e-001 -1.022804e+000  9.643454e-001 -2.402354e-001  1.165716e-001
 2.170209e+000  2.500525e+000  9.577278e+000  1.350761e+001 -1.189509e+001 -1.800924e+001  9.845911e+000 -6.482528e+000 -8.904144e+000  1.491823e+000 -7.738320e+000 -1.874707e+001  5.371327e+001 -2.661862e-001  1.378113e+000 -2.859736e-001 -6.023437e-001  6.083652e-001  6.166658e-001 -9.988063e-001  1.744628e-001  2.211093e-001 -1.002486e+000  1.600026e+000 -1.431747e+000 -2.322235e-001 -8.321706e-002 -3.958272e-001  1.571448e-001 -1.161170e+000  1.200780e+000  1.131992e+000 -2.133927e+000  7.314825e-001  8.389773e-001 -8.458459e-001  4.649814e-001  5.539164e-001  2.123789e-001
 3.196998e+000  3.045581e+000  8.796120e+000  1.431405e+001 -1.126229e+001 -1.755798e+001  6.647105e+000 -7.001754e+000 -6.606938e+000  1.742256e+000 -5.212165e+000 -2.162097e+001  5.288913e+001 -6.613492e-001  2.365377e-001  4.657532e-001 -3.288383e+000  2.736668e+000  3.291880e+000 -4.046727e+000  5.600513e-001  1.194588e+000 -2.615437e+000  2.766948e+000 -3.856354e-001  5.018352e-001 -1.796447e-001 -5.565346e-001  3.249164e-001 -1.054385e+000  8.949859e-001  1.066934e+000 -1.919365e+000  7.964304e-001  7.211819e-001 -4.992200e-001 -3.210883e-001  1.191441e+000  2.960314e-001
 2.286061e+000  3.632249e+000  1.088997e+001  1.092733e+001 -8.557583e+000 -1.475736e+001  1.476868e+000 -4.663914e+000 -6.060882e+000 -6.224774e-001 -4.404426e+000 -2.015572e+001  5.298518e+001 -5.260989e-001 -1.019553e+000  1.007688e+000 -4.319339e+000  3.386666e+000  4.400809e+000 -6.061092e+000  1.767104e+000  1.876280e+000 -2.604780e+000  1.864802e+000  1.389440e+000  7.796402e-001 -3.969606e-001 -1.528043e-001  2.138554e-001 -2.693960e-001  7.650787e-002  3.115408e-001 -8.065976e-001  4.178662e-001  5.591274e-001 -7.902465e-002 -9.320652e-001  1.543348e+000  2.545917e-001
 8.442676e-001 -1.099600e+000  1.400133e+001 -2.024112e+000  1.084538e+000 -3.260366e+000 -8.902257e+000 -4.068492e+000 -3.491759e+000 -7.406753e+000  4.123158e-001 -1.599137e+001  5.602676e+001 -1.099014e+000 -5.437828e-001  9.014915e-001 -3.339631e+000  2.421726e+000  3.661206e+000 -5.823997e+000  2.022782e+000  2.473282e+000 -2.177789e+000 -1.906664e-001  2.802114e+000  9.122235e-001 -7.123809e-001  7.142596e-001  4.628676e-002  7.385026e-001 -7.729471e-001 -7.253031e-001  6.085087e-001 -6.714950e-002  2.073850e-001  5.632027e-001 -1.316068e+000  1.359146e+000  1.072464e-002
 7.160797e-001 -5.246496e-001  1.201312e+001  7.999588e-002 -1.135182e+000 -3.153998e+000 -1.268487e+001  8.863634e-001 -1.080336e+000 -6.957574e+000 -1.226550e+000 -1.461468e+001  5.604265e+001 -2.032157e+000  1.004252e+000  5.654343e-001 -1.923700e+000  1.148375e+000  1.989707e+000 -4.143159e+000  1.532428e+000  2.377399e+000 -1.616433e+000 -1.581493e+000  4.691119e+000  8.355408e-001 -1.155474e+000  9.442616e-001  2.930336e-001  8.541606e-001 -6.663750e-001 -7.231662e-001  1.550717e+000 -7.749567e-001 -2.495581e-001  6.201129e-001 -7.545561e-001  5.532439e-001 -5.171609e-002
