43 39
-1.132392e+001 -1.975087e+000  9.447235e+000  1.284632e+001  1.351671e+000 -8.344569e-001 -3.731736e+000 -1.341171e+000 -7.429230e+000 -3.649765e+000 -4.493201e+000 -1.309913e+000  5.783732e+001 -6.307195e+000 -9.633160e-001 -2.491954e+000 -2.786726e+000  2.924371e-001  5.718239e-001 -9.046189e-001  1.679059e+000  1.650096e+000 -2.659333e+000  9.687304e-001  2.016698e+000 -7.543834e-001  7.277592e-001 -1.034548e-001 -4.847823e-001 -7.383683e-001 -2.716840e+000  2.279963e-001 -9.937512e-001 -2.854714e+000 -5.394300e-002  5.793906e-001  5.347593e-001 -5.578114e-001  6.771519e-002
-1.711305e+001 -3.254645e+000  4.865818e+000  7.157117e+000 -2.754865e-001  1.179910e+000 -8.480347e+000 -5.306707e+000 -4.915343e+000 -4.242889e+000  2.997303e+000  4.073918e+000  5.682596e+001 -4.065948e+000 -1.402736e+000 -2.029062e+000 -3.683984e+000 -2.623594e+000  7.443747e-002 -1.462401e+000 -1.579938e+000 -5.358236e-001 -1.779164e-001  7.028993e-001  1.158082e+000 -7.117912e-001  1.441404e+000 -5.380157e-002  1.490976e-001  1.942480e-001 -1.088763e+000 -3.590657e-001 -4.245061e-001 -1.659138e+000 -3.463570e-001  5.796641e-001 -1.154365e-001 -9.775458e-001  9.614924e-002
-1.859270e+001 -5.091084e+000  5.928092e-001  2.647088e-001 -1.130886e+001 -9.818779e+000 -1.352079e+001 -5.704732e+000 -8.676641e+000 -1.125296e+001  1.914592e+000  8.464801e-001  5.761716e+001 -1.962840e+000 -1.309910e+000 -1.992676e+000 -2.319221e+000 -1.625516e+000 -2.602880e+000 -2.818286e+000 -3.091871e+000 -1.053559e+000 -3.478102e-001  1.662364e+000  2.340927e-001 -3.018356e-001  1.205624e+000 -1.658362e-002  5.410332e-001  1.315330e+000  9.325436e-001  1.500672e-001  5.666490e-001  1.444044e-001  3.634232e-001  8.607650e-001 -5.867416e-001 -9.932544e-001 -5.080320e-002
-1.802970e+001 -8.216115e+000  1.741169e+000 -7.178551e-001 -1.063507e+001 -6.525647e+000 -1.183456e+001 -9.247700e+000 -9.706964e+000 -6.179466e+000  1.813598e+000  7.742375e-001  5.784239e+001 -1.241069e+000 -1.254985e+000 -8.811946e-001  2.209379e-001  1.132404e+000 -5.551209e-001 -6.107979e-001 -6.249443e-001  8.429745e-001 -2.635003e-001 -6.444995e-001 -1.400363e+000 -5.637501e-001  5.204993e-001  1.536340e-001  3.266572e-001  1.283121e+000  1.289963e+000  6.463937e-001  8.209963e-001  1.410526e+000  1.130696e+000  5.305974e-001 -6.020319e-001 -7.997834e-001 -9.551449e-002
-2.067980e+001 -6.043904e+000  1.046179e+000  5.187701e+000 -1.596113e+000 -9.996077e+000 -1.614606e+001 -1.483003e+001 -1.030121e+001 -4.420527e+000  4.410469e+000  1.510391e+000  5.581993e+001 -1.691514e+000 -1.120110e+000 -3.607221e-001  1.837463e+000  3.077156e+000  1.636939e+000  1.502825e+000  1.923584e+000  2.777813e+000  1.687285e+000 -1.291278e+000 -1.670352e+000 -1.082420e+000  1.384633e-001  8.574971e-002  1.389441e-002  2.008756e-001  2.240871e-001  1.076913e+000  8.501524e-001  1.376437e+000  7.176479e-001  5.576282e-001 -4.007272e-001 -4.385127e-001  1.366352e-002
-2.227484e+001 -9.053160e+000  2.331595e-001  5.800310e+000  5.301619e-001 -1.507046e+000 -1.022170e+001 -3.868780e+000  1.118156e-001 -8.976604e+000 -1.473133e+000 -3.259852e+000  5.490583e+001 -1.599114e+000 -7.294668e-001 -1.211753e+000  6.532805e-001  1.474886e+000  1.186496e+000  4.820257e-001  2.964962e+000  3.201972e+000  1.457523e+000 -8.304397e-001 -1.888613e+000 -7.990715e-001  4.923958e-001  4.472179e-001  9.833477e-002 -3.743591e-001 -5.261628e-001  6.322548e-001  3.299418e-001 -4.690335e-002 -3.544045e-001  4.927375e-001  3.071017e-001 -3.242154e-002  2.833769e-001
-2.492769e+001 -1.027311e+001 -4.567967e-001  6.192939e+000 -1.505698e+000 -4.143384e+000 -6.813099e+000  1.223729e+000  3.030328e-001 -1.417964e+000 -2.898432e+000 -5.488232e+000  5.367334e+001 -1.091501e+000 -1.143921e+000 -1.757925e+000 -1.531014e+000 -6.763207e-001  1.910874e+000  8.860639e-001  1.995363e+000  1.355182e+000  1.579819e+000 -2.483024e-001 -1.714346e+000 -1.158573e-001  1.888567e+000  7.536444e-001  2.465805e-001 -1.082340e+000 -1.165721e+000  7.696219e-001  3.518181e-001 -1.374747e+000 -8.753510e-001 -3.957632e-001  5.874137e-001  1.729719e-001  7.931654e-001
-2.390132e+001 -9.748846e+000 -3.566107e+000  2.045928e+000 -3.305853e+000 -3.519511e+000 -1.409091e+001 -2.449767e+000  1.000769e+000 -3.931316e-001  1.315850e+000 -5.169515e+000  5.492032e+001  9.209030e-001  9.930102e-001  3.090806e-001  3.338071e-002  3.783289e-001  2.469186e+000  1.347291e+000 -8.953503e-001 -2.177322e-001  2.253920e+000  3.695211e-001 -1.540473e+000  3.698532e-001  3.032634e+000  4.660060e-001  3.924466e-001 -1.176833e+000 -1.578424e+000  1.375369e+000  8.902400e-001 -1.608487e+000 -4.272299e-001 -1.179543e+000  5.248330e-001  1.465300e-001  1.150110e+000
-2.532406e+001 -1.141567e+001 -5.843812e+000 -5.901803e-001 -3.059708e+000  5.645258e-001 -9.781135e+000 -5.562723e+000 -3.969783e+000 -8.131693e-001  1.774466e+000 -6.106508e+000  5.523339e+001  6.491312e+000  1.786874e+000  1.117634e-001 -3.264287e+000 -2.203171e+000  4.843704e+000  2.829282e+000 -3.019996e+000  1.109102e-001 -6.897299e-001  1.045810e+000 -9.795617e-001  2.298945e+000  3.033604e+000 -1.101601e-001  1.300509e-001 -1.170822e+000 -1.791640e+000  1.272632e+000  6.066966e-001 -9.773577e-001  5.527595e-001 -1.679585e+000  3.113402e-001  5.354707e-002  1.194628e+000
-1.747214e+001 -3.516831e+000  4.472070e+000  9.358773e+000  3.198811e+000  8.484928e+000 -2.001227e+000 -4.952306e+000  1.159562e+000  1.990599e+000 -1.961976e+000 -1.065308e+001  5.597507e+001  9.772647e+000  1.351660e-001 -1.843641e-001 -4.364247e+000 -5.653810e+000  6.596924e+000  3.961617e+000 -2.569794e+000  1.687958e+000 -3.305420e+000  1.146669e+000 -1.523355e+000  3.744075e+000  1.231168e+000 -1.135418e+000 -6.334156e-001 -1.204698e+000 -1.478334e+000  6.037722e-001 -1.359634e-001 -1.198386e-001  7.232261e-001 -1.548898e+000  1.694984e-001  6.803598e-002  8.232016e-001
 4.314278e+000 -4.454749e+000 -3.917068e+000 -1.378492e+001 -1.577389e+001  1.407292e+001  1.288468e+000 -1.262498e+001  7.781871e-001 -6.058479e+000  3.969532e+000 -7.644257e+000  6.464069e+001  9.650648e+000 -1.265799e+000 -8.609482e-001 -5.186311e+000 -6.618451e+000  6.210166e+000  2.612384e+000 -2.054204e+000  3.166134e+000 -4.038437e+000  9.198247e-001 -1.455170e+000  4.170172e+000 -1.697476e+000 -1.106678e+000 -4.159958e-001  5.323154e-001  6.727083e-001 -5.420671e-001 -9.218620e-001  6.393533e-001  9.542876e-002 -3.236163e-001 -1.594063e-001 -3.520430e-002 -1.569343e-001
 1.014275e+001 -1.255347e+001 -5.451300e+000 -1.317794e+001 -2.521781e+001  2.271091e+001  1.823671e-001 -1.176761e+001  7.066574e+000 -1.429757e+001  5.951662e+000 -1.201741e+001  6.893705e+001  5.497074e+000 -3.157744e+000 -2.371641e+000 -5.029095e+000 -4.805703e+000  4.804815e+000  7.759235e-001 -1.977439e+000  1.870786e+000 -3.816217e+000  1.280006e+000 -9.624895e-001  3.550248e+000 -3.159563e+000 -1.884297e-001 -7.079720e-003  1.287254e+000  2.484484e+000 -1.563322e+000 -1.249957e+000  8.537859e-001 -8.804170e-001  8.312778e-001 -5.425526e-001  2.258321e-001 -8.482365e-001
 9.121736e+000 -1.322634e+001 -5.186868e+000 -1.525338e+001 -2.194365e+001  2.450237e+001  2.188990e+000 -1.242609e+001  8.907382e+000 -1.286127e+001  2.416770e+000 -1.270019e+001  6.960326e+001  1.417169e-001 -2.100059e+000 -8.745769e-001 -2.702861e-001  7.363165e-001  3.029423e+000 -1.871813e-001 -1.194066e-001  4.966398e-001 -2.052413e+000  1.821105e-001 -1.436016e+000  1.611187e+000 -2.788390e+000  4.681279e-001  3.798622e-001  1.676936e+000  2.486415e+000 -1.808592e+000 -9.945624e-001  8.303660e-001 -1.135592e+000  1.150786e+000 -6.571855e-001  2.955144e-001 -1.017508e+000
 7.609496e+000 -1.491975e+001 -6.751237e+000 -1.505247e+001 -1.774482e+001  2.729428e+001  1.428129e+000 -1.493895e+001  6.448895e+000 -1.368909e+001  5.214433e+000 -1.293756e+001  7.124503e+001 -1.270700e+000 -3.898525e-001 -2.129484e-001 -3.859905e-001  3.091228e+000  3.706852e-001 -8.883843e-001  7.317368e-001 -1.379380e+000 -1.420425e-001 -1.197237e+000 -4.037715e-001  7.823852e-001 -1.274750e+000  7.554858e-001  5.707484e-001  1.405646e+000  1.282640e+000 -1.563751e+000 -5.979488e-001  6.060047e-001 -5.318980e-001  1.042475e+000 -6.088250e-001  2.031592e-001 -8.040578e-001
 6.289487e+000 -1.377190e+001 -7.639984e+000 -1.419908e+001 -1.582880e+001  2.692835e+001 -2.703200e-001 -1.163634e+001  3.570226e+000 -1.662479e+001  5.248699e+000 -1.436426e+001  7.154264e+001 -9.074131e-001 -3.091053e-001 -4.098368e-002  8.768169e-001  1.865157e+000 -6.157290e-001 -1.528274e+000  7.430378e-001 -8.867441e-001 -1.215949e-001 -1.127482e+000 -2.569569e-001  4.665634e-001  5.178394e-002  3.443278e-001  1.731582e-001  6.018075e-001 -2.280995e-001 -1.006136e+000 -1.281681e-001 -1.772457e-001  8.861867e-002  8.229250e-001 -3.050894e-001  3.213856e-001 -3.821774e-001
 5.205369e+000 -1.422995e+001 -5.289484e+000 -1.563504e+001 -1.281910e+001  2.335135e+001 -3.029899e+000 -8.503798e+000  2.838250e+000 -1.312603e+001 -1.450487e+000 -1.320424e+001  7.187929e+001 -3.521089e-001 -2.757919e-001  6.530409e-002  1.425583e+000  1.043075e+000 -1.191362e+000 -1.543274e+000  6.213619e-001 -9.701214e-002  4.307483e-001 -1.109323e+000 -5.362228e-001  1.022705e-001  3.880012e-001 -3.499048e-002 -8.232370e-002  6.609201e-001 -7.482102e-001 -1.614861e-001  1.493450e-001 -5.352228e-001  4.201645e-001  5.026051e-001  2.170360e-001  6.340257e-002 -2.040507e-001
 5.786734e+000 -1.511677e+001 -6.122663e+000 -1.057801e+001 -1.508073e+001  2.339519e+001 -3.223365e+000 -1.192848e+001  6.278984e+000 -1.375077e+001  1.118220e-001 -1.385164e+001  7.161895e+001 -5.865908e-002 -4.354505e-001 -1.479123e-001  1.832965e+000  6.198956e-001 -1.220233e+000 -5.005770e-001 -9.504476e-001  2.985491e-001  1.775817e+000 -1.387293e+000  2.371376e-001  4.035721e-002  2.505351e-001 -9.000919e-002 -1.172064e-001  2.369486e-001 -3.560148e-001  1.779319e-001  2.066412e-001 -3.885710e-001  3.193358e-002  5.054897e-001  2.649709e-001 -4.834479e-002 -6.445770e-002
 6.100328e+000 -1.562628e+001 -7.183377e+000 -9.735096e+000 -1.290348e+001  2.310406e+001 -4.811719e+000 -1.168607e+001  4.609455e+000 -1.297235e+001  2.236255e+000 -1.587499e+001  7.171822e+001  2.449288e-001 -5.016323e-001 -5.711026e-001  2.440536e+000 -2.719288e-002 -1.344933e-001 -6.555076e-001 -1.097635e+000  1.287955e-001  1.422277e+000  1.784890e-002 -3.338059e-001 -2.476501e-002  6.282584e-002 -1.396345e-001  2.714424e-002 -8.329690e-002 -1.127026e-001  2.567786e-001  4.909725e-002  2.575612e-002 -2.756926e-001  1.598186e-001  2.456835e-001 -7.351509e-002  6.024742e-002
 5.548712e+000 -1.525099e+001 -7.432598e+000 -7.984230e+000 -1.268713e+001  2.095083e+001 -1.882295e+000 -1.479745e+001  4.177369e+000 -7.822540e+000 -3.531138e+000 -1.184320e+001  7.182496e+001  4.674373e-002 -6.462311e-001 -3.088126e-001  1.554083e+000  6.202167e-001 -2.545034e-001 -9.389514e-001 -3.403187e-001 -8.399800e-001  1.910089e+000 -3.662131e-001 -5.998893e-001  2.077927e-001 -5.541414e-004 -1.478588e-001  1.650303e-001 -2.614621e-001 -1.939124e-002  1.306117e-001 -1.079857e-001  4.160383e-001 -2.919805e-001 -3.274909e-001  2.359494e-001 -1.499513e-001  7.691750e-002
 6.549024e+000 -1.667100e+001 -7.490029e+000 -4.729250e+000 -1.415186e+001  2.390106e+001 -6.977972e+000 -1.255749e+001  4.533035e+000 -8.978760e+000  4.602378e-001 -1.587749e+001  7.165246e+001 -9.068108e-002 -8.685741e-001  2.814755e-001  1.148539e+000  4.794013e-001 -3.903337e-001 -1.078601e+000  4.450780e-001 -9.062106e-001  1.162705e+000 -3.914460e-001 -4.852848e-001  3.197899e-001 -2.839790e-002 -1.039982e-001  2.539672e-001 -3.211119e-001 -2.346492e-002 -2.078519e-001  2.288269e-001  2.525977e-001 -7.382453e-002 -3.986857e-001 -1.840259e-001  2.245514e-001  5.465012e-002
 5.796104e+000 -1.782556e+001 -7.513400e+000 -5.310516e+000 -1.135545e+001  2.172417e+001 -6.834995e+000 -1.319436e+001  2.117294e+000 -6.197124e+000 -8.312348e-001 -1.684984e+001  7.269080e+001  1.063752e-001 -9.912737e-001  2.509504e-001  1.171653e+000  2.696424e-001 -4.392546e-001 -8.289589e-001  3.583879e-001 -6.438504e-001  2.681484e-001 -2.898914e-003 -4.368792e-001  2.526672e-001  8.222101e-002 -4.451013e-002  1.744140e-001 -4.675502e-002 -2.791360e-001 -1.865436e-001  4.275496e-001 -6.733339e-002  3.893516e-001 -5.856586e-001 -1.491129e-001  3.044517e-001 -5.181923e-002
 5.523226e+000 -1.868187e+001 -5.735599e+000 -5.329258e+000 -1.117231e+001  2.076572e+001 -7.728373e+000 -1.026222e+001  1.108440e+000 -7.971536e+000 -1.070927e+000 -1.579809e+001  7.288425e+001  7.312360e-002 -8.491020e-001  4.188519e-001  1.026192e+000  3.076973e-002 -1.081377e+000  4.336305e-001 -1.839996e-001 -3.383920e-001  2.498190e-001 -1.083937e+000  7.074459e-001  2.260483e-001  6.837106e-002  2.948183e-003  1.039630e-001  1.684054e-002 -2.985099e-001 -1.387014e-001  4.057190e-001 -1.992551e-001  6.164203e-001 -5.161695e-001 -5.966098e-002  4.335336e-002 -6.240570e-002
 6.593486e+000 -1.920193e+001 -7.055061e+000 -1.825962e+000 -1.282869e+001  2.032223e+001 -5.651889e+000 -1.415314e+001  2.670415e+000 -6.985410e+000 -2.780051e+000 -1.406729e+001  7.247240e+001  3.759464e-001 -8.785177e-001  4.945691e-001  1.381482e+000 -5.511476e-001 -8.416994e-001  4.426810e-001 -3.624468e-001  8.228685e-001 -5.617603e-001 -7.655321e-001  3.260038e-001 -4.432678e-003 -6.536669e-002  4.348141e-002  2.450126e-001 -1.701150e-001 -1.295668e-001 -2.535042e-001  2.384673e-001  1.116045e-001  5.777094e-001 -4.271291e-001  3.074148e-003 -1.615408e-001 -1.717759e-002
 6.515951e+000 -2.022833e+001 -5.624939e+000 -1.340569e+000 -1.326139e+001  1.919514e+001 -5.401372e+000 -1.299810e+001  2.564515e+000 -7.335522e+000 -3.985042e+000 -1.373153e+001  7.289190e+001  1.163886e-001 -9.102112e-001  6.794810e-001  1.127827e+000 -6.027532e-001 -8.826181e-001  3.141742e-001 -1.907804e-001  1.442531e+000 -1.003188e+000 -3.084343e-001 -6.499596e-001  1.363113e-001 -1.085835e-001  8.870272e-002  2.778004e-001 -2.329687e-001 -8.943903e-002 -3.063856e-001  5.103042e-002  4.513750e-001  4.507721e-001 -3.649292e-001  1.096625e-001 -2.562042e-001 -1.529457e-002
 7.179474e+000 -2.144492e+001 -5.095885e+000 -3.974521e-001 -1.306665e+001  1.830096e+001 -5.785090e+000 -1.363866e+001  5.503599e+000 -9.323933e+000 -3.201838e+000 -1.625310e+001  7.266481e+001 -2.420908e-001 -7.433121e-001  1.345699e+000  2.702602e-001 -6.143007e-002 -1.806155e+000  4.231059e-001  9.198009e-001  1.354235e+000 -1.240993e+000 -3.752797e-001 -5.658805e-001  2.116478e-001 -1.165011e-001  1.978059e-001  2.267019e-001 -2.534376e-001 -1.963409e-001 -3.523025e-001  4.062612e-002  7.256140e-001  1.825519e-001 -1.524995e-001 -1.452429e-001  5.360188e-002 -2.709099e-002
 5.812175e+000 -2.211143e+001 -3.317782e+000 -4.043771e-001 -1.406710e+001  1.736326e+001 -6.090901e+000 -1.147336e+001  6.904504e+000 -1.181821e+001 -2.402205e+000 -1.795499e+001  7.346960e+001 -1.607751e-001 -4.731913e-001  1.382289e+000  4.169590e-001 -6.612841e-001 -2.131078e+000  6.985702e-001  1.431751e+000  1.649785e+000 -1.235211e+000 -7.307513e-001 -1.276328e-001  4.153519e-002  2.077492e-002  2.898684e-001  9.296421e-002 -2.435051e-001 -2.830230e-001 -3.282389e-001  4.763604e-002  8.174526e-001 -2.539695e-002 -1.029315e-002 -3.148677e-001  3.642862e-001 -1.156734e-001
 5.734920e+000 -2.197694e+001 -1.480145e+000 -9.427565e-001 -1.273299e+001  1.220739e+001 -3.191596e+000 -1.031650e+001  7.271594e+000 -1.094903e+001 -5.447867e+000 -1.478496e+001  7.324178e+001 -6.797723e-002 -1.079981e-001  1.276674e+000  4.697279e-001 -1.503587e+000 -1.978982e+000  4.536136e-001  2.454357e+000  1.632001e+000 -1.208247e+000 -1.280588e+000  3.328499e-001 -9.249954e-002  1.085357e-001  3.452578e-001 -8.297627e-002 -2.456323e-001 -3.665331e-001 -6.252789e-002 -3.187120e-002  5.464383e-001 -1.086081e-001  1.034304e-001 -1.795064e-001  4.384424e-001 -1.552531e-001
 6.434352e+000 -2.232828e+001 -5.213635e-001  1.016878e+000 -1.673465e+001  1.158654e+001 -3.205269e+000 -7.500419e+000  9.929443e+000 -1.269903e+001 -6.515783e+000 -1.510376e+001  7.281109e+001  1.332064e-001  2.214737e-001  1.178814e+000 -1.894323e-001 -1.296790e+000 -2.437399e+000  5.371006e-001  3.129205e+000  1.176663e+000 -1.071027e+000 -1.430119e+000  7.221063e-001 -2.899818e-001  5.120515e-002  3.880896e-001 -9.770375e-002 -4.587935e-001 -2.237755e-002 -1.239549e-002 -1.268378e-001  1.824032e-001 -2.986043e-001  3.195643e-001  1.428774e-001  4.707698e-001 -1.176028e-001
 6.528500e+000 -2.187649e+001 -1.107220e-001  1.240560e+000 -1.925081e+001  1.129441e+001 -4.959838e+000 -3.353347e+000  1.215113e+001 -1.492476e+001 -7.547989e+000 -1.601446e+001  7.253157e+001  1.535970e-001  6.356446e-001  1.032555e+000 -6.547054e-001 -1.576343e+000 -1.965634e+000  3.444847e-001  2.803266e+000  1.047755e+000 -8.059333e-001 -9.231279e-001  1.201462e+000 -3.988594e-001  9.252214e-003  3.260363e-001 -6.504027e-002 -3.435569e-001  2.366058e-001 -7.593600e-002 -1.498760e-001 -4.238288e-001 -1.777120e-001  4.632283e-001  5.842753e-001  4.159677e-001 -8.032394e-002
 6.081418e+000 -2.105429e+001  1.891578e+000 -2.443197e+000 -1.729214e+001  5.632757e+000 -2.521277e+000  6.910805e-001  1.034805e+001 -1.518548e+001 -8.502737e+000 -1.372971e+001  7.237480e+001 -1.553645e-002  1.095436e+000  1.015830e+000 -1.314792e+000 -7.367939e-001 -2.199729e+000  1.189455e-001  2.169313e+000  4.488865e-001  1.614541e-001 -1.950943e-001  1.791910e+000 -3.932991e-001 -1.793625e-002  2.083015e-001 -3.795030e-002  1.483289e-001  9.792662e-002  7.437731e-002 -4.620052e-001 -7.552627e-001  1.073083e-001  4.993879e-001  8.885705e-001  7.968464e-002 -5.468605e-002
 6.679372e+000 -1.943571e+001  2.476158e+000 -2.486246e+000 -2.033596e+001  5.356114e+000 -1.811168e+000 -3.959206e-001  1.230107e+001 -1.373547e+001 -9.070030e+000 -9.464682e+000  7.146563e+001  5.265527e-002  1.085202e+000  1.032965e+000 -6.853767e-001 -6.005556e-001 -2.477497e+000 -8.668895e-002  8.151587e-001  1.107329e+000  4.916544e-001  1.023276e+000  1.877787e+000 -4.424606e-001 -1.641133e-002  6.675960e-002  1.868566e-002  4.754298e-001  6.428155e-002  3.140169e-002 -6.264213e-001 -6.423600e-001  1.856272e-001  3.792237e-001  7.957609e-001 -3.392309e-001 -3.613571e-002
 6.281234e+000 -1.807149e+001  3.264347e+000 -3.693678e+000 -1.987604e+001  3.557037e+000 -4.184876e+000  1.867433e+000  1.209891e+001 -1.248640e+001 -6.730235e+000 -9.419101e+000  7.137756e+001  9.399600e-002  1.038202e+000  9.888576e-001  5.675478e-001 -1.295050e+000 -1.809581e+000 -1.557338e+000  3.469445e-001  1.683418e+000  7.771186e-001  2.039532e+000  7.823672e-001 -5.416115e-001  2.365089e-002 -9.584236e-003 -1.440017e-002  5.722383e-001 -6.795976e-002  1.287550e-001 -5.906974e-001 -3.868806e-001  6.704611e-002  1.284230e-001  3.749383e-001 -4.734065e-001 -4.211060e-002
 6.691868e+000 -1.794187e+001  4.367720e+000 -1.561083e+000 -2.096164e+001 -5.521264e-002 -4.561483e+000  1.342701e-001  1.681235e+001 -1.381603e+001 -3.317859e+000 -8.780833e+000  7.081789e+001  1.677408e-002  9.980593e-001  1.139469e+000  7.812740e-001 -9.758066e-001 -2.003700e+000 -1.949480e+000  5.026504e-001  1.358625e+000  7.823531e-001  1.938363e+000  1.007910e-002 -5.053818e-001  4.819425e-002 -4.498304e-002 -9.354268e-002  2.923005e-001  5.268763e-002  3.255477e-001 -4.621156e-001 -1.468604e-001 -3.689021e-001 -1.770662e-002 -1.062922e-001 -3.179314e-001 -5.446212e-002
 6.545150e+000 -1.661020e+001  5.890085e+000 -6.803934e-002 -2.345455e+001 -7.094843e-001 -8.932812e+000  2.160708e+000  1.650950e+001 -1.125961e+001 -1.181163e+000 -1.015979e+001  6.999062e+001  1.206586e-001  1.091086e+000  8.905771e-001  8.130744e-001 -8.889672e-001 -1.792853e+000 -1.903146e+000  3.911644e-001  6.584690e-001  6.582198e-001  1.222054e+000  3.587310e-001 -5.723915e-001  6.116166e-002 -9.522104e-002 -1.707016e-001  1.867533e-003  5.269449e-001  3.138034e-001 -2.931846e-002 -4.164159e-001 -6.797755e-001  4.134203e-002 -4.824718e-001  1.500427e-001 -1.402171e-001
 6.631285e+000 -1.517606e+001  6.860636e+000 -3.926957e-001 -2.342574e+001 -2.529123e+000 -9.184599e+000  1.970695e+000  1.688890e+001 -1.043710e+001 -2.152750e+000 -9.043940e+000  6.963219e+001  2.802952e-001  8.338453e-001  6.143920e-001  6.533624e-001 -5.401590e-001 -8.581225e-001 -2.224363e+000  5.874690e-002 -2.247064e-001  4.625707e-001  9.005544e-001  4.999476e-001 -6.993812e-001 -3.385106e-002 -3.070980e-002 -2.040928e-001 -2.709308e-002  9.969429e-001  3.370678e-001  5.490170e-002 -6.989331e-001 -8.782777e-001  4.582832e-001 -4.710463e-001  2.613725e-001 -2.971195e-001
 6.914818e+000 -1.399896e+001  6.470774e+000 -2.125002e-001 -2.308883e+001 -4.170274e+000 -1.138905e+001  2.905043e+000  1.535298e+001 -1.088477e+001 -1.202520e+000 -7.493893e+000  6.910845e+001  2.680438e-001  6.442038e-001  3.978882e-001  6.408412e-001  1.121851e+000 -8.133526e-001 -1.566489e+000 -1.513183e+000 -9.237936e-001  1.143720e+000  1.460772e-001  1.287647e+000 -1.145697e+000 -2.341699e-001  1.895009e-001 -1.619553e-001  1.247549e-003  1.248551e+000  1.644232e-001  1.676696e-001 -7.500193e-001 -7.424670e-001  7.060398e-001 -1.939925e-001 -1.015149e-001 -3.981075e-001
 7.908510e+000 -1.507826e+001  7.149335e+000  1.777959e+000 -2.384529e+001 -2.615430e+000 -1.445518e+001  5.583706e-002  1.626708e+001 -1.169060e+001  1.195592e+000 -7.614046e+000  6.776206e+001 -2.261738e-001  1.067951e+000  3.653496e-001  7.319251e-001  3.003499e+000 -8.081108e-001 -1.843300e+000 -2.039841e+000 -2.241632e+000  2.831019e+000  1.211202e-001  8.524840e-001 -1.704327e+000 -3.989415e-001  4.446200e-001 -1.716746e-001 -4.662999e-002  9.343883e-001 -4.024612e-002  4.931575e-001 -3.591032e-001 -4.706104e-001  4.687564e-001  6.063350e-002 -4.441951e-001 -3.229884e-001
 7.246756e+000 -1.343808e+001  7.735177e+000  2.050839e+000 -1.763552e+001 -4.733093e+000 -1.412996e+001 -4.447780e+000  1.220144e+001 -4.914260e+000 -2.124948e+000 -4.436508e+000  6.519720e+001 -7.969567e-001  1.921538e+000  2.053220e-001  7.800307e-001  3.581958e+000 -9.957430e-001 -1.255330e+000 -2.309638e+000 -2.045403e+000  3.004194e+000  6.418085e-001 -3.251119e-001 -2.060457e+000 -3.524953e-001  3.493331e-001 -2.188055e-001 -1.580527e-001 -9.173202e-003  1.626309e-001  7.100664e-001  2.293126e-001 -4.921309e-002 -2.520798e-001  2.548380e-001 -6.733576e-001 -1.665069e-002
 5.334447e+000 -1.011675e+001  8.055182e+000  2.135260e+000 -1.113490e+001 -6.288267e+000 -1.703064e+001 -4.552101e+000  7.256510e+000  7.327449e-001 -1.085935e+000 -6.310212e+000  6.306619e+001 -1.181912e+000  2.418278e+000 -1.476979e-001  3.506177e-001  2.901729e+000 -9.681579e-001  8.584480e-002 -1.338542e+000 -2.016954e+000  1.876115e+000  9.558563e-001 -9.146488e-001 -1.856943e+000 -8.902239e-002 -1.450317e-001 -2.945279e-001 -2.439275e-001 -8.735973e-001  4.485311e-001  8.973265e-001  5.386805e-001  2.462947e-001 -7.402157e-001 -6.255743e-002 -2.932829e-001  3.718772e-001
 4.217066e+000 -6.872033e+000  7.044461e+000  3.509003e+000 -1.153424e+001 -7.312571e+000 -1.637797e+001 -6.339178e+000  9.631248e+000 -2.075466e+000  3.147285e+000 -9.771369e+000  6.115411e+001 -1.016564e+000  1.715706e+000 -4.396155e-001  4.123154e-002  1.126870e+000  7.982530e-002  1.019271e+000 -7.172699e-001 -1.282198e+000  3.607726e-001  1.002899e+000 -1.195575e+000 -1.152642e+000  1.828033e-001 -7.048456e-001 -2.965046e-001 -3.999376e-001 -1.043042e+000  7.081177e-001  5.071960e-001  6.893205e-001  2.365091e-001 -5.075123e-001 -4.613883e-001  1.871427e-001  7.172772e-001
 3.513793e+000 -6.269891e+000  6.756204e+000  2.801966e+000 -1.238729e+001 -6.166481e+000 -1.290196e+001 -5.691174e+000  7.467406e+000 -3.729417e+000  3.338756e+000 -9.519859e+000  6.049889e+001 -5.614823e-001  4.457085e-001 -7.848212e-001 -1.183127e-001 -1.369431e-001  8.967605e-001  1.506032e+000 -1.426230e-001 -1.391761e+000  4.516515e-001 -3.722123e-001 -1.786989e-001 -2.988480e-001  3.474822e-001 -1.002966e+000 -2.514641e-001 -5.654211e-001 -8.499786e-001  7.574518e-001 -2.774630e-001  7.228625e-001  4.456298e-001 -8.811916e-002 -4.891965e-001  1.445447e-001  9.589680e-001
 3.074265e+000 -6.782974e+000  6.186588e+000  1.923644e+000 -1.137497e+001 -4.394860e+000 -1.109795e+001 -7.464593e+000  5.685002e+000 -8.793163e-001  6.772016e-001 -8.809560e+000  6.071764e+001 -1.931553e-001 -6.164054e-001 -9.586395e-001 -9.851921e-001 -1.139136e-001  1.612386e+000  5.705565e-001  5.390050e-001 -1.175454e+000  1.178865e+000 -1.001099e+000  2.426269e-001  7.468815e-001  3.365680e-001 -8.780115e-001 -2.169721e-001 -6.141423e-001 -5.493056e-001  4.654689e-001 -7.293630e-001  8.272379e-001  5.533987e-001 -2.933600e-002 -1.366994e-001 -1.731096e-001  1.017072e+000
 3.098436e+000 -7.932735e+000  4.560013e+000  2.336376e+000 -1.189925e+001 -3.263320e+000 -1.214049e+001 -4.702508e+000  2.270828e+000  2.392927e+000 -1.711954e+000 -7.684611e+000  6.179018e+001  1.437945e-001 -1.430496e+000 -1.145506e+000 -1.963276e+000 -7.277722e-001  2.052821e+000 -1.077113e+000  1.647633e+000  1.578237e-001  1.026474e+000 -4.881275e-001 -9.110263e-001  1.988135e+000  2.343529e-001 -4.920259e-001 -9.576677e-002 -3.865364e-001 -5.239180e-001  1.774330e-001 -6.447869e-001  5.735054e-001  8.908848e-001 -3.666556e-001  2.216957e-001 -5.059962e-001  7.775470e-001
