41 39
-1.826480e+001 -1.175727e-001 -4.967359e+000 -1.096904e+000  7.801353e+000 -7.424401e+000  5.008119e+000 -4.293352e-001 -9.166819e+000 -5.187762e+000  3.881642e+000 -4.405230e+000  4.735595e+001 -4.517463e+000  8.524144e-001  2.069183e+000  4.477311e-001  1.698761e+000 -1.702454e+000  9.546618e-001  1.896984e+000  3.766153e-001  1.735798e+000  1.978900e-002 -6.947818e-001  3.153678e+000 -7.639408e-001  4.858809e-001  1.285733e+000  2.042351e-001 -5.579216e-001  1.004923e+000 -4.632200e-001  1.357903e+000  1.862287e+000  1.243909e+000 -1.156001e-001  7.594056e-001 -9.575123e-001
-2.255894e+001  2.051184e+000 -2.179425e+000 -1.469951e+000  7.801908e+000 -6.353218e+000  1.105343e+001  3.646522e-001 -1.377047e+001 -2.110693e+000 -2.404018e+000 -4.586120e+000  4.794648e+001 -3.987431e+000  1.691471e+000  3.126169e+000 -6.970787e-001 -5.535786e-001 -3.892224e-001  1.303288e-001  3.034815e+000  2.722407e+000  3.486353e+000  5.273429e-001  7.822638e-001  1.916019e+000  2.781569e-001  2.878736e-001 -2.246330e-002 -4.887159e-001 -8.646467e-001  5.396095e-001 -1.217369e+000  4.670925e-001  1.355137e+000  2.990035e-001  1.920749e-002  8.261908e-001 -7.038227e-001
-2.524002e+001  3.242085e+000 -2.314565e+000 -1.115692e+001  1.561157e+000 -1.335413e+001  5.855438e+000  5.827594e+000 -4.648694e+000  2.736213e+000 -4.545951e+000 -2.426727e+000  4.809298e+001 -3.079360e+000  8.538160e-001  7.205287e-001 -1.888596e+000 -1.393024e+000 -7.557164e-001 -1.569908e+000  8.841782e-001  1.665751e+000  2.864171e+000  3.910972e-001  1.725804e+000  1.672670e+000  8.706156e-001 -4.368286e-002 -9.323581e-001 -3.981290e-001 -2.840996e-001  2.121440e-001 -9.549239e-001 -5.079864e-001  1.648062e-001 -9.329862e-001 -1.808585e-001  3.928983e-001 -2.231115e-001
-2.945402e+001  2.606839e+000  1.409885e+000 -9.272587e+000  3.072970e+000 -1.428363e+001  1.150062e+000  3.314972e+000 -1.657240e-001  8.308239e+000  3.475101e+000 -5.752826e-001  5.167233e+001 -1.949908e+000  1.157490e+000 -3.524726e-001 -1.655319e+000 -6.651804e-001 -5.213104e-001 -3.545979e+000  7.044775e-001  2.286709e+000  4.498948e-001  6.001297e-001  1.626520e+000  2.050583e+000  9.214927e-001 -1.492800e-001 -9.470228e-001 -8.659148e-002  3.858216e-001 -3.197534e-001 -2.736148e-001 -6.141422e-001 -4.735318e-001 -1.626150e+000 -6.738998e-001  4.985122e-002 -8.205774e-002
-3.021407e+001  3.873680e+000 -3.159371e+000 -6.638564e+000  3.200704e+000 -7.237779e+000  2.110260e+000  2.516396e+000 -7.640437e+000  3.923626e+000  2.897569e+000  2.218373e+000  5.385637e+001 -1.183146e+000  9.009906e-001 -8.532867e-001 -1.063794e+000  3.340634e-001 -5.756904e-001 -1.981804e+000  5.222208e-001  1.418495e+000 -1.410904e+000 -9.208970e-001  8.475814e-001  1.970839e+000  6.941777e-001 -2.080159e-001 -1.982189e-001  3.327264e-001  5.983832e-001 -4.029445e-001  6.343744e-001 -2.520286e-001 -3.456874e-001 -1.107646e+000 -7.084541e-001 -2.662082e-001 -2.393023e-001
-2.982146e+001  7.522835e+000 -3.519385e+000 -1.200572e+001  3.656233e+000 -1.201795e+001 -4.803877e+000  5.542639e+000 -8.410504e-001 -4.549245e-001 -3.125129e+000  1.223929e+000  5.531770e+001 -3.280741e-001  9.214836e-001 -8.220372e-001 -1.542437e+000  5.119858e-001 -2.078002e+000 -1.031798e+000  1.450827e-001  4.783755e-001 -2.506859e+000 -2.186159e+000  1.470631e+000  1.356646e+000  4.355211e-001 -4.197917e-001  5.900823e-002  7.161323e-001  4.133050e-001 -2.230949e-001  1.252221e+000 -3.652728e-001 -4.005026e-001 -2.017663e-002 -3.440780e-001 -3.541498e-001 -3.684210e-001
-3.097202e+001  5.289040e+000 -4.116364e+000 -1.510932e+001  2.939842e+000 -1.736543e+001 -1.076611e+000  7.324864e+000  2.781446e+000  6.327656e-002 -5.850321e+000  9.115745e-001  5.612449e+001 -4.193886e-001 -6.826053e-002 -3.578346e-002 -2.814048e-001  1.010309e+000 -1.992093e+000  3.448726e-001 -9.626740e-002  8.414807e-001 -1.195683e+000 -1.758029e+000  4.727075e-001  8.231270e-001  2.851766e-001 -3.143246e-001  1.031047e-001  9.305727e-001  2.096554e-001  4.019125e-001  7.855370e-001 -3.666872e-001 -2.947173e-001  6.701688e-001  3.848818e-001 -4.903117e-001 -2.970610e-001
-3.071541e+001  6.506577e+000 -2.221804e+000 -1.274939e+001  5.763330e+000 -1.960982e+001 -2.415491e+000  1.636151e+000 -2.984788e+000 -2.295880e+000 -3.081749e+000  7.431273e+000  5.732150e+001 -1.541813e-001 -4.568432e-001 -4.661831e-001  1.534148e+000  1.063222e+000 -9.285838e-001  1.551787e+000 -8.126423e-001  5.727035e-001  2.414013e-001 -7.016944e-001  4.320782e-002  7.823341e-001  1.468481e-001 -9.892249e-002 -7.555540e-003  8.464722e-001 -9.296225e-002  8.059503e-001  3.629878e-001  2.570475e-002 -4.118978e-002  7.252420e-001  6.433625e-001 -5.353994e-001 -1.468969e-001
-3.186403e+001  4.040506e+000 -3.987078e+000 -7.673753e+000  7.198703e+000 -1.340231e+001  2.640429e+000  3.988303e+000 -2.361165e+000 -1.134311e+000 -5.914265e+000  1.478238e+000  5.697010e+001  1.557909e-001  1.853089e-002 -5.156903e-001  2.050777e+000  1.106722e+000  8.591629e-001  6.540888e-001 -8.323529e-001 -1.022553e-001  5.658102e-001  2.612798e-001 -8.902652e-001  7.726902e-001  1.848425e-001  1.326347e-001 -1.124311e-001  5.055710e-002 -3.785242e-001  4.495184e-001 -2.924035e-001  2.430243e-002 -6.841745e-002  1.979866e-001  3.312676e-001 -3.554964e-001 -9.929657e-004
-3.014636e+001  5.862885e+000 -5.914943e+000 -8.052768e+000  6.842911e+000 -1.864242e+001  1.096539e+000  3.147708e+000  4.593772e+000  1.350876e+000 -6.601629e+000  1.156636e+000  5.880657e+001  1.185764e-001  3.834755e-001 -6.198615e-001  1.523833e+000 -1.031923e-003  5.261213e-001  6.285335e-001  6.416492e-001  7.442946e-001  2.386045e-001  2.099924e-002 -5.248797e-001  6.473801e-001  1.648597e-001  7.759320e-002  9.777636e-002 -4.242157e-001 -4.069486e-001  8.647747e-002 -4.587107e-001 -1.697114e-001 -3.170916e-001 -5.256999e-002  2.657028e-002 -2.188639e-001 -1.974186e-002
-3.047759e+001  5.703540e+000 -4.848246e+000 -7.203749e+000  7.933664e+000 -1.355331e+001  4.378181e-001  2.407321e+000 -1.519110e+000  1.068949e+000 -2.783982e+000 -4.024330e-001  5.924541e+001  3.684452e-001  1.747538e-001 -5.210998e-001 -2.346196e-002 -3.501848e-001 -4.718534e-001 -6.555180e-001 -7.019010e-001  4.135979e-001 -2.043517e-001 -4.630376e-001 -1.020731e+000  8.856392e-001  2.469647e-001 -2.544201e-002  2.272570e-001 -4.800936e-001 -3.456996e-001 -2.676058e-001 -7.154999e-002 -4.268506e-001 -2.250642e-001  1.253045e-001 -2.649063e-001 -1.500412e-001 -3.560672e-002
-3.081575e+001  7.592438e+000 -4.890528e+000 -5.365228e+000  5.390690e+000 -1.690371e+001  1.828483e+000  5.634888e+000  3.156579e-001 -2.204488e+000 -4.541894e+000  5.747210e+000  5.942075e+001  5.637900e-001 -1.469886e-001  2.540345e-002  4.501888e-001 -2.430678e-001  1.693117e-001 -8.696283e-002 -1.726425e+000 -1.270681e+000  3.636324e-001 -2.066843e-001 -9.858789e-001  6.271504e-001  4.561709e-001 -6.633514e-002  5.112920e-001 -2.641057e-001 -1.394772e-001  9.960857e-003  2.257918e-001 -5.512498e-001 -6.065849e-001  2.114101e-001  1.230176e-001 -2.714612e-001 -5.536567e-002
-2.968711e+001  4.049499e+000 -7.104785e+000 -9.134832e+000  6.173889e+000 -1.663093e+001 -1.003132e+000 -7.647920e-001  1.845882e+000 -3.783875e-001 -9.259320e+000 -5.920702e+000  6.109121e+001  1.168007e+000  1.565529e-001  2.979620e-001  1.871313e-001 -5.007576e-001 -3.004614e-001  6.540870e-001 -1.782568e+000 -2.200887e-001  1.129819e+000 -9.494100e-001 -1.409971e+000  6.047714e-001  8.878266e-001  1.089948e-001  8.769633e-001  2.453546e-001 -2.773755e-001  1.633210e-001  3.911240e-001 -9.100795e-004 -6.683851e-001 -1.053902e-001  1.785011e-001 -1.950765e-002 -1.080268e-001
-2.772265e+001  5.954963e+000 -4.659657e+000 -4.836282e+000  6.507459e+000 -1.625705e+001  1.382200e+000 -3.898362e+000 -3.442129e+000  3.892706e+000 -4.397381e+000 -1.013624e+000  6.101942e+001  1.999650e+000  6.090021e-002  1.527068e+000  9.800801e-002 -6.231316e-001  4.902295e-001  1.102690e+000 -1.574266e+000 -1.971787e+000  6.285700e-001  8.792737e-001 -1.687566e+000  5.109856e-001  1.604845e+000 -2.637657e-001  1.042512e+000  9.519418e-002 -6.743172e-001  3.143561e-002 -4.178840e-001  3.732521e-001 -1.030744e-001 -4.667157e-001 -4.058000e-002 -2.112485e-001  1.667955e-001
-2.618410e+001  7.305042e+000 -3.473872e+000 -6.532566e+000  4.871491e+000 -1.537894e+001  3.931394e+000 -1.738895e+000 -7.406607e-001  3.669446e+000 -7.603289e+000 -4.071873e+000  6.146993e+001  4.089648e+000  6.157832e-001  3.112884e+000  1.379402e+000 -1.547030e+000  1.842929e-001  7.052757e-001 -7.825310e-001 -2.577775e+000 -8.637717e-001 -1.135112e-001 -7.674256e-001  4.035877e-001  1.853028e+000 -9.458770e-001  8.097237e-001  5.647557e-002 -1.060227e+000  3.149759e-001 -1.684990e+000  7.476641e-001  5.805691e-002 -3.295630e-001  1.569266e-001 -1.581595e-001  4.634349e-001
-2.256900e+001  6.269167e+000  9.293547e-001 -6.176322e+000  2.926231e+000 -1.507856e+001  4.874669e+000 -1.749391e+000 -8.250004e+000 -1.085555e+000 -9.735419e-001 -3.615033e+000  6.178632e+001  7.127197e+000 -1.695432e+000  3.830503e+000  3.300246e-001 -3.091517e+000  8.411264e-002 -2.201977e+000 -3.601835e-001 -6.072100e-001 -9.731511e-001 -8.275337e-001 -2.363394e+000  1.561720e+000  1.173301e+000 -1.280202e+000  3.255143e-002 -1.839737e-001 -1.208352e+000  4.478233e-001 -2.332270e+000  1.284954e+000  6.735453e-001  3.169757e-001  5.785195e-002 -4.438745e-002  6.211627e-001
-1.181570e+001  6.971313e+000  5.665131e+000 -1.567804e+000  2.293510e-001 -1.629872e+001  7.770122e-001 -5.751933e+000 -8.639054e+000 -2.208115e+000 -1.153880e+001 -8.457126e+000  6.272570e+001  7.869373e+000 -3.694666e+000  3.194863e+000  3.535008e-001 -4.567701e+000  1.477477e+000 -6.118527e+000  1.348711e+000 -6.120925e-001  2.828643e-001  6.886268e-001 -1.862854e+000  2.396579e+000 -4.769787e-001 -1.074345e+000 -7.622523e-001 -5.819632e-001 -7.958472e-001  6.950538e-001 -1.705901e+000  1.682562e+000  4.204006e-001  6.773960e-001  7.018203e-001  2.665623e-001  4.227408e-001
 7.291320e-001 -2.355334e+000  9.923356e+000 -5.668540e+000 -6.629057e+000 -1.537660e+001 -8.050493e+000 -3.692761e+000 -2.528982e+000  1.965732e+000 -6.567296e+000 -1.063797e+001  6.820013e+001  5.976292e+000 -4.184887e+000  1.648836e+000 -3.089104e-001 -5.154555e+000  2.082754e+000 -7.146759e+000  3.784884e+000  4.130987e-001  1.640130e+000  7.674645e-001 -1.361789e+000  2.620303e+000 -2.074911e+000  8.113019e-002 -1.077750e+000 -3.337531e-001  1.254526e-001  4.791592e-001  5.700021e-002  1.455466e+000 -5.025527e-001  4.101600e-001  5.939810e-001  7.951392e-001 -2.284892e-001
 1.513692e+000 -6.856036e+000  8.003443e+000 -5.018952e+000 -1.318937e+001 -7.842538e+000 -2.019866e+001  5.976343e+000 -6.661634e+000  3.558125e+000 -1.363278e+000 -9.874677e+000  7.024592e+001  2.280207e+000 -3.511213e+000  3.924565e-001 -1.210947e+000 -4.494748e+000  2.660241e+000 -5.351839e+000  5.557746e+000 -9.859258e-001  1.216568e+000  2.598091e+000  6.458282e-002  1.988000e+000 -2.275278e+000  8.932499e-001 -6.627135e-001 -1.284915e-001  1.065750e+000 -3.610078e-001  1.793941e+000  3.837046e-001 -8.756774e-001 -1.455586e-001  1.335177e-001  5.629328e-001 -7.536105e-001
 6.477597e-001 -7.741595e+000  8.004376e+000 -5.995299e+000 -1.613718e+001 -8.892878e+000 -2.037129e+001  1.131089e+001 -7.173221e+000  4.231977e+000 -2.223979e+000 -9.715200e+000  7.112772e+001 -4.527775e-001 -1.381508e+000 -1.570420e-001 -5.565172e-001 -2.500731e+000  1.888526e+000 -2.300320e+000  4.812628e+000 -2.933057e+000  6.107972e-001  1.187639e+000  6.485828e-001  6.235634e-001 -1.420443e+000  1.109244e+000  3.416728e-002  4.606226e-001  1.541173e+000 -9.480245e-001  2.202583e+000 -7.334059e-001 -1.150258e+000 -5.918006e-001  1.678302e-001  1.324925e-001 -1.076051e+000
-3.739737e-001 -7.891622e+000  8.586904e+000 -7.459160e+000 -1.749032e+001 -6.239371e+000 -1.982178e+001  1.453497e+001 -1.124656e+001  2.741599e+000 -7.199996e-001 -8.595596e+000  7.120190e+001 -2.924801e-001 -6.301061e-001  7.842346e-001 -1.651532e-001 -5.658611e-001 -2.304482e-001  4.279589e-001  2.753362e+000 -3.317402e+000  6.973791e-002  1.146128e+000 -5.337610e-002 -3.731033e-001 -4.714040e-001  1.223533e+000  6.855143e-001  9.948205e-001  1.695788e+000 -1.373080e+000  2.062804e+000 -1.470088e+000 -5.099730e-001 -6.513309e-001 -7.647836e-002 -1.551370e-002 -1.427174e+000
-5.909224e-001 -8.745079e+000  8.846416e+000 -7.231021e+000 -1.698223e+001 -6.735555e+000 -1.974054e+001  1.609106e+001 -1.490180e+001  5.427980e+000 -9.507376e-001 -8.034596e+000  7.083996e+001  1.604199e-001 -7.922263e-002  1.623783e+000  1.471306e+000  5.868655e-001 -1.212024e+000  9.762577e-001  1.520047e+000 -4.172451e+000 -7.454575e-001  2.332597e+000 -6.403465e-001 -1.579400e+000 -7.140582e-002  1.267200e+000  6.126185e-001  1.061558e+000  1.361817e+000 -1.129341e+000  1.376973e+000 -2.234606e+000  6.236578e-001 -2.289656e-001  2.223329e-001  2.346880e-001 -1.959603e+000
 6.706330e-001 -9.504825e+000  1.150360e+001 -5.226857e+000 -1.559615e+001 -1.007344e+001 -1.837424e+001  1.735307e+001 -1.938435e+001  3.308813e+000  3.730741e+000 -1.098186e+001  6.852428e+001 -3.834114e-001  1.955311e+000  2.929616e+000  2.749244e+000  2.440392e+000 -2.654886e+000  3.323895e+000 -1.464041e-001 -2.916094e+000 -1.361960e+000  1.643220e+000  6.314790e-001 -4.046388e+000 -4.222395e-001  1.173193e+000 -5.370865e-001  6.045943e-001  6.455751e-001 -2.550987e-001  1.038809e-001 -3.199225e+000  2.102644e+000  5.203894e-001 -5.170348e-001  6.627367e-001 -2.279642e+000
 9.275557e-001 -7.331107e+000  1.466494e+001  2.450771e-001 -1.414994e+001 -1.303596e+001 -1.621377e+001  1.750208e+001 -2.396658e+001  2.210826e-001  7.213635e+000 -1.172380e+001  6.456953e+001 -7.643409e-001  3.661785e+000  1.833360e+000  3.294074e+000  2.805228e+000 -2.545961e+000  3.136579e+000 -4.910521e+000 -1.542206e-002  1.818181e-001  2.050758e+000  1.479595e+000 -7.337811e+000 -7.085889e-001  6.656926e-001 -1.741516e+000 -4.536982e-001 -1.226936e-001  6.765113e-001 -5.545530e-001 -2.988396e+000  3.180985e+000  8.175782e-001 -9.943011e-001  9.223979e-001 -1.833340e+000
-3.050270e+000  1.177948e+000  2.032572e+001  2.549010e+000 -6.704510e+000 -1.636360e+001 -4.965692e+000  1.309744e+001 -2.129464e+001 -1.464750e+000  3.413916e+000 -3.593599e+000  5.410518e+001 -1.941297e+000  3.365357e+000 -2.005986e+000  1.946434e+000  1.552833e+000 -8.389732e-001 -1.327974e-001 -1.002748e+001  5.117304e+000  2.208047e+000 -1.298127e+000  2.200336e+000 -8.892107e+000 -6.560378e-001 -4.028136e-001 -2.362292e+000 -1.320139e+000 -7.341080e-001  1.480680e+000 -1.009117e+000 -1.129246e+000  2.741987e+000  4.542862e-001 -7.007694e-001  6.170018e-001 -4.048105e-001
-2.552176e+000  4.222459e+000  1.360215e+001  5.351416e+000 -7.401916e+000 -1.632028e+001 -1.076192e+001 -6.333727e+000 -1.402377e+001  8.723852e+000  9.461464e+000 -4.330751e+000  4.136045e+001 -2.603582e+000  2.544217e+000 -4.615997e+000 -3.957804e-001  4.171768e-001  1.262576e+000 -6.816149e-002 -8.481395e+000  7.715776e+000  1.557430e+000 -1.168235e+000  3.187214e+000 -8.323238e+000 -3.193771e-001 -2.047791e+000 -1.069826e+000 -1.100775e+000 -1.459661e-001  1.584427e+000 -3.916193e-001  2.722784e+000  6.746833e-001 -1.018380e+000 -7.010188e-001 -3.818697e-002  2.136683e+000
-7.295986e+000  1.545177e+000  2.005059e+000  1.952145e+000 -1.120600e+001 -1.262615e+001 -2.176416e+001 -2.086644e+001  1.230760e+000  1.009766e+001 -3.883808e+000 -3.676703e+000  3.566829e+001 -2.743980e+000  5.000268e-001 -5.657164e+000 -2.006522e+000 -3.612242e-002  2.844243e+000 -1.193191e-001 -4.007195e+000  6.928243e+000  2.216652e-001 -2.511300e-001  2.862679e+000 -5.577727e+000  4.099826e-001 -2.957520e+000  9.564317e-001 -9.818655e-002  7.266762e-001  8.919460e-001  3.030807e-001  5.210656e+000 -1.999373e+000 -1.756308e+000 -4.518616e-003 -6.353257e-001  4.297003e+000
-9.967496e+000  5.206364e+000  7.452881e-001 -1.435392e+000 -9.813315e+000 -8.591805e+000 -8.155344e+000 -7.922958e+000  3.349598e+000  2.227026e+000  5.021323e+000  4.253821e+000  3.217178e+001 -1.959885e+000 -5.144507e+000 -1.690184e+000 -2.333235e-001  2.869875e+000  3.534569e+000  1.171743e+000  5.693254e+000  2.452525e+000 -3.916889e+000 -1.977835e+000  9.574893e-001  1.688415e+000  6.278480e-001 -2.314228e+000  1.778468e+000  6.294850e-001  9.100980e-001 -1.810203e-001  7.810830e-002  4.022127e+000 -3.067858e+000 -1.122687e+000 -2.512077e-001 -1.419394e+000  4.826463e+000
-1.306251e+001  3.186129e+000 -1.531668e+000 -4.090194e+000 -5.679422e+000 -6.006618e+000 -6.865573e+000 -6.143914e+000  4.659893e+000  2.891989e+000  4.378336e+000  6.427507e+000  3.081087e+001 -2.132322e-001 -7.577878e+000  1.313266e+000  1.374273e+000  3.959865e+000  2.484761e+000  7.626538e-001  8.938472e+000 -2.247936e+000 -3.836335e+000 -9.159201e-001  1.385704e-001  7.587081e+000  1.437172e-001 -7.555068e-002  1.421310e+000  4.376220e-001  1.899694e-001 -1.235363e+000  1.908807e-001  1.195154e+000 -2.429241e+000 -1.530279e-001  5.290385e-002 -1.376551e+000  3.415994e+000
-9.468339e+000 -2.232055e+001  6.919596e+000  7.205968e+000  4.184173e+000 -1.957201e+000 -1.235249e+001  1.477129e+001 -3.475708e+000 -7.257757e+000 -4.558782e+000 -4.595409e+000  5.223124e+001 -7.297158e-001 -4.987971e+000  7.911266e-001  1.061247e+000  2.969673e+000  5.372161e-001 -1.186064e-001  5.156408e+000 -3.035423e+000 -2.027007e+000 -2.091878e+000 -2.547701e+000  9.226673e+000 -9.381049e-001  2.792603e+000 -1.219945e-001 -7.561335e-001 -8.441589e-001 -1.699814e+000  6.768488e-001 -2.066661e+000 -6.285105e-001  9.735654e-001  7.975665e-001 -2.311920e-001  1.655689e-001
-8.611726e+000 -2.258075e+001  5.484233e+000  4.502831e+000  1.594586e+000 -3.519646e+000 -1.585231e+001  1.247880e+001 -6.596269e+000 -4.341619e+000 -3.673356e+000  1.440765e+000  6.357397e+001 -2.640479e+000  4.400535e-002  2.087292e-001 -4.656969e-001  8.638254e-001 -1.833897e+000  1.480259e+000  2.236998e+000 -2.473990e+000 -1.488415e+000  7.041106e-002 -2.267483e+000  7.733112e+000 -1.630647e+000  3.275197e+000 -8.078220e-001 -1.176465e+000 -9.451100e-001 -1.377788e+000  1.011622e+000 -2.716578e+000  6.165791e-001  7.474461e-001  7.045058e-001  5.081500e-001 -2.229633e+000
-1.584147e+001 -6.850051e+000  1.192970e+000 -4.256679e-001  1.398046e+000 -7.149210e+000 -4.255005e+000  8.547723e+000 -6.199438e+000 -4.291204e+000 -1.412223e+000 -5.991313e+000  6.192360e+001 -5.436786e+000  5.007564e+000 -1.747888e+000 -3.094006e+000  1.971003e-001 -2.805174e+000  4.197185e+000 -1.289314e+000 -5.770005e-001 -2.230219e-001  1.516832e+000  1.004556e+000  2.443244e+000 -9.637510e-001  1.691886e+000 -4.487841e-001 -9.438067e-001 -5.854366e-001 -5.672324e-001  4.790177e-001 -1.481214e+000  7.158608e-001  1.838924e-001  1.629901e-001  1.233705e+000 -2.708514e+000
-2.307834e+001 -4.329095e+000  2.375291e+000 -2.602861e+000  3.276836e-002 -1.258010e+001 -3.513020e+000  8.152855e+000 -6.348191e+000 -6.033364e+000  3.157113e+000 -4.211956e+000  6.463025e+001 -6.012930e+000  3.800339e+000 -1.456337e+000 -2.430425e+000  6.206014e-001 -2.732985e+000  3.662869e+000 -1.421560e+000 -3.942522e-001 -1.001097e+000  8.022535e-001  9.031918e-001 -1.693668e-001  2.845164e-001  4.495382e-002 -1.483963e-001 -4.843075e-001 -8.654211e-002  2.531511e-001 -6.699609e-001 -4.109674e-001  5.129558e-001  2.897742e-001 -5.321251e-001  8.105765e-001 -2.024833e+000
-2.941896e+001 -6.408561e+000 -2.653748e-001 -4.711217e+000  5.950583e+000 -1.145284e+001  2.463782e+000  1.048769e+001 -6.484750e+000 -7.526993e+000 -3.898554e-001  3.253732e+000  6.391931e+001 -3.862245e+000  1.593291e+000 -6.202611e-001 -2.675422e+000  1.641022e-001 -1.849401e+000  1.185177e+000 -4.203844e-001 -4.959880e-001 -1.351204e+000 -1.642849e+000  2.035487e+000 -3.646561e-001  1.352631e+000 -6.705728e-001  4.253252e-001  1.588411e-001 -1.072029e-001  7.972739e-001 -1.565361e+000  3.852326e-001  4.909908e-001  6.957552e-001 -4.148656e-001 -2.317825e-001 -7.327701e-001
-3.188763e+001 -3.799802e+000 -1.068278e+000 -5.506519e+000  2.421324e+000 -1.503276e+001 -8.973610e-001  4.401020e+000 -8.424874e+000 -7.729208e+000 -1.732718e-001  1.334201e+000  6.172928e+001 -2.005167e+000  1.975911e+000 -1.097066e+000 -3.096526e+000  4.476139e-001 -1.046027e+000 -3.635410e-001 -2.523045e-001  5.028334e-002  5.245469e-001 -1.010373e+000  1.269934e+000 -9.871060e-001  1.443970e+000 -2.650312e-001  3.853599e-001  5.925353e-001  7.615239e-002  1.045793e+000 -1.109449e+000  1.391470e-001  7.813219e-001  1.107589e+000  1.342959e-001 -2.515146e-001 -1.004556e-001
-3.074805e+001  8.517596e-001 -1.865508e-001 -1.235095e+001  1.024279e+000 -1.516989e+001  3.630508e-001  8.321718e+000 -7.641036e+000 -1.019930e+001 -7.961277e+000  1.413043e+000  6.155081e+001 -6.775106e-001  2.566914e+000  1.991025e-001 -1.966750e+000 -2.524205e-001  3.377165e-001 -1.616417e+000  5.222087e-002  1.655686e+000  2.492933e+000  3.488178e-001 -3.377275e-001 -8.117374e-001  7.872379e-001 -5.125739e-002  1.584350e-001  1.244387e+000  3.842469e-001  7.849047e-001 -1.616590e-001 -1.875644e-001  8.681124e-001  4.982791e-001  5.142889e-001 -4.521079e-001 -4.762584e-002
-3.243963e+001  1.920299e+000 -3.149452e+000 -1.426563e+001  4.733989e+000 -1.595171e+001 -4.280359e+000  7.974317e+000 -5.518631e+000 -2.074475e+000  1.890956e+000  3.058060e+000  6.087897e+001 -3.854454e-001  1.988372e+000  6.078088e-002  1.779153e-001  1.209625e+000  1.402420e+000 -4.835807e-001 -9.621275e-001  2.436521e+000  2.614780e+000  4.778994e-001  8.322259e-001 -4.481041e-001  3.254976e-001 -2.795341e-001  4.922332e-002  1.317723e+000  5.250933e-001  3.524866e-001  5.582541e-001 -2.188725e-001  3.868260e-001 -6.936820e-001 -1.335405e-001 -5.172062e-001 -2.043316e-002
-3.253051e+001  3.565959e+000  1.770725e+000 -1.016541e+001  3.532148e+000 -9.304785e+000 -3.926803e+000  8.962143e+000  3.405560e-001  2.110303e+000  3.221196e-001  7.031647e-001  6.028578e+001 -7.359165e-001  1.330774e+000 -4.070097e-001  1.909294e+000  1.704332e+000  8.508981e-001  4.369021e-001 -1.003295e+000  2.651455e+000  9.507436e-002  1.844589e-001 -6.198606e-003 -8.722862e-001  1.052163e-001 -3.225605e-001 -2.838175e-001  6.360983e-001  5.830209e-001 -1.939096e-001  9.027058e-001 -1.819392e-001 -3.519009e-001 -1.328354e+000 -3.315865e-001 -5.090637e-001 -6.226342e-002
-3.292362e+001  4.784958e+000 -1.743011e+000 -5.709711e+000  7.215514e+000 -1.095321e+001 -1.170338e+000 -7.298300e-001 -2.330666e-001 -8.101095e-001 -1.925473e+000  5.850270e+000  6.012127e+001 -3.484764e-001  1.196311e+000 -5.478935e-001  1.554069e+000  2.094704e+000  4.598150e-001  1.401070e+000 -8.189088e-001  1.486528e+000 -1.744934e+000 -1.595896e+000 -1.481861e+000 -1.058997e+000  4.542829e-001  1.729908e-001  4.389015e-001 -6.675383e-002  9.798852e-002 -4.825929e-001  1.169812e-001 -2.551990e-002 -8.363816e-001 -7.849200e-001 -1.344898e-001 -8.740600e-001  1.602604e-001
-3.418563e+001  6.073299e+000 -2.924819e+000 -7.082438e+000  8.305175e+000 -1.341465e+001  9.925507e-001  7.657317e+000  2.973458e+000 -1.035611e+001 -5.130768e+000 -1.405518e-002  5.756823e+001 -1.699135e-001  1.350142e+000 -9.156476e-001  5.256647e-001  2.220144e+000 -1.605287e-001  1.954787e+000 -9.290845e-001  3.711771e-001 -1.968980e+000 -2.722166e-001 -1.726003e+000 -8.176079e-001  1.206295e+000  4.509884e-001  1.013702e+000 -4.259016e-001 -2.730910e-001 -4.090666e-001 -7.740452e-001 -5.147603e-001 -9.922892e-001  5.770264e-001  5.804587e-002 -6.309351e-001  7.424980e-001
-3.335445e+001  6.648181e+000 -3.541147e+000 -8.036768e+000  1.282100e+001 -1.159770e+001  2.653140e-001  4.532187e+000  5.975602e-001 -4.565935e+000 -3.362082e+000 -3.992636e+000  5.694276e+001  1.602968e+000  2.843642e+000  2.509607e+000  5.359606e-001  1.441661e+000 -5.048305e-001 -6.576170e-001 -1.126832e+000 -6.052478e-001 -2.777926e-001  3.378842e-002 -2.678172e+000  3.258587e-001  1.810439e+000 -4.341513e-002  1.157627e+000 -2.887670e-001 -7.617695e-001 -5.678809e-001 -1.386488e+000 -7.626415e-001 -7.441428e-001  1.119489e+000  1.468895e-001 -1.610059e-001  1.101260e+000
