50 39
-9.000883e+000  1.010296e+001  6.473324e+000  3.792396e+000 -1.031503e+000 -5.675453e+000 -1.001870e+001 -1.036984e+001 -6.697515e+000 -1.320067e+001 -1.126263e+001 -1.906143e+000  3.220307e+001 -4.395804e+000 -4.273400e+000 -1.451702e+000 -1.539227e+000  6.545867e-001  2.135457e+000 -1.656400e+000  5.551922e+000  1.251226e+000 -2.002783e+000  5.836570e+000  1.746954e+000 -1.832734e+000  2.587481e-001 -1.580007e+000  7.352211e-002 -1.488952e+000 -8.507932e-001  5.210140e-001  2.091108e-001 -5.611429e-002  1.086509e+000  3.018110e+000  1.488959e+000 -1.681368e+000  3.111807e+000
-1.252169e+001  5.676239e+000  5.604785e+000  5.028703e+000 -3.110654e+000 -3.245692e+000 -2.872971e+000 -6.835354e+000 -2.221575e+000 -4.641759e-001  2.210793e-001  1.067892e-001  3.110073e+001 -4.099203e+000 -5.954414e+000 -1.313857e+000 -4.331582e+000 -2.621612e-001  1.437484e+000 -1.260334e+000  4.877716e+000  2.923289e+000  3.384978e-001  6.078247e+000 -3.735020e-001  3.556423e+000  7.151191e-001  1.436334e-002  1.556079e-001 -1.197773e+000 -4.500614e-001 -3.968258e-001  6.511180e-001 -5.422164e-001  4.778027e-001  1.863086e+000 -3.336726e-001 -1.519749e+000  3.342417e+000
-1.713094e+001 -6.715650e+000  1.225199e+001 -5.453963e+000  2.608005e+000  2.823178e+000 -5.317966e+000  3.509104e+000  6.201127e-001 -1.674033e+000  2.452611e+000 -2.584495e+000  3.829340e+001 -2.752559e+000 -4.148003e+000 -9.907281e-001 -5.589169e+000 -7.791262e-001  2.916611e-001  1.379749e+000  3.268392e+000  2.217590e+000  3.035253e+000  3.742120e+000 -2.400634e+000  8.231456e+000  9.565576e-001  1.841520e+000 -5.433723e-002  2.488637e-001 -1.947351e-001 -1.404620e+000  5.162336e-001 -1.075532e+000 -6.159087e-001  6.976577e-001 -1.540788e+000 -3.684647e-001  1.527181e+000
-2.067258e+001 -8.998057e+000  6.353293e+000 -1.208657e+001 -4.698013e+000 -4.125612e+000 -7.945908e+000 -8.981497e-001  5.365575e-002 -4.406938e+000  2.645339e+000 -5.038041e+000  5.353923e+001 -1.664255e+000 -6.012085e-001 -1.502929e+000 -4.079719e+000 -2.930259e-001 -1.408793e+000  6.955180e-001  2.638649e+000  7.352248e-001  1.037699e+000  1.506134e+000 -2.009087e+000  7.757710e+000  9.897506e-001  2.129931e+000  1.428612e-001  1.716085e+000  4.579647e-001 -8.130937e-001  2.987688e-002 -6.915615e-001 -1.058393e+000  4.040462e-003 -1.653534e+000  5.817581e-001 -1.290894e+000
-1.868823e+001 -3.299901e+000  1.145429e+000 -1.559581e+001 -4.133455e+000 -3.777187e+000 -5.834876e-001  3.003516e+000  3.252821e+000  3.946978e+000  6.235841e+000 -1.133690e+001  6.214110e+001 -8.304898e-001  2.257598e+000 -1.628853e+000 -4.208401e-001 -3.036561e-001 -3.464507e+000 -5.315813e-002  1.293795e+000 -7.342853e-001  1.135906e+000  4.186874e-001  7.224227e-001  3.702527e+000  8.055513e-001  9.117185e-001  4.084448e-001  2.149286e+000  3.461868e-001  8.901716e-002 -4.533876e-001 -6.502307e-001 -1.015520e+000 -5.960568e-001 -1.362669e+000  7.826544e-001 -2.944947e+000
-2.006432e+001  9.623225e-001  3.643422e+000 -1.029897e+001 -1.205054e+000 -6.989474e+000 -1.762621e+000  6.610686e+000  1.381957e-001  1.913812e+000  5.860132e+000 -5.562441e+000  5.796543e+001 -1.114845e-001  1.492440e+000 -2.804894e-001  1.664680e+000  1.789927e+000 -7.499006e-001 -3.944964e-001  2.407207e+000 -8.927357e-001  1.308374e+000 -5.277075e-001  9.737601e-001 -6.335850e-001  9.214963e-001 -5.091751e-001  4.145362e-001  1.189398e+000 -2.267983e-001  7.992156e-001  8.258992e-002 -7.817406e-001 -3.310613e-001 -1.725384e-001 -9.913486e-001 -1.012213e-001 -2.598907e+000
-2.158751e+001 -4.078493e-001  5.462663e+000 -8.451965e+000 -6.567549e-001 -1.306742e+001 -8.675401e+000  6.223660e+000 -3.093584e+000  8.451199e-001  2.938652e+000  1.289819e+000  5.459293e+001  4.988123e-001 -6.362345e-001  4.402760e-001  2.285061e+000 -8.966887e-002  4.073006e-001 -3.421821e-001  1.329598e-001 -2.046031e+000 -8.036895e-002 -2.054307e+000  2.121449e-002 -2.297632e+000  1.212515e+000 -8.266476e-001  3.648608e-001  5.014486e-001 -4.944108e-001  8.139554e-001  4.128270e-001 -7.704189e-001  2.038678e-001 -2.634051e-001 -6.239113e-001 -9.284577e-001 -1.286762e+000
-1.978036e+001 -2.981883e+000  2.792229e+000 -7.335091e+000  2.513273e+000 -3.229997e+000 -5.872434e+000  9.527813e+000 -1.236820e+000  3.685860e+000  1.655397e+000 -6.482599e+000  5.414539e+001  2.278575e+000 -1.700168e+000 -4.648121e-001  5.143194e-001 -1.534011e+000  6.513810e-001  1.252980e+000 -6.896363e-001 -2.642092e-001  7.831439e-001 -2.214112e+000 -2.164589e+000 -2.236743e+000  1.385335e+000 -2.747056e-001  6.393248e-001  2.587090e-001 -7.235916e-001 -3.131407e-001 -2.925362e-001 -5.851822e-001  3.193608e-001 -3.950656e-001  1.148366e-001 -7.278749e-001  1.704787e-001
-1.633615e+001 -4.508971e+000  3.772406e+000 -5.652445e+000 -6.440963e+000 -3.620423e+000 -2.394916e-001  2.209752e+000 -6.289824e+000  2.659109e+000 -1.933327e+000 -1.077075e+001  5.256296e+001  4.037056e+000 -2.793358e-001  2.876126e-001  2.661583e+000 -1.113741e+000 -9.537020e-002  1.187239e+000 -1.009878e+000 -2.920931e-002  8.149479e-002 -1.857667e+000 -2.350691e+000 -1.929703e+000  1.090142e+000  1.771740e-001  9.920822e-001  1.058121e-001  6.339272e-002 -8.332530e-001 -1.159708e+000  2.384848e-001  8.450072e-002 -3.970792e-001  5.382388e-001  1.205048e-001  1.152582e+000
-1.129712e+001 -5.487955e+000  2.164490e+000 -9.127129e+000 -5.983004e+000 -8.456070e+000  2.843224e-001  5.169458e+000  4.152696e-001  4.922537e+000 -2.774438e+000 -1.035510e+001  4.779670e+001  5.046067e+000 -5.953739e-002  2.992466e+000  2.769964e+000 -1.315995e+000 -2.064269e+000 -2.621888e+000  5.271473e-002 -3.043422e-001 -7.478861e-001 -5.184466e-002 -1.479661e+000  3.484459e-002  2.374662e-001  1.027200e-001  1.059379e+000 -8.950152e-002  4.585777e-001 -8.025730e-001 -1.289002e+000  2.866582e-001 -7.412357e-001 -6.197338e-001  3.986816e-001  8.396527e-001  1.590371e+000
-5.643854e+000 -5.514925e-001  7.214595e+000  5.751970e+000 -1.977322e+000 -1.093124e+001 -5.817584e+000  3.353446e+000 -4.065675e+000  6.342554e-001 -4.134764e+000 -8.527387e+000  4.811876e+001  4.565776e+000 -5.706797e-001  3.672048e+000  1.686299e+000  1.182867e-001 -2.401139e+000 -4.203287e+000  9.542083e-001 -1.603460e+000 -1.300250e+000 -4.442465e-001  2.812745e-001  2.329486e+000 -6.694506e-001 -4.174707e-001  2.792521e-001 -1.068281e+000  3.036518e-001 -4.571181e-001 -2.321630e-001  1.813831e-001 -8.075285e-001 -3.625662e-001  8.847923e-002  9.161218e-001  1.276674e+000
 1.038255e-001 -5.258309e+000  1.603347e+001  8.125209e-001 -6.298521e+000 -9.895932e+000 -1.619283e+001  9.219540e+000 -3.870605e+000  9.588566e-001  2.496892e+000 -1.500259e+001  5.654171e+001  3.201546e+000 -1.040896e+000  3.139865e+000  5.544539e-001  1.428637e-001 -2.208600e+000 -2.496770e+000 -2.383887e-001 -3.183262e+000 -1.624653e+000 -9.274143e-001  7.176915e-001  3.585518e+000 -1.239647e+000 -1.718031e-001 -7.555146e-001 -9.466738e-001  3.528139e-001  6.744027e-003  1.131112e+000 -1.351446e-001 -5.201278e-001 -5.577301e-002 -3.715359e-001  8.247432e-001  1.164839e-001
 7.922567e-001 -7.477192e+000  1.519816e+001 -2.190775e+000 -5.691771e+000 -1.490619e+001 -1.301735e+001  4.955752e+000 -1.216419e+001 -1.860301e+000 -6.790225e+000 -7.040634e+000  5.983788e+001  1.612063e+000 -1.876010e+000  1.610174e+000 -1.572067e+000 -3.249114e-001 -2.308795e+000 -3.613529e-002  4.258909e-002 -2.627392e+000 -1.292953e+000 -9.774858e-001  1.131241e+000  2.678331e+000 -1.185362e+000  3.501621e-001 -8.912811e-001 -3.352955e-001  3.727469e-002  3.968571e-001  1.065812e+000 -1.691467e-001  2.604867e-001  3.469738e-001  1.575197e-001  1.804667e-001 -8.838545e-001
 1.492554e+000 -7.229585e+000  1.387203e+001 -2.383487e+000 -3.411461e+000 -1.751159e+001 -8.599643e+000  3.176362e+000 -1.145179e+001 -1.953447e+000 -6.083779e+000 -7.510021e+000  5.986472e+001  3.246902e-001 -2.658879e-001  2.458306e-001 -3.342220e-001  6.696737e-001 -2.076721e+000  9.500948e-001 -1.671986e-001 -2.393016e+000 -1.030400e+000 -1.642905e+000  2.219071e+000  4.428414e-001 -7.630283e-001  6.640746e-001 -5.039914e-001  2.975619e-001 -2.058363e-001  5.379723e-001  9.797120e-002  1.206522e-001  7.713778e-001  6.610964e-001  4.872030e-001 -2.094941e-001 -1.212727e+000
 1.722098e+000 -8.945905e+000  1.634618e+001 -5.103593e-001 -5.045409e+000 -1.866738e+001 -9.794852e+000  6.587980e+000 -1.341204e+001 -4.374358e+000 -4.731857e+000 -6.617464e+000  5.984891e+001  7.739619e-002  7.926269e-001  6.626593e-001  4.541596e-001  4.125509e-002 -4.827936e-001 -5.976604e-001  7.287979e-002 -6.961502e-001  1.374925e-001  7.010971e-001  4.329182e-001 -5.184487e-001 -1.978548e-001  5.986668e-001 -1.428521e-001  7.539616e-001 -4.238354e-001  6.470225e-001 -6.374743e-001  6.745839e-002  8.515880e-001  6.001805e-001  5.853981e-001 -3.725052e-001 -8.889249e-001
 1.262355e+000 -5.853393e+000  1.668861e+001 -1.698797e+000 -3.273334e+000 -1.839894e+001 -1.305360e+001  7.567433e+000 -1.521176e+001 -2.936113e+000 -6.746814e+000 -4.118816e+000  5.875040e+001  1.537380e-001  9.451589e-001  1.093665e+000  1.029151e+000 -1.069401e+000 -4.317385e-001 -1.726151e+000  3.497272e-001 -2.919940e-001  9.656065e-001  6.693093e-001  1.938238e-002 -8.797268e-001  4.534093e-002  1.933809e-003  3.470733e-002  4.157779e-001 -4.098669e-001  4.389738e-001 -6.030299e-001  1.718141e-001  7.365494e-001  2.254698e-001  5.102155e-001 -3.621572e-001 -2.606853e-001
 1.294337e+000 -4.202154e+000  1.710317e+001 -2.623221e-001 -5.554559e+000 -1.687648e+001 -1.377867e+001  3.124616e+000 -1.376495e+001 -6.815057e-001 -2.953222e+000 -6.571645e+000  5.780280e+001  7.082652e-001  5.118006e-001  4.719959e-001  1.516055e+000 -1.574551e+000  1.038263e-001 -1.885384e+000  1.214182e-001  5.800372e-001  7.099464e-001  7.933976e-001  3.685595e-001 -1.105009e+000 -3.923393e-003 -3.454427e-001 -7.869915e-002  7.029493e-002  1.064015e-001  2.147685e-002 -2.581323e-002  2.575652e-001  3.281918e-001 -2.695071e-001 -1.584332e-001  1.487007e-001  7.427429e-002
 2.475125e+000 -4.875666e+000  1.896187e+001  2.638248e+000 -8.503891e+000 -2.056573e+001 -1.523849e+001  6.656680e+000 -1.273530e+001  1.028159e+000 -3.626551e+000 -7.436018e+000  5.648914e+001  2.359603e-001 -1.158058e-001  5.146990e-001  1.213720e+000 -5.717575e-001 -1.751617e-001 -1.421193e+000  6.676027e-001  6.516376e-001 -1.892774e-001  8.620226e-001  4.404645e-001 -5.673046e-001 -1.327828e-001 -1.985509e-001 -1.715551e-001 -2.326558e-001  5.161834e-001 -6.452106e-002  3.397638e-001  1.805035e-001  4.232571e-002 -3.221142e-001 -2.756243e-001  6.304368e-002  1.766301e-001
 4.657040e+000 -6.875765e+000  1.756953e+001  4.901394e+000 -1.030289e+001 -1.706485e+001 -1.812933e+001  7.650448e+000 -1.175009e+001 -2.806762e+000 -2.325001e+000 -3.116065e+000  5.545449e+001  1.666809e-002 -4.041045e-001  5.586468e-001  7.133497e-001  3.244409e-001 -5.036978e-001 -8.792056e-001  1.201768e+000  4.729928e-001 -6.326010e-001 -1.874254e-001  9.658806e-001 -3.032883e-001 -1.207459e-001  2.284022e-001 -1.614500e-001 -2.435609e-001  3.746139e-001 -3.313528e-001  2.699389e-001  2.552330e-001  2.695983e-003 -2.909558e-001 -1.383204e-001 -3.575573e-001  2.917823e-002
 7.608052e-001 -5.095616e+000  1.902892e+001  1.787943e+000 -3.757958e+000 -1.918056e+001 -1.798424e+001  8.642530e+000 -1.296100e+001 -2.819872e+000 -2.750812e+000 -3.644284e+000  5.708804e+001 -1.643773e-001  4.103570e-001  1.925644e-001  2.672243e-001  5.620199e-001 -4.505817e-001 -5.304209e-001  7.120695e-001 -2.684326e-002  2.630914e-002 -2.184007e-001  3.594022e-002 -3.974369e-001  1.693930e-001  4.981060e-001 -3.397020e-001 -5.432957e-002 -1.361391e-001 -2.954800e-001  1.004203e-002  1.995282e-001 -3.540999e-002 -2.403180e-001  2.402534e-001 -4.809939e-001 -2.555172e-001
 2.234837e+000 -6.112701e+000  1.986287e+001  3.729579e+000 -6.305321e+000 -2.008756e+001 -1.680182e+001  8.140531e+000 -1.128714e+001 -1.920495e+000 -4.328218e+000 -3.638109e+000  5.598691e+001  3.047045e-001  1.390731e+000 -1.741867e-001  7.714983e-001 -2.683702e-001 -1.415228e+000 -9.810751e-001  1.375350e+000  9.327576e-001 -8.526258e-001  6.420072e-001 -1.216965e+000 -1.044052e+000  2.065880e-001  4.234940e-001 -3.889788e-001 -1.998077e-001 -9.421066e-002 -1.192296e-002 -1.749604e-001  2.101452e-002 -9.290621e-002 -2.153163e-001  6.794165e-001 -3.627810e-001 -2.552394e-001
 2.864340e+000 -3.205413e+000  1.877802e+001  4.560277e+000 -7.692574e+000 -2.130729e+001 -1.855434e+001  9.971986e+000 -1.310099e+001  7.165712e-001 -3.716946e+000 -6.995295e+000  5.423575e+001  9.389073e-001  1.477307e+000 -8.173944e-001  9.129975e-001 -9.560472e-001 -1.196797e+000 -1.320048e+000  1.578453e+000  2.447052e-001 -1.280855e+000  1.648573e+000 -8.730824e-001 -1.474509e+000  7.893681e-002 -1.212486e-001 -3.755873e-001 -4.025881e-001  4.651274e-001  1.971636e-001 -3.747147e-002 -2.334352e-001 -6.918720e-002 -2.147292e-001  6.847087e-001  5.576415e-002  7.066196e-003
 5.128795e+000 -8.672138e-001  1.682405e+001  7.372718e+000 -9.677429e+000 -2.307763e+001 -2.274965e+001  1.386247e+001 -7.016304e+000 -8.838113e+000  1.368102e+000 -7.525383e+000  5.166037e+001  4.979658e-001  1.179891e+000 -8.812677e-001 -6.085753e-001  6.124212e-001 -1.902050e-001 -1.359194e+000  8.736490e-001 -1.273125e-001 -1.055600e+000  2.276170e+000 -3.935128e-001 -1.040949e+000 -2.211872e-001 -7.739381e-001 -1.283573e-001 -5.836037e-001  9.218059e-001  6.114479e-001  2.614025e-001 -6.197583e-001 -2.401839e-001  3.513087e-001  1.155839e-001  3.148550e-001  3.867078e-001
 4.008363e+000 -3.318256e-001  1.646136e+001  4.531361e+000 -6.852140e+000 -2.366951e+001 -2.161057e+001  1.367383e+001 -1.387289e+001 -5.765339e+000  2.643894e+000 -6.066059e+000  5.187876e+001  1.336761e-001 -9.046593e-002 -1.331832e+000 -1.055680e+000  2.447261e+000 -7.727528e-002 -5.287188e-001 -2.042561e-001  1.572557e-001 -9.458499e-001  2.388061e+000 -9.696498e-002 -3.636574e-001 -2.861679e-001 -9.312286e-001  7.133459e-002 -2.041124e-001  7.073251e-001  6.169611e-001  3.598816e-001 -7.083678e-001  2.269114e-001  4.430664e-001 -4.654568e-001  1.754211e-001  4.423300e-001
 4.152655e+000 -1.650041e+000  1.661486e+001  7.011604e-001 -3.663432e+000 -1.985747e+001 -2.206968e+001  1.065786e+001 -1.153775e+001 -3.957541e+000  3.872212e+000 -6.070292e+000  5.196066e+001 -3.986160e-001 -1.695073e+000 -5.587544e-001 -1.162182e+000  2.639005e+000  1.082251e+000 -6.972752e-002 -8.320873e-001 -2.244374e-001  7.364153e-001  8.501827e-001 -3.074827e-002  3.340614e-001 -1.533466e-001 -6.431261e-001  1.921250e-001  5.441891e-001 -4.364810e-002  3.164462e-001  3.886077e-001 -4.032906e-001  3.347336e-001  2.947104e-001 -7.426946e-001  6.334174e-002  1.684732e-001
 4.020790e+000 -3.266329e+000  1.222345e+001  2.617658e+000  1.536735e+000 -2.330375e+001 -2.153792e+001  1.055301e+001 -1.005399e+001 -6.452964e+000  6.971306e+000 -8.207665e+000  5.226732e+001 -4.364135e-002 -1.741354e+000 -6.219782e-001  1.692389e-001  1.567286e+000  1.251781e+000 -1.653734e-001 -1.110518e+000  1.427825e+000  3.846898e-002  3.428283e-002 -1.773593e-001  4.963608e-002  1.438165e-003  3.669961e-001  3.041195e-001  7.143730e-001 -7.317202e-001  2.077545e-002  2.418687e-001 -1.852616e-001  1.425363e-001  7.188218e-002 -6.217037e-001  3.999419e-002 -2.769705e-001
 3.129502e+000 -7.875329e+000  1.614923e+001  2.518660e+000 -6.768408e-001 -1.784926e+001 -2.313461e+001  1.126244e+001 -1.004794e+001 -4.812224e+000  3.455310e+000 -6.608321e+000  5.313640e+001 -1.801086e-001 -1.210296e+000 -2.755693e-001  1.499911e+000  8.341681e-001  7.274981e-001  4.021715e-001 -6.896730e-001  9.110709e-001 -7.420745e-002 -2.604136e-001 -3.660698e-002 -4.052300e-001  1.328739e-001  1.209653e+000 -1.164716e-001  5.819179e-001 -5.426804e-001 -5.270811e-001  3.155358e-001 -2.067719e-001 -1.182594e-001 -2.209533e-001 -1.339951e-001  8.000602e-003 -5.754455e-001
 4.301733e+000 -5.925953e+000  1.358429e+001  4.468805e+000 -5.090041e-001 -1.841472e+001 -2.190497e+001  7.818944e+000 -7.478673e+000 -5.145653e+000  3.023759e+000 -6.683841e+000  5.153907e+001  3.161318e-002  1.502126e+000  4.717340e-002  1.185139e+000 -3.089211e-001  2.039783e-001  4.446753e-001 -1.201771e+000  3.021830e-001 -1.811276e-001 -1.651591e-001  1.059353e-001 -1.378864e+000  1.497941e-002  1.424841e+000 -2.337382e-001  9.356579e-002 -1.268610e-001 -6.125560e-001  8.194936e-002 -1.196034e-001 -5.180713e-001 -3.833850e-002 -3.745258e-002  5.532092e-002 -5.442612e-001
 3.111640e+000 -6.371708e+000  1.455660e+001  7.275141e+000  1.530278e+000 -1.866450e+001 -1.987530e+001  8.576525e+000 -8.270053e+000 -4.982234e+000  4.543918e+000 -7.015239e+000  5.029863e+001  2.281264e-001  2.731451e+000 -1.475688e+000  1.239458e+000  8.637071e-001 -1.029253e+000  1.202927e+000 -1.820320e+000 -2.529136e-001 -2.585527e-001  2.799281e-001 -1.323926e-001 -1.828916e+000 -5.701115e-002  7.109868e-001 -2.606446e-001 -3.292483e-001  1.410515e-001 -3.942872e-002 -2.199816e-001  7.618564e-002 -1.763853e-001  1.445335e-001 -9.356737e-002 -1.393078e-001 -1.894049e-001
 4.187787e+000  3.492489e+000  1.325564e+001  6.165112e+000 -1.111430e+000 -2.187623e+001 -2.094420e+001  5.887114e+000 -9.432019e+000 -7.273598e+000  5.601206e+000 -7.474530e+000  4.679188e+001 -1.728618e-001  3.411977e+000 -1.190609e+000  7.672945e-001  9.182119e-001 -9.326237e-001 -1.560043e-001 -1.143211e+000 -5.805394e-001 -6.105089e-002 -4.231509e-001  1.471381e-001 -1.959827e+000 -2.554964e-001 -7.222732e-001  1.046045e-001 -3.840939e-001  2.401937e-001  5.290133e-001 -3.986261e-001  5.485991e-001  2.469713e-001  4.568310e-001 -4.330615e-002 -2.533464e-001  3.779938e-001
 4.327106e+000  1.072706e+000  8.935114e+000  7.867795e+000  3.942907e+000 -2.126477e+001 -1.760036e+001  3.126753e+000 -1.033584e+001 -5.041015e+000  3.566226e+000 -6.874939e+000  4.636542e+001 -3.629269e-001  1.389713e+000 -9.599009e-001  6.259141e-002  9.258592e-001  1.098655e+000 -3.973969e-001 -3.380246e-001  4.705056e-001  5.884217e-001 -5.992545e-001 -7.537474e-001 -1.061773e+000 -3.124805e-001 -1.396239e+000  5.814973e-001 -4.839567e-001 -1.312482e-001  1.039006e+000 -3.197059e-001  7.188267e-001  3.471735e-001  3.824539e-001  1.374948e-001 -1.845617e-001  6.741483e-001
 2.829691e+000  7.411724e+000  1.044198e+001  8.008951e+000  2.875741e+000 -2.177770e+001 -2.382246e+001  4.827774e+000 -9.348477e+000 -5.421516e+000  1.396850e+000 -6.018300e+000  4.370654e+001 -9.503424e-001 -1.438371e+000  3.123021e-001 -1.468974e-001  8.609715e-001  1.785091e+000 -7.482931e-001  8.000765e-001  1.175330e+000  1.679540e+000  5.790143e-002 -8.501191e-001  1.275333e-001 -1.459889e-001 -1.117544e+000  2.356974e-001 -7.644832e-002 -9.377709e-002  8.738089e-001  5.177450e-001  9.113215e-002  2.582501e-001  1.291059e-001  1.664610e-001 -5.086354e-002  4.835367e-001
 1.976054e+000 -1.382762e+000  1.116392e+001  6.666179e+000  4.165988e+000 -1.322049e+001 -2.042315e+001  7.416072e+000 -5.959296e+000 -2.966166e+000  3.649823e+000 -1.151209e+001  4.653244e+001 -9.455359e-001 -1.824571e+000  6.803420e-001 -7.232297e-001  2.360863e-001  2.806918e+000 -9.945812e-002  8.021690e-001  6.050190e-001  7.834209e-001  7.268758e-001 -5.565723e-001  4.981453e-001 -8.294439e-003  3.603555e-001 -3.330733e-001  4.065313e-001  8.143008e-002  2.741374e-001  1.046531e+000 -6.649712e-001 -1.173596e-001 -4.137167e-001 -3.605951e-001  5.603642e-001 -2.505570e-001
 6.116010e-001 -2.471633e+000  1.370274e+001  6.031433e+000  3.081887e+000 -1.697292e+001 -2.327427e+001  7.742837e+000 -5.743641e+000  8.667934e-002  5.848915e+000 -9.406549e+000  4.734604e+001 -6.115016e-001 -5.686040e-001 -8.322441e-001  7.779635e-001  7.942129e-001  2.582290e+000  2.283751e+000 -1.257647e+000  6.434542e-001  4.869789e-001 -2.539112e-001 -2.057672e-001 -3.221031e-001  4.385184e-002  1.247666e+000 -7.280822e-001  6.138771e-001  9.248273e-002  2.461627e-002  1.502936e+000 -1.292010e+000  6.886987e-002 -3.682815e-001 -1.045638e+000  4.997526e-001 -8.296311e-001
 7.084718e-001 -3.108468e+000  1.070644e+001  5.240405e+000  5.020266e+000 -9.632565e+000 -1.837175e+001  5.680066e+000 -9.113162e+000 -3.878008e+000  4.974573e+000 -7.963675e+000  4.703640e+001 -5.738195e-001  2.756607e+000 -2.052994e+000  1.632818e+000  1.366389e+000  2.070743e+000  3.319235e+000 -2.634019e+000  1.496454e-001 -8.838812e-001 -2.246324e+000  1.725898e+000 -2.089740e+000 -2.034668e-001  7.874851e-001 -5.733301e-001  4.459475e-001  1.414867e-001 -3.071913e-001  1.078653e+000 -9.430689e-001  3.736910e-001 -6.384432e-002 -1.160185e+000 -4.972100e-004 -8.879660e-001
 4.059741e-001  5.431557e+000  6.509500e+000  1.261166e+001  6.419667e+000 -1.066021e+001 -1.342941e+001 -5.924603e-001 -4.554273e+000 -2.530700e+000 -5.350809e-001 -8.821343e+000  4.184405e+001 -9.169413e-001  2.509370e+000 -1.961441e+000  1.744464e+000  7.582338e-001  2.276259e+000  5.057042e+000 -3.941879e+000  1.747366e+000  6.717838e-001 -3.683688e+000  5.074091e-001 -2.726680e+000 -5.375077e-001 -5.365688e-001 -1.717258e-001 -4.485193e-001 -2.025229e-001 -2.365016e-002  3.055168e-001  3.028846e-001  3.982798e-001 -8.127639e-002 -4.101252e-001 -2.921565e-001 -3.980715e-001
-7.902298e-001  8.448676e+000  4.495571e+000  1.154016e+001  9.329042e+000 -6.023126e+000 -8.749412e+000 -1.586374e+000 -5.805753e+000 -6.076881e+000 -4.389798e+000 -3.175206e+000  3.883473e+001 -1.810150e+000  5.738679e-001 -1.621710e+000  1.023257e+000  9.615096e-001  1.423977e+000  3.907160e+000 -2.571060e+000  1.921518e+000  3.717969e-001 -3.359159e+000 -9.156464e-001 -2.739396e+000 -6.341457e-001 -1.593274e+000 -1.103260e-001 -9.293793e-001 -3.852193e-001  1.916974e-001 -2.624050e-001  1.588889e+000  2.415709e-001 -1.747279e-001  3.574747e-001 -5.131902e-001  1.871860e-001
-3.223755e+000  4.296644e+000  7.000973e+000  1.160388e+001  4.718668e+000 -7.396344e+000 -2.800230e+000 -8.333337e+000  1.339485e+000  4.545035e+000 -7.887340e+000 -9.263739e+000  3.781347e+001 -2.680875e+000 -2.160079e+000 -1.906515e+000 -1.159853e+000 -1.596222e-002  2.787422e+000  3.517373e+000  2.252960e-001  1.748917e+000 -5.472420e-001 -1.748120e+000 -3.457776e-001 -1.987632e+000 -3.266952e-001 -1.138093e+000 -2.707031e-001 -7.930613e-001 -1.445429e-001  3.844534e-001 -9.718865e-001  1.818000e+000 -1.231672e-001 -6.323041e-001  9.744602e-001  3.733663e-001  4.336299e-001
-6.527415e+000  3.283277e-001  2.352157e+000  1.086058e+001  1.067831e+001 -4.144615e+000 -4.150536e+000 -3.304794e+000 -2.452450e+000 -5.556891e+000 -8.145090e+000 -1.232071e+001  3.535470e+001 -2.862581e+000 -2.875041e+000 -2.632087e+000 -1.561920e+000 -1.726095e-001  2.773649e+000  2.777044e+000  3.226840e+000  1.356724e+000 -1.148008e+000 -1.426735e+000 -4.134599e-001 -1.523334e+000  1.430679e-001  1.088428e-002  8.701535e-002 -3.962826e-001 -1.915706e-001  1.440034e-001 -1.097793e+000  6.145397e-001 -2.097243e-001 -9.148957e-002  1.209183e+000  7.755864e-001  4.396762e-001
-1.012981e+001 -1.308662e+000 -1.951370e+000  7.152177e+000  5.665221e+000  2.337641e+000  1.858016e+000  1.393230e+000  2.513661e+000 -5.526906e+000 -7.398034e+000 -5.977479e+000  3.364590e+001 -2.024202e+000 -1.456643e+000 -2.809768e+000 -9.282535e-001  6.025788e-001  3.523690e+000  7.626672e-001  2.249171e+000  1.413927e+000 -1.729834e+000  2.224007e-001  2.123147e+000 -1.166561e+000  4.265328e-001  9.810888e-001  7.145028e-001  7.921797e-002 -4.296476e-002 -8.483475e-001 -1.251450e+000 -8.256397e-001 -5.976025e-001  3.614361e-001  1.090148e+000  4.014629e-001  2.374451e-001
-1.165011e+001 -3.123874e+000 -4.188693e+000  5.956407e+000  7.992719e+000  2.978126e+000  2.806687e+000  9.684543e+000  3.907803e-001 -6.780950e+000 -1.176812e+001 -6.885635e+000  3.330185e+001 -1.423147e+000  2.765715e-001 -7.350070e-001 -1.073955e+000 -3.056137e-001  1.775860e+000 -2.044517e-001 -5.102990e-001  1.040392e+000  5.056452e-001  1.701499e+000  1.727823e+000 -9.515507e-001  3.903615e-001  1.195151e+000  1.154582e+000 -2.802131e-002 -3.472569e-001 -1.242345e+000 -6.187469e-001 -1.277700e+000 -6.619242e-001  6.814687e-001  1.024470e+000  1.880617e-001  6.023482e-002
-1.078342e+001 -1.260471e+000 -3.777442e+000  9.414699e+000  9.074359e+000  6.660738e+000 -2.465505e+000 -3.582149e+000  6.987504e+000 -3.492108e+000 -4.963820e+000 -1.365540e+000  3.300709e+001 -1.267928e+000  1.169559e+000  7.174585e-001 -1.007746e+000 -1.642839e-001 -9.554213e-001 -1.249128e+000 -2.034333e+000 -1.080929e+000  4.331120e-001  2.138505e+000  5.908955e-001 -1.086298e+000  2.035867e-001  6.708554e-001  1.024881e+000 -2.323611e-001 -6.006479e-001 -1.139638e+000  5.575790e-001  8.459980e-003 -8.509914e-001  5.283835e-001  3.298109e-001 -1.496841e-001  3.147853e-002
-1.331635e+001  1.687090e+000 -4.098424e-001  4.359543e+000  7.445676e+000  2.573137e+000 -3.011033e+000 -3.368599e+000  5.125862e-001 -4.046064e+000 -8.547043e-001 -5.987565e+000  3.091635e+001 -1.288911e+000  1.787613e+000  1.377208e+000 -1.662281e+000 -1.525463e+000 -1.198521e+000  6.892073e-001 -1.019909e+000 -7.054685e-001  1.177863e+000  2.737565e+000  1.292975e+000 -1.262291e+000  3.179047e-001  9.406473e-002  4.234633e-001  1.175780e-001 -3.505613e-001 -1.827163e-001  8.673543e-001  9.125398e-001 -4.364415e-001  1.238677e-001 -3.166695e-001  5.027216e-002  2.118299e-001
-1.563633e+001  2.133651e+000 -2.535025e-001  2.911880e+000  5.117322e+000 -2.236971e+000 -1.478762e+000 -2.251864e+000 -2.951887e+000 -4.728788e+000 -2.162220e+000 -3.472037e+000  2.940716e+001 -1.073386e+000  1.142113e+000  1.258530e+000 -1.795896e+000 -1.790736e+000 -6.873111e-001  3.103733e+000  2.546276e+000 -1.968100e+000  5.759746e-001  1.353422e+000  1.592151e+000 -8.537985e-001  3.677895e-001 -4.724678e-001 -2.014682e-001  3.106649e-001 -8.362201e-002  7.047330e-001  5.569955e-001  9.364380e-001  4.520631e-001  1.902256e-001 -5.892150e-001 -4.639918e-002  3.773656e-001
-1.566821e+001  4.117131e+000  9.353785e-001  8.964131e-001  2.343924e+000  1.434376e+000  5.759352e+000  3.919853e+000  1.833133e+000 -2.732957e-001  5.189004e-001  6.324874e-001  2.879036e+001  6.910582e-002  7.606182e-001  1.111774e+000 -9.198985e-002 -1.245194e+000  7.282231e-001  1.955890e+000  1.762096e+000 -6.982303e-001  1.053552e+000  5.106928e-001  1.478556e+000 -8.650780e-003  1.980680e-001 -6.963066e-001 -4.886609e-001  4.984899e-001  4.498087e-001  6.535913e-001 -3.454176e-001 -1.098573e-001  4.957251e-001 -2.086655e-001 -7.378805e-001 -3.439066e-001  3.241889e-001
-1.497442e+001  3.235073e+000  1.842599e+000  2.166782e+000  2.671555e+000  3.793563e+000  8.667965e+000  5.505007e+000 -3.513268e+000 -2.498619e+000  1.116487e+000  3.285188e+000  2.980110e+001 -1.079887e-001 -6.792824e-001 -1.571653e-001 -2.395665e-001 -7.225283e-001  1.604872e+000  9.025084e-001  1.256855e+000  1.175768e+000  1.446395e+000  3.058659e-001  2.661089e-001  1.737097e-001 -1.556212e-002 -4.239114e-001 -3.645992e-001  4.988030e-001  6.228408e-001  2.117557e-001 -8.696814e-001 -9.478884e-001  5.103430e-001 -1.500290e-001 -5.091174e-001 -3.665508e-001  7.229897e-002
-1.330177e+001  4.939470e+000  4.100976e+000  4.272143e+000  2.442590e+000  3.198986e+000  1.695051e+000  1.563444e+000 -2.697875e+000  1.066122e-001  5.940620e-002 -1.973396e+000  3.067613e+001 -7.812697e-001 -7.832219e-001 -3.582489e-001  5.200401e-002  1.894770e-001  9.233441e-001  6.273155e-002 -9.244850e-001  2.012232e-001 -3.006753e-001 -4.280598e-001  2.364626e-001 -1.551008e-001 -9.375794e-002  6.351347e-003 -3.088599e-002  3.889694e-001  6.803026e-001 -2.002850e-001 -3.769551e-001 -6.785913e-001 -1.364692e-001 -3.036948e-001 -2.800062e-001 -1.244659e-001 -1.121084e-001
-1.735949e+001 -1.673930e+000 -2.622128e+000  2.618262e-002  1.455348e+000  4.905083e+000  5.065930e+000  5.210614e+000  5.192455e+000  2.313234e+000 -4.031427e-001 -8.385511e-001  2.933282e+001 -7.260092e-001 -2.055240e-001  1.705456e-001  6.261214e-001  6.061323e-001  2.739070e-001 -2.980950e-001 -8.498755e-001  1.338886e-001  5.029435e-001 -7.227890e-001  3.804434e-001 -4.190786e-001  2.273855e-001  5.896690e-001  6.119823e-001  5.709230e-001  5.314738e-001 -1.745425e-001  2.894552e-002 -2.458268e-001 -5.970187e-001 -3.661869e-001 -2.267751e-001 -2.117376e-001 -3.215149e-002
-1.838202e+001  2.655523e+000  1.376497e+000  2.226733e+000  3.899412e+000  5.495337e+000  7.874027e+000 -5.553756e-001 -1.513612e+000 -4.182599e+000 -8.615838e-001  3.876670e+000  2.824899e+001 -9.067364e-002  5.554957e-001  7.934883e-001  1.420013e+000  1.491988e+000  3.922806e-001  6.714157e-001 -5.774955e-001 -8.596368e-001  6.803988e-003 -3.750106e-001  7.990595e-001 -2.727987e-001  4.356309e-001  4.249266e-001  5.432714e-001  2.730335e-001  5.750561e-002  6.252530e-002  1.685950e-001  6.546581e-001  2.228639e-001  1.044007e-001  2.577529e-001 -3.561653e-001  1.130178e-001
-1.606434e+001  3.349427e+000  4.057566e+000  6.320094e+000  4.973805e+000  4.014923e+000  4.088002e+000  2.315039e+000 -3.435957e+000  2.160704e+000 -2.036963e+000  2.262372e+000  2.891927e+001  6.836406e-001  1.599704e+000  2.326878e+000  1.931044e+000  1.283585e+000  9.976913e-001  7.428940e-001 -1.457743e-001 -1.278896e+000 -5.382792e-001 -8.545340e-001 -1.073877e+000  7.180119e-002  2.805117e-001 -1.394972e-002  5.701961e-002 -2.288530e-001 -3.643845e-001 -6.756206e-002  1.980684e-001  8.551130e-001  8.179229e-001  6.349917e-002  6.607189e-001 -6.551896e-002  1.554120e-001
