23 39
 4.788597e+000 -1.363767e+001  6.846918e+000 -4.729045e+000 -6.765498e+000 -1.469255e+001 -1.623702e+001  6.864868e+000 -2.129830e+000  5.449185e+000  4.014343e+000 -1.678321e+001  6.161501e+001 -3.745631e-001 -2.008882e+000  1.650298e+000 -4.143704e+000 -2.301501e+000 -1.148721e+000 -3.932629e-001  4.768754e+000  5.595112e-002  1.088782e+000 -1.830898e+000  5.662100e-001  3.484180e+000 -1.371699e-001 -1.409940e-001  3.688520e-001  5.845920e-001  2.371650e-002  7.323360e-001  3.244925e-001 -2.482520e-001 -8.186585e-001 -8.911817e-001 -2.266854e-001  4.966483e-001 -1.572919e-001
 4.633913e+000 -1.669352e+001  1.203909e+001 -9.687779e+000 -9.149903e+000 -1.332788e+001 -1.759632e+001  1.334992e+001 -3.925342e+000  6.946133e+000  1.483747e+000 -1.635768e+001  6.513326e+001 -5.491729e-001 -1.744690e+000  1.901340e+000 -2.333884e+000 -2.391916e+000 -1.384218e-001  2.809540e-001  3.318066e+000 -3.739869e-001 -1.101785e-001 -1.414189e+000  6.272411e-003  2.540971e+000 -1.174839e-001  4.202102e-001 -9.861138e-002  1.212678e+000  2.964515e-001  6.104466e-001  3.448895e-001 -7.710672e-001 -5.248984e-001 -9.490811e-001  1.935758e-001  1.799885e-001 -8.069350e-001
 3.077936e+000 -1.693684e+001  1.195156e+001 -9.220635e+000 -1.023722e+001 -1.295412e+001 -1.816623e+001  1.502126e+001 -5.428091e+000  6.598204e+000 -4.158854e-001 -1.449826e+001  6.615294e+001 -5.059257e-001 -7.723591e-001  1.330507e+000 -8.672372e-001 -1.525943e+000  7.447643e-001  1.159960e-001  2.844000e+000 -1.094560e+000 -1.028767e+000 -1.243697e+000  3.322140e-001  1.010526e+000 -5.040125e-002  5.790006e-001 -2.011296e-001  1.032378e+000  3.243348e-001  2.894395e-001  2.954379e-001 -8.435702e-001 -1.926209e-001 -6.808329e-001  4.340669e-001  7.413897e-002 -8.566885e-001
 2.669314e+000 -1.667168e+001  1.210005e+001 -8.436893e+000 -1.180483e+001 -1.269157e+001 -1.617891e+001  1.590370e+001 -4.515139e+000  2.734137e+000  9.517604e-001 -1.663001e+001  6.634488e+001 -5.929539e-001 -9.750481e-002  7.603809e-001 -4.359293e-002 -1.195945e+000  3.671948e-001  6.440363e-001  1.828162e+000 -7.038276e-001 -1.681679e+000 -7.091222e-001  5.377702e-001  3.616592e-001 -7.607155e-002  5.359249e-001 -1.104590e-001  4.926653e-001  2.961711e-001 -1.308314e-001  1.732387e-001 -8.170307e-001 -1.262334e-002 -1.779836e-001  5.037395e-001  3.412965e-001 -5.169972e-001
 3.241268e+000 -1.751038e+001  1.346897e+001 -9.690674e+000 -1.306775e+001 -1.128688e+001 -1.636575e+001  1.980798e+001 -7.307733e+000  2.411348e+000 -1.938151e+000 -1.498598e+001  6.606183e+001 -6.046789e-001  6.252880e-002  1.215129e+000 -1.269571e-001 -1.277812e+000  4.566841e-002  9.023855e-001  1.295854e+000 -7.422331e-001 -1.529632e+000 -1.309696e-002  6.711559e-001  2.903938e-001 -1.258228e-001  3.588116e-001  1.377119e-001  1.292263e-001  5.507649e-002 -3.256123e-001 -9.724420e-003 -9.213424e-001  2.297534e-001  1.311850e-001  6.904356e-001  2.321381e-001 -1.512128e-001
 1.587478e+000 -1.689427e+001  1.508229e+001 -9.670725e+000 -1.371436e+001 -1.232552e+001 -1.527638e+001  2.009737e+001 -6.504659e+000  6.311652e-001 -1.300731e+000 -1.342497e+001  6.698711e+001 -8.801541e-001  5.174904e-001  1.406734e+000 -2.406976e-001 -1.035126e+000 -4.430310e-001  7.539529e-001  6.985092e-003 -6.132671e-001 -7.496640e-001  4.892086e-001  1.543284e+000  3.160515e-001 -6.002930e-002  2.303355e-001  2.481559e-001 -2.478667e-002 -1.073050e-001 -1.806425e-001 -3.257901e-001 -7.626528e-001  1.738534e-001  3.379134e-001  5.637417e-001  1.681051e-001 -5.978706e-002
 5.954596e-001 -1.651291e+001  1.653609e+001 -9.238505e+000 -1.567152e+001 -1.290880e+001 -1.410557e+001  1.940369e+001 -8.144496e+000  1.529123e-003  6.448756e-001 -1.274500e+001  6.728379e+001 -9.914397e-001  7.142016e-001  1.695890e+000 -1.225535e-001 -1.330970e+000 -4.781843e-001  1.241560e-002 -8.521233e-001  8.926392e-003 -8.388497e-001  1.609315e+000  9.901477e-001  2.772659e-001  3.437274e-002  1.661271e-001  1.588229e-001 -1.639407e-002 -2.254705e-001  5.631179e-003 -5.180879e-001 -4.629134e-001  7.737935e-002  3.225436e-001  2.632019e-001  4.891125e-002 -9.828476e-002
-4.085524e-001 -1.458297e+001  1.760016e+001 -9.866466e+000 -1.567858e+001 -1.409577e+001 -1.353924e+001  1.614077e+001 -7.163093e+000  1.907260e-001  2.106290e+000 -1.003408e+001  6.731416e+001 -6.997200e-001  7.283363e-001  1.760780e+000 -1.697281e-001 -1.705890e+000 -2.740912e-001 -5.399293e-001 -9.111130e-001 -2.101404e-001 -3.375032e-001  1.298380e+000  1.218800e+000  6.928787e-002  1.295429e-001  9.721392e-002  2.000661e-002  1.174667e-002 -2.637019e-001  2.189338e-001 -3.315079e-001 -2.759484e-001 -1.182526e-001  8.708620e-002  7.372434e-002 -1.625667e-001 -1.400240e-001
-7.179154e-001 -1.509502e+001  2.068948e+001 -1.020557e+001 -1.874049e+001 -1.279268e+001 -1.717224e+001  1.752567e+001 -6.933884e+000 -1.562681e+000  4.404915e+000 -1.173068e+001  6.728464e+001 -5.230323e-001  7.877415e-001  1.832220e+000 -2.444122e-001 -2.069783e+000 -1.064558e-002 -1.041113e+000 -5.596636e-001 -5.568997e-001 -1.229945e-001  8.983267e-001  1.077954e+000 -7.764816e-002  1.042862e-001  1.364977e-001 -1.675083e-001  1.008752e-002  6.637119e-002  2.095233e-001  1.732539e-001 -4.852181e-001 -2.786930e-001 -6.388431e-002 -3.028901e-002 -8.614297e-002 -1.538096e-001
-1.254434e+000 -1.396153e+001  2.180949e+001 -1.003583e+001 -2.070933e+001 -1.375404e+001 -1.644269e+001  1.648082e+001 -8.160667e+000 -2.742458e-001  3.311151e+000 -7.838128e+000  6.733313e+001 -4.666430e-001  9.667900e-001  1.438601e+000 -1.210349e-001 -1.984229e+000  4.178684e-001 -3.768225e-001 -1.518987e+000 -9.216172e-001 -6.721606e-001  1.213325e+000  6.865472e-001 -2.066116e-001  1.718918e-002  1.157407e-001 -3.205650e-001  1.034364e-001  4.643857e-001  1.109237e-001  4.801394e-001 -6.689592e-001 -1.278255e-001 -3.068013e-001  7.644702e-002 -2.299006e-001 -1.387068e-001
-1.596761e+000 -1.288492e+001  2.359252e+001 -1.037588e+001 -2.350506e+001 -1.313289e+001 -1.785941e+001  1.643535e+001 -1.043021e+001 -3.809575e-001  4.534079e+000 -8.453200e+000  6.688606e+001 -5.865473e-001  1.277463e+000  1.019438e+000 -9.646253e-002 -8.599445e-001  2.234523e-001  7.971317e-001 -2.974277e+000 -1.028800e+000 -9.909425e-001  1.500398e+000  8.255592e-001 -3.538322e-001  1.830429e-002 -2.449009e-002 -4.650227e-001  3.038932e-001  7.380073e-001 -4.256409e-002  4.942087e-001 -5.400531e-001  1.320989e-001 -2.207858e-001 -1.835268e-001 -1.026711e-001 -1.362126e-001
-2.302345e+000 -1.085407e+001  2.334165e+001 -1.038648e+001 -2.321744e+001 -1.183632e+001 -1.507977e+001  9.090994e+000 -1.002302e+001 -3.760939e+000  8.108331e+000 -8.240085e+000  6.648038e+001 -5.820166e-001  1.062179e+000  5.643467e-001  2.734789e-001  1.111870e-002  1.634785e-001  9.416453e-001 -3.048602e+000 -6.133175e-001 -1.437536e+000  1.379580e+000  1.954944e-001 -4.861542e-001  1.811787e-001 -2.702086e-001 -3.560941e-001  4.622776e-001  6.865041e-001 -1.628568e-001 -1.382197e-001  3.564641e-001  2.255730e-001  5.008008e-002 -6.143182e-001 -1.387151e-001 -1.997989e-001
-3.126696e+000 -1.026144e+001  2.502059e+001 -1.051256e+001 -2.178615e+001 -1.263428e+001 -1.386804e+001  6.349193e+000 -1.114671e+001 -4.774047e+000  9.508316e+000 -7.401908e+000  6.594185e+001 -3.738241e-001  6.175966e-001 -5.576553e-002  1.077797e+000  6.225798e-001 -9.627104e-002  7.706965e-001 -2.495121e+000 -5.055494e-002 -8.442358e-001 -1.024351e-001  8.101250e-001 -6.189400e-001  3.950112e-001 -2.592671e-001 -2.820865e-001  6.797650e-001  6.094539e-001 -1.468032e-001 -5.765554e-001  1.011380e+000  3.369964e-001  8.284736e-002 -9.724219e-001 -3.981415e-001 -5.229179e-001
-3.399550e+000 -9.962379e+000  2.391719e+001 -8.600101e+000 -2.151318e+001 -1.318595e+001 -1.373014e+001  6.280885e+000 -1.086900e+001 -5.265379e+000  7.721931e+000 -7.386302e+000  6.537447e+001  3.328888e-001 -5.431976e-002  1.957327e-001  1.603223e+000  7.070290e-001 -2.365539e-001 -1.054703e+000  2.375608e-002 -2.828748e-001 -4.951136e-001 -1.056850e+000  6.887436e-004 -1.073052e+000  5.420962e-001  2.330916e-001 -4.737426e-001  6.932626e-001  7.903703e-001 -8.745997e-002 -2.355031e-001  6.594460e-001  2.709697e-001  3.054787e-001 -1.037140e+000 -5.989176e-001 -1.012177e+000
-2.917279e+000 -1.024278e+001  2.302592e+001 -5.880092e+000 -2.124429e+001 -1.293943e+001 -1.468073e+001  5.364794e+000 -1.025999e+001 -3.849916e+000  4.215103e+000 -4.829467e+000  6.434432e+001  9.310561e-001  5.393773e-001 -2.066879e-001  2.637490e+000  1.839370e+000 -3.105476e-001 -1.087471e+000  5.464441e-001  4.909606e-001 -1.047917e+000 -2.143497e+000 -1.067745e+000 -2.674973e+000  2.783071e-001  6.793823e-001 -6.450924e-001  3.070118e-001  1.090305e+000 -8.617737e-002  4.731351e-001  8.576066e-003  6.309697e-002  4.072270e-001 -6.642436e-001 -6.028846e-001 -1.083154e+000
-7.426098e-001 -1.113500e+001  2.531765e+001 -4.686600e+000 -1.995323e+001 -1.286651e+001 -1.994694e+001  9.701974e+000 -1.188075e+001 -6.698572e+000  5.470689e+000 -9.522861e+000  6.191389e+001  1.476024e+000  2.266746e+000 -1.728905e+000  2.959945e+000  3.354575e+000 -1.666831e-001  6.932133e-001 -1.272155e+000  4.707733e-001  1.916982e-001 -2.785588e+000 -1.860158e+000 -4.519021e+000 -2.819775e-001  6.103150e-001 -8.988262e-001 -5.993787e-001  9.240187e-001 -2.778944e-001  1.223313e+000 -5.053501e-001 -1.004984e-003  5.521124e-001 -3.282357e-001  3.535773e-002 -2.297530e-001
 2.001141e-001 -6.978239e+000  2.328693e+001  7.181419e-001 -1.336928e+001 -1.434674e+001 -1.619700e+001  7.370869e+000 -8.186033e+000 -9.297034e+000 -8.354513e-002 -1.167236e+001  5.429728e+001  4.461436e-001  2.853975e+000 -2.318908e+000  1.934495e+000  4.750334e+000 -5.620933e-001  2.262414e+000 -1.804286e+000 -1.118941e-001  8.484932e-001 -2.559284e+000 -1.273874e+000 -4.311725e+000 -4.644593e-001 -2.876799e-001 -5.516712e-001 -1.490100e+000 -4.712119e-001 -1.648918e-001  6.476046e-001 -9.613736e-002 -1.713876e-001  5.700999e-001  3.109226e-001  7.119858e-001  1.167285e+000
 2.421876e+000 -2.609176e-001  1.514216e+001  2.900509e+000 -8.677811e+000 -1.331571e+001 -9.505945e+000 -1.082928e+000 -9.552114e+000 -1.583329e+000 -4.056683e+000 -1.326565e+001  4.780288e+001 -8.345427e-001  1.839957e+000 -3.242288e+000 -1.042173e+000  3.871641e+000 -1.500253e+000  3.386918e+000 -1.327629e+000  1.352768e-002  1.317243e+000 -2.490134e+000  2.805418e-001 -1.403441e+000 -2.089115e-001 -1.325518e+000  5.161090e-002 -1.614585e+000 -2.125011e+000  2.395902e-001 -6.069189e-001  9.457312e-001  2.138119e-001  4.209174e-002  9.763536e-001  6.967563e-001  2.115671e+000
-2.268804e+000 -1.409947e+000  1.651912e+001 -1.172551e-003 -3.130330e+000 -1.552530e+001 -8.589164e+000  1.735817e+000 -1.198378e+001 -2.165071e+000 -3.817634e+000 -9.327444e+000  4.984120e+001 -2.359567e-001 -6.856273e-001 -2.208353e+000 -2.811951e+000 -7.752225e-001 -4.682214e-001  8.036999e-001  9.349436e-002 -1.373548e-001  1.239810e+000 -7.366104e-001  1.421834e+000  1.603665e+000  4.648375e-001 -1.493813e+000  1.673948e-001 -7.411892e-001 -2.909353e+000  7.786418e-001 -1.298692e+000  1.129844e+000  8.755381e-001 -1.455386e-001  1.204116e+000  1.939421e-002  1.812894e+000
-3.680864e+000 -4.719362e+000  1.249011e+001 -9.537806e+000 -5.714503e+000 -1.977850e+001 -6.816268e+000  5.881353e+000 -9.914241e+000 -3.678336e+000 -5.112936e+000 -9.292608e+000  5.712472e+001  7.725171e-001 -2.591043e+000 -1.526129e+000 -2.739756e+000 -4.507704e+000  9.843318e-001 -1.612025e+000  2.507611e+000  1.552563e+000  2.064985e-001  1.184843e+000  2.757691e-001  3.101641e+000  7.057934e-001 -9.520508e-001  2.664226e-001  3.922814e-001 -1.590721e+000  9.465428e-001 -1.079217e+000  8.162259e-001  8.762175e-001 -7.691775e-002  8.457791e-001 -6.521577e-001  6.854005e-001
 2.071701e+000 -8.177154e+000  1.357119e+001 -7.122455e+000 -1.872705e+001 -1.345645e+001 -1.352334e+001  4.356200e+000 -8.691744e+000 -2.050481e+000 -3.238470e+000 -6.549708e+000  5.765468e+001  1.966801e+000 -2.399591e+000 -2.340014e+000 -9.226595e-001 -5.606756e+000  2.088823e+000 -1.731578e+000  1.927315e+000  3.496279e+000  6.761729e-001  1.623809e+000 -1.174517e+000  2.500206e+000  1.795337e-001 -1.778684e-001  1.013549e-001  5.456019e-001  9.369960e-001  3.855767e-001  1.945212e-001  3.538250e-001  2.876245e-001  1.347530e-001 -4.886116e-002 -1.009914e+000 -1.015199e-001
 4.114209e+000 -9.832527e+000  8.985487e+000 -7.237629e+000 -2.341797e+001 -9.428478e+000 -1.509898e+001  1.014493e+001 -3.435316e+000 -6.081326e-001  1.577952e+000 -1.327567e+001  5.940435e+001  1.593045e+000 -2.063315e+000 -1.844344e+000 -2.541142e-002 -1.666196e+000  1.953938e+000 -7.415271e-001  1.836590e+000  2.577798e+000  1.214473e+000  5.585518e-001 -1.682071e+000  1.575291e+000 -3.788639e-001  2.495135e-001  3.099403e-001  1.678538e-001  2.312245e+000 -5.871535e-002  8.216796e-001 -1.729945e-001 -8.302550e-001  3.696167e-001 -7.805078e-001 -6.327124e-001 -3.530502e-001
 3.667665e+000 -1.085132e+001  6.571362e+000 -5.764558e+000 -2.231238e+001 -1.025619e+001 -1.310570e+001  9.240603e+000  2.258153e+000 -3.193091e-001  9.559675e-001 -1.320850e+001  6.120242e+001  2.514478e-001 -1.838833e+000 -1.542470e+000 -1.441113e+000  2.489004e+000  9.748591e-001  1.341057e+000  2.198130e+000  7.881503e-001  1.409588e+000 -6.677704e-001 -2.648818e+000  1.859240e+000 -6.538339e-001  3.408092e-001  6.649736e-001 -2.296147e-001  1.917887e+000 -1.141170e-001  4.979579e-001 -1.610821e-001 -1.420176e+000  3.289262e-001 -6.686890e-001 -3.432239e-001 -2.662382e-001
