35 39
-1.095634e+001 -7.125401e-001  7.399199e-001 -7.808304e+000 -1.706482e+000 -1.206774e+001 -4.599919e-001 -7.223402e+000 -2.773250e-001 -3.929538e+000 -2.132375e+000 -2.019079e+000  5.223306e+001 -8.070560e+000  8.135703e-001 -3.578898e+000 -5.318469e+000  1.528881e+000 -6.071386e+000  3.195136e+000  6.371203e+000  2.364634e+000 -4.151678e+000  2.832169e+000  5.742345e+000  3.680154e+000 -8.381881e-001  7.448213e-001  3.172438e-001  6.402547e-001  6.837925e-001  1.242770e+000  5.601051e-001 -2.694570e-001 -5.556476e-001  9.141203e-001 -3.535290e-001 -3.766152e-001 -5.527854e-001
-1.851344e+001  5.992817e+000 -3.366948e+000 -9.993574e+000  3.580230e-001 -1.697490e+001  1.838853e+000 -6.519555e+000  1.608814e+000 -1.125599e+000 -9.592447e-001  3.035397e+000  5.662901e+001 -7.855178e+000  9.196296e-001 -3.027599e+000 -3.890358e+000  2.503636e+000 -2.976229e+000  3.495747e+000  5.220714e+000  7.597705e-001 -3.304662e+000  1.998402e+000  4.901569e+000  2.365592e+000  6.867963e-001  2.200317e-001  7.765792e-001  1.531692e+000  1.131518e-001  2.055656e+000 -5.890871e-001 -1.048041e+000 -5.694050e-001  1.535312e+000 -8.212771e-001 -1.938522e+000 -1.328819e+000
-3.042683e+001  1.503827e+001  5.686159e-001 -7.878373e+000  9.130318e+000 -1.525103e+001  2.534178e+000 -3.691344e+000 -2.228636e-002 -8.510456e+000 -2.348766e+000  4.495021e+000  5.042509e+001 -5.777096e+000  1.575756e+000 -1.282894e+000 -1.244917e-002  2.618761e+000  1.061844e+000  1.167369e+000  3.031576e+000  1.075054e-002 -4.687028e-002  3.560025e-001  4.617975e-001 -5.417992e-001  2.110386e+000 -6.276917e-001  4.996403e-001  1.439949e+000 -8.348764e-001  1.468502e+000 -1.059471e+000 -1.184725e+000 -2.852124e-001  1.821028e+000 -3.874424e-001 -2.089120e+000 -8.231745e-001
-3.053745e+001  7.572872e+000 -3.532290e+000 -1.115579e+001  7.861096e+000 -1.009985e+001  3.749055e+000  4.741884e-001 -1.360133e+000 -6.286416e+000 -3.505607e-002  5.931943e+000  5.159673e+001 -2.995579e+000 -8.170669e-001 -1.234254e+000  1.002123e-001  5.588452e-002  2.455807e-001 -3.054849e-001  2.451379e+000  9.531596e-001  1.323327e+000 -8.907269e-002 -1.728251e+000 -4.328033e-001  2.240262e+000 -5.563184e-001  3.138157e-001  8.035389e-001 -1.116583e+000  2.180040e-001 -9.658688e-001 -1.260133e+000 -9.493910e-002  1.144705e+000 -4.744615e-002 -1.550702e+000 -1.210791e-001
-3.382981e+001  6.376213e+000 -5.591880e+000 -7.289444e+000  7.635786e+000 -1.019604e+001  4.421750e+000  4.437607e+000  1.260901e+000 -1.583481e+000 -8.144567e-001 -1.158364e+000  5.204020e+001  5.156898e-002 -1.456540e+000 -1.977369e+000 -1.140077e-001 -1.421625e+000 -3.397823e-001 -2.016038e-001  1.832244e+000  8.418774e-001  2.639468e+000  1.938694e+000 -1.388343e+000  9.634796e-001  1.606054e+000 -3.424001e-001  2.252589e-001 -9.187794e-002 -8.349721e-001 -2.376411e-001 -3.465577e-001 -1.173816e+000 -2.014270e-001 -1.000386e-001  1.593117e-001 -7.548214e-002  4.271578e-001
-3.178984e+001  6.238513e+000 -6.457968e+000 -9.786977e+000  1.384712e+000 -1.827449e+001 -6.323571e-001  1.672866e+000  5.733018e+000  2.027547e+000 -2.171763e+000 -2.779165e+000  5.365744e+001  4.318010e-001 -3.458144e-001 -1.111283e+000  1.781150e-001 -1.059087e+000 -1.185397e+000 -6.491110e-001 -4.802852e-001 -1.304885e-001  1.075694e+000  9.698257e-001 -1.926869e+000  1.007557e+000  5.407681e-001  1.824174e-001  4.760040e-001 -3.051181e-002 -1.833786e-002  4.050820e-001  2.853892e-001 -6.041043e-001 -4.668458e-001 -8.437632e-001 -1.632929e-001  5.869566e-001  1.499052e-001
-2.954279e+001  8.422754e+000 -7.855389e+000 -9.132815e+000  5.260387e+000 -1.286262e+001  3.716866e+000  4.870535e+000  6.405255e-001  5.299029e-001  8.413058e+000  1.908859e+000  5.421213e+001  5.394853e-001 -3.718709e-001 -2.180847e-001 -5.107902e-001 -9.986141e-001  5.891266e-001 -3.936070e-001 -1.371671e+000 -4.545604e-001 -4.232469e-001  6.231115e-001  1.836958e-001  8.738098e-001 -1.884069e-001 -3.412279e-002  6.249446e-001  3.213444e-001  2.739494e-001  3.690144e-001  4.428958e-001 -1.021900e-001 -1.762819e-001 -9.226270e-001 -8.546907e-001  6.534777e-001 -1.532159e-001
-3.052196e+001  4.820529e+000 -7.956952e+000 -9.343525e+000  3.753361e+000 -1.469354e+001  8.559425e-001 -2.143702e+000 -1.702387e+000 -1.964640e+000  2.003151e-001 -5.236013e+000  5.554855e+001 -5.356968e-001 -4.473146e-001  2.661243e-001  1.460445e-001 -2.473100e-001  1.806536e+000  1.217463e+000  1.032815e+000 -7.328503e-001 -1.364132e+000 -2.477459e-001  4.205122e-001  3.615574e-001 -1.199749e-001 -3.610140e-001  3.427801e-001  5.390707e-001  2.535029e-001  2.291070e-001  5.578727e-001  6.042186e-001  2.825472e-001 -8.043712e-002 -4.412059e-001  7.031980e-001 -1.876961e-001
-3.176632e+001  5.225850e+000 -5.932812e+000 -1.006512e+001  1.458390e+000 -9.040882e+000  1.709565e+000 -5.124644e-001  2.705801e+000 -1.703622e+000  1.115062e+000  9.885389e-001  5.546370e+001 -4.067163e-001 -1.576404e+000  4.586507e-001  1.508750e+000 -4.577660e-001  9.323120e-003  1.079589e+000  5.647438e-001  2.616489e-001 -7.537541e-001 -1.725974e+000  7.053549e-001  5.203999e-001  4.275013e-001 -1.130472e-001  3.141705e-001  5.359064e-001  2.687271e-001 -2.632843e-001  1.516834e-001  2.028532e-001  2.577743e-001  4.942429e-001 -3.361426e-001 -7.589198e-002 -1.556767e-001
-3.335656e+001  5.600392e+000 -6.088635e+000 -8.590601e+000  2.049160e+000 -1.115268e+001  6.458607e+000  9.528441e+000  1.036129e+000 -3.676350e+000  2.385056e-001 -2.164436e-001  5.483944e+001  3.050274e-001 -1.548618e+000  2.642495e-001  1.863699e+000 -6.199623e-002  2.500400e-001  1.403655e+000  1.572600e+000  9.241431e-001  8.387616e-001 -6.166122e-002  1.328291e+000  2.457813e-001  1.643960e+000  2.359295e-001  5.950798e-001  6.328455e-003 -1.487815e-002 -3.594119e-001 -1.021495e+000 -1.010490e+000  8.146454e-002  8.452452e-001 -1.603528e-001 -8.874997e-001  8.741733e-002
-3.015907e+001  1.508041e-001 -6.496294e+000 -1.965529e+000  3.823658e+000 -1.458644e+001  6.313476e+000  1.858183e+000  5.795122e-001 -2.383013e+000 -2.359053e-001  2.925849e+000  5.716868e+001  2.256629e+000 -3.864552e-001  1.353705e+000  1.309915e+000  2.523643e-001  5.095310e-002  2.717143e-001 -6.272979e-001  5.814242e-003  9.465210e-001 -1.150644e+000 -6.496536e-001  1.533142e-001  2.498974e+000  1.770026e-001  1.111107e+000 -8.448343e-001 -4.391670e-001  2.015612e-002 -2.032493e+000 -7.718180e-001 -3.092673e-001  8.078815e-001  1.205190e-001 -1.798928e+000  2.931900e-001
-2.980045e+001 -3.850369e-001 -6.353963e+000 -4.074827e+000  2.260746e+000 -1.067057e+001  5.572260e+000  4.533976e+000  3.981473e+000  2.568864e+000  5.674927e-001  4.367877e-001  5.592496e+001  6.352432e+000  1.373586e-001  2.793996e+000  2.771043e-001 -6.767659e-001 -1.133871e-002 -3.486075e+000 -3.423612e+000 -1.976103e-001  2.011957e+000 -1.337175e+000 -3.339482e+000  9.821869e-001  2.397492e+000 -5.195396e-001  1.245134e+000 -1.233164e+000 -8.184757e-001 -7.800049e-002 -2.266859e+000 -1.830294e-001 -6.147099e-001  5.541050e-001 -3.768812e-002 -1.710819e+000  5.970323e-001
-2.226123e+001  6.286288e+000  9.683785e-001 -5.773434e+000  2.614419e+000 -9.027172e+000  3.511309e+000 -1.151721e+000  1.262200e+000 -9.362417e-002 -4.802649e+000 -2.586345e+000  5.568751e+001  9.064450e+000 -1.534379e+000  4.749310e+000 -1.922124e+000 -2.346216e+000  2.407930e-001 -6.638012e+000 -7.962403e-001 -7.238110e-001  2.699056e+000 -4.856220e-001 -5.955400e+000  1.618147e+000  8.990451e-001 -1.274426e+000  4.839164e-001 -1.123556e+000 -8.854586e-001  5.479649e-002 -1.081631e+000  1.086304e+000 -3.113391e-001  2.345822e-001  2.845880e-001 -4.480531e-001  6.059086e-001
-5.543318e+000  3.219443e+000  4.149008e+000 -5.301127e+000 -7.300494e-001 -1.398900e+001 -9.570685e+000 -6.084666e+000 -2.932669e-001  5.238739e+000 -4.163998e+000 -1.415776e+001  6.049096e+001  8.888576e+000 -3.572354e+000  4.792117e+000 -2.686103e+000 -2.855084e+000 -2.348824e-001 -6.475779e+000  7.419247e-001 -1.784593e+000  2.733020e+000 -5.826126e-001 -4.572928e+000  2.498526e+000 -1.385623e+000 -1.031358e+000 -5.343174e-001 -6.345911e-001 -4.557490e-001  3.523177e-001  1.066081e+000  1.826306e+000 -1.084698e-001 -5.538680e-001  1.572279e-001  1.054714e+000  1.643296e-001
 3.034615e+000 -9.323331e+000  1.199877e+001 -1.096300e+001 -6.412024e+000 -1.172325e+001 -1.930511e+001  3.186302e+000 -9.021730e-001  9.777328e+000 -2.982701e-001 -1.955388e+001  6.297642e+001  5.483783e+000 -4.903728e+000  2.774227e+000 -2.826263e+000 -3.085769e+000  4.367074e-001 -3.641590e+000  2.721455e+000 -7.573896e-001  1.758901e+000 -1.049846e-001 -2.273196e+000  2.424688e+000 -2.615007e+000  1.429425e-001 -1.352796e+000  4.545886e-002  1.600998e-001  5.017867e-001  2.335809e+000  1.085932e+000  7.308082e-002 -1.087198e+000 -1.367297e-001  1.566761e+000 -3.059938e-001
 1.994505e+000 -1.044200e+001  1.209142e+001 -1.491056e+001 -7.501455e+000 -1.049694e+001 -1.539842e+001  6.074588e+000 -3.859308e+000  1.129849e+001 -4.597760e+000 -1.394408e+001  6.477314e+001  1.214651e+000 -3.334758e+000  1.109950e+000 -2.443782e+000 -2.585734e+000  1.652292e+000  3.461185e-001  3.949073e+000 -7.231702e-001 -2.873058e-001 -7.413542e-001  9.298744e-002  1.400565e+000 -2.282665e+000  9.576593e-001 -1.233492e+000  4.550385e-001  3.897054e-001  4.601483e-001  1.953370e+000  4.848257e-001  2.582723e-001 -1.116855e+000 -1.368384e-002  6.547303e-001 -6.704723e-001
 1.388775e+000 -1.140163e+001  1.086831e+001 -1.510003e+001 -9.428726e+000 -8.589668e+000 -1.178277e+001  6.375929e+000 -7.417271e-001  5.671007e+000 -5.110691e+000 -1.405916e+001  6.566986e+001 -1.736233e-001 -9.384642e-001 -1.735867e-001 -1.815991e+000 -1.680392e+000  1.806139e+000  1.630082e+000  3.029847e+000 -8.891186e-001 -1.226771e+000 -1.089900e+000 -4.545524e-001  6.371590e-001 -1.051042e+000  1.122140e+000 -5.769119e-001  5.315002e-001  5.820101e-001  5.001330e-002  7.497178e-001 -2.022932e-001  2.400457e-002 -5.059784e-001  1.140105e-001 -9.893178e-002 -6.909478e-001
 1.352855e+000 -1.241520e+001  1.026399e+001 -1.545152e+001 -1.215037e+001 -7.294335e+000 -1.160126e+001  1.206588e+001 -3.989341e+000  5.855371e+000 -5.464558e+000 -1.644018e+001  6.614706e+001  3.039512e-001 -7.666896e-001  9.856196e-002 -9.160472e-001 -1.609246e+000  1.381143e+000  6.552340e-001  3.011858e+000 -4.273676e-001 -1.358418e+000 -1.585743e-001 -2.208598e+000  3.992920e-002  5.872266e-002  5.972841e-001 -1.711162e-001  6.031765e-001  5.065200e-001 -2.107463e-001 -3.615725e-001 -8.986703e-001  1.439727e-001  1.241748e-001  5.304103e-001 -2.595939e-001 -5.141698e-001
 2.487323e+000 -1.302905e+001  1.204455e+001 -1.977247e+001 -1.248953e+001 -4.293860e+000 -1.305328e+001  1.533989e+001 -5.282749e+000  6.365033e+000 -5.314369e+000 -2.057859e+001  6.547525e+001  6.839208e-001 -5.770626e-001  3.953615e-001 -9.326295e-001 -6.639627e-001  8.223485e-001 -4.755869e-002  2.178597e+000 -7.852680e-001 -2.354348e-001  1.736781e-001 -1.617062e+000 -3.497337e-001  3.504865e-001  1.202134e-001 -8.804448e-002  7.739807e-001  3.566805e-001 -1.651672e-001 -5.911558e-001 -1.432662e+000  1.136944e-001  3.812034e-001  9.979650e-001  4.069824e-001 -4.344602e-001
 2.964987e+000 -1.346174e+001  1.199611e+001 -1.715458e+001 -1.401729e+001 -5.739125e+000 -1.148700e+001  1.665190e+001 -3.725635e+000  4.159380e+000 -5.288793e+000 -2.172736e+001  6.507009e+001  1.079492e+000 -5.290383e-001 -3.010502e-002  1.304199e-001 -5.613487e-001  1.090456e+000 -6.229239e-001 -1.186539e-001 -5.523176e-002 -1.620996e-001  1.278909e+000 -6.237270e-001 -6.768379e-001  1.730627e-001  2.492117e-001 -2.752478e-001  1.159900e+000  6.801817e-001 -1.156385e-001 -2.907536e-001 -2.202324e+000 -6.804571e-002  2.240570e-001  1.160624e+000  1.097460e+000 -5.857524e-001
 4.002312e+000 -1.376368e+001  1.197905e+001 -1.891165e+001 -1.181508e+001 -5.255531e+000 -1.207770e+001  1.497591e+001 -4.799920e+000  5.341828e+000 -4.330183e+000 -1.950089e+001  6.445968e+001  1.191039e+000 -4.562230e-001 -5.494756e-001  1.530679e+000 -4.209384e-001  1.125646e+000 -6.866180e-001 -2.568209e+000 -5.067143e-001  8.108707e-002  3.181184e+000  7.879240e-001 -1.176759e+000 -1.326822e-001  5.353537e-001 -3.333503e-001  1.683077e+000  1.005406e+000 -2.219102e-001 -9.097845e-002 -2.262754e+000 -1.611212e-001 -6.479146e-002  8.557418e-001  1.002672e+000 -7.774988e-001
 5.992819e+000 -1.469308e+001  1.014622e+001 -1.522983e+001 -1.529434e+001 -1.361217e+000 -1.520367e+001  1.165460e+001 -4.506914e+000  5.556476e+000  4.378923e-001 -2.009767e+001  6.327066e+001  9.157059e-001  4.189492e-001 -8.052588e-001  3.651796e+000  1.670150e+000  6.513019e-001 -4.790043e-001 -5.626358e+000 -9.068730e-001 -3.963942e-001  4.140793e+000  2.076208e+000 -2.475320e+000 -4.799052e-001  7.856864e-001 -1.504344e-001  1.335480e+000  1.226381e+000 -4.937911e-001  3.290186e-002 -1.400387e+000 -1.787528e-001 -3.496321e-002 -1.116357e-001  4.534678e-001 -6.594595e-001
 6.928601e+000 -1.469450e+001  1.022212e+001 -1.308145e+001 -1.395569e+001 -8.545832e-001 -1.462803e+001  4.997488e+000 -7.425681e+000  6.071920e+000  7.728208e+000 -1.745382e+001  6.049117e+001  1.024025e-001  1.625712e+000 -8.838130e-001  5.722069e+000  3.247319e+000 -6.762522e-002 -5.744107e-001 -6.381319e+000 -1.165053e+000 -4.422448e-001  3.021445e+000  2.046332e+000 -3.337987e+000 -8.240012e-001  7.866406e-001 -1.269063e-001  3.444999e-001  5.867904e-001 -6.274870e-001  8.298770e-002 -4.420982e-002  3.677652e-001  7.555217e-002 -1.223245e+000 -1.965633e-001  1.330548e-001
 6.080372e+000 -1.090158e+001  8.848282e+000 -1.810696e+000 -4.596232e+000 -4.683090e+000 -1.260685e+001 -6.490685e+000 -6.947119e+000  1.812363e+000  9.385979e+000 -1.236985e+001  5.467774e+001 -7.757162e-001  2.358426e+000 -6.151083e-001  4.712126e+000  3.736428e+000 -7.818635e-001 -5.145181e-001 -5.214034e+000 -6.198262e-001 -7.524967e-002  8.005995e-001  1.014408e+000 -2.893522e+000 -6.764064e-001  1.336813e-001  9.857633e-002 -1.452822e+000 -8.298646e-001 -3.069394e-001  2.578984e-002  1.504944e+000  7.285238e-001  4.840716e-001 -1.634381e+000 -6.796160e-001  1.208120e+000
 4.470548e+000 -7.530865e+000  8.208957e+000  2.989125e+000 -9.275386e-001 -3.932721e+000 -1.624817e+001 -7.858041e+000 -9.405085e+000  5.002661e+000  6.302998e+000 -1.313313e+001  5.206620e+001 -2.083256e+000  2.507242e+000 -1.279082e+000  2.723014e+000  1.479875e+000 -1.295206e+000 -2.539226e-001 -2.995420e+000  1.188588e+000  2.982757e-001 -1.264943e+000  3.360076e-001 -3.023838e-001 -8.488360e-002 -6.915507e-001  4.539666e-001 -2.798140e+000 -1.587900e+000  5.451419e-002  1.774097e-001  2.216780e+000  7.864421e-001  4.867341e-001 -1.328521e+000 -7.068875e-001  1.696470e+000
 3.343265e+000 -6.482762e+000  8.077257e+000  2.955129e-001 -3.126275e+000 -3.731466e+000 -1.696620e+001 -7.987802e+000 -6.616343e+000  5.714858e+000  5.153494e+000 -1.718597e+001  5.301554e+001 -1.373497e+000  6.465909e-001 -1.147425e-001 -2.112785e+000 -1.595451e+000 -2.696047e-001 -5.102992e-001  2.054110e-001  1.558925e+000  1.653704e+000 -1.887919e+000 -4.667104e-001  2.047479e+000  5.607431e-001 -1.145340e+000  9.043798e-001 -2.817603e+000 -1.280553e+000  4.968656e-001  2.438367e-001  2.234883e+000  2.139951e-001  9.264382e-002 -9.022446e-001 -5.588864e-001  1.206499e+000
-2.119126e+000 -4.367698e+000  4.212222e+000 -5.194826e-001 -7.291298e+000 -7.806426e+000 -1.371797e+001 -9.231054e+000 -1.648128e+000  5.612051e+000  3.519733e+000 -1.336572e+001  5.981036e+001 -2.312517e-002 -9.761240e-001  1.135837e+000 -4.856173e+000 -2.026244e+000 -5.118363e-002  3.105284e-001  1.992858e+000  1.677781e+000  1.126949e+000 -2.276899e+000 -7.475469e-001  2.673865e+000  9.654860e-001 -8.268597e-001  1.326574e+000 -1.562151e+000 -3.644065e-001  9.114200e-001  7.830948e-002  1.220211e+000 -5.933750e-001 -5.886750e-001 -4.714871e-001 -3.712461e-001 -9.626622e-002
 2.507725e+000 -9.250209e+000  1.027294e+001 -1.062032e+001 -9.391606e+000 -4.094261e+000 -1.642344e+001 -4.777123e+000 -3.030972e+000  9.776186e+000  1.338017e+000 -1.458711e+001  6.104306e+001  9.979336e-001 -1.626594e+000  2.699331e+000 -5.586294e+000 -9.132769e-001  1.080453e+000  4.224397e-001  3.466242e+000  2.055528e-001 -2.636714e-002 -3.204646e+000 -1.238247e+000  1.650847e+000  5.280635e-001  3.826745e-001  9.693751e-001  8.520203e-001  1.489128e-001  5.766336e-001  2.649286e-001 -1.073480e+000 -9.537827e-001 -6.037869e-001 -1.593597e-001 -9.157551e-002 -1.121015e+000
 4.772692e+000 -1.102776e+001  1.279030e+001 -1.583383e+001 -7.926093e+000 -4.007241e+000 -1.496690e+001  5.009084e-001 -2.808863e+000  8.606741e+000 -3.173756e+000 -1.817030e+001  6.142177e+001  1.558458e+000 -4.904642e-001  3.946750e+000 -3.350986e+000 -6.832448e-001  2.586865e+000 -3.287446e-001  1.475220e+000 -1.101600e+000 -1.805064e+000 -2.964015e+000 -1.134455e+000 -5.853989e-001 -4.266386e-002  1.153925e+000  4.110294e-001  2.421801e+000 -9.222224e-002  8.540367e-002  2.747886e-001 -2.853613e+000 -8.744122e-001  2.442045e-001  1.642905e-001  1.450557e-001 -1.318733e+000
 4.887023e+000 -1.128570e+001  1.728487e+001 -1.997879e+001 -7.375263e+000 -2.287915e-001 -1.422954e+001  4.477427e+000 -5.008212e+000  4.085677e+000 -7.522990e+000 -2.097492e+001  6.046407e+001  4.760291e-001  2.317133e+000  3.326677e+000  1.394723e+000 -1.522387e+000  1.294539e+000  1.133980e+000 -4.903170e+000 -1.820298e+000  1.007757e-001 -2.341159e+000 -7.311341e-001 -1.927963e+000 -3.659097e-001  1.082742e+000 -3.218853e-001  2.675785e+000 -4.101292e-001 -5.254740e-001  2.275988e-001 -3.041525e+000 -2.622637e-001  1.132303e+000  4.819780e-001  1.153157e-001 -7.805526e-001
 4.483517e+000 -5.802274e+000  2.044000e+001 -1.259518e+001 -1.171569e+001  3.195164e+000 -1.645865e+001 -6.482229e+000 -6.167510e+000 -5.680146e-001 -6.869842e+000 -1.584409e+001  5.717286e+001  2.450781e-002  2.821636e+000  2.877311e+000  3.762323e+000 -2.182800e+000  2.687919e-001  1.328701e+000 -8.090500e+000 -1.681354e+000  2.284400e+000 -1.887190e+000 -2.758249e-001 -2.130394e+000 -4.079261e-001  1.873275e-001 -7.956985e-001  1.347445e+000 -4.906254e-002 -9.409766e-001  1.754707e-001 -1.009011e+000  3.899501e-001  1.381351e+000  2.565370e-001 -8.040811e-002  8.743978e-002
 5.032458e+000 -2.772854e-001  2.308147e+001 -5.266027e+000 -1.510874e+001 -1.222769e+000 -1.000767e+001 -2.580140e+001 -1.045314e+001  1.486744e+001 -8.519734e+000 -1.940589e+001  5.352770e+001 -6.463971e-002  2.131067e+000  1.624624e+000  4.235974e+000 -2.214145e+000 -3.878804e-001  7.317106e-001 -6.958522e+000 -8.158888e-001  3.590416e+000 -1.333169e+000 -1.090983e+000 -1.479419e+000 -1.634629e-001 -7.877339e-001 -8.075677e-001 -3.806280e-001  5.023035e-001 -4.851127e-001 -4.086489e-001  1.794466e+000  8.455836e-001  1.245318e-001  1.670233e-001 -3.065200e-002  6.070783e-001
 4.822514e+000 -2.423790e+000  2.427856e+001 -4.378592e+000 -1.497336e+001 -2.166293e+000 -1.043433e+001 -2.481218e+001 -8.493172e+000  1.463786e+001 -1.211133e+001 -2.033394e+001  5.423798e+001 -2.108379e-001  5.392068e-001  8.192843e-001  1.965614e+000 -5.826782e-001 -1.276808e+000  7.497438e-001 -2.542156e+000  3.459455e-001  3.356871e+000 -2.185326e+000 -1.356571e+000 -3.724720e-001 -2.007347e-002 -8.639004e-001 -6.959885e-001 -1.081792e+000  7.096736e-001 -6.295594e-002 -4.859656e-001  2.519716e+000  7.793183e-001 -7.810284e-001  2.976599e-001  1.732425e-001  5.885579e-001
 4.394326e+000 -2.319607e+000  2.348872e+001 -2.907207e+000 -1.681716e+001  5.125352e-001 -1.358314e+001 -2.115021e+001 -7.924824e+000  1.443482e+001 -1.156809e+001 -2.418491e+001  5.453441e+001 -2.236126e-001 -4.803215e-001  3.178516e-001  3.899373e-001  1.890697e-001 -3.582247e-001 -6.197856e-001  1.294988e+000  1.393970e+000  1.871992e-001 -1.356974e+000 -3.440212e-001  2.284679e-001  5.111545e-002 -5.317007e-001 -4.269018e-001 -9.972813e-001  6.162184e-001  1.104720e-001 -1.711637e-001  1.486817e+000  4.268922e-001 -1.132550e+000  3.891363e-001  6.301613e-001  3.066381e-001
 3.748393e+000 -2.085079e+000  2.433280e+001 -3.946514e+000 -1.377488e+001 -4.056529e+000 -1.092219e+001 -2.151861e+001 -5.701939e+000  1.643265e+001 -1.627229e+001 -2.023743e+001  5.480714e+001  3.626919e-003 -1.921723e-001  5.075474e-002  2.763829e-001  1.639604e-001 -6.081562e-002 -4.253786e-001  3.813223e-001  1.110308e+000  8.086567e-002 -3.869876e-001  2.169065e-001 -4.154778e-002  1.354946e-001 -1.260261e-001 -3.312840e-001 -3.020137e-001  8.609035e-002  3.555235e-001 -6.376848e-002  8.613521e-002 -3.451100e-002 -8.605590e-001  6.629694e-001  5.349614e-001  5.488583e-003
