52 39
-1.491377e+001  1.167778e+000  2.079901e+000  4.448846e-001 -1.029192e+000 -1.519728e+000 -2.451168e-001  7.864518e-001  4.580834e+000  4.303325e+000  6.925683e+000  5.038033e+000  3.047863e+001  1.069521e+000  3.841750e-001  1.051420e+000 -2.741763e-001  2.899299e-001 -1.836592e+000 -4.563122e+000  6.677938e-001 -1.780171e+000 -1.942611e+000 -3.862194e+000 -4.434025e-001  1.915071e+000  9.336976e-001  3.670917e-001 -5.825407e-002 -2.415923e-001 -3.886688e-001 -1.329960e+000 -2.468301e+000 -3.199641e-001 -8.279800e-001  1.321138e-002 -1.843979e+000  7.826652e-002  9.875047e-001
-1.262844e+001  3.649194e+000  2.328749e-001  7.506020e-001 -1.905154e+000 -6.326675e+000 -4.639133e+000  1.417665e+000  4.725060e+000 -6.022418e-002  2.942749e-001  3.975461e+000  3.265620e+001  1.866335e+000  6.917807e-001 -1.559605e-001 -9.257635e-001 -1.100228e+000 -4.860630e+000 -7.323891e+000 -2.269531e+000 -2.836625e+000 -3.233197e+000 -6.105147e+000 -1.911471e+000  2.045805e+000  5.883220e-001  4.613883e-002  2.327080e-002 -2.646531e-001 -3.983057e-001 -2.324101e-001 -1.459236e+000 -3.371989e-001 -9.239745e-001  7.470808e-001 -8.959588e-001 -1.930755e-003  7.833540e-001
-9.218565e+000  1.670725e+000  2.827421e+000 -4.273807e+000 -2.538080e+000 -1.380875e+001 -2.286558e+001  2.220882e-001 -3.631782e+000  1.138798e+000 -1.238089e+001  6.361881e+000  4.011955e+001  1.846262e+000  3.409563e-001  1.513845e-001 -1.264516e+000 -1.489681e+000 -3.583018e+000 -7.457964e+000 -7.830248e-001 -2.857372e+000 -1.001806e-001 -5.821461e+000 -1.908747e+000  2.826218e+000  3.576670e-001 -3.175701e-002 -8.837375e-003  1.312650e-001 -2.345649e-001  1.192903e+000  4.168769e-001  2.997160e-001 -1.720634e-001  8.285137e-001  5.224549e-001 -1.342333e-001  5.210868e-001
-8.304502e+000  3.972140e+000 -8.428465e-001 -3.751320e+000 -4.934129e+000 -1.897289e+001 -2.132030e+001 -9.693101e+000 -7.008975e+000 -9.938268e+000 -1.433902e+001 -3.649359e+000  3.596231e+001  2.406549e+000  2.077559e-001  4.186234e-001 -1.190010e+000 -1.180778e+000 -4.532347e-001 -6.457025e+000  1.541550e-001 -4.119834e+000  1.169906e+000 -4.589928e+000 -7.149835e-001  3.620660e+000  1.145164e-001 -2.491498e-003  6.960005e-003  6.157714e-001  3.417773e-001  1.767897e+000  1.704894e+000  5.306027e-001  3.860995e-001  3.148130e-001  1.686626e+000  8.781924e-002  6.643003e-001
-7.844431e+000  2.711087e+000  3.374684e+000 -3.626732e+000 -6.963107e+000 -1.311171e+001 -2.919436e+001  2.426710e+000 -3.839007e+000  8.741444e+000 -1.486498e+001 -6.932918e-001  4.295666e+001  2.587749e+000  4.674024e-001  7.199410e-001  5.142720e-001 -8.426198e-001  1.924227e+000 -2.912170e+000  9.545310e-001 -1.998883e+000 -1.594841e-003 -2.007529e+000 -1.712813e+000  3.733078e+000 -3.578275e-001  3.834737e-001 -6.503362e-001  7.663152e-001  4.216369e-001  6.890486e-001  2.674426e+000 -8.001838e-001  9.402683e-001 -1.301150e+000  1.879295e+000 -3.374393e-001  2.645140e-001
-1.282759e+000  4.167793e+000  2.052361e+000 -5.522987e+000 -5.596531e+000 -8.941371e+000 -3.375987e+001  1.086129e+000 -1.577050e+001  1.987985e+000 -2.141332e+001  3.928130e+000  4.934095e+001  2.068173e+000  6.161002e-001 -4.054387e-001  1.263700e+000  2.851281e-001  1.225235e+000 -1.072318e+000 -4.852952e-001 -1.335372e+000 -1.708425e+000  4.210148e-001 -1.570342e+000  4.913877e+000 -1.131049e+000  6.657485e-001 -1.094559e+000  5.170439e-001  1.464607e-001 -4.436092e-001  3.233799e+000 -1.370743e+000  1.320829e+000 -1.434857e+000  1.662882e+000 -5.906448e-001 -3.116634e-001
 2.093100e-001  3.909910e+000  4.979523e+000 -8.166134e-001 -6.419979e+000 -9.203376e+000 -3.120664e+001 -3.948717e-001 -9.245435e+000 -4.832303e+000 -1.888138e+001 -5.990929e+000  5.209562e+001  2.263120e-001  2.054152e+000 -2.688265e+000  1.340205e+000 -1.144490e-001 -9.770092e-001  3.221812e+000 -4.464219e+000  4.517388e-001 -5.166764e+000  1.069543e+000 -3.168264e+000  3.502179e+000 -1.543057e+000  6.568037e-001 -1.003834e+000  1.007499e-001 -4.140358e-002 -7.984914e-001  2.378271e+000 -7.843800e-001  6.478800e-001 -4.609677e-001  7.065372e-001 -7.800436e-003 -7.428867e-001
-1.990505e+000  6.453229e+000 -3.672459e+000  1.162119e+000 -3.780053e+000 -1.480088e+001 -2.567574e+001 -1.070879e+001 -1.098262e+001 -1.169352e+001 -1.022574e+001 -8.852252e+000  5.596222e+001 -2.067979e+000  2.743123e+000 -3.350068e+000  9.822426e-001 -8.125600e-001 -1.220662e+000  6.644980e+000 -3.990184e+000  1.258999e+000 -3.421793e+000  2.185945e+000 -2.940482e+000  2.177792e+000 -1.372121e+000  3.325220e-001  5.985646e-002  3.407127e-001 -2.196136e-001 -9.630091e-002  9.818400e-001  4.462455e-001  2.591399e-001  6.351152e-001 -8.942970e-002  3.349597e-001 -1.129531e+000
-6.358998e+000  1.183913e+001 -7.204233e+000 -2.682582e-001 -8.443591e+000 -1.506700e+001 -1.712736e+001 -1.399693e+001 -3.974252e+000 -1.025163e+001 -1.511105e+001 -1.014442e+001  5.715692e+001 -3.059458e+000  2.687910e+000 -2.826916e+000  1.158750e+000 -5.007936e-001 -8.452810e-001  5.120538e+000 -1.214924e+000 -5.666895e-002 -1.449750e+000  6.426924e-001 -1.066746e+000  1.386687e+000 -7.468330e-001 -3.062524e-001  1.297254e+000  6.985021e-001  4.200736e-001  7.591741e-001 -9.052814e-001  1.232480e+000 -5.562077e-001  1.285966e+000 -1.540822e-001  7.174742e-001 -9.656140e-001
-8.338498e+000  1.391880e+001 -8.606101e+000 -8.859516e-001 -8.647525e+000 -1.211287e+001 -7.574610e+000 -1.206377e+001 -1.211110e+001 -1.241132e+001 -1.236876e+001 -8.697532e+000  5.769926e+001 -3.149547e+000  1.961832e+000 -3.683081e-002  3.057991e+000 -6.197676e-001  6.778663e-001  2.887519e+000  1.212852e-001  2.145311e-001 -3.913566e-001  1.872917e-001 -9.463030e-001  3.239704e-001 -1.051551e-001 -7.405170e-001  1.584617e+000  7.088403e-001  9.599317e-001  9.950924e-001 -1.712240e+000  9.246400e-001 -5.399923e-001  7.993755e-001 -4.301763e-001  6.804059e-001 -7.689227e-001
-1.191398e+001  1.361667e+001 -6.688239e+000  6.001173e+000 -6.490211e+000 -1.477379e+001 -1.465452e+001 -5.792003e+000 -8.964542e+000 -1.172215e+001 -1.459641e+001 -1.140202e+001  5.816053e+001 -2.967069e+000  9.135365e-001  2.141385e+000  3.794842e+000  1.889523e+000  1.869597e+000  5.741351e-001 -3.575514e-001 -1.807066e+000 -2.521547e-001  1.298459e+000 -5.779824e-001 -3.989796e-001  2.916584e-001 -1.004986e+000  8.111362e-001  5.161653e-002  9.110484e-001  9.606922e-001 -9.331788e-001  3.552210e-001 -2.447745e-001  4.788736e-001 -1.521957e-001  5.483957e-001 -5.221606e-001
-1.496075e+001  1.537362e+001 -4.114610e+000  1.331736e+001 -7.855581e+000 -1.155816e+001 -1.247457e+001 -1.420482e+001 -7.414823e+000 -1.291504e+001 -9.546604e+000 -1.295497e+001  5.708027e+001 -2.639949e+000 -7.227497e-002  2.088865e+000  3.208399e+000  2.791940e+000  2.397361e+000  3.569803e-001  2.043292e-001 -5.657640e-001 -2.371283e-002 -2.928201e-001  2.171659e-001 -7.739879e-001  4.865639e-001 -1.086880e+000 -5.987102e-001 -9.698921e-001  3.643689e-001  4.355332e-001 -2.669507e-001  6.378461e-001  5.169619e-002  4.302582e-001  5.466067e-002  5.851512e-001 -1.675476e-001
-1.788322e+001  1.567941e+001  1.256948e+000  1.160429e+001  6.080510e-001 -5.996374e+000 -1.180671e+001 -1.471416e+001 -1.535772e+001 -1.126054e+001 -1.002984e+001 -1.090561e+001  5.547152e+001 -1.855965e+000 -1.319965e+000  1.659170e-001  1.341629e+000  2.348594e+000  3.098433e+000  1.719913e+000  5.196588e-001 -8.903940e-001  7.607965e-001  1.217699e-001  1.093498e+000 -6.751373e-001  4.765746e-001 -8.522353e-001 -1.544942e+000 -1.523708e+000 -9.099684e-001 -6.815014e-002  1.519517e-001  6.665506e-001  6.009809e-001  4.648995e-001  3.365705e-001  3.939169e-001  8.494045e-002
-1.855363e+001  1.252606e+001 -2.134370e+000  1.235448e+001  1.763045e+000 -4.514773e+000 -7.213615e+000 -6.581044e+000 -1.174333e+001 -1.276069e+001 -1.611615e+001 -7.859903e+000  5.517382e+001 -1.272280e+000 -2.355815e+000 -2.042648e+000 -5.648637e-001  9.725408e-001  2.241114e+000  9.798765e-001  2.871911e+000  1.467609e-002  1.253458e+000  1.048939e+000  1.143713e+000 -3.756889e-001  2.257594e-001 -3.993227e-001 -1.264290e+000 -1.445897e+000 -1.340456e+000 -4.423399e-001  2.828507e-001  3.950603e-001  5.412925e-001  3.879156e-001  7.203317e-001  1.109678e-001  1.741952e-001
-1.939737e+001  8.440628e+000 -6.848774e+000  1.319076e+001  4.434486e-001 -2.803311e+000 -8.685433e+000 -7.005598e+000 -1.125226e+001 -7.995346e+000 -1.070279e+001 -8.482058e+000  5.573807e+001 -1.268031e+000 -2.205870e+000 -3.517570e+000 -1.937065e+000 -1.750620e+000  1.606969e+000  1.022446e+000  1.641411e+000  9.076189e-001  1.433757e+000  2.310431e+000  9.283289e-001 -1.734268e-001  3.496490e-002  8.340520e-002 -9.197371e-002 -8.465729e-001 -9.721247e-001 -7.860214e-001  1.438219e-001  1.471506e-001  4.675770e-001 -7.012345e-002 -1.012248e-002  7.990378e-003  2.281163e-001
-2.056507e+001  7.213927e+000 -1.027499e+001  9.699808e+000 -2.910576e+000 -1.949115e+000 -9.135822e+000 -3.699547e+000 -9.394172e+000 -8.280344e+000 -3.965433e+000 -8.448185e+000  5.506855e+001 -1.805119e+000 -1.625936e+000 -2.390841e+000 -2.381740e+000 -1.860734e+000  9.313930e-001  2.119967e+000  1.618754e+000  1.241692e+000  1.579385e+000  2.214508e+000  8.545898e-001 -1.538670e-001  3.224230e-001  5.431533e-001  1.178678e+000 -1.726385e-001 -2.721466e-001 -8.652656e-001 -1.655587e-001 -5.591744e-001 -5.794561e-002 -4.016175e-001 -7.006667e-001 -1.504626e-001  3.870780e-001
-2.321765e+001  7.306123e+000 -1.226059e+001  3.246307e+000 -5.808236e+000  7.556443e-001 -5.733375e+000 -7.947847e+000 -1.199420e+001 -6.331923e+000 -4.553038e+000 -5.969830e+000  5.465702e+001 -1.414721e+000 -1.267879e+000 -1.198551e-001 -1.982798e+000 -1.095392e+000 -1.768131e-001  1.868977e+000  1.881990e+000  8.339831e-001  2.472162e-001 -5.116267e-001  1.278012e+000  3.545334e-001  1.244013e+000  6.252586e-001  1.809812e+000  3.016121e-001 -7.703257e-002 -1.294744e+000 -9.354593e-001 -8.612595e-001 -5.543686e-001 -7.078481e-001 -5.900072e-001 -2.593849e-001  6.196730e-001
-2.566908e+001  4.963629e+000 -1.138267e+001  5.418008e+000 -4.414783e+000 -1.637286e+000  1.910191e+000  1.983853e+000 -5.163897e+000 -5.695477e+000 -8.118483e+000 -4.843068e+000  5.494501e+001  4.131804e-001 -1.090445e-001  2.151887e+000 -1.405190e+000 -7.158063e-001 -1.193322e+000 -2.711824e-001 -4.425091e-002 -2.382340e-001 -1.613584e-001 -1.043365e+000  2.165580e-001  1.295721e+000  2.211478e+000  2.110744e-001  1.661454e+000 -2.772136e-002 -5.224705e-001 -1.359497e+000 -1.737810e+000 -1.178980e+000 -1.017805e+000 -3.453567e-001  3.262104e-002  3.807361e-003  6.979426e-001
-2.391897e+001  3.226384e+000 -6.894211e+000  5.417667e+000 -4.281407e+000 -3.843292e+000 -4.863556e+000 -4.373483e-001 -9.197481e+000 -8.051698e+000 -1.118439e+001 -3.894557e+000  5.757250e+001  3.842883e+000  1.619775e-001  3.260128e+000 -9.172795e-001 -2.708246e+000 -3.804394e+000 -2.459276e+000 -1.833384e+000 -1.124261e+000 -1.235111e+000  9.893320e-001 -4.957991e-002  2.200144e+000  2.184300e+000 -5.772759e-001  1.050776e+000 -6.914392e-001 -8.330749e-001 -9.125405e-001 -1.362245e+000 -4.835033e-001 -1.110177e+000  5.503445e-001  5.552000e-001  3.923153e-001  4.997423e-001
-1.814851e+001  8.708574e+000 -2.198745e+000  1.588181e+000 -7.253022e+000 -5.616260e+000 -1.092664e+001 -7.676051e+000 -1.198370e+001 -8.227249e+000 -5.866578e+000 -8.403031e+000  6.008941e+001  6.623468e+000 -1.285493e+000  4.226438e+000 -3.053106e+000 -3.666659e+000 -4.052303e+000 -4.404956e+000 -2.418459e+000 -2.868208e+000  5.937651e-001  1.627134e+000  1.537422e+000  2.413041e+000  9.991652e-001 -1.400521e+000  4.116716e-001 -1.002649e+000 -3.931157e-001 -4.690671e-002 -1.899979e-001  9.216560e-001 -8.016102e-001  1.030806e+000  7.721116e-002  6.597822e-001  1.394140e-001
-7.763519e+000  6.243537e+000 -5.519097e-001  5.748225e-001 -1.793035e+001 -1.627684e+001 -1.161134e+001 -1.228481e+001 -1.420560e+001 -1.124160e+001 -7.323300e-001 -4.437747e+000  6.308554e+001  6.401635e+000 -3.566034e+000  4.096748e+000 -4.616035e+000 -3.785340e+000 -3.310025e+000 -2.875360e+000  6.515772e-001 -3.401916e+000  2.621377e+000  9.291244e-001  2.579156e+000  2.294585e+000 -7.431741e-001 -1.253458e+000  3.067930e-002 -8.441641e-001  7.801573e-001  1.108036e+000  9.417689e-001  1.620246e+000 -2.048128e-001  1.064215e+000 -6.964566e-001 -1.607589e-002 -2.403403e-001
-6.294608e-001 -2.972411e+000  6.578374e+000 -7.426098e+000 -1.592361e+001 -1.568202e+001 -1.674070e+001 -4.184708e+000 -1.700088e+001 -1.131703e+000 -5.208846e+000  3.115639e+000  6.425369e+001  4.129631e+000 -5.247644e+000  3.791935e+000 -4.569058e+000 -2.142838e+000 -1.675040e+000 -1.013130e+000  3.321548e+000 -3.107457e+000  3.064429e+000 -6.272052e-001  2.201101e+000  1.945571e+000 -1.810402e+000 -2.077264e-001 -4.531374e-001  1.656140e-001  1.256317e+000  1.259744e+000  1.575826e+000  1.054606e+000  5.543945e-001  1.882723e-001 -7.577085e-001 -1.137564e+000 -4.639542e-001
-6.703164e-001 -8.763293e+000  9.200968e+000 -1.315537e+001 -1.887281e+001 -1.536054e+001 -1.633333e+001  1.074867e+000 -2.369847e+001  1.507416e+000 -6.867638e+000  3.241888e+000  6.696329e+001  1.373931e+000 -4.124237e+000  3.630776e+000 -4.380124e+000  4.306296e-001  5.471562e-001  5.536550e-001  3.397843e+000 -2.028701e+000  2.850630e+000 -1.365781e+000 -4.617987e-001  1.232178e+000 -1.622966e+000  7.651790e-001 -6.769468e-001  1.042732e+000  1.206992e+000  7.536679e-001  1.242432e+000 -1.985762e-001  1.083909e+000 -4.234418e-001 -3.859328e-001 -1.628249e+000 -6.078581e-001
-1.046957e+000 -1.002623e+001  1.188449e+001 -1.439201e+001 -1.749598e+001 -1.444961e+001 -1.363130e+001  2.251850e+000 -2.277455e+001  7.203878e-001 -5.934950e+000 -1.237343e+000  6.787840e+001  8.530860e-002 -2.045023e+000  2.193737e+000 -2.342991e+000  5.069393e-001  3.178245e-001  1.759669e+000  1.481436e+000 -7.828434e-001  1.420500e+000 -1.013956e+000 -2.629922e+000  6.244736e-001 -8.247318e-001  1.072844e+000 -9.252491e-001  1.519992e+000  5.458786e-001 -1.033515e-001  7.242916e-001 -6.924921e-001  1.078206e+000 -4.130864e-001 -9.621531e-002 -1.235384e+000 -5.863495e-001
-6.851149e-001 -1.085074e+001  1.494891e+001 -1.784284e+001 -1.499101e+001 -1.415726e+001 -1.039776e+001  1.486122e+000 -2.146227e+001  2.085510e+000 -7.198184e+000 -4.570250e+000  6.743408e+001  3.089644e-001 -1.341449e+000  1.511113e+000 -5.154101e-001  9.247314e-001 -5.381184e-001  1.950402e+000  5.787522e-001  8.553208e-001  1.326132e+000 -8.071641e-001 -3.146576e+000 -8.415680e-002 -7.080878e-002  6.882665e-001 -1.217723e+000  1.786790e+000 -6.731416e-002 -8.785881e-001  2.550753e-001 -2.741624e-001  8.747337e-001 -4.883817e-001 -1.646365e-002 -3.759889e-001 -4.266177e-001
-1.955185e-001 -1.215380e+001  1.467309e+001 -1.679732e+001 -1.532981e+001 -1.469454e+001 -1.091014e+001  3.016845e+000 -2.203320e+001  5.681750e+000 -1.011335e+001 -6.127902e+000  6.714066e+001  5.384552e-001 -1.274818e+000  2.255210e-001  1.098546e+000  3.395042e-001 -1.649160e+000  1.909955e+000  1.268633e+000  8.415615e-001  1.761246e+000 -1.387590e+000 -2.633430e+000 -3.280098e-001  2.718594e-001  3.090660e-001 -1.264185e+000  1.398134e+000  5.236811e-002 -9.951897e-001 -1.896793e-001  4.684976e-001  6.361682e-001 -7.050747e-001 -7.559896e-002  3.412948e-001 -2.890256e-001
 4.487860e-001 -1.440675e+001  1.536223e+001 -1.452977e+001 -1.533224e+001 -1.792867e+001 -7.941901e+000  3.586130e+000 -1.979255e+001  5.657396e+000 -8.814257e+000 -1.004571e+001  6.691137e+001  7.933140e-001 -1.068007e+000 -1.473731e+000  2.833057e+000  1.777764e-001 -2.862292e+000  1.753888e+000  2.133432e+000  1.532766e+000  2.383485e-001 -1.261282e+000 -2.339989e+000 -4.246689e-001  3.007652e-001  3.442898e-001 -1.365051e+000  7.998309e-001  4.132268e-001 -7.360353e-001 -6.355758e-001  5.508484e-001  3.842858e-001 -9.553214e-001 -7.450815e-002  6.032157e-001 -1.933627e-001
 1.078368e+000 -1.462231e+001  1.280544e+001 -1.055582e+001 -1.562785e+001 -2.080972e+001 -5.309453e+000  7.545012e+000 -1.940161e+001  7.740673e+000 -1.206487e+001 -1.166676e+001  6.649970e+001  1.202431e+000 -6.364139e-001 -2.634768e+000  2.973443e+000  1.142257e+000 -3.496037e+000  9.095286e-001  3.046584e+000  2.059275e+000 -1.560982e+000 -1.164892e+000 -1.326741e+000 -6.503983e-001  2.976990e-001  4.554567e-001 -1.099928e+000  2.535503e-002  9.046436e-001 -1.174688e-001 -1.143718e+000 -1.592079e-001  3.438467e-001 -8.450374e-001  1.376842e-001  4.980301e-001 -2.229806e-001
 2.644512e+000 -1.495652e+001  8.514085e+000 -6.798302e+000 -1.395311e+001 -2.541113e+001 -4.428666e+000  9.889200e+000 -1.511424e+001  2.247791e+000 -1.252884e+001 -1.350076e+001  6.563122e+001  1.480802e+000  6.079750e-002 -3.883996e+000  2.546295e+000  2.589489e+000 -3.294857e+000 -7.272644e-001  2.444019e+000  2.167893e+000 -1.789361e+000 -1.291054e+000 -7.838420e-001 -8.897759e-001  1.943090e-001  5.255940e-001 -5.756883e-001 -6.524270e-001  1.010342e+000  6.742575e-001 -1.276180e+000 -1.123892e+000  4.552102e-003  6.219472e-002  2.922124e-001  3.370268e-001 -2.503344e-001
 4.718773e+000 -1.506099e+001  4.923319e+000 -5.795838e+000 -1.030809e+001 -2.843349e+001 -8.119113e+000  1.509823e+001 -1.407598e+001 -4.183551e-001 -1.408052e+001 -1.103408e+001  6.452875e+001  1.683206e+000  4.380634e-001 -4.068987e+000  1.368702e+000  3.656866e+000 -2.020222e+000 -2.568057e+000  3.173004e-001  2.243231e+000 -1.450087e+000 -6.842836e-001 -9.213535e-001 -1.210359e+000  2.705210e-002  4.886461e-001 -2.893894e-002 -7.984038e-001  5.470065e-001  1.224764e+000 -8.787036e-001 -1.741017e+000 -2.726527e-001  7.973955e-001  5.105100e-001  8.343106e-002 -2.039354e-001
 6.032595e+000 -1.388343e+001 -1.166863e-001 -4.178284e+000 -5.044675e+000 -3.059106e+001 -1.017339e+001  1.202962e+001 -1.161590e+001  7.901038e-001 -1.426170e+001 -1.428126e+001  6.344797e+001  1.524471e+000  1.022724e+000 -3.635063e+000  3.732931e-001  3.972181e+000 -2.289118e-001 -2.888218e+000 -2.121384e+000  1.463548e+000  4.938746e-001 -4.052439e-002 -8.575490e-001 -1.396360e+000 -1.186952e-001  2.814493e-001  5.581453e-001 -7.253054e-001 -1.548071e-001  1.226295e+000 -9.685633e-002 -1.261337e+000 -5.462580e-001  8.589330e-001  6.537799e-001  1.802097e-001 -4.391642e-002
 7.800356e+000 -1.296854e+001 -3.224113e+000 -5.022322e+000 -1.797736e+000 -2.832086e+001 -1.527737e+001  8.061306e+000 -9.934619e+000  1.219083e+000 -1.461985e+001 -1.588328e+001  6.153953e+001  1.315857e+000  1.325853e+000 -2.903929e+000  6.792550e-002  3.185944e+000  1.094812e+000 -2.403512e+000 -3.375800e+000  1.048184e+000  1.284378e+000  7.623934e-001 -8.727326e-001 -1.416783e+000 -2.130636e-001 -3.187876e-002  8.291817e-001 -4.709416e-001 -7.217951e-001  6.942774e-001  6.635234e-001  1.206276e-002 -6.953732e-001  5.189992e-001  4.963729e-001  3.027134e-001  2.210510e-001
 8.726077e+000 -1.088913e+001 -5.587514e+000 -5.318594e+000  1.652615e+000 -2.661201e+001 -1.529063e+001  2.800740e+000 -9.867176e+000  3.898445e+000 -1.246180e+001 -1.536391e+001  6.014402e+001  1.071001e+000  1.024149e+000 -1.675798e+000 -4.298437e-001  2.050915e+000  1.279099e+000 -1.293818e+000 -2.016117e+000  3.412628e-002  1.138071e+000  1.254507e+000  9.289589e-002 -1.006146e+000 -2.351215e-001 -4.696052e-001  8.998600e-001 -3.058131e-001 -1.037019e+000  7.408617e-002  8.916984e-001  1.323551e+000 -5.603552e-001 -9.309220e-002  3.015340e-002  3.149739e-001  4.643641e-001
 9.951316e+000 -9.928873e+000 -6.860913e+000 -4.886055e+000  2.272985e+000 -2.494896e+001 -1.757806e+001  2.833667e+000 -9.709418e+000  4.449366e+000 -1.116851e+001 -1.485642e+001  5.909681e+001  8.446232e-001  2.779571e-001 -9.027113e-001 -5.844377e-001  1.008523e+000  6.971594e-001 -4.763985e-002  3.249805e-001 -5.189238e-001  8.228112e-001  1.150065e+000  1.169911e-001 -3.002113e-001 -2.939508e-001 -7.150310e-001  7.507099e-001 -2.387636e-001 -1.000059e+000 -2.612160e-001  8.980234e-001  1.798484e+000 -3.811904e-001 -2.693397e-001 -5.131899e-001  2.046620e-001  6.038230e-001
 1.031212e+001 -1.028252e+001 -6.677274e+000 -6.395635e+000  3.174537e+000 -2.588152e+001 -1.549214e+001  4.562852e+000 -1.155787e+001  4.865318e+000 -9.714838e+000 -1.433021e+001  5.963860e+001  5.844806e-001 -8.013541e-001 -1.363717e-001 -8.295910e-001 -1.242041e-001  3.403452e-001  3.923375e-001  2.645979e+000 -5.546743e-001  2.591971e-001 -8.359327e-002  2.224588e-001  3.671745e-001 -3.600282e-001 -6.582571e-001  4.609749e-001 -1.482932e-001 -8.343775e-001 -1.302433e-002  5.996063e-001  1.301094e+000 -1.151693e-001 -2.004206e-001 -8.166612e-001 -5.629127e-002  5.556688e-001
 1.123045e+001 -1.188206e+001 -7.192790e+000 -7.405990e+000  2.483921e+000 -2.520031e+001 -1.541481e+001  8.805152e+000 -1.168389e+001  4.849702e+000 -1.024301e+001 -1.581518e+001  6.029119e+001  8.936310e-002 -1.336550e+000  7.990713e-002 -9.260186e-001 -7.267917e-001  2.581085e-001  1.243526e+000  3.285571e+000 -5.633678e-001  3.771169e-001 -1.134506e+000  8.579598e-002  9.156719e-001 -4.236946e-001 -3.634837e-001  3.128653e-001 -1.243246e-001 -5.583809e-001  3.666711e-001  3.804042e-001  2.583300e-001  1.044474e-002 -1.032626e-001 -7.085980e-001 -6.987116e-002  3.771078e-001
 1.100891e+001 -1.391930e+001 -6.103434e+000 -8.206582e+000  9.261271e-001 -2.478461e+001 -1.441056e+001  1.304489e+001 -1.165331e+001  4.994262e+000 -1.334251e+001 -1.377224e+001  6.138271e+001 -3.515099e-001 -1.459883e+000  1.377676e-001 -1.000519e+000 -1.253315e+000  1.433503e+000  1.058630e+000  3.009056e+000 -5.194981e-001  3.588151e-001 -1.686513e+000 -1.729629e-001  1.164256e+000 -3.876444e-001  2.513158e-003  2.421019e-001 -1.152603e-001 -2.310092e-001  5.906134e-001  2.058788e-001 -7.560216e-001  8.348121e-002 -5.540120e-002 -3.520264e-001 -7.981836e-002  1.375991e-001
 1.004974e+001 -1.479323e+001 -6.748298e+000 -8.610675e+000 -2.367682e-001 -2.420687e+001 -1.190122e+001  1.502050e+001 -1.247854e+001  6.270479e+000 -1.502720e+001 -1.470643e+001  6.280311e+001 -8.058547e-001 -1.210197e+000  5.245457e-001 -1.120597e+000 -1.218825e+000  1.983936e+000  1.521235e+000  1.435091e+000 -4.842882e-001  2.566893e-001 -1.591465e+000 -3.465385e-002  1.186787e+000 -2.511833e-001  2.375509e-001  2.640143e-001 -6.916336e-002 -3.904079e-002  6.119586e-001 -1.861627e-001 -1.224164e+000  3.053882e-001 -1.693307e-001 -1.907970e-001  4.394288e-002 -9.050877e-002
 9.144929e+000 -1.612635e+001 -6.210682e+000 -1.079589e+001 -1.731696e+000 -1.921072e+001 -1.195579e+001  1.650046e+001 -1.375804e+001  5.949006e+000 -1.575531e+001 -1.574940e+001  6.420392e+001 -9.061324e-001 -8.519650e-001  8.518186e-001 -1.308603e+000 -1.033233e+000  2.430499e+000  1.282877e+000 -2.088895e-001 -1.768081e-001  4.240499e-002 -1.615246e+000 -1.164082e-001  9.196125e-001 -1.241967e-001  3.673470e-001  2.289099e-001 -1.334083e-003  1.163275e-001  2.216559e-001 -3.204444e-001 -1.354776e+000  6.731968e-001 -3.268605e-001 -9.238015e-002  1.067986e-001 -2.129440e-001
 8.133169e+000 -1.682952e+001 -4.516438e+000 -1.171432e+001 -2.281294e+000 -1.806757e+001 -9.036028e+000  1.425283e+001 -1.305297e+001  5.655777e+000 -1.699393e+001 -1.499986e+001  6.481451e+001 -8.892423e-001 -4.527544e-001  1.042953e+000 -1.117793e+000 -1.032037e+000  2.819403e+000  2.005895e-001 -1.226278e+000  7.922283e-001 -3.113317e-001 -2.124125e+000  2.772330e-001  5.854500e-001 -3.516914e-002  4.173883e-001  1.920297e-002  4.941989e-002  1.353751e-001  2.061546e-002 -6.168760e-001 -8.981233e-001  8.290936e-001 -4.396034e-001  2.121602e-002  9.426972e-002 -2.162757e-001
 7.436534e+000 -1.716098e+001 -2.960271e+000 -1.319777e+001 -3.217776e+000 -1.570176e+001 -9.428768e+000  1.238428e+001 -1.225013e+001  5.513638e+000 -2.043538e+001 -1.420756e+001  6.497507e+001 -9.307997e-001 -1.869011e-003  1.023113e+000 -1.008591e+000 -7.650721e-001  2.124049e+000  1.167308e-001 -2.434138e+000  2.208228e+000 -9.914767e-001 -1.882084e+000  2.050866e-001  4.002045e-001  1.293438e-002  4.185016e-001 -1.920481e-001  6.249552e-002  1.435171e-001 -1.221498e-001 -6.751047e-001 -2.704365e-001  7.246441e-001 -4.662285e-001  3.364885e-001  8.932864e-002 -1.593475e-001
 6.457721e+000 -1.653968e+001 -3.158738e+000 -1.299870e+001 -4.653912e+000 -1.186434e+001 -1.216178e+001  1.094720e+001 -9.271345e+000  4.931504e+000 -2.330779e+001 -1.409118e+001  6.534479e+001 -9.693667e-001  4.516966e-001  5.349131e-001 -1.023503e+000 -6.760302e-001  2.240238e+000 -9.800720e-001 -1.942901e+000  2.468662e+000 -1.424387e+000 -1.351966e+000  2.759474e-001  3.651123e-001  1.040607e-001  3.447745e-001 -2.839707e-001  2.039575e-003  1.615663e-001 -1.619594e-001 -5.956095e-001  4.019244e-001  2.017927e-001 -2.113638e-001  5.856262e-001  1.308530e-001 -1.322881e-001
 5.328654e+000 -1.628061e+001 -1.773965e+000 -1.519666e+001 -4.370748e+000 -1.169210e+001 -9.809259e+000  5.982579e+000 -4.607710e+000  1.353759e+000 -2.200880e+001 -1.517831e+001  6.593980e+001 -8.013983e-001  7.883178e-001  1.455979e-001 -1.043271e+000 -4.936508e-001  2.109332e+000 -1.502315e+000 -1.202761e+000  2.608196e+000 -1.732210e+000 -3.188831e-001  3.308779e-001  2.330437e-001  2.236275e-001  2.578826e-001 -3.101282e-001  7.807724e-002  4.489627e-002  7.867098e-004 -6.992698e-001  1.044787e+000 -3.991713e-001  2.412477e-001  4.920191e-001  2.799962e-001 -1.611099e-001
 4.340275e+000 -1.501123e+001 -2.435025e+000 -1.583240e+001 -5.084959e+000 -8.871215e+000 -1.374614e+001  7.739173e+000 -4.530873e+000  6.137824e-001 -2.296705e+001 -1.313476e+001  6.615771e+001 -4.336395e-001  8.760249e-001  6.185750e-002 -1.090256e+000 -3.599157e-001  2.016965e+000 -1.967935e+000  1.676552e-001  1.601208e+000 -9.977838e-001  2.240620e-002  8.686022e-001  7.589722e-003  2.660765e-001  2.004009e-001 -2.047689e-001  1.967417e-001  2.044521e-002 -1.763607e-001 -4.644946e-001  1.094749e+000 -5.728346e-001  5.211442e-001  3.738177e-001  2.573797e-001 -1.783079e-001
 4.488266e+000 -1.398362e+001 -2.594138e+000 -1.699728e+001 -5.470506e+000 -6.651662e+000 -1.614816e+001  7.974492e+000 -1.579392e+000 -9.885522e-001 -2.220016e+001 -1.303139e+001  6.573383e+001 -8.052597e-002  1.075380e+000 -2.909996e-001 -5.848287e-001 -6.986480e-001  2.239619e+000 -2.885687e+000  1.734519e+000  6.460983e-001  1.460338e-003 -1.091745e-001  1.308740e+000 -2.265839e-001  1.650776e-001  1.930865e-001 -1.180035e-001  2.862720e-001  2.227331e-002 -5.654266e-001 -2.670544e-001  8.330546e-001 -6.158143e-001  5.401039e-001  2.052049e-001  4.741501e-002 -1.538235e-001
 4.709718e+000 -1.330805e+001 -2.439364e+000 -1.754967e+001 -5.903611e+000 -4.299730e+000 -1.883200e+001  1.078952e+001 -2.779465e+000  1.113740e+000 -2.310007e+001 -1.082163e+001  6.548573e+001  5.797386e-004  1.310170e+000 -2.706325e-001 -2.690157e-001 -4.713055e-001  1.293291e+000 -2.610859e+000  2.062206e+000  5.855376e-001  3.144986e-001  4.122686e-001  1.073915e+000 -2.966133e-001 -5.983890e-003  2.188866e-001 -4.104704e-004  3.253954e-001  5.216431e-002 -1.037963e+000 -4.022844e-002  3.219768e-001 -4.701099e-001  2.213891e-001  1.203875e-001 -2.828449e-001 -1.391751e-001
 4.741303e+000 -1.175530e+001 -3.226794e+000 -1.726217e+001 -7.454661e+000 -2.779744e+000 -2.169476e+001  1.313000e+001 -2.252923e+000  1.111082e+000 -2.248816e+001 -9.791170e+000  6.514288e+001 -1.931198e-001  1.536678e+000 -2.781745e-001 -2.253056e-002 -3.265893e-001 -3.559642e-001 -2.516125e+000  2.015237e+000  3.695931e-002  3.121683e-001  5.122102e-001  4.652966e-001 -3.839722e-001 -1.612055e-001  1.545111e-001  1.853940e-001  3.464011e-001  9.354301e-002 -1.188419e+000  9.022836e-002 -3.391259e-001 -2.952002e-001 -1.765648e-001 -5.855673e-002 -3.611221e-001 -1.417013e-001
 4.216655e+000 -9.574537e+000 -3.471860e+000 -1.704503e+001 -6.449409e+000 -4.340717e+000 -2.402714e+001  1.547245e+001 -1.266420e+000  1.136459e+000 -2.076171e+001 -9.385289e+000  6.497012e+001 -4.072620e-001  1.739809e+000  5.339263e-002  2.555721e-001 -2.851234e-001 -1.875058e+000 -2.353858e+000  1.637180e+000 -4.447724e-001 -4.619207e-002  3.136513e-001 -1.239005e-001 -6.095917e-001 -1.390349e-001 -5.397435e-002  1.573160e-001  5.749490e-001  3.541629e-002 -5.459559e-001  1.080413e-001 -9.712392e-001 -4.548118e-001 -1.457790e-001 -2.858008e-001  4.422267e-003 -1.368514e-001
 3.769198e+000 -8.166993e+000 -3.468763e+000 -1.736225e+001 -6.830554e+000 -8.410990e+000 -2.613122e+001  1.570921e+001 -2.151119e+000  5.609302e-001 -2.080830e+001 -1.142308e+001  6.407177e+001 -6.826329e-001  1.633116e+000  4.739578e-001  8.848827e-001 -3.240240e-001 -2.118301e+000 -2.563046e+000  2.514028e-001 -3.147479e-001 -7.010183e-001 -3.526495e-001  1.020373e-001 -7.786011e-001 -4.793615e-002 -5.556230e-002 -6.160355e-002  9.666972e-001  1.199741e-001  4.496540e-001  4.616561e-001 -1.380727e+000 -5.461122e-001 -2.815608e-001 -3.844287e-002  5.653052e-001 -1.699062e-001
 3.159461e+000 -6.403161e+000 -2.051416e+000 -1.622176e+001 -7.641282e+000 -1.085940e+001 -2.838306e+001  1.768582e+001 -5.054229e+000  1.157856e+000 -2.237175e+001 -1.062518e+001  6.297332e+001 -4.498383e-001  9.920791e-001  1.398816e-001  2.152022e+000 -2.955068e-001 -5.553197e-001 -2.047192e+000 -1.912073e+000 -1.512668e+000  9.219707e-002 -5.843056e-001  1.277656e+000 -7.835556e-001 -1.586599e-001  3.095630e-001 -1.459967e-001  1.288173e+000  2.085464e-001  1.166911e+000  1.447062e+000 -1.754305e+000 -2.100540e-001 -4.177415e-001  7.788392e-001  6.115252e-001 -3.981337e-001
 1.856736e+000 -5.175405e+000 -1.567226e+000 -1.324939e+001 -8.478845e+000 -1.011191e+001 -3.233203e+001  1.328033e+001 -1.932757e+000 -2.404709e+000 -2.344638e+001 -8.661037e+000  6.224827e+001 -4.115124e-001  1.632731e+000 -6.294367e-001  3.862730e+000  2.784727e-001  1.232437e+000 -3.611778e-001 -3.113771e+000 -2.159654e+000 -1.164830e+000  7.689743e-001  2.591045e+000 -1.146521e+000 -5.390826e-001  6.500674e-001  2.444462e-002  1.248107e+000  5.909941e-002  1.040802e+000  2.471453e+000 -1.391212e+000  3.399364e-002 -3.971061e-001  1.766106e+000  3.615713e-001 -8.753724e-001
 2.923695e+000 -6.109936e+000 -3.723220e+000 -8.341352e+000 -7.102798e+000 -6.266855e+000 -3.116270e+001  7.126525e+000 -8.938938e+000  3.080263e+000 -2.236419e+001 -4.378029e+000  6.196409e+001 -1.336122e+000  3.287817e+000 -1.248938e-001  5.207515e+000  4.563602e-001  2.284127e+000  3.780520e+000 -5.451755e+000 -5.725893e-001 -1.902994e+000  3.647035e+000  1.689222e+000 -2.416300e+000 -8.801297e-001  1.042681e-001  1.415964e-001  3.344746e-001 -2.612022e-001  3.708709e-001  2.532133e+000 -3.960685e-001  6.248261e-001 -2.002480e-001  1.914798e+000 -8.495035e-002 -1.119815e+000
