29 39
-4.262137e+000 -9.769650e+000 -1.311603e+000 -1.809204e+001  2.318027e+000 -1.562703e+001 -1.252436e+001 -2.074008e+000  5.618845e+000  2.857083e+000 -2.058200e+001  4.610751e+000  5.200206e+001 -5.837235e-001  2.197793e+000  4.558783e-001  2.857265e+000  1.379044e+000  5.893411e-001  1.274635e+000  1.831192e+000  3.558885e+000  1.486917e+000  1.524430e+000  5.848441e-001 -5.071050e+000 -1.359306e+000  1.268168e+000  4.137307e-001  2.378391e+000 -4.263635e-001  1.891848e+000  2.009687e+000  5.364946e-001 -1.542863e+000 -8.852635e-001  2.926831e+000 -1.025088e+000 -1.670075e+000
-8.688315e+000  2.191589e+000  1.516098e+000  7.858858e-001  4.493035e+000 -3.431753e+000 -1.235837e+001 -1.547327e+000  1.313754e+001  3.233839e+000 -1.056052e+001  2.392279e+000  3.597520e+001 -2.447940e+000  3.360312e+000  1.179133e+000  5.934367e+000  7.460153e-001  4.100696e+000  5.243960e+000  3.164201e+000  6.753926e-001  2.144266e-002  5.479118e+000 -7.772348e-001 -6.628177e+000 -6.994578e-001  7.418261e-002 -1.092032e-001  3.000473e-001 -8.389361e-001  8.031883e-001  1.418267e+000  1.459954e-001 -1.596328e+000 -8.120769e-001  1.571212e+000 -5.172098e-001  2.426232e-001
-1.218859e+001  2.472756e+000  3.054586e+000  1.493820e+000  8.024990e-001 -9.146808e+000 -2.019542e+000  2.356256e+000  8.149879e+000  7.002605e+000  4.635074e+000 -4.781605e-001  3.157870e+001 -2.442091e+000  2.367930e+000  2.838592e-001  4.399117e+000 -9.135906e-001  4.228334e+000  5.347459e+000  2.078490e+000 -8.833938e-001 -7.877266e-001  5.540742e+000 -1.444317e-001 -4.663540e+000  2.037546e-001 -7.040039e-001 -4.767040e-001 -1.126606e+000 -4.310818e-001 -1.379324e-001 -6.300539e-001 -6.529245e-001 -7.255080e-001 -6.188563e-001 -6.200623e-001  1.876173e-001  1.574357e+000
-1.296550e+001  1.515579e+000 -4.633434e-001  1.735509e+000  1.055707e+000  9.603252e-001  7.161513e+000  7.685364e+000  3.704436e+000 -6.937799e-001  1.775335e+000  2.149162e+000  3.141538e+001 -9.843134e-001  5.791555e-001 -5.565334e-001  3.866031e-001 -9.923288e-001  1.506213e+000  3.376680e+000  9.384075e-001 -7.795600e-001 -9.765262e-001  1.907285e+000  6.066413e-001 -9.649671e-001  6.201806e-001 -8.799297e-001 -5.118607e-001 -1.813164e+000 -5.560977e-002 -1.406346e+000 -2.404026e+000 -1.248993e+000  1.025986e-001  1.062393e-001 -1.392346e+000  1.019499e-001  1.776398e+000
-1.433400e+001  2.408007e+000  1.097414e+000  3.428730e+000 -5.312617e-001  3.318600e+000  4.452999e+000  3.702096e+000  5.918427e+000  8.822594e-001  9.537771e-001  4.010151e+000  3.096427e+001 -2.967637e-001  6.835208e-002 -1.059808e+000 -1.884794e-003  9.280698e-002  1.196920e+000 -9.419949e-001 -3.205341e-001  6.588213e-001 -1.108380e+000  2.100356e-001  8.309924e-001 -3.087044e-002  1.107093e+000 -1.184813e+000 -6.653945e-001 -1.830831e+000  3.578392e-001 -1.394973e+000 -2.682717e+000 -9.236389e-001 -4.359021e-002  3.705387e-001 -1.308716e+000 -5.847498e-001  1.808870e+000
-1.253718e+001  5.119741e+000 -2.879826e-001  1.751446e+000  1.982710e-001 -2.133392e+000  1.288763e+000  2.471791e+000  1.035546e+001  1.411381e+000  8.165488e-001  3.181330e+000  3.145758e+001 -4.197005e-001  1.104534e-001 -7.083363e-001 -9.309551e-001 -3.523241e-002 -1.415325e+000 -3.631444e+000 -1.881253e+000  4.172782e-001  7.129661e-001  1.182742e+000 -7.551974e-001 -6.252079e-002  1.432984e+000 -1.544636e+000 -7.110977e-001 -1.700676e+000  3.585946e-001 -5.858130e-001 -2.097118e+000 -3.502864e-001 -8.245206e-001  5.044054e-001 -1.305643e+000 -9.993584e-001  2.283126e+000
-1.388657e+001  1.012435e+000 -2.332135e+000  1.476428e+000  1.695252e+000 -1.615347e+000 -3.793141e+000  3.360373e+000  8.118472e+000  4.081230e-001  6.164645e+000  3.160718e+000  3.140325e+001  2.811070e+000 -3.321782e+000 -2.967212e+000 -4.096259e+000  3.970573e-001 -1.285760e+000 -4.562062e+000 -1.129875e+000 -1.699764e+000  2.202209e-001 -6.405685e-001 -2.387261e+000  3.929586e+000  1.549518e+000 -1.390426e+000 -5.309259e-001 -2.111395e+000  2.043905e-001  2.634630e-002 -8.106632e-001  9.568916e-002 -1.486878e+000  2.247154e-001 -1.936892e+000 -1.010100e+000  2.850744e+000
-1.528771e+001  2.765631e+000 -2.290251e+000 -1.943115e+000 -2.337118e-001 -3.649327e+000 -6.872637e+000 -1.550040e+000  4.690804e+000  3.108119e+000  5.083614e+000 -1.202108e+000  3.088329e+001  4.626692e+000 -5.448959e+000 -3.158320e+000 -6.069592e+000  6.485189e-001 -1.815120e-001 -5.298876e+000 -4.083539e-001 -3.722871e+000  8.812003e-001 -4.195628e+000 -2.781024e+000  8.470436e+000  8.388003e-001 -4.099432e-001 -1.101848e-001 -1.575891e+000  1.524261e-001  8.283803e-001  2.227712e-001  5.953385e-001 -1.202227e+000 -4.952962e-001 -1.923353e+000 -4.492780e-001  2.347684e+000
 1.096620e+000 -1.302385e+001 -1.273751e+001 -1.520528e+001  1.670016e+000 -2.352234e+000 -1.427661e+001  6.363751e-002  2.519358e-001  1.134995e+000 -4.382598e+000 -5.734437e+000  5.089935e+001  4.927630e+000 -4.104070e+000 -2.489446e+000 -7.989543e+000  7.728839e-001  7.117454e-001 -4.161595e+000 -5.785379e-001 -4.705492e+000 -6.892046e-002 -6.785240e+000 -3.206596e+000  9.956372e+000 -8.689575e-001  1.271782e+000  8.594949e-001  1.023758e-001 -3.044735e-001  7.621812e-001  1.079056e+000  4.584280e-001 -3.009164e-001 -7.016664e-001 -4.475079e-001  9.069784e-002 -5.168872e-002
 3.104684e+000 -1.510691e+001 -1.087689e+001 -2.025566e+001  3.453483e+000 -2.672508e+000 -1.996388e+001  2.078389e+000 -4.325623e+000  5.453946e+000 -1.488797e+001 -6.276210e+000  6.406171e+001  2.716021e+000 -1.548119e+000 -1.498143e+000 -6.863766e+000  5.389848e-001  1.727823e+000 -2.717822e+000  8.197711e-001 -4.090990e+000 -1.618944e+000 -5.361688e+000 -2.591920e+000  8.662504e+000 -1.569125e+000  1.766668e+000  9.625813e-001  1.582738e+000 -5.936275e-001  3.172259e-001  1.436680e+000  3.866780e-001  8.141764e-001 -9.493653e-001  1.414070e+000  4.166819e-001 -2.139484e+000
 1.555380e+000 -1.057164e+001 -1.048604e+001 -2.931501e+001  3.716074e+000  1.454971e+000 -1.805549e+001 -1.346532e+000 -1.090077e+001 -1.109393e+000 -1.777576e+001 -1.033521e+001  6.459590e+001 -5.783814e-001  1.086706e+000  5.001739e-001 -3.187293e+000 -1.070543e+000  1.570478e+000 -4.573112e-001  5.482029e-001 -3.020286e+000 -2.038039e+000 -2.295079e+000 -2.028324e+000  3.575108e+000 -1.266044e+000  9.321795e-001  5.492218e-001  2.482858e+000 -6.345288e-001 -3.166930e-001  6.534204e-001  1.648143e-001  1.482345e+000 -4.687453e-001  1.910169e+000  6.119595e-001 -2.663806e+000
-1.936990e+000 -6.201065e+000 -1.090670e+001 -2.920708e+001  1.438183e+000  3.086189e+000 -1.857231e+001  3.253899e+000 -1.018779e+001 -3.864408e+000 -1.502824e+001 -1.186132e+001  6.734753e+001 -4.659252e-001  7.889948e-001  1.597766e-001 -5.570289e-001 -1.397905e+000  9.752510e-001  3.238029e-002  9.616659e-001 -4.945915e-001 -2.881067e+000  6.296399e-001 -1.286750e+000  9.636490e-001 -2.911814e-001 -5.780542e-003  5.072175e-002  2.049115e+000 -2.518579e-001 -6.079639e-001 -2.719873e-001 -4.376647e-001  1.507426e+000  2.224906e-001  1.103196e+000  5.349133e-001 -2.069906e+000
 7.255504e-001 -1.204325e+001 -1.022174e+001 -2.666604e+001 -2.675051e+000  2.620808e+000 -1.725896e+001  2.216897e+000 -1.191841e+001 -4.396023e+000 -1.578785e+001 -1.308350e+001  6.713197e+001  1.883816e-001 -6.117296e-001 -5.722968e-001  1.271377e+000 -1.431315e+000 -4.954332e-001 -2.269594e+000  1.745863e-001  9.080361e-001 -1.781586e+000 -2.300579e-001 -7.993832e-001  4.867683e-001  4.098288e-001 -2.343486e-001 -2.659513e-001  9.994126e-001  3.811732e-001 -2.892198e-001 -7.541460e-001 -4.571607e-001  1.190446e+000  7.988043e-001  3.195252e-001  4.768743e-001 -8.731905e-001
 1.189973e+000 -1.042614e+001 -1.021016e+001 -2.436529e+001 -3.404781e-001  1.620828e+000 -2.020025e+001  5.105004e+000 -6.289762e+000 -7.308073e+000 -1.273372e+001 -1.133582e+001  6.761192e+001  8.767325e-001 -7.278036e-001 -7.082990e-001  1.152477e+000 -5.399188e-001 -2.790403e-001 -3.171617e+000 -1.181744e+000  1.481979e+000 -6.347178e-001 -8.782184e-001 -5.318239e-001 -1.428558e-001  3.104644e-001  1.147922e-001 -5.623840e-003  1.255288e-001  5.239937e-001  9.153920e-002 -2.603873e-001 -4.258729e-001  4.409267e-001  1.137376e+000  3.528412e-002  3.255223e-001 -3.460795e-001
 9.338070e-001 -1.151776e+001 -1.369580e+001 -2.537902e+001 -2.551172e+000 -2.895148e-001 -2.858949e+001 -1.399153e+000 -8.309608e+000 -8.295489e+000 -2.007331e+001 -1.459488e+001  6.689755e+001  7.994335e-001  6.733619e-001 -3.955449e-001  9.550171e-001  4.063296e-001  7.515246e-001 -2.626043e+000 -6.658955e-001  1.943656e+000  8.328080e-001  5.647678e-002 -2.141542e-002 -2.375915e-001  7.259719e-002  5.023335e-001  3.241664e-001 -2.544460e-001  4.202650e-001  3.398584e-001  7.875729e-001  1.896970e-001 -1.266828e-002  8.166485e-001  6.999156e-001  3.685751e-001 -1.862033e-001
 2.342545e+000 -1.010283e+001 -1.271117e+001 -2.408820e+001 -1.323351e+000  3.146148e+000 -2.876512e+001 -8.467965e-001 -4.582296e+000 -5.088264e+000 -1.727661e+001 -1.376475e+001  6.675047e+001  7.808710e-001  7.204100e-001  4.328146e-002  2.287951e-001  3.032416e-001  8.094681e-001 -1.091332e+000 -7.474577e-001  1.192232e+000  1.498617e+000  6.627932e-001 -4.812222e-002 -4.045685e-001 -1.718897e-001  3.531416e-001  2.797620e-001 -3.998728e-001 -8.849003e-002 -1.143240e-001  8.902747e-001  5.090469e-001 -5.948212e-001 -9.653759e-003  8.241509e-001  2.158669e-001 -8.322837e-002
 4.146432e+000 -8.838091e+000 -1.094896e+001 -2.202950e+001 -1.519669e-001  5.615770e+000 -2.610673e+001  1.863319e+000 -3.053865e+000 -1.341887e+000 -1.323403e+001 -1.197611e+001  6.637474e+001  5.992984e-001  1.175831e+000  6.727448e-001  4.609880e-001  2.484297e-001  6.596047e-001  6.281277e-001  9.059283e-001  9.895682e-001  1.234989e+000  2.499015e+000  8.016416e-001 -3.133919e-001 -2.083433e-001 -8.516842e-003  1.797447e-001 -5.063806e-001 -4.018006e-001 -5.183330e-001  5.454489e-001  4.455348e-001 -9.613007e-001 -7.493476e-001  6.577712e-001  8.861562e-002 -7.525963e-002
 3.488016e+000 -8.163920e+000 -1.136717e+001 -2.489608e+001 -2.387242e-002  2.715526e+000 -2.689829e+001 -2.635208e-001 -2.956471e+000 -3.291790e+000 -1.283940e+001 -1.288581e+001  6.585048e+001  1.173516e-001  7.866697e-001  1.563663e-001 -5.998722e-001 -9.034191e-001 -8.047003e-001 -3.473288e-001  5.775787e-001 -1.015083e+000 -8.840773e-001  2.021267e+000  1.359820e-001 -5.210975e-001 -1.221751e-001 -3.046518e-002  1.340973e-001 -3.287248e-001 -4.911811e-001 -2.915106e-001  2.149508e-001  5.671374e-001 -1.060830e+000 -7.505697e-001  5.315628e-001  1.596485e-001 -7.141129e-002
 3.357563e+000 -6.608054e+000 -1.100407e+001 -2.267014e+001 -1.958762e+000  3.223820e+000 -2.638227e+001  2.838851e+000 -4.174680e+000 -3.018780e+000 -9.796841e+000 -1.102614e+001  6.578059e+001  8.947680e-002  5.976478e-001  4.466362e-001 -1.162552e+000 -9.993430e-001 -1.033056e+000 -2.707998e-001  8.992602e-001 -1.759190e+000 -1.722583e+000  2.666096e+000  3.296105e-001 -5.556251e-001 -5.457547e-002 -2.568913e-002  1.214851e-001 -3.399227e-001 -5.474651e-001 -1.048279e-002  1.039341e-001  4.034153e-001 -1.104404e+000 -2.809573e-001  6.858964e-002  7.301998e-002 -8.974290e-002
 3.323737e+000 -7.284498e+000 -1.190178e+001 -2.676724e+001 -4.937048e+000  3.186222e-001 -3.036400e+001  1.553331e+000 -9.097304e+000 -8.670204e+000 -8.888865e+000 -1.355983e+001  6.444205e+001  4.249064e-001  8.571757e-001  8.268223e-001 -6.030586e-001 -1.528777e+000  1.982455e-001  4.328859e-001  2.091563e+000 -2.737536e+000 -7.754455e-001  3.237067e+000  9.861360e-001 -6.405083e-001 -2.164770e-002  1.596847e-001  2.414868e-001 -1.241219e-001 -3.182664e-001  2.872128e-001  5.228856e-001  3.048578e-001 -5.615366e-001  4.117352e-001 -7.678654e-002  2.457208e-001 -2.786194e-002
 4.675956e+000 -6.289563e+000 -8.448478e+000 -2.690668e+001 -2.692094e+000  1.648942e+000 -2.572788e+001  5.451194e+000 -8.779399e+000 -7.265594e+000 -1.878819e+000 -9.991049e+000  6.430083e+001  1.726436e-001  1.012132e+000  9.449424e-001 -1.237032e+000 -2.176216e+000  1.057178e-001  7.576908e-001  2.166013e+000 -3.671224e+000 -2.241133e-001  2.234063e+000  7.416646e-001 -7.024010e-001 -1.225540e-001  1.986522e-001 -1.467162e-002 -1.337030e-001 -1.269244e-001 -6.265777e-002  4.222402e-001 -3.184414e-001 -1.467470e-001  4.066570e-001 -5.611705e-001  1.555468e-001 -1.686469e-002
 4.953351e+000 -4.037287e+000 -8.510858e+000 -2.579310e+001 -7.301094e+000  4.494192e+000 -2.506105e+001  8.888123e+000 -1.434179e+001 -5.045610e+000 -6.130774e-001 -8.472678e+000  6.338782e+001 -3.247030e-002  1.377851e+000  1.114647e+000 -1.183242e+000 -1.906314e+000  6.197703e-002  1.752854e+000  1.468492e+000 -2.866749e+000  4.253641e-001  1.853351e+000  1.158559e+000 -5.870193e-001 -1.882336e-001 -6.813204e-003 -3.680736e-001 -2.256032e-001  4.340727e-001 -7.200711e-001 -5.164854e-002 -1.166125e+000  3.680782e-001 -4.752525e-002 -7.407253e-001 -1.001835e-001 -1.423743e-002
 3.405974e+000 -3.170997e+000 -7.974821e+000 -2.934237e+001 -1.165782e+001  1.664624e+000 -2.524529e+001  1.000152e+001 -1.990856e+001 -5.951643e+000 -2.764419e+000 -9.861392e+000  6.279570e+001 -2.946048e-001  1.330571e+000  2.293657e-001 -1.540976e+000 -1.445196e+000 -1.278211e+000  1.180417e+000 -3.814109e-001 -2.428319e+000 -2.897027e-001  5.521010e-001  1.021133e+000 -6.666931e-001 -7.281144e-003 -1.759591e-001 -4.981475e-001  2.753320e-001  1.181047e+000 -7.600851e-001 -4.515204e-001 -1.372691e+000  1.036534e+000 -1.621707e-001 -3.868564e-001 -5.979164e-002 -5.627991e-002
 3.796377e+000 -1.954526e+000 -6.565374e+000 -3.146560e+001 -9.985757e+000  6.206663e-001 -2.184102e+001  6.620627e+000 -1.786647e+001 -7.200359e+000  8.206889e-001 -7.831859e+000  6.225952e+001 -2.826374e-001  6.638902e-001 -6.557573e-001 -1.579103e+000  2.760761e-001 -2.710146e+000 -3.672009e-002 -2.465350e+000 -1.518598e+000 -9.802770e-001  3.744211e-001  3.454843e-001 -7.295494e-001  9.339754e-002 -3.724645e-001 -2.996404e-001  9.554577e-001  1.286192e+000 -4.320700e-001 -3.952443e-001 -1.218177e+000  1.150063e+000 -5.753256e-002 -2.450967e-001 -2.410189e-001 -1.633677e-001
 3.781419e+000 -6.780859e-001 -8.274391e+000 -3.177531e+001 -8.575744e+000 -2.805347e+000 -2.143580e+001  4.677887e+000 -1.915866e+001 -7.636733e+000  1.648030e-001 -5.205792e+000  6.153151e+001  2.613214e-001  4.893174e-001 -6.605928e-001  3.375584e-001  2.637823e+000 -2.308646e+000 -6.051243e-001 -2.730522e+000  8.373718e-001 -3.321461e-001  1.039246e+000  8.492438e-001 -9.125355e-001 -2.216823e-001 -2.460095e-001  4.746482e-001  1.999353e+000  1.038242e+000  9.401260e-002  6.170210e-001 -5.440001e-001  1.028834e+000  5.284205e-003 -2.570275e-001 -3.828497e-001 -2.012498e-001
 3.352442e+000 -1.964292e+000 -1.163986e+001 -3.247215e+001 -7.461751e+000 -6.821552e+000 -2.714940e+001 -7.768127e-001 -2.230973e+001 -9.104450e+000 -2.055829e-001 -9.073056e+000  6.037217e+001  1.565543e-001 -6.384481e-002  6.142416e-002  2.654779e+000  2.483138e+000 -1.583155e+000  6.694031e-001 -3.447837e+000  1.250722e+000  1.589230e-001  3.842948e-001  3.940926e-002 -1.280937e+000 -9.140595e-001  3.957239e-003  1.159429e+000  2.689648e+000  2.485461e-001  4.766965e-001  1.523898e+000  2.444881e-001  6.753166e-001 -9.265155e-002 -6.390715e-001 -2.975444e-001 -1.130341e-001
 4.934548e+000 -7.195275e-001 -8.740542e+000 -2.715131e+001  2.692937e-001 -6.157497e+000 -2.561672e+001  4.762799e-002 -1.350007e+001 -6.660328e+000  2.944947e+000 -4.994575e+000  5.917670e+001 -1.622612e+000  4.643914e-001  2.244016e+000  6.338848e+000  2.642485e+000 -1.371643e+000  3.912461e+000 -2.610168e+000  1.331189e+000 -8.328817e-001 -7.379734e-001 -7.400777e-001 -1.397249e+000 -1.582860e+000 -1.518806e-002  1.147509e+000  2.071223e+000 -8.262137e-001  4.640922e-001  1.518602e+000  4.477855e-001  2.090843e-001  1.724373e-001 -7.972687e-001 -3.764939e-001  6.125043e-002
 4.002584e+000 -2.253030e+000 -6.025177e+000 -2.050371e+001 -1.992585e+000 -5.619035e+000 -1.640355e+001 -8.303430e+000 -1.444215e+001 -6.893946e+000  1.352091e+000 -7.740422e+000  5.703224e+001 -3.910968e+000  6.961393e-001  3.689082e+000  8.868493e+000  1.516476e+000 -7.951652e-001  5.323977e+000 -1.303087e+000  1.611077e+000 -1.193167e+000 -1.932327e+000 -3.475772e-001 -1.052364e+000 -1.426718e+000 -8.509944e-002  7.198461e-001  7.424389e-001 -1.031952e+000  5.244918e-001  6.457753e-001  8.400012e-001  4.350255e-001  8.332273e-001 -2.035380e-001  3.124577e-001  2.792661e-001
-4.656713e+000  1.788240e+000  1.383489e-001 -6.065296e+000  1.902099e+000 -1.026482e+001 -7.246423e+000 -4.609644e+000 -1.643650e+001 -1.290639e+001 -4.303901e+000 -9.572498e+000  5.621523e+001 -5.619220e+000  3.338498e-002  3.263126e+000  7.586814e+000 -1.009914e+000 -3.821801e-001  4.660599e+000 -1.563970e+000  1.702616e+000  1.206086e+000 -1.788787e+000 -8.397325e-001 -7.205700e-001 -2.550824e-001 -3.743068e-001 -5.542810e-002 -1.130056e+000 -1.023787e+000  9.639232e-001 -2.823524e-001  1.036506e+000  7.020330e-001  1.399307e+000  6.673823e-001  9.661552e-001  3.556642e-001
