44 39
-1.445392e+001  3.251881e+000 -6.996535e-001 -2.027369e+000  6.653487e-001 -1.975822e-001 -5.975053e+000 -1.769542e+000  3.287242e+000  2.685407e+000  3.383003e+000 -1.180493e+000  3.029217e+001  6.893010e-001 -2.960044e-001 -8.770078e-001 -2.723314e-001  2.576058e+000  3.214654e+000  6.454457e-001  4.227129e-001 -9.136295e-003  2.790499e-001 -1.272508e+000 -8.668393e-001  8.297501e-001  9.949591e-001 -1.617228e+000 -6.403564e-001 -1.746126e+000 -3.029901e-001  1.117307e-001 -8.255440e-001  2.642377e-001 -5.798119e-001 -1.354318e-001 -1.477546e+000  7.781802e-001  2.925729e+000
-1.336383e+001  3.922135e+000 -5.264394e-001  5.365352e+000  4.409193e+000  1.382141e+000  1.642937e+000  5.352265e+000  3.144311e+000  1.248717e+000  2.266554e+000 -4.509552e-001  3.073746e+001  2.516506e+000 -3.594130e+000 -1.133845e+000 -3.325897e+000  1.157518e+000  1.139861e+000 -2.915716e+000  4.265065e-001 -1.418266e+000  6.711317e-001 -3.564052e+000  1.316597e+000  7.009390e+000  1.113266e+000 -1.767320e+000 -5.473303e-001 -2.178122e+000 -1.047156e+000 -6.429940e-001 -1.211067e+000  6.041630e-002 -7.739855e-001 -5.147371e-001 -1.881808e+000  3.185564e-001  3.194488e+000
-1.257288e+001 -3.468274e+000 -7.255304e+000 -6.875565e+000  6.466608e+000  8.450286e+000  5.705248e-001  1.570266e+000  6.160876e-001 -1.753630e+000 -4.202621e+000 -5.892036e+000  3.414461e+001  3.766812e+000 -5.253043e+000 -2.088243e+000 -5.702705e+000 -4.598745e-001  2.046380e-001 -2.556833e+000  5.517560e-001 -2.667660e+000 -5.305346e-001 -6.376847e+000  9.570714e-001  1.085586e+001  7.298268e-001 -6.538419e-001 -3.995033e-002 -6.405930e-001 -1.389543e+000 -1.026022e+000 -8.928322e-001  2.861774e-001 -2.981790e-001 -7.084059e-001 -1.267335e+000 -3.399588e-001  1.727700e+000
-3.240098e+000 -1.356745e+001 -5.620286e+000 -1.525258e+001  1.037961e+000 -1.305697e+000 -1.351718e+001  1.318447e+000 -4.117422e+000  5.622874e+000 -1.118184e+001  5.692590e+000  6.355451e+001  4.331160e+000 -5.120957e+000 -1.572066e+000 -6.202283e+000 -2.085111e+000 -7.952725e-001 -3.733403e+000  7.514516e-001 -2.439547e+000 -1.394691e+000 -7.174466e+000 -4.543320e-001  1.094026e+001 -2.938548e-001  8.850067e-001  1.776786e-001  1.064276e+000 -7.605276e-001 -1.421507e-001  1.282893e-001  3.800374e-001  4.577273e-001 -8.510612e-001  6.293149e-002 -1.185117e+000 -1.489554e+000
-6.817299e-001 -1.426854e+001 -8.593946e+000 -2.023193e+001  5.159163e-002  2.169526e+000 -1.117916e+001  3.006147e+000 -6.420190e+000 -2.154344e+000 -2.177704e+001  5.330915e-001  6.816296e+001  3.431108e+000 -2.801800e+000 -8.576493e-001 -2.037103e+000 -2.750341e+000 -9.478875e-001 -3.409872e+000  1.691128e+000 -9.893907e-001 -2.230068e+000 -5.803974e+000 -1.681169e+000  7.502815e+000 -1.023516e+000  1.518220e+000  4.171612e-001  1.850338e+000 -1.931377e-002  2.412673e-001  4.375683e-002  7.701037e-002  8.043482e-001 -1.129405e-001  1.364944e+000 -8.131617e-001 -3.054229e+000
 2.346390e+000 -1.628252e+001 -7.717446e+000 -1.896788e+001 -2.808853e+000  5.461580e-001 -1.114924e+001  8.391582e+000 -5.535283e+000 -5.524380e+000 -2.481857e+001 -5.935179e+000  6.842957e+001  1.215084e+000 -3.947181e-001 -8.607491e-001  1.626827e-001 -1.499886e+000  1.005371e+000 -1.847751e+000  1.757008e+000  3.123610e-002 -2.734407e+000 -3.535831e+000 -3.289869e+000  1.238146e+000 -1.251754e+000  1.357241e+000  3.238593e-001  1.297236e+000  6.241903e-001  3.068631e-001  2.123013e-001 -4.949988e-001  6.124202e-001  4.854278e-001  1.783031e+000 -7.881011e-002 -2.837329e+000
 1.789412e+000 -1.611974e+001 -1.049497e+001 -1.520343e+001 -5.361689e+000  2.784921e+000 -1.766280e+001  6.489336e+000 -3.621936e+000 -7.330346e+000 -2.640413e+001 -8.483997e+000  6.922115e+001  2.072714e-001 -2.506514e-002 -3.580952e-001  3.665010e-001 -8.490555e-001  5.106527e-001 -3.280875e+000  4.340299e-001  1.186901e-001 -4.253787e-001 -1.371446e+000 -1.690969e+000  4.357719e-001 -8.477219e-001  7.034716e-001  2.700950e-001  3.489103e-002  8.010399e-001  2.701055e-002  2.674564e-001 -7.757517e-001  1.985296e-001  9.231209e-001  1.534008e+000  4.048764e-001 -1.592250e+000
 1.599750e+000 -1.461544e+001 -8.973519e+000 -1.695341e+001 -3.754830e+000  3.413459e+000 -1.951411e+001  8.361890e+000 -5.360369e+000 -5.461161e+000 -2.654745e+001 -6.248209e+000  6.921614e+001 -3.156906e-001  2.768787e-001 -2.025462e-001 -9.179056e-001  8.519824e-002  9.772765e-003 -2.736395e+000 -1.094993e+000  6.851399e-002  1.301033e-001 -4.755734e-001 -8.434827e-001  2.871330e-001 -3.034763e-001  1.373101e-001  1.201317e-001 -4.725243e-001  3.414075e-001 -4.932260e-001  1.768201e-001 -7.930564e-001 -1.340558e-001  7.637760e-001  9.320458e-001  3.191783e-001 -3.151036e-001
 7.279469e-001 -1.522741e+001 -9.756385e+000 -1.940666e+001 -3.720697e+000  3.289139e+000 -2.340110e+001  5.191143e+000 -5.914196e+000 -4.312847e+000 -2.776982e+001 -7.765238e+000  6.994853e+001 -4.211430e-002  3.797594e-001  1.637242e-001 -1.322354e+000  4.623160e-001 -3.150358e-001 -1.628268e+000 -7.616305e-001 -1.538172e-002  9.532805e-001  3.359365e-001 -8.799800e-001  1.707230e-002  1.421275e-002  8.056441e-002  6.691751e-002 -2.559123e-001  1.249794e-001 -2.651192e-001  5.779561e-001 -1.402513e-001 -1.698491e-001  4.182183e-001  6.629502e-001 -6.955703e-002 -1.705260e-001
 1.298670e+000 -1.534429e+001 -9.099470e+000 -2.145579e+001 -3.203357e+000  3.429126e-001 -2.196206e+001  3.565713e+000 -4.046583e+000 -6.382613e+000 -2.651359e+001 -1.051197e+001  6.950155e+001 -1.776047e-001  8.942032e-002 -5.210001e-001 -1.355511e+000 -4.485348e-001 -1.047915e+000 -1.789954e+000 -1.610444e+000 -5.720069e-001  3.951433e-001  2.707066e-001 -2.099472e+000 -1.280220e-001  1.567629e-001  4.819153e-002  1.231765e-001  1.341648e-001 -6.247058e-002  9.517296e-002  4.169247e-001  4.635985e-001 -1.490478e-001  4.706803e-001  6.554379e-001 -7.545798e-002 -1.085363e-001
 1.729381e+000 -1.385652e+001 -9.613374e+000 -1.956400e+001 -3.325845e+000  2.745015e+000 -2.458016e+001  5.079272e+000 -4.355737e+000 -2.103217e+000 -2.474138e+001 -1.075202e+001  6.916381e+001  2.092922e-001  4.714861e-001  1.357193e-001 -6.942577e-001  4.270804e-002 -2.860996e-001 -8.643149e-001 -9.501001e-003 -4.102949e-001  1.533193e+000  1.570165e+000 -1.410759e+000 -2.092804e-001  1.546757e-001  9.151986e-002  1.706749e-001  2.104371e-001 -4.568607e-002  2.263182e-001  3.079317e-001  5.994444e-001  5.062924e-002  3.562099e-001  6.201774e-001  1.701652e-001 -4.207481e-002
 2.110098e-001 -1.485378e+001 -1.165003e+001 -2.365230e+001 -6.194930e+000 -1.554053e+000 -2.787435e+001  3.656030e-001 -8.999633e+000 -4.590259e+000 -2.670814e+001 -1.525218e+001  6.896839e+001  3.424205e-001  4.719729e-001  4.273388e-001 -5.611294e-001 -1.735070e-002  4.711694e-001 -1.033748e+000  8.469345e-001 -4.792686e-001  2.193548e+000  2.184502e+000 -9.553829e-001 -1.423721e-001  2.214052e-001  2.513688e-001  2.801011e-001  2.601728e-001  6.565346e-002  3.309102e-001  3.846565e-001  6.401233e-001  4.176552e-001  2.745269e-001  6.358498e-001  5.053921e-001 -5.462204e-002
 2.318238e+000 -1.311523e+001 -7.802511e+000 -2.177970e+001 -2.011371e+000  2.807124e+000 -2.476653e+001  6.743693e+000 -5.489146e+000  2.456942e+000 -1.982172e+001 -1.244893e+001  6.916871e+001  4.712516e-001  6.460824e-001  5.429291e-001 -6.673590e-001  1.829355e-002  5.701311e-002 -4.667118e-001  1.006902e+000  1.913953e-001  1.835128e+000  2.479926e+000 -6.011986e-001 -1.861267e-001  1.029209e-001  2.736593e-001  6.150945e-002  3.043827e-002 -2.132927e-001 -5.697520e-002  2.427308e-001 -8.057993e-003  2.831016e-001 -3.633226e-001  1.628512e-001  4.051107e-001 -1.204840e-001
 2.716343e+000 -1.335507e+001 -7.868207e+000 -2.315359e+001 -3.947348e+000  2.667705e+000 -2.703762e+001  6.968175e+000 -5.876221e+000  2.305050e+000 -1.805090e+001 -1.444043e+001  6.878724e+001  7.984415e-001  1.258966e+000  6.759004e-001 -6.809692e-002 -1.080603e-001  4.350798e-001 -6.547280e-002  1.081971e+000  1.215424e+000  1.616811e+000  2.995075e+000  2.270803e-002 -4.127091e-001  1.287396e-002  3.893750e-001  8.274657e-003 -1.561403e-002 -2.246825e-001 -2.084439e-001  4.543551e-001 -3.039103e-001 -4.031622e-002 -7.376866e-001  1.051395e-002  5.508114e-001 -1.631075e-001
 2.832972e+000 -1.137546e+001 -8.789638e+000 -2.315015e+001 -4.358169e+000  9.192016e-001 -2.733208e+001  6.812498e+000 -4.960466e+000  3.624766e+000 -1.667037e+001 -1.416388e+001  6.832375e+001  4.958863e-001  1.446286e+000  3.189858e-001 -7.885826e-001 -9.784005e-001 -5.529308e-001 -1.347986e-001 -1.673090e-001  1.578670e-001  4.948950e-003  1.979135e+000  1.257489e-001 -6.765320e-001 -8.495114e-002  2.938706e-001 -1.984809e-002 -1.303715e-001 -1.288603e-001 -1.464398e-001  4.126768e-001 -4.176869e-001 -7.042847e-001 -8.885497e-001 -1.104685e-001  6.849045e-001 -1.470333e-001
 3.945850e+000 -9.428836e+000 -7.776960e+000 -2.330756e+001 -5.561832e+000  1.565307e+000 -2.691894e+001  5.741054e+000 -3.186852e+000  2.909882e+000 -1.330844e+001 -1.428116e+001  6.732732e+001  3.944729e-001  2.018746e+000  5.806838e-001 -5.785877e-001 -6.424163e-001 -2.660780e-001  1.072070e+000 -8.551168e-002 -6.640855e-001 -5.797951e-001  2.487468e+000  1.435200e+000 -7.127067e-001 -1.309078e-001  4.612154e-002 -2.100011e-002 -2.938074e-001  7.602376e-002 -1.132394e-001  2.860892e-001 -3.916663e-001 -1.130640e+000 -8.623983e-001 -2.248739e-001  7.046084e-001 -9.591468e-002
 4.182916e+000 -7.846919e+000 -6.253206e+000 -2.564563e+001 -6.096131e+000  5.936691e-001 -2.549987e+001  6.520709e+000 -6.044495e+000  2.179271e+000 -1.229728e+001 -1.189982e+001  6.651601e+001  2.484802e-001  1.735545e+000  4.912969e-001 -1.063971e+000 -3.588300e-001 -3.246070e-001  1.027900e+000 -4.977911e-001 -2.390274e+000 -1.509318e+000  2.181387e+000  2.117078e+000 -7.712944e-001  7.681864e-003 -1.643355e-001  9.434700e-003 -2.051181e-001  3.025191e-001  1.945189e-001  1.455921e-002 -2.166125e-001 -9.025219e-001 -4.935332e-001 -1.361419e-001  6.078285e-001 -6.871452e-002
 4.013736e+000 -5.025612e+000 -6.233005e+000 -2.479880e+001 -6.290449e+000  1.500081e+000 -2.259338e+001  6.686511e+000 -8.654634e+000  1.288223e-001 -7.800110e+000 -8.396460e+000  6.612758e+001  2.676057e-001  1.344944e+000  4.847443e-001 -1.399439e+000 -3.772664e-002 -2.452793e-001  7.836237e-001 -7.111197e-001 -3.163708e+000 -1.938047e+000  1.769579e+000  2.550086e+000 -8.449013e-001  6.139109e-002 -3.593159e-001 -8.141942e-002 -3.285426e-001  1.257654e-001  9.835530e-002 -4.235939e-001 -2.998726e-001 -5.065121e-001 -3.170941e-001 -4.060260e-001  1.742317e-001 -7.301518e-002
 4.041430e+000 -4.899348e+000 -7.105131e+000 -2.772439e+001 -5.788011e+000 -6.712201e-001 -2.435536e+001  3.850813e+000 -1.417794e+001 -2.531295e+000 -8.517600e+000 -6.520846e+000  6.506715e+001  5.977292e-001  9.615095e-001  4.141290e-001 -1.403747e+000  2.318505e-001  4.092643e-001  8.222084e-002 -9.375676e-001 -3.104931e+000 -1.783591e+000  1.657369e+000  2.607449e+000 -9.540073e-001  1.405446e-001 -1.816400e-001 -5.890721e-002 -8.867353e-002 -6.983329e-002  1.295324e-001 -3.038321e-001  3.234301e-002  2.619448e-001  9.215331e-003 -2.970785e-001  8.270502e-003 -6.172695e-002
 5.354621e+000 -4.177899e+000 -4.927276e+000 -2.926537e+001 -5.904526e+000  9.713558e-001 -2.357307e+001  3.520403e+000 -1.493867e+001 -4.425073e+000 -6.350386e+000 -4.220221e+000  6.382724e+001  5.268039e-001  6.091848e-001  2.121706e-001 -2.051413e+000 -3.089297e-001 -1.412371e-001 -5.730593e-001 -1.364987e+000 -2.839317e+000 -2.028129e+000  7.193465e-001  2.061174e+000 -9.864262e-001  1.602027e-001  7.491839e-003 -8.676374e-002  1.358280e-001 -1.868277e-001 -4.969644e-002 -5.091282e-002  3.532579e-001  7.509509e-001  1.757043e-001 -1.649075e-001 -9.783232e-002 -5.009565e-002
 6.501119e+000 -3.463228e+000 -4.835425e+000 -3.043108e+001 -5.129840e+000  2.904353e+000 -2.459892e+001  3.415925e+000 -1.842714e+001 -4.461736e+000 -4.735296e+000 -9.506947e-001  6.289614e+001  8.216043e-001  1.195225e+000  3.330477e-001 -1.181352e+000 -5.723950e-001  2.710340e-001  1.870815e-001 -9.142668e-003 -1.242745e+000 -1.418201e+000  1.221111e+000  2.402886e+000 -1.009167e+000  1.526263e-001  1.795935e-001 -8.862723e-002  3.255822e-001 -1.792222e-001 -2.154313e-001  2.349405e-001  6.418911e-001  9.738485e-001  2.704208e-001  6.144973e-002 -1.652800e-001 -7.811044e-002
 5.417911e+000 -2.697748e+000 -6.307004e+000 -3.370251e+001 -8.164183e+000 -9.938911e-001 -2.533689e+001  7.902282e-002 -2.072662e+001 -9.046603e+000 -6.094529e+000 -8.756676e-001  6.228096e+001  9.566817e-001  1.265546e+000  9.146623e-002 -8.314968e-001 -5.697425e-001 -4.246463e-001  4.766293e-001  5.909575e-001 -3.400461e-001 -1.242221e+000  1.163171e+000  2.163205e+000 -1.067800e+000  1.082031e-001  2.613621e-001 -1.599227e-001  6.125487e-001  9.455835e-002 -1.831364e-001  3.575167e-001  5.023770e-001  7.803674e-001  5.534587e-001  4.996141e-001 -1.932593e-001 -1.147330e-001
 8.117806e+000  3.367003e-001 -4.750028e+000 -3.141258e+001 -7.520157e+000  1.666574e+000 -2.253804e+001  5.525790e+000 -1.749769e+001 -7.311532e+000 -2.539974e+000  3.821309e+000  6.079446e+001  1.145922e+000  1.531296e+000  3.134508e-002 -3.857941e-001 -5.338540e-001 -5.261878e-001  7.320791e-001  1.293916e+000  5.146757e-001 -8.244406e-001  1.742705e+000  1.730033e+000 -1.303873e+000 -1.710630e-001  1.303753e-001 -2.879034e-001  1.964823e-001  9.948484e-002 -4.851269e-001 -1.307453e-001 -2.984013e-001  2.427838e-001  4.766938e-001  3.364753e-001 -6.330803e-001 -1.368486e-001
 9.329686e+000  2.498658e-001 -4.512643e+000 -3.293211e+001 -7.558080e+000 -5.329859e-001 -2.222036e+001  5.420258e+000 -1.710362e+001 -9.211280e+000 -1.632192e+000  4.209804e+000  5.953908e+001  9.056606e-001  1.747959e+000 -4.365917e-001  6.135517e-001  1.445915e-001 -6.583080e-001  9.420255e-001  4.953692e-001  1.838097e-001  4.422844e-001  2.956620e+000  1.431304e+000 -1.412738e+000 -3.706057e-001  5.308283e-002 -5.259690e-002 -2.027895e-001  1.176199e-001 -4.349654e-001 -2.814966e-001 -6.200245e-001  5.275903e-002  4.855760e-001  4.448861e-002 -8.246089e-001 -2.777495e-002
 1.027484e+001  2.719447e+000 -5.575880e+000 -3.274525e+001 -8.102161e+000  4.296171e-002 -2.249679e+001  7.214886e+000 -1.766526e+001 -8.501600e+000  1.747063e+000  5.156734e+000  5.774771e+001 -8.200169e-003  1.605894e+000 -8.424402e-001 -9.214651e-001 -4.321378e-001 -2.037770e+000 -6.993431e-001 -1.453355e+000 -2.907539e-001  1.230155e-001  2.006763e+000 -3.965643e-001 -1.520940e+000 -5.410990e-001 -1.952051e-001  2.870091e-001 -5.002011e-001  2.680748e-001 -1.210133e-001  1.590338e-001 -3.449260e-001  1.349138e-001  5.538879e-002 -5.247198e-001 -7.219268e-001  5.465317e-003
 8.867697e+000  4.850676e+000 -8.077037e+000 -2.996842e+001 -7.150223e+000 -3.473625e+000 -2.064739e+001  1.711321e+000 -1.972379e+001 -6.240147e+000  6.545053e+000  5.613139e+000  5.674064e+001 -3.192858e-001  1.493661e+000  2.653744e-001 -1.577609e+000 -3.250093e-002 -1.843683e+000 -2.151426e-001 -1.135530e+000  3.264639e-001  7.119306e-001  1.253585e+000 -8.965403e-001 -1.098141e+000 -6.975703e-001 -4.344204e-001  1.625907e-001  7.739887e-002 -2.343762e-001  2.917943e-001  1.151598e+000  1.307192e-001  5.755986e-001 -3.186311e-001 -6.963293e-001 -1.075077e-002 -5.110702e-001
 8.307800e+000  6.065767e+000 -7.180032e+000 -3.750175e+001 -9.884774e+000 -7.051955e+000 -2.682124e+001  1.134825e-001 -1.764137e+001 -8.182021e+000  3.405217e+000  1.136820e+000  5.458898e+001 -9.470995e-001  6.824200e-001  1.115407e+000 -1.791219e+000  8.950662e-001 -5.385671e-001  2.105832e+000  3.847352e-001  1.117918e+000 -6.823198e-001 -2.937620e-002 -7.156790e-001 -1.433845e+000 -9.314511e-001 -5.632434e-001 -2.789102e-001  1.680649e+000 -5.059745e-001  4.496090e-001  1.834564e+000 -3.420899e-002  6.672919e-001  1.824881e-001 -6.407782e-002  1.132671e+000 -1.116759e+000
 8.716778e+000  6.045011e+000 -2.383695e+000 -3.844190e+001 -6.829278e+000 -6.203940e+000 -2.113385e+001  3.293311e+000 -1.548324e+001 -5.811416e+000  3.806657e+000  1.737060e+000  5.562774e+001 -2.112741e+000  3.759461e-002 -6.025618e-001  1.435423e+000 -1.690891e+000  5.106205e-002  5.297428e+000  2.299200e-001  2.357467e+000 -7.482034e-001  4.930429e-001  1.537107e+000 -4.011637e+000 -1.207769e+000 -5.317429e-001 -6.163179e-001  2.701463e+000 -7.199546e-001 -3.927808e-002  1.005656e+000 -8.180894e-001  5.188177e-001  7.516819e-001  5.050504e-001  1.590302e+000 -1.433028e+000
 5.614803e+000  5.534380e+000 -2.845514e+000 -3.746461e+001 -3.787303e+000 -1.284716e+000 -1.172440e+001  8.347567e+000 -1.419594e+001 -1.212756e+001  2.969379e+000  3.516379e+000  5.113494e+001 -3.768728e+000 -4.822896e-001 -1.803023e+000  5.975266e+000 -2.132815e+000 -7.370973e-001  5.717192e+000 -2.307125e+000  2.030204e+000  1.765523e+000  2.066645e+000  4.049965e+000 -5.647987e+000 -9.379411e-001 -2.162072e-001 -9.856550e-002  2.592224e+000 -1.538135e-001 -6.241606e-001 -6.344168e-001 -9.285505e-001  5.255290e-001  1.413987e+000  5.533945e-001  1.001415e+000 -7.985101e-001
-3.495124e-001  5.304343e+000 -1.325710e+001 -2.280987e+001 -1.865342e+001 -6.101934e+000 -1.708676e+000 -1.256121e+000 -9.659174e+000 -8.008392e+000  9.228186e+000  1.210890e+001  3.840948e+001 -4.947315e+000 -5.826989e-001 -1.357000e+000  8.046463e+000 -2.118333e+000 -1.940808e+000  3.007460e+000 -3.880046e+000  2.464409e+000  3.246419e+000  2.730827e+000  4.672149e+000 -6.156210e+000 -2.031606e-001  1.194014e-001  1.015192e+000  8.954114e-001  1.345688e+000 -3.101006e-001 -1.617676e+000  2.010214e-001  3.658684e-001  1.082335e+000 -1.571846e-001 -5.996064e-001  5.593753e-001
-6.002694e+000  4.024653e+000 -1.075844e+001 -1.544143e+001 -1.463678e+001 -1.078844e+001 -7.947867e+000 -9.147426e+000 -1.040239e+001  1.744081e+000  1.102768e+001  1.620073e+001  3.495818e+001 -4.219518e+000 -8.846919e-002  9.997990e-001  7.864379e+000  3.397194e-001 -2.663435e+000  7.873221e-002 -2.203034e+000  3.692092e+000  4.390304e+000  1.618704e+000  2.723873e+000 -4.354109e+000  6.058809e-001  1.370313e-001  1.085618e+000 -8.740307e-001  1.692583e+000  6.841027e-001 -1.094419e+000  1.502059e+000  3.030898e-001 -1.246852e-001 -7.098551e-001 -1.822563e+000  1.357098e+000
-1.021105e+001  3.886380e+000 -5.212232e+000 -9.221176e+000 -1.199620e+001 -1.115611e+001 -7.984813e+000 -7.359425e+000 -5.057974e+000  3.484856e+000  1.343164e+001  1.875563e+001  3.293507e+001 -2.903150e+000  4.376913e-001  3.071990e+000  4.967923e+000  3.801280e+000 -5.362720e-001  2.827919e-002  1.182981e+000  3.355865e+000  3.351080e+000 -6.891003e-002 -7.978786e-001 -1.861700e+000  1.054979e+000 -4.221135e-002  4.123392e-001 -1.603372e+000  1.462343e+000  1.546137e+000 -2.439895e-002  1.824087e+000 -7.951377e-002 -9.672036e-001 -8.569829e-001 -2.126762e+000  1.461594e+000
-1.055202e+001  5.801015e+000 -1.868956e+000 -4.937058e+000 -5.417312e+000 -1.207480e+001 -8.192670e+000  3.840486e-001  1.963917e+000  4.077329e+000  8.961172e+000  1.381238e+001  3.210160e+001 -1.761406e+000 -3.073282e-001  1.410575e+000  3.144382e+000  3.370292e+000  1.981148e+000  1.734686e+000  2.671654e+000  3.099925e+000  1.089766e+000 -8.276205e-002 -2.327836e+000 -1.009750e+000  8.955546e-001 -2.575517e-001 -4.671501e-001 -1.550884e+000  3.042091e-001  1.421354e+000  6.593412e-001  9.426475e-001 -6.723658e-001 -1.376628e+000 -7.077498e-001 -1.491425e+000  9.411665e-001
-1.259060e+001  6.604618e+000 -2.341900e+000 -3.222445e+000 -4.256753e+000 -8.140116e+000 -1.444879e+000 -1.069518e-001  9.369963e-001  7.580385e+000  9.916888e+000  9.313678e+000  3.052927e+001 -9.014759e-001 -6.843261e-001  4.993078e-001  2.389600e+000  3.678096e+000  3.467584e+000  2.057488e+000  2.803043e+000  2.362924e+000  6.066976e-002 -7.033548e-001 -3.435805e+000 -5.204210e-001  5.934882e-001 -1.975897e-001 -5.995014e-001 -1.081321e+000 -7.932953e-001  4.076774e-001  3.199824e-001 -1.985215e-001 -7.345099e-001 -1.091734e+000 -5.648967e-001 -5.852286e-001  4.254934e-001
-1.361995e+001  1.128893e+000 -5.140732e+000 -2.718890e+000 -1.655046e+000 -2.390702e+000 -2.544402e+000  5.846077e-001  2.099752e+000  5.145147e+000  1.237124e+001  9.282527e+000  3.111233e+001 -7.425821e-001 -8.152190e-001 -4.961053e-002  1.399119e+000  1.922357e+000  2.441406e+000  2.360834e+000  1.700173e+000  8.267334e-001 -8.476329e-001 -1.602823e+000 -3.414288e+000 -3.189155e-001  3.332338e-001  1.196695e-001 -2.378093e-001 -1.003675e+000 -1.117705e+000 -6.746305e-001 -2.103093e-001 -9.347667e-001 -8.249937e-001 -3.837426e-001 -5.290869e-001 -8.503618e-002  2.078099e-001
-1.318446e+001  2.800810e+000 -1.079804e+000  1.617739e+000  4.513142e+000  1.339757e+000 -5.215065e-001  6.555509e+000  6.688726e+000  3.254296e+000  8.209832e+000  3.841529e+000  3.082760e+001 -4.451209e-001 -2.963117e-001  8.045752e-001  4.339504e-001  5.587710e-001  1.271986e+000  1.315118e+000  6.761146e-001  8.199107e-001 -1.138889e+000 -2.133363e+000 -3.180796e+000 -7.964993e-002  9.988367e-002  7.703497e-002 -2.108334e-001 -8.652897e-001 -1.278725e+000 -1.179768e+000 -7.864267e-001 -1.320843e+000 -6.751125e-001  1.991013e-001 -2.438651e-001  6.661239e-001  8.058806e-002
-1.396800e+001  3.626824e+000 -2.748056e+000 -3.615576e-001 -1.904749e-001 -4.607708e+000  3.149812e+000  5.553682e+000  3.221720e+000  2.002209e+000  1.800587e+000 -5.229857e-001  3.035785e+001 -3.234147e-001  9.701216e-002  6.889504e-002 -8.961705e-001 -6.585724e-001 -2.942048e-001  1.054325e+000 -9.387151e-001 -2.535367e-001 -2.291678e-001 -2.013192e+000 -2.880522e+000 -1.910864e-001  1.050430e-001 -7.143623e-003 -9.673253e-002 -2.680276e-001 -5.520113e-001 -5.891991e-001 -1.044430e+000 -8.371296e-001 -1.807155e-001  5.704776e-001  1.919661e-001  1.322302e+000  8.064840e-002
-1.464218e+001  3.874094e+000  4.846382e-001 -2.231359e+000 -2.195184e+000 -6.716835e-001  2.283603e+000  7.890841e-001  4.475566e+000  3.457410e+000  4.535401e+000 -1.687545e+000  3.050826e+001 -6.116413e-001 -7.552669e-001 -6.141120e-001 -7.892043e-001 -1.425064e+000 -1.063448e+000 -1.221391e+000 -2.481726e+000 -4.725038e-001  7.469435e-001 -1.717495e+000 -3.720690e-001 -1.813953e-001  1.168478e-001 -1.162903e-001 -8.552033e-002  2.392000e-001  7.451604e-002 -9.035938e-002 -8.133353e-001 -5.103936e-002 -1.806301e-001  3.657675e-001  3.189990e-001  1.236927e+000  8.840515e-002
-1.450817e+001  1.077312e+000 -5.578478e+000 -5.275193e+000 -1.593745e+000 -2.856006e+000  1.324668e+000 -1.225755e+000  1.938649e+000  3.897751e+000  4.142498e+000 -2.355544e+000  3.031657e+001 -1.341069e-001 -6.214595e-001  1.760704e-001  6.705580e-001  1.542178e-001  6.631278e-001 -1.593062e+000 -9.065552e-001  5.693631e-001  1.061839e+000 -8.509260e-001  1.792858e+000  1.351992e-001  1.404120e-001  6.929161e-002  3.503716e-001  6.315385e-001  3.496154e-001  2.962845e-001 -3.624666e-001  6.901246e-001  7.462416e-002 -8.953910e-002  3.991675e-001  6.272446e-001  9.688814e-002
-1.597258e+001  2.992319e-001 -2.735153e+000  1.285355e-001 -1.910543e+000 -4.853335e+000 -5.715891e+000 -2.463403e+000  4.967742e+000  6.041243e+000 -1.548601e+000  2.897463e+000  2.994127e+001  4.446440e-002 -5.185274e-001  3.233859e-001  8.465863e-001  5.249560e-001  3.415225e-001 -1.427865e+000  4.048378e-001 -4.946895e-001  4.444561e-002 -1.119502e+000  6.671482e-001  1.992331e-001  1.677435e-001  2.732136e-001  3.093645e-001  1.664452e-001  2.262854e-001  3.472284e-001  4.828450e-001  8.271695e-001 -1.133289e-001 -4.323646e-001  5.371734e-001 -4.720255e-001  1.564140e-002
-1.397333e+001  2.306957e+000 -2.578084e-001  1.811285e+000  4.382934e-001  7.987568e-001 -8.157521e-001  2.647149e+000  5.822447e+000  6.019487e+000  5.879579e-001  6.148800e+000  3.131734e+001  5.059242e-002  3.251004e-001  1.352004e+000  1.443627e+000  1.144946e-001  4.847323e-001 -6.547709e-001  1.068626e+000  1.306770e-001 -3.256143e-001 -3.163517e-001 -2.639073e-001  1.030401e-001  1.885841e-002 -7.297778e-002 -2.258792e-001 -5.778797e-001  1.314573e-001  3.466766e-001  6.359641e-001  3.614849e-001 -2.719894e-001 -6.391230e-001 -1.511065e-001 -9.398381e-001  2.489552e-002
-1.468728e+001  6.666347e-001 -5.587674e-001 -1.541667e+000 -5.864238e-001 -7.914522e-001 -3.785513e+000  8.768209e-001  6.021985e-002  2.618770e+000  7.151635e-001 -2.603975e+000  3.100404e+001  1.347264e-001  1.375213e-001  3.447436e-001 -3.435128e-001 -2.737752e-001  7.618915e-001  7.236880e-001  6.665308e-001 -8.198054e-001 -7.211527e-001  7.010846e-001 -1.703814e+000 -8.710881e-002  3.712748e-002 -2.381210e-001 -5.347541e-001 -6.875617e-001  1.127760e-001  4.418400e-001  8.924423e-001  4.198717e-002 -9.579378e-002 -3.747890e-001 -5.348635e-001 -2.133278e-001  7.032442e-002
-1.489786e+001  2.519113e+000  9.334953e-002  2.778043e+000 -1.683332e+000 -2.463285e+000 -2.914375e+000  2.447262e+000  5.045795e+000  3.980916e+000  1.428857e+000 -9.243606e-001  3.030038e+001 -8.494587e-002 -1.314373e+000 -9.640044e-001 -1.623791e+000  1.210870e+000  2.186327e+000  5.109816e-001  7.700230e-001 -6.280258e-001 -1.750977e+000 -2.516752e+000 -1.720851e+000  4.028477e-001  7.404819e-002 -2.506144e-001 -6.165507e-001 -5.452129e-001  1.781129e-002  1.189759e-001  6.581514e-001 -9.549980e-002 -4.161155e-002 -2.635070e-001 -4.121254e-001  4.816016e-001  8.329356e-002
-1.483669e+001  8.807607e-001 -1.187014e+000 -2.072407e+000 -2.218606e+000  5.871437e-001 -1.048139e+000  9.691952e-001  1.257041e+000  3.454765e+000  1.536372e+000 -2.085026e+000  3.001421e+001  2.978709e-001 -8.893957e-001 -1.192380e+000 -1.057513e+000  5.406485e-001  1.699926e+000  2.451470e+000  7.640752e-001 -5.943070e-001 -1.116818e+000 -2.693619e+000  3.289815e-001  4.009514e-001  4.268296e-001 -1.832017e-001 -8.988274e-002 -2.567251e-001 -1.017453e-001 -4.745843e-001 -5.416391e-001 -6.791189e-002 -1.216945e-001  2.248993e-002 -3.704841e-001  8.732392e-001  8.181257e-001
