28 39
-5.673500e+000  1.619674e+000 -9.266513e+000 -1.668438e+001  3.019730e+000  1.322093e+001 -6.853736e+000  4.305028e+000 -1.128806e+001 -9.909037e+000  4.491442e+000 -5.533346e+000  3.909284e+001 -5.493532e-001 -1.793042e+000  9.180126e-001 -6.325321e-001 -1.241506e-001 -1.291407e+000 -2.563013e+000 -7.204970e-001 -5.165466e-001 -1.866008e+000 -2.217699e+000 -2.131962e-001  6.890949e-001  1.542403e+000 -9.322742e-001 -7.553926e-001 -9.209213e-001 -2.753400e-001 -4.476243e-001 -1.871847e+000 -1.472229e-001  3.807275e-001 -3.925698e-001 -4.450691e-002 -9.562740e-001  2.220810e+000
 1.517063e+000  1.885466e+000 -1.036338e+001 -2.287838e+001 -1.258597e+000  2.919410e+000 -1.835646e+001 -3.904562e+000 -1.194419e+001 -1.247102e+001 -1.125672e+000 -7.413191e+000  4.272327e+001  1.914699e+000 -1.930247e+000 -3.985408e-001 -1.168131e+000  8.341597e-001 -1.137548e+000 -4.335859e+000 -7.452804e-001  1.011596e+000 -1.410054e+000 -1.106978e+000 -1.093234e+000  2.527104e+000  8.766742e-001 -5.105790e-001 -6.184502e-001 -3.139423e-001  1.194473e-001  6.011395e-001 -2.540362e-001  4.805554e-001  4.418398e-001  5.065432e-001  8.698230e-001 -5.801518e-001  1.735125e+000
 5.503016e+000 -5.942137e+000 -1.379111e+001 -2.538141e+001  2.014667e+000  9.312566e+000 -2.220452e+001  1.752403e+000 -1.103072e+001 -9.635910e+000  1.763643e+000 -1.280190e+001  5.216991e+001  1.974746e+000 -2.002950e+000 -1.035204e+000 -1.359726e+000  2.345893e-001  1.736739e-002 -2.627060e+000 -2.721429e-001  8.500813e-001  5.913650e-001  4.679164e-001 -1.960764e+000  4.273232e+000 -1.111786e-001  2.697401e-001 -2.181882e-001  3.869492e-002 -7.235242e-002  3.792661e-001  8.601227e-001  2.165673e-001  2.350010e-001  4.299963e-001  5.672865e-001  2.135204e-002  4.008395e-001
 3.325644e+000 -1.556916e+000 -1.325614e+001 -2.202575e+001  4.751893e+000  1.090610e+001 -1.805485e+001  4.487432e-001 -7.472721e+000 -8.080803e+000  4.638901e+000 -1.316801e+001  4.775398e+001  5.132100e-001 -1.678573e+000 -4.273662e-001 -3.491020e-001  8.053685e-001  1.429186e+000 -1.169754e-001  9.192796e-001  1.139314e+000  6.079808e-001  1.476740e+000 -6.929150e-001  3.641109e+000 -6.766084e-001  3.123691e-001  1.166563e-001 -1.135413e-001 -4.338344e-001 -1.508897e-001  7.590193e-001 -8.688356e-002 -2.776998e-001 -2.084875e-001 -3.382187e-001  8.752213e-002 -3.484723e-001
 3.295938e+000 -6.673883e+000 -1.299615e+001 -2.390932e+001  1.187431e+000  9.314425e+000 -2.013984e+001  7.676611e-001 -9.273383e+000 -9.147323e+000  3.948738e+000 -1.245976e+001  5.794365e+001 -4.045016e-001 -5.701783e-001 -1.585155e-001 -8.485718e-001 -4.715170e-001 -6.784431e-001 -3.718410e-001 -4.699405e-001  5.945992e-001 -7.250436e-001 -6.731262e-001 -3.065957e-001  2.136290e+000 -5.154980e-001  4.169996e-001  2.218938e-001 -1.428084e-001 -2.026834e-001 -4.235414e-001  1.518225e-001 -4.022925e-001 -3.948664e-001 -6.289417e-001 -8.049798e-001 -3.444459e-002 -1.054796e+000
 5.186652e+000 -6.141525e+000 -1.289769e+001 -2.535994e+001  3.181863e+000  1.006441e+001 -1.997368e+001  1.184207e+000 -7.126285e+000 -9.675414e+000  5.165483e+000 -1.104884e+001  5.804195e+001 -2.787195e-001 -1.084787e+000 -2.536035e-001 -1.991414e+000 -9.819592e-001 -1.544091e+000 -1.668372e+000 -1.080799e+000 -2.491619e-001 -1.794287e+000 -2.227551e+000 -1.482708e+000  1.853214e+000 -1.361635e-001  2.756848e-001  8.557028e-002 -7.634313e-002 -1.162340e-001 -3.122926e-001 -2.624542e-001 -5.402836e-001 -7.747834e-001 -4.229308e-001 -5.919232e-001 -3.744571e-001 -9.587165e-001
 2.550004e+000 -6.500725e+000 -1.476291e+001 -2.795718e+001  4.420961e-001  6.341195e+000 -2.310431e+001 -9.650316e-001 -8.230946e+000 -1.246382e+001 -1.865280e+000 -1.539447e+001  5.770738e+001 -2.067799e-001 -2.148444e-001 -1.261625e-002 -1.252612e+000  1.148361e-001 -6.137011e-001 -1.092249e+000 -1.283566e+000 -4.300129e-001 -1.352209e+000 -1.704837e+000 -1.738091e+000 -1.068001e-001  2.132902e-001  9.725532e-002  9.417905e-002  3.964447e-001  2.615485e-001  4.730659e-001  1.874392e-001 -1.541322e-001 -9.193361e-001  1.894862e-001  4.393508e-001 -1.089820e-001 -6.357424e-001
 2.305014e+000 -7.067433e+000 -1.364078e+001 -2.995889e+001  2.147644e-001  4.672256e+000 -2.491448e+001 -4.088907e+000 -9.239749e+000 -1.539399e+001 -3.591844e+000 -1.911419e+001  5.713818e+001 -2.664683e-001 -4.778156e-001 -7.246437e-002 -5.287975e-001 -6.897837e-002 -1.646486e-001 -1.069042e+000 -1.375326e+000 -2.222297e+000 -1.193090e+000 -9.670201e-001 -1.849453e+000 -3.092804e-002  3.508672e-001  2.130239e-001  7.452889e-002  7.511594e-001  3.029915e-001  6.448861e-001  8.573350e-001 -3.026199e-003 -7.489164e-001  5.595065e-001  9.062265e-001  5.620593e-001 -4.384983e-001
 3.702857e+000 -7.285151e+000 -1.268769e+001 -2.787290e+001  3.245162e+000  8.941996e+000 -2.313069e+001 -3.013612e+000 -1.036672e+001 -1.304908e+001 -1.967831e-001 -1.711753e+001  5.786153e+001  6.558239e-001 -3.873876e-001  2.218103e-001  4.023434e-001  3.797353e-001  9.971651e-001  2.656900e-001 -1.093338e+000 -3.015514e+000 -7.821121e-002  8.933627e-001 -6.681328e-001 -1.003513e-001  3.533415e-001  2.132448e-001  6.287412e-003  5.388023e-001 -8.629814e-002  3.228278e-001  9.480442e-001 -2.062283e-002 -3.099925e-001  4.315867e-001  5.423340e-001  9.269016e-001 -1.422969e-001
 3.277884e+000 -8.138390e+000 -1.429762e+001 -2.804606e+001  1.435439e+000  7.940766e+000 -2.530570e+001 -4.668132e+000 -1.716988e+001 -1.534824e+001 -5.038658e-001 -1.943457e+001  5.781023e+001  1.044314e+000  6.660366e-002  1.827717e-003  9.369053e-001  4.005487e-001  8.749059e-001  1.939334e+000 -1.191044e+000 -2.700994e+000  3.662462e-001  1.004482e+000  7.926098e-001 -3.425022e-001  2.580270e-001  4.322576e-001  3.715009e-003  2.880248e-001 -1.433980e-001  1.772683e-001  7.707344e-001  1.691065e-001  5.762078e-001  1.913584e-001  1.913095e-001  1.029457e+000 -1.934506e-001
 5.342689e+000 -7.902184e+000 -1.332544e+001 -2.690188e+001  1.730435e+000  9.692765e+000 -2.158025e+001 -6.142112e+000 -1.934345e+001 -1.287776e+001  1.057545e+000 -1.857494e+001  5.686960e+001  9.045360e-001  5.791698e-001 -1.832523e-002  7.085479e-001 -5.514181e-001  4.806605e-001  2.143785e+000 -1.478821e+000 -1.740627e+000  2.605591e-002  2.108234e-002  1.575386e+000 -6.624973e-001 -5.656810e-002  4.309009e-001 -1.915513e-001 -3.772903e-003 -2.685454e-001 -2.252616e-001 -1.022141e-002  3.182125e-001  9.083631e-001 -2.562692e-001 -2.350002e-001  4.977447e-001 -1.493854e-001
 6.706670e+000 -6.425898e+000 -1.331277e+001 -2.575988e+001  2.974871e+000  8.671401e+000 -1.599303e+001 -8.479877e+000 -1.825635e+001 -1.364842e+001  8.034010e-001 -1.442244e+001  5.592164e+001  8.993104e-001  1.200194e+000  6.617842e-002  7.582243e-001 -3.203918e-001  9.799452e-001  1.845583e+000 -3.370523e-001  2.129879e-002 -2.884316e-001  4.256675e-001  2.176075e+000 -7.171081e-001 -2.119942e-001  2.020286e-001 -1.738992e-001 -1.484818e-001 -2.213572e-001 -3.828119e-001 -7.811942e-001  5.237879e-001  8.047274e-001 -4.013859e-001 -1.864964e-001 -2.021581e-001 -5.045430e-002
 6.511144e+000 -5.245548e+000 -1.327174e+001 -2.547326e+001 -2.816451e-001  1.097998e+001 -1.706810e+001 -8.501844e+000 -1.852662e+001 -1.376871e+001 -7.450048e-001 -1.174667e+001  5.549334e+001  4.454854e-001  1.200322e+000 -7.681214e-001  4.728193e-001 -6.025217e-001 -1.816624e-001  2.614584e-001  7.072840e-002  1.651552e-001 -1.032218e+000  7.768712e-003  1.128858e+000 -6.599754e-001 -1.957388e-001 -2.404748e-002 -5.624232e-002 -1.724816e-001  4.710557e-002 -5.677089e-001 -9.378023e-001  5.553994e-001  5.059922e-001 -2.815894e-001  5.476352e-002 -7.404367e-001 -7.696188e-003
 7.190207e+000 -3.465739e+000 -1.399358e+001 -2.496925e+001  8.395200e-001  1.219688e+001 -1.833386e+001 -5.173528e+000 -1.747181e+001 -1.634492e+001  2.525746e+000 -1.196833e+001  5.491282e+001  2.138684e-001  7.661705e-001 -4.927704e-001  3.123608e-001 -6.806855e-001 -7.079920e-001 -1.025474e+000  6.531203e-001  3.697525e-001 -1.111546e+000  7.865658e-002  5.082893e-003 -5.960346e-001 -1.483674e-001 -1.462121e-001  1.861204e-001 -1.847428e-001  8.916346e-002 -6.845449e-001 -5.893944e-001  2.747090e-001  2.086028e-001  2.326554e-002  3.380250e-002 -8.575337e-001 -3.646256e-002
 7.328347e+000 -3.380654e+000 -1.682564e+001 -2.493309e+001 -2.144977e-001  7.021712e+000 -1.910254e+001 -7.441645e+000 -1.890994e+001 -1.669060e+001  2.352155e-001 -1.415770e+001  5.407413e+001  2.685631e-001  6.759440e-001 -2.006245e-002  6.907196e-002 -1.357433e-001 -1.513916e+000 -1.109699e+000  8.030894e-001  6.151069e-001 -9.703339e-001  4.684054e-001 -1.041302e+000 -7.615150e-001 -5.659132e-002 -5.766135e-002  4.970895e-001 -1.360622e-001  1.581389e-001 -2.667551e-001 -4.934527e-002  1.693400e-001  2.081528e-001  3.681026e-001  1.408916e-001 -4.478340e-001 -5.595715e-002
 7.367411e+000 -3.527493e+000 -1.399967e+001 -2.446816e+001 -4.621302e-001  7.110575e+000 -2.010318e+001 -5.744376e+000 -1.621592e+001 -1.774521e+001  7.065738e-001 -1.319151e+001  5.365107e+001  2.459342e-001  7.313220e-001  6.227509e-001  3.638401e-002 -1.079637e-001 -1.776652e+000 -4.158108e-001  6.703123e-001  8.393372e-001 -2.030460e-001  3.643616e-001 -1.026513e+000 -8.486511e-001 -4.663731e-002  8.390976e-002  3.080885e-001 -3.568337e-002  1.688640e-003  1.041098e-001  2.609572e-001 -2.006157e-002  1.385999e-001  5.286245e-001 -2.398361e-002  1.111060e-003 -3.129920e-002
 7.765358e+000 -1.834951e+000 -1.336901e+001 -2.537844e+001 -3.095368e-001  5.953557e+000 -2.173193e+001 -4.200974e+000 -1.607902e+001 -1.792023e+001  2.506608e+000 -1.634159e+001  5.231664e+001  1.464959e-001  9.294394e-001  1.159565e+000 -6.950340e-002 -9.818809e-002 -9.811075e-001 -2.900997e-001  9.088323e-001  9.711269e-001  3.540443e-001  5.693740e-001 -5.945136e-001 -8.134529e-001 -1.221539e-001  1.954398e-002 -3.770677e-002 -1.783372e-003 -3.337571e-001  3.224092e-001  2.409564e-001 -1.733789e-001 -1.974514e-002  3.265437e-001 -4.220416e-001  2.337225e-001  5.329285e-002
 8.201373e+000 -5.819806e-001 -1.260814e+001 -2.456466e+001  3.472211e-001  3.847699e+000 -1.909822e+001 -3.442302e+000 -1.469058e+001 -1.674533e+001  3.211858e+000 -1.600896e+001  5.154831e+001  4.171548e-002  1.058972e+000  4.578583e-001  2.032316e-001 -6.910200e-001 -4.538470e-001 -1.304874e-001  4.999410e-001  8.847419e-001  8.693870e-001 -9.174575e-002 -2.127559e-001 -7.265617e-001 -1.090689e-001 -7.057063e-002 -3.909937e-001 -1.474798e-001 -4.015259e-001  3.596354e-001  3.107990e-002 -1.866648e-001 -7.774515e-002 -1.683054e-001 -6.270688e-001  1.608416e-001  5.476124e-002
 7.643845e+000 -2.062131e-001 -1.172358e+001 -2.523236e+001 -1.110114e+000  3.747612e+000 -2.105552e+001 -4.048520e+000 -1.481698e+001 -1.542032e+001  1.829443e+000 -1.572155e+001  5.105825e+001 -2.400970e-001  6.098391e-001 -1.261499e-001 -2.326870e-002 -1.513001e+000 -5.632721e-001 -4.757843e-002  2.138069e-002  4.936789e-001  1.261679e-001 -1.413749e+000 -2.795679e-001 -5.560955e-001 -5.239969e-003 -1.871414e-001 -5.250714e-001 -3.098051e-001 -2.238541e-001  2.288556e-001  3.175385e-002 -5.787501e-002 -1.538218e-001 -4.985990e-001 -5.251811e-001  1.810337e-001  2.622890e-002
 7.636744e+000  9.529967e-001 -1.253309e+001 -2.352504e+001 -3.516941e+000  5.944313e+000 -2.109382e+001 -3.320897e+000 -1.242323e+001 -1.464823e+001  5.864277e-001 -1.456531e+001  5.064746e+001 -1.061136e-001  5.382690e-001 -6.893600e-001 -7.241322e-001 -1.408187e+000 -1.873930e-001 -3.816719e-001  1.807143e-001  6.893355e-001 -9.306350e-001 -1.779421e+000 -3.797782e-001 -7.035236e-001  1.608273e-001 -3.343514e-001 -2.968521e-001 -3.133530e-001  2.123135e-001  2.834345e-001  1.677800e-001  1.984989e-001 -6.805106e-002 -3.369863e-001  1.588985e-001  4.121584e-001  1.270923e-001
 6.847188e+000  4.467554e-001 -1.403728e+001 -2.601460e+001 -5.942459e+000  2.088890e+000 -2.097202e+001 -4.154772e+000 -1.474430e+001 -1.833794e+001 -3.249422e+000 -1.846125e+001  4.998659e+001  1.942106e-001  2.540837e-001 -8.921828e-001 -1.154847e+000 -8.588753e-001  2.994354e-002 -5.738258e-003  7.790706e-001  2.997212e-001 -1.238940e+000 -1.212694e+000  3.941662e-001 -6.938275e-001  1.559226e-001 -3.429261e-001  1.391475e-001  9.297000e-002  7.121823e-001  5.872667e-001  3.408869e-001  2.544405e-001  1.785823e-001  3.963575e-001  1.001131e+000  8.699060e-001  2.253640e-001
 8.069134e+000  1.782880e+000 -1.489809e+001 -2.779420e+001 -4.277541e+000  3.740095e+000 -2.104833e+001 -2.485604e+000 -1.128024e+001 -1.993969e+001 -3.145813e+000 -1.653799e+001  4.856652e+001  6.286980e-001 -4.349074e-001 -6.433858e-001 -7.977442e-001  4.348478e-002  6.667179e-001  6.874925e-001  1.113590e+000  6.414655e-001 -1.329906e-001  6.022193e-001  1.511169e+000 -2.223434e-002 -1.155654e-001 -4.260398e-001  4.391182e-001  4.217561e-001  7.712858e-001  6.390171e-001  3.424313e-001  1.837732e-001  2.396126e-001  9.161791e-001  1.271296e+000  7.828730e-001  4.065355e-001
 8.398704e+000  6.492633e-001 -1.500200e+001 -2.887201e+001 -5.024190e+000  4.999439e+000 -2.110696e+001 -5.708137e-001 -1.388987e+001 -1.896929e+001 -2.367908e+000 -1.276437e+001  4.862958e+001  1.721102e-001 -6.182035e-001  5.466005e-001  4.783873e-001  1.322075e+000  1.946006e+000  1.122274e+000  8.271453e-001  1.410526e+000  1.709133e+000  2.401085e+000  3.124488e+000  2.300797e-001 -6.450368e-001 -1.629798e-001  5.351793e-001  8.068596e-001  6.305439e-001  3.587916e-001  5.035743e-001 -9.318291e-002  5.434011e-001  1.193504e+000  1.004246e+000  3.151322e-001 -6.454375e-002
 1.000448e+001 -1.322795e+000 -1.526766e+001 -2.608505e+001 -3.758651e+000  7.822628e+000 -1.758889e+001  4.550754e-001 -9.643123e+000 -1.499751e+001  3.156767e+000 -9.857903e+000  5.121479e+001 -6.728905e-001 -1.155786e+000  7.868393e-001  5.680315e-001  1.357767e+000  2.049661e+000  7.664787e-001  1.075543e+000  1.331996e+000  2.176224e+000  2.770170e+000  2.169425e+000  8.672005e-001 -1.341329e+000  3.211574e-001  5.336992e-001  1.204578e+000  1.924974e-001 -4.999623e-001  5.805874e-001 -3.292235e-001  2.735206e-001  6.920693e-001  1.769305e-001 -8.051638e-002 -1.048932e+000
 6.740067e+000 -1.091424e+000 -1.111949e+001 -2.447723e+001  4.084723e-001  9.777656e+000 -1.709037e+001 -1.489385e+000 -8.510234e+000 -1.226337e+001  5.604713e+000 -6.178858e+000  4.981285e+001 -2.380179e+000 -2.003758e-001  1.068601e+000  2.196563e+000  1.636703e+000  1.132430e+000  2.472640e+000  3.321796e-001  2.671461e+000  3.573971e+000  2.724558e+000  1.640699e+000 -1.461264e+000 -1.495876e+000  6.436743e-001  4.842245e-001  1.617556e+000 -2.781296e-001 -1.226225e+000  9.006712e-001 -3.974101e-001  1.957471e-002  2.520543e-001 -5.717472e-001 -4.164023e-001 -1.656795e+000
 5.533999e+000 -3.125707e+000 -1.290515e+001 -2.715144e+001 -2.050371e-001  1.159929e+001 -1.922423e+001  3.351398e+000 -7.310081e+000 -1.241153e+001  6.718726e+000 -8.983624e+000  5.231089e+001 -4.801800e+000  9.619658e-001  1.764110e+000  4.366056e+000  8.486574e-001 -1.426305e+000  2.915247e+000 -2.850444e-001  1.378600e+000  2.394937e+000  1.325135e+000  1.850482e+000 -4.421222e+000 -1.144421e+000  5.807426e-001  4.831437e-001  1.592364e+000 -3.991074e-001 -1.170267e+000  9.245609e-001 -4.795714e-001 -1.746480e-001 -8.217223e-002 -1.114164e+000 -2.911424e-001 -1.631851e+000
-1.266953e+000  5.488406e-001 -1.084025e+001 -1.735601e+001  1.382520e+000  8.773255e+000 -7.926090e+000 -3.580767e-001 -1.699086e+000 -2.392422e+000  9.473902e+000 -4.998018e+000  4.077521e+001 -5.242815e+000  1.541292e+000  2.479088e+000  6.667155e+000  1.859819e-001 -2.447133e+000  4.551246e+000 -4.796114e-001  1.485097e+000  2.860048e+000  2.648663e-001  1.201948e+000 -5.409685e+000 -1.561511e-001 -1.155657e-001  2.321517e-001  4.062520e-001 -3.335938e-001 -3.387452e-001  3.095494e-001  2.713927e-002 -3.177946e-001 -3.058237e-001 -1.152647e+000 -2.867858e-001 -2.915344e-001
-1.000101e+001  2.666902e+000 -6.586733e+000 -7.815384e+000 -2.388234e-003  1.193301e+000 -7.594795e+000 -1.535801e+000 -6.155695e+000 -7.958301e+000  7.847850e+000 -1.195914e+000  3.362750e+001 -4.963675e+000  8.770927e-001  2.497314e+000  6.294557e+000  8.759068e-002 -2.011892e+000  4.349980e+000 -9.164184e-001  1.051938e+000  2.122324e+000 -1.570803e+000  9.330887e-001 -5.317843e+000  1.271693e+000 -5.988130e-001 -6.791090e-001 -1.557275e+000 -1.520896e-001  7.734010e-001 -4.498488e-001  2.683112e-001 -1.424433e-001 -2.604144e-001 -6.588053e-001 -4.811704e-001  1.262825e+000
