59 39
-5.738164e+000  4.264325e-001  4.504105e+000 -7.069682e+000  2.739799e+000 -1.360733e+000 -2.671862e+000 -1.025028e+000 -7.954504e+000 -3.827610e+000 -2.476356e+000 -3.893821e+000  6.010184e+001 -7.561347e+000  3.819318e+000 -6.166502e+000 -9.003351e-001  6.196202e+000 -3.461219e+000 -1.462343e+000  4.637007e+000  2.414942e+000 -1.173672e+000 -1.201020e+000  1.076607e+000  1.856099e+000 -8.153102e-001 -7.065032e-001  1.580238e-004 -5.016289e-001 -1.121764e+000  4.703003e-001 -5.712816e-001 -1.742933e-001  9.443008e-001  4.371428e-001  6.011376e-001  6.201187e-001  2.141410e-001
-1.681354e+001  5.324093e+000 -9.265895e-001 -6.067714e+000  9.229212e+000 -1.487125e+000 -1.456118e+000  4.816730e-001 -1.170305e+001 -3.211026e+000 -8.231281e+000 -3.657838e+000  6.146606e+001 -7.216241e+000  2.655965e+000 -5.423813e+000 -1.748512e+000  3.445425e+000 -2.427987e+000 -2.703732e+000  3.829309e+000  4.225096e+000 -3.850997e-001  7.956986e-002  2.149513e+000  1.941300e+000  4.756373e-001 -1.155230e+000  1.298656e+000 -5.483418e-001 -1.940967e+000  9.088474e-001  8.724809e-002 -7.730319e-001  4.233313e-001  4.986476e-001  7.120276e-001  6.026540e-002 -3.029786e-001
-2.096021e+001  2.975820e+000 -6.674176e+000 -1.539108e+001  2.931157e+000 -8.730958e+000 -4.509586e+000  5.824418e+000 -2.872698e+000 -6.771161e-001 -1.448261e+000  1.661524e-001  6.423871e+001 -6.088216e+000  9.231649e-001 -2.445344e+000 -1.465083e+000  3.516474e-001 -8.427665e-001 -7.856548e-001  1.895991e+000  2.607257e+000  1.253835e-001  1.176941e+000  1.023499e+000  6.553242e-001  1.249115e+000 -8.438998e-001  1.975408e+000  7.143489e-002 -1.337383e+000  1.201978e+000  6.905817e-001 -9.930415e-001 -4.636090e-001  2.447893e-001  6.845360e-002 -9.186633e-001 -6.625220e-001
-2.342933e+001  5.000529e+000 -7.524283e+000 -1.368197e+001  2.415264e+000 -8.298332e+000 -5.994246e+000  6.566979e+000  6.176468e-001 -3.376544e-001 -1.363745e+000  1.436725e+000  6.454579e+001 -4.143872e+000  3.294521e-001 -2.572743e-001 -1.901186e+000  4.593699e-001  6.542222e-002  7.087531e-002  1.550414e+000  2.364983e+000 -1.776534e-003  3.770875e-001 -3.535776e-001 -8.568192e-003  1.536144e+000 -6.865897e-001  1.722362e+000  3.855264e-001 -4.302945e-001  7.547188e-001  6.490844e-001 -8.770365e-001 -1.044786e+000  1.169808e-001 -3.110759e-001 -1.060694e+000 -5.585961e-001
-3.287135e+001  5.204039e+000 -4.423769e+000 -1.058797e+001  7.905010e+000 -2.168962e+000 -4.331073e+000  5.412272e+000 -1.078568e+000 -4.637378e+000 -2.541992e-002 -1.323608e+000  6.183860e+001 -2.851955e+000  7.630748e-001  1.127270e+000 -4.668233e-001  1.002317e+000  1.301968e+000  6.032622e-001  8.112470e-001  1.026953e+000 -1.413876e-001 -1.007511e+000 -2.265164e+000 -4.815773e-001  1.776276e+000 -6.527692e-001  9.371955e-001  3.373680e-001 -5.393646e-002  5.658073e-002 -2.053021e-001 -3.703382e-001 -7.821572e-001  2.095828e-001 -2.779384e-001 -5.712032e-001 -1.696309e-001
-3.157733e+001  5.857244e+000 -3.338165e+000 -1.797520e+001  9.039135e+000 -4.441011e+000 -1.190998e+000  8.439816e+000 -7.752034e-001 -1.239778e+000 -7.057264e+000 -4.680846e+000  6.262328e+001 -1.153654e+000 -6.969386e-001  1.401691e+000 -3.200094e-001  9.686182e-001  2.732399e-001 -1.527687e-001 -1.350207e-002 -2.086824e-001  3.331901e-001 -3.835835e-001 -1.509624e+000 -2.832298e-001  1.721068e+000 -7.529419e-001  4.162033e-001  4.502429e-001 -5.108058e-001 -4.375870e-001 -6.716598e-001 -8.018811e-002 -6.421384e-001  1.748490e-001  3.724362e-001 -8.118833e-002 -1.654745e-001
-3.114599e+001  6.362836e+000 -3.130883e+000 -1.557858e+001  4.630805e+000 -4.149776e+000 -3.894898e+000  8.944235e+000  2.958493e+000 -9.329922e-001 -3.639057e+000 -8.100882e+000  6.279208e+001  1.298053e+000 -1.827486e+000  1.411151e+000 -5.688318e-001 -1.726590e-001 -6.637716e-001 -1.700344e+000  8.262575e-001 -1.669627e-002  1.005814e+000  1.675842e-001 -1.254494e+000 -5.549927e-002  2.259503e+000 -7.763751e-001  1.929369e-001  4.142372e-001 -8.778571e-001 -8.188308e-001 -7.064236e-001 -2.603839e-001 -2.678136e-001  2.695794e-001  4.432009e-001 -1.455952e-002 -2.035023e-001
-3.006028e+001  9.364373e-001 -1.162272e+000 -1.278671e+001  8.895457e+000 -5.941726e+000 -6.976176e+000  4.733487e+000 -2.444295e+000 -5.238968e-001 -1.474843e+000 -2.722759e+000  6.265290e+001  2.386463e+000 -2.139977e+000  1.681802e+000  4.010324e-001 -1.507172e+000 -1.139643e+000 -2.135621e+000  1.141968e+000 -3.238844e-001  2.988674e-001  1.651721e+000 -1.264854e+000 -1.048980e+000  2.538003e+000 -4.347400e-001  2.653101e-001  4.096491e-001 -9.574432e-001 -8.590282e-001 -3.353723e-001 -5.306970e-001  2.679809e-001  7.241522e-001 -9.355417e-002 -4.446254e-001 -2.608334e-001
-2.713960e+001 -1.472987e+000  1.544039e+000 -1.602637e+001  7.113554e+000 -4.737463e+000 -9.940202e+000  1.139672e+001 -3.275035e-001  3.375236e-002 -1.978709e+000 -8.575122e+000  6.154629e+001  6.675501e+000 -2.397281e+000  1.951899e+000  1.243842e+000 -2.149074e+000 -2.085744e+000 -1.937430e+000 -1.068408e+000 -2.545139e-001  1.223671e+000  1.908411e-001 -2.460346e+000 -1.116214e+000  1.906526e+000 -2.601364e-001  2.282319e-001  2.813118e-001 -4.284081e-001 -8.024966e-001  4.878884e-001 -9.773616e-001  3.395061e-001  7.799163e-001 -4.615088e-001 -8.191182e-002 -1.106731e-001
-2.164821e+001 -9.247299e-001  2.733383e+000 -1.574614e+001  2.619036e-001 -9.845382e+000 -8.846452e+000  1.292341e+001 -7.516276e-001 -2.288127e-001  3.711656e-001 -1.076800e+001  5.800127e+001  8.847637e+000 -2.585741e+000  2.457867e+000  8.218995e-001 -2.830390e+000 -3.310915e+000 -1.711087e+000 -1.719655e+000  1.250131e+000  3.845023e+000 -8.629827e-001 -3.129825e+000 -1.057039e+000  6.183603e-001 -3.318528e-001  2.311268e-002 -1.888359e-001  1.102986e-002 -2.919030e-001  7.351093e-001 -5.393734e-001  6.146103e-001  3.453877e-001 -3.872414e-001  4.342197e-001  2.517562e-001
-1.974518e+000 -4.692987e+000  4.680786e+000 -7.879657e+000 -1.797787e+000 -1.262667e+001 -1.264691e+001 -4.927647e-001  8.395892e-001  5.037819e+000 -3.607857e+000 -1.638000e+001  5.953682e+001  7.600095e+000 -2.905286e+000  2.164278e+000  6.272937e-001 -1.653090e+000 -3.590618e+000  5.268313e-001 -2.629739e+000  8.938268e-001  3.132318e+000 -8.826081e-001 -7.315679e-001 -6.048347e-001 -1.763989e+000  6.961694e-002 -2.177036e-001 -6.295015e-001  4.392133e-001  3.050495e-001  9.802042e-001  1.140510e+000  5.417002e-001 -6.224579e-001  2.262144e-001  9.773201e-001  1.164018e-001
 1.595361e+000 -1.038227e+001  9.558692e+000 -1.275057e+001 -8.008248e-001 -1.855170e+001 -1.417826e+001  2.079957e+000  3.222812e+000  1.619918e+001 -4.975183e+000 -1.446945e+001  5.837244e+001  5.015967e+000 -3.545239e+000  1.691176e+000 -2.348729e-001 -1.700014e+000 -1.846721e+000  3.077949e-001 -7.742333e-001  2.174997e+000  1.071482e+000  2.522385e-001  4.185505e-002 -4.588814e-002 -2.861112e+000  4.542387e-001 -3.852856e-001 -3.519959e-001  7.263393e-001  7.513953e-001  1.034131e+000  1.576214e+000 -2.196371e-001 -1.693911e+000  5.682705e-001  1.071315e+000  2.070945e-001
-7.609149e-001 -1.127065e+001  8.952774e+000 -1.438769e+001 -6.205323e-001 -1.833740e+001 -4.640143e+000  3.669755e+000  2.154411e+000  7.481347e+000 -3.718575e+000 -1.038224e+001  5.833653e+001 -2.286080e-001 -1.569448e+000  1.246727e+000 -1.375279e+000 -5.181953e-001 -1.292594e+000  1.954150e+000  4.161432e+000  1.991554e+000 -5.018486e-001  7.643027e-001  8.404139e-001 -1.039780e+000 -2.392574e+000  4.580754e-001 -1.282552e-001 -1.260631e-001  4.959182e-001  5.256023e-001  3.258443e-001  1.166360e+000 -6.837809e-001 -1.399252e+000  5.653306e-001  5.605888e-001  4.750556e-001
 2.824825e+000 -1.536209e+001  9.053269e+000 -1.366649e+001 -8.826795e+000 -1.622362e+001 -1.131086e+001  6.970984e+000  9.465944e+000  3.906834e+000  1.687717e+000 -1.355760e+001  5.837198e+001 -1.543572e+000 -9.824665e-001  9.902147e-001  6.320620e-002  2.338588e-001 -7.029505e-001  2.745909e+000  2.765827e+000 -3.969181e-001 -2.807448e+000  1.154914e+000  1.440761e+000  1.959061e-001 -1.324997e+000  5.841432e-001  7.077307e-002  3.543944e-001  7.337066e-003 -6.716783e-002 -9.804267e-002  5.499898e-001 -1.068446e+000 -4.254271e-001  6.179005e-001  5.365080e-001  2.113580e-001
-3.732290e+000 -1.005031e+001  1.116713e+001 -1.429809e+001 -3.757786e-001 -2.025368e+001 -4.309858e+000  1.786888e+001  7.675795e+000  8.674750e+000 -3.117794e+000 -1.263385e+001  5.433815e+001 -1.083005e+000 -1.896295e+000  1.873483e+000 -1.520616e-001 -1.404356e-001 -1.534492e+000  9.369955e-001  1.432031e+000 -1.239120e+000 -1.924479e+000  1.492707e+000  1.371923e+000  1.649546e+000  1.090662e-002  5.048175e-001  7.455643e-002  9.167218e-001 -3.762487e-001 -3.164983e-001 -8.110619e-001 -3.191800e-001 -1.029293e+000  2.940368e-001  8.535313e-001  2.625180e-001 -1.695054e-001
-4.636810e+000 -1.590477e+001  1.340259e+001 -1.247934e+001  2.460921e-001 -2.110831e+001 -6.138545e-001  8.809529e+000 -1.522470e+000  1.565242e+000  4.989982e-001 -6.139836e+000  6.135116e+001 -1.181821e+000 -4.610992e-001  1.731664e+000  9.254903e-001 -1.852209e+000 -2.061611e+000  3.261588e-001  3.340416e+000 -1.551895e+000 -3.443383e-001  2.977539e+000  2.458640e+000 -3.337616e-001  1.148494e-002  1.009286e+000 -3.283407e-001  1.028662e+000  2.751569e-002 -1.317261e-001 -6.527078e-001  3.838093e-001 -9.679283e-001  7.909113e-001  4.696456e-001 -1.882584e-001 -1.315631e+000
-2.445122e+000 -2.048079e+001  1.614553e+001 -1.574157e+001 -5.859154e+000 -2.356751e+001 -5.303668e+000  9.910639e+000  1.453016e+000 -9.702520e-001  4.339319e+000 -7.231503e+000  6.509467e+001 -3.549502e-001  6.939561e-001  1.248785e+000  2.777188e+000 -1.356405e+000 -2.195755e+000 -8.912846e-001  2.278238e+000 -2.577421e+000 -2.632194e-001  4.120647e+000  1.644064e+000 -1.622473e+000 -3.437260e-001  1.510456e+000 -1.049681e+000  1.209995e+000  7.457433e-001  6.908926e-001  1.328387e-001  1.692324e-002 -1.053462e+000  1.114905e-001 -5.725008e-001 -2.917793e-001 -1.944256e+000
-3.727865e+000 -1.245235e+001  1.522239e+001 -8.317301e+000 -1.534615e+001 -2.487476e+001 -9.183162e+000  2.765219e+001  4.817861e+000  7.007644e+000  1.284686e+001 -3.965573e+000  5.132491e+001 -1.850174e+000  2.768840e+000 -3.391399e-001  3.741892e+000  9.794220e-001 -1.030949e+000  3.965099e-001  4.261770e+000 -4.567410e+000  3.164792e-001  2.189173e+000  3.633983e-001 -4.746239e+000 -9.811868e-002  1.333777e+000 -1.261621e+000  5.769946e-001  8.851343e-001  1.636396e+000  5.196357e-001 -1.949200e+000 -2.797589e-001 -8.116081e-001 -1.839306e+000 -4.889859e-001 -1.145195e+000
-5.961514e+000 -8.306740e+000  1.650116e+001 -2.493175e+000  6.383162e-001 -2.934923e+001 -4.481627e+000  1.983874e+001 -8.381477e+000  4.637453e+000  1.131151e+001 -5.500659e+000  5.123891e+001 -2.467458e+000  4.041014e+000 -2.339522e+000  4.489713e+000  2.172465e+000  1.404640e+000  1.566013e+000  1.055970e+000 -4.998673e+000 -1.697435e+000 -9.756137e-001  9.606477e-001 -5.865498e+000  9.999394e-002  8.626776e-001 -1.026877e+000 -3.420130e-001  3.723941e-002  2.397778e+000  1.851175e-001 -3.035207e+000  1.446075e+000 -7.322145e-001 -2.171201e+000 -1.661077e-001 -4.357622e-001
-1.212949e+001 -8.147592e+000  1.152907e+001 -3.940771e-001  1.894467e+000 -2.337220e+001  9.576747e-001  2.515433e+001 -1.944227e+001  3.437860e-001  7.958763e+000 -5.188266e+000  4.454785e+001 -6.161604e-001  4.534255e+000 -2.782286e+000  2.954201e+000  8.090274e-001  4.320172e+000  1.695688e+000 -5.794450e+000 -1.740063e+000 -3.685271e+000 -3.670862e+000  3.554187e-001 -3.938226e+000  3.947291e-001 -4.411979e-002 -2.835411e-001 -1.076361e+000 -4.756086e-001  2.256527e+000 -4.130136e-001 -3.020865e+000  2.894491e+000  3.515179e-002 -1.167270e+000  1.114831e-001  4.856749e-001
-1.058160e+001 -2.428096e+000  6.294578e+000  2.745381e+000 -3.617136e+000 -1.729559e+001 -2.544020e+000  1.643942e+001 -1.141028e+001 -6.125500e+000  1.905296e+000 -1.816917e+000  3.915572e+001 -4.719875e-001  4.124637e+000 -2.664026e+000  1.460969e+000 -1.085011e+000  7.117575e+000 -6.152861e-001 -7.869685e+000  3.239278e+000 -1.923417e+000 -3.805338e+000  8.175153e-001 -4.205291e+000  9.089738e-003 -1.129063e+000  2.461418e-001 -1.413997e+000 -2.102075e-001  1.314605e+000 -4.022370e-001 -4.551281e-001  2.636259e+000  1.382545e+000  5.740156e-001  1.852791e-001  7.890207e-001
-4.498622e+000  7.279596e+000  6.414250e+000  3.834424e+000 -9.173287e+000 -9.300716e+000 -1.673525e+000  3.796009e-001 -2.368052e+000 -6.037232e+000 -8.043454e-001 -4.030350e+000  3.767538e+001 -8.742639e-001  2.506429e+000 -1.594593e+000 -1.255415e-001  2.301172e-001  7.395218e+000 -5.779085e-001 -6.379726e+000  5.786069e+000  6.052290e-001 -2.232318e+000  9.923799e-001 -3.147968e+000  8.252998e-002 -2.374110e+000  2.007022e-001 -1.306833e+000  4.635362e-001 -2.517807e-001 -7.279058e-001  2.244432e+000  5.471016e-001  1.822955e+000  1.459965e+000  1.129967e-002  1.511044e+000
-1.213688e+001  4.602849e+000  5.738436e+000  2.697419e+000  7.471394e-001 -7.970905e-001 -6.242458e+000 -7.122318e+000 -7.221963e-001 -1.789124e+000 -3.333622e+000 -1.992040e+000  3.364869e+001 -2.292958e+000 -5.903909e-001 -1.702659e+000 -1.040402e+000  1.410883e+000  6.440142e+000  6.916264e-001 -9.270319e-001  4.419555e+000  3.070039e+000  1.175192e+000  1.568563e+000 -2.315523e+000  8.205037e-001 -2.334085e+000 -8.372670e-002 -1.055652e+000  6.092415e-001 -1.692220e+000 -7.291294e-001  2.584715e+000 -1.235247e+000  7.642757e-001  1.283166e+000 -6.703747e-001  2.911083e+000
-1.572316e+001  8.690832e-001  3.834177e+000 -9.978036e-001  8.629161e-001  5.354640e+000 -8.264864e-002  5.036568e+000  4.144028e+000  1.201743e+000 -5.833664e-001 -1.388053e-001  3.156153e+001  7.069746e-001 -4.978781e+000 -2.259458e+000 -2.329280e+000  1.878762e+000  3.399985e+000 -2.597297e+000  1.956383e+000  4.053063e-001  2.932777e+000  1.138701e+000  3.639334e-002  2.672108e+000  7.825087e-001 -1.202105e+000 -1.051264e-001 -6.150720e-001  3.250882e-001 -2.164254e+000 -1.000781e+000  1.299931e+000 -1.779763e+000 -4.418354e-001  2.359479e-001 -1.039659e+000  3.436940e+000
-1.643412e+001 -2.174794e+000 -9.286816e-001 -4.051335e-002 -1.580823e+000  7.577440e+000  1.186739e-001  9.475778e+000  7.431449e+000  5.605208e+000  7.670767e+000  4.080123e+000  3.063503e+001  2.839912e+000 -3.803181e+000 -2.750227e+000 -2.715420e+000  1.136875e+000  6.540903e-001 -3.251239e+000  8.858341e-001 -2.465754e-001  7.341872e-001  9.249824e-001 -2.056365e+000  7.440087e+000 -4.063053e-001  5.718042e-001  5.992035e-001 -1.979138e-001  1.258172e-001 -1.874440e+000 -6.036478e-001 -1.284928e-001 -1.062261e+000 -1.068448e+000 -6.545253e-001 -1.158106e+000  2.495724e+000
 1.184869e+000 -1.422549e+001 -1.549481e+000 -6.443007e+000  1.384501e+000  3.511945e+000 -1.784058e+001  1.862467e+000 -4.418344e+000  4.929489e+000 -6.130365e-001 -6.884465e+000  5.254275e+001  4.718445e-001 -1.897699e+000 -1.596442e+000 -2.363393e+000  1.992562e+000 -5.330259e-001 -3.610380e+000 -7.865039e-001 -7.796835e-001 -4.360220e-001 -9.274733e-001 -2.393450e+000  9.158928e+000 -2.593366e+000  1.846438e+000  1.134078e+000  3.795286e-001 -2.637430e-001 -1.118462e+000  6.820311e-001 -1.743872e-002  5.133277e-001 -7.553034e-001 -3.962936e-001 -2.040262e-001 -3.611556e-001
-6.391340e+000 -6.865770e+000 -5.320872e+000 -8.157077e+000  6.170721e+000  3.394708e+000 -1.361969e+001 -1.106097e+000  2.326113e+000  1.793940e-002  1.306125e+000 -8.901034e+000  6.035851e+001 -4.206919e+000  7.280887e-001  9.618497e-001 -2.012914e+000  1.983068e+000 -9.655508e-001 -1.820071e+000 -1.980527e-001 -2.992539e-001 -5.878029e-001 -1.064348e+000 -3.007043e+000  6.919688e+000 -2.796063e+000  1.174098e+000  1.208941e+000  6.367496e-001 -7.366265e-001 -6.030683e-001  8.958996e-001  6.873575e-001  7.087983e-001 -2.685779e-001 -3.472515e-001  4.176899e-001 -2.522350e+000
-1.838533e+001 -6.273922e+000 -1.951936e+000 -8.756485e+000  6.949955e+000  4.780876e+000 -1.126537e+001  6.394986e+000  2.798279e+000  1.815267e+000 -2.038412e+000 -5.615479e+000  6.249442e+001 -8.736442e+000  1.987772e+000  1.554895e+000 -7.828895e-001  1.369495e-001 -1.382506e+000  9.727459e-002  2.411133e+000  2.998284e+000 -1.827443e-001  1.518978e-001 -5.083984e-001  1.126530e+000 -9.046635e-001  2.668304e-001  3.705628e-001  4.215603e-001 -9.988843e-001 -2.621411e-001  6.447299e-001  6.028207e-001  5.785469e-001 -2.345144e-001 -4.663491e-002  4.621524e-001 -2.939673e+000
-2.768361e+001 -2.510133e+000  4.081794e+000 -8.948344e+000  5.551793e+000  2.115221e+000 -1.226929e+001  6.219254e+000  2.326869e+000  4.223304e+000  3.061717e+000 -1.158959e+001  6.025763e+001 -6.536259e+000  1.245735e-001  1.718809e+000 -3.219228e-001 -1.618451e+000 -1.936511e+000 -6.255684e-001  2.723804e+000  1.408432e+000 -7.353413e-001 -1.350960e+000 -9.104414e-001 -1.155463e+000  1.383601e+000 -4.493546e-001 -5.654772e-001  1.229656e-001 -4.954096e-001  1.643741e-001  3.301627e-001 -1.869131e-001  2.326990e-002 -3.056956e-001 -9.082468e-002  7.491463e-001 -1.809031e+000
-3.185120e+001 -6.464448e+000  1.523662e+000 -9.961822e+000  2.378713e+000 -2.760838e+000 -1.802941e+001  1.025545e+001  1.057270e+001  1.913085e+000 -7.313435e-001 -8.082181e+000  5.822584e+001 -2.886803e+000 -2.617889e-001 -1.221073e-001 -1.101087e+000 -1.201100e+000 -1.358251e+000 -9.839823e-001  7.666714e-001  1.259208e+000 -1.534825e+000 -1.017341e+000 -1.130990e+000 -1.501864e+000  2.612611e+000 -5.046132e-001 -5.598166e-001 -1.618346e-001  3.803050e-001  5.029817e-001  3.157850e-001 -1.019929e+000 -7.500041e-001  3.396018e-002 -5.585857e-002  2.549408e-001 -2.692114e-001
-3.233970e+001 -6.147640e+000  1.535374e+000 -9.164022e+000  3.640848e-001 -2.516990e+000 -1.336551e+001  1.058269e+001  5.481064e+000 -3.707676e+000 -6.102212e+000 -1.221989e+001  5.671549e+001 -2.137352e-001 -3.939043e-001 -1.027035e+000 -1.238987e+000  1.750448e-001 -1.558071e-001  3.713709e-001 -3.103877e-001  6.866335e-001 -1.440241e+000 -9.338513e-001  1.049984e+000 -8.112724e-001  2.127793e+000 -1.853519e-001 -1.759308e-001  6.102014e-002  7.852387e-001  4.900977e-001  3.051881e-001 -9.250143e-001 -3.268273e-001  4.976638e-001  4.832510e-001  3.548149e-001  2.511029e-001
-3.049130e+001 -5.764113e+000 -1.289262e+000 -1.415408e+001  3.538311e+000  3.057245e-001 -1.563717e+001  8.046626e+000  7.517221e+000 -1.893366e+000 -2.543154e+000 -1.095528e+001  5.675617e+001  1.165351e+000 -2.760553e-001  1.287342e-001 -1.133530e+000  1.141726e+000  2.420508e-001  1.177730e+000 -1.171416e+000 -3.908371e-001  3.395062e-001 -3.359496e-001 -2.139072e-001 -3.916225e-001  1.352965e+000 -3.275135e-001  2.287429e-001  6.161717e-001  5.893099e-001  6.278695e-002 -1.909311e-001 -4.838750e-001 -3.107829e-001  3.164221e-001  3.690839e-001  6.786876e-002  7.135776e-002
-2.943224e+001 -4.829822e+000  3.530812e-001 -1.304715e+001  5.847218e+000 -1.970965e-001 -1.160855e+001  5.771730e+000  7.287774e+000 -1.074673e+000 -7.016342e-001 -4.903119e+000  5.693610e+001  2.076628e+000 -7.950528e-001  7.137345e-001 -6.002426e-004  1.136329e+000 -2.861738e-001 -1.804838e-001 -9.322243e-001  5.993184e-001  8.158121e-001  7.245986e-001  4.050916e-001 -4.550686e-001  9.277412e-001 -4.474711e-001  1.614765e-002  7.877249e-001  1.775138e-001 -1.399054e-002 -7.914861e-001 -1.043780e-001  3.912576e-002 -1.372901e-001  2.941964e-001 -2.888903e-001 -4.252639e-001
-2.747818e+001 -8.503633e+000  2.758480e+000 -1.368791e+001  5.345778e+000 -2.710531e+000 -1.301924e+001  6.803853e+000  7.715157e+000  2.294115e+000 -5.111381e+000 -1.281010e+001  5.615742e+001  2.732838e+000 -1.698782e+000  1.512224e-001  1.360578e+000  1.264807e+000 -9.791334e-001 -1.662710e+000 -1.341785e+000 -2.510490e-001 -1.080740e+000 -1.146626e-003 -4.691997e-001 -1.323177e+000  7.477687e-001 -1.971408e-001 -5.052342e-001  7.316720e-001 -2.909405e-001  2.652275e-001 -4.135678e-001  3.300043e-002  1.098461e-001 -2.903593e-001  2.814028e-001  2.862142e-001 -7.296250e-001
-2.346312e+001 -8.753143e+000  3.080176e+000 -9.400109e+000  5.141998e+000 -2.439731e+000 -1.557690e+001  6.542953e+000  8.378689e+000 -1.722356e+000 -1.195106e+000 -9.267019e+000  5.473952e+001  3.641227e+000 -1.919896e+000 -9.575408e-001  1.452583e+000  1.001073e+000  3.848322e-001 -2.165839e+000 -7.470929e-001  8.123682e-001 -1.416568e+000  3.697291e-001 -2.668214e-001 -2.471815e+000  5.731345e-001  1.907765e-001 -8.797487e-001  3.644660e-001 -7.359272e-001  5.895668e-001  8.438284e-001 -2.163256e-001 -4.255149e-001  3.455091e-002 -1.444617e-001  2.095103e-001 -7.778857e-001
-1.981167e+001 -1.229636e+001 -1.896698e+000 -9.174709e+000  1.021496e+001 -3.468625e+000 -2.196655e+001  9.520888e-001  5.716519e+000 -6.973227e+000 -2.302152e+000 -1.111932e+001  5.123857e+001  4.121895e+000 -6.993375e-001 -1.561799e+000  1.798238e+000 -2.453481e-001  1.232685e+000  1.025689e-001 -1.098980e+000  5.186844e-002  3.899777e-003  1.248499e+000  1.553120e+000 -3.031375e+000  2.619183e-001  5.815212e-001 -8.566434e-001  1.157833e-001 -9.991378e-001  6.657797e-001  2.170536e+000 -1.242597e-001 -9.792453e-001  4.395459e-001 -3.873486e-001  1.125712e-001 -4.094572e-001
-1.505936e+001 -1.253294e+001 -2.107034e+000 -8.040839e+000  8.417994e+000  2.106112e+000 -1.796409e+001  4.962147e+000  1.234893e+001 -3.523842e+000 -2.576033e-001 -7.082615e+000  4.703645e+001  4.247772e+000 -3.408927e-001 -2.828498e+000  1.602900e+000 -1.788229e+000  1.555751e+000  3.156018e+000 -2.135255e+000 -1.679715e+000  4.462466e-001 -6.225329e-001  4.414833e-001 -3.490398e+000 -3.033333e-001  5.965095e-001 -7.713647e-001  1.884806e-002 -6.214082e-001  5.556666e-002  2.399781e+000 -1.735388e-001 -1.907796e+000  8.915555e-002 -6.074241e-001 -2.865105e-001  1.205119e-001
-1.107058e+001 -1.011042e+001 -2.456911e+000 -5.376352e+000  2.481040e+000  1.179975e+000 -1.131279e+001  2.099357e+000  5.989377e+000  3.214356e+000  6.623641e-001 -6.136704e+000  4.485209e+001  3.739157e+000  4.193222e-001 -3.196516e+000  1.864336e+000 -2.336230e+000  1.764306e+000  6.529042e+000 -1.269003e+000 -3.901234e+000  1.855819e-001 -1.441759e+000 -2.604959e-001 -2.861171e+000 -8.074675e-001  3.814204e-001 -2.759632e-001 -2.848289e-001 -2.639520e-002 -2.812059e-001  1.466558e+000  2.410420e-001 -1.571876e+000 -4.363505e-001 -1.811030e-001 -6.313010e-001  5.186270e-001
-6.594806e+000 -1.155058e+001 -1.078221e+001 -3.284787e+000  6.781426e-002  3.014724e+000 -5.123679e+000 -4.706957e+000 -1.563147e-001 -4.584915e+000 -5.790028e+000 -9.550913e+000  4.048077e+001  2.315929e+000  5.033211e-001 -3.997006e+000  1.513774e+000 -1.060526e+000  3.968553e-001  6.619828e+000 -1.529776e+000 -6.750061e+000 -1.061631e+000 -1.322263e+000 -7.925659e-001 -1.954357e+000 -1.093382e+000  3.768498e-001  5.009715e-001 -5.122703e-001  2.831737e-001 -4.361535e-001  2.248880e-001  6.608161e-001 -2.552112e-001 -2.215940e-001  7.417781e-001 -1.427305e-001  8.277992e-001
-5.348160e+000 -1.069093e+001 -1.354169e+001 -2.231056e+000  2.708897e+000  4.898598e+000  4.258457e+000 -5.583717e-001 -7.537027e+000 -5.514781e+000 -6.744732e+000 -1.118765e+001  4.021056e+001  1.050479e+000  7.856576e-001 -2.357362e+000  4.186566e-001 -7.411752e-001  4.061039e-001  5.703455e+000 -1.965092e-001 -5.272338e+000 -1.423914e+000  6.928493e-001 -9.863604e-001 -1.206261e+000 -9.581713e-001  2.487506e-001  1.090244e+000 -6.976068e-001  1.128434e-001 -3.685740e-001 -1.059605e+000  2.891116e-001  1.270249e+000  1.861014e-001  6.824532e-001  3.121884e-001  7.570640e-001
-6.340922e+000 -9.726079e+000 -1.654967e+001 -2.044617e+000  3.001434e+000  2.231076e+000  7.349421e+000 -1.357866e+000 -1.463817e+001 -4.467428e+000 -3.165369e+000 -8.519970e+000  3.958543e+001  1.252035e-001  1.360189e+000 -7.432181e-001 -2.356118e-001 -1.169888e+000  5.408423e-002  4.693252e+000  6.325786e-001 -2.270219e+000  1.430243e-001  2.019054e+000  9.076300e-002 -1.788574e-001 -5.567107e-001  1.240055e-001  1.216658e+000 -5.247827e-001 -9.900779e-002  7.097445e-002 -1.544606e+000 -5.194601e-002  2.436553e+000  5.917984e-001  9.347653e-002  7.717376e-001  5.558836e-001
-5.945129e+000 -7.094384e+000 -1.135999e+001 -3.903154e+000 -2.691646e+000  3.602318e+000  1.096793e+001 -5.577339e-001 -1.313139e+001 -3.963957e+000  2.814281e+000 -1.158398e+001  3.926846e+001  4.366369e-002  1.234642e+000  6.278093e-001 -7.490051e-001 -1.717332e+000  9.282138e-002  2.194305e+000 -9.046215e-001  2.100877e-001  5.137614e-001  2.998492e-001  8.587815e-001  3.639946e-002 -1.795315e-001 -8.286791e-002  5.078800e-001 -2.911497e-001  1.323264e-001  1.357398e-001 -1.723053e+000 -3.848278e-001  2.031593e+000  3.845454e-001 -6.597109e-001  1.128338e+000  3.383960e-001
-5.670304e+000 -6.547907e+000 -1.558915e+001 -3.626797e+000 -3.081352e+000  3.933285e+000  1.498784e+001 -1.544383e+000 -8.710229e+000 -4.645205e+000 -4.742658e-001 -8.898936e+000  4.005754e+001  3.578348e-002  8.988568e-001  5.936990e-001 -5.263083e-001 -1.067487e+000  9.083688e-001  6.513755e-001 -1.435449e+000  2.691490e+000  9.285231e-001 -6.583800e-001  2.143551e+000  2.037311e-001 -1.135302e-002 -3.425483e-001  9.108986e-002 -1.839018e-001  4.895509e-001  4.180991e-002 -1.727843e+000 -5.558360e-001  6.689865e-001 -3.647156e-001 -6.098889e-001  8.927302e-001  1.020951e-001
-5.465150e+000 -6.106810e+000 -1.088291e+001 -5.184991e+000 -2.836373e+000  4.511601e+000  1.141077e+001 -4.988221e+000 -9.450558e+000 -2.857085e+000 -6.591038e+000 -6.704264e+000  4.015650e+001  1.975320e-001  6.019839e-001 -4.864202e-001 -8.917438e-001 -1.307435e-001  6.576607e-001 -8.908703e-001 -1.086634e+000  2.404771e+000  1.060634e-001 -1.266988e+000  3.628935e+000  2.944252e-001 -7.476744e-002 -5.446376e-001 -1.433574e-001 -2.428114e-002  5.491554e-001 -1.689762e-001 -1.299447e+000 -3.612680e-002 -4.430607e-001 -5.572436e-001  3.521668e-001  4.656577e-001 -1.521511e-002
-6.401994e+000 -5.725582e+000 -1.381972e+001 -4.035240e+000 -2.263636e+000  6.318279e+000  1.038488e+001 -6.319870e+000 -3.021133e+000 -3.782482e-001 -1.754610e+000 -2.420716e-001  4.016006e+001 -8.495808e-003 -3.622418e-002  2.693459e-001 -1.083751e+000  4.845726e-001 -1.928587e-002 -2.403377e+000 -2.055595e+000 -2.262828e-002 -1.476705e+000 -2.469721e-001  3.169337e+000  2.026054e-001 -9.222975e-002 -6.550931e-001  2.309841e-001  2.549410e-001  4.680515e-001 -2.890496e-001 -7.765576e-001  3.274898e-001 -9.444685e-001 -3.292817e-001  4.704784e-001 -3.963901e-001 -7.513576e-002
-4.591624e+000 -4.495627e+000 -1.467680e+001 -8.157652e+000 -3.754222e+000  5.698124e+000  8.815063e+000 -3.603161e+000 -3.952077e+000 -5.567118e+000 -2.880487e+000  2.232265e+000  4.068932e+001 -3.080339e-001 -1.021006e+000  7.319908e-002 -5.916892e-001  2.524150e-001 -2.882321e-001 -2.775555e+000 -7.751827e-001 -6.481568e-001 -1.069843e+000  1.854979e+000  2.674177e+000 -3.911323e-002 -4.148527e-002 -4.414896e-001  7.310408e-001  7.803389e-001  6.044185e-001  4.803228e-002  7.966875e-002  6.445659e-001 -6.346644e-001  2.116035e-001  3.254661e-001 -1.193301e+000 -6.603931e-002
-6.149547e+000 -7.534620e+000 -1.234547e+001 -7.559224e+000 -1.995642e-001  3.243594e+000  4.268808e+000 -1.251489e+001 -1.157261e+001 -1.067371e+001 -3.564402e+000  2.479486e+000  4.080415e+001 -1.725823e-001 -1.565114e+000  1.468810e+000  5.983695e-001  1.081191e+000 -6.393275e-002 -2.289070e+000  4.627385e-002 -5.043888e-001 -1.299325e-001  1.330282e-001  6.389796e-001 -5.178452e-003  1.789273e-001  1.424034e-001  6.355252e-001  9.101777e-001  4.145876e-001  2.107729e-001  5.935143e-001  1.161274e+000  3.689138e-001  9.130133e-001 -6.415944e-002 -1.412560e+000 -4.694622e-002
-7.131544e+000 -1.030732e+001 -1.125403e+001 -6.381445e+000 -2.606334e+000  4.607783e+000  5.910345e-001 -5.766625e+000 -8.415603e+000 -3.058567e+000  3.588755e+000  5.305841e+000  3.963889e+001  7.214894e-002 -8.410194e-001  2.569052e+000  2.168890e+000  2.593040e+000  9.201456e-001 -5.496801e-001  1.085261e+000 -5.276706e-001  4.906945e-001  1.703420e-001 -1.072392e+000  6.812058e-002  2.914662e-001  7.012133e-001  3.947051e-001  5.671777e-001  1.050371e-001  3.703145e-003  7.603827e-001  5.074039e-001  4.307149e-001  7.739993e-001 -2.932801e-001 -1.021914e+000 -1.093430e-002
-5.994946e+000 -1.064530e+001 -8.187056e+000 -1.931496e+000  2.568377e+000  6.543786e+000  3.051543e+000 -5.006769e+000 -3.311314e+000 -2.282187e+000 -4.324090e+000  1.416038e+000  4.065939e+001  6.960494e-001  5.857998e-001  2.199046e+000  2.086847e+000  1.387198e+000  4.303896e-001 -5.487433e-001  2.820552e+000  1.761697e+000  2.308093e+000  2.745494e-001 -2.020180e+000 -8.574257e-002  6.267762e-002  7.281317e-001 -2.951331e-001 -9.041114e-002 -6.584002e-001 -8.312337e-002  5.009317e-001 -1.802773e-001  2.001451e-001  3.272419e-001  1.605826e-001 -4.781675e-002 -1.248400e-001
-4.308179e+000 -7.145382e+000 -3.910752e+000 -1.270640e-001  7.827005e+000  8.648756e+000  6.675295e+000 -1.930917e+000 -1.072108e+001 -7.309409e+000 -1.648933e+000 -2.597970e+000  4.110231e+001  7.149814e-001  1.409604e+000  1.681607e+000  1.499960e+000  6.245972e-001 -5.168775e-001  1.561956e-001  3.746981e-001  3.723746e-001  1.581141e+000  3.178182e-001 -1.105814e+000 -5.350266e-002 -1.961052e-001  2.872579e-001 -6.830974e-001 -5.418527e-001 -1.070138e+000 -1.322798e-001 -6.455629e-002 -6.726375e-001  5.941780e-002 -1.677738e-001 -1.635396e-001  6.598002e-001 -1.745523e-001
-4.080982e+000 -6.186590e+000 -5.021886e+000 -2.521785e-001  1.519757e+000  3.375055e+000 -1.517038e+000 -3.299852e-001 -1.611386e+000  2.992173e+000  4.271895e-001 -3.669508e+000  3.964373e+001 -1.806105e-001  9.502332e-001  4.368666e-001  4.807791e-001 -1.226589e+000  2.389619e-001 -1.373496e-001 -4.998311e-001  4.631386e-002  9.610537e-001  8.622031e-001  4.166073e-001 -5.685669e-001 -2.737697e-001  2.188031e-002 -3.345531e-001 -7.108024e-001 -7.502001e-001 -2.609860e-001 -2.499041e-001 -6.253719e-001 -3.117547e-001 -9.348377e-001 -4.716704e-001  7.467880e-001  1.183053e-001
-4.513619e+000 -5.488657e+000 -4.428584e+000  2.786966e-001  1.040962e+000  3.607761e+000  3.656303e+000 -6.231527e+000 -7.403694e+000  2.209958e+000  2.802206e+000  2.319542e+000  3.987920e+001 -4.700469e-001  4.130533e-001  3.465438e-002  2.626613e-001 -1.450759e+000  3.544602e-001 -1.078158e+000 -6.177351e-001  6.271102e-001  3.253450e-001 -9.411829e-001  1.008216e+000 -5.632290e-001  1.782681e-002  9.348400e-002  2.644534e-001 -6.336393e-001 -4.596895e-001 -7.055848e-001 -5.311692e-001  3.237914e-001  1.636666e-001 -8.127981e-001 -4.197007e-001  1.880542e-001  4.482864e-001
-6.795279e+000 -6.722499e+000 -5.743806e+000  2.695192e-001 -1.715446e-001  1.025909e+001  3.874290e+000 -5.355619e+000 -4.738437e+000 -2.236601e+000 -2.238645e+000  1.040319e+000  3.842810e+001 -8.028483e-002  1.193477e+000  1.349756e+000 -8.485153e-001 -1.326124e+000 -1.310210e+000 -1.181087e+000  1.899086e-001  7.555597e-002 -1.738197e+000 -1.454302e+000  6.567453e-001  7.606472e-001  3.333400e-001  2.465903e-001  5.434619e-001 -2.208292e-001  2.264497e-001 -7.925617e-001 -4.664342e-002  5.952024e-001  2.707540e-001 -2.607022e-001 -2.040174e-002 -1.129008e-001  4.935712e-001
-5.301266e+000 -4.812161e+000 -3.376520e+000  9.253937e-001  1.418863e+000  6.979038e+000 -1.411161e+000 -2.506775e+000 -6.022002e+000 -3.068297e+000 -5.021931e+000  8.819653e-002  3.889397e+001  7.539526e-001  1.755402e+000  2.547429e+000 -1.003590e+000 -1.624083e+000 -3.270216e+000 -1.977782e+000  1.648785e+000  1.176087e+000 -1.133224e+000 -6.224326e-001 -2.856123e-001  1.523322e+000  2.919061e-001  4.104949e-002  1.766696e-001  1.594954e-001  7.295352e-001  2.071028e-001  7.954642e-001  3.690219e-001  5.487617e-002  1.905254e-001  8.008140e-001 -8.147563e-002  1.299998e-001
-4.088583e+000 -5.574544e-001  1.200864e+000 -4.818104e+000 -5.299815e+000 -4.861631e+000 -4.888740e+000 -1.242818e+000 -1.924452e+000 -3.059687e+000 -2.932254e+000  7.298905e-001  4.393958e+001  8.740900e-001  1.512010e+000  1.897789e+000  9.758431e-003 -7.678255e-003 -1.911508e+000  7.924511e-002  1.342921e+000  1.125596e+000  3.868274e-001  6.008192e-001  4.990172e-001  8.560135e-001 -2.387823e-002 -4.605340e-001 -6.614074e-001  6.160112e-001  1.140944e+000  1.656753e+000  1.230985e+000 -2.720940e-001  2.335753e-002  7.719135e-001  8.637733e-001  7.723045e-002 -5.145745e-001
-2.097204e+000  2.058313e-001  4.836226e+000 -2.195440e+000 -4.515316e+000 -5.182956e+000 -1.851093e+000 -4.400038e-002 -2.930254e+000 -3.044620e+000  3.684786e-002  1.046695e+000  4.474007e+001  5.122960e-001  4.590341e-001  6.439862e-001  6.310017e-001  1.537694e+000  1.690624e+000  2.268996e+000  6.508681e-001  3.764710e-001  2.154595e-001  2.035326e+000  6.797019e-001  3.908692e-002 -3.440756e-001 -4.961502e-001 -9.736233e-001  3.420687e-001  9.827588e-001  1.924701e+000  9.264112e-001 -6.308826e-001 -9.316200e-003  4.276318e-001  3.340394e-001  1.803341e-002 -6.648605e-001
-4.026860e+000 -1.671446e+000 -3.612345e-001  1.878728e+000  2.757154e+000  6.782549e+000  4.490482e+000  1.275973e-001 -6.563314e-001 -3.143030e-001 -1.763938e+000  3.056156e+000  3.978512e+001 -7.884767e-002 -4.610095e-001 -1.005559e+000  1.414245e+000  2.797710e+000  4.493134e+000  2.850448e+000 -6.716028e-001  5.921513e-001  1.447028e+000  1.535684e+000  5.602404e-001 -1.070108e+000 -2.917645e-001 -2.346245e-001 -5.863469e-001 -1.726307e-001  9.500971e-003  5.267345e-001 -1.328515e-002 -2.190465e-001  1.635890e-001 -1.982359e-001 -7.068888e-002 -2.262380e-001 -2.690215e-001
-2.770647e+000 -1.959995e+000  6.244606e-001  7.319860e-001  5.078850e+000  9.610066e+000  5.244210e+000  6.235755e-002 -4.773707e+000 -3.363691e+000  4.570544e+000  2.323573e+000  4.116664e+001 -4.899564e-001  2.611610e-001 -8.690139e-001  4.510772e-003  1.887017e+000  3.150970e+000  1.268672e+000 -4.983656e-001  1.396228e+000  4.748345e-001  5.803318e-001 -2.260569e-001 -8.379196e-001 -1.619192e-001  9.579865e-002  3.289414e-002 -1.842735e-001 -6.315942e-001 -1.079879e+000 -6.647000e-001  1.883495e-001  3.652830e-001 -2.867013e-001 -4.702251e-001 -3.197471e-001  5.319672e-002
-4.146099e+000 -1.779589e+000 -1.721048e+000  7.894082e-001  3.891652e+000  1.020753e+001  5.815851e+000 -4.654011e+000  1.958031e+000  4.334991e+000  2.479321e+000  2.892654e+000  4.037576e+001 -8.360622e-002  4.378239e-001 -2.774453e-001 -5.401497e-001 -1.348349e-001 -8.008957e-003  5.129815e-001  8.223051e-001  1.433663e+000 -7.340396e-001  9.748722e-001 -1.792933e-001 -5.059090e-002 -4.129677e-002  1.876672e-001  4.823233e-001 -1.216592e-001 -9.029251e-001 -1.641248e+000 -7.647221e-001  6.102999e-001 -7.287169e-002 -6.247113e-001 -3.046355e-001 -1.821879e-001  2.506215e-001
