64 39
-1.635649e+001 -5.061286e+000 -5.944709e+000 -1.856918e+000 -9.976958e+000 -9.203913e+000  3.274627e-001 -4.705468e+000 -6.112198e+000  1.598488e+000 -4.180703e+000  1.393241e+000  5.923051e+001 -1.463081e+000  2.059338e+000 -2.020156e+000 -2.634813e+000 -1.456804e+000 -3.553559e+000  1.309615e+000 -1.561675e-001 -1.546336e+000  6.212878e-001 -1.587085e+000 -1.451369e-001  1.076485e+000  2.024754e+000  7.091614e-001  1.556320e+000  6.910704e-001  8.221219e-001  9.384087e-001 -1.688067e+000  3.735674e-001  1.534020e+000 -1.784021e-001  1.387237e+000 -1.102900e+000 -1.894613e+000
-1.713424e+001 -7.200959e-002 -2.554805e+000 -5.086722e-001 -4.540365e+000 -9.253530e+000  2.722261e+000 -1.522204e+000 -5.742769e+000  3.776316e+000 -3.913276e+000  2.035518e+000  6.016552e+001  8.833987e-001  3.700927e+000  6.028748e-001  3.227694e-001  5.812330e-001 -2.506426e-001 -7.916571e-001 -1.348514e+000  9.397027e-001  7.364991e-001  1.355862e+000 -1.566383e+000 -3.927001e+000  1.197481e+000  9.962905e-002  1.282808e+000  1.434202e+000  8.644265e-001  1.313143e+000 -1.211241e+000  3.137231e-001  1.362317e+000 -3.801668e-001  1.159144e+000 -7.782351e-001 -2.000348e+000
-1.748240e+001  1.238907e+001  6.234149e+000  1.616310e+000 -1.679462e+000 -1.069218e+001  3.799070e+000 -5.420656e+000 -6.168764e+000  1.233467e+000 -9.082244e-001 -3.838742e+000  5.306760e+001  1.306001e+000  3.501973e+000  3.387493e+000  3.574852e+000  3.412349e+000  3.468243e+000 -3.644412e-001  8.013305e-001  2.910966e+000 -1.302269e+000  1.475629e+000 -1.022941e+000 -7.998586e+000 -7.761853e-002 -1.511213e+000 -4.209240e-002  8.107977e-001 -5.058390e-003  6.942946e-001 -5.669219e-001  6.415566e-001  6.559256e-001 -3.089184e-001  4.078865e-001  2.418478e-001  4.346582e-001
-1.453093e+001  9.792372e+000  6.187228e+000  8.794130e+000 -1.793347e-001  1.358596e+000 -4.958098e+000 -4.561032e+000 -3.682642e-001 -7.815540e-001  5.441996e+000 -2.451785e+000  3.568946e+001  7.982836e-002 -7.085526e-001  9.084055e-001  2.703079e+000  7.141267e-001  7.736529e-001 -1.853480e+000  1.369089e+000  2.246594e+000 -6.045391e-001  1.567402e+000 -1.105856e+000 -3.850153e+000 -9.140859e-001 -1.965094e+000 -1.266693e+000 -8.393906e-001 -1.150456e+000 -8.349547e-001  2.770112e-001  5.072698e-001 -3.437205e-001  1.142313e-001 -3.870478e-001  7.051374e-001  3.565552e+000
-1.112814e+001  7.516390e+000  6.621740e+000  1.136594e+001  4.904273e+000  2.831242e+000  2.345436e+000  8.205986e-001  5.755379e+000 -2.633920e+000 -1.480194e+000 -1.477813e+000  3.147561e+001 -1.449388e+000 -3.291989e+000 -2.383384e+000  2.290212e-001 -1.548542e+000 -5.942340e-001 -9.940836e-001  1.692814e+000  1.079846e+000 -2.527851e-001  3.465782e-001  8.338386e-001  3.211352e+000 -7.731747e-001 -1.201936e+000 -1.192112e+000 -1.809795e+000 -1.134385e+000 -1.012657e+000  4.697077e-001 -8.899464e-002 -9.169184e-001  6.605773e-002 -5.522573e-001  3.145420e-001  4.327629e+000
-1.991223e+001 -1.178433e+000  1.793427e+000  8.131906e+000 -4.261599e+000 -1.214697e+001 -5.818322e+000  2.202612e+000 -4.718682e-001  2.687315e+000  4.209718e+000 -4.674224e+000  5.171074e+001 -2.309336e+000 -2.727563e+000 -2.845150e+000 -2.201268e+000 -2.690601e+000 -2.394178e+000  9.082199e-001  7.420936e-001  1.366602e-001  7.829139e-001 -1.485153e-002  1.030914e+000  8.295788e+000  2.667157e-001  2.243187e-001  4.617155e-001 -1.334170e+000  1.336300e-001  5.189170e-001  6.951822e-001 -6.605256e-002 -2.170053e-001 -4.584882e-001 -7.780255e-001 -1.327571e-002  1.731323e+000
-2.203869e+001  1.414528e+000 -3.485870e+000  3.092529e+000 -7.381042e+000 -6.910561e+000 -7.412367e-001 -3.384075e-001 -7.177297e-001 -1.764892e+000  1.440806e+000  1.441670e+000  6.111371e+001 -1.365290e+000 -1.498201e+000 -6.962891e-001 -3.021951e+000 -5.572103e-001 -1.112438e-002  6.032474e-001  6.698548e-001 -6.186590e-001 -1.665707e+000 -4.945310e-001 -5.186160e-001  7.566588e+000  1.072192e+000  5.416906e-001  1.579348e+000 -1.615384e-001  6.047289e-001  9.725323e-001 -2.445699e-002 -2.249357e-001  3.319419e-001 -5.101236e-002 -4.720254e-001 -6.256856e-001 -1.191358e+000
-2.062233e+001 -7.945132e-001 -2.984717e+000  1.924495e+000 -7.489681e+000 -5.741391e+000  1.126338e+000 -2.710608e-001  3.551591e+000  2.698502e+000  3.907238e+000  1.243044e+000  6.234935e+001  1.371358e+000 -4.838531e-001  2.373435e+000 -2.342285e+000  8.866106e-001  3.076683e+000  8.237658e-001  1.550305e+000  2.010821e+000 -2.190519e+000 -1.902171e+000 -4.960069e-001  2.628843e+000  1.151528e+000  2.206658e-001  1.359956e+000  1.052933e+000  3.341604e-001  5.942504e-001 -5.477479e-001 -7.540514e-002  2.896019e-001  5.305659e-001 -5.583916e-002 -5.091272e-001 -2.624311e+000
-1.759954e+001 -1.665770e-001  5.529366e+000 -6.401097e-001  3.732262e+000 -4.271715e-001  1.889343e+000  5.406709e+000  6.503545e-001 -1.096805e+001 -3.801609e+000 -7.029527e+000  6.398925e+001  2.071223e+000 -1.705391e+000  2.904063e+000 -5.081623e-001 -3.135033e-001  1.532997e+000 -1.074142e+000  1.640297e-001  1.802476e+000  9.788697e-001 -1.069889e+000 -1.531129e+000  8.803558e-002  9.534781e-001  1.052897e-001  2.434378e-001  1.477777e+000 -4.318253e-001 -8.140166e-001 -1.068291e+000 -6.061883e-001 -1.204464e-001  1.419660e+000  4.657983e-001  1.806663e-001 -2.053063e+000
-1.527501e+001 -2.807146e+000  9.152987e+000 -1.713202e+000 -5.385198e+000 -5.252968e-003 -3.014783e+000  7.081581e+000  8.898193e+000 -3.663705e+000 -2.679930e+000 -2.918660e+000  6.341719e+001  1.730046e+000 -1.520639e+000  2.154456e+000  1.806501e+000 -1.141653e+000 -1.949860e-001 -9.918253e-001  6.179804e-001  3.741021e-001  2.113455e+000 -6.368250e-003 -1.008465e+000 -1.086493e+000  8.105067e-001  2.677828e-001 -8.581736e-001  1.198318e+000 -1.635998e-001 -1.592187e+000 -1.369412e+000 -1.137516e+000 -9.458678e-001  8.289698e-001  5.759188e-001  3.407909e-001 -5.518799e-001
-1.435624e+001 -6.106109e+000  4.965592e+000  2.370566e+000 -1.000080e+001 -2.113645e+000 -4.041384e+000 -3.194580e+000  5.621348e+000  6.310560e+000 -6.150562e-001 -4.133123e+000  6.101997e+001  3.222756e+000 -4.533595e-001  6.303895e-001  2.292539e+000 -1.702205e+000 -2.445373e+000 -3.830413e+000 -1.894924e+000 -4.025316e-001  3.280607e+000  8.865591e-001  6.409447e-001 -8.410584e-001  1.075257e+000  4.824050e-001 -1.091892e+000  2.831821e-001  5.845842e-001 -1.008056e+000 -1.136604e+000 -8.417916e-001 -7.627274e-001 -6.383629e-001 -9.032033e-002  5.214987e-001  3.938308e-001
-1.359375e+001 -5.427944e+000  8.069451e+000  9.451663e+000 -6.331413e+000 -5.873085e+000 -8.674250e-001  7.119486e+000  2.936605e+000  4.626474e+000  2.282120e+000 -5.247484e+000  5.840152e+001  4.848125e+000  2.290453e-001 -7.805960e-001  2.248953e+000  7.629628e-001 -2.895069e+000 -4.645160e+000 -3.107796e+000 -1.616015e+000  8.034614e-001 -8.010447e-004  1.219107e-001  3.339901e-001  1.050797e+000  2.002703e-002 -1.084060e+000 -5.279775e-001  7.478629e-001 -1.833683e-001 -8.911445e-001 -7.482080e-001 -1.893732e-001 -1.058984e+000 -6.591806e-001  4.416441e-001  7.507280e-001
-2.326391e+000 -1.122976e+000  9.223082e+000  5.240151e+000 -4.305657e+000 -9.720120e+000 -1.833640e+001 -4.086864e+000  1.618491e+000  1.289899e+000 -1.849839e+000 -2.660392e+000  6.229179e+001  5.888469e+000 -1.682077e-001 -1.087869e+000  6.865224e-001  1.657110e+000 -2.157243e+000 -4.930496e+000 -2.182040e+000 -1.016103e+000 -1.557948e+000 -1.524274e+000  5.111762e-001  1.346948e+000  1.827653e-001 -7.542377e-001 -6.321990e-001 -4.432285e-001  2.444627e-001  6.986964e-001  6.494703e-002  4.980102e-001  3.382870e-001 -9.684435e-001 -6.596517e-001  4.616022e-001  4.149118e-001
 2.950688e+000 -4.153486e+000  3.121262e+000  8.096772e+000 -4.417956e+000 -1.067736e+001 -1.909307e+001 -8.011259e+000  2.819549e+000  2.863932e+000 -2.066544e+000 -3.045473e+000  6.445123e+001  5.651175e+000 -1.563080e+000 -2.406715e+000 -3.037782e-002  9.180043e-001 -1.255893e+000 -4.897507e+000 -2.979502e+000 -2.659786e-001 -7.621878e-001 -2.096854e+000  1.264639e+000  1.573144e+000 -7.796109e-001 -9.456304e-001  1.681466e-001 -1.925142e-001 -7.563136e-001  9.229896e-001  3.184758e-001  1.387192e+000  5.237960e-001 -3.415737e-001 -1.696626e-001  8.342558e-001 -2.647145e-002
 6.813890e+000 -7.584376e+000  2.000343e+000  6.480624e+000 -2.671978e+000 -1.049772e+001 -1.958104e+001 -6.539407e+000  5.993633e-001 -5.979095e-001 -6.062097e+000 -2.678248e+000  6.472986e+001  3.735057e+000 -3.328485e+000 -1.717546e+000  1.216062e+000 -5.574127e-001  2.285207e-001 -3.379505e+000  5.309796e-001  6.138855e-001 -7.787856e-001 -1.363673e+000  2.377591e+000  6.139237e-001 -1.398772e+000 -6.123310e-001  9.241456e-001  9.105105e-002 -1.303696e+000  7.588205e-001  4.830868e-001  1.618886e+000  1.664467e-001  8.208122e-002  3.589269e-001  8.571965e-001 -2.138256e-001
 1.009199e+001 -1.001264e+001 -3.527540e-001  8.679538e+000 -2.558231e+000 -1.176375e+001 -2.473264e+001 -6.551753e+000  2.116276e+000  1.759439e+000 -6.096024e+000  1.084640e+000  6.504821e+001  2.026777e+000 -2.918968e+000  3.749758e-001  1.021613e+000 -1.911344e+000  5.269971e-001 -3.828276e+000  2.471654e+000  1.879714e-001 -1.293988e+000 -9.294150e-001  3.359982e+000  5.681450e-001 -1.542421e+000 -2.888961e-002  1.644017e+000 -2.412934e-001 -1.161432e+000  3.083402e-001  8.540894e-001  1.667955e+000 -5.558128e-001 -6.431743e-002  6.168991e-001  3.445356e-001 -1.038548e-001
 1.277825e+001 -1.483582e+001  2.372358e+000  1.102908e+001 -8.022583e+000 -8.034324e+000 -3.241414e+001 -2.161719e+000  5.039555e+000 -2.051782e+000 -6.653463e+000  7.162508e+000  6.506292e+001  7.068065e-001 -2.551919e+000  2.142014e+000  6.157824e-001 -3.446694e+000  7.454149e-001 -3.049677e+000  3.186812e+000 -4.108440e-001 -8.816419e-001 -3.133599e-001  3.749487e+000  7.803192e-001 -1.287611e+000  5.518733e-001  1.507446e+000 -8.131534e-001 -6.306212e-001 -2.390204e-001  1.233081e+000  7.227159e-001 -1.195119e+000  1.374097e-001  7.207969e-001 -3.986987e-001  1.238913e-001
 1.010239e+001 -1.512260e+001  4.810133e+000  1.093061e+001 -1.129937e+001 -9.274074e+000 -3.181790e+001  2.158169e+000  1.539310e+000 -2.879072e+000 -6.417935e+000  8.834060e+000  6.712542e+001 -5.468063e-001 -2.095811e+000  3.883591e+000 -9.367051e-001 -3.444515e+000  2.736149e-002 -7.919733e-001  4.032355e+000 -2.532678e+000 -1.032347e+000  4.624845e-001  2.301370e+000  9.706718e-001 -9.308703e-001  6.742548e-001  9.210509e-001 -8.642883e-001 -5.570874e-002 -4.767022e-001  1.705808e+000 -1.443823e-001 -1.076402e+000  2.974025e-001  8.813545e-001 -9.183625e-001  7.793289e-002
 1.034272e+001 -1.778899e+001  1.012897e+001  8.434001e+000 -1.553488e+001 -8.015483e+000 -3.128679e+001  5.039695e+000 -1.166374e+000 -2.686863e+000 -7.467940e+000  1.219448e+001  6.759285e+001 -1.416208e+000 -9.806970e-001  4.065377e+000 -1.870546e+000 -2.943933e+000 -7.167636e-001  1.267751e+000  3.364209e+000 -4.001386e+000 -2.225577e-001  1.544362e+000  9.134039e-001  1.032117e+000 -7.259172e-001  9.192408e-001  1.822009e-001 -6.307545e-001  4.170852e-001 -5.005571e-001  1.662286e+000 -1.042264e+000 -4.129868e-001  1.107054e-001  1.029767e+000 -1.204906e+000  1.974923e-002
 8.575718e+000 -1.901512e+001  1.518689e+001  5.293551e+000 -1.602466e+001 -1.163636e+001 -2.925618e+001  1.000931e+001 -7.444149e+000 -3.084754e+000 -3.376362e+000  1.007550e+001  6.863660e+001 -1.566068e+000 -3.333054e-001  4.018549e+000 -2.056664e+000 -2.441268e+000 -1.125425e+000  2.542052e+000  1.661045e+000 -3.398769e+000 -1.365175e-001  2.548496e+000  1.862110e-001  8.319107e-001 -4.040455e-001  8.968036e-001 -3.097643e-001 -2.833315e-001  4.828914e-001 -9.637178e-003  9.206885e-001 -1.465657e+000  3.212445e-001  1.886441e-001  6.798896e-001 -8.945676e-001 -7.414298e-002
 6.460547e+000 -1.779305e+001  1.751086e+001  4.494875e+000 -2.037960e+001 -1.043700e+001 -2.735625e+001  1.073375e+001 -1.047565e+001 -3.061730e+000 -4.524390e-001  1.110881e+001  6.946791e+001 -2.413149e+000  1.163032e+000  2.985539e+000 -1.978010e+000 -1.862891e+000 -1.180978e+000  3.594742e+000 -8.388526e-001 -2.042733e+000 -7.760296e-001  3.792471e+000 -1.217463e+000  9.484459e-001 -7.493170e-002  6.075716e-001 -3.833693e-001 -2.003328e-001  5.825190e-001  3.818268e-001  1.214231e-001 -1.194810e+000  6.276387e-001  1.704649e-001  1.112297e-001 -6.076812e-001 -1.730893e-001
 4.213140e+000 -1.678710e+001  2.121193e+001  2.616848e+000 -2.108335e+001 -1.369044e+001 -2.107292e+001  7.616364e+000 -1.079990e+001 -3.374226e+000  2.816797e+000  1.030795e+001  7.034744e+001 -2.068563e+000  1.316342e+000  2.874688e+000 -2.299631e+000 -1.570579e+000  2.112826e-001  2.647974e+000 -1.194398e+000 -1.905782e+000  1.876096e-001  2.737878e+000 -1.106035e+000  6.417923e-001  1.801366e-001  2.675853e-001 -3.916629e-001 -1.910790e-001  6.744357e-001  5.824932e-001 -5.312665e-001 -4.765632e-001  3.180804e-001  3.751456e-001 -5.398997e-001 -2.677750e-001 -2.324532e-001
 4.582636e-001 -1.308784e+001  2.204415e+001 -1.176992e-001 -2.231999e+001 -1.289333e+001 -1.740471e+001  2.041906e+000 -9.702163e+000 -6.422276e+000  8.397834e+000  5.990939e+000  7.147966e+001 -1.539618e+000  1.232337e+000  2.720461e+000 -2.750727e+000 -4.666826e-001  5.240169e-001  1.821906e+000 -1.182119e+000 -1.609686e+000  4.677031e-001  2.005820e+000 -1.478879e+000  2.617294e-001  4.239373e-001 -1.282100e-001 -3.141088e-001 -4.458342e-002  7.329934e-001  3.893676e-001 -7.267255e-001  1.797884e-001 -8.280528e-003  5.760810e-001 -1.016720e+000  1.716330e-001 -2.802894e-001
 1.234045e+000 -1.478602e+001  2.729369e+001 -3.898317e+000 -2.290736e+001 -9.351780e+000 -2.099208e+001  8.383247e+000 -1.735980e+001 -4.664331e-001  5.887892e+000  7.104264e+000  7.083969e+001 -1.102150e+000  9.699687e-001  2.192774e+000 -2.625701e+000  2.328064e-001  9.345446e-001  7.721375e-001 -5.501379e-001 -2.024890e+000  1.117344e+000  7.423234e-001 -1.021956e+000  1.300278e-002  2.744218e-001 -6.715443e-002 -5.395160e-001  2.709898e-001  6.482452e-001 -3.967328e-002 -3.324887e-001  8.938911e-002  1.104364e-001  2.608695e-001 -8.074228e-001  1.561753e-001 -1.851268e-001
 2.520019e-001 -1.263191e+001  2.807228e+001 -6.001177e+000 -2.180101e+001 -9.986243e+000 -1.828713e+001  4.439717e+000 -1.524412e+001 -2.177111e+000  8.041114e+000  5.316255e+000  7.053043e+001 -7.766690e-001  6.951690e-001  1.755953e+000 -2.037892e+000  9.003826e-001  4.042292e-001  8.990330e-001 -2.620405e-001 -2.024581e+000  1.639508e+000 -2.933502e-001 -4.013377e-001 -1.386063e-001  2.240870e-001 -3.527407e-002 -5.694912e-001  4.857051e-001  2.759297e-001  1.105141e-002 -1.517717e-001  1.067009e-001  1.057730e-001  6.643353e-002 -5.522671e-001  1.312723e-001 -1.729526e-001
-1.194479e+000 -1.216522e+001  2.916173e+001 -7.569917e+000 -2.017881e+001 -1.047126e+001 -1.677102e+001  3.666770e+000 -1.815337e+001  8.991346e-002  6.706774e+000  5.535512e+000  7.088707e+001 -1.077929e+000  1.249154e+000  6.593617e-001 -1.301099e+000  9.871145e-001  7.281008e-002  1.446967e+000 -1.207491e+000 -1.146152e+000  9.060546e-001 -1.496505e-001 -8.639287e-001 -8.367386e-002  3.039774e-001 -6.718981e-003 -3.473410e-001  3.804616e-001  4.411872e-002  1.280067e-002 -2.386620e-002  4.787424e-002  3.506466e-001 -2.626925e-001 -1.914910e-001 -1.749836e-001 -2.747035e-001
-2.210819e+000 -1.092239e+001  2.988989e+001 -8.471361e+000 -1.918235e+001 -1.031245e+001 -1.502008e+001  3.089942e+000 -1.942828e+001  1.497090e+000  6.521642e+000  4.768626e+000  7.076294e+001 -4.312939e-001  9.163746e-001  6.397106e-001 -9.845021e-001  5.358120e-001  1.010141e+000  7.256328e-001 -3.199377e-001 -1.520190e+000  9.055157e-001 -3.095288e-001 -9.015310e-001 -5.546951e-001  3.748095e-001 -1.784390e-002 -4.175169e-002  1.101330e-001 -6.678656e-002 -2.490264e-002 -2.968716e-002  7.219440e-002  3.279757e-001 -2.647288e-001 -2.147995e-001 -2.812251e-001 -3.712809e-001
-2.924189e+000 -9.395004e+000  2.968170e+001 -9.168721e+000 -1.928112e+001 -8.824628e+000 -1.539077e+001  3.020677e+000 -2.099848e+001  2.226739e+000  5.899375e+000  3.058434e+000  7.030507e+001  2.450497e-001  8.257710e-001  1.014189e+000 -1.250088e+000  6.356853e-001  6.955919e-001  7.395065e-001 -2.818181e-001 -5.238531e-001  1.708778e-001 -2.070425e-001 -1.646778e+000 -1.152470e+000  3.076997e-001  4.930041e-002  1.695001e-001 -8.468112e-002  3.803822e-002 -1.896474e-001  1.342266e-001 -3.899376e-002  2.730870e-001  8.251218e-002 -4.613697e-001 -2.416687e-001 -3.632588e-001
-1.039613e+000 -9.435142e+000  3.101085e+001 -1.012429e+001 -1.957080e+001 -5.758854e+000 -1.534909e+001  3.163074e+000 -2.142252e+001  1.282055e+000  6.897169e+000  2.047139e+000  6.804796e+001  4.358894e-001  8.176409e-001  1.369780e+000 -1.512733e+000  7.421644e-001 -3.167496e-002  1.104327e+000 -3.639052e-001 -6.958519e-001  6.834522e-001 -1.338652e+000 -1.416039e+000 -1.460613e+000 -7.329658e-002  2.928264e-001  1.520261e-002 -7.781006e-002  2.189449e-001 -4.737345e-001  4.627205e-001 -4.093130e-001  2.979715e-001  4.046087e-001 -6.645272e-001 -3.279507e-001 -1.286201e-001
-5.548335e-001 -8.779991e+000  3.367220e+001 -1.299390e+001 -1.680616e+001 -9.270097e+000 -1.290898e+001  2.221114e+000 -1.977552e+001  1.051820e+000  5.483798e+000 -1.337632e+000  6.648221e+001  2.697810e-002  1.545023e+000  1.141827e+000 -1.460389e+000  1.074129e+000 -3.545191e-001  1.928753e+000 -1.380476e+000 -1.928858e-001  1.429647e+000 -1.941938e+000 -1.815018e+000 -1.447009e+000 -3.133994e-001  3.124514e-001 -3.060048e-001  2.884781e-001  1.539567e-001 -1.991969e-001  2.298470e-001 -3.383450e-001  2.341451e-001  4.711697e-001 -4.845790e-001 -3.738312e-001  7.991402e-002
-1.216050e+000 -7.141691e+000  3.474354e+001 -1.412244e+001 -1.670901e+001 -1.024809e+001 -1.073934e+001  1.670198e+000 -2.351902e+001  5.501811e+000  3.617235e-002 -1.135338e-001  6.537131e+001 -6.887410e-001  2.020880e+000  6.519047e-001 -1.268402e+000  1.411315e+000 -8.334759e-001  2.444612e+000 -1.817174e+000 -1.958162e-001  2.299174e+000 -2.764717e+000 -2.457164e+000 -1.050526e+000 -2.561527e-001  1.060952e-001 -4.295022e-001  6.204392e-001 -1.259514e-001  1.307121e-001  4.026399e-002 -3.093488e-002  3.302514e-001  2.501488e-004  2.976934e-001 -4.944775e-001  1.220446e-001
-2.701080e+000 -2.816616e+000  3.352449e+001 -1.447159e+001 -1.534136e+001 -8.352607e+000 -8.051887e+000 -3.135267e+000 -2.091466e+001  7.265097e+000 -3.798148e-001 -4.936322e+000  6.440835e+001 -7.596321e-001  1.786408e+000 -1.568966e-001  7.013683e-002  1.070894e+000  1.005078e-001  1.218599e+000 -1.246909e+000  3.968546e-001  1.718865e+000 -1.916905e+000 -2.995371e+000 -9.579433e-001 -2.760107e-002 -2.827950e-001 -3.954971e-001  8.515045e-001 -2.975798e-001  2.234872e-001 -8.239976e-002  4.003173e-001  2.106084e-001 -3.034844e-001  7.493495e-001 -1.250777e-002  2.435787e-002
-3.410195e+000 -2.312427e+000  3.434423e+001 -1.572745e+001 -1.324662e+001 -1.038498e+001 -5.554582e+000 -3.244603e+000 -2.183203e+001  9.671288e+000 -3.994611e+000 -8.439337e+000  6.383226e+001 -4.515692e-001  1.227424e+000 -1.283688e-001  8.241996e-001  1.140254e-001  3.943721e-001  1.660724e+000 -5.853633e-001  6.605349e-001  5.400940e-001  1.372989e-001 -3.298250e+000 -1.094922e+000  1.833947e-001 -4.305461e-001 -3.978938e-001  1.015350e+000 -4.811619e-001  3.721119e-001  2.303441e-001  3.888735e-001  2.943370e-001 -3.551454e-001  8.636847e-001  8.751832e-001 -1.744570e-001
-3.255921e+000 -2.262582e+000  3.308737e+001 -1.184071e+001 -1.318289e+001 -8.699112e+000 -9.408363e+000 -1.556031e+000 -1.863474e+001  7.561408e+000 -2.085333e+000 -1.215158e+001  6.246202e+001 -2.296132e-001  5.277758e-001 -4.455215e-001  1.750832e+000  2.348753e-001  1.489930e-001  1.908698e+000  5.204869e-003  4.319807e-001  7.917656e-001  3.538017e-001 -1.457014e+000 -1.303022e+000  1.756094e-001 -1.888914e-001 -4.529839e-001  8.327171e-001 -2.977848e-001  1.904205e-001  6.147500e-001  3.017555e-001  4.057188e-001 -7.314520e-002  3.891988e-001  1.463200e+000 -3.480724e-001
-3.196475e+000 -1.281586e+000  3.432026e+001 -1.131688e+001 -1.721812e+001 -8.102974e+000 -1.757479e+000 -2.046236e+000 -2.135631e+001  8.054126e+000  1.575426e+000 -1.299715e+001  6.086986e+001 -3.677683e-002  4.974660e-001 -1.193252e+000  2.967999e+000 -5.764856e-001  1.002841e+000  3.251283e+000 -4.988629e-001  1.258306e+000  9.869972e-001  4.183529e-001  1.149574e+000 -1.750272e+000  3.020721e-003 -1.994679e-002 -6.104153e-001  6.448349e-001  3.433628e-001  1.610021e-001  8.110301e-002  3.118775e-001  7.575791e-001 -1.021446e-001 -1.501711e-002  1.348865e+000 -4.442308e-001
-3.956005e+000 -6.931568e-001  3.130887e+001 -7.922710e+000 -1.218124e+001 -8.748644e+000 -4.069488e-001 -3.708426e+000 -1.899261e+001  1.203251e+001 -1.395825e+000 -9.942486e+000  5.937444e+001 -8.898113e-002  1.206930e+000 -1.889375e+000  3.161823e+000 -7.277489e-002  7.483757e-001  3.497070e+000  2.186184e-001  2.126563e+000  1.129688e+000 -1.114378e-001  2.096716e+000 -2.370630e+000 -1.643760e-001 -2.126849e-001 -9.101310e-001  6.887873e-002  8.205247e-001  3.103324e-001 -5.186122e-002  6.072971e-001  5.176114e-001 -9.991888e-001  1.550920e-001  5.713418e-001 -3.580187e-001
-3.244037e+000 -6.098094e-001  2.926722e+001 -2.846453e+000 -1.662988e+001 -5.346007e+000  6.201128e+000 -4.662720e+000 -1.536156e+001  1.237072e+001 -2.247601e+000 -3.796018e+000  5.662469e+001 -5.067816e-001  7.881132e-001 -2.458519e+000  3.342879e+000  1.984664e+000  8.996913e-001  1.272053e+000  8.673176e-001  3.601139e+000 -1.395900e-001  2.948331e-001  1.669210e+000 -2.782272e+000 -2.624742e-001 -7.522023e-001 -1.221193e+000 -7.704656e-001  1.016535e+000  3.458554e-001 -2.442054e-001  9.036149e-001  2.349376e-002 -1.668695e+000  2.865045e-001 -8.835292e-002 -1.390202e-001
-3.677046e+000  3.436180e+000  2.616701e+001 -2.668076e-001 -1.384088e+001 -6.335717e+000  4.097681e+000  8.453034e-001 -1.099929e+001  1.105155e+001 -7.310087e-001 -6.268570e+000  5.273145e+001 -8.164909e-001 -6.809723e-001 -4.363544e+000  1.907786e+000  3.056924e+000  1.752230e+000  2.639007e+000  2.358600e+000  1.848621e+000 -3.640885e+000  1.191022e+000  1.139877e+000 -2.577116e+000 -1.878093e-001 -1.181677e+000 -1.527565e+000 -1.291857e+000  5.050390e-001  6.581449e-001 -9.305365e-002  2.251715e-001 -6.586148e-001 -1.731081e+000  3.387119e-001  2.081685e-001  3.172269e-002
-5.869863e+000  5.943118e-001  2.459859e+001  1.569559e+000 -6.464976e+000 -4.810981e+000  2.350472e+000  1.348683e-002 -7.347270e+000  7.846656e+000  2.717184e+000 -6.488062e+000  5.027999e+001 -9.853932e-001 -2.319594e+000 -6.062132e+000 -2.573106e-001  2.941338e+000  2.230191e+000  2.459288e+000  2.949221e+000  1.514746e+000 -4.971193e+000  1.199646e+000  1.186229e+000 -2.342131e+000  3.000625e-002 -5.453095e-001 -1.531009e+000 -1.488136e+000 -5.045691e-001  2.922879e-001 -1.083832e-001 -3.386893e-001 -5.481679e-001 -8.578286e-001 -1.527591e-001  3.049946e-001 -1.499087e-001
-6.725547e+000 -4.700079e+000  1.182546e+001 -5.917867e-001 -1.979066e+000 -2.550072e-001  1.471341e+001  5.746471e+000 -1.375666e+001 -3.909884e+000  2.076891e+000 -2.897081e+000  4.966121e+001 -7.887216e-001 -3.147603e+000 -7.725392e+000 -1.497370e+000  1.974083e+000  3.373851e+000  2.438184e+000  3.035244e-001 -1.233140e-001 -5.109916e+000  1.129715e+000  3.379049e+000 -2.432088e+000  4.264431e-002  8.044032e-001 -2.355547e-001 -7.503376e-001 -8.077193e-001 -3.077351e-001 -1.214173e+000 -9.178091e-001  4.242658e-001  9.137877e-001 -6.039712e-001 -9.540520e-002 -5.359256e-001
-6.646752e+000 -8.139651e+000  6.127336e+000 -3.970516e+000 -7.854094e+000  2.764592e+000  1.318970e+001  7.632800e+000 -6.409155e+000 -5.004524e+000  2.346678e+000  4.493811e-001  4.644916e+001 -3.706350e-001 -7.051191e-001 -8.432641e+000 -2.395224e+000  3.239071e-003  1.550321e+000  8.305486e-001  2.014090e-001  1.846267e+000 -3.694218e+000 -4.383094e-001  2.074596e+000 -3.604330e+000 -2.379314e-001  1.651411e+000  1.224450e+000  3.411073e-001 -2.135386e-001 -8.783940e-001 -1.471496e+000 -6.737213e-001  7.637589e-001  2.005482e+000 -6.577458e-001 -7.378271e-001 -6.161029e-001
-7.232209e+000 -7.934855e+000 -3.224318e+000 -4.983619e+000 -3.275908e+000  6.745750e+000  1.086899e+001 -1.446731e+000 -1.208492e+001 -8.072443e+000  5.102821e+000  7.157953e+000  4.248643e+001 -9.106484e-001  2.533806e+000 -4.356062e+000 -7.749455e-001  4.873770e-001  5.534897e-001 -2.617489e+000 -8.565391e-001  3.804189e+000  2.895662e-001 -1.009857e+000  2.186668e-001 -4.625644e+000 -3.923279e-001  1.404675e+000  2.477411e+000  1.130790e+000  2.747115e-001 -1.248914e+000 -1.439720e+000  1.640656e-001  1.107620e+000  2.459890e+000 -5.774528e-001 -1.323840e+000 -1.240770e-001
-7.469707e+000 -1.313896e+000 -1.003972e+001 -8.210643e+000 -5.800360e+000 -5.597549e-001  8.425429e+000  4.617133e+000  1.048201e+000 -8.543153e+000 -9.873281e-001 -1.142597e+000  3.584573e+001 -2.114087e+000  3.096757e+000 -1.624549e+000  1.087014e+000  2.616998e+000 -7.515990e-001 -2.370355e+000  1.606465e-001  3.369788e+000  2.356476e+000 -1.019297e+000 -9.227154e-001 -4.325867e+000 -1.540274e-001  2.007512e-001  2.493469e+000  1.158382e+000  3.233273e-001 -6.623383e-001 -4.600348e-001  1.310177e-001  3.734970e-002  1.806762e+000  3.418583e-002 -6.142225e-001  7.703431e-001
-1.086731e+001  4.556075e+000 -1.871320e+000 -2.346451e+000 -5.690475e-001  4.174615e+000  4.008105e+000  2.971609e+000  1.535614e+000 -6.927384e-001 -1.305390e+000 -1.007757e+000  3.183470e+001 -1.878635e+000  1.974835e+000  1.257616e+000  2.415462e+000  2.040761e+000 -1.719758e+000 -3.159963e+000  1.144234e+000  4.653027e+000  4.164190e+000 -1.467054e+000 -1.741495e+000 -2.691704e+000  4.032778e-001 -8.558160e-001  9.875823e-001  1.691935e-001 -4.294296e-001 -4.225227e-001  5.883539e-001  2.176676e-001 -6.492958e-001  1.539295e-001  1.029751e-001 -1.890340e-003  1.339948e+000
-1.539964e+001  1.098668e+000 -2.671908e+000  1.459693e-001  3.877469e+000  2.921641e-001  4.768367e+000  6.226862e+000  3.629519e+000  3.088004e+000  4.542969e-001 -8.134053e-002  3.014569e+001 -6.567789e-001  5.781227e-001  1.227862e+000  1.801483e+000  8.431838e-001 -6.247466e-001 -1.198388e+000 -1.438888e-001  1.608597e+000  3.402282e+000 -3.878133e-002 -1.643517e-002 -7.195841e-001  7.556518e-001 -8.170401e-001 -4.967100e-002 -7.978861e-001 -1.112757e+000 -3.848291e-003  6.542489e-001 -1.514367e-001 -9.937418e-001 -1.218341e+000  6.470196e-002  1.654809e-001  1.225931e+000
-1.266042e+001  7.330374e-001 -6.201431e-001  2.915385e+000  2.088983e+000 -2.279001e+000 -3.102298e+000  3.469572e+000  9.889553e+000  6.932927e+000 -2.953263e+000 -2.080150e+000  3.187793e+001  3.770863e-001 -4.859566e-001 -8.443566e-001 -2.862123e-001 -7.728637e-001 -1.622550e+000 -2.617028e-001  3.840663e-001  1.438306e+000  5.363107e-001 -9.852392e-001 -2.439250e-001  2.709532e-001  4.046069e-001 -4.495058e-001 -5.863113e-001 -9.130711e-001 -7.772348e-001  3.771386e-001  7.656911e-001 -2.417421e-001 -1.396071e+000 -1.643806e+000  1.512412e-001  1.175652e-001  5.762566e-001
-9.857047e+000  3.488237e+000 -4.525999e+000 -1.834147e+000 -2.913456e+000 -4.566799e-001  5.988690e+000  3.648707e+000  4.914217e+000  4.655426e+000 -3.572980e-001 -6.885768e-001  3.222619e+001  5.363113e-001  2.419519e-001 -8.219175e-001 -1.551580e+000 -1.539973e+000 -8.194445e-001 -5.482405e-001 -2.164533e-001  8.439779e-003 -1.921290e+000 -9.366951e-001 -8.440961e-001  3.224581e-001 -1.641854e-001 -1.411616e-001 -7.927456e-002 -3.164775e-001 -8.589318e-002  3.574994e-001  8.152873e-002  2.979679e-002 -8.688633e-001 -1.109558e+000  1.205384e-001 -8.353030e-003 -4.617057e-002
-1.175317e+001  9.315075e-001 -5.166057e+000 -2.787454e+000 -1.037904e+000 -3.563714e+000  2.089430e+000  6.181018e+000  8.084795e+000  1.205104e+000 -5.825788e+000 -1.923764e+000  3.214921e+001 -4.521456e-001 -1.046087e-001 -6.490503e-001 -4.733623e-001 -6.538346e-001  2.632838e-001  3.434187e-001 -2.819457e-002 -1.527248e+000 -1.393052e+000 -2.618914e-001 -7.398384e-001 -3.314421e-001 -4.110212e-001  1.071642e-001  5.214986e-001  3.469397e-001  4.517103e-001  6.056989e-001  5.200110e-002 -1.249496e-001 -7.149225e-001  2.091926e-001  7.152320e-001  4.092221e-001 -3.133669e-001
-1.317170e+001  2.209193e+000 -4.508538e+000 -4.760509e+000 -2.258954e+000 -3.162702e+000 -5.686987e-001  3.788873e+000  4.574097e+000 -3.654536e+000 -2.792916e+000 -4.380014e+000  3.162234e+001 -1.063090e+000 -3.183591e-001  7.338362e-001  3.126699e-001  3.542033e-001  2.198334e-001 -1.093305e+000  2.112256e-001 -1.252942e+000 -1.180828e+000  2.022365e-001  1.897564e-001 -6.492394e-001 -2.086802e-001  9.911811e-002  5.214208e-001  5.485685e-001  7.212890e-001  4.730714e-001  1.514262e-001 -2.602407e-001 -6.658759e-002  1.103176e+000  9.632201e-001  9.724795e-001 -1.801516e-001
-1.326382e+001  8.495163e-001 -3.874125e+000  2.011755e+000 -1.507441e+000  3.904295e-001  1.893491e+000  3.258516e+000  2.423373e+000  4.122649e+000 -3.044911e+000 -3.933623e+000  3.052265e+001 -8.783193e-001  3.300197e-001  9.852596e-001  5.163613e-001  5.385994e-001  8.863055e-001  2.708350e-001 -4.545212e-001 -1.505616e+000  1.212043e+000  2.021455e+000  1.285259e+000 -8.100325e-001  2.398805e-001  1.340087e-001  1.127917e-001  1.161728e-001  6.008478e-001  3.798848e-001  3.076245e-001 -4.837037e-001  3.578151e-001  7.551267e-001  7.669865e-001  9.818705e-001  1.806768e-001
-1.441717e+001  1.937437e+000 -1.502784e+000 -2.670402e+000 -9.076707e-001 -1.334584e+000  6.201334e-001  6.166086e+000  1.480216e+000 -2.707484e+000 -7.365538e-001  1.265135e+000  2.979328e+001 -2.940026e-001  5.202283e-001  9.680317e-001  6.964011e-001  1.470255e+000  1.234402e+000  2.451822e-001 -1.304494e+000 -3.353143e-001  2.292045e+000  2.737732e+000  3.005753e+000 -3.390049e-001  4.411073e-001 -1.184721e-001 -6.799413e-001 -3.438320e-002  3.001505e-001  1.429583e-001  4.545490e-001 -3.324794e-001  4.663804e-001  3.076962e-001  9.834834e-002  1.840428e-001  3.701819e-001
-1.552203e+001  2.717484e+000 -1.742636e+000 -1.250701e+000  9.794517e-001 -4.624483e-002  2.849189e+000  2.719805e+000  2.103657e+000  6.791791e+000  3.253306e+000  1.679958e+000  2.901358e+001  3.627133e-001  1.461409e-001 -2.021898e-001 -8.436371e-002  1.792379e+000  1.655424e+000  1.212298e+000 -1.688853e+000 -1.969866e-001  6.461452e-001  2.305293e+000  2.761516e+000  4.168249e-001  2.474742e-001 -4.359892e-001 -7.528645e-001 -6.310618e-002 -9.695796e-002 -1.198731e-001 -3.336764e-003  2.351086e-001  5.600996e-001 -6.481668e-001 -6.347753e-001 -7.694627e-001  2.909976e-001
-1.351261e+001  3.876350e+000 -7.341241e-001  3.527242e-001  3.848874e+000  3.227643e+000  1.793631e-001 -2.464240e+000  3.057384e+000  6.471118e+000  7.746636e+000  7.841959e+000  3.068185e+001  5.219304e-001 -8.187803e-001 -2.072146e+000  4.411164e-001  1.228066e+000  5.500658e-001  7.087086e-001 -8.340051e-001  4.246453e-001  6.406020e-001  5.520591e-001  3.718422e-001  5.882416e-001 -1.339579e-001 -3.223505e-001 -2.601867e-001 -1.487890e-001 -6.859330e-001 -4.507241e-001 -3.249252e-001  9.028379e-001  5.191923e-001 -7.388074e-001 -8.499641e-001 -1.299238e+000 -3.336428e-002
-1.190254e+001  6.107645e-001 -5.269404e+000  7.837311e-002  5.076181e+000  6.386436e+000  8.175364e+000 -8.705867e-001  6.498565e-001  2.764074e+000  4.239960e+000  6.585544e+000  3.216249e+001 -4.891472e-002 -1.180422e+000 -1.258974e+000  3.284727e-001  1.749042e-001  6.291080e-001  2.238801e-002  4.857774e-001  9.149025e-001 -1.203070e+000 -5.958474e-002 -1.245099e+000  1.813324e-001 -3.808408e-001  2.085232e-002  5.799935e-001 -1.065882e-001 -8.926645e-001 -5.797276e-001 -6.426933e-001  9.716356e-001  7.169964e-001  6.172774e-002 -4.843945e-001 -6.621949e-001 -2.601806e-001
-1.361727e+001 -1.103105e+000 -1.010013e+001 -1.129357e+000  3.184294e+000 -1.800595e+000  1.500589e+000  3.791257e+000  4.330343e+000  2.509384e+000  1.530415e+000  6.715527e-001  3.116003e+001 -7.579783e-001 -4.282427e-001  1.954903e-001 -2.539620e-001 -1.150673e+000 -5.060609e-001 -7.844889e-001  2.122380e+000  1.704703e+000 -4.773844e-001 -3.296494e-001 -1.487131e+000 -3.880800e-001 -3.411630e-001  3.192402e-001  9.444710e-001 -2.164103e-001 -8.037795e-001 -4.533765e-001 -2.701767e-001  3.384531e-001  1.898467e-001  4.260572e-001 -1.040082e-001  2.130879e-001 -2.174874e-001
-1.571428e+001 -6.948996e-001 -3.354506e+000  1.132703e+000  2.186263e+000  5.613415e+000  2.300516e+000  2.020944e+000  6.041690e+000  2.757308e+000  6.063493e+000 -9.603354e-001  2.968115e+001 -9.015363e-001  5.513378e-002  1.563960e+000 -2.697653e-001 -1.481574e+000 -7.151509e-001 -1.254570e+000  1.691132e+000  2.747967e+000  1.513777e+000  3.241751e-001  3.800279e-001 -3.959173e-001 -6.633723e-002  2.540732e-001  2.960730e-001 -2.226632e-002 -2.891123e-001 -4.619989e-001  1.748385e-002 -3.496519e-001 -6.759688e-001  4.751653e-001 -1.042709e-001  3.727480e-001 -1.752762e-002
-1.539663e+001  2.387968e+000 -7.141216e-001 -1.444251e+000 -4.595294e-001  1.083849e+000 -8.056576e-001  6.701896e+000  8.884980e+000  4.087579e+000  5.186623e+000  4.179243e+000  2.998212e+001 -7.575741e-001  1.596426e-001  1.238742e+000 -3.418160e-001 -1.962592e+000 -1.044687e+000 -3.696060e-003  2.555827e-001  4.573467e-001  1.412464e+000 -1.598619e-001  6.247180e-001 -2.105707e-001  1.591638e-001 -7.366411e-002 -2.729892e-001  3.379140e-001  2.844266e-001 -7.844929e-002  1.993491e-001 -1.124230e+000 -1.448462e+000 -3.024608e-001  2.219857e-002 -5.788439e-002  1.102608e-001
-1.552054e+001 -8.591031e-001 -2.142609e+000 -1.113006e+000 -5.097795e-001  1.368459e+000  3.055637e+000  6.129755e+000  1.211237e+001  9.543861e+000  4.032731e+000  6.731839e+000  3.077186e+001 -3.808029e-001 -2.039990e-001 -3.002352e-001  2.610681e-001 -8.646973e-001 -1.411573e+000 -2.805892e-001 -3.290832e-001 -1.841263e+000  2.278322e-001 -6.658329e-001 -4.372836e-001  4.939652e-003  3.106428e-001  1.115117e-002 -4.298807e-001  3.822643e-001  6.490301e-001  2.288656e-001  2.877731e-002 -9.158664e-001 -1.502923e+000 -9.800298e-001 -1.063383e-001 -7.004476e-001  8.128067e-002
-1.750201e+001 -2.227902e-001 -4.512366e+000 -1.715582e+000 -5.280646e+000 -4.901555e+000  1.104548e+000  3.014765e+000  3.581736e+000  6.178430e+000  1.746486e+000 -5.094436e-002  2.956182e+001 -2.225260e-001 -6.669969e-001 -2.373584e-001  1.170191e+000 -3.697817e-002 -5.500962e-001 -2.747339e-001 -2.488661e+000 -3.242994e+000 -1.346716e+000  2.763475e-001 -1.367897e+000 -3.720455e-002  4.124695e-001  2.003601e-001  2.219913e-002  3.745393e-001  8.426108e-001  7.293867e-001 -7.516012e-002 -3.061912e-001 -1.412623e-001 -2.999066e-001  3.383894e-001 -4.041353e-001  7.511029e-002
-1.656560e+001 -4.095153e-001 -2.956560e+000  2.573709e+000  2.733343e-001  1.548251e+000 -5.753306e-002  2.219094e+000 -5.130042e-001  2.851044e+000  4.454397e+000 -1.031660e+000  2.991599e+001  3.841538e-001  5.242094e-001  1.526065e-001  8.855525e-001  8.007688e-001  1.818814e-001 -9.751645e-001 -1.516078e+000 -2.916476e+000 -2.006782e+000 -4.256213e-001 -2.125903e+000 -7.619705e-002  3.095902e-001  4.181755e-001  4.807289e-001  8.940520e-002  3.747861e-001  5.182405e-001  2.296707e-001  8.918813e-002  1.059082e+000  6.051485e-001  2.423803e-001  1.189795e-001  2.421539e-002
-1.598673e+001 -1.171810e+000 -1.493938e+000  2.563348e+000 -1.035977e+000 -1.756528e+000 -6.227421e-001 -3.786077e+000 -1.017300e+000  7.004079e-001  6.357528e+000  1.221507e+000  3.022403e+001  9.222952e-001  7.973387e-001  1.123317e+000  1.218638e+000  1.417729e+000  1.805519e+000 -3.220898e-002 -6.818759e-001  2.886412e-001  1.030239e+000  1.411979e+000 -5.516491e-001  2.055490e-001  2.374024e-002  3.697215e-001  4.686422e-001 -2.841831e-001 -6.599028e-002  1.615632e-001 -5.438234e-002  9.656516e-001  1.220330e+000  7.098896e-001 -3.635429e-002  2.769868e-001  6.590805e-002
-1.435741e+001  2.236454e+000 -2.888791e+000  1.175291e+000  1.371730e+000  7.053521e-001 -9.565405e-001  1.949784e+000 -1.704907e-001  2.248964e+000 -4.008962e-001 -4.533900e+000  3.005977e+001  5.947374e-001  1.154711e+000  1.423071e+000  6.838707e-001  2.818797e-001  1.821446e-003  7.465019e-001 -7.865348e-001  1.688328e+000  2.065097e+000 -2.174726e-002 -2.505102e-001  4.639816e-003 -2.982319e-001 -1.768383e-001  1.618583e-001 -4.789136e-001 -4.493210e-001 -4.846847e-001 -2.773396e-001  8.002862e-001  5.501633e-001  4.036859e-002 -1.023514e-001  3.711984e-001  5.862612e-002
-1.399463e+001  2.440919e+000  1.070334e+000  5.076817e+000  1.258799e+000  4.547491e+000  1.393007e+000 -2.599601e-001  4.853685e+000  1.163066e+001  1.123403e+001 -1.058070e+000  3.051768e+001 -2.091165e-001  8.663600e-001  1.470620e+000 -1.498833e-001 -1.074850e-001  3.477499e-001 -1.407479e+000  1.974826e+000  5.562527e-001  1.667926e-001 -1.073610e-001 -9.206594e-001  2.519173e-001 -9.992941e-002 -6.808760e-001 -3.456520e-001 -2.080430e+000 -8.993378e-001 -6.091914e-001 -2.221807e-001  2.440011e-001 -1.154681e+000 -8.237529e-001 -6.704557e-001 -4.035931e-001  6.672282e-001
-1.458796e+001  3.557675e+000  2.876661e+000  4.736328e+000  5.353444e-001 -1.594651e+000  2.667102e+000 -3.476639e+000  4.993143e+000  7.711404e+000  1.907410e+000 -1.144423e+000  2.979237e+001 -5.412999e-001 -3.944930e-001  7.882465e-001 -8.247548e-001 -6.832291e-001 -1.512658e+000 -1.674228e+000  1.157002e+000 -2.994653e-001 -1.373216e+000 -1.777081e-001 -8.540542e-002  1.937494e-001  5.453633e-001 -9.819610e-001 -4.524578e-001 -3.237219e+000 -6.154491e-001  2.976212e-001  5.758496e-001 -2.893251e-001 -1.764172e+000 -2.760982e-001 -1.945580e-001 -6.319278e-001  1.619999e+000
