36 39
-5.274950e+000  1.122404e+001  7.895792e+000  5.716595e+000 -1.073398e+000 -2.890599e+000 -4.428566e+000 -2.546452e+000  8.925042e+000  1.050369e+001  4.384282e+000 -1.912429e+000  3.423887e+001 -2.262562e+000  6.455971e-001 -2.205735e+000  1.865172e+000  2.895194e+000  1.493550e+000  4.159278e-001  3.323321e+000  1.599463e+000 -2.673502e+000  1.310219e+000 -3.169205e-001 -3.486761e+000  4.812362e-001 -5.607025e-001  3.202325e-001 -2.728564e-001 -1.284290e+000  3.031156e-001  1.257106e+000  1.420777e-001 -9.580007e-001 -3.308600e-001 -1.291235e+000 -1.660787e+000  8.922281e-001
-7.311444e+000  1.120988e+001  9.347924e+000  1.106964e+001  7.626379e+000  9.417825e-001 -2.168607e+000 -4.765075e+000  5.821492e+000  3.504358e+000  3.991625e+000  2.516538e+000  3.287703e+001 -1.711643e+000  8.381562e-002 -1.735802e+000  2.192729e+000  2.968412e+000  1.485033e+000  2.169873e+000  2.811196e+000 -9.816961e-001 -1.991557e+000 -3.554557e-001 -2.651362e+000 -2.334459e+000  4.900602e-001 -6.153730e-001  2.855985e-001 -1.023662e+000 -1.742483e+000 -1.910781e-001  7.753803e-001 -1.389660e-001 -5.981343e-001  4.237267e-001 -9.317414e-001 -6.287646e-001  1.028217e+000
-9.226472e+000  7.177275e+000  2.967686e+000  7.701651e+000  5.136916e+000  2.732430e+000  5.610317e+000  1.448432e+000  4.843575e+000  6.354465e+000 -2.959273e+000 -6.947868e+000  3.137062e+001 -1.508010e+000 -1.421636e+000 -1.082654e+000 -8.578436e-001 -2.173398e-001  9.242865e-001  3.058032e+000  2.692257e+000  1.711641e-001 -2.308247e+000 -1.662315e+000 -3.456508e-001 -8.490604e-001  3.102087e-001 -3.623410e-001  4.513169e-001 -1.082689e+000 -1.225856e+000 -3.960096e-001 -5.865999e-001 -4.063193e-001 -1.247102e-001  3.122317e-001  2.293126e-001  7.982030e-001  8.788582e-001
-1.051141e+001  6.683910e+000  3.606454e+000  1.002576e+001  7.016984e+000  1.808949e+000  9.650200e+000  3.731293e+000  1.642907e+000  6.647368e+000  4.652560e-001 -1.016222e+001  3.033332e+001 -1.099671e+000 -1.016362e+000 -1.022394e+000 -2.375643e+000 -1.596593e+000  3.346058e-001  5.275975e-001  2.312389e+000  7.787412e-001 -1.050325e+000  1.850274e-001  9.272231e-001 -3.702440e-001  1.989499e-001 -6.738714e-001  1.449273e-001 -8.834335e-001 -9.731572e-001 -2.752512e-001 -1.463050e+000 -8.731603e-001 -2.640069e-001  2.059996e-001  7.554270e-001  8.821593e-001  1.583689e+000
-1.121502e+001  6.378843e+000  5.353258e+000  1.949316e+000 -1.855399e+000  1.297250e+000  4.952192e+000  6.666651e+000  1.187016e+001 -2.609047e+000 -2.164107e+000  2.698695e+000  3.126542e+001 -1.017504e+000 -6.160190e-001 -3.058551e-001 -1.264088e+000 -9.515827e-001  8.871520e-002 -1.695934e+000  1.541128e+000  9.569278e-002 -1.582960e+000  2.186541e+000  1.884802e+000 -7.457733e-002  1.085687e-001 -8.078181e-001 -3.245368e-001 -5.780605e-002 -4.776961e-002 -3.066235e-001 -1.061744e+000 -1.377661e+000 -1.220559e+000  2.888198e-001  4.537852e-001 -2.138590e-001  2.550191e+000
-1.181553e+001  6.527288e+000  3.043170e+000  2.067589e+000  3.139573e+000  3.332401e+000  7.984430e-001  4.187762e+000  6.201908e+000  2.734492e+000  4.519179e+000  2.329372e+000  3.107841e+001 -9.621463e-001 -3.688350e+000 -1.399565e+000 -2.021317e+000 -1.530253e+000  5.265628e-001 -2.768396e+000 -9.790407e-001 -2.263995e+000 -1.324202e+000  1.497252e+000  6.442084e-001  5.196744e+000  4.394779e-001 -5.007774e-001 -1.274647e-001  2.647565e-001 -7.293171e-002 -8.798950e-001 -2.060970e-001 -1.594996e+000 -9.008117e-001  2.848592e-001 -8.384681e-001 -8.390185e-001  2.816899e+000
-1.366193e+001  4.175491e+000  1.720052e+000  5.360299e+000  2.317708e+000  2.414280e+000  1.556527e+000  8.925838e+000  3.042539e+000  3.961034e-001  5.946468e+000 -3.769653e+000  3.062519e+001 -1.033929e+000 -4.124732e+000 -2.516752e+000 -1.324037e+000 -4.893579e-001 -7.048094e-001 -6.026902e-001 -2.550333e+000 -4.410261e+000 -7.272087e-001 -4.950082e-002 -1.273438e+000  9.118402e+000  1.436802e+000  8.661351e-002  3.497733e-001  2.410277e-001 -5.955775e-001 -1.009427e+000 -8.544184e-002 -1.347433e+000  2.567720e-001  5.042731e-001 -9.341053e-001 -1.110672e+000  1.684559e+000
-1.409868e+001 -1.065616e+001 -1.574768e+000 -1.786316e+000 -2.720833e+000  3.883248e+000 -2.493947e+000 -2.293504e+000 -5.263260e+000 -1.476219e+000  3.896226e+000 -3.707002e+000  5.663716e+001  1.105931e+000 -1.765892e+000 -5.542684e-001 -1.021886e+000 -2.192364e+000 -3.668107e+000 -1.049509e+000 -3.616861e+000 -1.472341e+000 -5.390402e-002 -2.889292e+000 -1.688749e+000  9.117764e+000  2.219198e+000  1.163497e+000  8.626481e-001  7.419069e-001 -6.607362e-001 -7.628157e-001 -3.763399e-001 -2.546984e-001  1.549265e+000  2.504362e-001  4.965801e-001 -1.012090e+000 -1.252119e+000
-1.524308e+001 -5.653093e+000 -4.921535e+000 -2.743917e+000 -1.371986e+000 -2.502220e+000  3.584936e+000 -2.844382e+000 -4.448564e+000 -4.139736e+000 -2.100134e+000 -6.503101e-001  6.407806e+001  5.132469e+000 -1.144181e+000  1.020363e+000 -5.586645e-001 -3.598415e+000 -2.861086e+000 -2.982586e+000 -3.877129e+000  9.837255e-001  3.032565e-001 -2.907143e-001 -2.502079e+000  6.387708e+000  2.163999e+000  9.400272e-001  5.954782e-001  7.811130e-001 -3.031945e-001  1.013790e-001 -9.880275e-001  6.171085e-001  1.600338e+000 -1.907036e-001  1.902951e+000 -4.735523e-001 -2.952528e+000
-5.495297e+000  2.612122e+000  3.592621e+000  1.010266e+000 -5.977400e+000 -1.254988e+001 -5.463309e+000 -8.011432e+000  2.585756e+000  4.732891e+000 -5.903980e+000 -7.674045e+000  5.994080e+001  7.050642e+000  6.388603e-001  1.145118e+000  1.305532e+000 -3.279405e+000 -2.209378e+000 -3.460147e+000 -1.589135e+000  2.785338e+000 -5.872536e-001  4.100759e+000 -3.801923e+000  3.014965e-001  6.882097e-001  3.099697e-001 -6.153983e-001  4.051499e-001  1.274259e+000  6.942569e-001 -4.960800e-001  1.317768e+000  3.158018e-001 -6.150104e-001  1.863675e+000  6.557152e-001 -2.752715e+000
 7.698720e+000 -8.179555e+000  4.238174e+000  1.168685e+000 -1.404608e+001 -3.674582e+000 -1.187172e+001 -7.600844e+000  4.036658e+000 -1.192169e+000  9.393000e+000 -1.429653e+001  6.091191e+001  6.813712e+000 -6.269723e-001 -3.890542e-001  1.417819e+000 -1.461810e+000 -9.272788e-001 -4.337509e+000 -4.786541e-001  1.462589e+000 -1.414052e+000  5.970226e+000 -2.584613e+000 -1.236107e+000 -1.202255e+000  4.032862e-001 -1.071990e+000 -2.096944e-001  2.512907e+000  1.273123e-001  2.385390e-001  1.180639e+000 -4.219657e-001 -2.742060e-001 -4.542116e-001  1.872528e+000 -1.565945e+000
 9.683631e+000 -6.198632e+000 -4.290334e-001  2.785041e+000 -1.278081e+001 -6.577460e+000 -1.206635e+001 -7.860948e+000  4.420819e+000 -5.886270e+000  1.865345e+001 -1.589351e+001  5.972771e+001  3.706357e+000 -4.746476e-001 -2.926551e+000  1.562175e-002  3.110631e+000 -1.163726e+000 -2.852448e+000  1.272739e+000 -1.327632e-001 -2.270302e+000  3.298612e+000  1.631094e+000 -8.339035e-001 -1.902844e+000  2.084623e-001 -6.136667e-001 -6.492929e-001  2.259825e+000  1.477988e-002  4.072070e-001  3.782327e-001 -3.714948e-001  3.721852e-001 -2.477505e+000  2.050489e+000 -1.481776e-001
 1.123601e+001 -4.382577e+000 -4.855978e+000  3.457793e+000 -5.279329e+000 -1.012483e+001 -1.480108e+001 -5.312894e+000  1.946848e+000 -5.900415e+000  1.547228e+001 -9.463644e+000  5.800406e+001  7.933372e-001  1.429005e+000 -2.303751e+000 -9.621814e-001  5.771102e+000 -2.747350e+000 -2.093741e+000  5.951291e-001  3.329479e-001 -2.262496e-001 -2.160699e+000  4.144054e+000 -8.743175e-001 -1.590985e+000  2.850275e-001  2.262985e-001 -3.664170e-001  8.527976e-001  1.811775e-001  3.702001e-001 -2.519478e-001  4.660634e-001  4.984487e-001 -2.517275e+000  8.045995e-001  2.058276e-001
 1.126784e+001 -1.659605e+000 -6.493059e+000 -5.617895e-002  5.192376e+000 -1.514339e+001 -1.826087e+001 -2.791710e+000  2.966845e+000 -4.264495e+000  7.549439e+000 -1.935020e+000  5.722520e+001  5.466120e-001  6.531832e-001 -9.658673e-001 -7.509329e-001  4.403262e+000 -1.225443e+000 -2.545996e+000 -2.348631e-001  1.492685e+000  6.797712e-001 -4.221304e+000  3.086189e+000 -6.202862e-001 -6.852739e-001 -6.237126e-002  7.322658e-001  4.705569e-001 -1.051079e+000  5.210833e-001  1.208705e-001 -5.025517e-001  8.813804e-001 -2.844378e-002 -7.527424e-001 -9.172348e-001  2.080722e-001
 1.087330e+001 -3.304045e+000 -4.248567e+000 -2.221612e+000  5.822836e+000 -1.312837e+001 -1.924317e+001 -7.159818e+000  6.428385e+000 -3.134305e+000  4.141512e+000 -5.554993e-001  5.779158e+001  4.386603e-001  2.342499e-001 -2.379038e-001 -3.098846e-002  2.155863e+000  9.466934e-003 -2.639734e+000 -9.845920e-001  2.980182e+000 -3.968449e-001 -2.856191e+000  7.108368e-001 -3.137779e-001 -1.822615e-001 -4.313630e-001  4.943894e-001  1.227730e+000 -1.988874e+000  2.061922e-001  5.988100e-001  1.292096e-001  3.075764e-001 -1.009463e+000  1.070776e+000 -1.302013e+000  3.050302e-001
 1.259805e+001 -3.471982e+000 -5.562076e+000  1.870079e+000  3.684417e+000 -1.120290e+001 -2.257529e+001 -8.111802e+000  9.643475e+000 -3.870470e+000  3.212317e+000 -4.916635e+000  5.673252e+001  4.573266e-001 -1.891265e-001 -2.981456e-001  1.902810e+000 -3.371466e-001  6.328201e-002 -1.975099e+000 -4.501583e-001  2.950522e+000 -2.327223e+000 -1.173537e-001 -1.238472e+000 -7.381248e-002 -4.021425e-001 -3.791530e-001  6.605257e-001  1.169500e+000 -1.918829e+000 -7.483954e-001  1.598536e+000  7.570009e-001 -8.708964e-001 -1.296200e+000  1.817878e+000 -4.601512e-001  4.074931e-001
 1.276421e+001 -2.305139e+000 -6.510989e+000  2.339722e+000  6.253966e+000 -1.204774e+001 -2.584254e+001 -7.575808e+000  1.350944e+001 -8.081653e+000  3.359887e+000 -4.418653e+000  5.668151e+001 -7.332782e-002 -3.066552e-001 -1.656644e-001  3.849599e+000 -1.803062e+000 -2.360752e+000  6.148605e-001  1.348825e+000  1.141911e+000 -3.770067e+000  1.141203e+000 -2.036824e-001  3.775967e-001 -5.997267e-001 -4.211214e-001  1.264293e+000  4.779099e-001 -1.661779e+000 -1.024322e+000  2.256886e+000  1.027309e+000 -2.153620e+000 -6.031473e-001  1.653318e+000  2.736049e-001  4.157457e-001
 1.260902e+001 -3.104691e+000 -6.852576e+000  7.177204e+000  3.291078e+000 -1.536730e+001 -2.483668e+001 -4.834506e+000  1.417893e+001 -1.342694e+001  7.353483e+000 -6.195802e+000  5.741117e+001 -1.208106e+000 -9.721293e-001  2.300642e+000  3.156275e+000 -3.211422e+000 -3.782310e+000  3.819388e+000  2.383433e+000 -1.942662e+000 -4.114616e+000  2.869389e+000  1.242693e+000  1.071492e+000 -6.597837e-001 -2.649797e-001  1.780316e+000 -7.409623e-001 -1.199506e+000 -2.017835e-001  1.949090e+000  5.989416e-001 -2.652903e+000  6.137757e-001  1.093006e+000  1.941185e-001  2.881416e-001
 1.050117e+001 -5.020967e+000 -4.431639e+000  1.437282e+001 -2.995805e+000 -2.284993e+001 -1.503818e+001 -2.054343e+000  9.870214e+000 -1.720641e+001  7.776945e+000 -9.343278e-001  5.934024e+001 -1.727257e+000 -1.479856e+000  4.784170e+000  1.731828e+000 -4.715893e+000 -3.189346e+000  5.747455e+000  2.735158e+000 -5.341328e+000 -2.518885e+000  3.917028e+000  8.382789e-001  1.192299e+000 -4.240387e-001  4.337090e-002  1.589983e+000 -1.713458e+000 -5.925068e-001  1.299354e+000  5.584011e-001 -2.499752e-001 -2.019742e+000  1.594186e+000  6.334614e-001 -9.088590e-001  1.541226e-002
 7.689035e+000 -6.974715e+000  4.901458e+000  1.163490e+001 -7.747808e+000 -2.471336e+001 -8.880536e+000  1.044629e+000  1.749779e+000 -1.988117e+001  1.535073e+001 -4.453347e-001  6.076062e+001 -2.014627e+000 -9.274248e-001  6.128520e+000 -7.431162e-001 -4.878261e+000 -5.313385e-001  5.204052e+000  1.851383e+000 -7.072372e+000  1.160641e-001  3.959764e+000 -7.888600e-001  9.595448e-001 -4.222640e-002  4.569219e-001  5.566388e-001 -1.680305e+000  1.206478e-001  2.074653e+000 -8.549217e-001 -9.057642e-001 -5.765479e-001  1.941132e+000 -3.530433e-001 -1.611599e+000 -2.643972e-001
 6.587921e+000 -7.769404e+000  1.153284e+001  8.770013e+000 -1.180606e+001 -2.332143e+001 -5.083340e+000  3.160414e+000 -6.982625e+000 -1.744896e+001  1.894640e+001 -3.102492e+000  6.096828e+001 -1.790261e+000 -1.121530e-001  5.870310e+000 -2.767996e+000 -3.932177e+000  2.510533e+000  2.714534e+000  3.649737e-001 -6.391945e+000  2.085523e+000  3.763322e+000 -3.732201e+000  5.106316e-001  1.627829e-001  7.784354e-001 -4.678927e-001 -1.147601e+000  7.260542e-001  1.908137e+000 -1.648653e+000 -1.154469e+000  9.744583e-001  1.331116e+000 -1.155575e+000 -1.312978e+000 -3.872643e-001
 4.492510e+000 -6.367596e+000  1.580778e+001  6.263026e+000 -1.669510e+001 -1.778824e+001 -3.793837e+000  1.815029e+000 -1.275651e+001 -1.272534e+001  2.156758e+001 -9.056020e+000  6.139487e+001 -1.387736e+000  6.286290e-001  4.540766e+000 -2.995337e+000 -3.000041e+000  3.741015e+000  1.061240e+000 -9.602959e-001 -4.300093e+000  3.288840e+000  1.181026e+000 -4.530062e+000  9.033928e-002  2.565922e-001  7.978842e-001 -9.885718e-001 -3.674464e-001  9.534928e-001  1.077593e+000 -1.582591e+000 -9.349927e-001  1.804437e+000  2.682016e-001 -1.606029e+000 -2.586624e-001 -4.209900e-001
 3.148134e+000 -5.885291e+000  1.946675e+001  3.218780e+000 -1.818304e+001 -1.375982e+001 -4.008856e+000 -6.146741e-001 -1.483636e+001 -1.035671e+001  2.348514e+001 -1.528999e+001  6.157627e+001 -1.226788e+000  1.634295e+000  3.238583e+000 -2.880068e+000 -2.024732e+000  4.215164e+000 -4.244030e-001 -1.631347e+000 -1.855176e+000  2.550308e+000 -4.714779e-001 -3.856010e+000 -3.094200e-001  2.277329e-001  6.535913e-001 -1.016144e+000  2.549479e-001  1.006348e+000  1.174787e-001 -1.026995e+000 -4.802802e-001  1.690159e+000 -5.120469e-001 -1.643421e+000  9.236123e-001 -3.926508e-001
 2.470247e+000 -4.773627e+000  2.363833e+001 -5.661639e-001 -1.955952e+001 -1.078909e+001 -4.111579e+000 -1.869306e+000 -1.582382e+001 -6.983099e+000  1.898649e+001 -1.700190e+001  6.090833e+001 -1.013403e+000  2.188772e+000  2.501524e+000 -2.524312e+000 -1.064519e+000  4.004313e+000 -1.139433e+000 -1.825420e+000 -3.185732e-001  1.224679e+000 -1.952982e+000 -2.020267e+000 -7.353794e-001  1.124586e-001  3.591773e-001 -7.150705e-001  4.859146e-001  9.841199e-001 -2.392396e-001 -8.075816e-001 -7.351621e-002  1.145539e+000 -8.879752e-001 -9.819810e-001  1.280420e+000 -2.930852e-001
 1.465114e+000 -3.949154e-001  2.381048e+001 -2.215734e+000 -2.049750e+001 -5.745190e+000 -7.046484e+000 -3.154154e+000 -1.472486e+001 -7.568540e+000  1.787955e+001 -1.840960e+001  5.966446e+001 -8.387630e-001  2.375732e+000  1.809209e+000 -1.728769e+000  1.318022e-001  2.966278e+000 -1.320107e+000 -1.603865e+000  6.809197e-002  5.573681e-001 -2.886777e+000 -3.690372e-001 -1.039763e+000  5.519748e-003 -2.526722e-002 -3.925369e-001  5.652850e-001  8.610093e-001 -4.186329e-001 -5.521382e-001  9.342444e-002  6.600308e-001 -7.182939e-001 -4.654951e-001  1.076636e+000 -1.495259e-001
 2.670058e-001  1.831077e+000  2.614354e+001 -3.641277e+000 -2.086047e+001 -1.773992e+000 -7.972189e+000 -6.042334e+000 -1.440513e+001 -7.996029e+000  1.460546e+001 -1.759755e+001  5.867388e+001 -1.019456e+000  2.053797e+000  1.680100e+000 -1.141414e+000  8.422917e-001  3.169260e+000 -2.528816e+000 -1.341618e+000  4.659677e-001 -1.545664e-001 -2.521230e+000  1.285498e-001 -1.009915e+000 -5.911026e-002 -1.510652e-001 -3.412738e-001  4.328580e-001  7.172634e-001 -4.412129e-001 -4.967339e-001  2.630362e-001  4.010938e-001 -3.956138e-001  6.132882e-002  5.228792e-001 -4.431739e-002
 5.593921e-002  2.691018e+000  2.726019e+001 -3.887506e+000 -1.687356e+001 -3.435981e+000 -8.679084e+000 -6.547485e+000 -1.520525e+001 -7.063405e+000  1.124177e+001 -1.683735e+001  5.749467e+001 -1.196162e+000  1.575446e+000  1.686611e+000 -7.450927e-001  1.326909e+000  2.539525e+000 -2.490403e+000 -1.406126e+000  1.052707e+000 -3.515389e-001 -2.514829e+000  4.527611e-001 -9.197815e-001 -4.651029e-002 -2.478683e-001 -4.766264e-001  5.395101e-001  5.259526e-003 -5.046405e-001  2.479364e-002  7.704321e-002  3.084236e-001 -1.718562e-001  4.462588e-001  1.567466e-001  5.150383e-002
-1.922446e+000  3.952390e+000  3.031397e+001 -5.437346e+000 -1.716003e+001  3.902610e+000 -1.593936e+001 -6.880731e+000 -1.325378e+001 -8.008498e+000  9.699236e+000 -1.714527e+001  5.694364e+001 -1.130254e+000  1.833589e+000  8.564547e-001 -8.518599e-001  1.924244e+000  2.011625e+000 -3.037955e+000 -6.091088e-001  1.194589e+000 -2.989361e-001 -1.832312e+000  1.832296e-001 -1.016957e+000  1.128232e-001 -3.510383e-001 -7.338936e-001  3.860004e-001 -6.869694e-001 -7.259638e-001  1.015620e+000 -3.718715e-001  9.691937e-002  2.394888e-001  7.042205e-001 -3.510182e-002  1.408297e-001
-3.420973e+000  6.421659e+000  3.015831e+001 -5.043162e+000 -1.571317e+001  4.114136e+000 -1.551491e+001 -9.765585e+000 -1.003700e+001 -9.320000e+000  7.758518e+000 -1.637194e+001  5.593067e+001 -1.015915e+000  1.246495e+000 -1.621000e-001  8.240049e-001 -3.828764e-001  1.021893e+000 -9.415690e-001 -1.584903e+000  1.245900e+000 -2.297280e-001 -9.999420e-001  3.873560e-001 -7.787228e-001  2.026374e-001 -7.722803e-001 -7.182652e-001  4.107293e-002 -1.143133e+000 -7.373223e-001  1.223138e+000 -2.683638e-001 -1.713630e-001  5.189899e-001  8.552393e-001 -1.793243e-002  2.747615e-001
-3.645810e+000  9.133702e+000  2.897675e+001 -7.322749e+000 -1.181944e+001  4.509073e+000 -1.974405e+001 -7.478827e+000 -1.101632e+001 -8.362412e+000  7.185524e+000 -1.691411e+001  5.437110e+001 -5.454636e-001  4.630809e-001 -1.065013e+000  4.039347e-003 -1.737663e+000  2.982573e-001  1.774867e+000 -3.111587e+000  8.539683e-001  9.819721e-001  2.424289e-001 -1.425676e-002 -3.762959e-001  1.858620e-001 -1.219909e+000 -2.032709e-001 -4.238332e-001 -1.152642e+000 -7.827252e-001  9.165138e-001  1.833278e-002 -3.413273e-001  6.599225e-001  8.287004e-001  9.647976e-002  3.702904e-001
-4.161955e+000  6.332835e+000  2.711831e+001  1.175219e+000 -2.145824e+001  1.370254e+000 -1.148458e+001 -1.417295e+001 -1.009448e+001 -8.035088e+000  7.498916e+000 -1.501615e+001  5.488733e+001 -4.753710e-001 -1.600701e+000 -9.439819e-001 -9.676777e-001 -2.557801e+000 -2.904026e-001  1.218879e+000 -1.496706e+000  3.662024e-001  1.602957e+000  7.239971e-001  4.618421e-001  1.336956e-001  1.474489e-001 -9.742823e-001 -2.609907e-001 -7.536808e-001 -2.934645e-001 -1.356728e+000 -4.275768e-002  6.803061e-001 -5.344467e-001  9.686403e-001  5.348831e-001  4.502575e-001 -3.154257e-001
-4.279273e+000  6.312207e+000  2.650891e+001 -8.526340e+000 -2.297581e+001  6.765837e+000 -9.080189e+000 -2.023498e+001 -8.955200e+000 -3.741094e+000  1.104118e+001 -1.789445e+001  5.558383e+001 -4.712164e-001 -2.842356e+000  2.310411e-001 -2.075185e+000 -2.751502e+000 -1.245854e+000  4.643902e-001 -5.615438e-001 -7.219954e-002  2.084334e+000  1.449221e+000  6.283854e-001  3.782856e-001  3.992343e-002 -1.166750e-001 -1.143706e+000  4.932249e-002  4.920799e-001 -1.982303e+000 -5.108234e-001  1.279191e+000  6.345741e-002  8.511957e-001  2.818891e-001  1.258946e+000 -1.340858e+000
-5.481096e+000 -1.710978e-001  2.667232e+001 -9.279755e+000 -2.292399e+001  1.533741e+000 -1.475245e+001 -1.087104e+001 -9.236543e+000 -3.615876e+000  9.450675e+000 -1.357256e+001  5.599278e+001 -3.157944e-001 -1.972199e+000 -2.115080e+000 -1.904787e+000 -1.343279e+000 -4.989690e+000 -5.001189e-001  5.416051e-001 -9.632496e-001  4.062293e+000  1.071078e+000  2.317322e+000 -2.733142e+000 -1.650346e-001  7.014742e-001 -1.451334e+000  7.719299e-001  1.096248e+000 -7.421960e-001  2.768432e-001  1.098643e+000  6.260199e-001  3.123615e-001  2.204242e-002  4.637604e-001 -1.338893e+000
-5.342322e+000 -1.826111e+000  3.035495e+001 -1.247118e+001 -2.484407e+001 -1.801938e+000 -1.578817e+001 -1.193750e+001 -1.180628e+001 -1.503462e-001  1.345575e+001 -1.449398e+001  5.570980e+001 -4.256347e-001  6.545481e-002 -6.197994e+000  7.192067e-001  1.154758e-001 -7.263616e+000  8.024893e-002  2.265211e+000  1.835981e+000  4.008283e+000  1.478334e+000  5.352734e+000 -5.647168e+000 -2.081366e-001  6.986629e-001 -9.052110e-001  1.161120e+000  1.359451e+000  1.264850e+000  9.358977e-001  1.182310e+000  9.017292e-001 -8.313057e-001 -3.970643e-001 -7.719584e-001  1.175847e-002
-5.209403e+000  5.410007e-001  1.461989e+001 -6.376296e+000 -2.724050e+001 -1.929431e+001 -1.063119e+001 -1.561367e+001 -1.348519e+001  1.048100e+001  1.164702e+001 -5.129775e+000  4.115864e+001 -1.323335e+000  4.527646e-001 -4.986133e+000  1.494776e+000  1.489949e+000 -9.925017e-001  2.795165e+000  2.583131e+000  2.542211e+000  2.202790e+000  8.196526e-001  4.184698e-001 -3.548041e+000  1.059947e-001 -3.057896e-001  1.006001e+000  3.921336e-001  9.047691e-001  2.976505e+000  8.174012e-001  1.230239e+000  4.265659e-001 -1.968504e+000 -5.860534e-001 -2.152275e+000  2.453229e+000
-6.543293e+000  6.283432e+000  1.545161e+000 -6.382037e+000 -2.024018e+001 -1.913822e+001 -1.073957e+001 -6.537613e+000  2.349029e+000  9.251882e+000  1.733468e+001  4.647830e+000  3.476506e+001 -1.008129e+000 -5.615233e-001 -2.859488e+000  2.030636e+000  2.629137e+000  3.079805e+000  3.496237e+000  4.329243e+000  2.683716e+000 -1.142443e+000 -4.103878e-001 -2.281980e+000  8.445274e-001  6.030470e-001 -9.317392e-001  2.236274e+000 -8.139324e-001  6.733506e-002  2.560694e+000  4.206131e-001  4.560092e-001 -9.102704e-001 -1.928509e+000 -7.783279e-001 -2.421599e+000  3.423240e+000
