42 39
-3.285454e+000 -2.201095e+000  7.716048e+000 -4.452928e+000  2.874029e+000  8.762377e-001 -5.403165e-001  1.517165e+000 -9.201106e+000 -5.161209e+000  1.797372e+000 -7.405672e+000  5.445286e+001 -4.586654e+000  2.436889e+000 -2.803199e+000 -2.970501e-001  3.909706e+000 -1.446798e+000 -8.197477e-002  3.131601e+000 -5.779266e-002 -1.943362e+000  1.257954e+000  2.967312e+000  7.394623e-001 -8.924108e-001  1.664241e+000  1.356906e+000  1.354318e+000 -8.621439e-001 -8.224796e-001 -2.508036e-001 -9.301844e-001  7.793002e-001  8.264396e-001 -9.643627e-001  2.572160e-001 -7.678319e-001
-7.278102e+000  1.169398e+001  4.278219e+000  4.057373e+000  2.485878e+000 -5.076100e+000 -3.172373e+000  2.323743e+000 -1.131501e+001 -8.078261e+000  5.246969e+000 -4.709147e+000  4.927836e+001 -5.192949e+000  4.610034e+000 -7.877796e-001  1.410213e+000  2.400064e+000 -2.678823e+000 -9.955266e-001  1.234257e+000  3.933700e-001  2.042432e-002 -1.053255e+000  2.624881e+000 -2.869522e-001 -2.802538e-001  2.916797e-001  1.597902e+000  8.201088e-001 -7.392169e-001  1.713609e-001  3.418756e-001 -8.246216e-001  6.919308e-001  1.020280e+000 -1.045764e+000 -3.993417e-001 -5.224352e-001
-1.404918e+001  2.178589e+001  8.685433e+000  6.164164e+000  7.348505e+000 -1.005117e+001 -4.220492e+000  1.639705e+000 -6.313623e+000 -8.483275e+000 -2.832149e+000  1.604518e-001  4.588585e+001 -5.494061e+000  4.327769e+000  1.426176e+000  2.998368e+000  3.311519e+000 -1.874449e+000  4.651200e-001 -2.571518e-001  1.277748e+000 -7.291784e-002 -1.882280e+000  1.818925e+000 -1.548059e+000  7.718771e-001 -1.260111e+000  9.683183e-001 -2.089849e-001 -9.171457e-001  8.009616e-001  6.597489e-001 -2.944719e-001  1.027352e-001  8.230389e-001 -2.721307e-001 -7.677068e-001  1.376952e-001
-1.909882e+001  2.096776e+001  9.001072e+000  6.959200e+000  1.177271e+001 -9.934204e+000 -7.315063e+000  7.800146e-001 -8.984406e+000 -7.021501e+000 -4.865603e+000  7.161252e-001  4.756680e+001 -4.140906e+000 -4.243422e-002  1.392205e+000  6.294581e-001  2.285233e+000  1.135963e+000  2.202397e+000  1.353826e+000  1.099786e+000  1.480136e+000 -1.552227e+000  5.901853e-001  1.855816e-001  1.635894e+000 -1.695736e+000  2.735830e-001 -9.920146e-001 -1.197683e+000  6.001241e-001  6.048205e-001  2.835492e-002 -4.299732e-001  2.353943e-001  6.312630e-001 -6.690434e-001  5.882539e-001
-2.484540e+001  1.480086e+001  1.248550e+001  9.087996e+000  1.478821e+001 -6.066956e+000  3.856629e+000  1.003270e+000 -3.977665e+000 -6.054178e+000 -2.557743e+000 -1.023682e+000  4.756834e+001 -1.253291e+000 -1.537432e+000  9.484005e-001 -9.515971e-001 -6.186069e-001  6.506167e-001  1.617808e+000  1.599457e+000  1.026756e-001  1.441977e+000  1.467864e-001  1.461259e-001  1.191671e+000  2.133583e+000 -1.129985e+000 -2.683398e-001 -1.029173e+000 -1.700865e+000 -5.634213e-001 -2.909831e-001 -2.467572e-001 -1.057109e+000  3.534802e-002  5.547340e-001 -9.391329e-002  8.486131e-001
-2.258452e+001  1.497433e+001  9.339211e+000  5.742747e+000  1.019219e+001 -1.388393e+000  3.801053e+000  9.411089e+000 -6.984056e+000 -1.892130e+000 -2.651367e+000 -1.166154e+000  4.936502e+001  8.661358e-001 -9.360461e-001  8.190230e-001 -1.574878e+000 -1.623289e+000 -9.407354e-001  1.452232e+000  4.477265e-001 -1.168959e+000  4.399486e-001  1.088527e+000  1.160634e-001  1.284452e+000  1.867378e+000 -4.491253e-001 -1.623625e-001 -1.798168e-001 -1.281694e+000 -1.424362e+000 -8.708792e-001 -1.062766e+000 -8.472263e-001 -4.893828e-001  3.529752e-001  8.882776e-002  5.222387e-001
-1.857278e+001  1.709545e+001  1.325837e+001  2.014405e+000  5.045731e+000 -1.107099e+001 -1.689512e+000  5.321455e+000 -6.800420e+000 -3.838077e+000 -3.205335e+000  1.832221e+000  5.094510e+001  2.670335e+000 -8.753511e-001  3.710678e-001 -1.045331e+000 -3.238544e+000 -3.653206e+000 -6.147130e-001 -1.037888e+000 -2.873426e+000  6.239160e-001 -4.289871e-001  1.586420e+000  2.145571e+000  1.199323e+000 -7.883607e-001  1.404258e-001  2.841482e-001 -6.258874e-001 -5.733709e-001 -1.005406e+000 -7.589697e-001 -2.723153e-001 -3.862176e-001  6.094468e-002 -2.575444e-001  3.251368e-001
-1.790445e+001  1.514024e+001  1.270975e+001  2.621608e+000  8.527506e+000 -1.213586e+001  2.719169e+000  8.595547e-001 -1.341782e+001 -5.929808e+000  9.008283e-001 -1.315090e-001  5.230069e+001  3.234170e+000 -2.619102e+000  8.690589e-001 -2.227587e-001 -2.813270e+000 -3.833934e+000 -1.035739e+000 -2.641330e+000 -1.648295e+000 -5.577475e-001  5.005361e-001  3.141772e-001  2.319825e+000  7.046409e-001 -1.192922e+000  5.532191e-001  1.029584e-001 -3.831961e-001  5.710903e-001 -1.113572e+000  1.493378e-001  3.753418e-001 -1.075806e-001  9.292746e-003 -6.421782e-001  1.266860e-001
-1.383377e+001  1.034115e+001  1.265557e+001  5.421909e+000 -5.721684e-001 -1.895925e+001  1.324006e+000  8.959547e-002 -1.512791e+001 -9.157591e-001 -6.478776e+000  6.391094e+000  5.682837e+001  3.559309e+000 -4.637708e+000  1.625512e+000 -2.069158e-001 -3.153053e+000 -7.696387e-001 -2.165238e+000 -6.508631e-001 -1.019233e+000  9.736824e-003  7.455053e-001 -1.240653e+000  2.299669e+000  1.455211e-001 -8.227514e-001  6.798218e-001 -1.878825e-001 -6.362176e-003  1.661845e+000 -7.162348e-001  8.514424e-001  6.326458e-001 -1.786243e-001  4.883891e-001 -1.025204e+000 -2.894633e-001
-8.783181e+000  5.255968e+000  1.398590e+001  2.925201e+000 -1.065209e+000 -1.661393e+001 -2.884399e+000 -1.179628e+000 -1.106178e+001 -6.142026e+000  1.488034e+000 -1.874705e+000  5.802251e+001  3.944853e+000 -5.019479e+000  2.957896e+000 -1.479293e+000 -3.582015e+000  4.729325e-001 -3.340367e+000  1.000903e+000 -2.193469e-001  2.091351e-001  5.477448e-001 -1.681291e+000  1.840833e+000 -3.447072e-001  1.885286e-001  3.249467e-001 -1.131625e-001 -7.146237e-002  1.597142e+000 -2.486597e-001  8.915637e-001  2.843896e-001  2.392047e-002  2.208879e-001 -3.290322e-001 -5.035205e-001
-5.336870e+000 -1.150957e+000  2.074785e+001  8.280288e-001 -5.923178e+000 -1.268015e+001 -9.713918e+000  3.086731e+000 -1.307461e+001 -3.683284e+000  2.285886e-001 -3.499446e+000  5.958253e+001  3.042599e+000 -3.788919e+000  2.725758e+000 -1.356477e+000 -2.885982e+000  2.502584e+000 -3.043573e+000  1.398208e+000 -4.246713e-001 -6.526471e-001  1.989354e+000 -2.541866e+000  9.377510e-001 -7.499869e-001  1.113639e+000 -3.843464e-001  2.955108e-001  1.956224e-001  6.979839e-001  4.807532e-001  6.065283e-002  2.259794e-001 -1.898518e-001  1.225401e-001  3.913576e-001 -5.875219e-001
-2.428631e+000 -4.211102e+000  2.345309e+001 -2.477918e+000 -6.707062e+000 -1.291075e+001 -8.463705e+000  4.365502e+000 -1.554121e+001 -3.500370e+000  2.858698e-001 -3.592694e+000  6.012777e+001  1.768990e+000 -2.100853e+000  1.943669e+000 -2.137906e-001 -3.304118e+000  2.515664e+000 -1.839870e+000  7.919534e-001 -5.236278e-001 -1.069532e-001  9.830511e-001 -6.803772e-001  4.831814e-001 -8.546354e-001  1.189940e+000 -8.297722e-001  7.998588e-001  2.745731e-001  1.102401e-001  8.491061e-001 -5.229989e-001  2.974871e-001 -2.110703e-001  2.215266e-002  6.630471e-001 -5.023072e-001
-1.798046e+000 -3.869911e+000  2.155076e+001  1.341086e+000 -1.218115e+001 -8.297922e+000 -1.110420e+001  4.308068e+000 -1.501155e+001 -5.499823e+000  4.069077e+000 -5.459243e+000  6.046449e+001  8.973066e-001 -5.288256e-001  2.108934e-001  6.378871e-001 -2.313890e+000  1.698915e+000 -5.117205e-001 -2.431241e-001  2.628039e-001 -7.814779e-001  1.140552e+000  2.156780e-001  4.088478e-002 -4.692654e-001  7.502549e-001 -9.114246e-001  8.165817e-001  3.898693e-001 -7.035384e-001  9.397032e-001 -6.042064e-001  3.929244e-001 -1.242328e-001 -2.125898e-001  6.290810e-001 -3.670695e-001
-1.707644e+000 -3.888820e+000  2.330279e+001  1.599720e+000 -1.445681e+001 -6.226727e+000 -1.138861e+001  2.169470e+000 -1.271145e+001 -5.768523e+000  4.483046e+000 -4.296693e+000  5.999743e+001  7.443221e-001 -6.998269e-001  6.646786e-002  1.522819e+000 -2.495195e+000  1.425968e+000 -3.607624e-001 -7.934254e-001  9.243512e-001 -7.818010e-001  1.082909e+000  2.551723e-001 -2.222698e-001 -5.240840e-003  2.254154e-001 -9.637129e-001  7.645462e-001  6.616858e-001 -1.093579e+000  6.049517e-001 -1.822701e-001  4.022845e-001 -5.008644e-001  1.601343e-001  1.746832e-001 -2.733734e-001
-1.210831e+000 -3.956226e+000  2.187747e+001  1.978645e+000 -1.361775e+001 -7.527589e+000 -1.081007e+001  2.969126e+000 -1.317547e+001 -6.456597e+000  3.832763e+000 -2.069057e+000  5.985212e+001  1.208606e+000 -7.381582e-001 -8.927641e-001  1.858127e+000 -1.341097e+000 -4.702593e-001  9.153897e-001 -8.301350e-001  8.159612e-001 -9.363874e-001  8.764762e-001  1.357638e-001 -5.448707e-001  2.453354e-001 -6.912374e-002 -9.546294e-001  7.085525e-001  8.442484e-001 -1.224998e+000  1.515626e-001  2.063947e-001  4.992117e-001 -7.206138e-001  2.559644e-001  1.125639e-001 -1.808105e-001
 9.993719e-001 -7.667079e+000  2.362208e+001  4.817399e+000 -1.846474e+001 -6.166079e+000 -1.041458e+001  1.067846e+000 -1.183750e+001 -6.930988e+000  5.818571e+000 -4.011926e+000  5.932261e+001  1.587136e+000 -8.691095e-001 -2.323066e+000  2.998820e+000 -4.820854e-001 -1.867644e+000  4.713337e-001  1.741086e-001  1.211216e+000 -2.533821e+000  1.915761e+000  2.329957e-001 -5.908077e-001  1.763031e-001  8.257081e-002 -1.101755e+000  3.432533e-001  1.306536e+000 -1.087319e+000 -3.010218e-001  3.142057e-001  7.437541e-001 -6.387127e-001 -4.853685e-002  3.307213e-001 -9.762830e-002
 2.891475e+000 -5.671572e+000  1.692730e+001  9.022882e+000 -1.688267e+001 -1.067954e+001 -7.014266e+000  7.082057e-001 -1.136872e+001 -9.600527e+000  7.783695e+000 -4.922808e+000  5.807755e+001  1.702577e+000 -7.898030e-001 -3.367486e+000  3.442649e+000  9.007969e-001 -2.779269e+000 -1.699555e-001  3.050821e-001  2.615430e+000 -3.508537e+000  2.003949e+000  7.895858e-001 -6.788990e-001 -2.763634e-002  1.267880e-001 -7.423357e-001 -2.763984e-001  1.288046e+000 -2.525662e-001 -9.027338e-001  1.597352e-001  7.764618e-001  1.257089e-001 -5.685946e-001  4.284206e-001  1.072311e-003
 4.176884e+000 -7.376694e+000  1.416255e+001  1.307170e+001 -1.523478e+001 -1.398897e+001 -1.092984e+001  4.170474e+000 -7.558740e+000 -1.686566e+001  1.208638e+001 -1.704839e+000  5.793068e+001  1.378852e+000 -2.611505e-001 -4.204947e+000  2.446825e+000  2.916538e+000 -2.856123e+000 -1.323199e+000  2.099946e-001  3.743388e+000 -2.689290e+000  2.764884e-001  1.581868e+000 -6.433972e-001 -1.479892e-001  2.768739e-001 -3.379967e-001 -1.096502e+000  1.139833e+000  4.911946e-001 -7.930933e-001 -2.686370e-001  3.407249e-001  1.285790e+000 -1.082260e+000  1.345947e-001  2.428276e-002
 5.713296e+000 -8.050433e+000  9.769802e+000  1.506474e+001 -1.072875e+001 -1.751249e+001 -1.140222e+001  2.943223e+000 -2.237699e+000 -1.903195e+001  1.071860e+001  7.253284e-001  5.715359e+001  1.174566e+000 -4.081976e-001 -3.663502e+000  7.521328e-001  3.399820e+000 -1.238850e+000 -2.701013e+000 -4.940202e-002  3.432185e+000 -2.301085e-001 -1.146861e+000  1.603431e+000 -5.132145e-001 -1.647293e-001  3.481992e-001  7.826495e-003 -1.535762e+000  5.805075e-001  1.008467e+000 -4.424672e-001 -3.974148e-001 -3.165850e-001  1.792855e+000 -8.603423e-001 -2.525752e-001  8.185619e-002
 6.482724e+000 -7.783401e+000  6.176097e+000  1.403059e+001 -6.959013e+000 -1.703022e+001 -1.483660e+001  1.000310e+000  2.313927e+000 -1.566173e+001  5.733560e+000  1.073344e+000  5.656760e+001  1.111195e+000  3.244575e-001 -3.865042e+000 -1.138429e+000  3.967569e+000 -1.818797e-001 -2.228604e+000 -9.918343e-001  2.506464e+000  2.255914e+000 -1.920137e+000  4.990468e-001 -5.522362e-001 -7.396135e-002  2.230979e-001  2.295438e-001 -1.379182e+000 -2.063294e-001  1.078982e+000  8.036433e-002 -2.345084e-001 -6.606455e-001  1.227825e+000  7.029602e-002 -5.409812e-001  1.789273e-001
 7.611384e+000 -7.509207e+000  2.603009e+000  1.230410e+001 -4.021454e+000 -1.535317e+001 -1.856595e+001  2.046278e+000  8.558660e-001 -1.135304e+001  5.225801e+000  1.705255e+000  5.619302e+001  1.012759e+000  6.583893e-001 -3.498306e+000 -2.443533e+000  3.277819e+000  9.259424e-001 -1.929589e+000 -1.081077e+000  1.650967e+000  2.983135e+000 -1.199450e+000  6.812000e-002 -3.151985e-001 -2.310872e-002 -5.387753e-002  4.138868e-001 -1.041985e+000 -6.887257e-001  7.772574e-001  3.888156e-001  1.672999e-001 -3.636403e-001  1.428058e-001  7.532508e-001 -5.821575e-001  3.340133e-001
 8.783816e+000 -6.025020e+000 -1.579269e+000  8.759875e+000  1.249421e+000 -1.597803e+001 -1.849099e+001 -3.402252e-001  3.426795e+000 -9.425547e+000  5.232096e+000  3.004320e-001  5.564978e+001  1.089949e+000  3.210457e-001 -3.139826e+000 -2.851254e+000  1.945891e+000  1.456392e+000 -1.307089e+000 -4.467096e-001  1.330769e+000  1.843216e+000  6.542631e-001 -3.553829e-001  1.522312e-001 -5.461942e-002 -5.618501e-001  7.801697e-001 -5.757821e-001 -1.018104e+000  5.696347e-001  2.260210e-001  8.482774e-001 -1.474183e-001 -6.036518e-001  8.755071e-001 -3.762984e-001  4.977128e-001
 9.626543e+000 -5.637677e+000 -3.844047e+000  5.482436e+000  1.556127e+000 -1.340887e+001 -1.922297e+001 -1.791897e+000  5.460702e+000 -7.234364e+000  4.972082e+000  1.452385e+000  5.603650e+001  1.069645e+000 -6.758794e-001 -1.956677e+000 -3.601379e+000  9.670312e-001  1.828300e+000 -1.217692e+000  5.145351e-001  2.201830e+000  6.902696e-001  1.332193e+000 -8.801416e-001  8.046185e-001 -1.910434e-001 -6.996905e-001  7.750262e-001  2.100468e-004 -9.846974e-001  3.471169e-001  3.072521e-001  1.096548e+000 -9.488462e-002 -8.067264e-001  5.664169e-001 -4.007625e-001  4.984250e-001
 1.092489e+001 -7.113937e+000 -6.299503e+000  3.185155e+000 -1.834615e-002 -1.072041e+001 -2.104354e+001  6.858487e-001  6.665352e+000 -8.504983e+000  9.131735e+000 -5.771348e-001  5.740701e+001  8.096549e-001 -1.817658e+000 -7.350084e-001 -3.438416e+000  3.244520e-002  2.215115e+000 -1.454447e+000  2.451747e+000  1.493940e+000  3.840877e-001  1.191577e+000 -9.083142e-001  1.376419e+000 -4.256348e-001 -3.658178e-001  5.338288e-001  5.006650e-001 -8.173784e-001  2.489367e-001  6.384630e-001  7.463167e-001 -3.714674e-001 -4.794272e-001  1.043213e-001 -4.335277e-001  3.351437e-001
 1.188907e+001 -1.034414e+001 -4.820257e+000 -2.915437e+000  1.447585e+000 -8.840475e+000 -2.337814e+001  4.105916e+000  1.024574e+001 -8.361971e+000  9.936947e+000 -2.256670e+000  5.933749e+001  1.976889e-001 -1.770711e+000 -8.255838e-001 -2.148901e+000 -6.889452e-001  2.282165e+000 -3.196495e-001  2.952436e+000  1.094958e+000 -3.209334e-001  1.363978e+000 -1.659227e+000  1.564832e+000 -5.337310e-001  1.901466e-001  1.136646e-001  9.119106e-001 -7.161300e-001  1.958871e-001  1.124861e+000  2.370981e-002 -8.891120e-001 -2.066424e-001  1.178884e-001 -4.862832e-001  4.873391e-002
 1.170083e+001 -1.276008e+001 -4.766205e+000 -4.233270e+000  1.465917e+000 -7.186652e+000 -2.368565e+001  8.969602e+000  8.503977e+000 -6.941305e+000  8.707546e+000 -2.386612e+000  6.088139e+001 -6.022464e-001 -9.606274e-001 -1.036228e+000 -1.074168e+000 -1.313012e+000  2.474143e+000  1.436204e+000  2.065923e+000  2.686758e-002 -4.831877e-002  1.159977e+000 -2.133479e+000  1.447843e+000 -4.164134e-001  5.716111e-001 -4.090928e-002  7.852877e-001 -6.047460e-001  2.366458e-001  1.312953e+000 -8.523083e-001 -9.919335e-001 -1.041894e-001  3.774661e-001 -5.695122e-001 -2.153430e-001
 1.022702e+001 -1.166816e+001 -8.738615e+000 -1.552859e+000 -2.630731e+000 -3.764926e+000 -1.950016e+001  8.828407e+000  1.001618e+001 -9.620870e+000  1.200406e+001 -5.939012e+000  6.212348e+001 -8.930589e-001 -1.536621e-001 -1.237744e+000 -2.239503e-001 -1.940890e+000  2.678222e+000  2.961290e+000  8.259957e-001 -1.510193e+000 -1.267391e-001  1.937435e+000 -2.698976e+000  1.012576e+000 -1.374341e-001  4.975179e-001  3.183093e-001  1.236569e-001 -2.849490e-001  2.019374e-001  8.977325e-001 -1.084097e+000 -1.163529e+000  2.872885e-001  2.923906e-001 -3.151976e-001 -3.540264e-001
 8.744686e+000 -1.125507e+001 -9.521464e+000 -2.866977e+000 -4.544250e+000 -8.874660e-001 -1.580150e+001  8.654221e+000  6.914469e+000 -8.117127e+000  1.389806e+001 -9.403357e+000  6.325323e+001 -7.270383e-001  2.318726e-001 -7.334747e-001 -4.744537e-001 -2.365313e+000  3.200316e+000  3.469848e+000 -7.465744e-001 -2.163151e+000 -2.339563e-001  2.792179e+000 -3.236001e+000  5.758324e-001  1.309453e-001  3.149671e-001  5.377566e-001 -2.715443e-001 -1.030503e-001  1.453342e-001  2.961464e-001 -9.613150e-001 -8.745331e-001  4.171381e-001  2.527112e-002  1.005656e-001 -3.905913e-001
 8.901849e+000 -1.186496e+001 -8.631347e+000 -4.718336e+000 -5.251780e+000  1.401040e+000 -1.251376e+001  8.393585e+000  3.489526e+000 -8.407755e+000  1.702886e+001 -1.224317e+001  6.321445e+001 -4.270857e-001  1.206284e-001  6.145859e-001 -1.830474e+000 -1.587540e+000  2.928766e+000  3.152191e+000 -1.061799e+000 -3.627680e+000  1.208328e+000  2.009830e+000 -2.683954e+000  2.307056e-001  1.903539e-001  2.769554e-001  4.925220e-001 -4.061064e-001  5.383072e-002 -1.048632e-002 -1.469467e-001 -7.458582e-001 -3.648388e-001  6.192561e-001 -5.952148e-001  6.592496e-001 -3.255891e-001
 8.728220e+000 -1.150232e+001 -8.487213e+000 -5.022800e+000 -9.050122e+000  6.231945e+000 -9.829608e+000  5.454141e+000  9.515477e-001 -8.717644e+000  2.015604e+001 -1.541454e+001  6.321506e+001 -1.805064e-001  4.770628e-001  7.263900e-001 -1.628628e+000 -2.004939e+000  3.075542e+000  2.821485e+000 -1.796755e+000 -3.287055e+000  1.369838e+000  1.250135e+000 -1.638162e+000 -1.141785e-001  1.571169e-001  3.225583e-001  2.053771e-001 -1.704032e-001  5.974618e-002 -1.421143e-001 -4.302101e-001 -4.847043e-001  2.264141e-001  5.520993e-001 -1.095356e+000  1.173734e+000 -2.595417e-001
 8.099825e+000 -1.094139e+001 -6.182811e+000 -9.627320e+000 -8.315495e+000  7.319197e+000 -6.725156e+000  5.119453e+000 -5.140756e+000 -3.278971e+000  1.892422e+001 -1.635319e+001  6.329609e+001 -2.145552e-001  1.108520e+000  4.949340e-001 -1.677395e+000 -1.851923e+000  2.688177e+000  2.550738e+000 -2.378205e+000 -2.772436e+000  2.167644e+000 -2.676176e-001 -2.016473e-001 -2.703636e-001  1.319200e-001  3.347309e-001 -8.925469e-002  1.607585e-001 -7.053590e-002 -1.308092e-001 -5.683026e-001 -4.457343e-001  9.569550e-001 -1.649660e-002 -1.017091e+000  1.267758e+000 -2.109204e-001
 8.243166e+000 -9.331535e+000 -7.113782e+000 -8.555624e+000 -1.303709e+001  1.153117e+001 -4.588379e+000  1.307514e+000 -5.205663e+000 -3.832329e+000  1.920106e+001 -1.553916e+001  6.264152e+001 -4.771919e-002  1.350718e+000  3.532366e-001 -1.403009e+000 -1.934390e+000  2.610039e+000  1.619524e+000 -2.511893e+000 -1.458702e+000  2.046882e+000 -1.545877e+000  1.391515e+000 -4.713417e-001  1.444547e-001  2.105381e-001 -5.014483e-002  1.568505e-001  1.054500e-001 -3.346692e-001 -5.593145e-001 -2.614768e-001  1.159686e+000 -4.334539e-001 -6.741595e-001  1.040026e+000 -1.938824e-001
 8.071600e+000 -7.407753e+000 -6.843392e+000 -1.133890e+001 -1.251791e+001  1.219232e+001 -2.380687e+000 -1.424126e+000 -7.294048e+000 -1.219110e-002  1.616827e+001 -1.318910e+001  6.214940e+001  1.661207e-001  1.357455e+000  3.548891e-001 -1.139491e+000 -1.975494e+000  2.507471e+000  9.116588e-001 -2.932901e+000  2.429193e-001  7.873232e-001 -1.677619e+000  2.140000e+000 -6.453148e-001  1.806291e-001  1.266200e-001 -7.019650e-002  3.488715e-001  1.571394e-001 -5.347232e-001 -3.947423e-001 -1.782423e-001  1.230004e+000 -9.312397e-001 -1.289779e-001  6.019312e-001 -2.244597e-001
 8.503736e+000 -6.515544e+000 -6.390739e+000 -1.118206e+001 -1.662086e+001  1.684558e+001 -3.904220e+000 -3.833534e+000 -5.265318e+000 -1.166231e-001  1.380464e+001 -1.003901e+001  6.143170e+001  3.514289e-001  1.405286e+000  5.456883e-001 -1.113327e+000 -1.415904e+000  1.492549e+000  8.444524e-001 -2.826790e+000  1.003697e+000 -1.072709e-001 -1.415661e+000  2.391144e+000 -8.961147e-001  7.235894e-002  2.278771e-001 -1.751564e-001  3.660417e-001  5.700639e-001 -9.981064e-001 -5.006508e-002 -5.562188e-002  7.417346e-001 -8.039275e-001  2.966452e-001 -2.637162e-002 -1.909662e-001
 8.800143e+000 -5.562114e+000 -4.769887e+000 -1.401156e+001 -1.640107e+001  1.719934e+001 -2.508942e+000 -6.974530e+000 -3.896332e+000 -1.200207e+000  1.323434e+001 -8.403263e+000  6.067443e+001  4.890161e-001  1.714336e+000  4.772563e-002 -7.787857e-002 -1.325470e+000  5.733064e-001  9.645623e-001 -3.111968e+000  2.146384e+000 -1.411478e+000 -9.776150e-001  2.308194e+000 -1.180276e+000 -1.029484e-001  3.233880e-001 -2.830480e-001  3.141131e-001  1.071197e+000 -1.274096e+000 -1.402673e-001  3.570499e-001  5.034137e-003 -2.715130e-001  5.132821e-001 -5.608986e-001 -8.340335e-002
 9.636039e+000 -3.227926e+000 -5.422093e+000 -1.278593e+001 -1.817502e+001  1.649039e+001 -3.019897e-001 -1.005124e+001 -1.886038e+000 -3.774675e+000  1.358972e+001 -5.976356e+000  5.889843e+001  1.526279e-001  2.311663e+000 -3.689639e-001 -1.036072e-001  5.909170e-001 -1.413411e+000  1.342747e+000 -2.700469e+000  1.298238e+000 -8.733547e-001 -4.126531e-001  1.175560e+000 -1.158692e+000 -2.725553e-001  2.275539e-001 -1.366324e-001 -3.846639e-002  1.530135e+000 -9.140847e-001 -8.619403e-001  7.293016e-001 -4.366679e-001  3.325045e-001  5.474913e-001 -9.500277e-001  8.497439e-002
 9.950529e+000 -4.798835e-001 -7.089087e+000 -1.092636e+001 -1.836818e+001  1.523644e+001  6.410090e-001 -1.387511e+001  1.748232e+000 -5.240554e+000  1.138765e+001 -3.679456e+000  5.751466e+001 -2.492209e-001  2.521206e+000 -6.030247e-001 -7.378616e-002  2.377080e+000 -2.410028e+000 -3.882520e-002 -1.210813e+000  1.208192e-001 -1.871998e-001  3.872871e-001 -5.670066e-002 -9.310429e-001 -3.321782e-001 -1.199313e-001  3.565561e-001 -4.127843e-001  1.538705e+000 -2.558908e-001 -1.609879e+000  9.720524e-001 -5.928721e-001  7.960243e-001  4.872433e-001 -1.122879e+000  2.097719e-001
 8.691683e+000  2.501658e+000 -7.075959e+000 -1.324270e+001 -1.268273e+001  1.075998e+001  1.234541e+000 -1.388559e+001 -1.596409e+000 -2.463223e+000  1.266471e+001 -6.523112e+000  5.721812e+001 -6.422290e-001  2.139620e+000  1.879014e-001 -1.307705e+000  4.383496e+000 -1.586208e+000 -2.963555e+000 -1.308599e-001 -1.668606e-001  9.431125e-001  6.393442e-001 -1.176548e+000 -5.958592e-001 -1.742893e-001 -5.636256e-001  7.600569e-001 -1.858842e-001  7.924109e-001  4.031137e-001 -1.994224e+000  8.255407e-001  1.623772e-002  5.731952e-001  1.535313e-001 -8.328614e-001  1.841554e-001
 8.026217e+000  4.179125e+000 -6.958077e+000 -1.415211e+001 -7.261822e+000  8.014411e+000 -3.471333e+000 -1.111142e+001 -3.437050e+000 -2.791933e+000  1.563327e+001 -8.413388e+000  5.685937e+001 -7.744467e-001  1.200701e+000  1.552073e+000 -1.539751e+000  4.471766e+000 -6.197490e-001 -4.931681e+000  4.634895e-001 -8.542714e-002  1.660410e+000  9.326029e-001 -2.130145e+000 -4.128326e-001 -2.518088e-003 -8.121419e-001  9.445084e-001  5.090442e-001 -2.392636e-001  4.220487e-001 -1.343512e+000  3.565578e-001  6.548939e-001  3.430827e-002 -4.935326e-001 -2.942855e-001  6.782921e-002
 7.387050e+000  5.140669e+000 -4.548091e+000 -1.771158e+001 -1.810725e+000  1.217037e+001 -1.306359e+001 -1.208738e+001 -1.277002e-001 -2.834235e-001  1.466363e+001 -9.492127e+000  5.624678e+001 -4.562058e-001  1.537881e-001  2.353771e+000 -3.000459e-001  3.505629e+000 -2.929815e-001 -6.181943e+000  5.900835e-001  1.482550e+000  1.068817e+000  8.234568e-002 -1.952025e+000 -4.970203e-001  8.169349e-002 -6.473057e-001  7.178068e-001  1.392938e+000 -1.049927e+000 -9.110886e-002 -4.517632e-002  2.557583e-002  7.342356e-001 -6.946568e-001 -9.902428e-001  2.161750e-001 -1.039894e-001
 6.730612e+000  4.204114e+000 -5.926539e-001 -1.639067e+001 -1.445354e+000  1.143250e+001 -1.686833e+001 -1.245677e+001  5.867414e-001  1.971595e+000  1.505121e+001 -1.284567e+001  5.593616e+001 -3.548229e-001 -5.465872e-001  3.036582e+000  1.967605e+000  1.619695e+000 -9.463978e-001 -5.147191e+000  2.115047e-001  2.570583e+000 -7.851046e-002 -1.801876e+000 -1.140389e+000 -6.413162e-001 -1.758252e-001 -8.004881e-002  3.692454e-001  1.342407e+000 -9.495499e-001 -4.682316e-001  1.166170e+000 -2.672013e-001  5.189871e-001 -1.063710e+000 -1.358910e+000  6.602063e-001 -1.241916e-001
 7.058456e+000  3.258104e+000  1.510187e+000 -1.362364e+001  1.937184e+000  7.586028e+000 -2.297668e+001 -1.026249e+001  3.804444e+000  4.990960e-001  1.336747e+001 -1.406710e+001  5.519463e+001 -4.435734e-001 -2.232645e-001  3.034681e+000  3.903305e+000  5.598979e-001 -1.878427e+000 -3.081681e+000  1.230116e-001  2.176312e+000 -1.660711e+000 -2.944630e+000 -5.905505e-001 -1.001564e+000 -6.061068e-001  5.621396e-001  2.970133e-002  5.465251e-001 -4.181624e-001 -6.299558e-001  2.063450e+000 -3.122954e-001 -2.968820e-001 -7.561746e-001 -1.080296e+000  8.213728e-001  6.725311e-004
