24 39
-1.421077e+001  1.078112e+000 -2.815361e+000 -3.767026e+000 -2.295798e+000 -2.115562e+000  1.043484e+000  2.244989e+000  5.398908e+000  1.094343e+001  6.826792e+000  4.258869e+000  3.052005e+001 -2.437327e+000 -3.073241e-001  2.428834e+000  3.439806e+000  3.118692e+000  2.736084e+000  6.487472e-001 -1.073950e+000 -6.303183e-001 -8.221884e-001 -2.507232e+000 -2.642327e+000 -1.333887e+000  2.530329e+000  2.709169e-001 -9.661400e-001 -2.232359e+000 -5.240029e-001  9.725568e-001  5.880299e-001 -1.012517e-001 -1.594998e+000 -2.015525e+000  4.988802e-001 -1.775465e+000  3.078368e+000
-1.447445e+001  3.472606e+000  1.986357e+000  1.405020e+000 -3.002622e+000  1.301144e+000  3.424052e+000  4.092129e+000  8.805868e+000  8.044057e+000  3.513558e+000 -1.968877e+000  2.925706e+001  1.770133e+000 -6.820557e-001 -3.791946e-001  1.611420e-001  2.160768e+000  2.412720e+000  1.082682e+000 -6.526817e-001 -2.063027e+000 -3.361304e+000 -9.850175e-001 -5.105240e+000  3.801820e+000  2.602221e+000 -1.661835e-001 -1.796439e+000 -2.841093e+000 -1.086405e+000  3.219758e-001  1.964675e-001 -4.193741e-001 -1.002347e+000 -1.309509e+000  1.386776e+000 -9.233159e-001  3.564565e+000
-1.345328e+001  1.306896e+000 -4.694915e+000 -5.014939e+000 -3.220124e+000  3.841806e+000  5.948187e+000  3.686783e-001  1.011986e+000  3.751476e+000  3.567087e+000  2.872763e-002  3.042445e+001  4.771858e+000 -1.381042e+000 -2.121620e+000 -3.992172e+000  2.006861e-001  2.788733e+000  1.014529e+000 -1.625994e+000 -2.920844e+000 -4.604196e+000  1.287139e+000 -6.307274e+000  8.666466e+000  1.467816e+000 -2.624561e-001 -9.209357e-001 -1.732531e+000 -9.393507e-001  9.920581e-002 -1.730317e-001 -4.419203e-001  2.447035e-001 -4.024115e-001  1.235191e+000  4.608698e-002  2.612490e+000
-5.759965e-001 -1.261279e+000 -7.850686e+000 -1.019778e+001 -2.625533e-001  5.814325e+000  3.646967e+000 -2.839890e+000 -2.937392e+000 -2.573315e+000  6.352577e+000 -1.754828e+001  5.153879e+001  5.027064e+000 -1.592651e+000 -3.079484e+000 -4.547831e+000 -1.003780e-001  3.178228e+000  4.020494e-001 -2.741283e+000 -1.736533e+000 -3.658489e+000  2.456325e+000 -4.854280e+000  1.019206e+001 -3.482509e-001  9.947526e-003  3.010826e-001 -2.645191e-001 -6.225995e-001 -2.777195e-002 -2.538187e-001 -2.652041e-001  9.243851e-001  6.349440e-001  3.558770e-001  1.818774e+000 -1.302065e-001
 2.699287e+000 -3.460155e+000 -8.504940e+000 -1.792649e+001 -2.662401e+000  9.571511e+000  6.004670e+000 -2.418970e+000 -3.333683e+000 -6.768861e+000  1.184298e+001 -1.948780e+001  6.271151e+001  3.273289e+000 -1.164307e+000 -8.256997e-001 -2.868362e+000 -4.474888e-001  2.849359e+000  1.239051e-001 -2.239251e+000  4.299518e-001 -2.685653e+000  1.948053e+000 -2.537372e+000  8.533445e+000 -1.235774e+000  2.847658e-001  9.076081e-001  1.036897e+000 -2.285815e-001 -2.618372e-001 -4.754787e-001  3.233644e-001  9.931442e-001  9.953738e-001 -6.142741e-001  2.425284e+000 -2.324487e+000
 2.584582e+000 -2.107123e+000 -1.150605e+001 -1.487836e+001 -3.783373e+000  1.432743e+001  5.406058e+000 -8.220461e+000  2.296040e+000 -4.988221e+000  1.165724e+001 -1.648202e+001  6.407381e+001  7.781631e-001 -7.406855e-001  4.782584e-001 -1.723359e+000 -6.281426e-001  2.243547e+000  2.588999e-001 -1.672074e+000  8.835005e-001 -1.145855e+000  4.639106e-001  2.103680e+000  3.217298e+000 -1.006424e+000  3.225488e-001  9.058101e-001  1.070713e+000 -1.428023e-001 -5.730321e-001 -4.520837e-001  9.116782e-001  3.842129e-001  5.810923e-001 -7.799606e-001  1.791977e+000 -2.899568e+000
 1.332880e+000 -4.091717e+000 -6.995733e+000 -1.701646e+001 -3.697158e+000  1.383205e+001  5.688167e+000 -8.137290e+000  5.450292e-001 -8.469337e+000  1.065502e+001 -1.319126e+001  6.682417e+001  7.174380e-001 -3.831956e-001  6.375493e-001 -2.199223e-001 -6.783389e-001  1.946888e+000 -1.291290e+000 -5.437762e-001  7.348602e-001 -8.836435e-001 -7.880246e-001  2.340168e+000  5.314094e-001 -3.514806e-001  3.153216e-001  1.917417e-001  6.362815e-001 -1.370126e-001 -4.886896e-001 -5.153602e-001  9.168687e-001 -1.118915e-002  2.091471e-001 -2.569882e-001  4.501050e-001 -2.207640e+000
 3.998023e+000 -4.648925e+000 -6.213997e+000 -1.926959e+001 -2.885888e+000  1.490179e+001  5.099718e+000 -8.341100e+000 -4.592462e-001 -7.452353e+000  9.266108e+000 -1.017815e+001  6.556895e+001  1.272869e+000 -3.704622e-001  7.179423e-001 -5.184847e-001 -6.989642e-001  7.643032e-001 -1.150771e+000  9.693708e-001  3.207758e-002 -1.654032e+000 -7.544003e-002  1.666836e+000 -3.047668e-001  7.916587e-003  3.474587e-001 -1.897179e-001  3.348669e-001 -1.722670e-001 -4.500282e-001 -2.777730e-001  5.442563e-001  2.816439e-002 -3.411105e-002  3.160013e-001 -8.345588e-001 -8.663939e-001
 5.579757e+000 -4.105232e+000 -7.963219e+000 -1.683048e+001 -6.502839e+000  1.901877e+001 -2.986118e-001 -5.077532e+000  1.718261e+000 -9.955013e+000  9.098417e+000 -1.093889e+001  6.462099e+001  1.268534e+000  2.271895e-001  1.316671e-002 -2.893910e-001 -1.097141e+000  1.145533e+000 -1.748060e+000  1.024371e+000  7.997175e-001 -1.385829e+000  9.327871e-001 -6.842480e-002 -7.437245e-001 -1.611658e-001  4.604163e-001 -3.059339e-001  2.291092e-003 -2.463306e-002 -6.256337e-001  4.306050e-001 -8.852411e-002 -3.058152e-002  3.426887e-001  3.004073e-001 -8.403903e-001 -2.282873e-001
 6.825488e+000 -3.952677e+000 -7.432593e+000 -1.756377e+001 -5.875354e+000  1.555559e+001  2.645590e+000 -4.903486e+000  1.869812e+000 -1.251555e+001  1.205834e+001 -9.274021e+000  6.365156e+001  5.421983e-001  6.914153e-001 -1.581397e-001 -1.428986e-002 -1.280077e+000  3.940838e-001 -9.015802e-001  2.651343e-001  9.918938e-001 -1.065318e+000  1.183511e+000 -8.648180e-001 -4.771050e-001 -3.465198e-001  5.685275e-001 -3.114389e-001 -6.224672e-002  1.441080e-001 -6.016823e-001  5.939676e-001 -3.545893e-001 -2.358616e-001  8.034323e-001 -3.396627e-001 -3.267554e-001 -3.017589e-002
 6.261816e+000 -3.303894e+000 -6.320601e+000 -1.931632e+001 -7.688130e+000  1.923281e+001 -1.825072e+000 -4.734244e+000  3.379087e+000 -1.286689e+001  1.392284e+001 -1.398545e+001  6.406424e+001  2.769445e-001  1.387947e+000 -4.540791e-001 -4.605642e-001 -5.109479e-001 -9.961709e-001  7.371390e-001 -6.342784e-001  1.020445e-001  5.354425e-001  8.453617e-002 -5.959568e-001 -5.238579e-001 -2.583698e-001  4.284988e-001 -1.389473e-001 -1.098896e-001  2.284554e-001 -8.017675e-001  8.236497e-001 -1.350335e-001 -6.769405e-001  7.754955e-001 -7.079719e-001  4.523438e-001 -1.640865e-002
 6.367985e+000 -1.592517e+000 -7.826005e+000 -1.809812e+001 -8.693625e+000  1.676519e+001  1.355047e+000 -7.187072e+000  3.669809e+000 -1.132300e+001  1.277145e+001 -1.297896e+001  6.346180e+001  3.606443e-002  1.891796e+000 -6.056291e-001 -7.441317e-001 -2.715206e-001 -1.173257e+000  5.764666e-001  2.574863e-002 -7.983941e-001  1.402493e+000 -1.349628e+000  2.968249e-001 -5.655796e-001 -9.982938e-002  2.467131e-001  8.596919e-002 -2.634481e-001  2.470708e-001 -5.257099e-001  3.929852e-001  3.548764e-001 -8.423734e-001  5.286427e-001 -5.648845e-001  7.061604e-001 -8.397930e-002
 7.193231e+000  1.654425e+000 -1.003691e+001 -1.886613e+001 -7.648443e+000  1.343311e+001  4.032355e+000 -7.107131e+000  1.328485e+000 -7.874072e+000  9.164541e+000 -1.206621e+001  6.209658e+001  2.297513e-001  1.769493e+000 -4.578250e-001 -4.739178e-001 -4.591419e-001 -2.079635e+000  1.631165e+000  4.688958e-001 -1.689841e+000  1.257743e+000 -1.340503e+000  1.612473e+000 -7.815304e-001 -7.733642e-002 -3.510068e-002  2.567980e-001 -7.813831e-002  2.762907e-002 -1.056314e-001 -1.066821e-001  4.399736e-001 -5.023843e-001  1.004863e-001 -2.929537e-002  3.783591e-001 -2.500259e-002
 6.540102e+000  3.027146e+000 -8.602585e+000 -2.150952e+001 -7.252801e+000  1.258915e+001  2.599210e+000 -3.588299e+000 -1.096857e+000 -7.999486e+000  7.689348e+000 -8.749519e+000  6.180750e+001  6.664796e-002  1.734208e+000  2.735792e-001 -1.324854e+000 -7.062564e-002 -1.692734e+000  6.163328e-001  1.487929e+000 -2.324030e+000  1.216745e+000 -9.283916e-001  1.561769e+000 -7.681652e-001 -6.139314e-002 -1.708621e-001  2.288962e-001  1.862191e-001 -7.022978e-002  7.115443e-002 -1.382403e-001 -3.586654e-002 -6.367266e-002  6.079936e-003  3.612063e-001 -1.913667e-001  3.151085e-002
 7.324513e+000  3.233739e+000 -8.221437e+000 -1.998021e+001 -1.070425e+001  1.092266e+001  5.708671e+000 -4.189151e+000 -2.686785e+000 -8.239929e+000  9.761377e+000 -8.037809e+000  6.098374e+001 -1.250294e-001  1.291238e+000  3.903069e-001 -5.608948e-001 -4.732501e-001 -1.264589e+000  1.837954e-001  8.344991e-001 -1.647059e+000  1.130748e+000 -2.725588e-001  6.633667e-001 -5.475780e-001 -1.079688e-001 -1.514907e-001  1.322627e-001  2.682628e-001  3.054115e-002  2.961584e-001 -4.462696e-001 -2.504520e-001  3.283906e-001 -1.670169e-001  4.760585e-001 -5.102977e-001  9.600712e-002
 6.635583e+000  6.288865e+000 -7.365844e+000 -2.416535e+001 -7.518849e+000  9.556748e+000  3.598553e+000 -1.206416e+000 -5.942707e+000 -5.056349e+000  7.831076e+000 -7.184313e+000  6.017739e+001 -9.351091e-002  1.276613e+000  1.147859e-001  2.304523e-001 -6.156154e-001 -1.225007e+000  6.089500e-001 -3.363857e-001 -1.138148e+000  1.496391e+000 -7.756834e-002 -1.854557e-001 -5.250015e-001 -4.506798e-002 -1.449106e-001  7.175189e-002  2.339313e-001  1.509452e-001  3.941049e-001 -5.612981e-001 -3.019719e-001  6.242902e-001 -7.041972e-001  5.734326e-001 -2.018551e-001  7.498966e-002
 6.520344e+000  6.479755e+000 -8.703744e+000 -2.034269e+001 -9.881669e+000  8.626369e+000  4.451660e+000 -4.125577e+000 -4.483885e+000 -3.691902e+000  7.730884e+000 -9.531977e+000  6.017374e+001 -2.300132e-001  1.240837e+000  2.828850e-001  8.974304e-002 -3.394132e-002 -8.327059e-001 -5.964917e-001  1.287931e-001 -6.408289e-001  2.828360e-001  6.143776e-001 -6.540336e-002 -4.230766e-001  1.125215e-002 -3.960329e-002  2.026060e-001 -2.970210e-001  4.787206e-001  6.203853e-001 -1.014342e+000  2.007540e-001  5.317496e-001 -1.160343e+000  5.145345e-001  4.609954e-001 -4.500547e-003
 6.474633e+000  7.787204e+000 -7.787502e+000 -2.017602e+001 -1.074217e+001  7.612262e+000  6.272465e+000 -5.302015e+000 -5.889049e+000 -2.791547e+000  8.316753e+000 -8.929714e+000  5.958749e+001 -1.062000e-001  1.034855e+000  6.860496e-001 -4.805163e-001  4.644459e-001  6.184902e-002 -1.800014e+000  3.309228e-001  2.943057e-001 -1.880285e+000  1.495303e+000  9.168788e-001 -4.554676e-001  2.651055e-002 -1.344164e-001  3.492069e-001 -4.910599e-001  5.527221e-001  8.948821e-001 -1.347946e+000  3.541728e-001  3.999265e-001 -1.004409e+000  3.459155e-001  7.000732e-001 -3.330643e-002
 6.254923e+000  8.688755e+000 -6.596183e+000 -2.152616e+001 -9.262299e+000  7.731371e+000  1.389256e+000 -1.497386e+000 -5.917758e+000 -7.958150e+000  1.259043e+001 -7.492126e+000  5.916331e+001 -6.242409e-002  1.214101e+000  1.117705e+000 -1.690516e+000  1.380322e+000  1.193909e+000 -3.683433e+000  1.504615e+000  2.954619e-001 -2.982628e+000  1.513678e+000  2.417176e+000 -6.048477e-001  1.623608e-002 -2.973393e-001  4.048866e-001 -1.282090e-001  1.657473e-001  9.890831e-001 -8.963361e-001 -2.564079e-001  1.928647e-001  7.502327e-002  1.901176e-002  1.673494e-001 -4.742203e-002
 6.237294e+000  1.035864e+001 -4.989377e+000 -2.597620e+001 -5.506305e+000  1.031349e+001 -3.870315e+000 -8.658971e-001 -3.754241e+000 -1.232465e+001  1.287782e+001 -3.619845e+000  5.840527e+001 -4.475269e-002  6.178995e-001  1.443410e+000 -1.334718e+000  1.440863e+000  2.236096e+000 -4.587309e+000  7.465675e-001  3.933385e-001 -1.892922e+000  1.202359e+000  2.073620e+000 -6.006481e-001 -6.697201e-002 -5.106051e-001  3.649848e-001  6.629412e-001 -2.565400e-001  5.900903e-001 -2.754892e-001 -8.387012e-001  6.774885e-002  1.258259e+000 -1.423380e-001 -7.793590e-001 -1.960910e-002
 6.326893e+000  1.126454e+001 -4.514281e+000 -2.589518e+001 -5.597989e+000  1.324530e+001 -8.894115e+000  1.179438e+000 -4.073979e+000 -1.383849e+001  1.301874e+001 -1.010302e-001  5.774061e+001 -1.795565e-001 -3.738165e-002  1.928638e+000 -1.242012e-001  3.065867e-001  3.025586e+000 -3.684525e+000 -1.361068e+000  2.739784e-001  6.642710e-001  8.559084e-001  1.929730e-001 -5.875965e-001 -7.205288e-002 -8.373660e-001  2.603199e-001  1.422587e+000 -9.454335e-002 -5.334936e-001  3.165365e-001 -1.023722e+000  3.050351e-001  1.614108e+000 -3.596971e-001 -1.365686e+000  8.945239e-003
 6.214884e+000  9.588809e+000 -1.611402e+000 -2.466510e+001 -5.370008e+000  1.603578e+001 -1.152239e+001 -2.907589e+000 -4.844245e+000 -9.315988e+000  1.411439e+001 -2.257160e+000  5.729560e+001 -3.824939e-001 -8.924294e-001  2.105507e+000  2.051033e+000 -2.813865e-001  2.096462e+000 -3.176914e+000 -2.429742e+000  6.437917e-001  2.587559e+000  1.112498e+000 -1.867814e+000 -5.621387e-001 -1.708010e-001 -8.503327e-001  1.126103e-001  1.692948e+000  4.004171e-001 -1.942856e+000  7.365355e-001 -4.074774e-001  2.454721e-001  1.021391e+000 -7.858270e-001 -8.535625e-001  3.089261e-003
 5.368345e+000  8.886763e+000  1.358017e+000 -2.280271e+001 -7.797513e+000  1.999816e+001 -1.320733e+001 -7.281882e+000 -4.002864e+000 -6.141126e+000  1.625168e+001 -7.208602e+000  5.678016e+001 -2.538179e-001 -2.217565e+000  2.088256e+000  3.729546e+000  1.768731e+000 -1.403742e+000 -2.805948e+000 -2.025839e+000  1.695411e+000  2.847670e+000 -2.398769e-001 -2.440538e+000 -5.793762e-001 -4.995577e-001 -5.375977e-001  4.849615e-001  1.547549e+000  7.214118e-001 -2.748111e+000  1.129348e+000  4.908977e-001 -2.595235e-001 -7.902789e-003 -9.833454e-001  1.421934e-001 -2.516892e-001
 4.804098e+000  7.085382e+000  2.602011e+000 -1.726727e+001 -5.813475e+000  1.741937e+001 -1.759828e+001 -8.783946e+000 -5.708404e-001 -3.235534e+000  1.682384e+001 -9.405130e+000  5.607480e+001 -8.616271e-001 -2.543672e+000  1.926652e+000  5.203151e+000  2.711877e+000 -5.263518e+000 -1.343920e+000 -9.584345e-001  9.099828e-001  2.122335e+000 -2.178884e+000 -8.774365e-001 -5.893120e-001 -7.443931e-001  4.836830e-001  4.442613e-001  9.632092e-001  4.721723e-001 -2.039842e+000  1.723130e+000  8.693612e-001 -7.835494e-001 -5.117115e-001 -9.591769e-001  1.015815e+000 -9.665000e-001
