41 39
 5.604006e+000 -1.557417e+000  8.341508e+000  1.686559e+001 -5.791152e-001 -1.379867e+001 -6.468869e+000 -2.374191e+000 -9.367931e-002 -1.122445e-001 -1.097432e+001 -1.516326e+001  4.833756e+001 -1.945649e+000  7.255003e+000  2.203339e+000  3.336791e+000  2.402187e+000  3.167577e+000  2.770959e+000 -2.572155e+000  1.094994e+000 -6.726228e-001 -2.780566e+000 -1.632974e+000 -7.075220e+000 -9.731653e-001  7.313984e-001 -1.246800e+000 -1.579317e+000  9.055535e-002  1.249404e+000 -4.746155e-001  8.162282e-002 -3.991706e-001 -1.719192e-001  1.922679e+000  9.826694e-001  1.841842e-001
 3.754750e+000  1.020500e+001  1.033903e+001  1.724202e+001 -6.830456e-001 -1.278095e+001 -1.192880e+001 -4.223701e+000  5.105542e-001  1.761941e+000 -8.615353e+000 -1.508916e+001  4.122742e+001 -3.174021e+000  6.836118e+000  1.312486e+000  6.326975e-001  2.371864e+000  4.343761e+000  2.767990e+000 -2.237572e+000 -8.389993e-001 -1.777280e+000  1.034017e+000  5.310037e-001 -5.858865e+000 -7.736994e-001 -1.523605e+000 -1.344585e+000 -2.235987e+000 -1.785038e-001  7.826779e-001 -1.089727e-001  1.095217e+000 -4.444495e-001 -6.226820e-002  1.519627e+000  1.424893e+000  1.187981e+000
-3.397510e-001  1.364630e+001  1.267917e+001  1.498254e+001  2.577412e+000 -5.428082e+000 -9.769393e+000 -3.673225e+000 -7.462947e-001 -2.585719e+000 -1.206568e+001 -9.757940e+000  3.795440e+001 -3.378606e+000  2.670491e+000  9.723377e-003 -3.345933e+000  1.363035e+000  4.122715e+000  2.643909e+000 -6.748680e-001 -1.111511e+000 -1.159222e+000  1.641818e+000  2.222283e+000 -3.555798e+000 -4.457510e-001 -3.304908e+000 -1.321600e+000 -2.158525e+000 -5.706237e-001 -1.544162e-001 -2.302398e-001  1.514651e+000  3.265456e-002  3.854704e-001  1.176808e+000  8.639753e-001  2.144883e+000
-4.862138e+000  1.362947e+001  1.275287e+001  9.857008e+000  6.530981e+000 -1.240111e+000  7.064309e-002 -9.739880e+000 -6.948378e+000 -8.431404e+000 -1.049913e+000 -6.665277e+000  3.548847e+001 -3.752434e+000 -8.529509e-001 -1.915073e+000 -3.970882e+000  1.597065e+000  4.144269e+000  4.026781e+000  1.943651e+000 -5.027056e-001 -7.205522e-001  1.581658e+000  2.772959e+000 -2.282761e+000 -2.289235e-001 -3.118956e+000 -1.176383e+000 -1.246728e+000 -7.108279e-001 -1.018274e+000 -1.174086e+000  1.150909e+000  4.437449e-001  6.977174e-001  1.631263e-001  7.067001e-003  3.071880e+000
-6.980582e+000  1.008280e+001  7.183205e+000  3.828434e+000  2.629047e+000  1.044488e+000  7.509556e-001 -2.990442e+000 -1.921770e+000 -8.116825e-001 -6.547951e+000 -8.263784e+000  3.342804e+001 -3.885197e+000 -5.425002e+000 -2.790880e+000 -5.154046e+000 -6.353154e-002  2.495242e+000  9.903650e-001  2.910486e+000  1.090120e+000  7.263651e-001  2.829653e+000  1.565925e+000  1.861141e+000 -2.459607e-001 -1.216558e+000 -5.835285e-001 -1.647914e-001 -2.779354e-001 -1.643637e+000 -1.688695e+000 -9.998973e-002 -1.943089e-001  1.948142e-001  1.567283e-001 -3.727017e-001  3.436074e+000
-1.168701e+001  7.721997e+000  3.511646e+000  2.964662e+000  7.276460e+000  4.704108e+000  2.944934e+000  5.153162e+000 -1.415236e+000 -2.727839e+000 -3.465927e+000 -1.971439e+000  3.207679e+001 -4.065343e+000 -4.710913e+000 -3.169130e+000 -4.696887e+000 -4.689925e-001  6.612780e-002 -2.275666e+000  1.724294e+000  2.789094e-001  7.685133e-001  1.255732e+000  8.945176e-001  6.792065e+000 -2.770194e-001  7.930608e-001  3.198098e-001  2.634889e-001 -3.382941e-001 -1.929007e+000 -1.459023e+000 -8.235733e-001 -6.464622e-001 -6.382349e-002 -9.980752e-002 -5.503281e-001  2.630566e+000
-1.635330e+001 -1.052498e+001  3.345381e+000 -7.341520e+000  1.887014e+000  4.076021e+000 -6.254714e+000  3.432683e+000  1.937733e+000 -1.805676e+000  3.290588e+000 -4.275235e+000  4.896595e+001 -4.451955e+000 -1.483320e+000 -2.280891e+000 -3.806888e+000  1.006387e+000 -2.056399e+000 -2.648344e+000 -1.065138e+000 -2.473864e+000 -9.296837e-001  2.588423e+000  1.297995e+000  9.087158e+000 -5.262580e-002  2.336432e+000  8.867941e-001  9.355688e-001  1.000589e-002 -1.149347e+000  6.891727e-002 -3.468189e-001 -5.241890e-001 -2.583471e-002 -5.290508e-001 -3.263996e-001  1.143756e-001
-2.050249e+001  3.787914e-001 -1.173868e+000 -8.042451e+000  4.557034e+000 -2.425238e+000 -7.804853e+000 -4.329972e+000 -7.483582e+000 -4.091841e+000  3.094749e-001 -4.186963e+000  6.167984e+001 -4.854152e+000  1.141513e+000 -5.710186e-001 -3.327017e+000 -6.293648e-001 -3.224946e+000 -1.448981e+000 -1.864035e-001 -1.953025e+000 -2.116453e-001  1.203235e+000  1.552836e-001  7.257059e+000  6.129097e-001  1.439047e+000  1.335225e+000  9.816159e-001 -1.573308e-001 -7.989511e-004  9.660423e-001  6.387755e-001  3.830168e-001  6.794075e-002 -3.664192e-001 -3.949305e-001 -2.295302e+000
-2.483261e+001  6.337805e+000 -1.878493e+000 -9.702452e+000  9.020693e+000 -5.672832e+000 -7.115869e+000 -3.574566e+000 -1.125692e+001 -4.778100e+000  4.506464e+000 -6.660484e-001  6.406231e+001 -3.753922e+000  3.330945e+000  3.440354e-001 -1.161137e+000  6.668403e-002 -1.605956e+000  9.216088e-001  2.131740e+000 -4.148580e-001  1.087271e+000  2.106469e-001  3.035439e-001  2.200522e+000  1.671075e+000 -1.330041e-002  1.480564e+000  1.147870e+000 -2.871783e-001  7.821612e-001  5.484071e-001  9.673508e-001  1.111861e+000  1.531099e-001 -3.227386e-001 -5.802080e-001 -3.084503e+000
-3.171811e+001  4.998168e+000  3.268490e+000 -1.248996e+001  5.627968e-001 -6.546197e+000 -3.869395e+000  7.724770e+000 -4.583038e+000 -2.299853e+000  1.942312e+000 -2.999614e+000  6.081391e+001 -1.349812e+000  7.718705e-002  2.194532e+000 -1.111683e+000 -7.857950e-001 -1.630883e-001  7.695690e-001  3.319732e+000  1.164491e+000  9.973979e-002  6.125235e-001 -5.829096e-001 -1.241126e+000  2.991823e+000 -8.881987e-001  9.320741e-001  1.582533e+000  1.639824e-001  1.425095e-001 -3.056034e-001 -4.305869e-001  6.486011e-001 -2.889341e-001  1.894426e-001 -5.643424e-001 -1.992689e+000
-2.951510e+001  3.820060e+000  2.844379e+000 -1.092345e+001  4.217553e+000 -1.893279e+000 -3.614399e+000  8.064014e+000 -1.586830e+000  2.734684e+000  3.527404e+000 -3.351190e+000  6.040152e+001  2.151251e+000 -1.017660e+000  3.739152e+000  8.247939e-001 -3.512899e-001  3.234781e-001 -1.015583e+000  2.018548e+000  1.526681e+000 -3.198269e-001  1.270086e+000 -1.233948e+000 -2.086264e+000  3.243645e+000 -1.103762e+000  3.727167e-001  1.513639e+000 -1.070690e-001 -1.410286e+000 -7.177391e-001 -1.772278e+000  3.219445e-002 -6.602647e-001  1.515633e-001 -6.479386e-001 -1.906640e-001
-2.491031e+001  2.023599e+000  7.437359e+000 -1.299037e+001  3.029629e+000 -5.130456e+000 -5.707743e+000  6.449399e+000 -6.496172e+000 -7.349534e+000  3.861622e+000 -5.758940e+000  5.730460e+001  7.152376e+000 -1.125179e+000  2.391793e+000  3.592685e+000  3.995343e-001 -3.477116e+000 -2.008402e+000 -2.282742e+000  3.192109e-001 -9.527667e-001  1.620729e+000 -1.897682e+000 -5.629929e-001  2.190651e+000 -4.082069e-001 -5.516471e-001  1.312146e+000 -2.319079e-001 -2.164280e+000 -2.349640e-001 -2.162325e+000 -2.212165e-001 -2.803285e-001 -2.797973e-001 -3.330542e-001  9.993309e-001
-1.748026e+001  2.736791e+000  1.473283e+001 -5.328278e+000  6.030827e+000 -4.763312e+000 -1.127461e+001  7.155859e+000 -2.666942e+000 -3.852394e+000  9.897238e+000 -5.456128e+000  5.538564e+001  8.213211e+000 -1.586680e+000  2.108988e+000  4.054872e+000 -1.061326e+000 -7.000371e+000 -1.278101e+000 -3.928414e+000  1.687541e-001 -1.687800e+000  4.643610e-001 -2.278763e+000  9.081356e-001  3.303348e-001 -3.061866e-001 -1.076811e+000  2.562711e-001 -6.227429e-001 -1.552530e+000  3.562225e-001 -1.301705e+000 -3.269099e-001 -9.365719e-002 -9.238982e-001  2.051205e-001  1.065453e+000
-1.973651e+000 -8.608986e-002  9.283231e+000  2.675878e+000  1.653831e+000 -2.249676e+001 -1.008130e+001 -3.234863e+000 -2.446927e+000 -3.770147e+000  6.861040e+000 -1.143556e+001  6.050689e+001  6.572463e+000 -1.679337e+000  2.513789e-001  3.834007e+000 -1.590317e+000 -7.322566e+000 -2.739918e-001 -4.518411e+000  7.373719e-001 -6.179161e-001 -3.836004e-001 -1.725773e+000  2.258329e+000 -1.643309e+000  9.065902e-003 -7.599813e-001 -8.587721e-001 -4.673120e-001  5.177789e-001  3.184865e-001  3.936073e-001 -2.499831e-001  1.670254e-001 -9.194395e-001  8.254855e-001  1.756098e-001
 8.262721e-002 -3.058497e+000  1.246638e+001  1.517785e+000 -4.011770e-001 -2.821198e+001 -7.818125e+000 -6.735923e+000 -2.767681e+000 -7.494007e+000  4.349500e+000 -1.190670e+001  6.334106e+001  4.092882e+000 -2.271513e+000 -5.746983e-001  1.985488e+000 -2.470079e+000 -5.516446e+000 -1.016760e-001 -3.372142e+000 -3.169488e-001 -9.555382e-001 -2.347240e+000 -2.943005e-001  1.830340e+000 -1.918333e+000  4.562004e-001 -5.455928e-001 -9.490109e-001 -2.671037e-001  2.066596e+000 -4.618735e-002  1.004835e+000 -2.344531e-001  3.732153e-001 -5.517203e-001  1.141105e+000 -7.653469e-001
-8.294379e-001 -3.475444e+000  9.827477e+000  2.756640e+000 -1.705951e+000 -3.001895e+001 -8.805944e+000 -9.196765e+000 -2.758943e+000 -8.618308e+000  4.717489e+000 -1.116252e+001  6.461854e+001  9.959971e-001 -7.374327e-001 -6.626978e-002  3.335160e-001 -1.232649e+000 -1.630183e+000 -1.004182e+000 -5.928413e-001 -6.878529e-001 -4.837706e-001 -1.570668e+000  1.237514e+000 -1.460461e-001 -1.287840e+000  7.286645e-001 -5.815870e-002 -4.782759e-001 -2.992228e-001  2.153238e+000  6.583345e-003  1.123222e+000 -6.529678e-002  2.800057e-001 -2.173767e-001  8.782315e-001 -1.270953e+000
 2.412046e+000 -6.926098e+000  1.158722e+001  4.558781e+000 -4.639677e+000 -2.858445e+001 -1.242067e+001 -6.723901e+000 -4.095678e+000 -6.206005e+000 -7.671895e-001 -7.064147e+000  6.248151e+001  1.409778e+000  2.233690e-001 -4.601513e-001  1.060063e+000 -2.575678e+000  4.864183e-001 -1.143943e+000 -8.670220e-001 -2.908989e-001  1.112040e-001 -1.700707e+000  1.945118e+000 -1.716412e+000 -7.075730e-001  8.926820e-001  5.483768e-003  1.678198e-001 -1.502675e-001  1.423551e+000  3.570156e-001  6.868870e-001  1.788847e-001  5.015012e-001  5.272682e-001  5.053957e-001 -1.171354e+000
 1.841625e+000 -1.839453e+000  9.391466e+000  2.822960e+000 -2.390165e+000 -3.046144e+001 -1.280094e+001 -6.205081e+000 -5.222193e+000 -6.833002e+000  1.566045e+000 -7.669258e+000  6.020643e+001  1.474813e+000  7.165442e-001 -9.668808e-002  1.905340e+000 -3.033631e+000  4.421907e-001  2.800582e-001 -1.548611e-001  3.978630e-001  2.487413e-001 -1.793751e+000  1.545675e+000 -2.323061e+000 -2.405047e-001  2.689227e-001 -2.039081e-001  2.559432e-001  1.264201e-001  5.804392e-001  4.838097e-001  3.465283e-002  3.170814e-001  2.790781e-001  5.131445e-001  5.396996e-002 -3.500251e-001
 5.795986e+000 -2.759648e+000  1.038363e+001  6.784941e+000 -1.293746e+001 -2.555864e+001 -1.154034e+001 -1.256688e+001 -2.990551e+000 -7.830640e+000 -2.578311e+000 -3.927741e+000  5.696506e+001  3.156095e-001  1.464908e+000 -5.320703e-001  2.038675e+000 -2.320925e+000  5.651236e-001  1.041282e+000 -1.566974e-001  3.461684e-002  1.185712e+000  4.006420e-001  2.078598e+000 -2.937923e+000 -4.047595e-001 -2.062404e-001 -2.617787e-001 -3.900322e-001  1.097475e+000 -6.200376e-002 -1.034895e-001 -2.920344e-002  9.331425e-002 -3.578339e-002  6.088064e-001 -1.974689e-001  3.465193e-001
 4.852656e+000 -1.975948e+000  9.945827e+000  1.117026e+001 -1.272522e+001 -2.932090e+001 -7.845818e+000 -7.049583e+000 -1.322192e+000 -6.562284e+000 -3.345703e+000 -5.002349e+000  5.576146e+001  3.405578e-001 -1.358858e-002 -1.049851e+000  1.123926e+000 -7.279249e-001  1.232660e+000  3.222541e-001 -7.747394e-001  7.347961e-001  3.743657e-001 -5.561969e-002  1.440624e+000 -1.285416e+000 -4.910049e-001 -7.076702e-002 -4.416333e-001 -1.193244e+000  1.056592e+000  1.007198e-001 -9.099911e-001 -3.937228e-001 -3.519135e-001 -1.534596e-001  5.244619e-001  4.791069e-002  1.620665e-001
 2.484578e+000  4.666916e-001  8.649684e+000  1.057850e+001 -1.107678e+001 -2.632910e+001 -9.691820e+000 -7.085137e+000 -5.872595e+000 -4.128036e-001  3.691895e+000  1.995388e+000  5.001438e+001 -4.689212e-002 -4.427665e-001 -1.292463e+000 -4.993909e-001  1.758844e+000 -2.188349e-001 -1.682488e+000 -7.031000e-001  7.205791e-003 -1.305251e-001  4.742602e-001  1.010299e+000 -5.026379e-001 -2.113198e-001 -1.144824e-001 -3.164715e-001 -1.004989e+000  7.216277e-001  2.541299e-001 -9.448255e-001 -2.396064e-001 -1.790816e-001 -5.182838e-001 -1.975936e-001 -3.248382e-001  6.909156e-002
 5.200117e+000 -3.520566e+000  5.009187e+000  6.545810e+000 -6.960131e+000 -2.391292e+001 -1.211393e+001 -1.281965e+001 -1.071905e-001 -8.670092e+000 -1.847156e+000 -3.427702e+000  5.725469e+001 -7.989607e-001  1.316547e+000 -1.924658e+000 -2.791849e+000  2.094443e-001  1.337769e+000 -2.908012e+000 -1.850274e+000 -1.347999e+000  1.395620e-001  7.917499e-001  2.319378e+000 -2.730372e+000 -2.423861e-002  2.057029e-001 -1.320617e-001 -1.872412e-001  4.928597e-001  1.586323e-001 -3.298565e-001  2.372112e-001 -3.192862e-001 -3.017410e-001 -1.168367e-001 -4.594190e-001 -1.681079e-001
 5.387794e+000 -4.201172e+000  6.389637e+000  6.600212e+000 -7.025780e+000 -2.935681e+001 -1.781872e+001 -1.319734e+001 -3.562022e+000 -7.429362e+000 -9.562836e-001  3.364287e-001  5.370525e+001 -1.712303e-001  2.274289e-001 -1.677024e+000 -1.028384e+000  8.185283e-001  1.783218e+000 -2.067712e+000 -8.169621e-001  1.806067e-001 -1.288305e+000 -1.011011e+000  1.503003e-002 -1.869987e+000  1.397519e-001  1.083433e-001  1.965665e-001  6.226903e-001  3.819440e-001  1.541422e-001  3.158579e-001  4.220146e-001 -2.173310e-001  1.540023e-001 -3.428915e-002 -1.085889e+000  1.660747e-001
-5.937557e-001  6.940716e+000  1.452561e+000 -7.998403e-001 -1.370349e+001 -2.111820e+001 -1.832243e+001 -1.324485e+001 -9.217474e+000 -2.356194e+000  2.937135e+000  7.424021e+000  4.026416e+001  2.815338e-001  6.798280e-001 -1.517879e+000  4.522165e-001  2.206532e+000  1.024795e+000 -1.134416e+000  4.682475e-001 -9.483355e-001 -5.554494e-001  1.028320e-001 -3.588366e-001 -1.442281e+000  2.614184e-001 -2.238058e-001  6.381221e-001  9.669442e-001  6.653697e-001 -5.238774e-002  8.485906e-001  8.344104e-001 -1.243615e-001  5.690157e-001  4.016772e-001 -1.408118e+000  7.145276e-001
 4.525363e+000 -3.626805e+000  2.042876e+000  9.109411e+000 -3.612455e+000 -1.881037e+001 -1.692613e+001 -1.095735e+001 -4.144194e-001 -1.001128e+001 -3.755304e+000 -3.355323e+000  4.915971e+001  1.116201e-001  4.173092e-001 -5.130205e-001  9.920276e-001  2.670021e+000  7.083634e-001 -9.899969e-001  2.477123e-001 -1.279281e+000  9.869920e-001  6.472734e-001 -3.080038e+000 -3.163101e-001  1.135713e-001  5.751060e-003  4.903491e-001  1.198276e-001 -2.302156e-001  2.464610e-001  1.028976e+000  8.174693e-001 -6.372254e-001  1.000815e+000  1.229022e+000 -3.872157e-001  4.184718e-001
 7.039002e+000 -4.086092e-001 -4.068279e-001  7.552292e+000  2.365864e+000 -2.406216e+001 -1.823231e+001 -1.159841e+001 -6.422669e+000 -1.015638e+001  6.651459e-002 -3.376009e+000  5.231606e+001  3.667063e-001  1.025772e-001  6.839506e-001  1.032666e+000  2.610547e+000  1.613258e+000  7.960831e-001  1.789441e+000 -1.239863e+000  1.846992e+000  1.970994e+000 -3.173677e+000  6.542740e-002  1.422390e-001 -4.431659e-001  1.923344e-001 -4.069241e-001 -1.124961e+000  5.921929e-001  1.079561e+000  5.495517e-001 -3.423987e-001  4.239865e-001  1.185892e+000  3.078021e-001  4.248717e-001
 2.129516e+000  1.560037e+000  4.754229e+000  7.384284e+000 -1.710354e+000 -2.434301e+001 -2.281377e+001 -1.278200e+001 -1.135583e+001  1.405691e+000  3.715394e+000 -9.663745e+000  4.609776e+001  3.540400e-001  5.448096e-001 -3.261934e-001 -7.194704e-001 -5.345570e-001  2.721292e+000  2.111917e+000  2.609787e+000 -2.859757e+000  2.514550e+000  4.200018e+000 -5.136281e-001 -5.314823e-001 -3.930715e-002 -3.563409e-001 -3.242296e-001 -5.538965e-001 -1.231804e+000  3.293930e-001  8.245420e-001 -1.164718e-001 -3.598325e-001 -4.957060e-001  7.667089e-001  1.310492e+000  2.104127e-001
 2.437699e+000  4.860181e+000  3.516638e+000  5.226053e+000 -1.601810e+000 -1.028559e+001 -1.139819e+001 -3.385314e+000 -9.946083e+000  1.170279e+000  9.056755e+000 -5.290155e+000  4.212228e+001  8.715189e-001 -1.599752e+000 -6.496205e-001 -7.266551e-001 -1.815985e+000  2.979295e+000  2.712430e+000  2.034968e+000 -1.870091e+000  8.007037e-001  4.255921e+000 -1.030309e-001  7.896641e-001 -3.347208e-001 -1.907493e-001 -2.609680e-001 -2.828677e-001 -7.669844e-001 -5.869014e-001  3.534608e-001 -8.506178e-001 -2.619167e-001 -6.819696e-001 -6.114004e-001  9.981331e-001  1.794761e-001
 8.596214e+000 -3.537152e+000 -1.549824e+000  6.675179e+000 -4.301403e+000 -1.209220e+001 -9.783606e+000 -2.014957e+000 -1.295150e+001 -3.101856e+000  1.274967e+001 -4.966390e+000  5.159919e+001 -3.373219e-001 -5.132305e-001 -1.467383e+000 -8.977942e-001 -1.275735e+000  1.672309e+000  2.174539e+000 -4.574102e-001 -2.763330e+000 -9.683941e-001  3.338354e+000  1.937098e+000  3.736351e-001 -5.759701e-001  1.567692e-001  3.811004e-001  8.444329e-002  1.235919e-001 -9.984069e-001  2.849312e-001 -8.389865e-001  5.185747e-003 -3.466238e-001 -1.946565e+000  2.362936e-001  2.183272e-001
 8.163247e+000 -5.858774e+000 -5.029038e-001  4.273569e+000 -5.418538e+000 -1.529109e+001 -1.118524e+001 -6.807090e+000 -1.497529e+001 -3.899088e+000  1.682899e+001 -6.239841e+000  5.351366e+001 -9.612167e-001 -3.221495e-001 -5.029454e-002 -2.925105e-001 -8.537865e-001 -7.967582e-001  2.532076e+000 -9.300488e-001 -2.597660e+000  1.786159e-001 -6.551760e-001  5.916250e-001  5.102493e-001 -6.118233e-001  6.178880e-001  6.317109e-001  6.495487e-002  6.015278e-001 -8.539002e-001  3.000337e-001 -3.325669e-001 -7.774429e-002  1.322209e-001 -2.306861e+000  6.289364e-002 -9.821709e-002
-2.419867e+000  4.353362e+000 -5.729146e-001  3.371555e+000 -6.180665e+000 -1.347871e+001 -1.204755e+001 -1.335817e+001 -2.265787e+001 -9.015962e-001  1.652105e+001  4.965872e-001  4.227024e+001 -1.609442e+000  6.898544e-001  1.279646e+000 -5.143263e-001 -3.976970e-001 -3.827161e-001  3.626750e+000 -1.026365e-001 -2.470044e+000  1.092476e+000 -3.077258e+000  3.205117e-001  6.998612e-001 -2.950464e-001  1.121102e-001  8.676488e-001  7.575671e-002  6.607338e-001 -2.144238e-001  2.418122e-001  5.247642e-001  4.433940e-001 -8.296316e-002 -1.457603e+000 -1.008237e-001 -3.208515e-002
 3.139656e+000 -6.958234e-001  2.776710e+000  5.415313e+000 -4.931111e+000 -1.357612e+001  2.394158e+000 -2.363954e+000 -1.808120e+001  9.632285e-001  3.895183e+000 -5.063519e+000  4.933800e+001 -1.551537e+000  8.881459e-001  1.135420e+000 -5.936147e-001  7.526346e-001 -2.626930e-001  3.486494e+000  1.947469e-001 -2.405455e+000  4.313735e-001 -4.070577e+000  1.019730e+000  1.354656e-001 -2.638927e-001  1.120318e-001  8.754883e-001  8.893083e-002  5.614194e-001  4.586238e-001 -8.097199e-001  3.584811e-001  8.591515e-001 -5.516055e-001  2.167968e-001  2.232315e-001 -3.088968e-001
 3.060798e+000 -2.669355e+000  3.208597e+000  3.532675e+000 -6.533601e+000 -1.486326e+001  1.560445e+000 -4.749707e+000 -2.374876e+001 -7.063653e-002  3.830276e+000 -3.951993e+000  5.718633e+001 -1.517393e+000 -5.578271e-001  2.278004e+000 -3.684585e-001  1.224724e+000  3.331577e-001  2.906391e+000  1.604013e+000 -6.424618e-001 -1.509589e+000 -2.241962e+000  1.218927e+000  4.006012e-001 -2.153909e-001 -1.164314e-001  9.487016e-001  5.207520e-001  3.020303e-001  6.925209e-001 -1.370125e+000 -3.980871e-002  1.231543e+000 -5.376980e-001  7.485168e-001  6.625484e-002 -5.410489e-001
-2.334772e+000  2.093314e+000  3.283438e+000  1.224935e+000 -1.478896e+000 -1.591228e+001 -5.567662e-001 -1.013758e+001 -2.645712e+001 -2.157700e+000  2.821488e+000  1.083102e+000  4.673295e+001 -2.326705e+000  8.618504e-001  3.827968e+000  7.920978e-002  1.142100e+000  1.138424e+000 -1.156344e+000  9.031927e-003  7.843065e-001 -1.278379e+000  1.116028e-002  1.258575e+000 -8.846046e-001  5.500375e-002 -2.801497e-001  9.017513e-001  8.157037e-001 -2.028582e-001  9.194301e-001 -1.076798e+000  1.152501e-001  1.339557e+000 -1.359471e-001  3.824788e-001 -3.887627e-001 -6.931511e-002
-7.269621e+000  1.696575e-001  1.056374e+001  3.624451e+000 -1.783154e+000 -1.064484e+001  3.959867e+000 -1.451286e+000 -2.168222e+001 -6.889076e+000  5.848085e+000  3.517910e+000  4.557577e+001 -2.298813e+000  1.208453e-001  4.676880e+000  1.753021e+000  9.177219e-001  2.379330e+000 -9.024566e-001 -2.088225e-001  2.092790e+000 -7.411380e-001 -1.375543e+000  5.323635e-001 -1.495348e+000  4.564645e-001 -2.999780e-001  4.436598e-002  5.600853e-001 -2.487794e-001  9.021234e-001 -2.698537e-001  2.589907e-001  4.856053e-001  3.965719e-001 -2.923872e-001 -5.782546e-001  1.855904e-001
-3.328657e+000  2.193923e+000  1.823898e+001  5.765474e+000 -1.595835e+000 -9.993214e+000 -4.587276e+000 -3.968005e+000 -1.519293e+001 -2.019449e+000  2.942080e+000 -2.505594e+000  5.072025e+001 -8.858087e-001 -8.519390e-001  4.444738e+000  2.424164e+000 -1.081553e-001  3.311371e+000  6.925779e-003  1.677415e+000  2.924705e+000 -6.325873e-001 -2.591393e+000 -5.808013e-001  7.368649e-001  6.012541e-001 -6.426353e-001 -8.693165e-001 -2.290953e-002  1.429496e-001  5.055617e-001  7.772310e-001  7.051742e-001 -3.385841e-001  4.228839e-001 -2.951483e-001 -2.970191e-001  3.447714e-001
-7.936327e+000 -2.115433e+000  1.911523e+001  1.002751e+001 -1.886523e+000 -5.926145e+000 -9.365835e-001 -8.878610e+000 -1.891690e+001 -3.845452e+000 -3.107733e+000  5.041726e-001  4.771593e+001  4.448102e-002 -1.200823e+000  2.191449e+000  1.259491e+000  6.059542e-001  3.757301e+000  9.754878e-001  2.064775e+000  7.153656e-001  1.503749e-001 -2.402622e+000 -7.526581e-001  5.178185e-001  3.529830e-001 -6.291592e-001 -1.481982e+000 -8.857342e-001  3.626792e-001 -3.262155e-001  4.840160e-001  6.965689e-001 -4.699212e-001  1.958536e-001  3.010901e-001 -3.158360e-002  2.591745e-001
-6.430463e+000 -1.023835e+000  2.123139e+001  1.014422e+001 -1.967988e+000 -1.714775e+000  1.926088e+000  1.963154e+000 -1.321625e+001 -6.842448e+000 -5.657566e+000 -3.140362e-001  4.934719e+001 -4.920811e-001 -1.690492e+000  7.241007e-001  2.114272e-001  2.012732e+000  2.977247e+000  1.790839e+000  2.398104e+000 -2.199015e-001  3.902836e-001 -9.510414e-001  4.159906e-001 -1.673309e-001 -3.309991e-001 -8.184723e-001 -1.754821e+000 -1.346425e+000  5.512872e-002 -1.255404e+000 -3.104953e-001 -1.163143e-001 -9.056951e-002  3.904000e-001  5.145664e-001  2.729506e-001 -1.871742e-001
-5.496313e+000 -4.225577e+000  2.002478e+001  7.732531e+000  1.432694e+000  4.002442e+000  5.580624e+000  5.907009e+000 -1.909373e+001 -3.725702e+000 -1.865203e+000 -1.341160e+000  4.885139e+001 -7.307623e-001 -2.605674e+000 -8.727133e-001 -1.569282e+000  1.670674e+000  9.153147e-001  6.256672e-001  2.913678e+000  1.315487e+000 -2.733053e-001 -6.902677e-001 -1.239505e-001  2.526218e-001 -5.965258e-001 -6.048579e-001 -1.465524e+000 -1.217880e+000 -7.678540e-001 -1.784542e+000 -1.094205e+000 -9.249610e-001  4.714878e-001  2.788335e-002  4.095148e-001  3.106146e-001 -1.183282e-001
-7.009069e+000 -5.203465e+000  2.140470e+001  7.970100e+000  6.808218e+000 -7.127290e-002  1.108313e+000  6.297070e-001 -1.620403e+001 -1.279059e-001 -2.434392e+000  4.970251e-001  4.931587e+001 -2.153183e+000 -4.241875e+000 -2.797284e+000 -2.893573e+000 -3.648716e-001 -1.544655e+000 -1.370641e+000  6.713922e-001  2.171797e+000  1.531253e+000 -8.747378e-001  4.695978e-001 -6.640778e-002 -2.844101e-001 -1.357704e-001 -1.003597e+000 -9.001319e-001 -1.324603e+000 -1.161663e+000 -1.086174e+000 -8.790154e-001  4.099059e-001 -1.814081e-001  3.606699e-001  8.368114e-002 -2.573303e-002
-1.130083e+001 -1.305399e+001  1.466500e+001  3.268165e+000  2.078745e+000 -2.171323e+000  2.600640e+000  6.356503e+000 -1.084558e+001 -8.569250e+000 -8.170658e+000 -5.211104e-001  4.899470e+001 -2.107597e+000 -2.949421e+000 -3.375478e+000 -3.277407e+000 -2.044514e+000 -2.904459e+000 -2.914798e+000 -1.696674e+000  1.876956e+000 -2.806930e-001 -3.932001e-001  7.736111e-001 -1.242840e-001  1.957392e-001  5.898317e-001 -4.774427e-002  2.020016e-002 -6.667048e-001 -5.799460e-003 -3.648434e-001 -3.856783e-001 -2.332345e-001 -2.152249e-001  3.168426e-001 -9.076591e-002 -7.976646e-002
