41 39
-1.266484e+001  2.537571e+000  9.448081e+000  1.089353e+001 -4.926254e+000 -4.441013e+000  7.943989e-001 -4.902974e+000 -6.475056e+000 -6.142849e-001 -1.571555e+000 -6.312181e+000  3.365538e+001  2.534214e+000  1.537503e-001  2.975469e+000  3.901631e+000 -9.570799e-001  6.751490e-003  1.054148e+000 -3.356000e-002 -1.169249e-001  1.483505e+000 -7.351409e-001  4.331160e-001  2.808902e+000  9.987295e-001 -8.773714e-001 -1.279683e-001 -3.522614e-001 -8.233600e-001 -5.058814e-001  2.342216e-001 -2.983387e-001  1.344103e-001  3.417960e-001  2.505350e-001  3.836685e-001  1.468496e+000
-9.590611e+000  4.120860e+000  1.245417e+001  1.379423e+001  2.330855e-001  2.976936e+000  3.918487e+000 -1.060573e+000 -5.614697e+000 -7.754684e+000 -8.231780e+000  2.630306e-001  3.664322e+001  4.678954e+000 -1.321203e+000  2.469610e+000  2.284792e+000 -2.899375e+000 -1.301182e+000  8.334113e-001 -1.885802e+000 -1.492193e+000  1.884491e+000 -1.622579e-001  1.005633e+000  5.274869e+000  5.416245e-001 -6.592482e-001 -5.959008e-001 -1.175031e+000 -8.123532e-001 -8.101438e-001 -2.460380e-001 -6.198353e-001 -2.845751e-001  3.591631e-001  3.986701e-001 -4.152927e-001  1.005016e+000
 2.284007e+000  2.310427e+000  1.404911e+001  1.431913e+001 -1.211048e+001 -6.334117e+000  2.541838e+000 -8.615550e+000 -1.201628e+001 -1.516769e+000 -6.523302e+000 -5.412685e+000  4.570268e+001  4.295872e+000 -1.324176e+000  2.038950e+000 -1.500211e-001 -3.030932e+000 -1.298224e+000  8.771479e-002 -2.388679e+000 -2.649140e+000  5.213981e-001 -2.068233e-001 -3.718530e-001  5.873247e+000 -5.902805e-001 -1.005063e-001 -5.918197e-001 -1.388459e+000  1.557959e-001 -2.251736e-001 -7.463524e-001 -4.177987e-002 -1.169128e-001 -3.291118e-001  2.000644e-001 -4.264002e-001 -1.537489e-001
 4.291272e+000 -3.198428e+000  1.596879e+001  1.433062e+001 -1.318545e+001 -8.683745e+000  4.049590e+000 -1.229245e+001 -1.317096e+001  9.025143e-001 -7.705340e+000 -3.795131e+000  5.281141e+001  2.692756e+000 -1.036497e+000  1.104943e+000 -1.033481e+000 -2.741673e+000 -2.300641e+000 -1.216990e+000 -2.263411e+000 -2.101238e+000  1.342494e+000  6.287600e-001 -1.153691e+000  4.626595e+000 -1.191523e+000  4.069083e-001 -5.912657e-001 -8.773807e-001  9.021218e-001  2.353576e-001 -7.256213e-001  6.873356e-001  6.808793e-001 -4.233750e-001 -1.232623e-001 -3.283995e-001 -1.224224e+000
 1.873581e+000 -4.236650e-001  1.788552e+001  9.875237e+000 -1.337165e+001 -5.101793e+000  1.167421e+000 -1.123043e+001 -1.594262e+001 -2.335893e+000 -2.868892e+000 -6.142365e+000  5.493752e+001  5.759112e-001 -4.911344e-001  6.987039e-001 -1.381529e+000 -2.569512e-001 -6.193871e-001 -1.652413e+000 -5.365467e-002 -3.969668e-001  1.089442e-001 -1.303277e-001 -6.192225e-001  2.364295e+000 -8.931335e-001  3.842517e-001 -5.320864e-001 -2.125678e-001  9.788389e-001  2.663359e-001 -1.672451e-001  6.443430e-001  1.054258e+000 -4.586201e-002 -5.139402e-001  1.388654e-001 -1.435103e+000
 4.078382e+000  3.054217e-001  1.606067e+001  1.084877e+001 -1.284470e+001 -9.142430e+000 -1.479256e+000 -1.107019e+001 -1.415771e+001 -6.326507e-001 -6.915185e+000 -5.140585e+000  5.515878e+001  5.813205e-001  2.968177e-001  1.834044e-001 -1.486358e+000  2.242434e-001 -4.638122e-001 -1.924631e+000  3.833641e-001  7.861167e-001 -2.615678e-002 -8.168170e-001 -5.126795e-001  9.082249e-001 -4.291215e-001  2.036961e-001 -3.015705e-001  4.953953e-002  7.116804e-001  3.974639e-001  4.923728e-001  2.023993e-001  6.479782e-001  7.826112e-003 -5.231526e-001  1.928447e-001 -9.969258e-001
 5.270008e+000 -1.897171e+000  1.749668e+001  9.152405e+000 -1.356561e+001 -9.201711e+000 -2.955804e+000 -9.494952e+000 -1.350774e+001 -2.044654e-001 -7.570018e+000 -7.836071e+000  5.635047e+001  8.859221e-001 -6.957496e-002 -1.607122e-001 -9.864217e-001  3.803043e-001 -8.849586e-001 -3.946904e-001 -4.903517e-001  1.178472e+000  9.764136e-001 -2.053735e+000  1.967955e-003  5.569168e-001 -1.303888e-001 -1.184859e-001 -6.316704e-002 -5.586603e-002  3.785542e-001  1.968372e-001  5.273731e-001 -1.751847e-001  7.416450e-002  9.562209e-002 -1.475653e-001  1.496963e-001 -3.384238e-001
 5.499661e+000 -9.775871e-001  1.708023e+001  7.260243e+000 -1.196725e+001 -8.952847e+000 -3.511954e+000 -1.124337e+001 -1.045782e+001 -2.939835e-001 -9.438862e+000 -5.511676e+000  5.664606e+001  3.921426e-001 -2.287962e-001  2.679844e-002 -9.833366e-001  4.981008e-001 -1.805357e-001  6.160127e-001 -1.033066e+000  3.509345e-001  9.478901e-001 -1.025299e+000 -5.000628e-001  5.456551e-001 -2.958006e-001 -5.518513e-001 -1.268955e-001 -3.392309e-001  3.851269e-001  2.529520e-001 -8.391729e-002  4.247905e-001 -8.288856e-002 -3.095861e-001  3.768007e-001  4.714568e-002  2.678964e-001
 5.592552e+000 -1.300354e-001  1.657218e+001  6.737393e+000 -1.190885e+001 -9.621377e+000  2.103183e-001 -1.359560e+001 -1.190021e+001  2.376841e+000 -1.187573e+001 -5.946980e+000  5.697846e+001  1.855607e-002 -8.207571e-001  4.611717e-001 -1.912369e+000  1.498891e+000  2.231607e-001 -2.858697e-001 -2.213632e-001  1.914469e-001  1.000312e-001 -7.639128e-001  1.229508e-001  8.534603e-001 -5.370937e-001 -5.558695e-001 -6.747234e-001 -5.780024e-001  2.866356e-001  1.673266e-002 -7.715331e-001  1.527712e+000  1.795077e-001 -6.911404e-001  8.848101e-001 -7.982700e-002  6.909302e-001
 5.877823e+000 -1.722127e+000  1.665692e+001  7.139596e+000 -1.118258e+001 -9.835276e+000  1.774659e-002 -1.418519e+001 -1.320680e+001  2.816147e+000 -9.888826e+000 -8.585444e+000  5.757306e+001 -4.639996e-001 -2.086848e+000 -7.620153e-001 -2.719538e+000  1.590585e+000  2.468883e-001 -2.398628e+000  2.372822e+000  8.651864e-001 -1.135896e+000  4.222751e-001 -3.374425e-001  2.099435e+000 -5.833527e-001 -2.675065e-001 -1.425456e+000 -3.247354e-001 -8.193878e-002 -3.409152e-001 -5.979550e-001  1.958215e+000  5.908588e-001 -5.874748e-001  7.516239e-001 -9.105145e-002  8.270667e-001
 5.173707e+000 -5.628686e+000  2.001420e+001 -3.491181e-001 -6.463494e+000 -7.644693e+000 -6.150003e+000 -9.130855e+000 -1.117601e+001 -1.259375e+000 -1.116460e+001 -5.684432e+000  6.015427e+001 -1.371475e+000 -1.919897e+000 -3.139922e+000 -3.008333e+000  1.267240e+000 -1.015007e+000 -2.745036e+000  5.445265e+000  1.818885e+000 -1.437395e+000  1.646528e+000 -4.784772e-001  3.234678e+000 -4.696551e-001  3.082283e-001 -1.879367e+000  4.760041e-001 -4.162531e-001 -5.580630e-001  5.979170e-001  1.074250e+000  4.793797e-001 -4.707011e-003  3.923923e-001 -2.672937e-001  5.109602e-001
 3.389085e+000 -8.662499e+000  1.154915e+001 -2.794194e+000 -6.737001e+000 -8.706748e+000 -1.232493e+001 -1.611628e+000 -6.493989e+000 -4.155355e+000 -7.683052e+000 -7.330163e+000  6.555533e+001 -1.829606e+000 -1.016759e+000 -5.299932e+000 -2.059032e+000  2.042322e-001 -1.266028e+000 -1.144179e+000  5.924694e+000  2.491509e+000 -1.220771e+000  1.527600e+000 -6.546060e-001  3.490380e+000 -1.248877e-001  6.688794e-001 -1.158258e+000  1.003939e+000 -2.085935e-001 -3.831007e-001  1.735119e+000 -7.197805e-001  8.264210e-002  4.442239e-001 -3.290542e-001 -1.304062e-001 -1.817251e-001
-2.045559e-002 -6.259333e+000  3.426457e+000 -3.337376e+000 -7.795438e+000 -1.526068e+001 -7.343520e+000  7.343942e+000 -6.162194e+000 -1.324384e+000 -4.745978e+000 -8.967008e+000  6.916071e+001 -1.646917e+000  1.853399e-001 -6.666702e+000  1.373979e-001  1.108019e-001 -1.810696e+000  2.076491e+000  3.373949e+000  1.775184e+000  1.189334e-001  6.453862e-001 -1.054936e+000  2.712789e+000  3.152093e-001  3.603023e-001  1.058817e-001  9.473165e-001  2.343052e-001  2.376012e-001  1.643669e+000 -2.339819e+000 -7.524918e-002  2.129486e-001 -5.654853e-001 -1.827315e-001 -6.876052e-001
-6.731235e-001 -6.490598e+000 -1.548874e+000 -1.661434e+000 -9.495445e+000 -1.235742e+001 -5.106391e+000  7.200880e+000 -3.256166e+000 -3.255202e+000 -5.460137e+000 -1.021719e+001  7.052174e+001 -9.507176e-001  2.049314e-001 -4.789917e+000  7.272893e-001  1.125836e+000 -1.270771e+000  3.866206e+000 -1.904219e-001  1.300247e+000  3.070591e-001 -7.224252e-001 -7.012442e-001  1.451754e+000  5.197083e-001 -7.011359e-002  1.087931e+000  3.458354e-001  5.729172e-001  5.633210e-001  7.016636e-001 -2.490747e+000 -1.312678e-001 -1.336715e-001 -1.297788e-001 -3.005283e-001 -7.941208e-001
-1.029770e+000 -5.787937e+000 -6.770304e+000 -2.285086e-001 -4.530263e+000 -1.487284e+001  6.231804e-001  3.332636e+000 -3.919005e+000 -1.114784e+000 -9.049126e+000 -9.515600e+000  7.123502e+001 -2.348729e-001 -7.292306e-001 -2.865521e+000  3.350890e-001  1.977964e+000  1.753705e-001  2.968115e+000 -3.196273e+000  2.038270e+000 -1.136567e+000 -5.588617e-002 -1.368816e+000  8.159645e-001  4.884512e-001 -3.676730e-001  1.513042e+000 -3.515718e-001  3.776999e-001  8.387518e-001 -5.919414e-001 -1.365156e+000  3.645322e-002 -5.114797e-001  4.943315e-001 -4.229963e-001 -5.954786e-001
-8.598453e-001 -7.873540e+000 -7.302061e+000 -7.121807e-001 -2.740408e+000 -1.525452e+001  3.022746e+000 -5.580842e-001 -1.114347e+000 -2.724860e+000 -9.143604e+000 -1.056209e+001  7.177695e+001  6.291407e-002 -9.100416e-001 -1.760870e+000 -4.287002e-001  2.135237e+000  5.575439e-001  1.918327e+000 -3.243929e+000  1.703627e+000 -1.261378e+000  1.229342e+000 -2.000308e+000  4.681885e-001  3.154075e-001 -2.188552e-001  1.134560e+000 -5.064555e-001 -1.367211e-002  7.073728e-001 -1.178668e+000 -2.180068e-002 -7.284027e-002 -2.790926e-001  6.682733e-001 -3.738965e-001 -3.479908e-001
-1.101459e+000 -9.214015e+000 -8.024555e+000 -2.136558e+000 -1.283134e+000 -1.293528e+001  3.432485e+000 -4.757940e+000  2.958245e+000 -7.272391e+000 -3.183676e+000 -1.563864e+001  7.261293e+001  2.885234e-001 -1.095539e+000 -6.160159e-001 -1.042466e+000  1.494601e+000  1.468905e+000  9.072353e-002 -1.925080e+000  1.755760e+000 -1.654247e+000  2.141160e+000 -2.520386e+000  2.271790e-001  1.644815e-001  3.878566e-002  7.652047e-001 -3.064705e-001 -2.853245e-001  2.769914e-001 -9.331186e-001  7.574186e-001 -3.500436e-001  3.665102e-001  5.585800e-003  1.545639e-001 -2.434420e-001
-3.227088e-001 -9.327767e+000 -9.726098e+000 -2.850911e+000 -4.428229e-001 -1.053848e+001  3.080591e+000 -4.973480e+000  1.823347e+000 -6.483287e+000 -2.246152e+000 -1.715721e+001  7.217372e+001  3.646219e-001 -7.061902e-001 -2.418683e-001 -1.116211e+000  1.299157e+000  1.619326e+000 -5.884368e-001 -9.350218e-001  1.077301e+000 -8.295638e-001  1.520418e+000 -1.994942e+000  6.192780e-003  6.236984e-002  9.877983e-002  5.664492e-001 -4.176318e-002 -3.505162e-001 -2.415591e-002 -5.339505e-001  7.243496e-001 -3.137294e-001  5.111594e-001 -5.403900e-001  5.703911e-001 -1.720364e-001
 1.442782e-001 -1.053852e+001 -8.638365e+000 -4.371475e+000  1.793949e+000 -9.886332e+000  1.047876e+000 -4.085065e+000  3.390947e+000 -7.506805e+000 -1.792051e+000 -1.881997e+001  7.217252e+001  4.366806e-001 -6.372280e-001  2.010013e-001 -8.535084e-001  9.693820e-001  1.029436e+000 -4.440964e-001 -5.636335e-001  6.012151e-001  4.800765e-001 -1.734951e-001 -5.986795e-001 -1.702476e-001 -2.953634e-002  1.205954e-001  3.330251e-001  1.607872e-001 -3.225119e-001 -3.415729e-001 -6.760544e-002  4.839686e-001 -3.741271e-001  5.013208e-001 -6.808258e-001  7.958706e-001 -1.102457e-001
 3.403957e-001 -1.074224e+001 -8.204497e+000 -5.175776e+000  2.216837e+000 -8.682364e+000  1.272867e+000 -5.569631e+000  4.055807e+000 -6.755472e+000 -2.237327e+000 -1.894613e+001  7.202811e+001  3.006847e-001 -6.452979e-001  6.628676e-001 -7.319951e-001  6.452655e-001  6.564987e-001 -4.840158e-001 -3.029048e-001  7.122528e-001  2.272574e-001 -3.152804e-001 -1.092054e-001 -1.932800e-001 -7.964706e-002  4.680028e-002  2.601478e-001  1.898306e-001 -3.178233e-001 -4.485198e-001  4.870589e-002  4.609150e-001 -3.647530e-001  2.147665e-001 -3.806735e-001  6.587170e-001 -4.955086e-002
 7.503914e-001 -1.169292e+001 -7.780349e+000 -5.241667e+000  2.233946e+000 -8.716153e+000  2.115865e+000 -7.278032e+000  4.848091e+000 -4.735917e+000 -4.055563e+000 -1.773757e+001  7.183450e+001  1.728103e-001 -5.230079e-001  5.967416e-001 -4.306379e-001  2.089872e-001  2.424543e-001 -2.995142e-001  1.787049e-001  6.764813e-002  3.239465e-001 -3.451199e-001  5.160993e-001 -2.243133e-001 -1.060628e-001  5.332964e-002  1.770423e-001  9.744152e-002 -2.215950e-001 -4.906869e-001  8.421921e-002  4.759381e-001 -3.938052e-001 -7.972543e-002  6.861394e-002  3.389214e-001  5.990981e-003
 8.776579e-001 -1.197706e+001 -6.840768e+000 -6.075790e+000  2.563507e+000 -7.841079e+000  1.265177e-001 -4.891520e+000  4.656039e+000 -6.732444e+000 -2.690798e+000 -1.824443e+001  7.137634e+001  9.832178e-002 -5.292989e-001  8.610004e-001 -3.784929e-001  9.023819e-002 -2.297821e-001 -4.171984e-001  9.983842e-001 -4.796807e-001  3.223338e-001 -2.971371e-001  7.412539e-001 -2.145287e-001 -8.678573e-002  6.662314e-002  7.707401e-002  7.595305e-002 -1.844790e-001 -5.860589e-001  2.680284e-001  2.988710e-001 -3.999719e-001 -1.856691e-002  1.421484e-001  2.182215e-001  5.015434e-002
 7.396986e-001 -1.253615e+001 -6.336522e+000 -6.074657e+000  2.665551e+000 -9.094703e+000  1.234795e-001 -3.530596e+000  3.429072e+000 -5.898586e+000 -3.290915e+000 -1.659032e+001  7.137685e+001  7.547992e-003 -4.285793e-001  9.871466e-001 -5.430518e-001  1.389208e-001 -9.808577e-001 -5.640906e-002  1.165412e+000 -7.718440e-001  3.391118e-002  1.605030e-001  6.706980e-001 -1.296684e-001 -5.856798e-002  8.203169e-002  3.152931e-002  1.193137e-001 -2.492347e-001 -5.256522e-001  3.582872e-001  7.447982e-002 -1.933894e-001 -1.019967e-001  1.951267e-001  1.422892e-001  6.980072e-002
 8.373510e-001 -1.296712e+001 -4.621409e+000 -6.651745e+000  2.452225e+000 -9.642000e+000  1.830671e-001 -2.451428e+000  2.366913e+000 -4.562469e+000 -4.105337e+000 -1.581349e+001  7.118430e+001 -5.061285e-002 -3.593965e-001  8.530352e-001 -2.960229e-001 -2.420962e-001 -1.662139e+000  7.345738e-001  6.980965e-001 -8.678606e-001  2.794406e-001  1.426502e-001  9.046029e-001  1.016922e-002 -7.507847e-002  1.409232e-001 -6.218924e-002  2.559690e-001 -4.089340e-001 -3.606568e-001  3.602960e-001 -2.107413e-002 -1.016051e-001 -1.469010e-001  1.832949e-001  1.799870e-001  7.356437e-002
 8.082848e-001 -1.334078e+001 -3.954296e+000 -7.668949e+000  2.984190e+000 -1.271998e+001  1.805544e+000 -2.671016e+000  2.133433e+000 -5.651349e+000 -2.545779e+000 -1.559956e+001  7.128217e+001 -4.556229e-002 -1.978006e-001  7.583708e-001  1.246954e-001 -8.710189e-001 -1.669628e+000  9.160356e-001  7.012479e-001 -7.052087e-001 -1.645902e-001  4.106198e-001  1.145871e+000  1.234131e-002 -1.001745e-001  1.674474e-001 -3.143822e-002  3.402117e-001 -5.365559e-001 -7.140897e-002  1.696467e-001  7.804790e-002 -8.791202e-002 -1.059678e-001  5.387551e-002  3.118629e-001  5.036331e-002
 5.903006e-001 -1.337172e+001 -3.766705e+000 -6.758759e+000  1.193706e+000 -1.433914e+001  2.958354e+000 -1.830828e+000  9.645549e-001 -5.458860e+000 -2.350115e+000 -1.421680e+001  7.147452e+001 -2.505154e-001  5.992775e-002  6.644421e-001  5.674783e-001 -1.449462e+000 -1.688681e+000  8.980590e-001  1.125096e+000 -1.021024e+000 -3.129204e-001  4.942788e-001  1.403602e+000  8.228836e-002 -9.499735e-002  1.886073e-001  1.379983e-001  2.221099e-001 -5.799719e-001  2.876532e-001 -1.061066e-001  2.059802e-001 -4.957424e-002 -1.810204e-001  1.495716e-001  2.918527e-001  2.897642e-004
 6.354124e-001 -1.332285e+001 -2.972020e+000 -5.397673e+000 -1.060284e+000 -1.509428e+001  3.316014e+000 -3.346560e-001  6.042070e-001 -6.273341e+000 -2.115427e+000 -1.165931e+001  7.129344e+001 -3.933732e-001  1.989956e-001  9.242520e-001  7.262563e-001 -1.940176e+000 -1.324632e+000  7.100821e-001  1.342152e+000 -1.134823e+000 -1.997476e-001  2.540662e-001  1.980512e+000  8.608856e-002 -7.840554e-002  1.634925e-001  3.399346e-001 -2.120339e-002 -5.264624e-001  4.030021e-001 -5.467403e-002 -6.960252e-002  4.725979e-002 -1.358760e-001  2.763578e-001  1.083949e-001 -3.117844e-002
-3.287900e-001 -1.267645e+001 -1.790336e+000 -4.949992e+000 -2.772848e+000 -1.689826e+001  3.918127e+000  2.005872e+000 -1.973592e+000 -5.816074e+000 -1.849119e+000 -1.076560e+001  7.159010e+001 -3.516941e-001  3.852419e-001  1.460086e+000  5.137463e-001 -2.607377e+000 -3.963718e-001  3.070174e-001  1.407545e+000 -9.009249e-001 -6.080829e-001  9.687851e-001  1.946545e+000 -2.525559e-002 -1.464558e-002  1.355884e-001  4.322843e-001 -1.832064e-001 -4.594198e-001  5.277094e-001 -2.076549e-002 -4.408187e-001  1.593263e-001  2.265236e-002  3.092828e-001 -7.804656e-002 -6.888054e-002
-6.990358e-001 -1.269344e+001 -3.212202e-001 -4.942051e+000 -4.733413e+000 -1.806358e+001  4.876069e+000  2.121396e+000 -2.071606e+000 -6.471479e+000 -1.525946e+000 -7.422596e+000  7.165482e+001 -3.870007e-001  4.570047e-001  2.060222e+000  4.554448e-002 -2.924373e+000 -3.007721e-001  9.381862e-001  2.120107e-001 -5.289592e-001 -6.963890e-001  1.555156e+000  1.416374e+000 -8.977890e-002  5.577505e-003  1.965263e-001  2.356662e-001 -1.142031e-001 -3.842050e-001  6.391416e-001 -1.763536e-001 -5.619875e-001  2.873491e-002  3.755181e-001  1.362364e-001 -2.717900e-001 -7.774467e-002
-5.009460e-001 -1.176022e+001  2.208326e+000 -4.417838e+000 -1.000661e+001 -1.483634e+001  3.713414e+000  3.978873e+000 -2.202163e+000 -8.400206e+000  2.199070e+000 -6.602429e+000  7.116755e+001 -3.269296e-001  6.088651e-001  2.257879e+000 -8.197879e-003 -3.254462e+000  4.379362e-001  6.801794e-001 -5.139269e-001 -5.273238e-001  4.866209e-002  1.390148e+000  1.295439e+000 -1.741806e-001  1.016365e-002  2.529348e-001 -1.075274e-001  4.422507e-002 -1.379953e-001  6.604841e-001 -5.019233e-001 -4.190359e-001 -1.379284e-001  7.003253e-001 -2.213803e-001 -3.456251e-001 -6.518319e-002
-1.213513e+000 -1.149594e+001  5.329758e+000 -5.436028e+000 -1.206527e+001 -1.762909e+001  8.109302e+000 -2.611032e-001 -1.926303e+000 -8.463221e+000  3.636257e+000 -6.659023e+000  7.105582e+001 -3.778679e-001  1.069815e+000  1.703687e+000  4.162128e-001 -3.537658e+000  1.453922e+000 -3.582667e-001 -5.070493e-001 -1.177949e+000  1.349470e+000  7.245666e-001  9.471156e-001 -2.281723e-001  8.041047e-002  2.476098e-001 -2.883672e-001  1.632380e-002  3.726127e-001  5.497425e-001 -9.349462e-001  8.612385e-002 -3.071166e-001  7.416828e-001 -4.301412e-001 -3.388420e-001 -8.977478e-002
-1.706200e+000 -1.023087e+001  6.673567e+000 -4.743993e+000 -1.537923e+001 -1.492582e+001  5.702408e+000  6.274864e-001 -4.682862e+000 -4.576893e+000  2.520521e+000 -4.670189e+000  7.101870e+001 -3.054422e-001  1.343510e+000  1.100716e+000  5.495375e-001 -2.990711e+000  2.028702e+000 -1.554373e+000 -3.281041e-001 -1.266072e+000  1.870614e+000  2.771783e-001  4.530493e-001 -2.819748e-001  1.429787e-001  1.834791e-001 -1.581084e-001 -1.784317e-001  1.249426e+000 -1.988153e-001 -7.805588e-001  3.811031e-001 -5.533259e-001  5.199214e-001 -4.050402e-001 -5.058012e-001 -1.777009e-001
-1.985749e+000 -8.109038e+000  5.964593e+000 -2.697910e+000 -1.973540e+001 -1.074923e+001  2.090239e+000  1.261842e+000 -6.721000e+000 -1.635784e+000  1.936162e+000 -3.653137e+000  7.058839e+001  4.308021e-003  1.327731e+000  1.196967e+000 -1.517042e-001 -1.193186e+000  1.652558e+000 -2.619269e+000  5.497185e-001 -1.695168e+000  2.101049e+000 -3.906524e-002  1.433590e-001 -4.847557e-001  1.564362e-001  8.705699e-002  2.443635e-001 -2.954926e-001  2.000855e+000 -1.019127e+000 -1.763704e-001  3.417798e-001 -1.115449e+000  6.614795e-001 -5.510432e-001 -6.473141e-001 -3.132620e-001
-1.642039e+000 -6.736117e+000  7.394491e+000 -3.039209e+000 -2.112511e+001 -8.132766e+000 -1.048918e+000  1.576879e+000 -6.135176e+000 -2.460856e+000  4.435009e+000 -5.840126e+000  6.999139e+001  1.968759e-001  1.397303e+000  1.720696e+000 -6.163977e-001  1.820432e+000 -6.554580e-001 -2.092114e+000  8.632047e-001 -3.035344e+000  2.272480e+000 -2.532368e-001 -8.316889e-001 -9.343933e-001  8.784861e-002  9.064364e-003  3.382447e-001 -3.023469e-002  1.855975e+000 -1.269225e+000  3.948287e-001  1.467828e-001 -1.545782e+000  9.320105e-001 -8.299121e-001 -6.061956e-001 -3.595488e-001
-1.224053e+000 -6.604665e+000  1.095413e+001 -7.046940e+000 -1.515826e+001 -1.276283e+001 -1.611380e+000  2.012793e+000 -9.675986e+000  9.840049e-001  2.483686e+000 -5.357260e+000  6.914570e+001  1.531539e-001  1.478204e+000  2.615515e+000 -4.782824e-001  4.061046e+000 -2.299634e+000 -9.712479e-001  6.061953e-001 -5.870557e+000  4.455935e+000 -1.765442e+000 -1.647086e+000 -1.468273e+000  1.032266e-001 -2.931100e-001 -7.856701e-002  4.716059e-001  7.377208e-001 -6.896600e-001  5.169894e-001 -1.004623e-001 -9.426476e-001  5.788332e-001 -8.724470e-001 -4.582929e-001 -2.342719e-001
-1.102668e+000 -3.996544e+000  1.278228e+001 -5.651466e+000 -8.565639e+000 -1.719631e+001 -2.907351e+000  4.568035e+000 -1.838209e+001  5.475611e+000  9.805746e-001 -7.976573e+000  6.706808e+001  5.937785e-002  1.313596e+000  2.082666e+000  5.616531e-001  3.662047e+000 -2.341330e+000 -4.042395e-001  3.775713e-001 -6.907287e+000  5.353223e+000 -3.009194e+000 -1.682706e+000 -1.587960e+000  2.505951e-001 -8.450316e-001 -9.788172e-001  6.650724e-001 -9.278588e-001  2.551671e-001  2.065109e-001 -1.407593e-001  9.890885e-001 -5.783368e-001 -3.361672e-001 -7.369064e-002  1.171711e-001
-1.489665e+000 -2.087804e+000  1.634827e+001 -3.783193e+000 -5.709900e+000 -1.771563e+001 -1.836784e+000  2.797241e+000 -2.995033e+001  1.667566e+001 -5.163831e+000 -1.082034e+001  6.470868e+001  5.891899e-001 -9.596555e-002  6.231471e-001  1.617300e+000  1.574612e+000 -9.528061e-001 -8.782594e-001  2.902237e-001 -4.472435e+000  3.454843e+000 -3.023322e+000 -1.722597e+000 -1.329332e+000  3.710357e-001 -9.725080e-001 -1.974124e+000  4.167202e-001 -1.778798e+000  7.379359e-001 -2.789997e-001  2.201452e-002  3.333003e+000 -2.367752e+000  7.875818e-001  2.759763e-001  3.814175e-001
-1.212344e+000 -2.426570e+000  1.511075e+001 -1.862817e+000 -7.539052e+000 -1.736302e+001 -2.957414e+000  3.072512e+000 -3.053444e+001  1.645943e+001 -6.787202e+000 -1.152212e+001  6.427010e+001  1.231833e+000 -2.040771e+000 -2.177206e+000  1.661174e+000 -1.575645e+000 -5.303631e-002 -1.106054e+000  3.173937e-001  1.211038e+000 -1.186586e-001 -1.305133e+000 -1.162387e+000 -4.180084e-001  2.112381e-001 -4.387652e-001 -2.192717e+000 -4.336153e-001 -9.492407e-001  6.430729e-001 -3.432057e-001 -2.165420e-001  4.008412e+000 -2.554334e+000  1.455786e+000  2.393039e-001  3.943513e-001
 1.776735e+000 -7.869480e+000  1.290563e+001 -8.547657e-001 -7.798493e+000 -1.744351e+001 -5.977646e+000  4.211673e+000 -2.596198e+001  1.276631e+001 -8.749035e+000 -1.219747e+001  6.389803e+001  1.422104e+000 -1.707152e+000 -5.125169e+000  1.055558e+000 -2.214097e+000  2.458990e-001 -2.015340e+000  7.463567e-001  6.735297e+000 -4.646883e+000  1.320436e+000 -5.273641e-001 -1.461616e-001 -2.676715e-001  5.823882e-001 -1.539411e+000 -1.319565e+000  6.691201e-001  2.224835e-001  1.989699e-003 -5.539806e-001  2.500339e+000 -1.200623e+000  1.550036e+000 -9.236421e-002  2.462029e-001
 3.423299e+000 -1.130956e+001  3.617569e+000  1.190189e+000 -1.539957e+001 -1.759755e+001 -6.367188e+000  5.447787e+000 -1.432107e+001  6.836991e+000 -3.752488e+000 -1.309994e+001  6.538336e+001  6.991112e-001 -7.463713e-002 -6.006762e+000 -1.325552e+000  8.101974e-001  2.746819e-001 -1.551728e+000 -9.332050e-001  7.530908e+000 -3.367585e+000  2.097860e+000 -1.083803e+000 -2.077889e-001 -5.743906e-001  1.201984e+000 -1.998737e-001 -1.711569e+000  2.002193e+000  8.706370e-002  4.956973e-001 -9.230136e-001 -3.527638e-001  7.502587e-001  1.076426e+000 -4.249886e-001  3.742782e-002
 3.303036e+000 -6.182073e+000 -3.530980e+000 -3.190494e-002 -1.285013e+001 -1.636887e+001 -1.020860e+001  5.341387e+000 -4.380526e+000 -1.747538e+000 -7.900623e-002 -1.266825e+001  6.342124e+001 -4.828066e-001  1.832909e+000 -5.159130e+000 -3.487161e+000  3.727291e+000 -4.247665e-003 -6.454737e-001 -1.854380e+000  4.869325e+000 -9.238069e-001  3.025362e+000 -2.223710e+000 -2.034271e-001 -4.749434e-001  8.145850e-001  9.950224e-001 -1.345877e+000  1.568342e+000  2.937621e-001  1.100526e+000 -8.735548e-001 -2.742804e+000  1.971617e+000  5.484446e-001 -1.802176e-001  9.057705e-002
