53 39
 3.305427e+000  3.106941e+000  2.820633e+000  6.561351e+000  4.503458e+000 -1.507161e+001 -1.498644e+001 -5.786530e+000 -1.699261e+001  7.277557e-001  7.854300e+000 -1.693418e+001  5.805950e+001  2.798740e+000  3.200074e+000 -4.402823e+000 -3.551172e+000  1.602290e+000  5.493302e+000  1.486343e+000 -2.443325e+000 -3.176815e+000  2.139233e+000  8.970569e-001 -1.621574e+000 -2.396808e+000 -4.031660e-001  8.951571e-001  9.992139e-001 -9.248968e-001 -2.760950e+000  6.013039e-001  2.177812e+000  1.391952e+000 -1.284733e+000 -1.645499e-001 -9.587268e-001  6.586870e-001 -3.095789e-001
 5.857956e+000  7.880324e+000  2.956320e-001  5.054600e-001  3.575681e+000 -9.185982e+000 -6.563888e+000 -8.019711e+000 -2.711272e+001 -1.795747e-001  1.136426e+001 -1.163530e+001  5.493081e+001  2.020004e+000  4.073368e+000 -2.614396e+000 -3.828116e+000 -3.098658e+000  5.021372e+000  4.107322e+000  1.730663e+000 -5.003509e+000  1.027048e+000 -6.157884e-001 -1.037610e-001 -2.593174e+000 -7.718357e-001  5.436997e-002  1.507844e+000  2.246133e-001 -2.602441e+000 -8.251283e-001  9.960439e-001  2.158665e+000  2.086312e-001 -1.492454e-001 -1.440259e+000  2.633613e-001  5.232825e-002
 7.468482e+000  1.211722e+001 -2.986437e+000 -1.495334e+000 -1.930858e+000 -6.402155e+000 -1.415731e+000 -2.823188e-001 -3.103456e+001 -7.078745e-001  5.855502e+000 -1.115943e+001  5.241335e+001  9.933990e-001  3.423635e+000 -1.062692e+000 -2.419784e+000 -5.262617e+000  2.470622e+000  3.753123e+000  5.323111e+000 -3.715313e+000  9.798055e-001 -3.318159e+000  2.417468e-001 -2.225684e+000 -8.556955e-001 -9.459412e-001  1.562366e+000  1.103906e+000 -1.013717e+000 -1.656686e+000 -4.268074e-001  8.644650e-001  1.804016e+000 -4.684777e-002 -7.562124e-001 -3.486713e-001  3.986486e-001
 7.903770e+000  1.568806e+001 -2.372219e+000 -3.574480e+000 -1.090076e+001 -4.111323e+000 -8.716871e-001  1.019506e+001 -3.374617e+001  1.337146e+000  5.679808e-001 -1.205225e+001  5.041822e+001  6.372809e-002  1.743113e+000  7.856433e-001 -1.028055e+000 -5.085265e+000  8.739231e-001  1.712087e+000  4.532496e+000  4.052965e-001  1.885305e+000 -3.765274e+000 -1.690434e+000 -1.645925e+000 -7.419375e-001 -1.538985e+000  1.297312e+000  1.313401e+000  8.171550e-001 -1.670715e+000 -9.723804e-001 -1.459933e+000  2.590519e+000 -2.000974e-001  4.751545e-001 -4.946218e-001  6.244091e-001
 7.249515e+000  1.632125e+001 -1.158903e+000 -3.497600e+000 -1.457141e+001 -5.255830e+000  9.330751e-001  1.172164e+001 -3.225245e+001  4.868423e+000 -3.338357e+000 -1.551697e+001  4.918737e+001 -5.015996e-001 -3.645040e-001  1.708984e+000  5.683295e-001 -2.472991e+000 -7.164057e-001  5.499235e-001  4.780831e-001  3.138862e+000  1.475865e+000 -1.309262e+000 -2.571594e+000 -8.771900e-001 -4.227732e-001 -1.512425e+000  8.673613e-001  8.285618e-001  1.493638e+000 -1.134984e+000 -7.416298e-001 -2.514117e+000  1.996134e+000 -7.765617e-001  1.277790e+000  2.700530e-001  7.363581e-001
 6.286081e+000  1.449387e+001  3.310081e+000 -3.633683e+000 -1.553037e+001 -5.389529e+000  8.221444e-001  8.640793e+000 -2.447729e+001  6.458804e+000 -2.865182e+000 -1.790870e+001  4.831417e+001 -9.421843e-001 -1.727488e+000  2.486328e+000  1.244834e+000 -4.076954e-001 -1.738689e+000  8.470196e-001 -3.146488e+000  4.522001e+000 -2.214694e-001  7.555355e-001 -1.170200e+000 -1.453754e-001  2.749613e-002 -1.130929e+000  3.126113e-001  3.410724e-001  1.105751e+000 -7.458231e-001 -3.704547e-001 -1.762128e+000  4.534734e-001 -8.736956e-001  1.053065e+000  1.041510e+000  7.440957e-001
 5.769330e+000  1.089180e+001  2.717335e+000  1.375915e+000 -1.198101e+001 -9.345081e+000  4.869708e-001  2.885231e+000 -1.997469e+001  4.110624e+000  1.025773e+000 -2.108918e+001  4.907942e+001 -6.175108e-001 -2.403188e+000  2.423772e+000  5.865803e-001 -1.332121e-001 -1.897995e+000  4.775080e-001 -3.407982e+000  4.207006e+000 -1.849616e+000  8.103848e-001  1.331895e+000  7.058319e-001  4.337637e-001 -6.661367e-001  3.584807e-002 -2.484085e-001  1.370500e-001 -2.544756e-001 -8.309254e-002 -2.914240e-001 -6.210309e-001 -1.735564e-001 -9.076373e-002  1.196590e+000  6.427310e-001
 3.932941e+000  9.765347e+000  8.121304e+000  2.129321e-001 -1.423443e+001 -1.076014e+001  3.586463e+000 -1.119177e+000 -1.727505e+001  6.086981e-001  2.163593e+000 -1.511714e+001  4.974532e+001  2.591644e-001 -2.892193e+000  1.991306e+000  6.681813e-001 -7.264007e-001 -2.264398e+000 -1.039788e-001 -2.335111e+000  2.138592e+000 -8.204322e-001  4.402275e-001  1.565371e+000  1.283043e+000  6.087851e-001 -3.174654e-001 -2.983943e-001 -4.232479e-001 -4.233285e-001  1.439467e-001  1.385717e-001  6.909947e-001 -1.073066e+000  7.205087e-001 -8.881182e-001  5.847603e-001  5.046126e-001
 5.338531e+000  6.669574e+000  8.554344e+000 -2.488006e+000 -1.588543e+001 -1.206050e+001  1.938456e+000 -4.382893e-001 -1.481855e+001 -1.454604e+000 -1.800821e+000 -1.025328e+001  5.200096e+001  1.066544e+000 -3.112836e+000  2.135736e+000 -3.853868e-001 -1.628388e+000 -1.725929e+000  6.099600e-001 -1.384726e+000  1.225412e+000  9.075648e-001 -1.605427e+000  2.043571e+000  1.622256e+000  3.684820e-001  5.515418e-002 -4.527870e-001 -3.137901e-001 -4.224611e-001  4.914086e-001  4.718563e-001  7.260742e-001 -8.070238e-001  9.572805e-001 -8.611998e-001 -6.726380e-002  2.735634e-001
 7.797302e+000  2.144020e+000  1.034811e+001  1.639184e+000 -1.721016e+001 -1.535381e+001 -4.234922e-001 -1.373000e+000 -1.636240e+001  5.139256e+000  7.492526e-001 -1.549980e+001  5.326861e+001  1.259714e+000 -2.959991e+000  1.138375e+000 -3.854220e-001 -1.776750e+000 -1.104988e+000  1.473652e+000 -7.031428e-001  6.474679e-001  2.002484e+000 -2.477150e+000  1.397764e+000  1.919476e+000 -9.550527e-002  4.690666e-001 -6.181018e-001 -4.025743e-001 -2.438261e-001  9.013990e-001  4.201651e-001  6.707952e-001 -2.229145e-001  2.474466e-001 -4.426178e-001 -2.436863e-001  9.554871e-002
 9.169870e+000 -8.617197e-001  1.228261e+001 -1.264145e+000 -1.863508e+001 -1.567789e+001  5.541749e+000 -3.911486e+000 -1.430395e+001  6.383169e+000 -6.294189e+000 -1.068000e+001  5.542905e+001  7.246245e-001 -2.093517e+000  5.863025e-001 -4.555689e-001 -1.720343e+000 -2.065687e-002  2.047974e+000 -5.935948e-001  9.174488e-001  1.525328e+000 -2.036926e+000  1.079379e+000  1.755432e+000 -4.674311e-001  7.537543e-001 -8.484564e-001 -2.628194e-001  1.047400e-001  9.368632e-001 -2.837532e-001  7.790111e-001 -6.300679e-002 -4.100977e-001  5.235428e-001 -6.427752e-001 -5.007692e-002
 8.315839e+000 -1.268961e+000  1.194904e+001 -2.326108e+000 -2.174336e+001 -1.447638e+001  9.153078e+000 -2.898293e+000 -1.429500e+001  6.702231e+000 -7.975472e+000 -7.914962e+000  5.762865e+001 -4.740210e-002 -1.056519e+000 -3.244863e-001 -1.309599e+000 -1.899554e+000  1.389961e+000  1.277840e+000  6.233000e-001  1.178001e+000  1.079191e-001 -1.557112e+000  8.290349e-001  1.694198e+000 -5.356891e-001  7.198777e-001 -7.959064e-001 -4.374237e-001  5.718573e-001  6.998055e-001 -6.658113e-001  7.001960e-001 -1.566970e-001 -7.933637e-001  1.093967e+000 -7.398854e-001 -1.426200e-001
 8.702385e+000 -2.091522e+000  1.068539e+001 -2.783204e+000 -2.222055e+001 -1.260250e+001  7.390042e+000 -2.643617e+000 -1.126500e+001  5.390551e+000 -7.623085e+000 -8.648799e+000  5.859810e+001 -6.170534e-001 -2.958002e-001 -1.375116e+000 -1.237395e+000 -1.043287e+000  1.710913e+000 -7.108998e-001  1.847109e+000  6.451116e-001 -1.956416e-001  5.522684e-001 -8.859409e-001  1.484510e+000 -4.165583e-001  4.489303e-001 -7.586468e-001 -5.015275e-001  1.027604e+000  3.655595e-001 -4.845381e-001  4.687960e-001 -5.723280e-001 -7.791097e-001  1.082606e+000 -4.867701e-001 -1.105433e-001
 7.794034e+000 -2.523673e+000  9.524288e+000 -4.149284e+000 -2.491520e+001 -9.941706e+000  5.041559e+000  1.109565e+000 -1.199187e+001  6.175161e+000 -6.371860e+000 -1.237022e+001  6.015508e+001 -7.478927e-001 -2.594610e-001 -1.860448e+000 -2.181628e+000  7.440081e-001  1.528255e+000 -4.759674e-001  1.577485e+000  1.517296e-004 -1.103850e+000  1.698090e+000 -1.319003e+000  1.341837e+000 -2.087592e-001  1.361301e-001 -5.548354e-001 -2.870386e-001  1.399128e+000  2.769809e-002  1.061242e-001 -2.575635e-001 -7.622111e-001 -5.769688e-001  7.953832e-001  1.524855e-001 -1.312544e-001
 6.345506e+000 -1.713365e+000  6.619411e+000 -6.539533e+000 -2.226560e+001 -9.390666e+000  4.043009e+000  3.320128e+000 -1.222996e+001  5.668496e+000 -4.334654e+000 -1.288207e+001  6.158839e+001 -1.007922e+000 -2.473949e-001 -2.438951e+000 -2.527192e+000  2.095894e+000  1.737994e+000  5.021872e-001  1.273293e+000 -1.355267e+000 -1.764336e+000  1.748506e+000 -2.804523e-001  1.378896e+000  1.757515e-002 -1.560708e-001 -2.522801e-001  1.642337e-002  1.262630e+000 -3.117192e-002  5.390002e-001 -9.792969e-001 -5.394703e-001 -3.474419e-001  2.775562e-001  7.725930e-001 -1.820744e-001
 5.754815e+000 -2.755345e+000  4.679790e+000 -1.135608e+001 -1.800079e+001 -8.441024e+000  8.446757e+000  2.007261e+000 -1.381177e+001  1.044010e+000 -1.129241e+000 -1.239334e+001  6.284269e+001 -8.957638e-001 -4.000708e-001 -2.566746e+000 -2.099894e+000  3.526494e+000  1.514911e+000  1.201917e+000 -3.776097e-001 -1.632865e+000 -1.992578e+000  1.821685e+000  1.288718e+000  1.090733e+000  1.778673e-001 -2.756184e-001 -6.590202e-002  5.935431e-001  6.987954e-001 -4.218173e-003  1.954293e-001 -1.210034e+000 -2.448418e-002  2.619100e-001  7.710886e-003  6.677041e-001 -2.828354e-001
 4.682386e+000 -3.212661e+000  9.128867e-001 -1.181577e+001 -1.519828e+001 -4.662866e+000  8.198379e+000  3.273998e+000 -1.713139e+001 -8.655511e-001 -1.501866e+000 -1.003950e+001  6.414877e+001 -4.552421e-001 -1.005849e+000 -2.283367e+000 -1.196145e+000  3.878623e+000  1.561725e+000  1.145159e+000 -2.071828e+000 -1.235731e+000 -1.488487e+000  1.878251e+000  1.673164e+000  6.996902e-001  2.694805e-001 -2.293476e-001  8.302772e-002  8.302835e-001  1.093390e-001 -2.022983e-001 -2.915162e-001 -1.213473e+000  6.131799e-001  8.523098e-001 -1.069949e-001  5.970045e-002 -3.978007e-001
 4.146775e+000 -3.774379e+000 -4.561810e-001 -1.201064e+001 -1.081638e+001 -4.731052e+000  8.973459e+000 -7.554188e-001 -1.770548e+001 -5.207059e-001  1.320171e+000 -7.347920e+000  6.432855e+001 -1.348962e-001 -1.258326e+000 -2.267750e+000  1.205643e-001  3.346621e+000  1.595298e+000  1.796932e-001 -2.800124e+000 -1.820368e-001  6.777592e-002  1.671771e+000  1.042709e+000  2.672630e-001  1.730890e-001  3.024691e-002  9.642079e-002  7.496251e-001 -4.582383e-001 -4.369764e-001 -6.767647e-001 -4.079193e-001  8.418395e-001  1.131173e+000 -4.318620e-001 -6.157383e-001 -4.168307e-001
 4.873315e+000 -6.233094e+000 -2.229439e+000 -1.219298e+001 -6.464690e+000 -3.437026e+000  9.505454e+000 -5.657673e+000 -1.646176e+001 -9.915812e-001  3.831897e+000 -7.038967e+000  6.434391e+001 -4.095321e-002 -9.650055e-001 -2.173310e+000  5.139962e-001  2.732525e+000  6.863089e-001 -4.442817e-001 -3.582817e+000  9.852185e-001  1.467037e+000  1.288488e+000  1.410542e-001 -1.983726e-001 -5.986517e-002  3.079780e-001  8.329324e-002  5.854690e-001 -7.200450e-001 -6.546896e-001 -7.498684e-001  4.518836e-001  7.888998e-001  8.507346e-001 -6.266591e-001 -9.548619e-001 -2.934267e-001
 4.984869e+000 -7.536758e+000 -5.087798e+000 -1.056465e+001 -5.634486e+000 -1.077453e+000  8.691686e+000 -7.527525e+000 -1.505677e+001  1.445905e+000  4.562734e+000 -8.680061e+000  6.408144e+001 -2.374633e-001 -2.692581e-001 -2.139671e+000  7.931611e-001  1.808351e+000 -2.322630e-001 -1.387186e+000 -1.661712e+000  1.465857e+000  2.185527e+000 -4.274352e-002 -1.023919e+000 -5.443889e-001 -1.892293e-001  3.861502e-001  6.909341e-002  6.077064e-001 -7.840884e-001 -7.082956e-001 -5.594306e-001  8.611118e-001  7.089195e-001  1.016246e-001 -6.747322e-001 -9.240202e-001 -6.714103e-002
 4.058573e+000 -6.156498e+000 -7.637855e+000 -9.968778e+000 -4.126603e+000 -3.058121e+000  6.117857e+000 -1.125403e+001 -1.352965e+001  5.486327e+000  3.319294e+000 -8.668159e+000  6.328047e+001 -7.032843e-001  3.950701e-002 -1.930941e+000  1.394901e+000  1.047532e+000 -7.979419e-001 -1.820743e+000 -3.816170e-001  1.884821e+000  1.706310e+000 -3.977866e-001 -2.067832e+000 -3.616173e-001 -1.734668e-001  1.215159e-001  2.164519e-001  7.370517e-001 -7.692956e-001 -3.201755e-001 -4.641355e-001  1.154121e+000  6.657767e-001 -5.108549e-001 -6.858683e-001 -5.146195e-001  7.884346e-002
 3.366830e+000 -5.158967e+000 -8.450328e+000 -9.156933e+000 -2.943670e+000 -6.081820e+000  3.731327e+000 -6.265796e+000 -1.184225e+001  7.167977e+000  1.362755e+000 -1.165292e+001  6.213833e+001 -7.498770e-001  1.701687e-001 -2.043468e+000  2.718644e+000  2.686748e-001 -1.204054e+000 -1.929229e+000 -9.516554e-002  2.912760e+000  4.562622e-001 -8.587523e-001 -2.472949e+000  1.318016e-002 -7.127294e-002 -2.342425e-001  4.399168e-001  5.122844e-001 -6.068689e-001  8.705862e-002 -3.480298e-001  8.730121e-001  5.052139e-001 -5.700889e-001 -5.924830e-001 -6.467795e-003  9.701713e-002
 2.165914e+000 -7.224454e+000 -1.020288e+001 -5.922335e+000 -2.572435e+000 -4.924552e+000  2.881918e+000 -8.196623e+000 -8.644909e+000  4.678934e+000  3.442954e+000 -1.589170e+001  6.350738e+001 -6.520801e-001 -5.771393e-001 -1.139152e+000  3.236513e+000 -3.441144e-001 -4.286730e-001 -2.493937e+000  1.404512e+000  3.590651e+000 -2.226054e-001 -1.732849e+000 -1.707529e+000 -8.293991e-002  1.553017e-002 -2.168947e-001  6.261203e-001  1.392658e-001 -5.798569e-001  1.407934e-001 -1.868102e-001  8.340443e-001 -8.352446e-003 -5.362065e-001 -6.514213e-001  7.821258e-001  3.429310e-002
 2.181814e+000 -6.151937e+000 -1.402263e+001  1.005345e+000 -5.068196e+000 -6.164508e+000  6.635098e-001 -9.532059e+000 -2.935338e+000  4.130912e+000  2.071426e-001 -1.743303e+001  6.403388e+001 -6.194301e-001 -1.132148e+000 -3.359808e-001  2.433777e+000 -5.301694e-001  1.839566e-002 -2.790738e+000  1.810284e+000  3.139012e+000  2.995406e-001 -2.337627e+000 -1.236410e+000 -1.986420e-001 -6.999075e-004 -6.839471e-002  7.376917e-001 -3.466165e-001 -5.368557e-001  1.383379e-002  1.230677e-001  8.575113e-001 -4.323592e-001 -4.205015e-001 -3.591185e-001  1.037051e+000 -2.087283e-001
 1.390680e+000 -8.545711e+000 -1.054747e+001  1.132650e+000 -4.784912e+000 -5.160142e+000 -4.817922e+000 -2.598341e+000 -2.985306e-002  5.891832e+000 -4.767143e+000 -1.431574e+001  6.191799e+001 -6.908569e-001 -3.938084e-001  3.459174e-001  2.233664e+000 -1.452330e+000 -7.052000e-001 -2.324039e+000  2.835880e+000  1.729933e+000 -8.963612e-001 -2.915456e+000  1.224528e+000 -8.424072e-002 -3.187119e-002  3.352158e-001  6.585187e-001 -4.465278e-001 -5.656463e-001 -2.658730e-001  6.281386e-001  2.386104e-001 -6.450160e-001 -7.682511e-001  2.969278e-001  1.125267e+000 -1.674989e-001
 6.572958e-001 -1.015908e+001 -9.957937e+000 -5.155399e-001 -4.488279e+000 -5.872046e+000 -6.372442e+000 -1.351489e-002 -4.547198e-001  8.059231e+000 -6.220334e+000 -1.862294e+001  6.193981e+001 -7.339882e-001 -2.634703e-001  9.024561e-001  1.486986e+000 -1.861496e+000 -9.966217e-001 -1.398839e+000  3.476708e+000  1.681323e+000 -1.309367e+000 -2.063041e+000  1.246278e+000 -1.029811e+000  2.550845e-002  4.588397e-001  6.806354e-001 -4.277558e-001 -4.439009e-001 -3.810441e-001  8.613909e-001 -1.695294e-001 -3.873817e-001 -9.645650e-001  7.795127e-001  1.075022e+000 -2.703206e-001
-5.261121e-001 -7.189926e+000 -1.050563e+001  6.006426e+000 -1.012404e+001 -8.596783e+000 -5.220303e+000  1.223503e+000 -1.235554e+000 -1.767032e+000 -7.920586e+000 -9.174106e+000  6.413321e+001 -7.541571e-001  6.646010e-001  1.534223e+000  1.477270e+000 -2.506683e+000 -1.250529e+000 -4.919367e-002  1.764352e+000  1.094416e+000 -3.259407e+000 -3.855028e-001  2.677461e+000 -5.048496e-001  5.825678e-002  3.476299e-001  1.012218e+000 -6.171940e-001  3.796036e-001 -2.414408e-001  9.684384e-001 -1.055333e+000 -4.331895e-001 -7.072259e-002  8.708671e-001  4.247005e-001 -4.551285e-001
-5.297307e-001 -8.147181e+000 -9.531261e+000  6.003387e+000 -1.170611e+001 -9.429296e+000 -6.129497e+000  5.940558e+000  6.074126e+000  1.413508e+000 -8.531343e+000 -1.377247e+001  5.777722e+001 -4.602378e-001  6.328463e-001  2.473043e+000  6.731953e-001 -2.222498e+000 -1.614160e+000  3.787938e-001  1.498401e+000  1.519862e+000 -3.341762e+000  2.949598e-001  3.412231e+000 -1.339940e+000  1.182461e-001  4.411131e-001  1.008522e+000 -4.587269e-001  1.254427e+000 -2.989734e-001  8.045532e-001 -1.622931e+000 -1.221485e+000  7.830521e-001  3.301602e-001  1.449032e-001 -3.906670e-001
-1.786592e+000 -6.228654e+000 -3.089690e+000  5.259535e+000 -1.370941e+001 -9.634164e+000 -5.185363e+000  3.246384e+000  2.177802e+000 -7.082341e+000 -5.539152e+000 -3.353678e+000  6.147504e+001 -5.364482e-001  8.961830e-001  4.621713e+000 -4.454107e-001  6.261889e-001 -1.603635e+000  1.629336e+000 -1.451633e+000 -3.552844e-001 -2.337768e-001  2.598790e-001  2.265054e+000 -2.204819e+000  1.397774e-001  4.548772e-001  8.076504e-001 -4.124453e-001  1.649060e+000 -2.797091e-001  7.647821e-001 -1.494795e+000 -1.953567e+000  1.868298e+000 -3.924954e-001 -6.649817e-001 -6.555279e-001
-1.013653e+000 -7.475481e+000 -1.300692e+000  3.223882e+000 -1.380808e+001 -1.342416e+001 -4.495944e+000  6.467048e+000  5.437912e+000 -5.991924e+000 -5.936252e+000 -4.472003e+000  5.656919e+001 -2.516123e-001  1.826304e+000  4.401322e+000  1.546919e-001  2.844202e+000 -2.314936e+000  1.784662e+000 -3.029956e+000 -3.701251e+000  1.093078e+000 -7.349313e-001  2.176998e+000 -2.133162e+000  1.298784e-001  4.679486e-001  3.462037e-001 -1.084558e-001  1.048481e+000 -4.861944e-002  5.986357e-001 -1.252524e+000 -2.410136e+000  1.894353e+000 -6.806650e-001 -8.482819e-001 -1.474940e-001
-2.966392e+000 -3.044860e+000  8.487647e+000  5.169126e+000 -5.942111e+000 -1.461753e+001  2.109601e+000 -6.297905e+000 -2.693869e+000  7.668003e-001 -7.918736e+000 -2.499069e+000  5.371313e+001 -1.595826e-001  2.342258e+000  4.608335e+000 -3.257051e-001  3.205267e+000 -2.298687e+000  3.071783e+000 -3.445444e+000 -6.062864e+000  3.864665e+000 -1.833034e+000 -2.983093e-002 -3.385879e+000 -2.768948e-002  2.661623e-001 -7.828428e-001  3.349785e-002 -2.972470e-001  6.602984e-001 -3.966591e-001 -1.107348e-001 -8.976394e-001  3.728649e-001 -2.501436e-001 -7.818145e-001  2.735912e-001
-1.197892e+000 -6.075553e-001  6.686682e+000  6.822052e+000 -1.368746e+000 -1.851230e+001 -8.536707e-001 -4.437078e+000 -9.996294e+000  2.954329e+000 -1.101621e+001 -3.314781e+000  5.099237e+001  7.215738e-004  2.249552e+000  4.210751e+000  7.106344e-002  1.730369e+000 -1.509731e+000  2.650749e+000 -3.767313e+000 -7.677025e+000  4.080781e+000 -2.061908e+000  3.182638e-001 -1.486881e+000 -1.824956e-001 -1.480619e-001 -1.195923e+000  9.291198e-002 -1.271716e+000  1.071620e+000 -6.942735e-001  5.009859e-001  1.075659e+000 -8.352907e-001  3.367280e-001 -4.864622e-001  7.267740e-001
-2.492386e+000  2.048671e+000  1.595830e+001  1.831925e+000 -3.902746e+000 -1.858353e+001  8.352415e+000 -8.528772e+000 -2.041942e+001  7.767858e+000 -1.216434e+001 -4.081443e+000  4.733406e+001 -8.010626e-001  2.015371e+000  8.027847e-001 -2.361072e-001 -3.031294e-001  1.295255e+000 -7.870032e-001 -1.636629e+000 -2.855594e+000  1.366961e-001 -3.273503e-001 -7.146519e-001 -1.160003e+000 -2.578076e-001 -3.654676e-001 -1.558199e+000  5.396450e-001 -1.187391e+000  9.638013e-001 -1.083359e+000  6.206538e-001  2.385752e+000 -1.736156e+000  5.850866e-001  1.937258e-001  9.389988e-001
-1.247049e+000  1.225512e+000  1.601774e+001  5.247800e+000 -6.175920e+000 -1.898981e+001  5.636396e+000 -1.125408e+001 -2.408444e+001  1.091146e+001 -1.412299e+001 -2.089497e+000  5.232433e+001 -8.433502e-001  1.249439e+000  3.244818e-001  5.744529e-001 -1.760177e+000  1.246195e+000  2.426871e-001 -1.429435e+000  7.340755e-002 -1.219391e+000  1.958669e-001  8.709719e-002  3.877708e-001 -2.156922e-001 -3.698277e-001 -1.159595e+000  4.470310e-001 -5.209493e-001  3.293723e-001 -5.125316e-001  9.441113e-001  2.371365e+000 -1.258097e+000  3.270109e-001  3.527814e-001  1.381100e-001
-6.947126e+000  6.115460e+000  7.836043e+000  4.775715e+000 -5.054172e+000 -7.902494e+000 -5.070448e+000 -1.107255e+001 -9.927767e+000 -2.528282e+000 -8.002097e+000 -6.684970e+000  4.724713e+001 -1.026585e+000  1.014976e+000 -1.239525e+000  2.120825e+000 -9.864168e-001  1.142357e+000 -1.140979e+000 -1.511114e+000  1.990680e+000 -2.166029e+000 -3.648863e-002  1.054381e+000  3.717895e-001  3.764484e-001 -5.294918e-001 -2.126054e-001  1.994151e-001  2.375558e-001 -5.261414e-001  2.202871e-001  9.959510e-001  5.244678e-001  6.846489e-003  1.232325e-001  4.982223e-001 -6.410629e-002
-3.187273e+000  3.606243e+000  1.237022e+001  8.222421e+000 -9.593918e+000 -1.762184e+001  7.071196e+000 -1.031236e+001 -1.487508e+001  2.005446e+000 -1.211800e+001 -1.577532e+000  5.297469e+001 -9.649784e-001  9.006104e-001 -5.660717e-001  1.127752e+000 -5.327334e-001  2.135797e-001  2.650787e-001  8.904869e-001  1.756664e+000 -1.058339e+000 -5.722847e-001  1.197654e+000 -1.562227e+000  3.014896e-001 -3.687890e-001  8.954386e-002 -2.634367e-001  7.872307e-001 -3.390563e-001 -3.377315e-001  7.301096e-001 -4.049742e-001  3.613856e-001  2.410824e-001 -1.715225e-002 -3.419306e-001
-6.655199e+000  5.933187e+000  1.158443e+001  1.094874e+001 -7.125831e+000 -1.355573e+001  1.930121e+000 -1.655520e+001 -1.507069e+001  1.390716e+000 -1.334928e+001  9.344802e-001  4.886783e+001  1.141994e+000 -4.576740e-001  1.850346e-001  4.843185e-001  2.709277e-001 -8.191445e-001  3.032362e-001  2.183166e+000 -1.074883e+000  9.040246e-002  6.728882e-001  1.221181e+000 -5.055359e-001 -8.236160e-002 -4.520900e-001  2.567284e-001 -6.250837e-001  7.878061e-001  6.329938e-002 -2.522254e-001  1.894533e-001 -6.336462e-001  1.056414e-001  3.895041e-001 -4.354078e-001 -2.431110e-002
-6.217905e+000  5.819700e+000  1.131318e+001  7.800049e+000 -7.803757e+000 -1.509529e+001  3.461505e+000 -4.060320e+000 -1.272966e+001  3.660263e+000 -1.431082e+001  8.904713e-002  4.370284e+001 -4.201917e-001  1.418185e-001  5.992117e-002  7.552247e-002  1.547304e+000  5.316641e-001 -2.168078e+000  3.739738e-001 -4.186815e-001 -5.406783e-001  1.046590e+000 -8.206393e-002 -8.832195e-001 -8.060896e-001 -6.756212e-001 -2.327291e-001 -7.704352e-001  3.433037e-001  7.143866e-001 -4.832839e-001 -5.334221e-001  5.059640e-001 -1.331108e-002  6.730912e-001 -3.397041e-001  3.737030e-001
 2.781579e-001  2.720361e+000  9.289734e+000  7.408494e+000 -4.594614e+000 -1.326149e+001 -1.749421e+000 -3.282740e+000 -1.637489e+001 -2.903679e+000 -3.541245e+000 -1.412355e+000  4.935537e+001 -1.710786e+000 -8.660778e-001 -2.688795e-001 -4.784788e-001  1.912595e+000  1.299811e+000 -1.185528e+000 -3.055907e-001 -8.987828e-002 -1.896652e+000  1.101594e+000 -4.827989e-001 -8.926964e-002 -1.119626e+000 -6.516656e-001 -3.249307e-001 -6.764802e-001 -1.320510e-001  1.246340e+000  7.418812e-002  4.385146e-002  1.685042e+000  3.572198e-002  8.272123e-002 -1.988554e-001  1.685450e-001
-8.754910e+000  5.921749e+000  1.381717e+001  1.037016e+001 -3.123006e+000 -1.511064e+001 -1.929424e+000 -1.507872e+001 -1.631639e+001  1.449251e+000 -1.178906e+001 -8.144339e-001  4.831482e+001 -3.569037e+000 -2.273293e+000 -1.502760e+000 -2.243025e+000  3.629512e-001  2.726035e+000 -1.406959e+000 -5.322453e-001  3.793982e+000 -1.313665e-001  2.578818e+000  3.511237e-001  9.815483e-002  2.967063e-001 -7.426974e-001  9.640480e-002 -5.524783e-001 -5.244684e-001  8.607323e-001  7.076490e-001  1.343565e+000  1.277809e+000  1.721213e-001 -1.492590e-001  1.179603e-001  4.291154e-001
-1.394063e+001  1.551774e+000  8.988039e+000  7.271292e+000  9.676787e-002 -7.049001e+000 -1.302052e+000 -1.257395e+001 -1.372672e+001 -6.987040e+000 -9.102190e+000 -1.027774e+000  4.611549e+001 -2.881714e+000 -2.508446e+000 -6.582780e-001 -1.738809e+000  2.028492e-001  4.315371e+000  2.936172e-001  2.855533e+000  5.243993e+000  6.435645e-002  3.203805e-001  1.031020e-002 -1.534981e-001  1.392394e+000 -1.129557e-001  6.206043e-001  2.650006e-001 -4.729809e-001 -9.922428e-002  5.984613e-001  1.433167e+000  4.780344e-001  8.387978e-002 -5.721986e-001  2.399691e-001  5.069261e-001
-1.695370e+001 -4.962473e+000  3.950230e+000 -3.346474e+000 -8.334692e+000 -4.571363e+000 -3.796975e+000 -2.075942e+000  4.916163e+000  5.045111e+000  1.363743e+000  1.652375e+000  4.581356e+001  1.648804e+000 -2.750484e+000  7.366444e-001 -2.056704e+000 -2.201651e-001  3.327546e+000  6.305944e-001  5.511239e+000  3.303427e+000 -6.605762e-001  6.909022e-001  2.611830e-001  1.294471e+000  1.481332e+000  4.518599e-001  5.688053e-001  1.240936e+000  9.240171e-002 -1.120082e+000  4.120329e-001  6.542103e-001 -6.267258e-001 -5.481008e-001 -6.191161e-001 -5.781896e-002  3.558182e-001
-1.003102e+001 -4.379759e+000  1.093182e+001  5.572763e+000 -9.745244e-001  3.045728e+000  6.524405e-001  4.493532e+000 -7.712023e-001 -4.379827e+000 -8.515746e+000 -2.594208e+000  4.983851e+001  2.642264e+000 -1.192261e+000  1.714440e+000  7.533635e-001 -1.607513e-001  5.029345e-001  7.880023e-001  3.838500e+000  2.545571e+000 -1.212649e+000 -8.154405e-001  7.620169e-001  1.847202e+000  3.301310e-001  3.086287e-001 -3.405243e-001  1.008630e+000  4.136502e-001 -1.463356e+000 -5.551622e-002 -2.636493e-001 -3.323301e-001 -1.034295e-001  3.050438e-001 -1.059613e-001 -1.974594e-001
-2.465693e+000 -4.864904e+000  1.652851e+001  9.359015e-001 -3.688185e+000 -3.520274e+000  2.463014e-001  3.943727e+000 -6.277015e+000 -3.157237e+000 -8.627775e+000  1.274698e+000  5.292566e+001  1.075633e+000 -6.720865e-001  1.549073e-001  2.715571e+000  1.006760e+000 -9.681572e-001  4.060131e-001  2.247322e+000  2.009563e+000 -2.233368e+000  5.114808e-002 -3.138244e-001  8.768959e-001 -9.470984e-001 -3.267180e-002 -9.864466e-001  5.474792e-001  8.539955e-001 -6.231575e-001 -2.808557e-001 -6.031835e-001  2.638469e-001  4.984756e-001  5.002478e-001 -2.869612e-001 -8.766358e-001
-7.973310e+000 -4.458316e+000  1.127110e+001  8.896922e+000 -3.030242e+000 -5.059874e+000  6.163211e-001  3.608717e+000  4.597726e+000 -8.949109e+000 -8.183634e+000  2.971149e+000  5.179545e+001 -9.444740e-001 -2.004501e+000 -2.070031e+000  9.182011e-001  1.657637e+000 -8.535563e-001  1.283268e-001  3.169244e+000  4.229274e+000  3.336050e-001  2.165477e+000 -2.319924e-001 -9.320072e-001 -6.322259e-001 -3.392265e-001 -6.634365e-001 -7.168692e-001  5.162025e-001  2.983832e-001 -3.831109e-001 -6.126919e-001 -3.950917e-001  1.153072e+000  2.950836e-001 -2.305362e-001 -8.732688e-001
-1.260439e+001 -8.283628e+000  4.555125e+000  8.569301e+000 -2.273033e+000 -5.359349e+000 -1.748850e+000  9.603076e+000  1.227952e+001 -3.837088e+000  1.453427e+000 -2.699425e+000  4.921957e+001 -1.293319e+000 -2.507723e+000 -2.303354e+000  5.982733e-001  3.140618e+000  8.900038e-001 -4.438466e-001  2.829949e+000  3.780810e+000  1.058675e+000  1.701682e+000 -6.766185e-001 -1.699103e+000  1.945042e-001 -1.335088e-001  1.521555e-001 -1.348441e+000 -2.721168e-001  5.291896e-001 -1.373993e-001 -9.490856e-001 -1.331772e+000  1.094813e+000 -5.025172e-001  2.281467e-001 -3.431632e-001
-9.684044e+000 -1.269290e+001  6.568354e+000  6.347069e+000  6.606086e+000 -3.025166e-001  2.291650e+000  1.751008e+001  1.109690e+001 -2.371876e+000 -2.728963e+000 -1.767108e+000  4.703152e+001  6.656104e-001 -1.970575e+000 -3.736126e-001 -1.772334e+000  1.353332e+000  1.065770e+000 -7.026225e-001  4.837275e-001 -3.155103e-001  2.906689e+000 -1.652896e-001 -2.092671e-001 -1.231142e+000  4.349158e-001  5.423415e-001  3.415663e-001 -9.965039e-001 -1.026532e+000  3.380082e-001 -1.074616e-002 -1.577198e+000 -2.135144e+000 -6.315774e-002 -7.576240e-001  2.453083e-001  1.965915e-001
-8.076922e+000 -1.328622e+001  7.363111e+000  5.202195e+000  7.196741e+000 -1.448934e+000 -2.810596e+000  1.114279e+001  9.377445e+000 -1.152479e+000 -2.846699e+000  2.607345e-001  4.681211e+001  1.243112e+000 -1.356593e+000  6.747570e-002 -2.681366e+000 -2.016713e-001  7.181277e-001  1.344911e-001 -1.155348e+000 -2.376906e+000  1.954154e+000 -1.296054e+000  8.155464e-001 -6.893524e-001 -6.410734e-002  1.139812e+000  4.127649e-003 -3.736749e-001 -1.212841e+000  7.517089e-002  2.954528e-001 -1.105247e+000 -1.398882e+000 -7.119013e-001 -1.142038e-001 -2.822773e-001  3.017627e-001
-6.908990e+000 -1.180989e+001  7.999043e+000  1.718806e+000 -9.984678e-001 -1.686230e+000 -2.365918e+000  5.257496e+000  4.471210e+000  4.242032e+000 -6.860019e+000  4.447336e-001  4.684347e+001 -3.811083e-002  1.316412e-001 -1.547614e+000 -2.424499e+000 -1.803877e+000  9.224228e-001 -2.145729e-001 -2.724098e+000 -3.367587e+000 -4.299231e-001 -1.237745e-001  2.484667e-001 -4.539250e-001 -8.032119e-001  1.322070e+000 -4.109413e-001  7.424585e-001 -2.244008e-001  1.478555e-001  5.634572e-001 -3.901453e-001 -1.127502e-001 -1.285592e+000  7.685745e-001 -7.958681e-001  1.218313e-001
-7.776356e+000 -1.550810e+001  4.177159e+000 -2.523400e+000  5.208876e-001 -1.076853e+000  1.252390e+000  9.952629e+000  3.707833e+000  2.626727e+000 -2.961317e+000  2.723856e-001  4.586683e+001 -1.261995e+000  2.140231e+000 -1.695715e+000 -9.440187e-001 -1.344981e+000  1.337532e+000  7.893927e-001 -1.092374e+000 -1.687560e+000 -8.325254e-001  1.109906e+000 -2.316872e+000 -5.788983e-001 -9.118882e-001  1.335589e+000 -9.646099e-002  1.106264e+000  1.915477e-001 -2.508389e-001  3.677614e-001 -9.030566e-002  3.768692e-001 -9.334120e-001  7.923670e-001 -6.152385e-001  3.137947e-002
-1.002488e+001 -1.092376e+001  4.232607e-001 -1.912628e+000  9.246278e-001  4.123557e+000 -8.127074e-001  4.484671e+000 -2.906225e+000 -6.411094e+000 -3.290526e+000 -5.306004e-001  4.523454e+001 -2.097895e+000  2.891363e+000 -1.546724e+000  1.071285e+000  8.029828e-001  1.495346e+000  1.787212e+000 -1.498486e+000 -1.223934e+000 -2.127931e+000  2.474602e+000 -2.622398e+000 -6.772129e-001 -4.054479e-001  6.011505e-001  4.896507e-001  9.011769e-001  2.749802e-001 -8.686582e-001  1.038012e-001  1.908918e-001  5.592926e-001 -2.154402e-001  1.468595e-001  3.281516e-001  1.258354e-002
-1.282895e+001 -3.028133e+000  2.672430e+000  2.297818e+000 -4.897106e-001  2.333832e+000  3.597617e-001  6.067336e+000  4.628364e+000  1.145739e-002  9.180853e-001 -1.083596e+001  4.472208e+001 -2.286437e+000  3.941493e+000 -4.152743e-001  1.102059e+000 -5.473627e-001 -8.225282e-001  9.724053e-001 -2.219682e+000 -1.564386e+000 -1.863902e+000  1.366592e+000 -8.252139e-001 -4.208111e-001  1.013361e-001 -3.557591e-001  3.940534e-001  1.076916e-001 -3.506222e-002 -8.758424e-001 -4.059490e-001 -1.261914e-001  1.462503e-001  9.938197e-002 -6.273310e-001  1.426757e+000  4.011593e-002
-1.487217e+001 -3.593062e+000  1.017788e+000  4.664620e+000  3.521745e+000  4.085156e+000  7.016458e+000 -2.922871e-001 -2.108727e+000 -5.089986e+000  3.573292e+000 -7.113086e+000  4.402978e+001 -1.553129e+000  2.236763e+000  2.604195e-001  1.058347e+000 -8.277852e-001 -2.340838e+000  2.129266e-001 -1.205985e+000 -6.327108e-001 -9.914358e-001  4.821800e-001  1.143395e+000 -4.700508e-001  4.972139e-001 -8.985937e-001  3.284031e-001 -4.652641e-001 -1.851542e-001 -4.190685e-001 -6.831539e-001  8.352255e-003  8.049832e-002  6.253296e-001 -9.191805e-001  1.279823e+000 -1.071307e-001
