36 39
-1.435150e+001  4.472435e+000 -1.010388e+000  9.290894e-001  8.865587e-002  2.659536e+000  5.714293e+000 -4.032757e-001  8.533143e+000  3.085754e+000  1.212226e+000  4.322831e+000  2.938973e+001  1.244127e+000 -2.150973e+000 -3.452227e-001  2.673258e-001  5.547109e-002  2.240093e-001  4.248864e-001  2.340075e-001  1.204734e+000 -5.325465e-001 -4.508529e-001  1.226992e+000  1.564461e+000  4.594646e-001 -1.163471e+000 -5.204485e-002  2.418984e-001  2.543054e-001 -1.021396e-001 -1.007329e+000 -3.929374e-003 -8.023200e-001 -1.298560e+000 -1.131045e+000 -1.431033e+000  1.449585e+000
-1.075049e+001  5.638103e+000  2.413436e+000 -3.584011e-002  5.818060e-001  5.122179e+000  5.913318e+000  2.458231e+000  8.421947e+000  3.616079e+000  2.460942e-001  5.932425e-001  3.216848e+001  1.445841e+000 -3.733071e+000 -2.357345e-001  4.331354e-001  1.201808e+000  1.204822e+000 -4.684505e-001  1.600204e+000  1.437363e+000 -1.069248e+000 -1.029469e+000 -2.587409e+000  3.634767e+000 -4.281196e-001 -1.000533e+000 -1.194417e-001  9.059561e-002 -2.597110e-002 -4.894303e-001 -1.252861e+000 -3.723024e-001 -9.848089e-001 -7.289889e-001 -2.916607e-001 -1.078107e+000  9.991495e-001
-1.064437e+001 -6.917478e+000 -3.104103e+000  1.308105e+000  3.454340e-001 -8.338770e-001  2.466369e+000  6.663996e+000  5.136226e+000 -5.243748e-001  9.148742e-001  2.787279e+000  3.638109e+001  1.265210e-001 -4.264349e+000  4.544327e-001  1.619287e+000  1.756320e+000 -5.761128e-002 -1.948669e+000  6.019604e-003 -6.860215e-001 -4.438400e-001 -2.579723e-001 -2.916983e+000  4.381839e+000 -9.252542e-001  6.483960e-002 -6.816500e-002 -2.375607e-001 -7.571882e-001 -5.738896e-001 -8.738376e-001 -7.106870e-001 -8.577337e-001  2.371249e-001  3.153339e-001 -3.679407e-001  9.828126e-002
-1.143667e+001 -9.617717e+000  1.486089e+000  5.431727e+000  6.426927e+000  7.336573e+000  5.812158e+000  5.073460e+000  1.224374e+001  3.365117e+000  1.778742e+000 -5.266146e+000  4.339403e+001 -1.553778e+000 -3.964119e+000 -2.803203e-001  1.862108e-001 -9.396802e-001 -1.760960e+000 -2.938389e+000 -1.160013e+000 -1.076780e+000 -3.307307e-001 -4.016946e-002 -1.831666e+000  3.605290e+000 -9.496127e-001  6.598955e-001 -3.403658e-001 -6.276070e-001 -1.298312e+000 -6.285727e-001 -3.073767e-001 -6.705173e-001 -9.894212e-001  1.681404e-001  2.623461e-001  7.815695e-001 -8.702427e-001
-1.337581e+001 -9.221403e+000  1.725449e+000  6.291743e+000  5.947696e+000  1.264283e+000 -3.978472e+000 -1.680792e+000  3.192137e+000  9.920350e-001 -8.439592e-001 -7.332390e+000  4.568615e+001 -1.882335e+000 -1.711251e+000 -6.637548e-001 -7.970156e-001 -2.659726e+000 -1.162548e+000 -2.709332e+000 -1.939320e+000 -1.826864e+000  2.838192e-001  6.311668e-001 -9.905826e-001  2.070606e+000 -4.161229e-001  8.515933e-001 -2.203307e-001 -6.452978e-001 -9.022572e-001 -1.656610e-001  6.193432e-001  8.359181e-002 -3.716203e-001  7.800237e-002  1.577974e-001  9.320921e-001 -1.159427e+000
-1.715366e+001 -1.303053e+001 -1.402941e+000 -1.596605e+000 -6.917726e+000 -4.731701e+000 -5.556208e+000  8.305612e-001  4.010093e+000  1.204220e+000  9.246637e-001 -3.505253e+000  4.554240e+001 -2.297794e+000 -1.710143e+000 -1.378470e+000 -1.496748e+000 -3.081727e+000 -1.385574e+000 -1.625003e+000 -7.797129e-001 -2.939322e+000 -5.923756e-001 -1.623085e-001  3.572385e-001  4.391704e-001  4.466601e-001  9.715420e-001  2.021630e-001 -2.301008e-002  4.656404e-001  1.586157e-001  8.185786e-001  5.458842e-001  2.083566e-002 -1.738513e-001  1.530438e-001  6.543847e-001 -7.142720e-001
-1.719755e+001 -1.376733e+001 -4.978361e+000  8.371928e-001 -6.280869e+000 -6.124777e-001 -5.396111e+000 -9.111524e-001  1.187333e-001  1.975169e+000  4.497747e+000 -3.046081e+000  4.565993e+001 -1.582085e+000 -1.133371e+000 -9.814626e-002 -7.657225e-001 -1.683943e+000 -1.073609e+000  4.913536e-001  2.338288e-001 -1.612852e+000  7.699430e-002  5.920842e-001  6.490256e-001  1.677631e-001  6.205662e-001  7.977676e-001  6.223733e-001  2.103386e-001  1.256464e+000  4.274558e-002  4.929404e-001  8.804073e-001  9.530429e-001 -3.837648e-001 -5.593805e-002  3.917344e-001 -2.952247e-001
-2.101477e+001 -1.589547e+001 -2.054355e+000  6.752620e-001 -2.867426e+000  1.347084e+000 -1.604035e+000  7.900752e-001 -9.161665e-001 -8.832839e-002 -1.703654e+000 -5.623108e+000  4.560299e+001  5.293978e-001  6.046513e-001  4.476905e-001  5.551381e-002  9.006302e-001 -1.012351e+000 -4.458393e-001  4.828341e-001 -1.079607e+000 -1.096575e+000  7.445909e-001  6.204535e-001  9.853516e-001  4.331431e-001  6.467256e-001  6.175333e-001  3.138593e-001  1.041673e+000  1.817556e-001  1.079487e-001  4.263522e-001  1.267439e+000 -3.651839e-001 -1.835464e-001  4.531647e-002 -8.583328e-002
-1.935568e+001 -1.345579e+001  1.560424e+000  1.327197e+000 -4.497167e+000 -7.143157e+000 -3.497790e+000 -4.914053e-001 -2.408991e+000  2.023281e+000  3.430620e+000 -3.028334e+000  4.649467e+001 -1.930995e-001  1.120190e+000  1.535031e+000 -5.214535e-001  1.631417e+000 -1.135431e+000 -8.342119e-001  1.831444e+000  2.008493e+000 -1.382905e+000 -1.019731e-001  8.364818e-001  3.213917e-001 -1.856665e-001  1.048978e-001  2.122155e-002  1.422152e-001  3.423496e-001  2.593640e-001 -1.218224e-002  3.310426e-002  9.943056e-001 -2.240742e-001 -5.988646e-001  1.691317e-002 -1.810014e-001
-1.342761e+001 -1.016304e+001 -2.433882e+000 -1.564038e+000 -3.306426e+000 -6.528114e+000 -8.734565e+000  3.034858e+000 -1.240815e-001 -4.302710e+000  5.181182e+000 -4.118586e-001  5.005179e+001 -8.265718e-001  3.967049e-001  8.926079e-001 -4.958583e-002  4.689595e-001 -4.458849e-001 -4.224764e-001  5.532408e-001  1.587198e+000 -1.688345e+000 -7.330117e-001  4.900927e-001 -6.681023e-002 -7.080479e-001 -3.592979e-001 -2.019429e-001  6.223353e-002 -4.927731e-001  1.870195e-001  6.040767e-001 -3.687165e-001  4.165984e-001  4.781496e-001 -4.670271e-001 -1.261737e-001 -3.095593e-001
-2.195663e+001 -1.103259e+001  2.886560e+000 -6.504247e-001  2.095717e+000 -2.352035e+000 -6.001906e+000  7.123674e+000  9.765158e+000 -2.832165e+000  5.454639e-001 -1.469297e+000  4.504249e+001 -1.832433e+000 -5.049087e-001 -2.144972e-001 -2.096781e-003  2.436409e-001 -6.002240e-002  4.187610e-001  3.641467e-001  2.025274e+000 -7.474914e-001 -1.663437e+000  7.987718e-001 -2.111630e-001 -1.587935e-001 -2.470590e-001 -4.429782e-001 -7.544040e-003 -6.909615e-001  1.366001e-001  6.240109e-001 -7.052013e-001 -5.779086e-001  7.176795e-001  4.993824e-002 -1.084634e-001  5.841000e-002
-2.384716e+001 -1.512354e+001  1.745617e+000  1.416144e+000 -3.819071e+000 -3.277901e+000 -2.464359e+000 -2.512608e-001  9.327509e-001 -6.102332e+000 -3.926134e+000 -3.952164e+000  4.599503e+001 -2.191175e+000 -3.792889e-001  3.127402e-001  1.070031e-001 -8.693473e-001 -6.149575e-001  1.948058e+000 -6.270998e-001  9.949947e-001  9.764662e-001 -8.098124e-001  8.440060e-003 -2.961678e-001  3.193975e-001  8.771562e-002 -2.150198e-001 -2.319346e-001 -2.210706e-001  2.151671e-001 -6.454663e-002 -2.960244e-001 -3.571741e-001  6.322178e-001  1.988375e-001 -6.550817e-002  2.319205e-001
-2.330807e+001 -1.350008e+001 -1.601811e+000 -1.733782e-001 -3.022640e+000 -9.068376e+000 -4.539088e+000  2.972388e+000  7.188960e+000 -8.143650e-001 -3.329079e-001  2.735677e+000  4.746724e+001 -3.047653e-001  2.728915e-001 -3.899257e-001 -6.374682e-001 -1.154237e+000 -3.678947e-001  1.100575e+000 -1.104393e+000 -5.849478e-001  8.730866e-001  1.861184e-001  5.349910e-001  7.281204e-001  7.554107e-001  3.460496e-001  1.122248e-001 -5.287318e-002  1.605781e-001  5.378200e-001 -3.948432e-001  5.983420e-002 -6.508740e-001  2.849646e-001  3.284869e-001 -2.322794e-001  2.974400e-001
-2.370776e+001 -1.082574e+001  1.374005e+000 -1.267546e+000 -5.093984e+000 -6.244731e+000  2.743166e-001  1.975003e+000  6.138991e+000 -4.292789e-001  1.571306e+000 -2.472145e+000  4.735858e+001  6.581879e-003  4.463828e-001 -9.477669e-002 -8.915731e-001  6.254552e-002  7.838868e-001 -1.086117e+000 -1.926113e-001  1.106439e+000  6.624544e-001 -6.636019e-001  2.944422e-001  6.231506e-001  1.136331e+000  5.291499e-001 -2.232517e-002  1.402814e-001  7.190708e-001  8.199987e-001 -6.804852e-001  2.176314e-001 -3.728359e-001  1.160664e-001  1.597457e-001 -7.095059e-003  3.572719e-001
-2.355015e+001 -1.181703e+001  1.122737e+000 -2.495921e+000 -3.038010e+000 -2.708093e+000 -1.868369e+000  4.885798e-001  4.237299e+000 -1.303259e+000 -1.272664e+000  4.656492e-001  4.800132e+001  8.457419e-001  8.125033e-001  5.503854e-001  2.328254e-001  5.805849e-001  1.929655e+000 -3.836767e-002  4.460735e-001 -1.284818e+000  8.343374e-001 -9.410785e-002 -5.056266e-001  8.163776e-001  1.651946e+000  9.449986e-001  1.387700e-001  9.976116e-003  3.562038e-001  4.876820e-001 -3.245655e-002  1.333153e-001 -1.216983e-001 -1.467100e-001  2.969013e-001 -1.167944e-001  2.385355e-001
-2.369320e+001 -1.373315e+001 -9.054046e-002 -1.880451e+000 -3.498658e+000 -2.538608e+000 -9.230302e+000  2.758662e-002  7.940775e+000 -2.545613e+000 -6.774265e+000 -1.344939e+000  4.884374e+001  2.915226e+000  1.996655e+000 -2.690412e-001  3.732634e-001  1.858596e+000  2.336261e+000 -8.848965e-001 -3.141758e-001 -5.192496e-001  1.576173e+000  1.290292e-001  4.932736e-001  1.446063e+000  2.323414e+000  1.018603e+000  2.688276e-001 -8.961359e-001 -9.721155e-001  8.504212e-003  4.645967e-001 -1.760202e-001 -3.444494e-001 -8.583101e-001  6.972687e-001 -3.606061e-001  4.644170e-001
-1.908664e+001 -7.983861e+000  1.882389e+000  1.297202e+000 -9.173787e-001 -1.273160e+000  2.138310e-002  6.176463e+000 -1.360229e-001  4.415489e+000  3.369339e+000 -3.560590e-001  5.080655e+001  6.500645e+000  4.222748e+000  3.910567e-001 -1.220006e+000 -2.712427e-001  1.294328e+000  8.376822e-001 -3.770339e-001 -3.805951e-001 -3.173229e-001  1.274310e+000 -1.483967e-001  1.509341e+000  1.983040e+000  3.548056e-001  3.793047e-001 -1.818352e+000 -2.129637e+000 -3.260391e-001 -6.286632e-002 -3.761888e-001  1.665688e-001 -1.689396e+000  6.000917e-001 -7.632649e-001  5.649621e-001
-1.136339e+001 -2.759053e+000 -3.510270e-001 -1.297790e+000  3.138679e+000  4.719107e+000 -5.095042e+000 -2.439818e+000  5.729404e+000  4.592213e+000 -1.045494e-001  4.050767e-001  5.318628e+001  8.796200e+000  3.834277e+000  1.329026e+000 -4.645837e+000 -4.372118e+000  1.144071e+000  7.988420e-001 -6.611584e-001 -1.067920e+000 -3.053266e+000  2.138533e+000 -1.687203e+000  2.598753e+000  5.848552e-001 -7.221960e-001  6.479768e-001 -1.686357e+000 -2.449289e+000 -4.359693e-001 -3.285207e-001 -2.296636e-002 -1.178406e-001 -1.572334e+000  5.929756e-001 -1.054234e+000  3.764157e-001
 2.788162e+000  3.809657e+000  3.208264e+000 -8.887280e+000 -7.712892e+000  1.346910e-001  2.524121e-001 -1.628875e-001  3.440009e+000 -6.458786e+000  1.764026e+000 -1.151342e+000  5.337675e+001  7.820455e+000  1.667721e+000  1.647876e+000 -6.349383e+000 -6.952243e+000  8.955548e-001 -1.194569e+000 -1.261379e+000 -1.776389e-001 -5.297924e+000  1.901599e+000 -3.231713e+000  3.064843e+000 -1.259022e+000 -1.547482e+000  3.529648e-001 -4.230358e-001 -9.315030e-001 -2.015408e-001 -9.194098e-001  4.417948e-002 -1.387639e-001 -6.791378e-003  1.055802e-001 -4.972765e-001 -3.705668e-003
 9.350392e+000 -4.585240e-001  5.891650e+000 -2.001739e+001 -2.196149e+001  2.477823e+000 -5.351606e+000 -1.085301e-001  8.131583e-001 -1.237480e+001  4.721055e+000 -9.383313e+000  6.055240e+001  5.179597e+000 -3.368112e-001  2.342433e+000 -5.493834e+000 -7.047348e+000  3.558015e-001 -1.511374e+000  1.316498e-002 -1.209931e+000 -3.795197e+000  2.780262e+000 -3.236238e+000  2.550391e+000 -2.208904e+000 -1.161317e+000 -1.379021e-001  1.208415e+000  1.023597e+000 -2.999049e-001 -5.858055e-001  1.590886e-001 -3.846687e-002  1.483471e+000 -5.081732e-001  5.263451e-001 -6.997778e-001
 9.658747e+000 -7.955229e-001  7.000428e+000 -2.108991e+001 -2.312851e+001  4.325255e+000 -5.823177e+000 -1.296077e+000  1.433905e+000 -1.359062e+001  1.046453e+001 -1.162043e+001  6.244770e+001  2.013836e+000 -1.429115e+000  1.649177e+000 -2.911187e+000 -3.591143e+000  6.807595e-001 -2.604258e+000 -4.932982e-001 -1.003409e+000  1.968565e-002  1.481346e+000 -1.860262e+000  1.514994e+000 -1.891259e+000 -3.959700e-001 -5.321140e-001  1.850684e+000  1.834144e+000 -3.159430e-001  4.035020e-002  3.546569e-001 -1.515835e-001  1.916917e+000 -8.358496e-001  1.063150e+000 -9.551794e-001
 1.109931e+001 -2.140519e+000  9.465058e+000 -2.266564e+001 -2.439025e+001  4.402832e+000 -9.614119e+000 -1.807399e+000  6.828020e-001 -1.081785e+001  9.446511e+000 -1.054157e+001  6.140276e+001  6.549897e-001 -4.238903e-001  6.388648e-001 -3.228598e-001 -9.346811e-001 -2.480555e-001 -1.425341e+000 -2.497561e-001 -8.473692e-001  1.705286e+000 -1.922065e-001  2.587971e-001 -1.252113e-001 -1.119051e+000  1.359853e-001 -9.050987e-001  1.545839e+000  1.564541e+000 -1.730411e-001  4.526900e-001  3.514025e-001 -2.366319e-002  9.098052e-001 -7.374312e-001  8.904316e-001 -6.622594e-001
 1.198288e+001 -2.494921e+000  9.667443e+000 -2.211909e+001 -2.445423e+001  2.575984e+000 -1.063762e+001 -1.779944e+000 -1.511860e+000 -7.138834e+000  6.808026e+000 -9.873526e+000  6.052654e+001  6.264620e-001 -2.685898e-001 -1.609104e-001  3.185505e-001 -8.378561e-001 -3.822317e-001 -1.035834e+000  6.433659e-001 -1.116837e+000  1.536418e+000 -7.914149e-001  3.365204e-001 -3.732529e-001 -4.064116e-001  1.533772e-001 -8.900095e-001  7.787760e-001  7.257677e-001  2.305725e-002  7.079487e-001  5.666870e-001 -1.425167e-001 -4.087086e-001  3.402662e-002  5.161546e-001 -1.381229e-001
 1.146327e+001 -1.728277e+000  7.752467e+000 -2.111710e+001 -2.597204e+001  2.112181e+000 -1.007109e+001 -1.115377e+000 -1.950805e+000 -7.074266e+000  5.588274e+000 -8.962779e+000  6.088692e+001  2.780301e-001 -2.371474e-001 -1.278017e+000  6.204937e-001 -6.012848e-001  2.209134e-002 -3.213625e-002  1.201845e+000 -1.271533e+000 -4.536724e-003  2.294865e-001  1.175291e-001  1.832176e-001 -1.509273e-001 -2.958393e-001 -6.912882e-001  1.357905e-001  5.269699e-001  2.874318e-001  4.366813e-001  4.819447e-001 -3.027529e-001 -8.391525e-001  7.707105e-001  3.550487e-001  3.375210e-001
 1.260907e+001 -2.344593e+000  7.052172e+000 -2.027143e+001 -2.652690e+001  3.559422e+000 -1.077386e+001  1.574742e+000 -2.833477e+000 -7.780325e+000  8.436574e+000 -1.072722e+001  6.083936e+001  1.702574e-001 -7.556006e-001 -1.842430e+000  5.110165e-001 -1.290026e-001  6.609724e-001  2.388831e-001  1.614336e+000 -1.503911e+000 -1.168946e+000  1.440632e+000  7.911447e-001  6.701652e-001 -1.883835e-001 -5.583456e-001 -4.795380e-001  1.581264e-002  9.768182e-001  2.023580e-001  1.625190e-001  1.659888e-001 -3.282444e-001 -4.988154e-001  1.066795e+000  7.034833e-001  4.407633e-001
 1.217636e+001 -3.401420e+000  4.382610e+000 -2.048700e+001 -2.636034e+001  4.021570e+000 -9.706679e+000  2.524486e+000 -5.014053e+000 -1.051979e+001  9.779670e+000 -9.527075e+000  6.216245e+001  1.284557e-001 -1.659581e+000 -1.976816e+000  2.598599e-001  1.345741e+000  6.675016e-001  1.207069e-001  1.674482e+000 -2.167597e+000 -1.137794e+000  2.545322e+000  1.806728e+000  1.040684e+000 -1.093387e-001 -7.048777e-001 -1.542660e-001  2.717026e-001  1.124787e+000  2.270336e-002 -4.815288e-001 -3.421540e-002 -2.378545e-001  2.356510e-001  9.290046e-001  7.217708e-001  2.482716e-001
 1.247762e+001 -5.436352e+000  2.140222e+000 -1.987906e+001 -2.490509e+001  4.926152e+000 -9.625412e+000  4.471806e+000 -7.499791e+000 -1.126080e+001  1.191549e+001 -5.635654e+000  6.323961e+001 -2.406682e-001 -2.349101e+000 -2.209200e+000  5.779306e-001  3.072722e+000  3.068531e-001 -2.996608e-001  1.236992e+000 -2.310027e+000 -3.910305e-001  3.384642e+000  3.009338e+000  1.401830e+000 -1.214666e-001 -5.400455e-001  1.284746e-001  6.187894e-001  1.004686e+000 -3.937100e-001 -8.516439e-001 -3.903908e-001  3.743794e-001  7.530262e-001  3.835863e-001  1.532018e-001  3.224792e-002
 1.217128e+001 -8.480304e+000  3.243608e-001 -2.001399e+001 -2.005424e+001  4.766325e+000 -1.004178e+001  5.808501e+000 -1.045563e+001 -1.102300e+001  1.657543e+001 -2.474921e+000  6.489022e+001 -6.320076e-002 -2.964786e+000 -1.865961e+000  1.945550e+000  3.421787e+000  3.126678e-001 -2.170508e+000  1.219441e+000 -2.057747e+000  7.847607e-001  3.902505e+000  2.617286e+000  1.058743e+000 -1.019575e-001 -2.265909e-001  3.635584e-001  9.571400e-001  2.974130e-001 -6.278116e-001 -8.048236e-001 -5.342282e-001  1.344310e+000  7.899274e-001 -6.389166e-001 -7.233192e-001 -1.764435e-001
 1.140828e+001 -1.155066e+001 -1.964705e+000 -1.761828e+001 -1.431634e+001  4.721311e+000 -1.210462e+001  6.117693e+000 -1.166282e+001 -9.483873e+000  2.196190e+001  7.933907e-001  6.648462e+001 -3.412474e-001 -2.803226e+000 -1.255484e+000  2.762119e+000  3.856406e+000 -1.130161e+000 -2.873729e+000 -1.100973e-001  3.130611e-001  1.634907e+000  2.679972e+000  1.151874e+000  8.223755e-001 -3.627498e-002  3.621814e-002  6.376491e-001  9.115529e-001 -4.810454e-001 -7.720665e-001 -2.272053e-001 -5.248013e-001  2.219155e+000  2.614129e-001 -1.755880e+000 -1.365724e+000 -3.021882e-001
 1.239503e+001 -1.516820e+001 -2.894732e+000 -1.188964e+001 -1.454578e+001  5.687329e+000 -1.931962e+001  7.798745e+000 -1.322127e+001 -7.484452e+000  2.426899e+001  3.448347e-001  6.583366e+001 -3.310423e-001 -2.565474e+000 -6.358823e-001  3.953466e+000  2.440964e+000 -1.753049e+000 -2.616377e+000 -3.231146e-001  3.242411e+000  1.798874e+000 -2.969261e-001 -8.811361e-001  4.481941e-001 -7.875471e-002  2.962437e-001  7.340062e-001  5.083509e-001 -8.419237e-001 -8.350355e-001  7.427069e-001 -5.761858e-001  2.636265e+000 -6.236182e-001 -2.517263e+000 -1.053009e+000 -2.402164e-001
 1.065951e+001 -1.610853e+001 -2.527653e+000 -1.013064e+001 -8.377286e+000 -1.185154e+000 -1.935514e+001  2.926198e+000 -4.551666e+000 -4.855539e+000  2.146857e+001 -1.286160e+000  6.687977e+001 -2.881224e-001 -2.367666e+000  3.640054e-001  4.131737e+000  1.157906e+000 -2.520621e+000 -1.212753e+000 -6.157370e-001  6.135669e+000  4.089774e-001 -3.295043e+000 -2.070073e+000  1.961639e-001 -8.812972e-002  5.963726e-001  6.788386e-001  1.626116e-001 -1.014251e+000 -5.705895e-001  1.343254e+000 -6.044523e-001  1.840893e+000 -1.217209e+000 -2.511301e+000 -1.835976e-001 -2.454388e-001
 1.089045e+001 -1.902873e+001 -2.573577e+000 -3.990485e+000 -1.081894e+001 -1.045691e+000 -1.949841e+001  5.788676e+000  2.200844e+000 -4.342800e+000  1.533746e+001 -5.840827e+000  6.693362e+001 -4.835368e-001 -1.701347e+000  9.943248e-001  3.802495e+000  5.614189e-001 -3.167280e+000  7.125384e-001 -1.408669e+000  8.212275e+000 -1.720366e+000 -5.696304e+000 -1.036785e+000  1.707672e-001 -1.908771e-001  1.252456e+000  6.107240e-001 -6.484962e-001 -6.264476e-001 -4.171419e-002  1.588059e+000 -1.417215e+000  7.480240e-003 -8.776783e-001 -1.643172e+000  5.552037e-001 -3.160209e-001
 1.071996e+001 -2.145872e+001 -3.052556e-001 -9.091742e-001 -1.039022e+001 -4.515284e+000 -1.807899e+001  4.044043e+000  1.130446e+001 -9.009812e+000  9.952449e+000 -6.464141e+000  6.691546e+001 -7.056487e-001 -2.534260e-001  1.323605e+000  3.650662e+000 -2.750750e-001 -3.275993e+000  2.178084e+000 -2.589582e+000  7.032594e+000 -2.691520e+000 -7.176843e+000  3.117109e-001 -2.661049e-001 -1.738408e-001  1.726200e+000  4.263701e-001 -1.363800e+000 -2.611620e-001  7.417574e-001  1.332041e+000 -2.005826e+000 -1.924495e+000  2.337776e-001 -2.208942e-001  4.125946e-001 -4.062524e-001
 9.947125e+000 -2.099984e+001  9.656936e-001  2.512102e+000 -1.073222e+001 -8.484005e+000 -1.639500e+001  1.964790e-001  1.991203e+001 -1.400914e+001  1.545529e+000 -2.250099e+000  6.666965e+001 -1.076664e+000  2.639685e+000  1.937938e+000  9.515224e-001  2.521687e-002 -1.583934e+000  3.628500e+000 -6.422266e+000  2.831350e+000 -1.039269e+000 -6.571884e+000  7.039909e-001 -9.007759e-001 -9.724611e-003  1.518329e+000  2.130870e-001 -1.690289e+000 -9.899180e-002  1.405040e+000  6.766338e-001 -1.737211e+000 -3.064661e+000  1.270840e+000  1.307719e+000 -4.020414e-001 -3.804958e-001
 7.602927e+000 -1.639011e+001  2.320738e+000  4.871383e+000 -9.796023e+000 -1.384596e+001 -1.001642e+001 -7.225613e+000  2.175571e+001 -1.347997e+001 -7.519678e+000 -1.522969e+000  6.568123e+001 -8.607624e-001  4.092816e+000  2.024049e+000 -1.261777e+000  1.201972e-001  3.964935e-001  3.989470e+000 -8.138071e+000 -7.963418e-001  1.237317e+000 -3.961725e+000 -8.774873e-001 -1.299326e+000  1.889105e-001  5.487033e-001 -3.701193e-002 -1.480751e+000  1.798406e-002  1.467444e+000 -9.573372e-002 -4.673650e-001 -2.800912e+000  1.480275e+000  2.259952e+000 -8.425053e-001 -1.086524e-001
 7.065640e+000 -8.364613e+000  5.803114e+000 -2.123151e+000 -1.098996e+001 -4.300022e+000 -5.387189e+000 -2.068783e+001  1.113197e+001 -7.304066e+000 -8.785892e+000 -4.791458e+000  6.304685e+001 -4.546030e-001  3.717175e+000  1.709538e+000 -2.192728e+000 -1.311762e-001  2.021678e+000  3.190015e+000 -7.320479e+000 -3.196562e+000  2.669417e+000 -7.652676e-001 -2.452393e+000 -1.215101e+000  2.517740e-001 -6.879897e-001 -3.398523e-001 -4.100573e-001 -3.376596e-002  5.281590e-001 -5.971897e-001  1.389566e+000 -1.459404e+000  6.409296e-001  2.169136e+000 -5.080508e-001  2.451805e-001
