43 39
-5.384667e+000 -4.538432e-001 -4.135025e+000 -5.272875e+000 -1.000043e+001 -7.251631e+000  5.688640e+000  1.113531e+000 -2.167835e+000  7.803166e+000  2.602155e+000 -5.500276e+000  3.874506e+001 -1.746333e+000 -2.009473e+000  8.990434e-001 -2.028177e+000  2.823582e+000 -1.443792e+000 -2.982158e+000  2.521574e+000 -2.896779e-001 -1.963089e+000  1.200940e+000  4.529355e-001  2.138136e+000 -1.042621e+000 -5.206572e-002  5.910847e-001 -6.538706e-001  1.241003e+000  3.961022e-001 -1.028522e+000 -1.058518e+000 -8.341295e-001 -1.152520e+000 -8.713356e-001 -2.437151e-001  9.563670e-001
-6.051763e+000 -2.187735e+000 -1.784489e+000 -3.855920e+000 -4.424682e+000 -4.573058e-001  5.211360e+000  5.149203e+000 -2.810435e+000  2.428290e+000 -3.530095e+000 -1.009448e+001  3.899844e+001 -2.921241e+000 -2.615588e+000  1.751302e+000 -2.734322e+000  3.156993e+000 -1.254397e+000 -5.032849e+000  1.013036e+000 -1.095871e+000 -2.837560e+000  1.049712e+000  1.005695e+000  3.571892e+000 -9.027779e-001  1.139163e+000  2.521585e-001 -3.579967e-001  5.679772e-001 -9.189953e-002 -1.219803e-001 -1.339107e+000 -4.759641e-001 -4.839871e-001 -8.677709e-001 -6.812956e-001  4.933011e-001
-1.464276e+001 -1.028102e+001  4.463188e+000 -1.088122e+001  4.212636e+000 -4.998292e+000 -5.922555e+000  1.851141e+000 -4.754238e+000 -4.348402e+000  8.785968e-001 -6.704862e-001  4.864738e+001 -3.600486e+000  1.073726e+000  1.053638e+000 -3.107675e+000  3.731094e+000 -8.503588e-001 -2.729441e+000 -7.302591e-001 -1.394839e+000 -2.658997e+000 -1.579824e+000 -1.380186e+000  3.248673e+000 -1.899414e-001  2.182633e+000 -3.840700e-001  3.494053e-001 -6.452495e-001 -2.735705e-001  1.392925e+000 -5.197359e-001  1.144414e-001  2.494086e-001 -1.015771e+000 -1.371771e+000 -5.188234e-001
-1.666750e+001 -1.064190e+001  1.408059e+000 -1.364152e+001 -5.169714e-001 -8.761709e+000 -1.002683e+001  1.984111e+000 -4.879730e+000 -3.997211e+000  2.552533e-001 -2.346373e+000  5.098127e+001 -3.299064e+000  4.182707e+000  4.609161e-001 -2.237367e+000  2.499456e+000 -2.517141e+000 -9.825818e-001 -8.690315e-001 -5.175077e-001 -1.520030e+000 -1.213662e+000 -2.699635e+000  2.163289e+000 -3.079097e-002  1.538220e+000 -5.484161e-001  8.499680e-001 -9.249731e-001 -1.778234e-001  1.600613e+000 -1.560824e-001  1.912490e-001  3.627400e-001 -6.886220e-001 -8.636041e-001 -1.041587e+000
-1.807923e+001  9.141869e+000 -4.631092e-001 -1.591845e+001  6.701188e+000 -7.351223e+000 -3.394681e-001 -9.552190e-001 -8.107383e+000 -2.279067e+000 -7.189639e+000 -1.627526e+001  4.899700e+001 -2.507129e+000  5.504547e+000 -3.761137e-001 -5.296284e-001 -7.389700e-002 -2.180273e+000  1.957333e+000  8.639283e-001 -6.652451e-003 -1.374811e+000 -2.746230e+000 -4.553255e+000  2.483204e-001 -9.543061e-002 -7.165875e-001 -4.922121e-001  1.138698e+000 -8.288583e-001 -2.683500e-002  7.081498e-001  2.582088e-001  2.392776e-001  4.996075e-001  4.605454e-001  1.085135e+000 -8.618576e-001
-2.082885e+001  9.014358e+000  2.983240e+000 -1.252414e+001  6.828322e+000 -1.186655e+001 -2.493092e+000  2.207225e+000 -3.721401e+000 -6.206528e+000 -5.564286e+000 -1.579027e+001  4.964007e+001 -3.621874e+000  2.860102e+000 -2.759027e-001  2.264952e-001  4.346231e-001 -1.478557e+000  6.268287e-001 -5.644695e-001 -8.337194e-001 -1.665953e+000 -1.810194e+000 -1.725791e+000 -1.358685e-001 -8.914327e-003 -1.862712e+000 -5.695903e-001  7.953950e-001 -3.471964e-001  3.584801e-001  2.933565e-001  1.570706e-001  4.434383e-002  8.336721e-001  8.934218e-001  2.351606e+000 -5.194590e-001
-2.509773e+001  7.413589e+000  1.795029e+000 -1.408805e+001  1.705036e-001 -1.434724e+001  9.723788e-002  6.059225e+000 -5.366664e+000 -1.011780e+001 -9.942785e+000 -1.671481e+001  5.055958e+001 -3.916234e+000 -1.847910e+000 -1.039013e+000  1.353883e+000  6.192188e-001 -1.503826e+000  6.602573e-003  4.085041e-001 -4.034524e-002 -8.799744e-002  1.021169e+000  3.558568e+000  8.896370e-002  4.028785e-001 -1.597258e+000 -3.617871e-001  5.388459e-001  7.007430e-002  4.013426e-001  1.203210e-001 -6.696454e-002  3.152307e-001  1.288924e+000  1.220943e+000  2.405489e+000 -1.017818e-001
-3.126762e+001  4.522748e+000 -1.100524e+000 -1.342424e+001  4.921486e+000 -1.265649e+001 -7.111043e+000 -4.345459e+000 -1.041869e+001 -8.407612e+000 -7.419146e+000 -1.075555e+001  4.952064e+001 -2.639083e+000 -1.454627e+000 -2.055586e+000  7.978527e-001  4.169164e-001 -1.062964e+000  1.459566e+000  1.440335e-001 -2.789422e-001  2.004924e+000  1.369748e+000  5.002485e+000 -3.543278e-001  9.445328e-001 -4.266549e-001 -1.463738e-001  3.178000e-001 -5.333802e-001  3.370993e-001  4.571413e-001  1.919722e-002  6.302072e-001  1.075645e+000  5.468857e-001  8.400884e-001  7.564919e-002
-3.244101e+001  2.148124e+000 -3.616292e+000 -8.698983e+000  1.075070e+001 -1.447538e+001  2.002520e+000  4.363644e+000 -4.960466e+000 -1.618512e+000 -1.156363e+000 -9.997765e-001  4.950153e+001 -9.841318e-001 -3.243764e-001 -1.295208e+000  1.878922e+000  2.853279e-001 -3.813561e-001  2.142569e+000  1.748541e-001  1.292112e+000  3.234370e+000  1.768512e+000  4.110054e+000 -1.513592e-001  1.062699e+000  5.774385e-001  2.607912e-001  1.754564e-001 -8.350182e-001  4.775597e-001 -7.073882e-002 -7.039354e-001  3.289504e-001  1.603545e-003 -4.888775e-001 -1.108364e+000  3.096957e-001
-3.035262e+001  4.373957e+000 -4.589027e+000 -1.122941e+001  3.622806e+000 -1.711730e+001  3.852095e+000  3.775183e+000 -5.319211e+000 -4.315514e-001 -3.108760e+000  1.364639e+000  4.839745e+001 -3.652611e-001 -3.493910e-002 -8.796746e-001  1.552976e+000 -2.065332e+000 -3.542953e-001  1.844552e+000 -3.516584e-001  1.651088e+000  2.051089e+000  5.505626e-001  2.198907e+000  3.625389e-001  7.495093e-001  2.099426e-001  4.544598e-001  2.906542e-001 -5.915900e-001  4.483003e-001 -7.089691e-001 -6.676826e-001  1.828129e-001 -1.150567e+000 -8.556682e-001 -1.686600e+000  5.167599e-001
-3.047588e+001  5.866102e+000 -2.936757e+000 -5.790858e+000  2.246483e+000 -1.402361e+001  5.328515e+000  2.873174e+000 -1.455840e+000  2.066020e+000 -3.255417e+000 -2.224635e+000  5.036438e+001  2.603517e-001  3.294388e-001 -3.230127e-001  1.853603e+000 -2.314748e+000  5.296382e-001 -5.395846e-001 -2.863327e+000  6.393918e-001 -1.030624e-001 -1.013626e+000 -5.814648e-001  1.279009e+000  4.189821e-001 -3.616456e-001  1.171516e-001 -6.464970e-002 -1.672278e-001  2.071514e-001 -5.885922e-001 -1.820796e-001  1.216106e-001 -1.249264e+000 -5.809205e-001 -1.306817e+000  4.776780e-001
-3.407649e+001  2.489063e+000 -5.838665e+000 -7.113427e+000 -1.153067e+000 -1.465385e+001  4.487193e-001 -5.358516e+000 -3.915560e+000  5.568529e-003 -3.616807e+000  8.514152e-001  5.090191e+001  4.862211e-001 -7.318214e-001 -2.693840e-001  2.263783e+000 -1.240996e+000  7.230400e-001 -7.442027e-001 -1.675289e+000  9.614826e-001 -2.079194e+000 -1.517524e+000 -1.084754e+000  1.514288e+000  3.265693e-001 -4.286880e-001  1.156154e-001 -2.352368e-001  3.760107e-001  2.567089e-001  2.460531e-001  5.954907e-001  2.812465e-001 -6.428578e-001 -2.669136e-001 -8.050517e-001  2.528540e-001
-2.927732e+001  4.737765e+000 -4.606537e+000 -1.488959e+000  1.564897e+000 -1.305892e+001  1.006285e+000 -5.386142e+000 -2.465332e+000 -2.352384e+000 -5.970469e+000 -3.650489e+000  5.464435e+001  6.850376e-001 -1.784163e+000 -1.014595e+000  1.200270e+000 -9.629798e-001  1.157330e-001  4.939855e-001 -7.372843e-002  2.244968e+000 -9.468101e-001 -1.020464e-001 -7.821978e-001  1.661156e+000  2.055753e-001 -4.126351e-001  5.270082e-001 -3.011822e-001  2.350143e-001  5.293113e-002  9.016410e-001  1.052629e+000  2.911086e-001  2.171243e-001 -1.333985e-001  2.253291e-002 -1.578716e-001
-2.852080e+001  1.279018e+000 -5.101057e+000 -2.061446e+000 -2.241379e+000 -1.398445e+001  2.292197e+000 -4.716038e-001 -7.051112e-003 -8.618317e+000 -9.338855e+000 -3.346206e+000  5.382891e+001  1.055243e+000 -1.121578e+000  4.419336e-002  7.034582e-001 -8.611628e-001  1.136202e+000  2.558032e+000  1.230996e+000  2.254532e+000 -7.413260e-001 -1.239795e+000 -1.725985e+000  1.435735e+000  9.429238e-001  1.491773e-002  8.874846e-001 -5.149275e-001  9.345151e-002 -1.628183e-001 -1.030145e-001  2.736982e-001 -2.230201e-001  7.896844e-001  1.493097e-001  9.776734e-002 -1.144472e-002
-2.982854e+001 -2.449691e+000 -8.378535e+000 -2.315498e+000 -2.024260e+000 -1.377965e+001  6.876704e+000  6.107583e-002  7.814747e+000  1.643913e+000 -9.046249e-001 -4.036813e+000  5.720667e+001  1.003717e+000 -1.538858e+000  2.155240e+000  1.127855e+000 -1.329593e+000  5.877129e-001  2.317503e+000  9.466748e-001  1.448410e+000  3.136252e-001 -1.819483e+000 -1.481852e-001  5.289272e-001  1.956933e+000 -5.703451e-002  1.076252e+000 -7.048174e-001 -6.010341e-002 -3.379641e-001 -1.745979e+000 -2.389600e-001 -5.159030e-001  3.975510e-001  4.411405e-001 -2.786142e-001  3.544105e-001
-2.852467e+001  4.749005e-001 -3.731699e+000 -3.182866e+000 -3.664303e+000 -8.612472e+000  1.030367e+001 -1.927147e+000  2.217059e+000 -5.699210e+000 -1.234870e+001 -7.585346e+000  5.679943e+001  5.041501e+000 -7.798852e-001  2.583122e+000 -2.746470e-001 -5.904315e-001 -3.270412e-001 -2.171034e+000 -8.169999e-001  2.446612e-001  1.239011e+000  8.774261e-002 -9.129241e-001  2.023179e+000  2.210712e+000 -6.670368e-001  4.429708e-001 -1.100476e+000 -8.516078e-002 -6.347831e-001 -2.551911e+000 -2.173705e-001  1.720659e-002  3.308034e-001  1.480664e+000 -5.417575e-001  7.962782e-001
-2.425680e+001 -2.554467e+000  5.484982e+000  4.711026e+000 -4.371605e+000 -1.280634e+001  8.588063e+000  7.500378e-002  3.664664e+000 -2.243812e+000 -1.356296e+001 -2.271845e+000  5.580372e+001  8.476576e+000 -2.240182e+000  3.097202e+000 -1.834764e+000 -1.398862e+000 -8.424659e-001 -5.871376e+000 -2.445304e-001  6.703886e-001  5.077663e-002  1.439887e+000 -2.581799e+000  3.139488e+000  1.263943e+000 -8.858920e-001 -4.450799e-001 -1.381065e+000 -3.995368e-002 -1.781209e-001 -1.505084e+000  2.087517e-001  5.416818e-001 -1.538207e-001  1.473683e+000 -1.044464e+000  8.571846e-001
-6.099168e+000 -2.568019e+000  8.827943e-001 -6.947943e+000 -4.019865e+000 -1.610631e+001 -9.418652e+000 -4.563567e+000  3.291296e+000 -4.794018e-001 -2.570974e+000 -8.793310e+000  6.464627e+001  8.372373e+000 -4.106100e+000  1.788066e+000 -3.317613e+000 -1.252332e+000 -1.322624e+000 -6.107083e+000  7.397460e-001  2.729576e+000  1.044115e+000  4.533840e+000 -3.217965e+000  4.111846e+000 -9.591171e-001 -8.320686e-001 -6.233414e-001 -5.236082e-001 -8.120216e-002  4.739229e-001  8.559520e-001  7.904384e-001  6.607068e-001 -4.219153e-001  1.905361e-001 -4.947921e-001 -3.840213e-002
 1.341592e+000 -1.212914e+001  4.800229e+000 -9.606780e+000 -8.840792e+000 -1.424506e+001 -1.261901e+001  1.566339e-001  1.062957e+001 -7.121083e-001  1.405947e+000 -1.634183e+001  6.898068e+001  5.657995e+000 -4.305211e+000  3.273678e-001 -4.255988e+000 -1.198411e+000  1.948998e-001 -3.239892e+000  1.212060e+000  2.914362e+000 -3.580304e-001  3.325885e+000 -4.217987e+000  3.770517e+000 -2.269031e+000  9.578840e-002 -7.187454e-001  4.101289e-001  1.965788e-001  8.087530e-001  2.016302e+000  4.305205e-001 -3.873036e-002 -2.471656e-001 -7.493200e-001  2.917320e-001 -8.036706e-001
 5.380004e-001 -1.526826e+001  5.551009e+000 -1.261203e+001 -7.691370e+000 -1.450623e+001 -9.628206e+000  1.730768e+000  1.238248e+001 -1.244486e+000  2.836044e+000 -1.664018e+001  7.077018e+001  1.655205e+000 -3.907714e+000  8.513318e-001 -1.682076e+000 -1.096668e+000  1.523890e+000  7.929847e-001  2.406897e+000  2.426209e+000 -6.661624e-001  9.742436e-002 -2.568791e+000  1.515653e+000 -2.023615e+000  9.022988e-001 -4.467484e-001  1.049900e+000  2.409473e-001  6.981937e-001  1.571345e+000 -2.129539e-001 -8.218030e-001 -1.644942e-001 -1.016335e+000  6.535287e-001 -1.199823e+000
 7.145922e-001 -1.773040e+001  4.787713e+000 -1.373687e+001 -8.527908e+000 -1.263188e+001 -7.506621e+000  2.988138e+000  1.369088e+001 -3.651422e+000  3.629536e-001 -1.943834e+001  7.159435e+001  4.900070e-001 -1.860433e+000 -2.815766e-002 -6.018882e-001 -4.938007e-001  1.778042e+000  7.601010e-001  1.074497e+000  6.284202e-001 -3.299124e-001 -8.850505e-002 -1.447726e+000  4.192306e-001 -1.025241e+000  1.262957e+000 -2.318833e-001  1.213537e+000  3.570614e-001  1.668622e-001  3.335162e-001 -8.601130e-001 -1.206114e+000  1.816021e-001  1.219205e-001  8.873395e-001 -1.189314e+000
 2.490359e+000 -1.930596e+001  5.145711e+000 -1.329328e+001 -9.659646e+000 -9.293447e+000 -8.009924e+000  6.055164e+000  1.389169e+001 -2.340557e+000 -1.562356e+000 -2.008901e+001  7.091770e+001  8.382938e-001 -8.169948e-001 -2.679130e-001  1.048358e-001 -3.999007e-001  1.376773e+000 -2.503552e-001 -2.562418e-001 -2.364682e-001  2.075851e-001  1.159360e+000 -1.335452e+000 -2.116272e-001 -1.994151e-001  1.524065e+000 -2.667549e-001  1.112549e+000  5.516100e-001 -5.630009e-002 -5.772159e-001 -1.487930e+000 -1.666292e+000  1.046721e-001  1.158920e+000  1.011190e+000 -1.097908e+000
 2.815447e+000 -1.941246e+001  4.862089e+000 -1.227560e+001 -1.032566e+001 -7.961245e+000 -9.627649e+000  3.366920e+000  1.301707e+001 -1.813635e+000  3.162622e+000 -2.185604e+001  7.100307e+001  9.402472e-001  4.642164e-001 -2.724265e-001  9.182419e-001  2.385120e-001  1.102769e+000 -1.050641e+000 -1.756935e+000 -1.784869e+000  1.131061e-001  3.404519e+000 -3.979588e-001 -1.312413e+000 -9.129226e-002  1.434342e+000 -5.304049e-002  1.257885e+000  5.913365e-001  7.267345e-002 -4.674127e-001 -1.248614e+000 -1.573245e+000 -7.217679e-002  1.074856e+000  1.219153e+000 -1.253455e+000
 3.679042e+000 -1.851221e+001  4.174255e+000 -1.281849e+001 -8.791999e+000 -9.957683e+000 -9.819468e+000  2.601684e-001  1.153705e+001 -1.125454e+000  7.233012e+000 -2.210859e+001  7.000768e+001  4.330101e-001  2.550289e+000 -3.603083e-001  3.120604e+000  1.295226e+000  1.580026e+000 -1.187723e+000 -3.617035e+000 -4.698605e+000 -3.643113e-001  4.145511e+000  1.962277e+000 -3.108067e+000 -3.708372e-001  1.241833e+000  6.693910e-002  1.048944e+000  5.976801e-001  1.341810e-001  9.104821e-002 -7.082205e-001 -1.116767e+000  9.477849e-002  5.545969e-002  1.224427e+000 -1.071757e+000
 4.821486e+000 -1.580620e+001  3.911309e+000 -9.383057e+000 -7.769172e+000 -6.785913e+000 -1.185506e+001 -2.899041e+000  5.943853e+000 -3.693443e+000  1.298786e+001 -2.041834e+001  6.548730e+001  2.361875e-001  3.627632e+000 -2.471624e-001  4.179655e+000  1.615319e+000  2.039782e+000 -1.108278e+000 -3.488175e+000 -5.006736e+000 -4.048482e-001  3.792698e+000  2.999173e+000 -4.399825e+000 -5.647518e-001  5.483173e-001  1.364662e-001  2.430005e-001  3.397907e-001 -2.073596e-001  6.306994e-001  7.309661e-002 -1.021211e-002  4.919792e-001 -1.229258e+000  6.418535e-001 -2.684131e-001
 3.652390e+000 -8.357644e+000  3.819560e+000  8.634710e-001 -4.461761e+000 -1.980983e+000 -1.283484e+001 -8.897031e+000 -6.064730e+000 -3.222210e+000  1.425258e+001 -1.099647e+001  5.813525e+001 -6.638626e-001  3.810462e+000  5.415044e-002  3.718850e+000  1.900096e+000  1.579172e+000  2.337043e-001 -2.931725e+000 -4.209372e+000  9.404547e-001  1.242569e+000  3.088119e+000 -4.026708e+000 -3.820795e-001 -6.272630e-001  1.505896e-001 -9.686730e-001 -1.980378e-001 -7.266709e-001  7.205573e-001  9.610492e-001  1.406946e+000  5.167769e-001 -1.657094e+000 -4.436155e-001  8.449340e-001
 4.009711e+000 -6.351580e+000  3.803625e+000  1.781698e+000 -4.414182e+000 -1.750683e+000 -1.366136e+001 -9.495354e+000 -3.215719e+000 -2.789498e+000  1.861633e+001 -1.241624e+001  5.494016e+001 -1.335075e+000  2.575716e+000  2.026751e-001  1.834122e+000  1.635030e+000  6.639867e-002  1.392142e+000 -1.734107e+000 -2.080546e+000  1.920619e+000 -1.290300e+000  2.248388e+000 -2.195158e+000 -9.850955e-002 -1.414286e+000  7.251166e-002 -1.540446e+000 -6.796201e-001 -9.752220e-001  3.110521e-001  1.287897e+000  1.837407e+000  2.135387e-001 -1.519034e+000 -8.999881e-001  1.656711e+000
 7.656168e-001 -4.187203e+000  4.498849e+000  1.933833e-001 -9.690121e-001 -4.579440e+000 -7.747797e+000 -1.110030e+001 -4.930027e+000  3.124847e+000  1.063163e+001 -1.066905e+001  5.514771e+001 -6.917560e-001 -6.006770e-002  1.677208e-001 -5.499945e-001  2.951810e-001 -1.066636e+000  1.164853e+000  3.111773e-001  8.730280e-001  1.056839e+000 -1.598463e+000  1.195924e-001  1.426926e-002  4.979215e-001 -1.850697e+000  1.028522e-001 -1.431971e+000 -1.223069e+000 -5.418107e-001 -6.277051e-001  1.533393e+000  1.687155e+000 -3.194915e-001 -7.715335e-001 -9.549637e-001  1.727207e+000
-4.105048e-001 -5.012834e+000  4.585039e+000  1.225954e-001 -1.340395e+000 -5.154691e+000 -7.437868e+000 -1.046794e+001 -5.026229e+000  2.736125e+000  8.346841e+000 -9.340114e+000  5.600528e+001 -2.424136e-001 -1.508531e+000  5.861068e-002 -1.388154e+000 -9.803240e-001 -1.513424e+000 -1.859236e-002  1.329859e+000  1.639100e+000  6.046531e-001 -2.381958e+000 -1.650391e-002  1.863243e+000  7.982989e-001 -1.527812e+000  2.524585e-001 -8.628147e-001 -1.339195e+000  1.696820e-001 -8.930570e-001  1.191822e+000  1.024697e+000 -3.722613e-001 -4.245920e-001 -6.774549e-001  1.178775e+000
 2.403718e+000 -9.327355e+000  4.267457e+000 -1.056950e+000 -4.522749e+000 -5.612161e+000 -1.012232e+001 -6.854849e+000 -7.943345e-001 -7.008237e-001  1.139501e+001 -1.193657e+001  5.767404e+001  1.279414e+000 -3.400899e+000  6.404436e-001 -1.829867e+000 -2.907573e+000 -3.399707e-001 -2.199454e+000  3.203256e+000  2.366578e+000  9.801149e-004 -2.069269e+000 -5.542536e-001  2.580125e+000  5.233812e-001 -3.354399e-001  3.820974e-001 -2.072284e-002 -8.454154e-001  5.360643e-001 -1.214447e-001  8.316711e-002 -3.016909e-001 -2.331938e-002 -5.159968e-001 -1.903464e-001  2.343662e-001
 1.978593e+000 -1.132416e+001  4.212375e+000 -4.533904e+000 -7.538934e+000 -8.801441e+000 -1.256706e+001 -4.968784e+000  2.911932e+000  2.146603e+000  6.324851e+000 -1.186500e+001  6.299321e+001  1.670834e+000 -3.392930e+000  1.228606e+000 -1.840015e+000 -3.459565e+000  5.514755e-001 -1.390990e+000  2.778961e+000  2.296165e+000  5.872427e-001 -3.177856e+000 -8.019635e-001  2.415790e+000  1.196123e-001  8.622990e-001  3.983606e-001  5.878174e-001 -5.250423e-002  5.466472e-001  9.720807e-001 -1.052144e+000 -1.523845e+000  2.189361e-002 -2.004938e-002 -7.026883e-003 -7.317410e-001
 5.968137e+000 -1.803604e+001  7.887400e+000 -6.627704e+000 -1.240761e+001 -4.455918e+000 -1.618047e+001  2.166401e+000  2.933784e+000  3.424508e+000  1.296276e+000 -1.217787e+001  6.455437e+001  9.685261e-001 -7.950678e-001  1.493210e+000 -4.276780e-001 -2.692276e+000  5.812352e-001  1.243828e+000  2.461648e-003 -9.639592e-001  9.489478e-001 -3.780497e+000 -4.394100e-001  9.098271e-001 -4.366101e-001  1.835439e+000  8.851366e-002  8.599934e-001  8.297091e-001  1.004837e-001  1.633243e+000 -1.965164e+000 -2.206179e+000 -1.118404e-001  5.350565e-001  2.781790e-001 -1.173104e+000
 6.161457e+000 -1.762314e+001  8.918099e+000 -6.292104e+000 -1.469579e+001 -2.975435e+000 -1.136374e+001 -1.083763e+000  4.590539e+000  3.609672e+000 -2.493074e+000 -1.322928e+001  6.464407e+001  5.110917e-001  1.500048e+000  1.624030e+000  8.498384e-001 -1.350494e+000  7.592093e-001  3.120170e+000 -2.330466e+000 -4.314855e+000  2.401373e-001 -1.626590e+000 -1.090601e-001 -9.603127e-001 -5.088288e-001  1.688461e+000 -2.293117e-001  7.110813e-001  1.108449e+000 -1.015745e-001  1.008093e+000 -1.573937e+000 -1.811716e+000 -3.354323e-001  9.670669e-001  3.913336e-001 -1.034555e+000
 5.154916e+000 -1.015320e+001  9.380645e+000 -2.316240e+000 -1.440570e+001 -5.618989e+000 -4.504837e+000 -8.785051e+000 -6.453434e+000  3.312381e+000 -3.098516e+000 -1.345148e+001  6.139775e+001 -3.237656e-001  3.329807e+000  8.853000e-001  1.125173e+000  1.864362e-001  5.858083e-002  3.711180e+000 -4.067850e+000 -5.358807e+000 -3.846692e-001 -1.696194e-001  4.901900e-001 -1.597343e+000 -2.288956e-001  6.850321e-001 -4.429234e-001  1.938463e-001  8.204482e-001  8.460554e-002 -6.676724e-002 -5.007277e-001 -1.224232e-001 -2.167631e-001  6.516770e-001  1.246647e-001 -4.503172e-001
 4.940661e+000 -7.765337e+000  1.158590e+001 -2.440444e+000 -1.329236e+001 -4.423860e+000 -2.804027e+000 -1.114539e+001 -1.396873e+001  3.403354e+000  3.892949e-001 -1.177349e+001  5.976996e+001 -2.271639e-001  2.986937e+000  3.860026e-001  9.389662e-001  6.433232e-001  3.049301e-001  2.415797e+000 -3.055570e+000 -4.564993e+000 -4.231103e-001 -1.479604e-001  6.899045e-001 -1.503400e+000  4.733344e-002 -2.177072e-001 -4.905696e-001  2.996776e-003  3.522438e-001  2.389582e-001 -5.584996e-001  1.604529e-001  1.284119e+000  2.375349e-001 -2.625860e-001 -3.045978e-001  2.182714e-002
 4.959706e+000 -6.315903e+000  1.098000e+001 -2.927670e+000 -1.217714e+001 -3.438801e+000 -1.904429e+000 -1.314204e+001 -1.458061e+001  1.604321e+000 -9.930056e-001 -1.045482e+001  5.900470e+001  1.931757e-001  1.886648e+000 -1.023932e-001  4.969897e-001  4.130565e-001  1.231403e+000  1.262178e+000 -2.138624e+000 -1.451006e+000  1.967559e-001 -1.261427e+000 -2.155688e-001 -1.070215e+000  2.346675e-001 -4.740219e-001 -4.130981e-001  3.591619e-001  2.689157e-001 -1.415337e-002 -6.870446e-001  9.736440e-001  1.604251e+000  3.116332e-001 -8.169797e-001 -3.250600e-001 -2.056396e-002
 5.123242e+000 -4.607108e+000  1.004844e+001 -1.291558e+000 -1.259345e+001 -2.540878e+000 -5.849531e-001 -1.418312e+001 -1.417084e+001  2.348150e+000 -4.285631e+000 -1.127809e+001  5.832359e+001  4.892882e-001  1.133092e+000 -3.349711e-001  1.178914e+000  2.974147e-001  1.367589e+000  1.552173e+000 -2.492814e+000  1.518398e-001  1.137099e+000 -2.393616e+000 -1.279170e+000 -1.114741e+000 -1.467243e-001 -3.936762e-001 -5.600519e-001  4.918631e-001  6.454833e-001 -7.594603e-001 -8.658540e-001  1.790405e+000  1.604455e+000 -2.200465e-001 -1.999749e-001  4.624065e-002  9.974611e-003
 6.029505e+000 -2.299077e+000  9.637412e+000 -4.057346e-001 -1.268987e+001 -4.034667e-001  6.965178e-001 -1.795930e+001 -1.360741e+001  4.823762e+000 -7.068190e+000 -1.477703e+001  5.676986e+001  4.913459e-001  1.886621e+000 -8.197038e-001  2.801008e+000  1.703969e+000 -5.435157e-001  7.077690e-001  5.189922e-001  3.040337e-001  3.933921e-001 -3.131690e+000 -1.505731e-001 -1.894493e+000 -8.701274e-001 -2.359724e-001 -5.072533e-001  4.571878e-002  6.833991e-001 -1.227447e+000 -8.542910e-001  2.531909e+000  1.085420e+000 -1.143428e+000  7.076129e-001  5.263420e-001  1.269319e-001
 6.852203e+000 -4.108292e+000  1.058234e+001  2.193158e+000 -1.154892e+001  8.964202e-001  3.656362e+000 -2.120082e+001 -1.369614e+001  7.479128e+000 -8.541195e+000 -1.600824e+001  5.531367e+001 -1.109870e+000  1.018570e+000 -2.055602e+000  2.246272e+000  3.225284e+000 -2.604912e+000 -1.636268e+000  4.567647e+000  2.579762e+000 -1.621661e+000 -2.127036e-001  8.886099e-001 -1.041388e+000 -1.269295e+000 -1.465431e-001 -4.437404e-001 -9.497024e-001  8.562807e-002 -6.580532e-001 -7.079590e-001  2.101563e+000  5.896431e-001 -1.519255e+000  1.009045e+000  3.210045e-001  2.883582e-001
 6.551955e+000  2.867792e+000  6.614527e+000  9.335014e+000 -4.179565e+000 -7.875029e+000 -4.862419e-001 -7.038226e+000 -1.329780e+001  1.005792e+000 -1.452367e+001 -8.842607e+000  5.103720e+001 -3.357882e+000  7.640470e-001 -1.778344e+000  1.919044e-001  2.366117e+000 -2.919581e+000 -1.415057e+000  6.990688e+000  2.762133e+000 -4.141003e+000  1.186181e+000  1.332252e+000 -4.722320e-001 -1.218696e+000 -3.473459e-001 -7.280029e-002 -1.563853e+000 -9.767304e-001  4.552728e-001 -1.524271e-001 -1.684181e-001 -8.065633e-002 -8.762596e-001  6.893520e-001 -5.552376e-001  2.867314e-001
-6.873348e-001 -2.097694e+000  1.281870e+000  5.069429e+000 -7.221861e-001 -1.182966e+001 -8.174912e+000  3.194575e+000 -1.426836e+000 -3.851169e+000 -1.621408e+000 -9.802249e+000  5.598298e+001 -3.932574e+000  9.616628e-001 -2.074353e+000 -2.265046e+000  3.944806e-001 -7.346437e-001 -9.262096e-001  4.779151e+000  1.871006e+000 -4.191979e+000  4.926724e-001 -4.155598e-001 -3.840805e-001 -5.636381e-001 -2.340899e-001  4.384683e-001 -7.691809e-001 -9.587801e-001  1.366756e+000  4.657574e-001 -2.260855e+000 -1.113570e+000  1.365152e-001 -1.888464e-001 -4.504386e-001 -3.135748e-001
-6.990137e+000  5.158592e-001  5.395925e+000 -8.843483e-001 -6.272652e+000 -8.638334e+000 -4.631281e-001  4.796437e+000 -5.931395e+000 -1.021610e+001 -4.597178e+000 -1.121876e+001  5.407405e+001 -4.190782e+000  1.783448e-001 -1.174330e+000 -2.762597e+000 -1.764282e+000  7.977141e-001 -4.093955e-001 -4.288504e-001  2.551300e-001 -2.702747e+000 -3.761787e-002 -2.274676e+000 -7.894897e-001 -1.949713e-002 -5.532768e-001  3.537952e-001  4.523141e-001  1.320027e-001  1.378738e+000  3.533852e-001 -2.406056e+000 -8.434734e-001  1.250548e+000  1.897750e-002  4.443773e-001 -5.913166e-001
-6.039622e+000  1.875989e+000  8.198759e-001 -4.022390e+000 -8.529977e+000 -2.395146e+000 -9.862428e-001 -3.222393e+000 -8.024307e+000 -7.869822e+000 -1.104108e+001 -1.689796e+001  5.187485e+001 -3.511611e+000  1.409715e-001 -1.652673e-001 -1.223816e-001  4.965830e-001  2.370223e+000  1.896884e-001 -3.026859e+000 -1.734589e+000 -1.658213e+000 -5.450361e-001  4.398810e-001 -2.450634e+000  5.528951e-002 -9.283274e-001  2.695304e-001  1.245312e+000  1.106197e+000  8.749118e-001  5.435780e-001 -7.221937e-001  4.725686e-002  1.614580e+000  7.869724e-001  1.569381e+000 -4.282428e-001
