47 39
-1.334093e+000 -2.015992e+000  1.633800e+001  1.422595e+000 -5.471090e+000 -8.343659e+000 -1.136492e+001  4.044038e+000  7.328759e+000 -6.393461e+000 -1.086709e+001 -6.055201e+000  6.045319e+001 -4.985103e+000  7.468966e+000  4.743704e-001  2.543468e+000  7.490399e-001  3.205944e+000  4.022985e+000 -1.723254e+000  9.794310e-001  1.052569e+000 -1.104766e-001  3.816818e+000 -3.834700e+000 -5.662166e-001 -1.042437e+000 -1.592194e+000 -5.160784e-001  1.110805e+000  1.352901e-001  3.813444e-001  4.361500e-001 -2.786289e-001  5.365012e-001  2.994049e+000  3.578934e-001 -9.598207e-002
-9.508434e+000  9.660108e+000  9.174726e+000  5.907013e+000 -1.420045e+000 -8.518059e+000 -1.198215e+001  5.005499e+000  7.036076e+000 -1.385518e+001 -7.699314e+000  1.043305e+000  5.740332e+001 -5.333432e+000  4.961123e+000 -1.278473e+000  1.792236e+000  1.666448e+000  2.314293e+000  3.990892e+000 -5.002906e-001 -1.985126e-001  8.568245e-001  2.586407e+000  3.579013e+000 -3.266828e+000  1.064809e-001 -2.867091e+000 -8.708897e-001 -6.344156e-001  5.484211e-001 -4.077596e-001  2.075254e-001  4.520048e-001 -2.518345e-002  5.616950e-001  2.198156e+000 -8.888943e-001  3.858844e-001
-1.402203e+001  1.099288e+001  1.088690e+001  8.842132e+000 -1.363626e+000 -3.054916e+000  3.196043e+000  4.223723e+000  2.775344e+000 -1.955091e+000  3.371183e+000  7.975657e+000  5.183753e+001 -4.495879e+000  2.809973e-001 -1.663724e+000  9.734240e-001  1.672929e+000  2.142405e+000  5.128908e+000  2.142551e-001 -2.730366e-001  2.043818e+000  4.290546e+000  1.492088e+000 -2.676872e+000  5.752875e-001 -3.012650e+000 -5.585769e-001 -6.887978e-001 -1.415589e-001 -7.086146e-001 -8.529196e-001  1.660309e-002  7.836309e-002 -4.219389e-001  1.510568e-001 -1.710377e+000  7.936036e-001
-1.626004e+001  6.281192e+000  1.078096e+001  4.027544e+000  2.654677e-001 -3.329980e+000  3.145449e+000  3.650753e+000  1.626999e+000 -5.150514e+000  1.009844e+000  2.378884e+000  5.123840e+001 -3.624790e+000 -3.323639e+000 -1.186477e+000  4.204544e-001  1.287737e+000  1.168179e+000  3.294015e+000 -6.748754e-001  1.288756e+000  1.920386e+000  3.762570e+000 -9.305483e-001 -1.760579e+000  7.338336e-001 -1.855824e+000 -3.556632e-001 -5.315315e-001 -6.516830e-001 -7.113935e-001 -1.623277e+000 -1.590417e-001  2.632558e-002 -6.749829e-001 -1.029096e+000 -1.344118e+000  7.966067e-001
-2.043768e+001  1.078452e+000  7.216259e+000  7.229450e+000  2.050799e+000 -2.256733e-001  6.715815e+000  5.792686e+000  8.668115e+000 -5.267076e-001  6.231062e+000  7.374498e-001  5.015129e+001 -2.962986e+000 -3.451901e+000 -2.364512e+000 -2.146303e-001  2.306012e-001  2.359280e-001  1.068256e-001 -1.552946e+000  6.276122e-001 -1.588906e+000  5.672570e-002 -2.480286e+000 -6.198071e-001  8.163200e-001 -2.651650e-001 -3.775739e-001 -5.821229e-001 -9.161351e-001 -6.609526e-001 -1.974460e+000  2.963767e-001 -4.003445e-001 -7.023112e-001 -1.796059e+000 -4.671392e-001  7.829870e-001
-2.442456e+001 -2.000873e+000  5.077662e+000  8.815626e+000  3.311427e+000 -4.091787e+000  2.728035e+000  8.466403e-001  1.053347e+001 -4.967442e+000  9.683599e+000  9.667810e-003  4.944355e+001 -2.430711e+000 -2.451547e+000 -2.706395e+000 -2.713938e-001 -8.708025e-001 -2.894357e-001 -1.614452e+000 -4.118987e-001 -5.172091e-001 -7.017282e-001 -4.421602e-001 -1.155389e+000 -3.123268e-001  1.119754e+000  7.746785e-001 -1.112399e-001 -3.902242e-001 -8.488034e-001 -2.008003e-001 -1.136532e+000  6.674904e-001 -7.383456e-001  1.016424e-002 -1.531708e+000  2.477660e-001  7.802986e-001
-2.475470e+001 -2.125596e+000  1.915984e+000  5.374939e+000 -1.733600e+000 -1.494372e+000  3.938878e+000 -2.138949e+000  1.460170e+000 -9.991158e+000 -6.820654e-001 -3.241166e+000  4.963592e+001 -1.011319e+000 -1.480873e+000 -2.791635e+000 -1.591266e+000 -1.828477e+000 -4.335506e-001 -2.289157e+000  1.564650e+000 -1.371776e+000 -1.566812e-001 -2.587382e+000 -7.311872e-001  5.139374e-001  1.507393e+000  1.069332e+000  7.408336e-001 -4.215719e-002 -2.284442e-001 -1.849244e-002 -4.950916e-002  6.111315e-001  1.068491e-002  8.648075e-001 -3.780929e-001  8.241534e-001  7.306931e-001
-2.625508e+001 -4.374520e+000 -1.008776e-001  3.597831e+000 -2.196345e+000 -4.142809e+000 -3.538343e+000  5.557077e+000  2.644926e+000 -3.926930e+000  2.255607e+000 -1.408755e+000  4.993445e+001  9.981440e-001 -4.357604e-001 -1.529115e+000 -8.423489e-001 -1.926741e+000  4.989163e-001 -1.190654e+000  1.103778e+000 -1.403278e+000  1.255095e+000 -2.573915e+000 -5.662679e-001  1.574042e+000  1.662270e+000  9.920911e-001  1.511329e+000  1.451847e-001  4.872828e-001  9.830862e-002  7.091746e-001 -7.178689e-002  2.776425e-001  7.315314e-001  3.047357e-001  5.983180e-001  5.851970e-001
-2.457902e+001 -5.139091e+000 -4.152646e+000  1.882016e+000 -4.337698e+000 -2.367915e+000 -1.596783e+000  1.126072e+001  5.753505e+000 -1.830370e+000 -2.991853e+000 -2.209275e+000  5.247552e+001  2.859553e+000  8.868667e-001  7.510157e-001 -1.399387e-001 -3.836505e-001 -2.507102e-001 -3.526195e-001  7.448736e-001  1.124071e+000  1.756720e+000 -7.678611e-001  1.345920e+000  2.090474e+000  1.361223e+000  5.769466e-001  1.965511e+000  4.949472e-001  8.408116e-001 -4.555356e-002  8.543639e-001 -3.746958e-001  7.720260e-002  2.042006e-001  1.136916e+000  2.445767e-001  1.247691e-001
-1.952168e+001 -2.672927e+000  4.664028e-001  6.350343e+000 -5.020231e+000 -1.160434e+000 -4.574026e-001 -3.343035e-001  1.370413e+000 -2.772360e+000 -2.031084e+000 -3.337617e+000  5.589396e+001  3.945206e+000  1.325038e+000  3.078924e+000 -2.711342e-001  8.431982e-001  1.106872e-001  9.631521e-001 -3.609447e-001 -3.769202e-001  1.999228e+000  1.717578e-001  7.976470e-001  1.825390e+000  8.310868e-001 -6.250231e-002  1.179661e+000  5.057215e-001  9.599653e-001 -6.043927e-002  3.912661e-001 -1.524411e-001 -3.956363e-001 -5.207854e-001  1.074502e+000 -2.221743e-001 -5.113189e-001
-1.382364e+001  1.457941e+000  5.387422e+000  3.298989e+000 -2.239909e+000 -4.239111e+000  6.353099e-001  4.531109e+000  7.717782e+000 -1.784844e+000 -2.378026e+000  4.452865e+000  5.710854e+001  4.321268e+000  5.234601e-001  4.731902e+000  5.978622e-001  9.906116e-001 -4.672038e-001  9.057591e-001  4.235329e-001 -1.498942e+000  4.922550e-001  1.724360e+000 -1.902611e-001  1.012109e+000  4.607998e-001 -7.708853e-001 -3.431052e-001  3.451570e-001  5.047080e-001  1.122305e-001 -5.627145e-001 -6.860709e-001 -1.005667e+000 -8.497114e-001  4.693974e-001 -5.971217e-001 -7.484417e-001
-1.190674e+001 -1.047848e+000  1.052371e+001  1.533673e+000  9.707516e-001 -2.653776e+000  1.613705e-001  7.117159e+000 -2.218134e-001  6.046449e+000  2.807482e+000 -7.515895e-001  5.674490e+001  4.422720e+000 -5.665687e-001  2.378749e+000  1.317358e+000  2.185954e+000  3.049667e-001  1.364876e-001  5.022431e-001 -2.069953e+000 -7.165993e-001  1.552486e+000 -9.090489e-001 -4.433700e-001  2.555728e-001 -9.565440e-001 -1.658523e+000 -1.920677e-002 -7.691824e-002 -2.373716e-001 -1.625330e+000 -1.252896e+000 -3.377374e-001 -7.731662e-001 -2.185501e-001  5.129100e-002 -4.661044e-001
-6.780148e+000 -3.334331e+000  1.447821e+001  7.279662e+000 -2.380131e+000 -3.957264e+000  2.622626e+000  9.652653e+000 -9.450930e-001 -3.778499e+000  3.210665e+000 -4.453594e+000  5.711060e+001  4.924795e+000 -2.021756e+000 -6.144230e-001  7.916002e-001  1.468511e+000  2.133026e-001 -2.752860e+000 -3.117075e+000 -3.057748e+000 -1.133924e+000  8.887616e-001 -7.863403e-001 -5.173546e-001  1.122370e-002 -7.231456e-001 -2.034450e+000 -8.068760e-001 -5.571993e-001 -3.659681e-001 -2.097786e+000 -1.389526e+000  1.527604e-001 -1.967695e-002 -5.915921e-001  8.257734e-001  6.865939e-002
-9.298264e-001 -3.109635e+000  7.814752e+000  1.094680e+001  5.979652e+000  2.234753e-001 -7.686225e-001 -3.838596e-001 -4.647914e+000 -5.358529e+000  2.937003e+000 -3.429633e+000  5.367608e+001  4.921306e+000 -2.185074e+000 -2.540531e+000 -4.640370e-001  2.196571e-001 -1.416424e+000 -5.334190e+000 -4.855119e+000 -1.286205e+000 -1.053513e+000 -5.031934e-001  1.352142e+000  2.595997e-001 -3.614019e-001 -3.822545e-001 -9.381087e-001 -1.285960e+000 -1.102860e+000 -5.133432e-001 -1.465720e+000 -3.270244e-001  6.349769e-001  1.229706e-001 -1.226652e-001  9.357378e-001  6.083585e-001
 5.311880e+000 -7.619947e+000  3.669785e+000  2.550428e+000  2.598197e+000 -4.611224e+000 -1.266399e+001 -7.303757e+000 -5.357905e+000 -1.751972e+000  2.001022e+000  1.860185e+000  5.605617e+001  4.128093e+000 -2.283015e+000 -2.980706e+000 -2.545820e+000 -8.122363e-001 -1.436349e+000 -6.847834e+000 -3.845416e+000 -1.127014e+000  5.623271e-001 -2.057603e-001  2.808010e+000  1.003921e+000 -8.363551e-001  6.965213e-002  2.486014e-001 -9.219766e-001 -7.986764e-001 -4.885759e-002  1.492980e-001  1.168884e+000  9.200919e-001 -3.437867e-001  7.757339e-001  2.296067e-001  5.761465e-001
 6.653774e+000 -9.830410e+000  3.225264e+000  1.578105e+000 -4.201272e-001 -9.408916e+000 -1.886627e+001 -8.680229e+000 -4.446430e+000 -2.343797e-001  8.963368e-001  2.852229e+000  5.857011e+001  3.014062e+000 -2.347212e+000 -1.128654e+000 -3.443733e+000 -2.187972e+000 -1.436924e+000 -5.144626e+000 -7.687086e-001  1.395651e-001 -9.498718e-001  1.486421e+000  1.972465e+000  1.837785e+000 -1.039731e+000  2.788601e-001  7.984547e-001 -2.871181e-001 -2.202963e-001  4.833610e-001  1.365911e+000  1.558900e+000  6.843895e-001 -6.762621e-001  1.500543e+000 -7.875121e-001  2.770771e-001
 1.006852e+001 -1.138902e+001  1.869425e+000 -7.650933e-001 -3.241424e+000 -6.322813e+000 -2.256772e+001 -5.426241e+000 -6.680907e+000 -3.528939e+000  3.202197e+000  6.445527e+000  5.968319e+001  1.696641e+000 -1.592427e+000 -7.735471e-002 -2.328434e+000 -1.321056e+000 -2.073560e-002 -2.101151e+000  6.841416e-001  8.298273e-001 -2.904678e+000  3.772624e+000  5.153131e-002  1.574286e+000 -1.025934e+000  3.796901e-001  7.540739e-001  4.380376e-001  2.163186e-001  2.518853e-001  1.626162e+000  1.045012e+000  6.964834e-001 -5.150990e-001  1.267799e+000 -1.377950e+000  1.098983e-002
 1.176216e+001 -1.296116e+001  3.071664e+000 -4.614110e+000 -2.040397e+000 -6.105349e+000 -2.153989e+001 -5.166160e+000 -3.288588e+000 -9.219405e+000  9.768520e+000  4.140022e+000  6.105149e+001  9.383782e-001 -1.136068e+000  6.686449e-005 -2.008320e+000 -6.274146e-001  2.925742e-001 -8.779768e-001  6.746026e-001  1.157322e+000 -2.701321e+000  5.010332e+000 -1.207179e+000  1.359803e+000 -8.515809e-001  3.370142e-001  3.019170e-001  9.158971e-001  2.382418e-001 -2.408473e-001  8.623525e-001  5.272012e-001  4.428396e-001  4.626028e-001  1.335152e-001 -1.163984e+000 -1.674087e-001
 1.124089e+001 -1.401671e+001  3.359812e+000 -5.995636e+000 -3.196949e+000 -6.366685e+000 -2.183294e+001 -5.640083e+000 -1.787690e+000 -1.178285e+001  1.642805e+001  1.473945e+000  6.268691e+001  3.626270e-002 -9.901370e-001  2.253031e-001 -1.073339e+000 -5.109220e-001 -1.041672e+000 -8.503472e-001  6.579890e-001  1.846524e+000 -1.137444e+000  4.371282e+000 -2.491918e+000  1.297861e+000 -6.111885e-001  9.050304e-002  2.085576e-001  1.058346e+000 -1.815445e-001 -8.495774e-001  9.256599e-002  5.645429e-001  4.328335e-001  9.555357e-001 -1.151656e+000 -6.396478e-001 -1.222092e-001
 1.075948e+001 -1.419690e+001  2.480405e+000 -5.848225e+000 -3.579438e+000 -7.924109e+000 -2.362354e+001 -5.200295e+000 -1.106429e+000 -9.614032e+000  1.933507e+001 -6.978769e-001  6.386727e+001 -4.136536e-001 -9.632856e-001  2.296023e-001  5.082045e-001 -1.401830e+000 -2.130692e+000 -1.458266e+000  1.880374e+000  1.845415e+000  4.795249e-001  1.854668e+000 -2.575730e+000  1.138953e+000 -4.616964e-001 -4.448692e-002  4.452291e-001  1.148210e+000 -5.892646e-001 -9.018950e-001  2.420425e-002  8.716654e-001  1.939079e-001  5.159327e-001 -1.872566e+000  5.445939e-002 -1.161976e-001
 1.075117e+001 -1.572183e+001  3.291569e+000 -5.514729e+000 -5.026513e+000 -1.062179e+001 -2.577763e+001 -2.119229e+000  1.460632e+000 -9.018843e+000  2.027533e+001 -3.595112e+000  6.476461e+001 -6.832856e-001 -1.226303e+000  8.506655e-001  1.705034e+000 -1.841571e+000 -3.056990e+000 -1.348177e+000  2.903970e+000  2.649948e+000  2.825774e-001 -4.078234e-001 -2.462433e+000  1.073664e+000 -3.259236e-001  4.166851e-002  6.729144e-001  8.853952e-001 -8.109949e-001 -4.129884e-001  4.007581e-001  7.785847e-001 -4.802285e-001 -1.703535e-001 -1.695206e+000  8.521761e-001 -1.767031e-001
 9.938753e+000 -1.692502e+001  4.253796e+000 -2.313541e+000 -8.134765e+000 -1.463126e+001 -2.685887e+001  2.475281e+000  4.314325e+000 -8.203783e+000  1.711822e+001 -6.204100e+000  6.570741e+001 -1.010330e+000 -1.240419e+000  1.913531e+000  2.343543e+000 -2.908413e+000 -3.209242e+000 -5.080406e-001  3.909939e+000  1.725149e+000 -8.316683e-001 -1.962944e+000 -9.496250e-001  8.909134e-001 -2.706226e-001  3.017731e-001  7.927224e-001  3.100452e-001 -7.575491e-001  2.337904e-001  9.283990e-001  6.141973e-003 -1.188703e+000 -5.460970e-001 -7.020226e-001  1.214518e+000 -2.587004e-001
 8.234826e+000 -1.878416e+001  6.726444e+000  7.621927e-001 -1.012714e+001 -1.829806e+001 -2.695616e+001  5.041981e+000  8.751676e+000 -1.107508e+001  1.549736e+001 -8.085107e+000  6.713516e+001 -1.295017e+000 -6.432276e-001  2.747911e+000  2.435968e+000 -3.812605e+000 -2.567339e+000  6.783304e-001  3.536130e+000 -4.944862e-001 -1.333615e+000 -2.195943e+000  9.559103e-001  5.383652e-001 -2.436865e-001  6.692563e-001  5.951584e-001 -3.074464e-001 -5.083108e-001  8.682201e-001  1.147520e+000 -8.852702e-001 -1.689542e+000 -1.960880e-001  2.014533e-001  1.012391e+000 -3.355676e-001
 6.966004e+000 -1.886783e+001  1.033062e+001  2.731027e+000 -1.557119e+001 -2.013218e+001 -2.557448e+001  1.076879e+001  3.873797e+000 -1.274425e+001  1.190933e+001 -3.201004e+000  6.713656e+001 -1.460901e+000  2.540422e-001  3.244591e+000  1.692963e+000 -4.204059e+000 -1.206566e+000  2.170475e+000  1.595004e+000 -2.525882e+000 -1.442864e+000 -7.613848e-001  1.787689e+000  1.131004e-001 -2.089842e-001  7.891455e-001  2.437380e-001 -7.930297e-001  1.218848e-001  1.210575e+000  9.375445e-001 -1.639875e+000 -1.108818e+000  2.174327e-001  8.031951e-001  1.970143e-002 -2.964081e-001
 5.762463e+000 -1.796656e+001  1.399271e+001  4.142829e+000 -2.037132e+001 -2.070802e+001 -2.302817e+001  1.141466e+001 -7.915343e-001 -1.341668e+001  1.190006e+001 -3.171082e-001  6.674186e+001 -1.676432e+000  1.372748e+000  3.160927e+000  4.930921e-001 -3.735302e+000  2.827726e-001  3.050166e+000 -3.649133e-001 -3.672247e+000 -3.922643e-001 -1.336479e-003  1.230865e+000 -2.152672e-001 -1.527509e-001  6.328601e-001 -1.378152e-001 -9.670409e-001  7.228121e-001  1.239894e+000  3.467628e-001 -1.547711e+000 -1.128706e-001  4.100256e-001  7.542247e-001 -8.919161e-001 -1.678347e-001
 3.870430e+000 -1.606361e+001  1.684362e+001  4.460958e+000 -2.403297e+001 -1.945910e+001 -1.797049e+001  7.263958e+000 -3.543478e+000 -1.424731e+001  1.510995e+001 -1.149653e+000  6.646956e+001 -1.864543e+000  1.697320e+000  2.925713e+000 -6.501678e-001 -2.337641e+000  1.418578e+000  2.993764e+000 -2.338915e+000 -2.230060e+000 -2.151799e-001  9.557275e-001 -9.885951e-001 -2.143112e-001 -5.148994e-002  3.391588e-001 -4.465759e-001 -7.328620e-001  1.022291e+000  8.886035e-001 -3.461261e-001 -7.543575e-001  6.214092e-001  3.808508e-001  2.440386e-001 -1.121187e+000 -3.343399e-002
 1.400452e+000 -1.332253e+001  1.927458e+001  2.362688e+000 -2.457277e+001 -1.722074e+001 -1.550732e+001  4.969832e+000 -5.900924e+000 -1.228488e+001  1.389037e+001 -2.956458e+000  6.639233e+001 -1.856951e+000  1.799434e+000  2.218274e+000 -1.227670e+000 -1.131754e+000  2.319561e+000  2.000500e+000 -2.235464e+000 -1.206750e+000  1.026712e-001  7.166238e-001 -2.115528e+000 -1.371025e-001  1.004997e-001  3.915770e-002 -6.358579e-001 -2.367674e-001  8.984551e-001  3.434815e-001 -6.464720e-001  2.719901e-002  7.882707e-001  1.628020e-001 -9.992740e-002 -6.628630e-001  4.543487e-002
-1.757050e-001 -1.270325e+001  2.231825e+001  3.702591e-001 -2.515867e+001 -1.478294e+001 -1.436609e+001  2.296635e+000 -4.721810e+000 -1.438605e+001  1.569282e+001 -6.824305e+000  6.623977e+001 -1.628091e+000  1.736493e+000  1.483039e+000 -1.110965e+000 -3.943764e-001  2.218057e+000  9.646776e-001 -1.241508e+000 -6.515843e-001  2.139216e-001  9.982824e-002 -2.145051e+000 -9.315185e-002  2.162968e-001 -4.501736e-002 -7.713078e-001  2.164911e-001  5.351011e-001 -1.917528e-001 -4.815233e-001  4.558721e-001  3.375014e-001  2.118847e-001 -4.429637e-001  1.121814e-001  4.596428e-002
-1.499222e+000 -1.064958e+001  2.234677e+001  4.982635e-002 -2.546724e+001 -1.144830e+001 -1.482787e+001  2.721004e+000 -6.236117e+000 -1.283395e+001  1.519174e+001 -8.057423e+000  6.617124e+001 -1.292160e+000  1.548950e+000  7.029747e-001 -4.603464e-001 -2.146589e-001  1.600441e+000  8.323493e-001 -7.776217e-001 -5.201321e-001  2.071947e-001 -7.302389e-002 -1.505222e+000 -4.867249e-002  2.696996e-001 -1.304434e-001 -6.465996e-001  3.655678e-001  2.709612e-001 -6.120122e-001 -3.546646e-002  2.384974e-001  8.736001e-002  1.844040e-001 -4.886383e-001  4.197163e-001  1.873764e-002
-2.820190e+000 -8.717625e+000  2.272272e+001  6.256206e-002 -2.555761e+001 -1.125504e+001 -1.348683e+001  2.180832e+000 -6.633802e+000 -1.290316e+001  1.495840e+001 -9.324429e+000  6.611434e+001 -1.065454e+000  1.597476e+000 -1.731762e-001  4.862560e-002 -1.206821e-001  8.193742e-001  1.170223e+000 -7.884754e-001 -8.858624e-001  7.919817e-001 -8.642670e-001 -7.328413e-001 -2.870483e-002  3.115193e-001 -2.034195e-001 -4.537879e-001  2.479597e-001  1.844905e-001 -6.591939e-001  2.875753e-001 -1.200981e-001  1.396295e-002  1.773532e-001 -4.480945e-001  3.498452e-001 -3.924179e-002
-3.738104e+000 -7.570595e+000  2.258722e+001  2.148040e-001 -2.544659e+001 -1.098248e+001 -1.178521e+001  1.139625e+000 -7.545588e+000 -1.199035e+001  1.389246e+001 -9.232504e+000  6.621168e+001 -7.897712e-001  1.216726e+000 -1.866163e-001  2.037335e-002  8.620548e-002 -4.115791e-002  1.720395e+000 -1.269494e+000 -6.528107e-001  7.356614e-001 -1.244520e+000 -7.230517e-001 -7.563782e-002  3.469326e-001 -2.577561e-001 -1.965725e-001  1.821772e-002  2.001326e-001 -4.641818e-001  2.704444e-001 -1.960027e-001  8.235383e-003  1.544389e-001 -3.955351e-001  7.232549e-002 -1.250124e-001
-4.383536e+000 -6.255360e+000  2.133214e+001  5.308983e-001 -2.577241e+001 -1.091897e+001 -1.003631e+001 -8.550525e-001 -8.496387e+000 -1.084795e+001  1.202113e+001 -9.900970e+000  6.607603e+001 -3.216892e-001  8.855076e-001 -3.411056e-001 -1.115269e-001  3.776440e-001 -2.571129e-001  1.958531e+000 -1.596063e+000 -5.154302e-001  8.364545e-001 -1.554896e+000 -7.869104e-001 -2.758781e-001  3.607290e-001 -2.475754e-001  3.885025e-002 -8.357097e-002  1.844049e-001 -1.958175e-001  8.384167e-002 -4.135846e-002 -2.958170e-002  1.262510e-001 -2.164515e-001 -1.559535e-001 -2.084918e-001
-4.666405e+000 -5.797076e+000  2.210897e+001 -8.247503e-002 -2.492881e+001 -1.182212e+001 -7.951157e+000 -2.108523e+000 -8.568878e+000 -1.018325e+001  1.043778e+001 -1.138441e+001  6.581221e+001  7.062070e-002  6.161534e-001 -1.959230e-001 -2.891816e-001  5.368412e-001 -1.822249e-001  1.790417e+000 -1.353841e+000 -6.641712e-001  9.571527e-001 -1.705385e+000 -1.116560e+000 -5.501480e-001  2.593530e-001 -1.392470e-001  7.321169e-002  2.198423e-002  1.495800e-001 -1.834036e-002 -1.136115e-001  1.537006e-001 -1.774233e-001  2.806356e-001 -2.023693e-001 -8.507616e-002 -2.307472e-001
-3.964485e+000 -5.176847e+000  2.125632e+001 -3.464327e-001 -2.392828e+001 -1.212078e+001 -5.611198e+000 -4.175407e+000 -8.699308e+000 -9.624438e+000  8.911261e+000 -1.218303e+001  6.493468e+001  3.079948e-001  6.598851e-001  2.572842e-002 -2.144518e-001  5.760242e-001 -8.917980e-002  1.554420e+000 -9.530939e-001 -1.028091e+000  1.312491e+000 -1.716092e+000 -1.315855e+000 -8.339089e-001  1.066070e-001 -6.388909e-003  9.077543e-002  2.271297e-001  6.040279e-002 -5.258826e-002 -2.516114e-001  2.641845e-001 -1.522324e-001  2.544443e-001 -2.264758e-001  1.181542e-001 -2.338995e-001
-3.594526e+000 -5.029085e+000  2.164552e+001 -7.924386e-001 -2.368445e+001 -1.129270e+001 -5.045673e+000 -3.969404e+000 -1.076498e+001 -7.816340e+000  6.920463e+000 -1.367427e+001  6.403161e+001  1.921515e-001  6.333027e-001 -3.974915e-003  1.817569e-001  7.349151e-001 -2.168262e-001  1.354393e+000 -8.224750e-001 -1.283597e+000  1.900821e+000 -2.175769e+000 -8.839601e-001 -9.503586e-001 -1.692617e-002  1.368281e-001 -1.688530e-002  4.057218e-001 -3.757549e-002 -1.639305e-001 -2.793279e-001  2.538585e-001  3.080834e-002  3.732922e-002 -1.269233e-001  3.485942e-001 -2.152342e-001
-3.379502e+000 -3.339930e+000  2.169251e+001 -1.863788e-001 -2.351447e+001 -1.162958e+001 -3.716948e+000 -4.690082e+000 -1.253879e+001 -5.468946e+000  5.199325e+000 -1.533531e+001  6.279678e+001  1.505805e-001  8.449883e-001  1.679745e-002  7.886525e-001  5.806209e-001 -5.027536e-001  9.184859e-001 -5.408232e-001 -9.668795e-001  1.636842e+000 -2.452083e+000 -3.124393e-001 -1.245270e+000 -1.474111e-002  1.228989e-001 -1.244534e-001  3.425333e-001 -1.764042e-001 -1.898491e-001 -1.953417e-001  1.985518e-001  1.946167e-001 -3.089325e-001  1.044845e-001  4.458518e-001 -1.933506e-001
-3.998139e+000 -3.549020e+000  2.187100e+001  7.462827e-001 -2.146114e+001 -1.315185e+001 -2.126316e+000 -5.963561e+000 -1.306712e+001 -2.756893e+000  1.414905e+000 -1.422807e+001  6.212937e+001  6.469703e-002  1.207742e+000 -2.758841e-001  1.237875e+000  3.466654e-001 -7.950905e-001  7.117451e-001 -2.906842e-001 -5.407351e-001  9.816235e-001 -1.972006e+000  1.247038e-001 -1.420638e+000  8.533178e-002  1.100986e-001 -2.694436e-001  4.897910e-002 -3.371777e-001 -2.357911e-002 -4.801223e-002  2.584384e-002  3.638031e-001 -6.166230e-001  5.836310e-001  3.787616e-001 -1.505889e-001
-3.009777e+000 -1.691937e+000  2.122756e+001  2.827469e+000 -2.213683e+001 -1.370498e+001 -2.478447e+000 -5.882444e+000 -1.238264e+001 -3.969953e+000 -5.963750e-001 -1.346833e+001  5.965945e+001  2.980165e-001  9.871599e-001 -4.605841e-001  9.701560e-001 -1.118721e-001 -7.492933e-001  8.990359e-001 -2.262302e-001 -4.264380e-001  2.274273e-001 -1.295551e+000  4.090720e-001 -1.565522e+000  1.306475e-001 -1.016853e-001 -3.547749e-001 -1.992597e-001 -5.143137e-001  1.275565e-001 -1.931775e-002 -1.078234e-001  3.856280e-001 -5.662706e-001  1.025953e+000  3.271874e-001  2.580224e-002
-3.455904e+000  1.856310e-001  2.049857e+001  3.890013e+000 -2.263994e+001 -1.423046e+001 -2.106198e+000 -4.826644e+000 -1.354673e+001 -3.657719e+000 -4.171764e-002 -1.398425e+001  5.849708e+001  5.450924e-001  1.112710e+000 -1.112502e+000  3.359007e-001 -6.047268e-001 -2.114519e-001  1.124057e+000 -8.505523e-001  2.651981e-001 -4.775868e-001  1.641203e-001  6.490923e-001 -1.543177e+000  2.024660e-001 -4.920450e-001 -2.513522e-001 -4.583747e-001 -5.363988e-001 -8.994714e-002 -3.274156e-001 -1.932800e-002  4.103778e-001 -5.575289e-001  1.255190e+000  3.473666e-001  2.439516e-001
-2.160537e+000 -2.714558e-001  2.007581e+001  3.092536e+000 -2.348443e+001 -1.483674e+001  7.681735e-001 -6.389691e+000 -1.443117e+001 -3.881397e+000 -5.501187e-001 -1.341186e+001  5.678532e+001  5.636203e-001  3.840780e-001 -1.338768e+000  2.433410e-001 -1.515251e+000 -1.567903e-001  6.157411e-001 -8.000061e-001  5.582942e-001 -4.649059e-001  1.609618e+000  1.061303e+000 -1.054990e+000  7.659401e-002 -4.015609e-001 -3.522414e-001 -5.979853e-001 -3.603851e-001 -4.320994e-001 -6.634178e-001  1.853517e-001  2.971015e-001  1.391063e-001  1.437799e+000  9.551693e-001 -5.553323e-002
-1.697297e+000  1.304288e+000  1.688437e+001  2.293253e+000 -2.381098e+001 -1.364323e+001  1.870660e+000 -9.962699e+000 -1.071686e+001 -5.189106e+000  2.212378e+000 -1.101084e+001  5.585055e+001  9.442249e-001 -9.509414e-001 -1.093553e+000 -6.905910e-001 -1.633639e+000 -1.541078e+000 -7.836853e-001 -1.004363e-001  1.018788e+000 -1.459854e+000  2.851362e+000  1.535421e+000 -4.561462e-001 -2.269989e-001 -1.190503e-002 -5.648968e-001 -7.500362e-001  1.537597e-001 -8.094586e-001 -1.098086e+000  6.182692e-001  6.966806e-001  1.205866e+000  1.218113e+000  1.475756e+000 -8.140802e-001
-1.070979e+000 -3.308756e-001  1.634083e+001  4.842554e+000 -2.912757e+001 -1.478254e+001 -1.388171e+000 -7.314447e+000 -1.100610e+001 -5.528790e+000  6.324666e+000 -9.648515e+000  5.570777e+001  4.814203e-001  1.118081e-002 -2.231266e+000 -1.506525e+000 -1.399341e+000 -2.244977e+000 -1.464182e+000  3.254701e-001  6.822748e-001  1.414093e+000  4.549826e+000  4.741754e+000 -2.386703e+000 -7.293562e-001  3.932694e-001 -8.169232e-001 -9.712048e-001  7.656987e-001 -8.005529e-001 -1.213180e+000  8.599921e-001  1.193915e+000  1.762733e+000  6.877690e-001  1.461874e+000 -1.404947e+000
 7.204417e-001 -4.539366e+000  1.689830e+001 -4.379512e-001 -2.798657e+001 -2.196295e+001 -4.946452e+000 -4.866447e+000 -1.016533e+001 -1.013329e+001  1.077770e+001 -8.188818e+000  5.675512e+001 -5.488021e-001  1.239633e+000 -3.490737e+000 -2.539347e+000  1.061169e-001 -3.214652e+000 -3.326412e+000  1.678056e+000  3.686611e+000  4.612244e+000  4.784579e+000  6.187649e+000 -4.947721e+000 -1.102174e+000  6.210370e-001 -9.648401e-001 -8.261709e-001  1.234492e+000  2.726580e-001 -6.998253e-001  6.710930e-001  1.244901e+000  1.568848e+000 -2.697116e-001  5.353183e-001 -1.329231e+000
-9.623047e-001  2.706275e+000  8.912512e+000 -3.074486e+000 -2.839334e+001 -2.190177e+001 -3.144179e+000 -7.310467e+000 -1.129556e+001  5.661160e+000  1.791635e+001  8.885898e+000  4.439951e+001 -2.336648e+000  1.255138e+000 -4.224792e+000 -3.688305e+000  1.443364e+000 -3.322768e+000 -4.178796e+000  2.610708e+000  5.193959e+000  5.312707e+000  4.081854e+000  6.044560e+000 -5.833936e+000 -1.032498e+000 -1.136287e-001 -3.484152e-002 -4.095159e-001  1.472829e+000  1.398296e+000  1.634881e-001  7.373399e-001  5.195860e-001 -2.032642e-001 -1.389948e+000 -1.443586e+000  3.427718e-002
-4.495644e+000  5.983878e+000  3.144840e+000 -6.444963e+000 -2.364750e+001 -2.615687e+001 -1.388339e+001 -1.574410e+000  7.860921e+000  1.227714e+001  2.033943e+001  1.066020e+001  3.676608e+001 -3.157611e+000  1.532265e+000 -4.920990e+000 -3.730556e+000  3.117466e+000  3.611074e-001 -2.925505e+000  2.112410e+000  4.987450e+000  4.435078e+000  1.736790e+000  3.560609e+000 -5.378685e+000 -4.112337e-001 -5.639365e-001  8.488399e-001  5.620657e-001  1.179299e+000  2.320608e+000  1.567202e+000  2.837325e-001 -1.084046e+000 -1.487323e+000 -1.973572e+000 -2.523956e+000  1.176990e+000
-1.014617e+001  6.831913e-001  2.093596e+000 -1.059546e+001 -2.408028e+001 -2.929942e+001 -1.781368e+001  4.093077e+000  5.950567e+000  9.829531e+000  2.195307e+001  1.114978e+001  3.653262e+001 -3.376667e+000 -7.032788e-001 -1.690347e+000 -2.958500e+000  4.459131e+000  2.958623e+000 -8.471948e-001  3.794993e+000  2.629786e+000  4.863549e-001 -8.760183e-001 -1.162659e+000 -1.999836e+000  1.017502e+000 -1.002885e+000  1.448973e+000  1.276284e+000  7.717233e-001  2.013334e+000  2.040719e+000 -4.710533e-001 -1.441366e+000 -1.939925e+000 -2.104036e+000 -3.201208e+000  2.464375e+000
-1.047568e+001  4.133502e+000 -4.297193e+000 -1.533024e+001 -1.455577e+001 -1.645859e+001 -1.223923e+001 -6.169498e-003  6.148851e+000  9.957909e+000  1.744329e+001  8.482285e+000  3.379515e+001 -2.084961e+000 -6.008407e-001 -5.137599e-001 -9.392118e-002  4.494728e+000  5.247692e+000  2.843797e+000  2.504576e+000 -4.515326e-001 -4.111961e-001 -2.604343e+000 -2.828520e+000 -9.798206e-001  2.077401e+000 -1.495083e+000  1.516304e+000  1.212143e+000  2.512169e-003  1.647319e-001  1.246380e+000 -5.748517e-001 -1.004459e+000 -1.723758e+000 -1.362995e+000 -3.075210e+000  3.319970e+000
