22 39
 3.303939e+000 -1.702788e+001  1.497859e+001 -4.120276e+000 -2.367395e+001 -1.556032e+001 -1.314567e+001  1.027091e+001 -1.069911e+000 -6.496511e+000  1.197745e+001 -1.057020e+001  6.949348e+001 -7.124416e-001 -1.216062e+000 -6.304652e-001 -3.756121e+000 -9.628048e-002 -1.124539e+000  1.893128e+000  1.614772e+000  3.084542e+000 -2.018605e+000  2.717587e+000 -3.023781e+000  2.577825e+000 -2.507859e-001  5.750808e-001  1.304023e-001  5.126873e-001  4.318081e-001  1.687629e-001  9.338784e-001 -5.883249e-001 -2.662193e-001 -6.306890e-001 -7.580621e-001  1.940019e-001 -4.968368e-001
 1.559546e+000 -1.795806e+001  1.543450e+001 -7.815659e+000 -1.999674e+001 -1.753878e+001 -8.460060e+000  1.045392e+001  2.168675e+000 -9.178377e+000  1.399140e+001 -1.307489e+001  7.128229e+001 -1.367389e+000 -1.114361e-001 -1.034074e+000 -2.436015e+000  1.411591e+000 -1.363159e+000  2.697571e+000  2.012569e-001  2.100822e+000 -1.914734e+000  1.526368e+000 -1.573933e+000  1.593590e+000 -6.138529e-002  6.876033e-001  1.149753e-002  1.186433e+000  3.077444e-001  3.349306e-001  1.535835e-001 -7.427905e-001 -8.813545e-001  1.471975e-001 -1.013160e+000  6.735818e-001 -8.060048e-001
 6.226625e-001 -1.806513e+001  1.452625e+001 -9.267508e+000 -1.821451e+001 -2.005931e+001 -4.878982e+000  8.230980e+000  3.515137e+000 -1.093410e+001  1.482672e+001 -1.538675e+001  7.179388e+001 -1.171523e+000  3.670295e-001 -7.926790e-001 -8.014374e-001  1.090351e+000 -1.067284e+000  2.266865e+000 -8.180402e-001  1.161383e+000 -8.384720e-001  6.275775e-001 -7.337136e-001  7.994186e-001  1.289926e-001  4.514382e-001  7.319287e-002  1.202775e+000 -2.863943e-001  3.999762e-001 -5.989369e-001 -4.018107e-001 -9.457797e-001  6.795737e-001 -6.453203e-001  9.083219e-001 -6.175482e-001
-1.254347e+000 -1.598246e+001  1.209352e+001 -7.553042e+000 -1.975444e+001 -1.856825e+001 -4.920524e+000  8.457082e+000  3.198327e+000 -9.718615e+000  1.380356e+001 -1.338105e+001  7.275148e+001 -7.279624e-001  5.640669e-001 -7.377163e-001  2.808110e-001  1.020584e-002 -3.910433e-001  8.459930e-001 -5.928820e-001  1.125503e-001  2.456999e-002  1.616646e-001  7.544632e-002  3.823433e-001  3.336882e-001  2.550858e-001  1.880042e-001  9.352526e-001 -7.250069e-001  5.075641e-001 -7.709678e-001 -1.212409e-001 -7.500523e-001  5.937939e-001 -2.606483e-001  5.990944e-001 -4.383157e-001
-1.146728e+000 -1.618053e+001  1.268569e+001 -8.258772e+000 -1.834335e+001 -2.038200e+001 -3.581110e+000  7.179125e+000  4.222178e+000 -1.041875e+001  1.520926e+001 -1.408569e+001  7.275598e+001 -3.871916e-001  7.033772e-001 -4.126795e-001  8.993412e-001 -8.275591e-001  3.892847e-001 -1.757673e-001  2.787876e-003 -6.502203e-001  4.096116e-001  1.733379e-001  6.931386e-001  9.570770e-002  2.394992e-001  3.415418e-001  1.074480e-001  6.328890e-001 -6.881769e-001  3.620463e-001 -4.958267e-001 -2.027582e-001 -5.417312e-001  3.776297e-001 -3.562754e-002  4.388328e-001 -3.036177e-001
-1.195571e+000 -1.608003e+001  1.266620e+001 -6.915972e+000 -1.988129e+001 -1.933265e+001 -4.879031e+000  8.015436e+000  2.377906e+000 -9.313203e+000  1.460846e+001 -1.334819e+001  7.271295e+001 -9.111325e-002  9.958188e-001 -2.840524e-001  1.389859e+000 -1.254489e+000  4.463772e-001  6.404841e-002 -8.153618e-001 -7.436374e-001  4.301938e-001  4.502467e-001  7.081126e-001 -2.461327e-001  7.345018e-002  5.325612e-001  5.119910e-002  3.954482e-001 -4.512846e-001  6.202433e-002 -5.264359e-002 -5.803001e-001 -3.266768e-001  2.262152e-001 -1.004356e-002  2.239250e-001 -2.563508e-001
-1.342684e+000 -1.449946e+001  1.217652e+001 -5.089337e+000 -2.228888e+001 -1.773068e+001 -5.778565e+000  8.465742e+000  6.742458e-001 -9.088751e+000  1.529096e+001 -1.193748e+001  7.229168e+001 -2.924516e-001  1.858863e+000 -4.822708e-001  1.808484e+000 -1.718187e+000  3.242374e-001  1.787039e-001 -1.720591e+000 -1.119179e+000  8.468645e-001  3.051487e-001  1.144117e+000 -4.044319e-001 -3.657420e-002  4.662077e-001  1.557183e-001  9.881382e-002 -2.291698e-001 -1.180654e-002  1.011408e-001 -7.243116e-001 -1.629645e-001  1.245537e-002 -1.850551e-001 -1.225084e-001 -2.275779e-001
-1.611935e+000 -1.184390e+001  1.092785e+001 -2.188464e+000 -2.405412e+001 -1.766202e+001 -3.501554e+000  3.736964e+000  1.254106e+000 -8.232646e+000  1.601394e+001 -1.091458e+001  7.175297e+001 -4.080815e-001  2.649130e+000 -4.469252e-001  1.803481e+000 -1.800903e+000 -4.839802e-002  4.055395e-001 -2.632693e+000 -1.286354e+000  9.370195e-001  4.554138e-002  9.695819e-001 -6.493408e-001 -2.601163e-002  7.413912e-003  4.883261e-001 -2.996802e-001  3.180865e-002  2.969817e-001 -1.556704e-001 -1.527659e-001 -2.673849e-001 -1.886812e-001 -4.914297e-001 -4.878523e-001 -2.001751e-001
-2.400804e+000 -9.004284e+000  1.114351e+001 -1.580108e+000 -2.484787e+001 -1.959613e+001 -3.376329e+000  7.154045e-001 -8.118187e-001 -6.724708e+000  1.603226e+001 -9.581905e+000  7.121381e+001 -4.115785e-001  2.207760e+000  4.473486e-001  1.186599e+000 -1.700201e+000  5.776396e-001  1.591913e-001 -2.710105e+000 -1.193684e+000  2.184756e-001 -5.495847e-001 -5.013800e-002 -8.405777e-001  1.349591e-001 -6.379221e-001  8.041905e-001 -6.448308e-001  3.899507e-001  5.191984e-001 -2.793046e-001  3.936249e-001 -3.246476e-001 -3.662465e-001 -7.397579e-001 -7.474590e-001 -2.149013e-001
-2.706918e+000 -5.581967e+000  1.094808e+001  3.468182e-001 -2.760631e+001 -1.864192e+001 -4.052452e+000 -1.272859e+000 -3.310833e+000 -5.810127e+000  1.446552e+001 -9.678074e+000  7.000518e+001 -1.616080e-001  8.584396e-001  1.692768e+000  2.024003e-001 -1.104438e+000  1.804585e+000 -7.045471e-001 -1.084434e+000 -2.043310e+000 -1.990179e-001 -1.579535e+000 -1.134021e+000 -1.028935e+000  2.460564e-001 -9.085351e-001  6.450539e-001 -6.079344e-001  6.232632e-001  3.364514e-001 -1.577698e-001  4.970078e-001 -2.444084e-001 -4.081719e-001 -7.228536e-001 -5.856943e-001 -2.270649e-001
-2.853085e+000 -6.591633e+000  1.440315e+001 -4.239810e-001 -2.901379e+001 -1.435254e+001 -4.707160e+000 -2.579870e+000 -3.011706e+000 -9.207632e+000  1.331725e+001 -1.280643e+001  6.896268e+001  2.591071e-001 -4.354025e-001  2.468835e+000 -6.151300e-001 -1.166656e-001  1.993738e+000 -6.627760e-001 -5.265962e-001 -2.363940e+000 -4.163492e-001 -2.581103e+000 -1.541376e+000 -1.289141e+000  3.091125e-001 -4.017374e-001  1.319202e-001 -1.713268e-001  6.258414e-001 -3.541356e-001  2.399236e-001  2.442175e-001 -2.027885e-001 -1.486969e-001 -5.759887e-001 -3.653098e-002 -4.031764e-001
-2.193835e+000 -8.758031e+000  1.776187e+001 -1.754526e+000 -2.749335e+001 -1.126090e+001 -6.358875e+000 -3.757020e-002 -7.862498e+000 -7.986273e+000  9.473768e+000 -1.497243e+001  6.773386e+001  4.868578e-001 -5.719636e-001  1.767601e+000 -3.353264e-001  5.236454e-001  9.258099e-001  2.767401e-002 -1.239408e+000 -1.923268e+000 -7.864274e-001 -2.552968e+000 -1.213270e+000 -1.560384e+000  1.467101e-001  5.645146e-001 -4.278265e-001  4.719716e-001  8.631980e-001 -8.910623e-001  1.871241e-001 -1.064784e-001  1.191888e-001  1.864821e-004 -2.275263e-001  7.864593e-001 -7.069131e-001
-1.361810e+000 -9.593265e+000  2.008079e+001 -3.605086e+000 -2.548768e+001 -1.331795e+001 -5.536998e+000 -2.535221e+000 -1.035568e+001 -7.718380e+000  5.622620e+000 -1.464161e+001  6.590377e+001  8.097510e-001  9.142748e-001  1.069534e+000  5.988286e-001  6.149641e-001 -7.536511e-001  9.926990e-001 -1.411531e+000 -2.267648e+000 -2.313040e-001 -2.942812e+000 -1.931683e-001 -2.590736e+000 -8.665872e-002  1.455860e+000 -1.024010e+000  9.000121e-001  1.343326e+000 -5.187064e-001 -5.887334e-002 -9.131129e-002  2.669555e-001  2.365824e-001 -4.428761e-002  1.212189e+000 -1.336984e+000
-1.018266e+000 -6.940969e+000  1.694726e+001  2.607386e-001 -2.675114e+001 -1.453016e+001 -3.499162e+000 -7.492223e+000 -9.255185e+000 -1.048689e+001  5.547994e+000 -1.482684e+001  6.373272e+001  2.966206e-001  3.006174e+000  2.532865e-001  1.955279e+000  2.845737e+000 -1.277032e+000 -5.966638e-001 -1.174359e+000 -1.495512e+000 -2.906081e-001 -2.536312e+000  2.124171e+000 -3.912703e+000 -5.040946e-001  1.446800e+000 -1.255370e+000  4.938003e-001  1.672072e+000  2.086425e-001 -6.645671e-001 -2.686572e-002  3.327428e-001  2.651888e-001 -7.428162e-002  1.098257e+000 -1.737861e+000
 6.078860e-001 -2.928790e+000  2.015812e+001  1.562530e+000 -2.631007e+001 -1.648616e+001 -1.173521e+000 -5.910197e+000 -1.365360e+001 -9.113844e+000  5.660809e-001 -1.384507e+001  5.800957e+001 -7.906792e-002  5.054829e+000 -1.894060e+000  2.739628e+000  5.438918e+000  5.016265e-001 -6.449738e-001 -1.015677e+000 -1.243040e+000  5.186533e-001 -2.810869e+000  2.850847e+000 -6.797900e+000 -9.492795e-001  4.096286e-001 -1.511761e+000 -2.655563e-001  1.292295e+000  8.087392e-001 -8.726152e-001 -4.946816e-003  8.131534e-001  1.006349e-001  2.054816e-001  7.554750e-001 -1.380143e+000
-1.695580e+000  2.940603e+000  1.898964e+001  5.438061e+000 -1.285347e+001 -1.606195e+001 -1.152393e+001 -4.221878e+000 -1.369110e+001 -8.741582e+000 -6.795222e-001 -4.749843e+000  5.211744e+001 -1.589206e+000  4.591762e+000 -3.027452e+000  1.063276e+000  6.472031e+000  1.341384e+000 -2.476325e+000 -1.571663e+000 -7.718579e-001  1.645377e-001 -2.990347e+000  2.756005e+000 -8.146109e+000 -1.023337e+000 -8.756772e-001 -1.058462e+000 -9.009886e-001 -5.532827e-002  8.364648e-001  2.619573e-002  2.117852e-001  1.235796e+000  3.876093e-001  5.550647e-001 -1.693230e-001 -3.134391e-001
-1.418493e+000  1.074009e+001  9.589301e+000  7.504391e+000 -5.241926e+000 -1.004392e+001 -4.749482e+000 -9.248778e+000 -1.435293e+001 -5.997768e+000 -5.317966e+000 -5.425869e+000  3.772191e+001 -2.993734e+000  2.169624e+000 -4.848904e+000 -2.829511e-001  5.263293e+000  1.980837e+000 -2.430546e+000 -1.237613e+000  1.436293e+000  4.429751e-002 -1.688386e+000  3.268290e+000 -7.374747e+000 -7.929367e-001 -2.298729e+000  2.784133e-003 -1.571350e+000 -9.476027e-001  1.605254e-001  6.498194e-001  7.111121e-001  1.183721e+000  4.966247e-001  1.243763e+000 -6.971230e-001  2.045937e+000
-7.951105e+000  9.183396e+000  7.094413e+000  2.606186e+000 -4.925060e+000 -1.104436e+001 -1.409281e+001 -1.368125e+001 -1.276481e+001 -1.122224e+001 -6.461720e+000 -5.256411e+000  3.314601e+001 -3.362730e+000  7.039060e-002 -3.561600e+000 -1.038374e+000  2.656908e+000  2.165687e+000  4.271011e-001 -4.465103e-003  3.343801e+000  1.884616e+000 -3.222298e-001  1.068835e+000 -5.191475e+000 -1.491408e-001 -2.374848e+000  5.411419e-001 -1.419678e+000 -1.035193e+000 -4.404453e-001  1.387076e+000  9.634050e-001  3.921405e-001  5.335130e-001  1.314332e+000 -1.010372e+000  3.858443e+000
-1.123302e+001  4.797932e+000  1.861211e+000  1.563712e+000 -3.957812e+000 -9.090773e+000 -1.204181e+001 -7.368575e+000 -6.935282e+000 -7.652028e+000 -4.984752e+000  2.749667e+000  3.062155e+001 -3.156989e+000 -4.178131e+000 -1.613065e+000 -4.066296e+000  2.608465e+000  8.921020e-001  1.152410e+000  1.756284e+000  2.617734e+000  2.141737e+000  2.073887e+000  2.088169e-001  1.954470e+000 -1.031221e-001 -1.047551e+000  1.141321e+000 -5.716249e-001 -5.004142e-001 -1.097912e+000  1.135319e+000  7.761415e-001 -6.400397e-001 -2.140870e-001  3.476502e-001 -1.231841e+000  4.006927e+000
-1.360197e+001  6.263636e+000  5.045683e+000  3.216529e+000 -2.109898e-001 -5.710097e+000 -5.742260e+000 -5.184305e+000 -6.809187e-001  1.508630e+000 -2.457278e+000 -3.493437e+000  2.971024e+001 -2.253282e+000 -4.108602e+000 -1.939662e+000 -4.143443e+000  2.623480e+000 -3.164751e-001  2.667575e+000  1.748413e+000  5.981240e-001  1.783383e+000  1.700176e+000 -7.661195e-001  6.481499e+000 -2.250394e-001  4.900416e-001  6.132224e-001  1.841666e-001 -4.196416e-001 -1.233045e+000  1.986143e-001  4.545211e-001 -1.050133e+000 -1.025735e+000 -3.289238e-001 -3.093103e-001  2.739319e+000
-1.437801e+001 -8.690683e+000  2.548341e+000 -1.313226e+001  5.443364e+000 -8.250546e+000 -3.162704e+000 -4.715828e+000 -7.306204e+000 -1.654516e+000  3.049249e+000 -5.263272e+000  4.921215e+001 -4.064068e+000 -9.786343e-001  4.673107e-002 -1.588542e+000  2.777936e+000 -2.267642e+000  2.125811e+000  1.766656e+000 -3.910677e-001 -9.755206e-001 -9.613377e-001 -1.973439e+000  6.823401e+000 -2.817449e-001  2.015906e+000 -2.868128e-003  1.179432e+000 -1.079195e+000 -6.855205e-001 -1.248828e-001 -1.976057e-002 -1.919976e-001 -7.225945e-001 -5.497711e-001  4.763010e-001  6.244755e-002
-1.764502e+001 -4.615304e+000 -2.947460e+000 -1.076304e+001  3.491754e+000 -1.304685e+001 -5.194487e+000 -6.265560e+000 -9.588730e+000 -5.304081e+000 -1.977842e+000 -5.080539e+000  5.625821e+001 -4.034388e+000  9.208503e-001 -1.325386e+000 -1.356418e+000  4.739646e-001 -2.419667e+000  9.334720e-001  2.262955e+000 -4.024622e-001 -1.685428e+000 -4.492364e-001  6.134113e-001  6.070654e+000 -7.282913e-002  1.606459e+000 -2.295232e-001  1.213215e+000 -1.156213e+000  2.438002e-001  4.581017e-002 -1.906792e-001  7.542841e-001  1.033861e-001 -1.668156e-001  7.403077e-001 -1.562146e+000
