35 39
 1.806495e+000  3.586952e+000  1.442088e+001  1.282570e-001 -1.041878e+001 -1.775957e+001 -4.862614e+000 -1.722522e+001 -1.053064e+001 -9.005219e+000 -8.831089e+000  2.084841e+000  4.785114e+001 -1.345271e+000 -1.039614e+000  4.040089e-002  9.143276e-001 -4.766889e-001 -1.912893e-001  8.096931e-001  1.270148e+000 -2.717548e+000 -1.025184e+000 -1.256455e+000  2.004951e+000  2.863642e+000 -1.182773e+000 -6.480698e-002 -1.693976e+000  4.460972e-001  3.478668e-001  1.154080e+000 -1.174045e+000  3.365192e-001  6.331496e-001 -2.721307e-002  3.221298e-001 -8.256351e-001  9.210308e-002
-2.323187e+000  7.089058e+000  1.090927e+001  2.091337e+000 -1.360595e+001 -1.104094e+001 -6.480620e+000 -1.293622e+001 -1.651021e+001 -8.529037e+000 -3.535100e+000  2.821393e+000  5.137098e+001 -2.350911e+000 -7.048799e-001 -2.270909e+000  1.787804e+000 -1.390681e-001  1.321039e+000 -8.122941e-001  1.044954e+000 -7.919590e-001 -1.466794e+000 -7.943905e-001 -1.044954e+000  2.953052e+000 -8.810936e-001  1.624270e-001 -9.906317e-001  4.996404e-001  7.112934e-001  1.165504e+000 -7.879553e-001  3.464634e-002  1.196964e+000 -1.517066e-001  1.761688e-001 -1.746063e+000 -3.696239e-001
-2.848332e+000  6.281404e+000  8.296460e+000  2.878538e+000 -1.295706e+001 -1.642325e+001 -1.012921e+001 -1.674984e+001 -1.728110e+001 -6.521821e+000 -3.597213e+000  4.518859e+000  5.505954e+001 -2.661282e+000  1.060672e+000 -2.800304e+000  1.834388e+000 -1.801736e-001  2.964927e+000 -1.493198e+000  1.993402e+000  4.407414e-001 -1.954392e+000 -3.223338e-001 -3.391303e+000  1.673474e+000 -4.923480e-001  2.547340e-001  9.346332e-002  9.756082e-002  5.115786e-001  1.390904e+000  3.345168e-001  1.401876e-001  9.331509e-001 -2.146369e-001 -1.922293e-001 -1.632231e+000 -8.640538e-001
-6.861919e+000  7.734165e+000  3.362686e+000  4.608757e+000 -1.215167e+001 -1.099495e+001 -1.132314e+001 -1.333636e+001 -1.045424e+001 -1.449965e+001 -5.324677e+000 -7.704568e+000  5.477154e+001 -3.007270e+000  3.678101e-001 -1.222836e+000  1.877593e+000  1.179685e+000  3.921976e+000 -4.513216e-002  1.548277e+000  9.847450e-001 -2.059388e+000 -1.890996e+000 -4.436277e+000  4.380417e-001 -1.574297e-001 -3.176289e-001  6.405331e-001 -4.542709e-001  6.931721e-001  8.805681e-001  1.144619e+000  5.699236e-002  1.345822e-001  3.040696e-001 -1.337681e-001 -2.362542e-001 -7.144393e-001
-9.230551e+000  8.567760e+000  4.192652e+000  8.041488e+000 -1.204679e+001 -2.957926e+000 -9.907347e+000 -7.058141e+000 -1.135492e+001 -1.579187e+001 -9.547970e+000 -9.608694e+000  5.451823e+001 -3.478832e+000 -3.022886e-001 -1.631875e-002  1.357238e+000  1.421828e+000  5.462763e+000  2.098696e+000  1.719424e+000  1.059855e+000 -1.802071e+000 -1.669299e+000 -4.460542e+000 -1.991219e-001  1.858621e-001 -7.594879e-001  6.168607e-001 -7.357169e-001  6.013151e-001 -1.612148e-001  9.339013e-001 -2.950173e-001 -2.284396e-003  9.578027e-001  1.794630e-001  7.725965e-001 -2.153670e-001
-1.416843e+001  7.784930e+000  6.846993e+000  8.897825e+000 -8.162666e+000  1.836282e+000 -6.817213e+000 -1.004069e+001 -1.454957e+001 -1.419096e+001 -1.001470e+001 -1.229621e+001  5.383184e+001 -2.729285e+000 -1.611544e+000 -4.602360e-001 -2.449748e-001  2.525792e+000  4.474962e+000  3.114853e+000  1.466904e+000 -4.286049e-001 -2.260599e-002 -7.897487e-001 -1.691605e+000  3.171535e-001  7.426738e-001 -3.151350e-001  2.778138e-001 -9.045637e-001 -1.932334e-001 -1.282750e+000  1.060681e-001 -2.811533e-001 -3.257608e-002  9.725572e-001  6.113926e-001  1.352053e+000  2.028532e-001
-1.658924e+001  4.744578e+000  6.472713e+000  7.520192e+000 -7.842422e+000  4.474953e+000 -1.888693e+000 -9.800555e+000 -9.934155e+000 -1.568653e+001 -9.598693e+000 -1.548803e+001  5.453378e+001 -1.870964e+000 -1.747091e+000 -9.730081e-002 -7.829129e-001  2.153348e+000  1.882360e+000  1.596316e+000  5.590025e-001  1.135994e+000  1.816231e+000  2.435722e-002 -9.006563e-001  6.570832e-001  1.167200e+000  4.151177e-001  1.586415e-001 -7.047445e-001 -9.466314e-001 -2.239984e+000 -6.984115e-001 -5.519271e-001 -1.061400e-001  6.322317e-001  4.508933e-001  1.438334e+000  3.551710e-001
-1.682900e+001  1.588037e+000 -7.852452e-002  3.644531e+000 -1.624892e+000  7.663421e+000  2.417998e-001 -4.630631e+000 -1.330764e+001 -1.466535e+001 -9.248058e+000 -1.322293e+001  5.634954e+001 -9.783478e-002 -4.854638e-001  2.067235e-001 -1.575151e+000 -1.522429e-001 -7.015738e-001  7.363988e-001  7.227221e-001  7.837949e-001  9.942467e-001  3.191385e-001  5.440451e-001  1.024205e+000  1.173132e+000  8.623991e-001  2.815645e-001 -2.820750e-001 -1.709877e+000 -2.374279e+000 -9.663385e-001 -8.550354e-001 -1.691221e-001 -2.408124e-002  3.760285e-001  7.946014e-001  3.255759e-001
-1.725508e+001  2.930753e+000  7.168907e+000  6.753571e+000 -4.548933e+000  3.540303e+000 -5.455275e+000 -6.968156e+000 -6.295909e+000 -6.473515e+000 -9.809506e+000 -1.364862e+001  5.654480e+001  1.041444e+000  1.210260e+000  4.434089e-001 -1.501397e+000 -1.972312e+000 -3.148891e+000 -2.041342e-001 -6.681198e-001 -7.704516e-002  8.506612e-001  3.072395e-002  1.613305e+000  1.223207e+000  1.000125e+000  4.092558e-001  1.394417e-001 -3.329825e-001 -1.461177e+000 -1.594084e+000 -5.258262e-001 -8.494473e-001 -6.158181e-001 -3.925497e-001  4.300682e-001  5.222455e-001  4.041535e-001
-1.432468e+001  6.264524e+000  7.532514e+000  1.405383e+000 -1.057063e+001 -1.204262e+000 -1.351928e+000 -7.843275e+000 -1.244972e+001 -1.382623e+001 -8.313604e+000 -1.049569e+001  5.794736e+001  1.680173e+000  1.221776e+000  6.772318e-001 -1.296108e+000 -3.960764e+000 -4.880805e+000 -8.166143e-001 -2.194711e+000 -6.676957e-001  3.397726e-001  1.087211e+000  1.024421e+000  1.661971e+000  5.265682e-001 -5.363453e-001  3.923692e-001 -5.908413e-001 -2.893539e-001 -7.064492e-001 -1.919499e-001 -8.390556e-001 -2.702810e-001  1.136150e-001  8.652212e-002  2.027969e-001  3.947140e-001
-1.263418e+001  8.457633e+000  4.884238e+000  1.132781e+000 -1.323112e+001 -6.835660e+000 -2.112500e+000 -1.153483e+001 -1.074834e+001 -1.185278e+001 -9.912300e+000 -8.785120e+000  5.985091e+001  2.240658e+000 -5.544314e-001  3.646534e-001 -2.587347e+000 -3.248278e+000 -3.998446e+000 -2.563090e-001 -2.229517e+000 -1.217351e+000  1.807192e-001  1.790662e+000  1.470383e+000  2.358968e+000  1.972072e-001 -1.208179e+000  9.775324e-001 -1.278159e+000  1.020247e+000  6.176653e-002  4.251085e-001 -4.645743e-001  1.060061e-001  3.745441e-001 -3.966064e-001  2.072345e-001  1.980310e-001
-1.073859e+001  4.933479e+000  4.449969e+000 -2.561213e-002 -1.708762e+001 -1.155262e+001 -5.512659e+000 -1.332085e+001 -1.441991e+001 -1.027686e+001 -3.760609e+000 -1.053257e+001  6.300634e+001  1.935399e+000 -2.284845e+000  2.207947e+000 -3.986382e+000 -9.610295e-001 -3.809042e+000 -1.972633e-001 -2.691857e+000  2.542591e-003  1.897292e+000 -1.282199e-001  1.629490e+000  2.429895e+000 -1.164022e-001 -9.269976e-001  1.251151e+000 -1.553891e+000  1.959759e+000  5.928472e-001  8.522722e-001 -8.623383e-002  3.712062e-001  5.051782e-001 -1.058622e+000  4.170667e-001 -1.806747e-001
-7.844839e+000  8.241184e-001  1.053345e+001 -5.467667e+000 -1.753183e+001 -1.127775e+001 -4.656455e+000 -1.537696e+001 -1.139757e+001 -7.344604e+000 -3.132694e+000 -6.278266e+000  6.581015e+001  1.899867e+000 -3.077325e+000  4.565713e+000 -6.547055e+000  1.629054e+000 -3.375940e+000  1.611732e+000 -2.742419e+000  1.178662e-001  1.944622e+000 -1.344593e+000  2.346943e+000  1.829401e+000 -4.184502e-001 -1.121075e-001  7.852298e-001 -9.411512e-001  1.654134e+000  6.891234e-001  5.991244e-001  2.376775e-001  2.703264e-001  2.378992e-001 -1.046115e+000  5.272055e-002 -5.258988e-001
-7.042354e+000 -1.342944e+000  1.574765e+001 -1.522630e+001 -1.322542e+001 -1.802843e+001 -1.066267e+000 -1.938150e+001 -1.211239e+001 -6.593855e+000 -1.234451e+001 -3.601667e+000  6.711721e+001  1.268558e+000 -2.151765e+000  4.832456e+000 -7.085709e+000  3.399362e+000 -2.227822e+000  2.510726e+000 -2.369430e+000  5.207267e-001  1.983713e+000 -2.638270e+000  2.671475e+000  1.023381e+000 -4.527389e-001  4.483690e-001 -2.276031e-001  1.231471e-001  6.476099e-001  9.852915e-001  9.620601e-002  6.880977e-001  1.121945e-001 -2.751745e-001 -1.444118e-001 -5.060418e-001 -5.987876e-001
-4.982964e+000 -3.790779e+000  2.206397e+001 -2.400215e+001 -7.016948e+000 -2.047745e+001  3.722966e+000 -2.221660e+001 -1.131277e+001 -3.971177e+000 -1.234331e+001 -5.158582e-001  6.694247e+001  4.818273e-001 -1.181509e+000  2.978548e+000 -5.743440e+000  2.842195e+000 -1.343439e+000  1.385319e+000 -1.202343e+000 -1.248108e-001  1.327005e+000 -2.184889e+000  1.212993e+000  4.327309e-001 -4.216445e-001  5.065093e-001 -1.080866e+000  1.234044e+000 -4.954410e-001  8.517349e-001 -5.651265e-001  8.413732e-001  2.408005e-001 -5.033622e-001  3.299594e-001 -1.269680e+000 -4.476661e-001
-5.826736e+000 -3.517898e+000  2.284699e+001 -2.618691e+001 -5.348248e+000 -1.809188e+001  2.851259e+000 -2.174818e+001 -1.185868e+001 -2.045008e+000 -1.234665e+001 -5.639750e-002  6.755708e+001  3.807244e-001 -9.909077e-001  1.863515e+000 -3.772454e+000  1.670449e+000  1.011646e-001  3.969737e-001 -2.140636e-002  6.848537e-001  8.302281e-001 -4.301310e-001 -3.337437e-001  1.342918e-001 -1.480747e-001  6.788979e-002 -1.212134e+000  1.653481e+000 -1.229550e+000  3.431842e-001 -6.018181e-001  6.556786e-001  2.834175e-001 -5.865030e-001  4.370589e-001 -1.739770e+000 -2.995459e-001
-6.043511e+000 -3.995949e+000  2.187651e+001 -2.870456e+001 -7.259436e+000 -1.796322e+001  3.113752e-001 -2.020533e+001 -1.214848e+001 -2.984001e+000 -1.405607e+001 -1.985935e+000  6.775387e+001  2.355607e-001 -1.125207e+000  6.458546e-001 -2.033461e+000  1.630521e-002 -2.817581e-001 -1.570239e-001  2.904358e-001  1.239805e+000  4.552841e-003 -7.988650e-001 -2.498846e+000  3.561478e-002  1.068223e-001 -2.754807e-001 -9.927748e-001  1.658828e+000 -1.248507e+000 -1.297611e-001 -7.307247e-002  3.383016e-001  2.035760e-001 -3.642746e-001  1.548865e-001 -1.491825e+000 -1.933282e-001
-4.608458e+000 -6.194897e+000  2.515895e+001 -3.173737e+001 -4.751927e+000 -1.877973e+001  2.624397e+000 -2.049416e+001 -8.270267e+000 -2.936303e+000 -1.363879e+001 -4.535347e+000  6.738297e+001  6.513174e-001 -1.840467e+000 -6.186466e-002 -6.732922e-001 -1.335441e+000 -1.042742e+000  2.728066e-001  1.625734e-001  1.255506e+000 -2.875761e-001 -1.145987e+000 -4.171456e+000 -2.757904e-001  2.025584e-001 -3.181440e-001 -1.044283e+000  1.561809e+000 -8.920138e-001 -4.646757e-001  2.774738e-001  2.593193e-001 -2.627915e-001 -1.060953e-001 -1.741511e-002 -8.051134e-001 -1.073489e-001
-4.414299e+000 -8.078314e+000  2.413726e+001 -3.139423e+001 -7.233583e+000 -2.154232e+001  3.051278e+000 -2.139143e+001 -6.907943e+000 -3.502766e+000 -1.569157e+001 -1.077061e+001  6.720760e+001  8.806424e-001 -2.134133e+000 -1.022636e+000  1.001118e+000 -1.897392e+000 -1.420291e+000  1.082040e+000  3.971748e-001  6.077428e-001  6.453459e-002 -1.052528e+000 -4.327278e+000 -3.288689e-001  2.680911e-001 -1.390339e-001 -9.747208e-001  1.314607e+000 -1.520399e-001 -2.466217e-001  3.017790e-001  4.580211e-001 -4.538682e-001  2.075693e-001  3.438540e-001  2.153873e-001 -2.289543e-002
-3.384755e+000 -1.067905e+001  2.140729e+001 -2.820854e+001 -1.203838e+001 -2.151604e+001  2.845341e+000 -2.034226e+001 -8.201414e+000 -3.223506e+000 -1.725883e+001 -1.652134e+001  6.645126e+001  1.070976e+000 -2.077165e+000 -2.523654e+000  2.519300e+000 -1.832771e+000 -1.652947e+000  1.164811e+000  1.221821e+000 -3.130726e-001  2.697608e-001 -3.903750e-001 -3.445094e+000 -2.202110e-001  2.189784e-001  1.744842e-001 -7.970825e-001  9.100149e-001  6.098184e-001 -2.244043e-002  5.489168e-002  5.555904e-001 -1.581062e-001  2.696572e-001  5.703959e-001  9.165571e-001  6.995986e-002
-2.252151e+000 -1.242454e+001  1.863916e+001 -2.546338e+001 -1.310317e+001 -2.369652e+001  5.611102e+000 -1.829541e+001 -9.144197e+000 -2.517726e+000 -1.750869e+001 -1.762933e+001  6.657538e+001  1.366187e+000 -1.702028e+000 -2.996855e+000  2.943280e+000 -4.952295e-001 -1.209764e+000  9.058688e-001  2.050918e+000 -2.452462e-001  7.637309e-001  5.425991e-001 -1.785090e+000 -1.066521e-001  1.607937e-001  3.570156e-001 -4.426434e-001  3.099152e-001  9.196351e-001  1.900299e-001 -2.990844e-001  2.835811e-001  3.603110e-001  2.351957e-002  5.099598e-001  9.285008e-001  5.599213e-002
-3.346536e-001 -1.440761e+001  1.528973e+001 -2.210629e+001 -1.098099e+001 -2.596736e+001  7.168540e+000 -1.593307e+001 -8.717503e+000 -2.080019e+000 -1.468210e+001 -1.833146e+001  6.659803e+001  1.503437e+000 -1.184099e+000 -3.060168e+000  2.905701e+000  1.012569e+000 -1.260207e+000  6.353505e-001  2.113654e+000  8.914696e-001  7.111115e-001  9.084287e-001 -8.597649e-001 -3.709946e-002  2.923226e-002  3.876265e-001  3.746748e-004 -2.967705e-001  7.971426e-001  3.796182e-001 -4.531576e-001 -1.500919e-001  5.557438e-001 -1.314897e-001  5.714617e-002  6.511686e-001  2.062653e-002
 8.915856e-001 -1.472417e+001  1.221177e+001 -1.972895e+001 -1.023843e+001 -2.536547e+001  5.419022e+000 -1.334144e+001 -7.876130e+000 -2.558547e-001 -1.426694e+001 -1.879100e+001  6.660096e+001  1.468380e+000 -7.955878e-001 -2.967596e+000  2.357493e+000  1.278113e+000 -6.665117e-001 -1.486520e-001  1.369164e+000  1.807027e+000 -3.854293e-002  8.478691e-001 -9.774391e-001 -1.404640e-001 -1.686053e-001  2.942876e-001  2.364120e-001 -6.543062e-001  4.618108e-001  3.988697e-001 -3.659687e-001 -4.540825e-001  2.830001e-001 -2.698098e-001 -3.234977e-001  3.636502e-001  4.370521e-002
 2.560562e+000 -1.544973e+001  9.320148e+000 -1.654725e+001 -8.407907e+000 -2.698259e+001  6.118134e+000 -1.225098e+001 -4.378099e+000 -7.988839e-001 -1.433756e+001 -2.023933e+001  6.625298e+001  1.166041e+000 -5.922519e-001 -2.536409e+000  1.328341e+000  1.266271e+000 -2.648201e-002 -5.737168e-001  8.122379e-001  1.439510e+000  1.344898e-002 -2.572791e-001 -5.930771e-001 -1.001724e-001 -3.540337e-001  2.009539e-001  3.742438e-001 -8.198233e-001  1.519128e-001  4.982401e-001 -2.696092e-001 -4.457202e-001 -2.610009e-001 -2.110811e-001 -3.959205e-001  3.077487e-001  1.134163e-001
 3.642143e+000 -1.588142e+001  6.785967e+000 -1.645544e+001 -7.999147e+000 -2.652146e+001  5.393045e+000 -1.329064e+001 -2.278766e+000 -3.351008e+000 -1.344161e+001 -2.156259e+001  6.604559e+001  6.918591e-001 -5.265131e-001 -2.076674e+000  4.604288e-001  1.686974e+000  1.677221e-001 -3.194413e-001  4.312132e-001  8.957338e-001 -2.364870e-001 -4.920357e-001 -1.001829e-001  1.434105e-001 -4.440747e-001  1.928642e-001  4.331926e-001 -6.738841e-001  1.147133e-001  3.652593e-001 -1.083474e-001 -2.461357e-001 -4.576288e-001 -8.186247e-002 -2.209847e-001  3.471258e-001  1.711037e-001
 4.120270e+000 -1.679025e+001  5.320585e+000 -1.710135e+001 -5.769275e+000 -2.552178e+001  4.312944e+000 -1.189728e+001 -4.318635e+000 -4.651969e-001 -1.638116e+001 -1.991105e+001  6.637486e+001  1.215292e-001 -3.138670e-001 -1.634410e+000 -2.448833e-001  1.567703e+000  8.138760e-001 -6.273008e-001  3.540283e-001  4.211135e-002 -2.453220e-001 -4.012215e-001  2.403505e-001  3.880447e-001 -3.799205e-001  2.345871e-001  4.342630e-001 -3.835658e-001  6.100360e-002  1.771352e-001 -2.424552e-002 -2.026351e-001 -1.916082e-001 -1.309650e-001  1.635242e-001  1.822903e-001  1.172692e-001
 3.571027e+000 -1.668648e+001  3.828184e+000 -1.714976e+001 -3.122875e+000 -2.525727e+001  4.724410e+000 -1.136222e+001 -3.427193e+000 -1.605133e+000 -1.570532e+001 -1.945606e+001  6.725707e+001 -2.297373e-001  2.954083e-002 -1.252633e+000 -2.253153e-001  1.700963e+000  7.396061e-001 -6.635970e-001  3.675904e-001  2.175818e-001 -3.184698e-001 -1.850833e-001  3.414761e-001  4.709457e-001 -2.217137e-001  2.709138e-001  4.341952e-001 -1.612471e-001 -8.502223e-002  1.381169e-001 -5.309925e-002 -2.318200e-001  1.591451e-001 -8.558270e-002  2.993451e-001  9.024185e-002  1.896650e-004
 3.203766e+000 -1.661653e+001  2.626989e+000 -1.742451e+001 -3.007527e+000 -2.354531e+001  3.315947e+000 -1.144505e+001 -3.593329e+000 -2.898431e+000 -1.521182e+001 -2.009084e+001  6.758746e+001 -2.727638e-001  3.026567e-001 -7.771146e-001 -2.466160e-001  1.564294e+000  5.732519e-001 -5.228665e-001 -1.691261e-001  8.205450e-001 -6.003846e-001  4.068659e-001  9.754505e-002  3.224060e-001 -6.833750e-002  2.593333e-001  4.308379e-001 -3.816712e-002 -9.987237e-002  8.508363e-002  2.201831e-003 -2.190536e-001  3.816979e-001 -2.400609e-002  2.999327e-001  2.212892e-001 -8.472817e-002
 2.951709e+000 -1.582057e+001  1.869599e+000 -1.742043e+001 -8.752068e-001 -2.381167e+001  2.573559e+000 -1.167880e+001 -1.553509e+000 -3.726740e+000 -1.495170e+001 -1.976532e+001  6.779401e+001 -2.195629e-001  5.197940e-001 -3.343455e-001 -3.449404e-001  1.263567e+000  9.786184e-001 -6.371547e-001 -4.663095e-001  1.302243e+000 -4.868692e-001  6.006461e-001  4.224291e-001  1.771782e-001 -2.419381e-002  2.184585e-001  3.685078e-001 -4.324577e-002 -2.706384e-001  1.694579e-001 -1.249350e-001 -1.154477e-001  1.928898e-001 -2.452433e-002  2.366802e-001  3.888054e-001 -1.131731e-001
 3.066110e+000 -1.570992e+001  2.414305e+000 -1.819909e+001  9.283618e-001 -2.337832e+001  2.774037e+000 -1.258462e+001 -1.152752e+000 -2.406317e+000 -1.472364e+001 -1.926870e+001  6.771841e+001 -2.252454e-001  7.376729e-001  6.063551e-002 -3.759064e-001  1.287039e+000  1.119788e+000 -6.295128e-001 -3.242895e-001  1.408270e+000 -2.811527e-001  7.055775e-001  1.306320e+000  1.112877e-001 -8.355266e-002  2.002330e-001  2.327775e-001 -8.311367e-003 -3.895017e-001  1.011563e-001 -2.982947e-001  9.919956e-002 -1.742143e-001 -5.504002e-002  3.485217e-002  6.491795e-001 -8.508499e-002
 2.542040e+000 -1.454082e+001  2.262799e+000 -1.848717e+001  1.227015e+000 -2.044767e+001  1.809592e+000 -1.312398e+001  1.863732e+000 -4.285537e+000 -1.294617e+001 -1.775498e+001  6.807748e+001 -3.744655e-001  9.043255e-001  1.710309e-001 -3.768989e-001  4.863982e-001  1.313627e+000 -1.234949e+000 -1.320663e-001  8.881683e-001 -6.007074e-001  8.489618e-001  1.681115e+000  1.063919e-002 -1.082659e-001  1.063043e-001  2.241634e-001 -4.289959e-002 -3.670267e-001 -3.192758e-001 -3.252270e-001  3.027306e-001 -5.159398e-001 -1.912705e-001 -7.734352e-002  7.184985e-001 -8.613075e-002
 2.282373e+000 -1.356804e+001  2.733567e+000 -1.877067e+001  2.376558e+000 -1.962837e+001  5.503671e-001 -1.234390e+001  1.739403e+000 -4.024796e+000 -1.268669e+001 -1.456441e+001  6.800216e+001 -6.130758e-001  1.111556e+000  1.340845e-001 -2.721935e-001  5.370128e-003  9.115289e-001 -1.715443e+000  1.597501e-001  1.565109e-001 -8.186656e-001  4.569689e-001  2.714099e+000 -1.974945e-002 -4.252215e-002 -4.905033e-003  3.742235e-001 -1.385637e-001 -2.076912e-001 -6.837161e-001 -2.889063e-001  4.665107e-001 -6.443944e-001 -1.911022e-001 -1.421472e-001  6.657183e-001 -1.302530e-001
 1.471250e+000 -1.236988e+001  2.565122e+000 -1.901914e+001  8.326859e-001 -1.911851e+001 -2.489352e+000 -1.245949e+001  1.441255e+000 -5.921037e+000 -1.172537e+001 -1.371188e+001  6.770534e+001 -5.669771e-001  8.643738e-001  7.497469e-001 -6.112947e-001  6.926815e-002 -5.136312e-001 -1.720325e+000  8.053236e-001 -6.515766e-001 -1.174465e+000  3.382328e-001  3.311032e+000 -1.879570e-001  5.594963e-002  2.121609e-001  4.702951e-001  1.516743e-001  1.178138e-002 -4.855395e-001 -4.585935e-001  8.712056e-001 -7.030441e-001  1.860105e-002 -8.558035e-002  4.569347e-001 -3.928057e-001
 5.361264e-001 -1.123761e+001  2.933566e+000 -1.929407e+001  1.152377e+000 -1.948526e+001 -3.653705e+000 -1.211812e+001 -1.589587e-001 -5.681895e+000 -1.304920e+001 -7.719750e+000  6.780574e+001 -3.416004e-001  7.331236e-001  1.642395e+000 -9.515268e-001  4.571484e-001 -1.385163e+000 -1.831356e+000  1.539569e+000 -1.043829e+000 -9.497846e-001  2.502062e-001  3.819954e+000 -4.406792e-001  2.076734e-001  9.300147e-001  3.903065e-001  1.014531e+000 -1.019322e-001  3.558961e-001 -6.951190e-001  6.694018e-001 -7.002597e-001  1.871585e-001  3.261630e-001 -2.785831e-001 -1.272795e+000
 5.802777e-001 -1.138417e+001  5.911534e+000 -2.128194e+001  2.185447e+000 -2.308738e+001 -4.689997e+000 -9.210257e+000 -4.449710e-001 -9.329313e+000 -1.107376e+001 -4.622154e+000  6.723591e+001 -2.304551e-001  2.154346e+000  1.768351e+000  7.211391e-001  3.194160e-001  3.427601e-002 -3.469960e+000  3.534052e+000 -2.026882e+000 -4.421426e-001  5.244414e-001  3.412862e+000 -1.742924e+000  3.008705e-002  1.401727e+000 -1.042570e-001  2.003271e+000 -5.437093e-001  1.475871e+000 -2.827413e-001 -2.002638e-001 -4.745145e-001  5.345265e-001  5.390864e-001 -7.697502e-001 -2.112129e+000
