36 39
-1.793625e+001  4.876917e-002 -1.913573e+000 -2.212848e+000 -2.074914e+000 -2.797009e+000  3.970470e+000  4.982643e+000  6.331585e+000  1.075247e+001  2.710178e+000  2.302255e+000  2.935609e+001 -5.695402e-001 -4.636078e-001  1.331850e+000 -3.811901e-001 -1.178974e+000  1.503420e+000  3.289377e+000  1.488902e-001  1.466251e+000  1.399907e+000 -1.145079e+000 -2.170832e+000  3.937706e-001  1.623354e+000 -3.522080e-001  3.409528e-001 -1.931361e+000 -2.170841e+000 -1.917617e-001 -4.467250e-001 -1.255704e+000 -2.372440e+000 -1.794462e+000 -1.616529e+000 -2.543801e-001  1.830201e+000
-1.781546e+001 -2.235857e+000  8.004061e-001 -3.496924e+000 -8.269962e+000 -4.774889e+000 -9.203158e-001 -1.745551e+000  3.028524e+000  5.163583e+000  2.586732e+000 -5.770543e-001  3.007594e+001  1.327786e+000  4.117931e-001  1.943275e+000 -1.511690e+000 -1.469358e+000  2.553385e+000  2.468182e+000 -1.327491e+000 -2.188273e+000 -1.111706e+000 -2.178913e+000 -1.843706e+000  1.856298e+000  1.479508e+000 -7.617084e-001  3.751907e-001 -1.993694e+000 -1.301219e+000 -5.453318e-001 -7.556783e-001 -7.772454e-001 -2.049272e+000 -9.275693e-001 -1.091314e+000 -1.434943e-001  2.331196e+000
-1.716096e+001 -5.929412e-001  3.238026e+000 -3.944447e+000 -7.966022e+000 -3.780348e+000  5.311313e+000  1.183708e+000  6.928753e+000  4.854504e+000 -6.617328e+000 -6.271320e+000  3.143585e+001  3.771434e+000 -2.885484e+000  2.297590e+000 -4.843499e+000 -3.992063e+000  6.403432e-001 -3.768498e-001 -2.542846e+000 -5.731904e+000 -1.902732e+000 -3.624647e+000 -1.838944e+000  5.830628e+000  7.426199e-001 -1.155065e+000  2.092432e-001 -1.608016e+000 -6.487569e-001 -9.874656e-001 -1.069083e+000 -3.378679e-001 -1.357860e+000 -2.401878e-002  8.598845e-002  2.553287e-001  2.424549e+000
-1.030186e+001  2.514260e+000  3.408254e+000 -6.254567e+000 -7.367375e+000  4.055644e+000  6.225582e+000 -5.445184e+000 -6.538201e+000  8.948331e-001 -5.334467e+000 -3.793498e+000  3.724452e+001  3.502400e+000 -3.827917e+000  2.233876e+000 -6.050397e+000 -3.816114e+000 -2.977089e-001  3.726649e-001 -1.734274e+000 -4.845850e+000 -3.275035e-001 -2.685568e+000 -1.448194e+000  8.304998e+000 -5.052694e-001 -8.195870e-001 -1.770294e-002 -5.990108e-001  2.197325e-002 -1.335535e+000 -6.448681e-001  6.239805e-001  4.927357e-001  9.039356e-001  7.643066e-001  7.064828e-002  1.505395e+000
-2.835880e+000 -1.675371e+001  8.270454e+000 -2.505152e+001 -2.248652e+001 -4.010560e+000 -1.486728e+000 -5.881772e+000 -1.754457e+001  3.373185e+000 -1.145246e+001 -5.284242e+000  5.492494e+001  2.056252e+000 -4.119076e+000  2.232766e+000 -6.151917e+000 -3.249381e+000 -2.008361e+000 -1.008281e+000 -1.337058e+000 -3.994260e+000  8.877124e-001 -4.618096e-001 -1.091945e+000  9.292164e+000 -1.329096e+000  6.281702e-001 -3.666686e-001  1.117950e+000  1.065449e+000 -4.221304e-001 -1.002114e-001  1.171564e+000  1.573202e+000  7.535835e-001  1.045198e+000  1.320934e-002 -4.318888e-001
-7.466005e+000 -1.329506e+001  9.453570e+000 -2.319537e+001 -2.009028e+001 -6.148327e+000  4.342029e+000 -6.884179e+000 -8.964064e+000  4.266725e+000 -8.423542e+000 -8.311563e+000  5.985639e+001 -3.409706e-001 -3.069346e+000  1.887172e+000 -3.852535e+000 -1.730833e+000 -2.799939e+000 -4.404427e-001  1.189517e+000 -5.934156e-001  2.012750e+000  6.120200e-002 -1.863964e+000  7.652506e+000 -9.920781e-001  9.223871e-001 -3.611975e-001  1.636797e+000  1.038389e+000  3.763034e-001 -2.917817e-001  1.192313e+000  1.197681e+000  1.325646e-001  5.007511e-001  1.644618e-002 -1.594986e+000
-8.297624e+000 -1.328366e+001  1.137920e+001 -2.623363e+001 -1.785147e+001 -8.720166e+000  1.211687e+000 -4.782083e+000 -1.182962e+001  7.607121e+000 -7.381838e+000 -9.472011e+000  6.659073e+001 -9.523609e-001 -1.239183e-001  6.375986e-001 -3.526821e-001  2.925432e-001 -2.191938e-001 -4.713528e-001  1.853077e+000  7.891846e-003  6.950591e-001  2.279576e-001 -1.565012e+000  3.997430e+000 -3.453225e-001  8.605149e-001 -2.838577e-001  1.486004e+000  6.082373e-001  9.310140e-001  2.213678e-002  7.651511e-001  8.264968e-001 -4.395141e-001 -1.652481e-001  1.243970e-001 -2.037447e+000
-9.275839e+000 -1.456749e+001  1.128974e+001 -2.492619e+001 -1.833907e+001 -7.589250e+000  2.674161e+000 -4.744299e-002 -1.236275e+001  8.841618e+000 -7.063766e+000 -1.101943e+001  6.967416e+001  4.631567e-002 -1.213560e+000  1.225472e+000 -7.660284e-001 -3.951298e-001  6.892244e-001 -1.354707e+000  2.632225e+000 -8.585225e-001  4.316462e-001 -5.266958e-001 -1.129430e+000  2.977433e+000  1.691253e-001  5.280374e-001 -2.702700e-001  6.910100e-001 -6.007835e-002  5.854312e-001 -1.907856e-001 -5.070794e-001  1.382633e-001 -8.922258e-001 -4.204771e-001  2.917670e-001 -1.693362e+000
-6.692767e+000 -1.673708e+001  1.054036e+001 -2.594953e+001 -2.189941e+001 -4.386067e+000 -3.009558e+000 -3.475240e-002 -1.580576e+001  4.561034e+000 -1.099256e+001 -1.175536e+001  7.000321e+001  1.359971e-001 -7.443941e-001  1.144328e+000 -2.651493e-001 -8.760456e-001  9.021273e-001 -4.404642e-001  1.767344e+000  2.707771e-001 -5.193059e-001 -9.941010e-001 -8.372272e-001  1.442467e+000  1.256618e-001  2.747129e-001 -2.757498e-001  1.232099e-001 -4.068793e-001 -2.251827e-001 -1.576665e-001 -1.200003e+000  1.020096e-001 -5.911962e-001 -3.123099e-001  3.887260e-001 -1.066455e+000
-8.036855e+000 -1.763615e+001  1.600035e+001 -2.716757e+001 -2.004196e+001 -4.869255e+000 -3.208855e-001  3.903281e+000 -1.126860e+001  7.947999e+000 -9.251662e+000 -1.281703e+001  7.303732e+001 -3.952312e-002 -1.189205e-001  2.824576e-001 -4.412518e-001 -1.446931e+000 -4.334438e-001 -1.409815e+000 -1.303013e+000 -3.354149e-002 -1.841196e+000 -1.430154e+000 -7.690214e-001  4.631760e-001 -2.345900e-002  6.650261e-001 -5.636801e-001  2.681796e-001 -1.484054e-001 -3.594424e-001 -1.457614e-001 -1.425681e+000  1.195239e-001 -2.678746e-001  5.087256e-004  6.055487e-001 -8.851868e-001
-8.237130e+000 -1.547130e+001  1.474553e+001 -2.643869e+001 -2.138025e+001 -5.569527e+000  5.068893e-001  2.079273e+000 -1.102281e+001  5.457400e+000 -1.125840e+001 -1.275935e+001  7.212148e+001 -2.811325e-001  7.023265e-001 -2.696432e-001  1.009792e-001 -1.215953e+000 -7.837730e-001 -1.232132e+000 -2.179320e+000  1.054492e-001 -1.124501e+000 -8.818625e-001  1.984139e-001 -7.771607e-002  3.891089e-002  5.482491e-001 -3.716862e-001  1.614817e-001  9.274081e-002 -1.045801e-001 -4.481238e-001 -6.423807e-001 -1.248002e-001  4.115893e-001  2.293534e-001  7.703792e-001 -5.361663e-001
-8.701273e+000 -1.579498e+001  1.059945e+001 -2.688787e+001 -2.583330e+001 -9.164739e+000 -6.133137e+000 -7.619521e+000 -1.492194e+001 -8.125458e-001 -1.408162e+001 -1.436255e+001  7.093090e+001  1.375855e-001  1.388210e+000 -8.859432e-001  3.918055e-001 -9.672031e-001 -2.650374e-001 -1.687680e+000 -2.522851e+000 -1.782390e-001 -6.051295e-001 -5.802714e-001  1.380494e+000 -6.884094e-001  8.650341e-002  3.781019e-001  1.264883e-001  7.243456e-002  3.234280e-001  2.639516e-001 -2.368323e-001  5.947607e-001  1.031431e-002  9.187807e-001  4.780116e-001  7.437809e-001 -2.737547e-001
-7.766221e+000 -1.414603e+001  1.189260e+001 -2.558448e+001 -2.508351e+001 -6.157190e+000 -6.264091e+000 -5.169951e+000 -1.345185e+001  3.318803e+000 -1.298689e+001 -9.990537e+000  7.066784e+001  2.419972e-001  1.243286e+000 -1.299025e-001  1.257307e-001 -6.522053e-001  2.950238e-001 -2.542150e+000 -8.346410e-001 -2.808751e-001  9.206071e-001 -2.722754e-001  1.939911e+000 -6.625717e-001  4.167236e-002  1.831537e-001  4.893437e-001 -4.850397e-002  2.035985e-001  3.110608e-001 -2.133461e-001  9.982354e-001  3.839060e-002  6.975335e-001  5.916234e-001  3.850826e-001 -9.826538e-002
-7.584382e+000 -1.135774e+001  1.299710e+001 -2.563564e+001 -2.302635e+001 -5.900610e+000 -5.373797e+000 -5.086359e+000 -1.094528e+001  5.991650e+000 -1.128877e+001 -7.298972e+000  7.032209e+001  1.314290e-001  1.501109e+000  8.450290e-001 -9.145470e-002 -1.116644e-001  3.469158e-001 -1.938967e+000  9.984506e-001  2.111922e-001  1.730153e+000  6.551104e-001  2.079134e+000 -6.131698e-001 -8.367720e-002 -5.008244e-003  6.634318e-001 -1.132405e-002  1.046428e-001  2.318451e-001 -1.504674e-001  8.319877e-001  9.230591e-002  3.903676e-001  6.001800e-001 -6.178844e-002  2.087182e-003
-7.585589e+000 -1.147350e+001  1.289719e+001 -2.643615e+001 -2.604476e+001 -5.726472e+000 -1.258353e+001 -3.360513e+000 -1.441551e+001  6.658338e+000 -1.401620e+001 -6.591579e+000  6.911303e+001 -6.969251e-002  1.561645e+000  1.311589e+000  1.000895e-001 -6.257297e-001  4.655545e-001 -2.173219e+000  1.051206e+000  1.026866e-001  1.195525e+000  1.458563e+000  1.774507e+000 -6.066628e-001 -1.838668e-001 -1.174578e-001  5.667648e-001 -5.812426e-002  1.992804e-001  1.034157e-001  8.277453e-002  8.682199e-002 -3.267286e-002 -7.695023e-002  4.433655e-001 -3.370945e-001 -3.973842e-003
-8.134443e+000 -9.625707e+000  1.432229e+001 -2.691931e+001 -2.591100e+001 -7.645519e+000 -1.266825e+001 -3.531987e+000 -1.338415e+001  6.168454e+000 -1.029141e+001 -5.666359e+000  6.864246e+001 -1.249556e-001  1.203989e+000  1.710470e+000  3.480059e-001 -4.572269e-001  8.089225e-001 -2.624483e+000  6.941646e-001  9.150972e-002  1.209249e+000  1.555209e+000  1.154254e+000 -7.059280e-001 -2.017556e-001 -3.935100e-001  3.879651e-001 -3.298061e-001  3.062902e-001 -1.643289e-001  2.001638e-002 -5.190106e-001 -3.095129e-001 -1.984297e-001 -1.464108e-001 -5.544093e-001 -4.480637e-002
-7.839653e+000 -7.203820e+000  1.778795e+001 -2.444220e+001 -2.676983e+001 -2.956964e+000 -1.348296e+001 -6.911052e-001 -1.171898e+001  9.208027e+000 -6.192753e+000 -1.934309e+000  6.847434e+001 -5.491444e-001  8.045570e-001  2.271201e+000 -3.846208e-001  5.169779e-001  5.810992e-001 -1.785520e+000 -2.483880e-001 -3.843982e-001  7.963079e-001  1.494502e+000  7.168790e-001 -6.360618e-001 -1.447795e-001 -2.945938e-001  1.613403e-001 -4.991281e-001  5.674192e-001 -6.736485e-001  2.140412e-002 -7.859231e-001 -3.351220e-001 -2.330616e-002 -5.577911e-001 -4.072206e-001 -1.079594e-001
-8.082129e+000 -7.472629e+000  1.910407e+001 -2.489259e+001 -2.494995e+001 -3.240752e+000 -1.804650e+001 -2.950240e+000 -1.183599e+001  1.076305e+001 -7.424446e+000 -3.856339e+000  6.711179e+001 -6.376228e-001 -8.789702e-002  2.305048e+000 -1.498130e+000  8.484329e-001 -5.325009e-001 -2.032735e+000 -9.468051e-001 -1.092830e+000  9.376135e-001 -9.491310e-002 -1.640985e-001 -8.225021e-001  1.305671e-002  2.043136e-001 -8.757349e-002 -1.636189e-001  4.584027e-001 -8.420238e-001  1.278028e-001 -6.984692e-001 -1.894863e-001  7.819342e-003 -4.578018e-001  1.673308e-001 -1.978418e-001
-1.035747e+001 -8.527250e+000  2.186231e+001 -2.937261e+001 -2.394039e+001 -5.023360e+000 -1.882201e+001 -4.893327e+000 -1.711158e+001  8.342578e+000 -7.977167e+000 -3.912195e+000  6.669805e+001 -5.372562e-001  7.346193e-001  1.821002e+000 -1.472483e+000  1.558536e+000 -2.231977e+000 -2.362073e+000 -2.057924e+000 -9.807537e-001  1.214812e+000 -5.053309e-001  3.975796e-001 -1.088173e+000  2.528913e-001  7.252831e-001 -3.024815e-001  6.031246e-001  1.799789e-001 -3.943479e-001  3.555977e-001 -2.042389e-001  3.771231e-001 -1.517825e-002 -2.219011e-001  5.427405e-001 -4.565367e-001
-1.006365e+001 -9.403477e+000  2.381035e+001 -3.194475e+001 -2.308355e+001 -9.274825e+000 -2.016240e+001 -6.164902e+000 -1.615199e+001  1.128925e+001 -9.873772e+000 -5.497909e+000  6.541809e+001 -6.561613e-002  2.260526e+000  1.497702e+000  7.384243e-002  1.314008e+000 -1.994659e+000 -1.697193e+000 -1.893414e+000 -5.577441e-001  1.039094e+000  2.661169e-001  2.150558e+000 -1.469082e+000  3.209430e-001  8.908831e-001 -3.577158e-001  9.664600e-001 -2.005035e-001  2.875137e-001  7.758394e-001  1.366163e-001  6.502320e-001 -4.395007e-001  1.350776e-001  4.468992e-001 -7.065361e-001
-9.535173e+000 -2.565300e+000  2.453982e+001 -2.827853e+001 -1.991035e+001 -1.109981e+001 -2.423537e+001 -9.373395e+000 -1.446475e+001  1.501899e+001 -7.494744e+000  8.743737e-001  6.388033e+001  4.293089e-001  3.256761e+000  1.162467e+000  1.845016e+000  1.184085e+000 -6.595615e-001 -1.753023e-001 -7.962782e-001  1.233674e+000  6.696764e-001  2.044818e-001  2.273253e+000 -2.595456e+000  2.832160e-001  9.145650e-002 -2.711017e-001  5.866551e-001 -8.094070e-001  8.186414e-001  1.096425e+000  6.083751e-001  6.068736e-001 -8.836156e-001 -2.201360e-001 -4.467855e-001 -7.524564e-001
-8.821357e+000  8.490251e-001  2.525383e+001 -2.507041e+001 -2.039493e+001 -1.017582e+001 -2.382578e+001 -1.017727e+001 -1.594813e+001  1.262032e+001 -6.335073e+000  4.503165e+000  6.117525e+001  4.838096e-001  3.105448e+000  8.457367e-001  1.675421e+000  3.314095e-002  1.188600e-001  7.530769e-001 -8.945467e-001  1.051116e+000 -9.873223e-001  2.255685e-001  1.132561e+000 -3.601541e+000  1.147310e-001 -6.283361e-001 -2.910023e-001 -1.011203e-002 -1.059947e+000  7.108618e-001  8.317887e-001  2.182779e-001  3.947287e-001 -9.045106e-001 -4.759688e-001 -1.167387e+000 -6.227515e-001
-8.832070e+000  2.630304e+000  2.695290e+001 -2.358470e+001 -1.936428e+001 -7.870669e+000 -1.786683e+001 -6.868532e+000 -1.104514e+001  1.102542e+001 -8.724108e+000  2.453534e+000  5.584219e+001  6.041111e-001  7.694407e-001  7.914759e-001  6.600031e-001 -1.848065e+000  8.044711e-001  1.894916e+000  4.845182e-001  1.249184e+000 -2.190057e+000 -1.585736e+000 -1.327350e+000 -3.784225e+000 -1.218468e-001 -7.513317e-001 -1.292731e+000  5.534135e-001 -2.325260e-001  7.517383e-002  1.648978e-001 -2.176798e-001  1.007328e-001 -6.825973e-001  1.630263e-001 -8.424551e-001 -5.780321e-001
-7.996152e+000  3.525960e+000  2.683249e+001 -2.591457e+001 -2.319088e+001 -1.029510e+001 -1.958129e+001 -1.189007e+001 -1.260622e+001  8.349418e+000 -8.131248e+000 -6.246865e-001  5.142945e+001  4.206376e-001  3.625053e-001  2.281860e-001  6.157886e-001 -2.469652e+000  8.276340e-001  1.426641e+000 -1.442422e+000  1.408144e+000 -2.053592e+000 -1.218618e+000 -1.886076e+000 -3.988454e+000 -4.584102e-001 -5.240852e-001 -2.247648e+000  1.676541e+000  1.403740e+000 -2.301756e-001  1.287245e-001  1.605506e-001  4.286961e-001 -1.277610e-001  1.162742e+000  2.460686e-001 -6.037408e-001
-6.927220e+000 -5.656359e-002  2.770786e+001 -2.455644e+001 -2.775270e+001 -7.017817e+000 -1.688304e+001 -6.094407e+000 -9.889784e+000  6.204154e+000 -1.452534e+001 -3.198449e+000  4.983210e+001 -1.483390e-001  8.715735e-001 -4.992412e+000  5.141899e+000  1.272852e+000 -6.380793e-001  3.124042e-001 -1.610739e+000  1.558824e+000 -2.210176e+000  1.741707e+000 -4.297037e-001 -5.292160e+000 -7.952346e-001 -9.435458e-002 -2.610971e+000  2.025861e+000  2.570917e+000 -3.309404e-001  6.230271e-001  8.085216e-001  8.575196e-001  2.782066e-001  1.770698e+000  1.005184e+000 -5.457429e-001
-7.670594e+000  4.004985e+000  2.601728e+001 -2.150560e+001 -2.854898e+001 -6.464077e+000 -1.718447e+001 -1.777645e+001 -9.485089e+000  4.762991e+000 -9.527548e+000 -2.101225e+000  4.423802e+001 -1.432016e+000  4.339555e-001 -7.500561e+000  7.817179e+000  5.491381e+000 -3.107430e-001  2.187955e+000  9.558352e-001  3.039777e+000 -1.616068e+000  4.375556e+000  1.914081e+000 -5.866278e+000 -7.920655e-001 -3.925866e-001 -1.598854e+000  8.957745e-001  2.229577e+000  1.684992e-001  1.279671e+000  2.025500e+000  8.756361e-001  4.626274e-001  9.364681e-001  7.074747e-001  9.031644e-002
-9.736545e+000  6.748659e+000  2.398448e+000 -7.968792e-002 -1.032097e+001 -1.297657e+001 -1.750322e+001 -1.197904e+001 -4.811587e+000  1.767761e+000  6.825755e-001  1.043285e+000  3.297711e+001 -2.445735e+000  2.619427e-001 -8.399004e+000  7.188612e+000  7.026005e+000 -2.810425e-001  4.629395e+000  3.327997e+000  4.720966e+000 -1.017786e+000  4.470665e+000  1.798494e+000 -5.574028e+000 -3.768299e-001 -5.446183e-001  1.000920e+000 -1.454984e+000  1.379712e-001  8.872315e-001  1.359933e+000  1.728655e+000  4.462544e-001  7.051401e-001 -6.148357e-001 -1.206237e-001  1.136195e+000
-1.375157e+001  2.293126e+000  1.984395e+000  9.329505e-001 -4.449839e+000 -8.869431e+000 -8.331422e+000 -4.168575e+000  5.356685e-002  2.487273e+000  6.142576e+000  6.824849e+000  3.052556e+001 -2.390992e+000 -1.295612e+000 -6.062790e+000  4.071305e+000  5.801657e+000  1.491612e+000  5.666501e+000  6.215708e+000  4.205254e+000 -3.366501e-001  2.099243e+000  5.371985e-001 -3.395938e+000  2.315214e-001 -1.888477e-001  2.215328e+000 -2.490675e+000 -1.560035e+000  8.597004e-001  4.095526e-002  2.601975e-001 -3.297562e-001  5.247535e-001 -1.653211e+000 -8.885452e-001  1.584198e+000
-1.611541e+001  2.109080e+000 -2.270710e+000  1.673429e-001 -4.672243e+000 -7.220353e+000  1.837410e+000  3.741644e+000  8.945721e+000  2.253084e+000 -7.079571e-003  1.330982e+000  2.881819e+001 -1.553001e+000 -9.867342e-001 -7.066985e-001 -2.600854e-001  1.807570e+000  2.896901e+000  5.372794e+000  4.402598e+000  3.207358e+000  6.758159e-001 -1.943154e-001 -3.443812e-001 -8.463535e-001  6.373059e-001 -1.104411e-002  2.368106e+000 -1.940967e+000 -2.031569e+000  5.067247e-001 -1.403908e+000 -1.387284e+000 -1.059520e+000  2.783130e-001 -1.456106e+000 -6.670291e-001  1.459953e+000
-1.643612e+001 -1.532856e-001 -1.962091e+000 -1.272592e+000 -2.365061e+000 -1.884130e+000  1.477721e+000  5.441749e+000  4.662526e+000  2.837079e+000  1.313496e+000  4.409188e-001  2.933779e+001 -7.207767e-001  1.140554e-001 -2.700744e-001 -9.118477e-001  3.004260e-001  2.398787e+000  2.021032e+000  1.719522e+000  2.147800e+000  1.608979e-001 -1.558008e+000 -1.457208e+000 -3.091263e-001  5.761832e-001  1.345143e-001  1.523330e+000 -8.360331e-001 -1.512316e+000 -5.689926e-002 -2.034970e+000 -2.310459e+000 -1.019640e+000 -1.662022e-001 -7.680748e-001 -1.266873e-002  8.320677e-001
-1.615927e+001  3.038194e+000  8.381989e-001 -2.773437e-001 -2.325511e+000 -1.984721e+000  4.456179e+000  5.228790e+000  8.920722e+000  4.971938e+000  2.125539e+000  2.513345e+000  2.933923e+001 -9.431305e-002 -4.981116e-001  5.451671e-001 -2.464687e-002 -3.812227e-001  1.798993e+000 -5.674086e-001 -1.360328e+000  4.520921e-001  1.250051e-001 -9.812381e-001 -5.394486e-001  1.823317e-001  3.491448e-001 -4.771040e-002  3.115420e-001  2.150748e-001 -3.657410e-001 -4.101499e-001 -1.710718e+000 -1.589558e+000 -9.755652e-001 -1.827998e-001  3.438135e-001  4.214601e-001  2.562464e-001
-1.733352e+001  2.398845e+000 -9.204314e-001 -3.403944e+000 -4.121075e+000  5.066896e-001  4.643525e-001  3.685462e+000  1.080507e+001  1.932336e+000 -2.713772e+000 -1.052371e+000  2.871941e+001 -2.394197e-001 -8.673518e-001  9.279256e-001 -2.265801e-001 -6.655259e-001  1.756069e+000 -1.538248e+000 -2.455125e+000  4.846868e-001 -8.922555e-001 -1.347670e+000  5.713885e-001  2.500582e-001  9.112469e-001 -1.311040e-001  4.415570e-001  2.505672e-002 -6.297999e-001 -6.493504e-001 -8.293021e-001 -1.271927e+000 -1.233979e+000  2.475059e-002  7.570317e-001  5.954994e-001  7.879115e-001
-1.613827e+001 -1.657544e+000 -6.570466e-002  1.109785e+000 -5.700349e+000  5.792031e-001 -4.929488e-001 -2.181855e+000  8.134911e+000  3.330481e+000 -2.899636e+000 -6.196160e-001  3.003904e+001 -4.795494e-002 -7.345825e-001  2.520117e-001  4.726548e-001  4.618408e-001  1.167511e+000 -1.401155e+000 -1.457871e+000 -8.389117e-001  2.883939e-001  1.419583e+000  7.486213e-001  1.552860e-001  1.563148e+000 -3.419278e-002  7.610477e-001 -9.507234e-001 -1.306815e+000 -8.985421e-001 -2.633084e-001 -1.015175e+000 -1.515158e+000  4.252873e-002  1.010180e-001 -5.592818e-002  1.642660e+000
-1.764372e+001 -2.142176e+000  3.129489e+000 -3.099057e+000 -4.005271e+000  5.614254e+000 -3.738957e+000 -3.128552e+000  7.478866e+000 -8.034710e-001 -2.912265e+000  4.864342e+000  3.023818e+001  3.812279e+000 -4.232290e-001  2.084288e+000 -1.035215e+000 -3.270105e+000 -5.322235e-001 -1.708605e+000 -4.591344e+000 -3.376592e+000  2.029565e-001  1.026740e+000  8.762544e-001  3.643954e+000  1.723046e+000 -3.398245e-001  9.435486e-001 -1.480385e+000 -1.645905e+000 -1.214606e+000 -6.548298e-003 -9.812250e-001 -1.735860e+000 -2.075874e-002 -8.370055e-001 -1.045034e+000  2.212289e+000
-1.624395e+001  1.635792e+000  7.329711e-002  1.933487e+000 -7.420886e-002  1.299049e+000 -4.479429e-001  1.346443e+000  6.389264e+000  7.781811e+000  9.322700e+000  3.298095e+000  2.935627e+001  5.695577e+000 -8.911369e-001  3.772224e+000 -4.373947e+000 -5.613010e+000 -1.549571e+000 -1.798772e+000 -5.368093e+000 -5.193058e+000 -2.099573e-001 -1.663353e+000 -9.715225e-001  6.698684e+000  6.263444e-001 -6.525743e-001  7.183816e-001 -1.491761e+000 -1.223050e+000 -1.025638e+000  8.111222e-002 -4.634006e-001 -1.057501e+000 -8.154859e-001 -1.731099e+000 -1.313587e+000  1.908843e+000
 1.780710e+000 -1.363968e+000  9.431509e+000 -8.991870e+000 -2.328467e+001 -2.514351e+000 -8.101176e+000 -2.103541e+001 -5.205069e+000  7.214538e-001 -3.691238e+000  1.370046e+000  4.728056e+001  5.504045e+000 -2.488197e+000  3.885562e+000 -5.205206e+000 -5.857625e+000 -2.958419e+000 -1.372181e+000 -5.406139e+000 -6.017540e+000 -7.468737e-001 -3.991229e+000 -3.793711e+000  8.039805e+000 -1.417318e+000 -4.366085e-001 -5.773115e-001 -9.465086e-002  8.635523e-001 -5.628249e-001  4.507118e-001  1.555196e+000  1.867487e-001 -8.778395e-001 -6.545703e-001 -8.885040e-001  4.740052e-002
