84 39
-1.823715e+001  6.182754e+000  6.245919e+000  1.314137e+000 -4.994559e+000 -1.136400e+001  3.674412e+000 -1.514848e+001 -1.243856e+001 -4.073423e-001 -4.005152e+000 -5.520363e+000  5.713971e+001 -7.439140e+000  1.983194e+000 -4.322118e+000  3.134190e+000  3.286511e+000  6.821874e+000  2.731278e+000 -5.108298e-001  2.760990e+000  4.304744e+000  3.526809e+000  5.836605e-001 -9.414856e-001  6.879898e-001 -1.477937e+000 -1.947954e+000 -9.612678e-001 -5.834332e-001 -1.322844e+000 -4.832548e-001  1.906748e+000  1.081326e+000 -6.886648e-002 -3.920079e-001  1.059902e+000 -1.024691e-001
-2.536889e+001  7.673932e+000 -5.441725e+000  3.054990e+000 -2.330093e+000  2.903938e+000  1.031952e+001 -1.393748e+001 -4.731880e+000  4.949854e+000 -7.350665e+000 -8.625016e+000  5.628624e+001 -5.570153e+000  6.327682e-001 -5.518168e+000  2.199010e+000  1.514525e+000  3.594107e+000  2.352192e+000  1.282507e+000  5.469834e+000  3.171099e+000  3.214506e+000  2.555293e+000 -1.266569e+000  1.857683e+000 -1.146070e+000 -2.130516e-001 -1.105553e+000 -1.243924e+000 -2.566866e+000 -9.222181e-001  1.074126e+000  7.261455e-002 -1.311839e+000 -8.536598e-001  4.288780e-001 -3.217193e-001
-2.885997e+001  3.512568e+000 -1.242632e+001 -9.283061e-001 -3.959453e+000 -1.009306e+001  6.176260e+000 -1.150779e+001 -2.682410e+000  9.903224e+000 -8.258005e-001  1.293764e-001  5.447134e+001 -2.663064e+000 -5.721173e-001 -4.731444e+000  6.292739e-001 -3.849514e-001  9.307672e-001  1.631362e+000  1.238313e+000  5.183367e+000  5.728758e-001 -2.073287e-001  2.507761e+000 -1.421327e+000  2.110170e+000 -4.666566e-001  1.221796e+000 -5.851191e-001 -9.616385e-001 -1.520069e+000 -1.103145e+000  3.699576e-001 -9.051341e-001 -2.297383e+000 -8.902212e-001 -8.619013e-001 -3.302822e-001
-2.976899e+001  4.845352e+000 -1.331404e+001  4.080667e+000 -3.816644e+000 -7.681276e+000  8.168140e+000 -8.603896e+000  8.473242e+000  6.969783e+000 -4.975679e-001  2.423992e+000  5.270043e+001 -5.468327e-001 -3.432300e-001 -1.789649e+000  7.266049e-001 -7.700371e-001 -1.088165e+000 -8.270001e-001  1.022122e+000  1.911063e+000 -2.447959e+000  8.669479e-001  7.277243e-002 -2.089472e+000  1.603666e+000 -1.186641e-001  1.657550e+000 -4.628874e-001 -4.653330e-001 -6.258735e-001 -9.833241e-001  1.414921e-001 -1.769640e+000 -1.554803e+000 -3.820417e-001 -1.344218e+000 -2.100628e-001
-2.935242e+001  4.736457e+000 -1.347514e+001  3.947667e+000 -6.176041e+000 -1.417558e+000  1.290691e+001 -1.162371e+001  6.875715e+000  1.447072e+000 -8.468344e+000  1.493936e+000  5.182598e+001  6.000487e-001  1.379102e-001 -7.739935e-002  9.447972e-001 -3.794002e-001  1.562664e+000 -1.194851e+000  1.469151e+000  1.470517e-002 -4.372642e+000  2.494819e-001 -2.484586e+000 -2.181445e+000  7.513735e-001  1.245803e-001  1.271937e+000  5.950498e-003  5.529947e-002 -1.196467e-001 -5.488890e-001  2.437389e-001 -1.274499e+000  4.808717e-002  5.909257e-001 -6.387620e-001 -1.077256e-002
-2.785683e+001  5.345837e+000 -1.386556e+001  4.250028e+000 -5.071985e+000 -6.874637e+000  2.819198e+000 -8.768910e+000  4.437194e-002 -3.061865e+000  8.053467e-001 -8.943434e+000  4.716156e+001  8.166226e-001 -3.155663e-001  4.425606e-001 -2.731884e-001 -8.149155e-001  1.487913e-001 -1.151322e+000  1.874549e+000 -7.940367e-001 -2.130157e+000  1.075892e+000 -1.669626e+000 -1.936824e+000  5.141159e-002  2.770833e-002  4.641790e-001  1.144950e-001  3.565879e-002  5.208246e-002  4.087259e-001 -1.894579e-001 -2.410722e-001  1.466644e+000  1.168653e-001  6.710574e-001  4.076624e-001
-2.681581e+001  3.951877e+000 -1.253756e+001  3.711000e+000 -5.228784e+000 -2.683059e+000  2.876476e+000 -4.079533e+000  1.605550e+000 -6.944161e+000 -2.298482e-001 -6.609838e+000  4.633355e+001  4.120764e-001  3.695261e-002  5.121363e-001  1.158923e+000 -8.601479e-002 -2.859443e-001 -9.509223e-001  2.030794e+000  1.634223e-001  6.544109e-001  2.642828e+000  1.851499e-001 -1.551514e+000 -1.254707e-001 -6.741156e-002 -1.456547e-001 -1.182611e-001 -9.325670e-002 -5.133851e-001  4.100746e-001 -7.435480e-001 -1.695543e-004  1.543852e+000 -1.201371e-001  1.106441e+000  8.422348e-001
-2.695419e+001  3.659811e+000 -1.157003e+001  2.833059e+000 -8.364850e+000 -6.304569e+000  7.426749e+000 -3.003239e+000  7.138140e+000  5.146125e-001  7.626449e-001 -1.872249e+000  4.576253e+001 -1.957886e-001 -1.542095e-001  2.364786e-001  1.192017e+000 -7.384359e-001  9.655163e-002  1.094665e+000 -2.059892e-001  6.313433e-001  2.371734e+000  2.546017e-001  2.093192e+000 -3.661259e-001  2.190293e-001 -2.270817e-001 -3.321248e-001 -4.949369e-001 -1.580769e-001 -2.011995e-001 -5.619880e-002 -9.037864e-001 -2.048020e-001  1.107747e-001 -4.044043e-001  4.281275e-001  1.230971e+000
-2.774336e+001  5.764234e+000 -1.206222e+001  1.045077e+001 -4.959682e+000 -3.132313e+000  5.848526e+000 -4.352575e+000  4.145942e+000  2.930888e+000  4.767146e+000 -1.115907e+000  4.476793e+001  4.789007e-001 -2.798260e-001 -7.026318e-001 -3.791110e-001 -8.839235e-001 -9.781418e-001 -2.674719e-001 -1.208320e+000 -6.988326e-001  1.095670e+000  5.944184e-002  1.166211e+000  1.244380e+000  3.952706e-001 -4.950180e-001 -5.816444e-002 -9.848121e-001 -2.627295e-002  3.076142e-001 -2.088788e-001 -6.272213e-001 -3.053037e-001 -1.128418e+000 -6.114124e-001 -3.872356e-001  1.149961e+000
-2.837200e+001  3.668611e+000 -1.292084e+001  6.840230e+000 -8.898715e+000 -6.167251e+000  6.806499e+000 -9.662335e+000  1.930893e+000  3.859281e+000 -4.201419e-001 -1.224440e+000  4.611375e+001  1.878357e+000 -1.292586e+000 -6.106793e-001 -1.978856e+000 -1.206346e+000 -5.111073e-001 -1.774041e+000 -1.024825e+000 -1.386919e+000 -1.796914e+000  3.455636e-001 -1.951888e-002  2.820085e+000  7.356969e-001 -1.521355e-001  7.374358e-001 -8.258437e-001 -4.952426e-002  3.370177e-001 -5.389135e-001 -1.461381e-001 -4.423236e-002 -1.588409e+000 -2.036274e-001 -5.263308e-001  6.044834e-001
-2.371240e+001  2.548347e+000 -1.537532e+001 -1.881404e-001 -9.381469e+000 -7.642427e+000  1.849241e+000 -6.791586e+000  7.150109e-001 -3.138144e+000  6.587544e-001 -1.102687e+000  5.237984e+001  1.351357e+000 -1.868950e+000  6.448931e-001 -2.179701e+000  1.657529e-002  1.555956e+000 -5.609631e-001 -6.958941e-001 -3.539649e-001 -2.903354e+000 -4.597151e-001 -6.946729e-001  2.605183e+000  1.154777e+000 -1.243745e-001  1.242312e+000 -4.335170e-001 -5.675358e-001 -5.628471e-001 -2.700053e-001  2.169654e-001 -2.952293e-002 -5.722699e-001 -5.187721e-001 -1.635343e-001  7.435073e-002
-1.957788e+001 -1.195174e+000 -1.296688e+001 -1.741766e+000 -1.218568e+001 -6.605049e+000  5.561852e-001 -6.907860e+000  1.919010e+000 -5.435440e+000  4.544659e+000 -1.976453e+000  5.605700e+001  3.046468e+000 -1.203254e-001  3.249895e+000 -2.036906e+000 -1.436307e+000  5.145911e-001 -1.453157e+000 -1.192893e+000  2.377476e-001 -3.570798e+000 -5.039567e-001  3.919798e-001  1.975890e+000  1.263454e+000 -3.397390e-001  8.432454e-001 -2.536538e-001 -1.000646e+000 -1.715292e+000 -3.300694e-002  6.560743e-001 -4.520705e-001  7.630207e-001 -1.035070e+000 -6.025667e-002  1.635702e-002
-2.538364e+001 -1.148622e+000 -8.814737e+000  3.843259e+000 -3.233321e+000  4.866365e+000  6.168867e+000 -9.209283e+000  2.382059e+000 -6.938519e+000 -1.382954e-002 -4.213265e+000  5.282222e+001  5.668732e+000 -1.487828e+000  3.578641e+000 -2.517671e+000 -3.606622e+000 -4.305227e+000 -1.777941e+000 -3.945980e-002 -1.658781e+000 -8.787368e-001 -2.109658e+000  1.427903e-001  2.038232e+000  1.015552e+000 -9.603911e-001 -3.435211e-001 -5.757620e-001 -1.248308e+000 -2.334700e+000 -2.267134e-001  1.018213e+000 -1.118064e+000  1.206778e+000 -1.200405e+000 -3.752670e-001  4.248389e-001
-1.230404e+001  4.915468e+000  4.834992e-002 -5.360002e+000 -1.915432e+001 -9.848692e+000 -2.619098e+000 -1.441795e+001  2.286107e+000 -1.209452e+001 -2.603633e+000  2.290748e+000  5.577201e+001  6.036939e+000 -3.181841e+000  2.138674e+000 -3.078140e+000 -4.397975e+000 -6.156973e+000 -1.330587e+000  1.927329e+000 -2.994864e+000  1.005881e+000 -4.004816e+000 -7.395338e-001  3.185346e+000 -5.012158e-001 -1.359940e+000 -1.328455e+000 -1.754961e-001  2.043837e-001 -4.352250e-001  4.854044e-001  1.267513e+000 -1.120605e+000  1.179622e+000 -8.777095e-001 -7.557870e-001  4.366814e-001
 9.943383e-001 -7.946117e+000 -3.989726e+000 -1.096738e+001 -2.393026e+001 -2.754674e+001 -5.452820e+000 -3.233840e+000 -7.762441e+000 -4.202287e+000 -6.315392e+000 -2.522336e+000  6.271349e+001  4.933883e+000 -5.140147e+000 -5.171016e-001 -4.537894e+000 -4.744128e+000 -6.781762e+000 -1.755815e+000  2.835058e+000 -4.327977e+000  8.421949e-001 -4.711308e+000 -2.005251e+000  4.124650e+000 -1.907867e+000 -2.843905e-001 -1.133241e+000  4.393162e-001  1.566728e+000  2.104885e+000  7.970682e-001  6.640748e-001 -3.180072e-001  1.250688e-001 -5.931378e-004 -4.236669e-001 -1.229697e-001
-2.582174e+000 -1.370563e+001 -4.686017e+000 -9.727148e+000 -2.382709e+001 -2.118336e+001 -2.859070e-001 -2.589370e-001 -7.983059e+000 -1.774150e+000 -1.232864e+001 -6.519587e+000  6.703809e+001  9.078132e-001 -5.093866e+000 -1.344510e+000 -1.904275e+000  1.543652e-001 -4.232662e-001  9.628022e-001  3.707412e+000 -4.030682e+000  1.466844e+000 -3.591680e+000 -2.312934e+000  3.116087e+000 -1.857450e+000  8.127146e-001 -3.997040e-001  8.335388e-001  2.060343e+000  2.841430e+000  5.463524e-001  2.242496e-001  2.852760e-001 -4.298471e-001  8.826369e-001  1.676917e-001 -7.558270e-001
-5.575156e+000 -1.753881e+001 -9.033062e+000 -1.666264e+001 -2.461758e+001 -2.337511e+001 -3.776802e+000 -2.113498e+000 -1.412324e+001 -7.887732e+000 -1.870787e+001 -9.834353e+000  6.781242e+001 -1.306038e+000 -1.953768e+000 -3.459722e-001 -9.080226e-001  1.950849e+000  3.352346e+000  1.060706e+000  2.390872e+000 -2.730908e+000 -4.838738e-001 -2.319192e+000 -1.188844e+000  1.458012e+000 -1.009037e+000  1.347309e+000  2.472991e-001  1.016051e+000  1.581833e+000  2.110584e+000  1.561806e-001  1.783981e-002  7.731365e-001 -3.796315e-001  1.080388e+000  3.730577e-001 -9.610156e-001
-4.480229e+000 -1.575751e+001 -4.152533e+000 -1.203375e+001 -1.803884e+001 -1.405084e+001  1.356904e+000  3.558940e+000 -1.468690e+001 -2.917583e+000 -1.436579e+001 -5.617915e+000  6.880298e+001 -1.303512e-001 -7.114573e-001  5.458903e-002 -7.253820e-001  2.556252e+000  2.983124e+000 -7.084954e-003  3.270670e+000 -2.367019e+000 -4.803197e-001 -7.876892e-001 -3.092790e-001  7.395294e-001  1.027149e-001  9.781286e-001  1.970986e-001  3.521715e-001  2.028884e-001  7.553674e-002 -5.657478e-001 -1.654083e-001  7.476132e-001 -2.640675e-001  7.437848e-001  9.058481e-002 -6.604244e-001
-4.586826e+000 -1.668902e+001 -5.986330e+000 -1.435419e+001 -1.707014e+001 -1.435127e+001 -9.706967e-001  6.811584e+000 -1.806506e+001 -6.049940e+000 -1.689278e+001 -8.917394e+000  6.912111e+001  4.077792e-001 -5.948051e-001  1.984444e-002 -4.708757e-002  1.964095e+000  2.067963e+000 -4.899682e-001  3.142629e+000 -1.294126e+000 -8.238097e-002 -7.113654e-001 -1.141791e+000  5.078506e-001  4.623014e-001  1.966902e-001 -6.059323e-002  9.016627e-002 -4.446604e-001 -1.042740e+000 -6.428017e-001 -1.980751e-001  4.069857e-001  1.707004e-001  3.896866e-001 -4.090118e-001 -3.615183e-001
-3.728095e+000 -1.768781e+001 -5.936438e+000 -1.450828e+001 -1.481955e+001 -1.077966e+001 -1.724384e+000  1.163187e+001 -1.784724e+001 -5.094645e+000 -1.717463e+001 -8.524462e+000  7.008139e+001  5.644789e-001 -8.827046e-001 -5.419254e-001 -5.738853e-001  1.162184e+000  5.966091e-001 -1.090600e+000  2.504493e+000 -1.011007e+000 -5.424037e-002 -6.766688e-001 -1.883537e+000  2.890465e-001  2.610247e-001  1.270988e-001 -6.374677e-002  1.148593e-001 -5.836338e-001 -1.197109e+000 -4.929871e-001 -5.034578e-001  2.602365e-001  2.057019e-001  2.554953e-001 -4.583520e-001 -3.732967e-001
-3.912327e+000 -1.954769e+001 -8.041887e+000 -1.566081e+001 -1.640675e+001 -1.467088e+001 -4.685998e+000  9.563179e+000 -1.901370e+001 -7.211105e+000 -2.086028e+001 -1.409003e+001  6.971247e+001  6.580539e-001 -8.846935e-001 -3.506812e-001 -5.329396e-001  4.245807e-001 -6.680934e-001 -1.611545e+000  1.783585e+000 -1.373985e+000  1.565883e-001 -4.262694e-001 -2.446774e+000 -1.243378e-001  2.561504e-001  4.725356e-001  1.137769e-001  3.123085e-001 -2.629356e-001 -8.515747e-001 -3.783448e-001 -5.400649e-001  1.649396e-001  1.945033e-001  7.016668e-001  3.916832e-002 -5.473960e-001
-1.995084e+000 -1.874170e+001 -5.834381e+000 -1.424986e+001 -1.255961e+001 -1.090799e+001 -2.238445e+000  1.470560e+001 -1.926761e+001 -2.608202e+000 -1.576539e+001 -1.244928e+001  6.995253e+001  1.049635e+000  6.898079e-002 -7.888202e-002  9.184027e-002  4.078396e-001 -1.634393e+000 -1.911232e+000  1.432903e+000 -1.025907e+000  4.287054e-001  3.472393e-001 -1.948547e+000 -8.108597e-001  2.488373e-001  1.038489e+000  4.244200e-001  1.050784e+000  3.032440e-001 -2.412042e-001 -2.554962e-001 -1.117553e+000  5.293444e-001  1.689149e-001  1.188987e+000  4.693100e-001 -9.810973e-001
-2.163062e+000 -2.058554e+001 -7.790764e+000 -1.714810e+001 -1.607721e+001 -1.762757e+001 -8.771393e+000  1.419265e+001 -2.422480e+001 -6.510220e+000 -1.972874e+001 -1.918885e+001  6.856385e+001  1.445953e+000  1.292030e+000  3.572071e-001  1.181592e+000  1.026589e+000 -1.074409e+000 -1.971376e+000  9.780989e-001 -4.619780e-001  6.486627e-001  2.285014e+000 -9.134437e-001 -1.679176e+000  1.388203e-001  1.529272e+000  5.598469e-001  1.411905e+000  6.882865e-001  2.447429e-001  2.460026e-002 -1.927104e+000  8.813772e-001  6.431583e-002  1.334711e+000  6.459506e-001 -1.395436e+000
 6.454485e-001 -1.682398e+001 -6.456409e+000 -1.330544e+001 -1.294512e+001 -1.747328e+001 -9.237846e+000  1.648165e+001 -2.037123e+001 -3.301561e+000 -1.600420e+001 -1.571779e+001  6.660140e+001  1.414716e+000  3.221376e+000  1.226230e+000  3.822766e+000  2.377400e+000 -4.062536e-001 -2.188165e+000 -2.680528e+000  1.179712e+000  5.442969e-001  3.912626e+000 -3.036522e-001 -3.839021e+000 -4.022674e-001  1.368454e+000  5.303769e-001  1.120486e+000  2.172046e-001  4.164084e-001  6.331094e-002 -2.639016e+000  9.662628e-001 -3.660827e-001  3.244344e-001  7.466744e-001 -1.204046e+000
 1.997172e+000 -1.404640e+001 -5.944837e+000 -1.022506e+001 -1.108105e+001 -1.676028e+001 -1.104318e+001  1.356565e+001 -2.077178e+001 -3.621112e+000 -9.315798e+000 -1.702300e+001  6.299215e+001  1.169615e+000  5.185467e+000  1.795997e+000  4.661122e+000  2.881233e+000 -5.844850e-002 -1.350077e+000 -5.795218e+000  1.930092e+000  4.203717e-001  4.464592e+000 -3.946896e-002 -5.587439e+000 -9.545661e-001  5.643858e-001  3.100205e-001  2.130314e-001 -6.043715e-001  1.291064e-001 -2.450908e-002 -2.133860e+000  6.250538e-001 -7.712620e-001 -9.862195e-001  9.284834e-001 -2.559675e-001
 2.998378e+000 -5.904395e+000 -6.261927e-001  1.402450e+000 -3.170692e+000 -1.337290e+001 -1.204338e+001  1.616463e+000 -1.509556e+001 -1.331271e+000 -1.408732e+000 -1.505047e+001  5.354327e+001 -8.235328e-001  4.964531e+000  1.853607e+000  3.954503e+000  5.665408e-001 -6.033115e-002 -1.905327e+000 -8.375521e+000  2.609373e+000 -1.287563e+000  8.796229e-001  1.347837e+000 -4.876956e+000 -8.879721e-001 -1.012311e+000 -2.759558e-001 -1.244485e+000 -1.311452e+000 -1.336667e-001  2.661564e-001  5.400964e-001 -1.955028e-001 -7.883381e-001 -1.647959e+000  6.593274e-001  1.384477e+000
 2.508548e+000 -1.179959e-001 -1.725887e+000 -1.196431e+000 -6.558258e+000 -1.997001e+001 -1.411901e+001 -7.350848e+000 -1.721217e+001 -5.393506e+000 -4.703521e+000 -1.971986e+001  4.715572e+001 -2.207753e+000  3.242381e+000  1.593621e+000  2.180881e+000 -1.089839e+000 -6.018388e-001 -2.235341e+000 -6.843703e+000  1.948460e+000 -2.291718e+000 -1.129581e+000  2.903229e+000 -2.440046e+000 -3.423735e-001 -2.436891e+000 -7.199074e-001 -1.951259e+000 -1.298051e+000 -1.234524e-001  6.170712e-001  3.218125e+000 -9.158131e-001 -1.186392e-001 -1.175766e+000 -5.512218e-003  2.635697e+000
-3.727903e+000  1.034475e+000  7.021529e-001  1.952765e+000 -1.237381e+001 -1.617007e+001 -1.722656e+001 -1.493770e+001 -9.104168e+000 -8.853177e+000 -1.391222e+001 -7.630171e+000  5.013484e+001 -1.336460e+000 -8.686382e-001 -5.236050e-002 -1.159536e+000 -2.194322e+000 -8.028919e-001 -4.147514e-001  5.441968e-001  1.930133e-001 -2.041349e+000 -1.530082e+000  1.521636e+000  1.509665e+000  5.035053e-001 -2.670813e+000 -9.495925e-001 -2.067755e+000 -6.114724e-001 -2.374969e-001  1.116859e+000  4.255722e+000 -1.532102e+000  6.977618e-001 -1.362616e-002 -1.169883e+000  2.536760e+000
-5.678454e+000 -1.303925e+000  1.359094e+000  4.041835e-001 -1.192868e+001 -1.837089e+001 -1.962829e+001 -1.237578e+001 -1.402518e+001 -1.131875e+001 -8.711959e+000 -6.217003e+000  5.249614e+001 -2.857890e-001 -4.082405e+000 -8.505561e-001 -2.538154e+000 -2.228589e+000 -3.044302e-001  9.899906e-001  5.835547e+000 -1.440794e+000  2.040688e-001 -2.093886e-001 -1.539293e-001  4.397737e+000  7.278847e-001 -1.783739e+000 -6.080076e-001 -1.449399e+000 -1.112458e-001 -1.263272e-001  1.193868e+000  2.569151e+000 -1.272194e+000  9.478191e-001  1.134680e-001 -1.426743e+000  1.444149e+000
 4.095781e-001 -9.654621e+000 -2.430486e+000 -5.195537e+000 -1.145709e+001 -1.818692e+001 -1.136250e+001  6.849915e+000 -1.572399e+001 -8.575393e+000 -7.054921e+000 -1.419372e+001  5.842139e+001  7.330114e-001 -4.727141e+000 -1.672267e+000 -4.024752e+000 -1.921447e+000 -1.396520e+000  2.066302e+000  6.563464e+000 -3.356512e+000  9.533531e-001  3.513957e-001 -2.972997e+000  4.387951e+000  1.998747e-001 -1.622782e-001  3.494663e-001 -4.220986e-001  3.366103e-001  1.396733e-001  6.000126e-001 -8.461848e-001 -4.475234e-001  3.846739e-001 -2.621699e-001 -3.706386e-001 -1.301318e-001
-9.891376e-001 -1.518547e+001 -4.412348e+000 -1.031305e+001 -1.815956e+001 -2.048374e+001 -1.210110e+001  1.093308e+001 -2.110623e+001 -4.512054e+000 -9.179115e+000 -1.720773e+001  6.500113e+001  3.969343e-001 -3.747062e+000 -6.364638e-001 -3.633504e+000 -1.782506e+000 -9.366606e-001  2.493474e+000  2.992418e+000 -2.637747e+000  9.500269e-001 -1.502980e+000 -1.983170e+000  3.341554e+000 -8.701178e-002  9.572693e-001  1.190793e+000  3.487589e-001  8.143234e-001  6.488368e-001  2.615313e-001 -2.539018e+000  5.374552e-001 -3.284633e-001 -3.965513e-001  8.125017e-001 -1.201921e+000
-2.407505e+000 -1.566046e+001 -4.773459e+000 -1.281238e+001 -1.886561e+001 -2.209625e+001 -1.065865e+001  6.225186e+000 -2.234620e+001 -7.489758e+000 -1.192167e+001 -1.699979e+001  6.582210e+001 -6.784484e-001 -1.847700e+000  1.587925e+000 -2.722354e+000 -7.343117e-001  2.115898e-001  1.833570e+000 -2.265162e+000 -1.446127e+000 -4.909584e-001 -2.194135e+000  5.830631e-001  1.387098e+000 -9.704611e-002  1.175887e+000  1.423663e+000  8.333953e-001  7.954925e-001  1.083957e+000 -2.281516e-001 -2.241083e+000  1.137345e+000 -5.397496e-001  8.432375e-002  1.402339e+000 -1.372910e+000
-2.285241e+000 -1.703632e+001 -6.517380e-001 -1.395492e+001 -1.713695e+001 -2.109953e+001 -7.512845e+000  2.898669e+000 -2.390281e+001 -7.111431e+000 -1.379349e+001 -1.472982e+001  6.550356e+001 -1.511807e-002 -7.357788e-001  3.473312e+000 -1.445559e+000  1.249461e+000  2.135699e+000  2.414013e+000 -2.445227e+000  2.912895e-001 -7.160920e-001 -9.193795e-001  2.130549e+000 -1.114410e-001  1.279857e-001  1.129185e+000  7.285628e-001  7.481940e-001  3.762670e-001  8.311935e-001 -5.996702e-001 -1.296644e+000  8.592193e-001 -3.839352e-001  6.380870e-001  9.629849e-001 -1.142017e+000
-2.334612e+000 -1.796770e+001  3.628832e+000 -1.698637e+001 -1.563995e+001 -1.682107e+001 -4.488771e+000 -4.586913e-001 -2.155634e+001 -9.730496e+000 -1.571841e+001 -1.251736e+001  6.510567e+001  4.538070e-001 -3.533495e-001  3.391162e+000 -9.517484e-001  5.400324e-001  2.487086e+000  9.652746e-001 -1.923129e+000  8.656961e-001 -9.123353e-001  4.812140e-001  1.981839e+000 -7.501030e-001  2.318045e-001  1.062812e+000 -3.035837e-001  4.114707e-001 -3.924550e-001  2.104506e-001 -5.789180e-001 -7.923295e-001  2.403772e-003  2.941463e-002  4.530552e-001  3.416622e-001 -7.368981e-001
-1.101175e+000 -1.771074e+001  8.753067e+000 -1.545385e+001 -1.352509e+001 -1.244283e+001 -3.115967e+000  2.048884e+000 -2.004471e+001 -6.972146e+000 -1.187764e+001 -8.796203e+000  6.480214e+001  4.707352e-001  1.151687e+000  2.104731e+000 -7.778372e-001 -5.383430e-001  2.081559e+000 -7.072945e-002 -3.661821e+000  5.024374e-001 -7.589607e-001  3.497802e-001  2.132366e+000 -1.299933e+000 -2.736097e-002  1.035833e+000 -9.774094e-001  7.131954e-002 -8.093655e-001 -1.960334e-001 -4.038584e-001 -1.043712e+000 -7.537207e-001  2.185491e-001 -2.155336e-001 -2.939285e-002 -3.836544e-001
-7.305034e-001 -1.708999e+001  7.479950e+000 -1.682165e+001 -1.797138e+001 -1.398917e+001 -8.030715e+000 -2.965565e+000 -1.994677e+001 -1.212108e+001 -1.047352e+001 -1.005740e+001  6.242229e+001  2.376475e-001  2.522627e+000  7.542969e-001 -9.988613e-001 -1.802684e+000  1.290913e+000  1.813512e-001 -5.618513e+000 -1.539682e+000 -3.224509e-001 -5.634391e-001  2.290466e+000 -1.703147e+000 -1.940101e-001  7.081491e-001 -8.894722e-001  6.119572e-002 -3.313737e-001 -8.840112e-002  1.629272e-001 -5.365939e-001 -1.013252e+000  5.243956e-001 -5.490702e-001 -1.053592e-001 -4.460846e-002
-7.336195e-001 -1.171673e+001  7.946358e+000 -1.792646e+001 -1.866295e+001 -1.210768e+001 -6.095520e+000 -1.415700e+001 -2.219541e+001 -9.710944e+000 -1.466703e+001 -5.297964e+000  6.034558e+001 -4.384317e-002  3.005399e+000 -9.530210e-002 -1.065405e+000 -1.626008e+000  1.753618e+000  7.866831e-001 -5.816095e+000 -2.274625e+000  8.171149e-002 -1.474721e+000  1.829271e+000 -1.553191e+000 -1.881992e-001 -1.052095e-001 -4.709403e-001  2.838129e-001  2.767864e-001  3.225803e-002  2.831290e-001  8.957084e-001 -6.428733e-001  5.970739e-001 -1.165499e-001 -3.502877e-001  2.893320e-001
-1.330152e+000 -8.351571e+000  7.803670e+000 -2.074437e+001 -2.208444e+001 -1.053408e+001 -2.092239e+000 -2.044831e+001 -2.817940e+001 -9.973351e+000 -1.714091e+001 -2.814150e+000  5.881821e+001 -2.589543e-001  2.260540e+000  4.381795e-002 -5.019859e-001 -5.730036e-001  2.209050e+000  1.351204e+000 -3.528961e+000 -2.812032e+000  1.289307e+000 -1.351886e+000  1.606591e+000 -8.465164e-001 -8.871776e-002 -8.180087e-001 -1.130453e-001  5.088671e-001  7.342486e-001 -1.626954e-001 -1.977239e-001  1.843024e+000  1.746483e-001  4.605533e-001  3.208638e-001 -5.361630e-001  4.521500e-001
-1.020566e+000 -7.052959e+000  8.114697e+000 -1.881952e+001 -1.959859e+001 -5.402286e+000 -2.151790e+000 -1.829022e+001 -2.730152e+001 -7.637451e+000 -1.591755e+001 -3.271472e+000  5.883822e+001 -2.219600e-001  7.566836e-001  1.052691e-001  3.927898e-001  2.307487e-001  1.783780e+000  7.599891e-001 -2.280546e-001 -2.075754e+000  1.420530e+000  1.612541e-001  7.228653e-001 -2.815884e-001  5.137291e-002 -9.855959e-001  1.054594e-001  4.846384e-001  7.109674e-001 -6.413940e-001 -6.181102e-001  1.872838e+000  6.777554e-001  1.768340e-001  5.512164e-001 -4.393781e-001  3.164437e-001
-1.881802e+000 -8.119181e+000  7.614871e+000 -1.888506e+001 -2.036858e+001 -6.296617e+000 -3.246559e+000 -1.854376e+001 -3.145387e+001 -6.711290e+000 -1.660769e+001 -3.037695e+000  5.894339e+001 -1.168829e-001 -4.430584e-001  8.878479e-002  8.163767e-001  9.401802e-001  4.623546e-001 -7.939212e-001  8.025883e-001 -7.658762e-001  1.310906e+000  2.228927e-001  1.628535e-001 -7.819824e-002  1.517433e-001 -6.015276e-001  1.005618e-001  3.438812e-001  5.064496e-001 -9.724788e-001 -8.880037e-001  1.210776e+000  1.041191e+000 -2.195438e-001  4.913789e-001 -3.476948e-001  4.107098e-002
-1.567595e+000 -8.049511e+000  8.567103e+000 -1.689217e+001 -1.836714e+001 -5.307514e+000 -1.718414e+000 -1.624955e+001 -3.093694e+001 -4.239324e+000 -1.412737e+001 -1.571865e+000  5.887505e+001  1.419857e-001 -5.707814e-001  4.095115e-001  6.986059e-001  1.172237e+000 -5.800040e-001 -1.231305e+000  1.382319e+000  9.107437e-002  9.550816e-001  4.939714e-001  3.542494e-001 -3.551315e-001  9.284502e-002  8.859781e-003  8.286346e-002  2.800040e-001  1.780020e-001 -1.214636e+000 -7.483345e-001  3.121561e-001  8.520108e-001 -4.597635e-001  1.405798e-001 -2.291687e-001 -1.490400e-001
-1.641052e+000 -1.006859e+001  8.021391e+000 -1.762616e+001 -1.799926e+001 -8.269694e+000 -6.278533e+000 -1.745571e+001 -3.019107e+001 -5.117885e+000 -1.692154e+001 -2.849686e+000  5.840881e+001  3.177894e-001 -8.336544e-002  3.945060e-001  1.064512e+000  1.488500e+000 -1.471452e+000 -2.093167e+000  1.719733e+000  1.310508e+000  4.243121e-001  9.386495e-001  5.242496e-002 -6.043900e-001 -2.834237e-002  4.654401e-001  1.004926e-001  3.884125e-001 -2.096315e-001 -1.162070e+000 -4.411684e-001 -2.531071e-001  5.862800e-001 -5.044597e-001  3.492816e-002 -6.458357e-002 -1.885432e-001
-4.310124e-001 -8.932163e+000  9.958994e+000 -1.595593e+001 -1.492206e+001 -7.315767e+000 -6.792328e+000 -1.192265e+001 -2.747755e+001 -3.658746e+000 -1.329077e+001 -1.594229e+000  5.732985e+001  2.492891e-002  6.211361e-001  3.667258e-001  1.668742e+000  8.465989e-001 -3.322496e+000 -2.332060e+000  8.741538e-001  1.146108e+000 -4.349906e-001  5.062745e-001 -3.677637e-001 -7.636925e-001 -8.603278e-002  3.630016e-001 -6.542846e-002  6.818406e-002 -3.296476e-001 -8.013815e-001 -4.162718e-001 -5.272402e-001  4.211138e-001 -4.402599e-001  1.362176e-001  2.447010e-001  2.128159e-002
-8.611457e-001 -8.094682e+000  8.891456e+000 -1.403061e+001 -1.464861e+001 -1.264975e+001 -1.117544e+001 -1.210855e+001 -2.663103e+001 -4.880019e+000 -1.233275e+001 -2.764388e+000  5.669403e+001 -2.000664e-001  1.288183e+000  6.126404e-001  2.273371e+000  5.484209e-002 -3.976747e+000 -2.449386e+000 -2.088644e-001  1.638007e+000 -5.163562e-001  3.913819e-001  2.009422e-001 -8.166336e-001  6.879139e-002 -5.202067e-002 -2.007312e-001 -3.673386e-001 -3.883440e-001  1.388846e-001 -9.733768e-002 -1.397859e-001  5.018682e-002 -3.608384e-001  5.840117e-001  5.992389e-001  5.747940e-002
-1.832904e+000 -5.930783e+000  9.965700e+000 -1.034623e+001 -1.580947e+001 -1.972997e+001 -1.093026e+001 -1.455236e+001 -2.698643e+001 -6.533210e+000 -1.389039e+001 -3.453332e+000  5.591397e+001 -2.925030e-002  5.584522e-001 -2.669802e-002  4.350967e-001  2.408284e-001 -3.334263e+000 -3.134555e+000 -2.895829e-001  2.032894e+000 -7.758837e-001  1.448693e+000  1.503496e+000 -1.426018e-001  2.099165e-001 -4.583663e-001 -2.873113e-001 -5.307128e-001 -3.051801e-001  1.051216e+000  2.847137e-001  7.193432e-001 -2.451227e-001 -5.038716e-001  1.197934e+000  5.762426e-001 -1.135173e-001
-1.940438e+000 -5.128360e+000  1.108124e+001 -9.064154e+000 -1.728135e+001 -2.194633e+001 -1.645649e+001 -1.718517e+001 -2.224660e+001 -6.262434e+000 -1.466482e+001 -9.154231e-001  5.503358e+001  6.888360e-001 -3.121269e-001 -4.124379e-001 -1.553579e-001 -1.503346e-001 -7.711450e-001 -2.178608e+000  1.602672e+000  1.118049e+000 -1.209433e+000  3.387498e+000  2.112989e+000 -6.275383e-001  3.727743e-002 -5.838914e-001 -1.761822e-001 -1.702682e-001 -1.578172e-001  1.384243e+000  9.173731e-001  1.129001e+000 -4.230542e-001 -6.697908e-001  1.128560e+000 -9.946702e-002 -3.961254e-001
-3.761752e-002 -7.623063e+000  8.730612e+000 -1.626368e+001 -1.240155e+001 -1.933879e+001 -1.982457e+001 -1.083225e+001 -1.950530e+001 -6.846957e+000 -4.881269e+000  4.998767e+000  5.744707e+001  6.300602e-001 -8.705402e-001 -5.572916e-001  2.295425e-001 -5.767132e-001  3.307825e-001 -1.043880e+000  3.565102e+000  1.804731e-001 -2.607810e+000  4.997884e+000  1.557426e+000 -1.425827e+000 -4.750279e-001 -3.561095e-001  7.436072e-002  6.137984e-001  1.432418e-001  1.252253e+000  1.393584e+000  5.122713e-001 -3.381901e-001 -2.874644e-001  7.492872e-002 -9.091061e-001 -6.810775e-001
 1.685391e+000 -8.809176e+000  7.446810e+000 -1.184868e+001 -1.710425e+001 -1.670106e+001 -1.762132e+001 -5.955243e+000 -2.478135e+001 -1.077031e+001  1.001832e-001  3.574510e+000  5.278979e+001 -3.433344e-001 -9.167774e-001 -2.974033e-003  1.524807e+000 -3.254732e-001  1.111943e+000  1.092143e+000  3.508798e+000  4.489464e-001 -2.949347e+000  4.259589e+000 -3.233578e-001 -2.155648e+000 -9.748223e-001 -2.024528e-001  1.619677e-001  7.279784e-001  9.221386e-001  1.015088e+000  1.296938e+000 -5.255080e-001  3.219667e-001  5.232080e-001 -9.997264e-001 -1.022032e+000 -4.489877e-001
-4.955174e-001 -8.443076e+000  8.996457e+000 -7.806257e+000 -1.878159e+001 -2.069869e+001 -1.556725e+001 -2.341817e+000 -2.481669e+001 -1.731832e+001  3.716528e+000  2.088830e+000  4.990673e+001 -1.888305e+000 -9.197699e-001  1.403737e-001  2.664006e+000  1.044607e+000  1.985460e+000  2.197988e+000  1.318710e+000  6.764950e-001 -1.343249e+000  1.387292e+000 -1.823861e+000 -2.783934e+000 -9.696562e-001 -2.275091e-001 -1.669385e-002  5.350987e-001  1.291363e+000  6.873213e-001  8.758147e-001 -8.417911e-001  5.903239e-001  1.272316e+000 -1.387486e+000 -3.192357e-001 -8.358040e-002
-3.428161e+000 -9.302240e+000  1.093345e+001 -5.668830e+000 -1.571870e+001 -1.570667e+001 -1.312444e+001 -3.886400e+000 -1.734617e+001 -1.577349e+001  2.334229e+000 -1.077243e+000  4.802551e+001 -2.926093e+000 -1.299776e+000  4.856782e-002  2.267303e+000  3.649698e+000  3.476957e+000  2.685146e+000  9.832776e-002  2.479872e+000  7.743260e-001  1.941628e-001 -1.306529e+000 -2.193423e+000 -4.668076e-001 -1.323286e-001 -4.286113e-001  1.942735e-001  9.373806e-001  2.170364e-001  3.936757e-001 -2.115788e-001  3.625033e-001  1.317140e+000 -8.468337e-001  5.981815e-001  1.812145e-001
-6.922366e+000 -1.197538e+001  7.689162e+000 -6.033577e+000 -7.871295e+000 -9.908689e+000 -1.108308e+001 -5.273121e+000 -1.984041e+001 -1.106161e+001  9.381678e-001 -1.794662e+000  4.590954e+001 -2.926841e+000 -1.816586e+000 -6.665317e-001  2.533789e+000  3.892519e+000  2.584882e+000  2.538691e+000  1.061381e+000  2.116630e+000  1.891931e+000  9.316733e-002  4.528327e-001 -1.824841e+000  2.291043e-001  2.139989e-001 -6.643823e-001 -1.033057e-001 -3.408093e-002 -1.746074e-001  3.035344e-001  4.407003e-001  2.051114e-001  7.712144e-001 -1.154076e-003  8.628523e-001  2.391141e-001
-9.731650e+000 -1.354190e+001  8.343297e+000 -1.398508e+000 -4.310901e+000 -4.711277e+000 -6.437679e+000 -3.997952e+000 -1.487012e+001 -1.002704e+001  2.460178e+000 -1.016389e+000  4.382128e+001 -2.158104e+000 -1.130012e+000 -1.742578e+000  2.561283e+000  2.937474e+000  1.897414e+000  2.890170e+000  2.579569e+000  1.541395e+000  2.018763e+000  6.724824e-001  1.529203e+000 -1.729122e+000  6.763846e-001  9.442642e-001 -6.752529e-001 -3.376960e-001 -8.235736e-001 -4.191683e-001  1.121141e-001  1.997788e-001  1.077281e-001  2.584346e-001  3.408062e-001  5.671554e-001 -6.637643e-002
-1.197798e+001 -1.540618e+001  6.958873e+000  2.727525e+000 -5.022896e+000 -1.327198e+001 -6.217176e+000  3.020866e+000 -1.547156e+001 -1.073189e+001  4.119390e+000  4.322566e+000  4.288464e+001 -1.126778e+000  6.534252e-002 -2.285965e+000  2.000487e+000  1.230314e+000  1.902195e+000  3.613148e+000  2.281591e+000  2.171290e+000  1.890605e+000  1.142362e+000  1.072534e+000 -1.820514e+000  6.407713e-001  1.488806e+000 -3.893995e-001 -7.807156e-001 -7.462475e-001  1.832898e-001 -3.525098e-001 -7.500173e-001  5.429482e-001 -7.257571e-002  1.730818e-001  2.175144e-001 -3.641151e-001
-1.169087e+001 -1.323690e+001  2.585702e+000  2.757036e+000 -2.455529e+000 -4.537956e+000 -1.106542e+000  4.864450e+000 -1.182362e+001 -5.844538e+000  4.106029e+000  3.510156e+000  4.089235e+001 -4.442018e-001  2.480581e+000 -2.517980e+000  8.454736e-001  8.629323e-001  1.722459e+000  2.708488e+000  4.871171e-001  2.991183e+000  2.067163e+000  1.373597e+000  1.219397e+000 -2.527468e+000  2.376491e-001  1.319136e+000  1.781828e-001 -8.450707e-001 -5.470473e-001  3.603754e-002 -1.094544e+000 -1.196854e+000  6.838875e-001  9.118657e-002 -4.281087e-002 -5.477694e-002 -4.193642e-001
-1.157664e+001 -1.180117e+001 -8.618665e-001  1.891085e+000 -2.647408e+000 -4.843746e-001  4.317098e+000  1.703632e+000 -1.050721e+001 -3.699839e+000  5.827050e+000  1.304737e+000  3.827143e+001 -5.799364e-001  3.822150e+000 -2.225828e+000 -5.118846e-001  1.198552e+000  3.588808e+000  8.669829e-001 -1.642479e+000  4.106478e+000  1.504853e+000  6.080192e-001  1.695307e+000 -3.246243e+000 -1.475227e-001  7.172054e-001  7.539333e-001 -5.088176e-001 -2.185664e-001 -3.712596e-001 -1.483841e+000 -6.735457e-001  5.787825e-001  4.152275e-001 -3.690178e-001 -1.574450e-001 -1.441662e-001
-1.215333e+001 -2.941504e+000 -3.362309e-001  3.247080e+000 -1.183983e+000 -2.492785e+000  1.837625e+000 -9.037492e-001 -2.396386e+000 -3.207248e+000  8.474331e+000  6.589512e+000  3.349054e+001 -1.243280e+000  3.587263e+000 -8.817323e-001 -4.078846e-001  2.181183e-001  1.234295e+000 -1.209466e+000 -1.442664e+000  3.993239e+000  2.667571e+000  7.255992e-001  9.439313e-001 -3.113079e+000 -1.929916e-001 -3.093919e-001  8.333579e-001 -1.232802e-001 -3.009115e-001 -8.768249e-001 -1.153926e+000  1.147692e-001 -2.185552e-001  3.208354e-001 -7.402347e-001 -6.575020e-001  4.388122e-001
-1.464644e+001 -1.443126e+000 -2.709302e+000 -7.691992e-002  3.340894e-001  3.649481e+000 -3.354345e+000 -2.307429e+000  3.472113e-001 -4.526269e+000  4.975336e+000  1.125943e+001  3.035433e+001 -1.464853e+000  3.098028e+000  6.655777e-001  8.307806e-002  4.598896e-001  2.899791e-001 -1.847079e+000 -1.212471e-001  4.564174e+000  3.666538e+000 -3.787285e-001  4.230423e-001 -2.248540e+000  1.009775e-001 -8.471569e-001  7.112769e-001  2.242806e-001 -4.226195e-001 -1.297415e+000 -4.769504e-001  4.776676e-001 -8.133870e-001 -5.666623e-002 -7.460276e-001 -1.053641e+000  8.464424e-001
-1.637238e+001 -4.796081e-001 -8.992419e-001  1.701615e+000 -2.855687e+000 -4.334096e-001 -3.318150e+000 -3.433368e-001  2.715367e+000  7.906534e+000  8.159883e+000  3.252469e+000  2.928551e+001 -9.667018e-001  1.295682e+000  2.031067e-001 -6.840888e-002 -2.722943e-001 -1.012251e+000 -1.704111e+000  3.003469e-001  1.669558e+000  2.590497e+000 -1.834203e+000 -1.431980e+000 -8.322592e-001  3.968832e-001 -9.222718e-001  2.194637e-001  3.212579e-002 -1.133215e-001 -5.658949e-001  3.820570e-001  4.841637e-001 -1.035259e+000 -9.936616e-001 -5.765094e-001 -4.965091e-001  8.486392e-001
-1.679138e+001  2.458026e+000  2.747528e+000  3.079207e+000  4.878916e-001 -6.416637e-002 -2.340408e+000  8.171903e-001  9.757784e+000  9.075958e+000  4.090632e+000  5.088470e+000  2.913125e+001 -2.133379e-001  7.321562e-001  7.881368e-001  4.397806e-001 -6.693394e-001 -1.774995e+000 -1.270447e+000 -1.256460e-001  1.201383e+000  1.260059e+000 -1.842218e+000 -2.384944e+000 -1.544411e-001  4.599465e-001 -7.691735e-001 -3.124239e-001 -1.028399e-001 -1.520730e-001  5.151918e-002  8.374362e-001  2.783842e-001 -1.178500e+000 -1.541179e+000 -2.235700e-001 -5.979092e-002  5.417390e-001
-1.591436e+001  1.586329e+000 -2.049112e+000  1.326972e+000 -2.622356e+000 -5.697216e+000 -7.189897e+000 -9.643239e-001  1.246118e+000  2.944123e+000 -2.543325e-001  2.515090e+000  2.994078e+001  1.153793e-001  1.588407e-001  1.543067e-001 -4.256069e-001  2.161254e-001 -5.626928e-001  4.125033e-001  9.803546e-001  4.983382e-001 -1.097497e+000 -1.425203e+000 -1.346213e-001  8.306770e-002  2.479067e-001 -2.209469e-001 -1.505058e-001 -1.724357e-001 -1.857204e-002  6.230084e-001  9.517430e-001  9.755512e-002 -4.723411e-001 -1.037821e+000  3.707454e-001  4.373070e-001  1.430563e-001
-1.594213e+001  1.184686e+000  1.806317e+000  2.309304e+000 -3.129273e+000 -2.593592e+000 -7.770706e+000 -2.625165e+000  7.088752e+000  4.255231e+000 -2.864528e-002 -2.966045e-001  2.925449e+001  2.938396e-001 -1.794185e-001 -8.721418e-001 -2.525227e-001 -5.446852e-001  3.227960e-001  1.281795e+000  9.306699e-001 -7.427176e-001 -2.195359e+000 -1.701079e+000 -5.245916e-001  2.491570e-003  2.520899e-002  1.810796e-002 -2.204558e-001 -3.606258e-002 -1.902241e-002  5.770380e-001  5.591891e-001 -6.871872e-002 -2.766201e-001 -5.030274e-001  5.356188e-001  3.723745e-001 -4.921588e-003
-1.622010e+001  9.512651e-001  3.428966e-001 -4.146752e-002  3.352246e-002 -1.982161e+000  1.459516e+000  6.279614e+000  6.541574e+000  4.829410e+000  3.093505e+000  5.271899e+000  2.963923e+001  1.924305e-002  6.467347e-001  2.807170e-001 -5.844358e-001 -4.274816e-001  1.053895e+000  1.778483e+000  2.599646e-001  2.799032e-001 -8.709005e-001 -5.104554e-002 -1.756213e-001 -1.954439e-001 -1.327387e-001 -4.308931e-002  1.287294e-001  2.505753e-001 -2.374775e-002  1.850681e-001 -3.060902e-001 -8.786914e-001 -1.357523e-001  3.901668e-001  3.693237e-001 -8.028433e-002  4.005158e-002
-1.516931e+001  1.878465e+000 -2.809186e+000  2.500814e+000 -3.563473e+000 -3.077141e-001 -2.561370e-001  1.848571e+000  3.396468e+000 -2.843478e+000 -6.088680e+000  1.087107e+000  2.929449e+001 -3.922481e-002  5.787489e-001 -3.773471e-001  3.388821e-001 -4.426480e-001  3.019010e-001  8.425085e-001 -1.090446e-001 -7.249980e-002 -1.368376e+000  1.487977e-001 -5.025711e-001 -3.979320e-002 -1.978664e-001 -2.262252e-001  4.768994e-001  1.179575e-001  4.992682e-001  2.212243e-001 -4.116239e-001 -7.377965e-001 -5.325542e-002  9.817902e-001  4.778093e-001  7.063348e-002  1.139809e-001
-1.620456e+001  4.473113e+000  1.662224e+000 -1.690962e+000 -4.542664e+000 -1.570677e+000 -2.054765e+000 -1.901369e+000  4.491776e+000  2.138975e+000  2.520457e+000  9.451277e-001  2.894357e+001 -3.817818e-001 -4.356896e-001  5.505564e-001  5.315675e-001  4.636806e-002  3.730950e-001 -8.983042e-001 -2.893245e+000 -5.155322e-001  4.398455e-001 -5.035229e-001 -5.470532e-001  3.044680e-001 -4.974774e-002 -3.965406e-001  2.462004e-001  5.127164e-002  6.401361e-001  1.634588e-001 -1.723962e-001 -4.452059e-002 -1.525499e-001  9.460872e-001  1.383522e-001 -1.559624e-001  8.809486e-002
-1.614603e+001  2.317507e+000 -7.400819e-001  4.828462e+000 -3.054420e+000 -1.289829e+000 -1.801023e+000  9.201034e-001  7.751152e+000 -1.241434e+000  1.001867e+000 -6.460742e-001  2.940335e+001 -4.949797e-001 -7.693322e-001  1.377436e+000 -2.207366e-001  1.714731e+000  1.769318e+000  5.620697e-001 -1.181708e+000 -6.112769e-001  2.058219e+000  9.142066e-001  1.429175e-002  3.224401e-001  1.275660e-001 -1.263135e-001 -1.124025e-002 -4.622429e-001  5.004029e-001  2.096741e-001  5.756477e-001  7.793838e-001  1.648945e-001  8.361348e-001  3.077725e-001  1.336764e-002  2.817477e-003
-1.764066e+001 -1.446704e+000  2.061126e+000  1.452546e+000  1.083600e-002  3.743716e-001 -2.259562e+000 -7.722379e+000  1.786571e+000  6.227615e+000 -2.969383e+000  3.403224e+000  3.110713e+001 -1.618195e-003 -6.619276e-001  6.343275e-001 -4.826826e-002  1.694510e+000  1.137481e+000  1.056722e+000  5.736933e-001 -2.134577e-001  2.146238e+000  2.580111e-001 -1.213865e+000  6.391373e-002  3.586735e-001  2.535025e-001 -7.247760e-001 -5.463521e-001 -1.354724e-001 -1.383646e-001  8.794603e-001  1.438381e+000  2.687791e-001 -3.309778e-001  2.306981e-001  6.728315e-002 -3.719588e-002
-1.692616e+001  9.917129e-001  3.878541e+000 -1.746228e-001  2.733431e+000  7.566349e+000  2.656610e+000 -1.149464e+000  1.692686e+000  5.403299e+000  1.227273e+000 -7.048211e-002  2.982490e+001  4.085233e-001  6.030057e-002 -4.754339e-001 -1.682415e+000  1.235296e+000  9.680787e-001  2.743234e+000  2.054405e+000  6.009355e-001  1.959101e+000  1.306893e+000 -1.023272e-001  9.457131e-002  4.386330e-001  1.044604e-001 -1.087852e+000 -2.709085e-001 -5.640825e-001 -5.099327e-001  2.272440e-001  5.398325e-001 -1.797188e-001 -1.276953e+000 -3.007977e-001  4.020891e-001  1.170029e-001
-1.582258e+001  1.826372e+000  2.524550e+000  5.692396e-001  1.035959e+000 -3.113606e-001  1.000027e+000  2.001881e+000  6.453720e+000  9.547797e+000  3.697810e+000 -5.411992e+000  2.905236e+001  9.598345e-001  4.170067e-001 -2.146889e+000 -1.469354e+000 -3.912764e-001  8.189133e-002  2.408416e+000  2.680601e+000  2.222569e-001 -1.165484e+000  4.536245e-001 -1.523280e-001  2.324230e-001  2.679057e-001 -1.675418e-001 -7.272529e-001  9.059057e-002 -4.985006e-001 -2.816043e-001 -4.330396e-001 -4.039022e-001 -1.087499e+000 -1.561197e+000 -3.804101e-001  8.163090e-001  2.136206e-001
-1.501245e+001  9.824722e-001 -3.348963e+000 -3.141958e+000  2.609497e+000  3.893431e+000  1.028535e+001  6.330000e+000  8.422255e+000  6.893983e+000  4.202736e+000  3.249897e+000  3.090360e+001  1.217459e+000 -7.864976e-001 -2.671216e+000 -8.647363e-001 -6.278851e-002 -2.525512e-001  1.022443e+000  4.640007e-001 -1.727728e+000 -2.670686e+000 -6.875886e-001  1.493969e+000  8.231999e-001  1.273020e-001 -1.702176e-001  1.684856e-001  7.015142e-001 -4.058268e-001 -3.657283e-001 -1.373305e+000 -9.390291e-001 -1.354950e+000 -1.107466e+000 -4.471598e-001  8.804940e-002  1.341864e-001
-1.379834e+001  6.429500e-001 -5.059566e+000 -4.410558e+000 -1.883579e+000  2.620287e+000  5.968145e+000  1.940895e+000 -4.669284e-001 -3.451489e-001 -2.188992e+000  9.813941e-001  3.172990e+001  9.334422e-001 -1.076238e+000 -1.904046e+000 -4.154556e-003 -1.489508e-001  3.397745e-001 -2.480811e-001 -6.506154e-001 -4.486622e+000 -3.344856e+000 -6.467984e-001  2.069532e+000  7.677023e-001 -9.120643e-002 -1.961154e-001  1.057838e+000  7.061928e-001 -3.627459e-001 -3.593874e-001 -1.115433e+000 -7.290860e-001 -4.089811e-001  1.263334e-001 -5.198676e-002 -2.113167e-001  2.237634e-001
-1.185099e+001 -2.349064e+000 -5.685482e+000 -2.008405e+000  3.879258e+000  4.837769e+000  5.284765e+000  1.201033e+000 -3.485631e+000 -3.003656e+000  7.327311e-001  4.202669e+000  3.260213e+001  1.058229e+000 -4.416516e-002  2.455725e-001  1.092556e+000 -9.150010e-001 -9.895043e-001 -2.795042e+000 -9.751321e-001 -3.819376e+000 -2.488542e+000 -3.786945e-001 -7.730104e-001  4.978636e-001 -2.707877e-001  1.129021e-001  1.320365e+000  3.004499e-001 -7.947478e-001 -4.747227e-001 -1.666632e-001 -1.005427e-002  1.010537e+000  1.149025e+000  2.774155e-001 -4.810574e-001  1.666193e-001
-1.273610e+001 -1.889049e+000 -5.827419e+000 -1.830962e-002 -3.436750e-001  9.153429e-001  2.259914e+000  1.313287e+000 -1.002544e+001 -2.227662e+000  2.198820e+000  4.459285e+000  3.204160e+001  5.834171e-001 -9.347364e-001  1.683908e+000  1.082963e+000 -1.778899e+000 -1.346569e+000 -1.260005e+000 -2.452625e-001 -7.768249e-001 -6.248893e-001  3.924364e-002 -7.542205e-002  1.513908e+000 -4.860043e-001  2.497885e-001  9.115424e-001 -9.090848e-002 -4.615044e-001 -3.141532e-001  5.984850e-001  1.453068e-001  2.255582e+000  1.759218e+000  3.378141e-001 -2.421523e-001 -1.283333e-001
-1.025242e+001  2.027646e+000 -1.737175e+000  1.246995e-001 -2.735460e+000 -2.016187e-001 -1.835744e+000  1.768143e+000 -5.895365e+000 -4.607468e+000  1.153570e-001 -2.354100e+000  3.323706e+001  3.853264e-002 -2.927377e-001  2.136632e+000  9.395408e-002 -3.221554e+000 -1.782993e+000  6.950889e-001  2.110529e-001  1.470057e+000  1.714458e+000  3.564678e-001  1.611590e-001  1.283194e+000 -6.866653e-001  1.844803e-001 -1.279231e-002 -3.755025e-001  3.197039e-001  5.314437e-002  8.337292e-001 -3.654911e-003  2.071540e+000  1.474366e+000  1.954212e-001  2.412422e-001 -6.040251e-001
-1.168054e+001 -6.219087e+000  1.385822e+000 -6.229342e-002 -7.470717e+000 -1.592864e+000  3.228374e+000  4.310272e-001 -3.146186e+000 -2.667689e+000 -1.684087e+000  3.882668e+000  3.898198e+001 -9.867311e-001  2.969909e-001  1.708136e+000  4.060417e-002 -1.303196e+000 -8.342471e-001  9.992783e-001 -5.171741e-001  4.146571e+000  3.349736e+000  6.746910e-001  3.916864e-001 -2.666294e-001 -5.636576e-001  6.412627e-001 -5.922852e-001 -2.421612e-001  1.077752e+000  2.753546e-001  5.752742e-004 -1.648702e-001  1.064225e+000  5.824972e-001  6.449926e-002 -2.677751e-001 -1.126688e+000
-1.218611e+001 -1.647734e+000  1.391057e+000 -1.516643e+000 -8.664989e+000 -2.823092e+000  8.275980e+000  2.697427e+000  4.250237e-001  5.788650e+000  4.456524e+000  5.296772e+000  3.554791e+001 -1.590023e+000  2.623729e-001  1.694970e-001 -2.637765e-001  4.456669e-001 -9.799435e-001  2.439622e-001 -8.574508e-001  4.076628e+000  2.895976e+000  2.806877e-001  1.996464e-001 -1.631993e+000 -1.888845e-001  4.469534e-001 -7.152727e-001  1.048345e-002  1.341784e+000  4.623967e-001 -6.283077e-001 -1.117216e-002 -2.728948e-001 -8.627466e-001 -1.626406e-001 -3.508953e-001 -7.200366e-001
-1.670291e+001  1.433595e+000  1.149147e+000  1.005383e+000 -3.894892e+000 -1.945156e+000  2.200444e+000 -1.737225e+000  7.547217e+000  9.322958e+000  3.401691e+000  2.592281e+000  2.955303e+001 -1.420593e+000  1.994022e+000 -2.939501e-001  5.102251e-002  1.776248e+000 -3.713206e-001 -1.031565e+000 -5.353614e-001  3.241014e+000  1.696838e+000  3.996300e-001 -1.433542e+000 -2.661939e+000  3.083145e-001  1.649031e-001 -3.144221e-001  9.483047e-002  5.536274e-001  3.216770e-001 -3.449060e-001  6.295385e-001 -1.316586e+000 -1.502136e+000 -1.079714e-001 -6.574231e-002  8.813844e-002
-1.569135e+001 -4.868307e-001 -7.713524e-001 -1.728021e+000 -2.295038e+000 -4.925190e+000 -1.019678e-001 -1.434985e+000  9.141075e+000  3.877088e+000 -1.024094e+000 -7.106742e-001  2.979157e+001 -6.889589e-001  1.093514e+000 -4.386885e-001  1.411621e-001  1.947642e+000  2.975276e-001 -1.431028e+000  1.642857e-001  5.583613e-001 -1.772825e+000 -3.192047e-001 -6.807035e-001 -1.119335e+000  4.723258e-001 -1.140376e-001  6.879628e-002  1.768209e-001 -3.014430e-002  5.199478e-001  1.432109e-001  9.034903e-001 -1.278404e+000 -9.616573e-001 -6.434691e-003  4.808987e-001  5.930191e-001
-1.703088e+001  3.170570e+000  9.972762e-001  2.985081e-001 -1.774452e+000 -2.398418e+000  2.259521e+000 -1.795740e-001  8.700858e+000  6.772280e+000  3.054372e+000 -2.813167e-001  2.855045e+001  1.043094e-001  7.059358e-001  4.401186e-001  3.122872e-001  7.139534e-001  1.354025e-001  1.122433e-001  2.119650e+000 -6.772264e-001 -1.826543e+000  4.347799e-001  5.031497e-001 -8.226643e-002  4.265489e-001 -5.355192e-001  3.460389e-002  1.069260e-001 -3.218397e-001  3.747499e-001  3.937252e-001  6.304282e-001 -7.166582e-001 -1.683655e-001  6.296226e-002  7.742438e-001  7.040360e-001
-1.546692e+001  2.951348e+000 -7.264500e-001 -4.573952e-001  1.299896e-002 -1.108823e+000  1.091303e+000  2.740030e+000  2.640010e+000 -1.800138e+000  3.034160e+000  3.330053e+000  3.045253e+001  9.154702e-003  3.362279e-001  1.464441e-001  4.896955e-001  8.260928e-001  1.366434e+000  3.881123e-001  2.332495e+000 -3.562695e-001 -1.506202e-001  2.309393e-001  1.635794e+000  4.326592e-002  2.317318e-001 -2.624139e-001  3.087481e-002  2.683425e-001 -3.114281e-001 -1.074333e-001  1.666831e-001  2.799851e-002 -2.460701e-003  9.191180e-001  2.200552e-001  9.431563e-002  2.683400e-001
-1.629358e+001  3.244185e+000  3.327289e+000  1.931506e+000 -1.479143e+000 -3.176327e+000  2.165025e+000  6.773517e+000  7.411618e+000  3.028855e+000  3.546464e+000  3.087666e+000  2.881122e+001  3.630946e-001 -3.049310e-001 -4.134969e-001  4.113860e-001  7.278239e-001  9.679758e-001  2.749088e-002  1.532675e+000  1.150383e-001  4.390775e-002  4.393693e-001  1.279429e+000  2.769407e-001  4.062463e-002 -1.618774e-001 -4.994457e-003  1.708775e-001 -2.617408e-001 -3.466313e-001 -3.424080e-001 -7.298645e-001 -6.778299e-002  7.172940e-001  1.719637e-001 -3.426531e-001  4.848327e-002
-1.601423e+001  1.157502e+000 -1.204138e+000 -9.604254e-002  1.687772e+000  2.295934e+000  1.885841e+000  6.750945e+000  8.004348e+000  4.995700e+000 -1.154437e-001  5.783805e+000  2.987752e+001  3.403073e-001  2.868776e-001  1.424933e-001  1.433325e+000  3.835659e-001 -6.559256e-001 -5.552360e-001  5.977658e-001  1.499254e-001  1.887539e+000  7.787765e-001 -5.972648e-001  4.276199e-002 -1.170399e-001 -8.164519e-002  1.957139e-001 -4.013167e-002 -3.245535e-001 -6.394092e-001 -3.834370e-001 -9.604032e-001 -3.054939e-001  8.219204e-002  1.562044e-001 -4.976980e-001 -8.643138e-002
-1.494175e+001  2.542838e+000 -8.313640e-001  2.174762e+000  1.027281e+000  7.390828e-001  1.999706e+000  5.478343e+000  6.593881e+000  3.593900e+000  6.826020e+000  4.888951e+000  3.022266e+001  1.418562e-001 -7.877585e-002  4.171216e-001  6.948600e-001 -3.734872e-001 -5.865743e-001 -1.128123e+000 -6.623080e-001 -1.269239e+000  7.408471e-001  1.020680e+000 -9.358604e-002  1.604019e-001 -2.565432e-001 -1.980713e-002  1.637769e-001 -4.872803e-001 -2.286154e-001 -2.345291e-001 -2.713762e-002 -6.263418e-001 -4.878111e-001 -4.176648e-001 -3.921523e-001 -1.590950e-001 -1.663048e-001
-1.444130e+001  4.736409e+000  2.065343e+000  6.587602e+000  6.776166e-001 -6.346156e+000 -1.602217e+000  6.376446e+000  3.798506e+000  7.355035e+000  5.288264e+000 -5.569137e-001  2.996062e+001 -4.654256e-001 -1.850756e-001  7.097042e-001  1.473001e-001 -2.460190e-001 -1.053337e+000 -9.512659e-001 -1.372030e+000 -1.191600e+000 -8.812964e-002  7.213060e-001 -1.661886e-001 -3.306215e-001 -2.082722e-001 -4.459332e-001 -4.076769e-001 -1.225528e+000 -3.595687e-001  1.843078e-001  3.212616e-001 -6.095885e-001 -3.033488e-001 -1.164380e+000 -6.141335e-001 -1.570592e-002  7.206263e-001
-1.637077e+001  1.060852e+000  3.778156e+000  2.063983e+000 -2.841502e+000 -1.788154e+000 -1.731559e+000  3.649226e+000  3.168345e+000  5.553422e+000  5.948009e+000  5.790095e+000  2.957168e+001 -5.167547e-001 -1.679901e-001  1.217824e-001 -1.382003e+000 -1.004608e-001 -5.963957e-003  8.981775e-002 -6.141366e-001 -1.653254e+000 -1.056582e+000 -1.492657e+000  2.684156e-001 -3.678915e-001  1.034192e-001 -5.711151e-001 -8.541098e-001 -1.206433e+000 -5.309734e-001 -1.812723e-001  5.055165e-001 -2.412455e-001  3.925535e-001 -8.183712e-001 -4.153523e-001 -5.623847e-001  1.845200e+000
