47 39
-4.657059e+000  2.381731e+000  1.583420e+001  8.874974e+000 -1.368478e+001 -2.011401e+000 -3.941545e+000 -9.455075e+000 -5.538726e+000 -2.929760e+000 -6.635529e+000 -4.900696e+000  4.035564e+001 -3.756777e+000  4.044006e+000 -1.780482e+000  1.135984e+000  7.251793e+000  3.407033e+000  1.337623e+000 -1.896899e-001  4.452736e+000  1.425748e+000  1.218687e+000  4.119013e+000 -6.643159e+000  5.575051e-001 -1.161850e+000 -2.261205e+000 -1.515980e+000  1.876375e+000 -1.582543e+000  2.333238e-001  1.962144e+000 -3.759611e-001  9.584216e-001  5.044720e-001 -6.284971e-001  1.049919e+000
-9.035374e+000  9.220701e+000  8.382196e+000  2.235000e+000  1.393377e-001  2.420651e+000 -7.294303e+000 -4.231778e+000 -3.619198e+000 -1.956177e+000  2.159006e+000  2.930707e+000  3.223693e+001 -2.153573e+000  2.745907e+000 -3.032300e+000 -3.203774e-001  7.256535e+000  1.283188e+000  2.333436e+000  1.942851e+000  3.330348e+000  2.507512e+000  2.773722e+000  2.636979e+000 -5.101784e+000  6.212045e-001 -2.419347e+000 -9.459604e-001 -1.549079e+000 -5.532850e-001 -1.709156e+000 -2.059288e-001  9.300882e-001 -1.701737e+000  2.224869e-001  1.449372e-001 -1.578216e+000  3.467632e+000
-1.133287e+001  6.961391e+000  3.689401e+000  2.612060e+000  8.588124e-001  3.232864e-001  2.141499e+000  2.655616e+000 -1.078281e-001 -1.133889e+000 -1.239382e+000 -1.866215e+000  3.105067e+001 -1.899296e+000 -2.238319e+000 -2.516097e+000 -2.864064e+000  4.663546e+000  8.588859e-002  5.473626e-001  2.103771e+000 -6.740436e-001  1.516964e+000  2.123854e+000  2.970310e-001  7.329866e-001  5.425157e-002 -1.974310e+000  2.038084e-001 -1.562257e+000 -1.714785e+000 -9.731319e-001 -1.006840e+000 -5.151948e-001 -2.001951e+000 -1.136355e-001 -3.516388e-001 -1.335104e+000  4.385025e+000
-1.114275e+001  8.633643e+000  6.045880e+000  7.301349e+000  2.663096e+000 -5.661991e-001  1.469537e+000  1.943661e+000  1.269262e+000  4.275851e+000  2.752029e+000 -1.417944e+000  3.061827e+001 -1.951574e+000 -4.580045e+000 -1.830486e+000 -3.235352e+000  1.912718e+000 -9.492770e-001 -7.378190e-001 -3.249579e-001 -2.630522e+000  1.153580e+000  1.159538e+000 -1.291322e+000  7.347530e+000 -8.532000e-001 -3.691735e-001  5.137585e-001 -1.196377e+000 -1.669960e+000 -4.030490e-001 -7.573894e-001 -7.314697e-001 -7.058796e-001 -2.518738e-001 -1.390532e+000 -7.167535e-001  3.293824e+000
-1.309985e+001 -8.516335e+000  4.421869e+000 -7.978521e+000  8.371070e+000 -8.853292e-002 -5.586652e+000 -2.023938e+000 -1.135317e+001  1.539046e+000  3.687231e+000 -1.241215e+000  4.482991e+001 -3.586519e+000 -2.164569e+000 -1.362347e+000 -5.217815e+000  1.349775e+000 -3.423941e-001 -2.160948e+000 -1.631759e+000 -2.576583e+000  1.534536e+000  2.675847e-001 -5.923570e-001  9.057306e+000 -9.732844e-001  1.686960e+000  5.744291e-001  1.180728e-001 -1.272634e+000 -1.383587e-001  4.570683e-001 -1.049570e-001  1.368297e+000  9.622192e-003 -1.674192e+000 -1.632363e-002  3.289869e-001
-1.790975e+001 -5.940662e+000 -1.136467e+000 -8.646467e+000  5.946799e+000 -2.119824e+000 -7.119322e+000 -3.516791e+000 -1.114914e+001  2.475256e+000  5.493391e+000 -3.838403e+000  6.208496e+001 -5.575962e+000  8.631644e-001 -1.040382e+000 -5.125389e+000  5.636221e-001 -5.179152e-001 -9.935595e-002  1.532680e-001  7.522193e-001  1.239357e+000 -3.250805e+000 -5.020947e-001  7.205179e+000 -2.295889e-001  1.636653e+000  6.755841e-001  1.049176e+000 -9.541095e-001  2.168504e-002  9.603532e-001  2.219559e-001  1.867387e+000 -5.031164e-002 -1.134780e+000  2.850868e-001 -2.276784e+000
-2.588196e+001  3.425700e+000  4.688389e-001 -1.550311e+001  5.965837e+000 -6.118719e-001 -4.368812e+000 -2.772955e+000 -6.781542e+000  7.439090e+000 -1.272139e+000 -3.617770e+000  6.060385e+001 -4.953524e+000  3.474875e+000 -3.900345e-002 -1.328681e+000 -1.025076e+000 -8.215860e-001  2.513473e+000  1.339873e+000  4.476068e+000  1.522187e+000 -4.041935e+000 -1.792008e-001  2.449097e+000  1.215915e+000  1.163470e-001  5.903914e-001  1.749646e+000 -8.524053e-001 -8.835232e-003  6.085927e-001 -7.185714e-002  1.183965e+000 -4.874789e-001 -3.683664e-002  2.252665e-001 -2.710943e+000
-3.263150e+001  6.978447e+000  2.820486e+000 -1.456330e+001  6.683823e+000 -2.894106e+000  3.638369e-001  3.084510e+000  2.744542e+000  7.522614e+000 -1.102231e+001 -2.740140e+000  5.875719e+001 -2.416016e+000  7.834979e-001  8.857628e-001  6.596126e-002 -1.670404e+000 -6.012558e-001  1.726737e+000 -7.009950e-001  3.180087e+000  9.081967e-001 -2.359604e+000 -7.246625e-002 -7.322872e-001  2.343786e+000 -9.777459e-001  5.220715e-001  1.394575e+000 -6.733549e-001  4.002858e-001 -1.845647e-001 -5.655261e-001 -3.416859e-001 -5.206751e-001  1.423471e+000  4.606906e-001 -1.873262e+000
-3.050659e+001  2.398485e+000  2.248375e+000 -1.166351e+001  2.877176e+000 -3.809322e+000  3.239131e+000  1.374779e+000  4.080328e+000  6.626301e+000 -8.264596e+000 -2.686350e+000  5.873928e+001  9.130844e-001 -1.543001e+000  6.265375e-001  9.347376e-001 -1.795238e+000 -3.449000e-001 -3.103069e-002 -1.563913e+000  2.129307e+000 -7.372782e-001 -3.621991e-001  3.191612e-001 -5.286735e-001  2.241964e+000 -1.109307e+000  3.182723e-001  4.515059e-001 -1.641820e-001  6.978617e-001 -5.523503e-001 -4.550568e-001 -1.162446e+000 -2.315550e-001  1.710353e+000  7.562463e-001 -7.421518e-001
-2.767752e+001 -1.509565e+000  2.402579e+000 -1.023646e+001 -8.608881e-001 -3.527378e+000 -2.289610e+000 -9.095633e+000 -6.796392e-001  7.422634e+000 -2.808400e+000 -4.666444e+000  5.935581e+001  3.209664e+000 -1.516627e+000  1.237205e+000  7.157784e-001 -2.418071e+000  1.245171e+000  2.500723e-001 -1.222469e+000  2.171709e-001 -2.342860e-001  2.026684e+000  1.552177e+000 -6.722469e-001  1.486569e+000 -1.836944e-001  2.334526e-001  1.460679e-001 -1.946371e-001  5.393274e-001 -7.432297e-002  9.779800e-002 -7.763212e-001  5.811555e-002  8.385231e-001  5.358088e-001 -3.351385e-001
-2.379353e+001 -4.529638e-002  3.810480e+000 -1.299284e+001  7.620006e-001 -2.019736e+000 -3.197242e+000 -4.502451e+000  5.577081e+000  3.802689e+000 -7.190091e+000 -1.058812e+000  5.766117e+001  3.443455e+000 -9.215958e-001  1.376637e+000  6.039398e-001 -1.472152e+000  1.744509e+000  4.900533e-001 -6.746739e-001  1.452964e-001  9.356532e-001  2.316683e+000  2.789709e+000 -1.291682e+000  8.563093e-001  5.886732e-001  1.990140e-001  4.099456e-002 -5.558461e-001 -2.505932e-001  9.822956e-002 -3.634705e-001 -8.413385e-001 -1.082539e-001 -1.883566e-001 -3.957281e-001 -3.499388e-001
-1.993971e+001  6.172028e-001  8.225460e+000 -1.031975e+001 -4.348945e+000  2.436954e+000  4.832385e+000 -8.921928e-002  3.082020e+000  7.762990e+000 -1.426146e+000  4.206975e+000  5.593501e+001  3.751643e+000 -4.456766e-001  1.677976e+000  9.616996e-001 -2.805132e+000  1.050676e+000  1.094580e+000 -6.566249e-001  2.904859e-001  3.623088e-001  4.935706e-001  1.371304e+000 -2.026475e+000  5.593598e-001  6.995342e-001 -1.830710e-001 -3.287781e-001 -6.272738e-001 -1.512226e+000 -3.467292e-001 -1.204716e+000 -6.163422e-001 -9.020177e-001 -1.189124e+000 -1.442539e+000  1.692772e-001
-1.715822e+001 -3.272877e+000  6.220119e+000 -8.602166e+000 -2.739558e+000  1.931059e+000  2.128400e+000 -6.501797e+000  2.925981e+000  1.113439e+001  2.627693e+000  6.825486e+000  5.399127e+001  4.923641e+000  8.648902e-001  1.401222e+000  1.016750e+000 -4.380939e+000 -1.500619e+000  3.786337e-002 -3.664188e+000 -2.114043e+000 -1.576845e+000 -5.374255e-001 -1.569043e+000 -1.601254e+000  2.992323e-001  6.006505e-001 -3.873327e-001 -7.541547e-001 -4.845119e-001 -1.845211e+000 -3.534772e-001 -1.178121e+000 -4.926391e-001 -1.245957e+000 -1.386645e+000 -1.625374e+000  8.156135e-001
-1.223695e+001 -2.124157e+000  9.587641e+000 -7.623298e+000 -1.313577e+001 -2.493929e-001  5.204679e-001 -1.137908e+001  2.098341e+000  5.568328e+000 -5.249439e+000 -1.752074e+000  5.105839e+001  5.266370e+000  1.087801e+000  3.095575e-001 -1.134517e+000 -4.100047e+000 -4.693395e+000 -1.257479e+000 -5.751294e+000 -1.734871e+000 -3.488126e+000 -2.491881e+000 -3.481143e+000  3.289246e-001 -3.770479e-001  1.745646e-001 -5.713094e-001 -8.938504e-001  4.458421e-001 -1.216612e+000 -4.442083e-002 -4.460048e-001 -1.292575e-002 -4.484151e-001 -6.270241e-001 -5.640852e-001  1.117212e+000
-3.026703e+000  5.649835e+000  1.013550e+001 -9.257316e+000 -1.674928e+001 -8.179656e+000 -8.519664e-001 -1.717846e+001 -4.501295e+000 -2.984205e+000 -7.965572e+000 -5.924502e+000  5.209321e+001  4.182253e+000  1.314918e+000  1.241826e-001 -2.118725e+000 -3.247254e+000 -4.609509e+000 -1.013035e-001 -4.017946e+000 -1.305221e+000 -3.368915e+000 -3.123815e+000 -2.910938e+000  1.608685e+000 -1.235152e+000 -5.575054e-001 -3.363183e-001 -4.351758e-001  1.058465e+000  1.804896e-001  4.462726e-001  8.971547e-001  6.509452e-001  7.907470e-001  2.311444e-001  4.241189e-001  6.924849e-001
-6.736243e-001  1.594853e+000  7.815557e+000 -1.566476e+001 -1.784432e+001 -1.597466e+001  3.517501e-002 -2.350736e+001 -1.878695e+000 -2.618341e+000 -8.588919e+000 -6.823746e+000  5.852866e+001  2.237098e+000  2.021327e-001 -5.400510e-001 -1.939815e+000 -1.142764e+000 -3.477941e+000  9.420591e-001 -2.709770e+000 -1.785541e-001 -9.837319e-001 -1.348355e+000 -7.781748e-001  1.954618e+000 -1.414731e+000 -7.159901e-001  7.138267e-002  5.886766e-001  1.022786e+000  1.264174e+000  5.731174e-001  1.674630e+000  3.962916e-001  1.424363e+000  9.739885e-001  7.585930e-001 -1.540041e-001
-2.028623e+000  1.442206e+000  7.727074e+000 -1.517506e+001 -1.662155e+001 -1.325385e+001  1.864529e+000 -2.052739e+001 -1.611605e+000 -1.616849e+000 -1.132164e+001 -5.193367e+000  5.829956e+001  2.625189e-001 -1.479803e+000  1.444345e-001 -7.564805e-001 -5.672560e-001 -1.205898e+000  1.169457e+000 -6.991758e-001  3.625247e-001  1.124693e+000  4.653339e-002 -7.999328e-001  1.048325e+000 -9.604012e-001 -6.926339e-001  2.549642e-001  9.865921e-001  6.688363e-001  1.094978e+000  1.393057e-001  1.432591e+000  3.155257e-002  1.209879e+000  1.314986e+000  4.786976e-001 -5.288798e-001
-1.550503e+000  9.903207e-001  8.091599e+000 -1.436350e+001 -1.891345e+001 -1.510200e+001  3.872515e+000 -2.325347e+001 -2.392746e-001 -3.400933e-002 -1.031318e+001 -6.008516e+000  5.772830e+001  1.525817e-001 -1.094789e+000  6.563449e-001  1.127743e+000 -3.261179e-001 -7.432985e-002  9.727279e-001  9.624716e-001 -5.872855e-001  1.386886e+000  7.928870e-001 -7.436809e-001 -1.609158e-001 -3.789203e-001 -3.733258e-001  3.345769e-001  7.835953e-001  3.227607e-001  5.736883e-001 -2.840266e-001  1.159449e+000 -3.033846e-001  3.912249e-001  9.734064e-001  1.588540e-001 -4.707689e-001
-1.275669e+000 -1.446913e+000  1.071965e+001 -1.369035e+001 -1.905099e+001 -1.464548e+001  3.076650e+000 -2.080128e+001 -3.508381e+000  1.347094e+000 -6.870775e+000 -1.033178e+001  5.773501e+001  4.225053e-001 -1.499791e+000  8.008057e-001  1.280456e+000 -3.113956e-001 -8.364232e-001  5.798908e-001  1.308889e+000 -9.430922e-001  1.495173e+000  2.380491e+000 -5.346969e-001  2.205315e-002 -3.362620e-002 -3.887389e-002  9.636037e-002  2.675525e-001  2.857348e-001 -9.994069e-002 -3.105734e-001  7.036580e-001 -3.757520e-001 -2.238027e-001  4.628802e-001  3.276149e-001 -1.426899e-001
-2.871931e-001 -2.434534e+000  9.600993e+000 -1.076840e+001 -1.826019e+001 -1.565050e+001  4.292754e+000 -1.855805e+001 -3.866735e+000  2.834119e+000 -6.849917e+000 -7.972944e+000  5.800635e+001  2.625033e-001 -1.654502e+000  8.046480e-001  9.596936e-001  3.431097e-001 -7.942365e-001 -1.832906e-001  2.083441e+000 -1.042669e+000  7.871523e-001  2.351698e+000 -1.165229e-001  1.139091e-001 -9.529959e-002  4.435118e-002 -1.909261e-002 -1.176296e-001  2.742449e-001 -3.439149e-001 -2.660750e-001  4.380919e-001 -1.094426e-001 -5.318367e-001  1.160303e-002  3.363452e-001  1.055439e-001
-5.477514e-001 -4.344321e+000  1.097641e+001 -1.057033e+001 -1.850516e+001 -1.716172e+001  4.553864e+000 -1.633065e+001 -4.513336e+000  4.424954e+000 -1.150817e+000 -6.884638e+000  5.827080e+001  3.942709e-002 -1.394316e+000  5.520848e-001  6.653069e-001  5.268041e-001 -1.345648e+000  1.945997e-001  2.258630e+000 -1.288544e+000  3.055463e-001  1.581529e+000  5.245628e-001  1.974628e-001  8.584077e-003  2.980550e-001 -2.116424e-001 -8.127318e-002  4.101536e-001 -3.168114e-001 -2.072041e-001  2.203649e-001  1.859860e-001 -7.411515e-001 -7.228652e-001  4.407777e-001  2.042103e-002
-6.019449e-001 -5.833486e+000  1.198646e+001 -1.112504e+001 -1.747082e+001 -1.781506e+001  2.217455e+000 -1.507157e+001 -4.950140e+000  2.362822e+000 -1.414668e+000 -8.314702e+000  5.802995e+001 -1.323772e-001 -9.257709e-001  6.852423e-001  8.471699e-001  6.260067e-001 -1.539292e+000 -1.650016e-001  2.678061e+000 -9.617726e-001 -6.774839e-001  1.250383e+000  4.084152e-001  2.790989e-001  1.589456e-001  4.866724e-001 -5.805417e-001  1.320185e-001  3.957244e-001 -3.232532e-001 -2.959130e-001  1.546156e-002  5.128403e-001 -6.075839e-001 -9.747900e-001  5.884763e-001 -9.564274e-002
-9.211578e-001 -6.719015e+000  1.228734e+001 -1.018549e+001 -1.681166e+001 -2.029144e+001  5.087298e+000 -1.125138e+001 -9.409398e+000  3.110474e+000 -1.680754e+000 -7.538088e+000  5.871053e+001  6.628659e-001 -3.738816e-001 -1.977034e-001  9.303518e-001  1.597924e+000 -2.047952e+000 -4.652744e-001  2.113403e+000 -5.360999e-002 -1.478266e+000 -6.831776e-001  1.406723e+000  4.156341e-002  2.079917e-001  5.098672e-001 -8.595452e-001  2.333325e-001  4.431323e-001 -1.265137e-001 -6.510813e-001 -1.169818e-001  8.021374e-001 -4.584074e-001 -9.109529e-001  5.438156e-001 -2.259321e-001
-7.623757e-001 -5.876041e+000  1.237174e+001 -6.724969e+000 -1.597691e+001 -2.178210e+001  3.201030e+000 -7.707390e+000 -6.227566e+000  1.039397e-001 -3.330317e-001 -5.604143e+000  5.918198e+001  7.455119e-001  2.686426e-001 -1.723167e+000  1.487264e+000  1.786172e+000 -2.059350e+000 -1.332918e+000  2.233362e+000  9.040658e-001 -1.358861e+000 -1.389899e+000  2.384778e+000 -2.863548e-001  1.343422e-001  3.469057e-001 -8.463395e-001  4.420276e-002  4.253626e-001  8.231457e-002 -6.084251e-001 -3.957750e-001  7.791429e-001  1.872200e-002 -8.285933e-001  2.952411e-001 -2.915826e-001
 2.846794e+000 -6.192451e+000  9.795251e+000 -8.118609e+000 -1.126250e+001 -2.541796e+001  1.735705e+000 -9.445727e+000 -4.142673e+000 -1.836933e+000 -5.107523e+000 -1.206304e+000  5.790260e+001  6.404409e-001  5.578135e-001 -2.541437e+000  1.511923e+000  2.162383e+000 -1.718187e+000 -2.476849e+000  1.896070e+000  1.789224e+000 -1.645802e+000 -1.653095e+000  2.255459e+000 -6.494709e-001 -1.876317e-001  2.879584e-001 -5.438172e-001 -6.848265e-002  2.459179e-001  4.159073e-001 -3.115498e-001 -6.683989e-001  6.692823e-001  3.033669e-001 -2.504665e-001 -4.096761e-001 -1.309913e-001
 1.241639e+000 -4.753555e+000  4.616674e+000 -4.722163e+000 -1.131454e+001 -2.554855e+001 -2.771341e+000 -4.807587e+000 -3.063174e+000 -1.957780e+000 -6.650778e+000  4.432975e-001  5.700214e+001  5.505465e-001  3.429102e-001 -2.374589e+000  7.773982e-001  2.470590e+000 -1.292602e+000 -2.201340e+000  8.078526e-001  2.012525e+000 -5.001057e-001 -2.407625e+000  1.460252e+000 -8.332970e-001 -1.292854e-001  1.893494e-001 -5.243223e-002 -3.295411e-001  3.721403e-001  6.848255e-001  1.440190e-001 -1.305087e+000  2.673163e-001  5.538741e-001 -3.537792e-002 -9.292980e-001  1.250161e-002
 1.279040e+000 -4.491191e+000  3.457690e+000 -3.627282e+000 -8.330927e+000 -2.699914e+001 -4.310760e+000 -3.220928e+000 -2.045473e+000 -4.087676e+000 -6.787354e+000  7.154887e-001  5.655309e+001 -1.778097e-001  1.028777e+000 -2.591078e+000  9.428712e-001  2.485304e+000 -3.517904e-001 -1.588813e+000 -5.158365e-001  2.738572e+000 -3.908089e-001 -1.426647e+000 -1.793946e-001 -3.399220e-001  6.011467e-002  3.387571e-001  1.875528e-001 -3.690988e-001  2.281699e-001  1.064565e+000  2.864971e-001 -1.394063e+000 -2.456962e-001  8.098208e-001  1.225654e-001 -9.592521e-001 -1.217607e-001
 2.774234e+000 -5.012120e+000  3.667573e+000 -5.083642e+000 -5.089743e+000 -2.745451e+001 -4.782437e+000 -6.780527e+000  2.786458e+000 -1.271217e+000 -1.153124e+001  7.362227e-001  5.569025e+001  5.082103e-001  9.799081e-001 -1.960507e+000  1.240836e-001  3.485413e+000  6.815785e-001 -1.056841e+000 -3.086118e+000  1.765973e+000  7.830130e-001 -1.680012e+000 -1.044285e+000 -3.786213e-001  2.642775e-001  4.338332e-001  2.070131e-001 -4.426442e-001 -4.584091e-002  1.168395e+000  7.917611e-002 -9.590020e-001 -9.074356e-001  7.967969e-001  5.426389e-001 -6.141648e-001 -2.998862e-001
 1.191448e+000 -9.192848e-001 -2.685589e+000 -3.223514e+000 -1.948376e+000 -2.622393e+001 -5.202810e+000 -1.103844e+001  6.625371e+000 -4.134259e+000 -9.800529e+000 -2.249739e+000  5.685894e+001  9.621824e-001  1.933100e+000 -1.810714e+000 -6.914043e-003  2.795821e+000  2.617550e+000 -1.616613e+000 -3.127263e+000  6.840190e-001  1.761742e+000 -1.404074e+000 -1.288533e+000 -1.485612e+000  4.196332e-001  2.404409e-001  3.526131e-001 -6.396244e-001 -4.891156e-001  1.092337e+000  2.618819e-002 -3.163787e-001 -1.330139e+000  7.477217e-001  7.231315e-001 -6.446723e-002 -4.749784e-001
 3.826487e+000 -1.639968e+000 -2.114222e+000 -4.303629e+000  2.921249e+000 -2.252826e+001 -7.609522e+000 -1.632942e+001  1.431270e+000  1.980577e+000 -1.354425e+001 -3.295511e+000  5.495611e+001  1.301938e+000  2.059915e+000 -1.729705e+000 -9.609303e-001  2.086127e+000  3.064704e+000 -1.791559e+000 -2.681445e+000 -1.497377e+000  2.407603e+000  2.942832e-001 -1.056003e+000 -1.759883e+000  4.830543e-002  1.385913e-001  2.631488e-001 -4.892770e-001 -8.593005e-001  7.956797e-001  3.153306e-001  3.812034e-001 -9.114487e-001  3.502786e-001  1.217231e+000  3.898913e-001 -3.432911e-001
 5.563825e+000  3.488234e+000 -2.704980e+000 -4.051859e+000  1.642684e+000 -1.637452e+001 -1.098028e+001 -1.408279e+001  2.052216e+000  3.095139e+000 -1.280122e+001 -3.711308e+000  4.949210e+001  1.523492e+000  1.690978e+000 -9.434134e-001 -1.712744e+000  7.393692e-001  3.918331e+000 -1.090513e+000 -2.300067e+000 -2.280448e+000  2.535505e+000  1.201863e+000 -4.958716e-001 -2.024183e+000 -2.890625e-001 -1.686271e-001  1.721990e-001 -3.373368e-001 -8.459527e-001  2.071473e-001  6.729285e-001  2.986130e-001 -6.816328e-001 -4.866086e-001  8.501679e-001  3.188293e-001 -4.608081e-002
 7.097734e+000  3.083693e+000 -4.971258e+000 -9.474121e+000  3.545361e+000 -1.705570e+001 -1.085150e+001 -1.866557e+001 -2.413848e+000  7.152100e+000 -8.559480e+000 -3.813007e+000  5.057426e+001  4.690824e-001  1.793926e+000 -1.078413e+000 -1.469386e+000  2.171364e-001  4.009586e+000  2.567619e-001 -1.593699e+000 -1.309037e+000  2.147525e+000  3.103174e+000  5.088414e-001 -1.825791e+000 -4.513748e-001 -1.823033e-001  1.660736e-001 -1.653161e-002 -8.097520e-001 -2.090085e-002  7.913969e-001  2.898544e-001 -4.206999e-001 -1.229128e+000 -2.341115e-002  2.258392e-001  2.804486e-002
 7.173286e+000  5.173774e+000 -5.974138e+000 -9.201987e+000  1.436414e+000 -9.368562e+000 -9.034386e+000 -2.137070e+001 -2.854310e+000  5.957502e+000 -6.283602e+000 -4.470349e+000  4.892895e+001 -6.670246e-002  1.222959e+000 -1.275365e+000 -1.439370e+000 -4.994471e-001  3.180845e+000  7.238692e-001 -2.178070e+000 -2.818315e+000 -5.412616e-001  1.442320e+000 -4.768083e-001 -1.683062e+000 -5.538229e-001 -3.514742e-001  4.316891e-001  6.485401e-001 -8.218823e-001 -4.606209e-001  5.482745e-001  4.333062e-001 -1.894453e-001 -1.685879e+000 -8.957376e-001 -4.947349e-002  1.623927e-001
 5.367168e+000  6.486892e+000 -5.871710e+000 -9.075497e+000  4.110066e+000 -5.983313e+000 -7.298660e+000 -2.065396e+001 -2.660652e+000  1.128702e+001 -1.287191e+000 -3.717840e-001  4.610873e+001 -1.598387e-001  1.382408e+000 -7.333618e-001 -1.180275e+000 -1.343225e+000  3.328943e+000  1.258234e+000 -1.293171e+000 -3.331943e+000 -2.199652e+000  5.699873e-002  6.366124e-002 -1.790219e+000 -4.226639e-001 -5.125812e-001  7.260455e-001  9.782221e-001 -6.721824e-001 -5.145434e-001  6.839301e-002  5.439658e-001  5.575671e-002 -1.492689e+000 -1.294188e+000 -4.492265e-001  1.977225e-001
 6.095596e+000  7.901429e+000 -8.631577e+000 -1.144802e+001 -1.136904e+000 -6.006487e+000 -9.137355e+000 -2.397895e+001 -1.191596e+001 -1.678629e+000 -9.225762e+000 -7.815961e+000  4.330956e+001 -9.311615e-001  1.393664e-001  1.042506e+000  1.385401e+000 -2.589862e+000  1.955548e+000  1.150124e+000 -2.837996e-001 -2.216222e+000 -3.720300e+000 -1.753738e+000 -5.206490e-001 -1.230006e+000 -4.504125e-001 -5.637474e-001  7.481589e-001  1.227301e+000  1.610121e-001 -2.366930e-001 -1.584493e-002  8.053738e-001  8.013426e-001 -4.759432e-001 -5.521864e-001 -2.709281e-001  1.730886e-001
 6.837386e+000  8.631904e+000 -7.309347e+000 -1.425248e+001 -1.884106e+000 -2.092021e+000 -4.508844e+000 -2.382730e+001 -1.454274e+001 -2.809486e-002 -6.803406e+000 -1.821895e+000  4.443286e+001 -1.212008e+000 -2.271839e-001  1.392879e+000  2.009339e+000 -2.098568e+000  2.049518e+000  3.855997e-001  1.789947e-001 -1.331300e+000 -3.726399e+000 -1.769737e+000 -1.715371e+000 -1.063707e+000 -3.997908e-001 -6.176620e-001  2.017202e-001  6.515388e-001  7.281249e-001 -5.598997e-002  7.540808e-002  8.237669e-001  7.665746e-001  2.499533e-001  1.138777e-001 -2.916854e-001  4.852605e-002
 1.782370e+000  4.798100e+000 -4.278863e-002  3.135090e-001 -8.515808e+000 -1.536468e+000 -4.678675e+000 -2.120303e+001 -7.994376e+000 -6.986442e+000 -1.229418e+001 -6.348538e+000  4.361686e+001 -1.792680e+000 -7.909825e-001  1.402309e+000  3.102329e+000  6.832850e-001  2.637092e+000  1.080962e+000  1.112716e+000  1.880768e-001 -2.157604e+000 -4.052437e-001 -9.419327e-001 -1.180875e+000 -1.175709e-002 -3.790099e-001 -7.452490e-001 -6.785015e-001  9.297537e-001  7.171328e-002  1.800066e-001  9.612876e-001  4.479884e-001  1.076815e+000  6.896640e-001  5.383469e-001 -4.842045e-002
 1.463743e+000  6.902637e+000 -3.201712e+000 -4.909567e+000 -2.693324e+000  2.029269e+000 -7.600002e+000 -2.114695e+001 -1.127794e+001 -4.691067e+000 -8.601667e+000 -9.682349e+000  4.063655e+001 -1.728033e+000 -1.240728e+000  9.533750e-002  1.218955e+000  6.608260e-001  2.708221e+000  1.669855e+000  2.127406e+000 -7.012189e-001 -1.731233e+000 -4.785986e-002 -1.184124e+000 -1.572154e+000  1.309585e-001 -4.275213e-001 -1.053587e+000 -9.658282e-001  3.315984e-001 -4.462707e-001  1.324722e-001  8.351281e-001  3.571316e-001  1.112836e+000  4.597732e-001  1.046180e+000  1.045669e-001
-1.809840e-001  4.811150e+000 -3.673848e+000 -6.078359e-001  2.684130e+000  5.118330e+000 -2.186967e+000 -1.975554e+001 -1.260797e+001 -1.013516e+001 -1.035285e+001 -8.595398e+000  3.930333e+001 -7.319342e-001 -1.248911e+000 -2.034969e+000 -1.611915e+000  6.792094e-001  1.984763e+000  1.408029e+000  3.548433e+000 -2.913201e-001  6.661939e-001  8.336431e-001  1.905462e+000 -1.217884e+000  2.048483e-001 -2.957014e-001 -7.891284e-001 -6.728393e-001 -6.370784e-002 -8.586003e-001 -4.899392e-001  4.733576e-001  5.910414e-001  1.063683e+000  1.922905e-001  6.825137e-001  2.731256e-001
-8.211022e-001  2.421740e+000 -5.017130e+000 -7.697032e+000 -4.179945e+000  8.121684e+000  2.594579e+000 -1.391401e+001 -1.574204e+001 -7.109901e+000 -8.013372e+000 -6.619085e+000  3.872885e+001 -1.087588e+000 -2.135826e+000 -2.156419e+000 -4.626805e-001 -4.385388e-001  1.443293e-001  8.844272e-001  3.136777e+000  6.940565e-001  4.258804e-001 -9.031467e-002  2.091834e+000 -5.223675e-001 -3.658372e-003 -2.150588e-001  1.190667e-002  6.047913e-001  4.930636e-001 -9.418550e-001 -9.335756e-001 -3.489416e-001  1.020746e+000  9.219476e-001 -8.479825e-002 -4.580041e-002  2.907007e-001
-7.348789e-001  7.939927e-001 -9.309922e+000 -6.352334e+000 -4.376451e+000  5.341139e+000 -2.735820e+000 -7.077333e+000 -7.218930e+000 -2.446055e+000 -8.420116e+000  1.647140e+000  3.848129e+001 -1.088661e+000 -1.821941e+000 -1.417454e+000  5.789496e-001  9.144282e-001 -3.739633e-001 -9.760205e-001  2.974819e+000  2.445646e+000  2.082253e+000  5.774361e-001  8.326567e-001 -3.401402e-001 -2.160830e-001 -4.194748e-002  7.780459e-001  1.147649e+000  7.575511e-001 -6.911434e-001 -7.412348e-001 -7.931187e-001  7.234198e-001  3.328060e-001 -2.970137e-001 -1.083148e+000  1.057011e-001
-3.697249e+000 -1.767915e+000 -1.116577e+001 -4.350721e+000 -1.355727e+000  2.639511e+000 -2.903439e+000 -1.180217e+001 -1.050218e+001 -6.406219e+000 -1.001961e+001 -4.344450e+000  3.843574e+001 -1.567961e+000 -2.029507e+000 -1.538862e-001  3.147479e+000  3.008535e+000 -8.216909e-001 -1.805997e+000  6.695048e-001  3.034029e+000  2.170475e+000 -3.437476e-001 -8.767234e-001 -5.575230e-001 -1.685178e-001  3.737569e-001  8.224035e-001  6.209093e-001  6.617649e-001 -1.616261e-001 -6.675249e-002 -3.553573e-001  4.286480e-001  9.240095e-002 -2.016408e-001 -6.221883e-001 -1.738866e-001
-4.186218e+000 -2.203726e+000 -7.686801e+000  6.137567e-001  5.844162e+000  5.989600e+000 -4.318060e+000 -5.937368e+000 -2.999668e+000 -7.574061e-002 -6.462552e+000 -5.569432e+000  3.774919e+001 -1.572163e+000 -1.511808e+000  8.539944e-001  2.321250e+000  2.743428e+000 -9.879441e-001 -9.529326e-001  8.164753e-001  2.155792e+000  1.457927e+000 -5.247090e-001 -2.026001e+000 -6.718010e-001 -1.370728e-001  4.089185e-001  3.925829e-001 -7.828411e-002 -2.077466e-001 -7.970164e-002  7.183493e-001 -2.109121e-001 -2.556690e-001 -7.485440e-001 -1.546438e-001  2.114139e-001 -1.808652e-001
-6.935239e+000 -6.226939e+000 -6.598122e+000  4.557319e+000  5.752421e+000  3.688999e+000 -5.644288e+000 -1.113647e+001 -2.681520e+000  2.557317e+000 -1.071089e+001 -7.394416e+000  3.630728e+001 -1.688426e+000 -4.221080e-001  8.198739e-001  1.770716e+000  1.955786e+000 -3.568106e-001  5.391209e-001  2.439162e+000  2.982223e+000  1.200048e+000 -5.474460e-001  4.102210e-001 -1.225970e+000  6.157900e-002  6.162482e-001  3.806642e-002 -7.215637e-001 -9.150215e-001 -1.267424e-001  6.357690e-001  1.444511e-001 -4.985738e-001 -9.533005e-001  4.468978e-001  8.452161e-001 -5.633240e-002
-6.976697e+000 -4.535536e+000 -7.323774e+000  7.998967e-001  5.786615e+000 -1.233250e-001 -6.130058e+000 -3.327809e+000 -3.502974e-001  3.618097e-001 -1.069802e+001 -6.957883e+000  3.618651e+001 -1.713793e+000 -5.810477e-001  5.858011e-002  8.759108e-001  4.020697e-001 -1.004912e+000  1.443167e+000  1.035430e+000  1.193204e+000 -1.175254e+000 -9.393358e-002  1.246254e+000 -9.102424e-001  2.040860e-001  4.814848e-001 -1.234710e-001 -6.755174e-001 -1.305805e+000 -2.830564e-002  1.793857e-001 -3.725931e-001 -8.465822e-001 -7.411323e-001  1.031923e+000  8.999072e-001  5.624328e-002
-1.074414e+001 -2.712550e+000 -7.247913e+000  4.409788e+000  8.451976e+000  3.911921e+000  6.981640e-001 -9.111428e-001  3.084250e+000 -6.247534e-001 -1.063910e+001 -1.599119e+000  3.308723e+001 -1.189251e+000  5.863535e-001  4.341530e-001  2.623305e-001 -3.958938e-001 -1.446919e+000  1.747978e-001  1.282283e+000  1.022454e+000 -1.279437e+000  1.675354e+000  1.713229e+000 -7.199642e-001  3.382495e-001  2.947585e-001  8.172572e-002 -7.683185e-001 -1.333457e+000 -7.550750e-002 -2.733706e-001 -6.880043e-001 -1.035793e+000 -2.696609e-001  1.146687e+000  2.124467e-001  1.700561e-001
-1.085073e+001 -6.866158e+000 -7.069005e+000  5.067076e+000  6.504734e+000  8.535805e-001 -2.734524e-001 -5.872883e+000  8.346701e-002 -4.360973e+000 -6.968114e+000 -2.235810e+000  3.480800e+001 -8.013204e-001  3.913854e-001  4.294997e-001 -3.021441e-001 -2.609759e+000 -5.844181e-001  1.261576e-001 -4.680508e-001 -1.097234e+000 -1.007992e+000  3.523508e+000  1.822031e+000 -6.435875e-001  3.791290e-001  3.835059e-001  2.757917e-001 -4.814139e-001 -5.305378e-001  1.804518e-001 -1.538629e-001 -2.079170e-002 -8.172053e-001  2.500441e-001  4.883709e-001 -4.120350e-003  9.275679e-002
