17 39
-1.127804e+001  4.271817e+000 -2.928193e+000 -1.526940e+000 -5.034649e+000 -4.825521e+000 -4.542036e+000 -1.614367e+000  4.526288e+000 -1.204654e+000 -5.453196e+000  3.490766e+000  3.108343e+001 -3.340522e+000  2.008465e+000  1.033763e+000  2.485726e+000  4.489260e+000  4.718211e+000  1.842636e-001 -7.486768e-001  2.656890e+000  4.084533e+000  3.001165e+000  4.731970e-001 -4.194481e+000  1.920633e+000 -3.350982e+000  1.376955e+000 -2.328886e+000  6.196280e-001 -6.032872e-001  6.020354e-002 -3.274452e-001 -1.813068e+000 -3.514780e-001 -1.094131e+000 -1.607402e+000  4.557103e+000
-1.534627e+001  1.966614e+000 -8.073990e-001  2.009977e+000 -4.638461e-001 -2.602427e+000  2.591695e-001  4.708286e+000  3.451172e+000  7.910969e-001  3.576523e+000  5.961095e+000  2.878396e+001  4.420867e-001 -4.231253e+000  9.863312e-001 -7.670775e-001  4.905110e+000  1.658820e+000 -6.993582e-001 -3.711085e-001 -4.297566e-002  2.172665e+000 -3.557247e-001 -1.997420e+000  3.097883e+000  2.771379e+000 -2.885288e+000  2.763395e-001 -2.958808e+000 -1.612014e-001 -1.695606e+000 -2.609374e-001 -6.076620e-001 -1.822471e+000 -9.799841e-001 -2.227832e+000 -1.777595e+000  4.932403e+000
-1.509860e+001  1.894293e+000  2.505985e+000  1.093804e+000 -3.449198e+000 -2.404172e+000 -1.829133e+000  6.806187e+000  6.484618e+000  4.521163e+000  3.003341e+000 -1.450639e+000  2.869765e+001  4.475419e+000 -5.794069e+000 -2.092460e-001 -4.898053e+000  3.488300e+000 -1.383203e+000 -1.211406e+000 -1.811680e+000 -2.799834e+000 -8.345780e-002 -4.161302e+000 -3.968713e+000  8.540420e+000  2.178905e+000 -1.179749e+000 -7.267098e-001 -2.274017e+000 -4.323878e-001 -1.777228e+000 -1.641305e-001 -9.491420e-001 -1.071368e+000 -1.289608e+000 -1.813907e+000 -9.718751e-001  3.206007e+000
-2.362067e+000 -1.548304e+001 -2.112380e+000 -1.431167e+001  6.759786e+000 -4.793278e+000 -9.616947e+000 -4.571499e+000 -6.634631e+000 -2.225853e+000 -1.682981e+001 -9.267303e+000  5.192279e+001  6.099639e+000 -5.147806e+000 -8.572196e-001 -6.491343e+000  3.492444e+000 -2.287487e+000 -1.439160e+000 -3.777317e+000 -2.283007e+000 -4.999137e-001 -5.345470e+000 -4.291777e+000  1.036917e+001  1.614637e-001  1.247628e+000 -6.586987e-001 -6.322582e-001 -1.044626e+000 -7.948185e-001  3.535834e-001 -4.857186e-001 -2.024757e-002 -6.649004e-001 -1.095572e-001  8.852713e-002 -2.268306e-001
 4.606956e+000 -1.597370e+001 -3.321932e+000 -1.785638e+001  8.795034e+000 -1.064611e+001 -5.661009e+000 -6.032876e+000 -4.429983e+000 -1.134683e-001 -1.605654e+001 -8.738599e+000  6.221611e+001  4.725228e+000 -3.432005e+000 -1.678011e+000 -6.022228e+000  3.033655e+000 -2.194777e+000 -2.664882e-001 -3.791282e+000 -1.579936e+000 -1.027220e+000 -3.573497e+000 -3.239000e+000  8.199912e+000 -1.442768e+000  2.168611e+000 -4.059548e-001  9.018971e-001 -1.236805e+000  1.372501e-001  5.100769e-001  2.222608e-001  3.648691e-001 -1.483721e-001  8.620731e-001  7.968726e-001 -2.641093e+000
 5.299148e+000 -1.483842e+001 -2.179538e+000 -2.097164e+001  1.087626e+001 -9.918895e+000 -5.020691e+000 -7.758766e+000 -2.506565e+000  6.088441e-001 -1.362089e+001 -1.185381e+001  6.387056e+001  1.124501e+000  8.258551e-001 -1.572780e+000 -3.366281e+000 -9.069586e-002 -1.909485e+000  5.960998e-001 -1.809900e+000 -7.541628e-001 -6.799561e-001 -1.197413e+000 -1.919641e+000  2.133984e+000 -1.733450e+000  2.094448e+000 -1.989401e-001  1.563770e+000 -1.488857e+000  4.920097e-001  2.970940e-001  6.934797e-001  9.943152e-003 -3.367845e-002  9.116818e-001  1.070492e+000 -3.213510e+000
 4.696936e+000 -1.558804e+001 -5.850490e+000 -2.568735e+001  9.660841e+000 -1.081525e+001 -5.459702e+000 -1.055659e+001 -3.479093e+000 -2.032285e+000 -1.646860e+001 -1.635238e+001  6.372333e+001 -2.508527e-001  2.062155e+000 -1.881240e+000 -1.951099e+000 -9.041544e-001 -8.859535e-001  3.213486e-001 -1.684085e+000 -1.739911e+000 -7.352970e-001 -1.924965e+000 -1.170418e+000 -5.474552e-001 -9.950707e-001  1.452269e+000  2.015517e-001  1.592709e+000 -1.071228e+000  7.339815e-001 -1.681173e-001  7.484489e-001 -6.898751e-002  2.767031e-001  6.589034e-001  1.175219e+000 -2.258493e+000
 3.215447e+000 -1.154659e+001 -8.712002e+000 -2.722759e+001  5.873403e+000 -1.425613e+001 -6.737102e+000 -1.135914e+001 -1.088089e+001 -4.666225e+000 -2.261084e+001 -1.505861e+001  6.183910e+001 -7.956805e-002  2.577355e+000 -1.750306e+000 -7.080593e-001 -1.982936e+000 -4.818503e-001 -2.476082e-001 -1.363517e+000 -2.153304e+000 -8.142675e-001 -1.611327e+000  2.638998e-002 -1.324701e+000 -4.479180e-002  3.563640e-001  4.544368e-001  1.142858e+000 -2.260315e-001  8.005254e-001 -4.110743e-001  4.813228e-001  1.112082e-001  5.033323e-001  6.208260e-001  1.018472e+000 -7.251384e-001
 4.394543e+000 -7.308834e+000 -9.461899e+000 -2.448390e+001  6.775689e+000 -1.290726e+001 -3.196061e+000 -1.265311e+001 -8.942376e+000 -1.152419e+000 -2.118639e+001 -1.298829e+001  6.049457e+001  3.519091e-001  2.953589e+000 -5.814897e-001  6.122047e-001 -1.376367e+000  7.613131e-001 -6.852208e-001 -2.722293e-001 -1.225303e+000  4.234512e-001 -7.202282e-002  1.664081e+000 -1.363208e+000  1.912435e-001 -1.340569e-001  6.251049e-001  6.893553e-001  8.053617e-002  4.839101e-001 -4.127352e-001  4.283575e-001  1.315311e-001  6.827935e-001  8.265309e-001  7.522507e-001 -6.216156e-002
 5.052504e+000 -6.091247e+000 -9.125362e+000 -2.511366e+001  2.404152e+000 -1.128214e+001 -7.390553e+000 -1.352809e+001 -1.054144e+001 -3.902426e+000 -1.931863e+001 -1.340391e+001  5.886144e+001  5.991609e-001  2.161959e+000  4.952889e-002  1.066359e+000 -9.847471e-001  1.269509e+000 -9.559868e-001 -1.092143e-001 -4.554258e-001  1.257331e+000  9.802454e-001  1.755471e+000 -1.083831e+000  1.000028e-001 -3.292396e-001  4.952011e-001  3.040746e-001  4.705573e-001 -8.335164e-002 -2.013269e-001  2.095262e-001  7.384253e-003  8.170871e-001  5.097861e-001  4.575938e-001  9.324750e-002
 5.537952e+000 -3.547775e+000 -8.551258e+000 -2.368329e+001  4.513632e+000 -8.495679e+000 -8.559080e+000 -1.083326e+001 -9.775331e+000 -2.969286e-001 -1.847482e+001 -8.859333e+000  5.839612e+001  3.660001e-001  1.599569e+000  3.443677e-001  6.084684e-001 -1.000568e+000  6.579177e-001 -1.388138e+000 -1.694488e-001 -1.931195e+000  1.642871e+000  9.119032e-001  1.726295e+000 -9.786980e-001  1.570560e-002 -3.672251e-001  3.190260e-001  6.823102e-002  3.708159e-001 -5.101966e-001 -9.881556e-002 -1.686951e-001 -4.050461e-002  6.318918e-001  1.735820e-001  5.165006e-002  1.748186e-002
 5.639546e+000 -2.617330e+000 -8.919678e+000 -2.229610e+001  2.080696e+000 -1.011438e+001 -8.835526e+000 -1.281514e+001 -1.274154e+001  1.192685e+000 -1.906540e+001 -8.345736e+000  5.746917e+001  4.134003e-001  1.608167e+000  2.627711e-001  8.141819e-001  1.819511e-001 -8.469108e-001 -9.027840e-001 -3.672766e-001 -1.763437e+000  2.661458e+000  4.456400e-001  2.283252e+000 -1.050719e+000 -6.082826e-002 -1.724821e-001  4.121399e-001  2.182340e-001  3.271800e-001 -5.850434e-001 -1.562931e-001 -1.417023e-001  4.437398e-001  3.943998e-001  1.275265e-001 -1.785200e-001 -6.436544e-002
 5.931023e+000 -1.047945e+000 -7.842903e+000 -2.285034e+001  1.934578e+000 -1.020155e+001 -9.414264e+000 -1.385683e+001 -1.749830e+001  4.514381e+000 -1.675349e+001 -6.885902e+000  5.629721e+001  5.233174e-001  1.394359e+000  9.070190e-001  1.079448e+000 -1.056364e-001 -7.314605e-001 -1.205900e+000 -9.866738e-001 -7.738204e-001  2.880847e+000  1.063190e+000  1.658441e+000 -1.292355e+000 -1.184775e-001 -2.348002e-001  8.717588e-001  7.044435e-001 -1.402987e-001 -3.689841e-001 -3.109330e-001  1.485395e-001  1.394834e+000 -2.009141e-001  2.375409e-001 -4.831616e-001 -4.052665e-002
 6.922970e+000  6.996731e-001 -8.165685e+000 -2.145922e+001  4.603435e+000 -1.466376e+001 -1.147688e+001 -1.385269e+001 -1.549714e+001  6.999210e+000 -1.795110e+001 -2.974366e+000  5.465730e+001  2.163609e-001  1.402153e+000  1.828902e+000  1.922039e+000  2.036874e-001 -9.610193e-001 -1.828571e+000 -4.091133e-001  1.184586e+000  2.610342e+000  1.542235e+000  8.967985e-001 -1.248830e+000 -2.693405e-001 -4.763253e-001  1.196517e+000  1.487764e+000 -9.614980e-001  4.315826e-002 -2.721695e-001  7.302914e-001  1.641683e+000 -1.282686e+000  4.342812e-001 -6.022301e-001  2.555240e-002
 7.512827e+000  1.765520e+000 -4.393159e+000 -1.870448e+001  2.724081e+000 -9.878291e+000 -1.326790e+001 -1.524786e+001 -1.226663e+001  1.120404e+001 -1.371602e+001 -3.252815e+000  5.334028e+001 -1.278675e-001  5.285753e-001  3.920096e+000  3.576758e+000 -1.712930e+000 -1.129949e+000 -2.479909e+000  5.941669e-001  3.568963e+000  6.638588e-001  1.551311e+000  3.713202e-003 -1.082276e+000 -6.780350e-001 -3.237282e-001  8.269358e-001  1.845204e+000 -6.814977e-001  4.072003e-001  4.255723e-001  1.305461e+000  8.063651e-001 -2.240299e+000  2.476933e-001 -3.055096e-001 -1.776318e-001
 5.930449e+000  2.986704e+000 -1.500037e+000 -1.475884e+001  2.704381e+000 -1.508111e+001 -1.605156e+001 -1.416519e+001 -9.434446e+000  1.089957e+001 -1.287296e+001 -5.678287e+000  5.270349e+001 -6.077096e-001 -3.405676e-001  4.738818e+000  7.004348e+000 -3.821892e+000 -4.318754e-001 -1.626627e+000  2.493760e+000  4.273584e+000 -2.643479e+000  2.372986e+000  9.946501e-002 -1.027996e+000 -1.310274e+000 -5.070806e-001  3.365189e-001  1.004161e+000 -4.679791e-002  1.515985e+000  1.219422e+000  1.410503e+000 -6.361447e-002 -2.141492e+000  3.342372e-001  1.638603e-001 -3.615783e-001
 5.787946e+000  4.514160e-001  8.424752e+000 -8.316745e+000 -5.680543e+000 -1.564262e+001 -1.952647e+001 -1.072975e+001 -2.684831e+000  5.883497e+000 -1.153600e+001 -5.515376e+000  5.186274e+001 -2.454823e+000  6.470787e-001  3.586740e+000  7.764316e+000 -1.500335e+000  1.039969e+000  8.209893e-001  4.089195e+000  1.713506e+000 -5.693738e+000  1.886281e+000  5.295594e-001 -2.290931e+000 -1.822811e+000 -8.085487e-001 -6.114784e-001 -9.465452e-001  8.315595e-001  2.065495e+000  1.425987e+000  9.636735e-001 -6.774563e-001 -9.141012e-001  2.993776e-001  3.168888e-001 -2.161557e-001
