23 39
 1.279418e+001 -3.447984e+000  4.941423e+000 -1.185321e+001 -2.995935e+001  2.458415e+000 -1.656380e+000  2.903565e+000 -7.382102e+000  1.933710e+000 -3.927186e+000 -1.088436e+001  5.789720e+001 -1.100229e+000  1.163830e+000  2.259391e+000 -3.985468e+000 -7.053719e-001  5.844253e+000 -4.015035e+000  5.417179e-001  2.928376e+000 -1.831526e-001 -1.589739e+000 -1.681439e+000  2.667851e-001  1.554780e-001 -3.139166e-002 -1.615946e+000  1.524116e-001  1.920103e+000 -7.629962e-002 -8.092434e-001  8.284765e-001  9.469344e-002 -1.062782e+000  4.095427e-002  6.627365e-001  2.701095e-001
 1.158851e+001 -1.846016e+000  5.869376e+000 -1.604228e+001 -2.780202e+001  5.991241e+000 -5.135524e+000  3.100980e+000 -4.934165e-001 -2.371538e+000 -4.531056e+000 -1.151402e+001  5.853998e+001 -9.429172e-001  9.902459e-001  2.241018e-001 -3.297972e+000  1.482455e+000  5.133951e+000 -4.160657e+000  2.063236e+000  2.387340e+000 -2.305228e+000 -8.237376e-001 -4.679433e-001  6.401768e-001  1.819795e-001 -4.734010e-001 -1.388341e+000  6.455292e-001  1.750124e+000 -8.606745e-001  4.058893e-001  4.995334e-001 -1.087142e+000 -6.840513e-001  3.683862e-001  9.428920e-001  2.717636e-001
 1.157737e+001 -1.663857e+000  3.886503e+000 -1.772039e+001 -2.628631e+001  1.133176e+001 -1.053910e+001  8.877631e+000 -1.789666e+000 -5.432444e+000 -2.742293e+000 -1.264400e+001  5.913139e+001 -7.918576e-001  2.648547e-001 -9.050564e-001 -1.973483e+000  3.165776e+000  2.831805e+000 -1.777982e+000  1.905731e+000  4.047918e-001 -2.599418e+000 -2.007728e-001  4.060040e-001  8.593414e-001  6.777112e-002 -7.180440e-001 -7.154935e-001  7.112395e-001  1.247536e+000 -1.146394e+000  1.268276e+000 -5.024712e-001 -1.395136e+000 -1.190538e-002  5.076538e-001  7.726490e-001  2.602980e-001
 1.072106e+001 -1.337940e+000  2.079773e+000 -1.875187e+001 -2.275386e+001  1.433020e+001 -1.104191e+001  1.121533e+001 -3.577065e+000 -7.776104e+000 -3.758095e+000 -1.239684e+001  5.997914e+001 -7.196585e-001 -9.053165e-001 -1.011160e+000 -1.594935e+000  4.123821e+000  2.263185e+000 -5.649474e-001  5.785331e-001 -1.748164e+000 -1.209613e+000 -1.769960e-001  1.415917e+000  1.130546e+000  1.801829e-002 -7.468807e-001 -1.490326e-001  6.190872e-001  5.709452e-001 -8.932619e-001  1.051822e+000 -1.152617e+000 -1.066711e+000  5.896357e-001  6.349949e-001  1.907881e-001  1.827519e-001
 9.268614e+000 -2.377748e+000  2.310943e+000 -2.036583e+001 -1.665455e+001  1.244796e+001 -7.593095e+000  8.375042e+000 -3.816319e+000 -8.361097e+000 -5.317531e+000 -8.412932e+000  6.147433e+001 -8.730025e-001 -1.478609e+000 -7.004457e-001 -1.280789e+000  4.211627e+000  1.547667e+000  5.284886e-001 -1.228287e+000 -1.979553e+000 -7.904867e-001  6.251595e-001  1.239876e+000  1.323091e+000 -1.139047e-002 -4.592729e-001  1.072687e-001  6.331536e-001 -1.516539e-001 -3.979166e-001  1.685001e-001 -1.044275e+000 -2.813695e-001  6.513674e-001  8.146778e-001 -5.824316e-001  6.150585e-002
 9.144589e+000 -6.015653e+000  1.601359e+000 -2.269423e+001 -1.199879e+001  1.674907e+001 -9.433264e+000  6.244940e+000 -8.220910e+000 -6.955277e+000 -4.128417e+000 -6.549970e+000  6.302124e+001 -8.122533e-001 -1.872426e+000 -6.233663e-001 -5.488833e-001  3.814255e+000  1.309711e+000 -5.478225e-002 -2.132843e+000 -1.754041e+000 -2.615144e-001  1.938271e+000  6.906138e-002  1.322062e+000 -4.472343e-002 -1.517069e-003  8.035640e-002  9.162975e-001 -5.914584e-001 -3.989733e-001 -4.191718e-001 -5.498787e-001  4.817027e-001  5.013402e-001  7.170179e-001 -1.057270e+000 -7.883824e-002
 8.000587e+000 -6.718043e+000  6.234821e-001 -2.215315e+001 -1.060571e+001  1.786066e+001 -8.700980e+000  5.221393e+000 -9.365509e+000 -9.795291e+000  5.686656e-001 -9.368052e+000  6.422579e+001 -8.025125e-001 -1.547955e+000 -5.626093e-001  6.692587e-001  2.562290e+000  1.318959e+000 -1.190563e+000 -1.959957e+000 -9.991173e-001  1.833696e-001  2.814982e+000 -1.832726e+000  1.071113e+000 -1.574808e-003  2.421701e-001  4.374034e-002  1.011338e+000 -6.459484e-001 -4.353559e-001 -8.078397e-001 -2.899754e-002  7.641005e-001  5.334442e-001  1.850748e-001 -8.808236e-001 -1.867957e-001
 7.293805e+000 -8.529922e+000 -1.933277e-001 -2.060262e+001 -6.707007e+000  1.817240e+001 -1.076188e+001  2.127943e+000 -9.572674e+000 -8.366579e+000  2.990162e+000 -1.157398e+001  6.521371e+001 -9.785206e-001 -8.782285e-001 -6.782957e-001  2.011529e+000  1.991198e+000  3.826723e-001 -1.801280e+000 -1.805025e+000  1.701315e-001  8.101596e-001  2.313182e+000 -2.334134e+000  8.623436e-001  4.205107e-002  3.331698e-001  1.130503e-001  8.096768e-001 -5.694287e-001 -5.857353e-001 -5.497987e-001  1.641865e-001  8.579178e-001  3.590503e-001 -3.898473e-001 -3.565855e-001 -2.283556e-001
 6.181444e+000 -8.860390e+000  3.952400e-001 -1.806534e+001 -6.488990e+000  1.833109e+001 -1.288161e+001  6.337569e-001 -8.136024e+000 -6.738598e+000  5.198092e+000 -1.506456e+001  6.573366e+001 -7.977429e-001 -7.648568e-001 -4.542793e-001  2.495696e+000  1.893414e+000 -1.655935e-001 -2.637461e+000 -1.537183e+000  8.788634e-001  1.340897e+000  1.363078e+000 -1.962644e+000  6.189712e-001  1.599091e-001  1.426674e-001  2.626409e-001  3.787577e-001 -4.123892e-001 -6.839542e-001 -6.908765e-002  1.196942e-001  7.316495e-001  1.425964e-001 -8.051846e-001  2.063367e-001 -2.116159e-001
 5.161558e+000 -9.335623e+000 -1.675999e+000 -1.468049e+001 -4.101163e+000  1.842722e+001 -1.634935e+001 -4.863673e-001 -7.984995e+000 -4.432826e+000  5.122781e+000 -1.537239e+001  6.657903e+001 -6.043828e-001 -5.981261e-001 -1.122795e-001  2.586282e+000  1.301549e+000 -8.766897e-001 -2.080327e+000 -1.523297e+000  1.596558e+000  9.549736e-001  7.149865e-001 -1.648907e+000  4.063545e-001  2.737030e-001 -6.409871e-002  5.512431e-001 -5.489562e-002 -5.554975e-001 -5.759128e-001  3.531498e-001  1.681213e-001  3.730178e-001  7.473780e-002 -9.562801e-001  3.838917e-001 -2.200423e-001
 5.077996e+000 -1.013948e+001 -9.065787e-001 -1.263573e+001 -2.441564e+000  1.690529e+001 -1.909455e+001 -1.157368e+000 -5.765031e+000 -5.057682e+000  6.317746e+000 -1.728207e+001  6.663799e+001 -1.900360e-001 -9.746696e-001  4.675872e-001  2.275671e+000  8.451681e-001 -1.471131e+000 -1.396478e+000 -1.502350e+000  1.945917e+000  8.239445e-001 -4.118427e-001 -1.143656e+000  2.410278e-001  2.294710e-001  3.174682e-002  6.058432e-001 -1.463357e-002 -6.150810e-001 -6.571662e-001  8.667634e-001  3.340725e-001 -3.230296e-001  2.274135e-001 -8.856096e-001  3.931141e-001 -3.099948e-001
 4.823615e+000 -1.088101e+001 -1.038159e-001 -1.038602e+001 -2.222973e+000  1.450185e+001 -1.805704e+001 -4.592979e+000 -2.775379e+000 -4.432169e+000  6.005267e+000 -1.870976e+001  6.679332e+001  8.614077e-002 -1.093816e+000  1.616987e+000  1.847064e+000 -2.621666e-001 -1.844123e+000 -6.560227e-001 -9.818354e-001  1.501694e+000  1.442325e+000 -1.580757e+000 -8.241695e-001 -4.889603e-002  2.047711e-002  5.581385e-001  5.722743e-001  4.399584e-001 -3.440621e-001 -8.100762e-001  6.308568e-001  6.598676e-001 -1.088678e+000  4.638861e-001 -6.742096e-001  5.930647e-001 -5.444191e-001
 5.400236e+000 -1.296105e+001  1.947085e+000 -8.834226e+000 -3.202245e+000  1.293812e+001 -1.901015e+001 -4.824687e+000 -1.011247e+000 -2.619204e+000  2.697635e+000 -1.911415e+001  6.683165e+001  4.350567e-003 -3.582779e-001  1.710304e+000  2.792137e+000 -4.001331e-001 -2.967708e+000  9.842043e-001 -1.375513e-001 -6.888523e-001  2.234289e+000 -1.917098e+000 -4.094425e-001 -7.033775e-001 -2.431507e-001  1.253079e+000  3.998581e-001  7.532799e-001  5.563154e-002 -9.460567e-001  3.185552e-001  6.649019e-001 -1.177575e+000  1.731044e-001 -3.486442e-001  7.652924e-001 -7.430853e-001
 5.431142e+000 -1.339392e+001  4.982103e+000 -7.345928e+000 -5.031656e+000  1.119019e+001 -1.967166e+001 -3.561885e+000 -2.853420e+000  1.559559e+000 -9.709509e-001 -1.857719e+001  6.623772e+001 -5.991905e-001  1.884371e+000  2.127734e+000  4.527841e+000  2.038894e-001 -4.178782e+000 -1.163846e-001  1.093642e+000 -2.529449e+000  2.569232e+000 -1.903434e+000  9.493093e-001 -1.843538e+000 -3.004096e-001  1.475110e+000  1.172404e-001  5.168984e-001  2.992164e-001 -6.536744e-001  2.339764e-002  2.960135e-001 -3.906007e-001 -6.120507e-001 -1.068759e-001  9.084293e-001 -6.959170e-001
 4.795985e+000 -1.067441e+001  5.101982e+000 -1.950931e-001 -3.037888e+000  3.722579e+000 -1.336621e+001 -2.360672e+000 -9.170273e+000  3.117899e+000  2.203647e-001 -1.939557e+001  6.339891e+001 -1.063124e+000  3.801632e+000  2.211504e+000  4.701682e+000  8.902978e-001 -5.034085e+000 -7.352142e-002  7.844209e-001 -1.926385e+000  1.126013e+000 -1.993726e+000  1.796067e+000 -2.577077e+000 -8.175020e-002  9.062635e-001 -9.987617e-003 -4.366370e-001 -1.701551e-002  2.643718e-001 -2.476030e-001 -1.458047e-001  7.927769e-001 -1.303822e+000  1.225221e-003  7.919230e-001 -3.106348e-001
 2.129787e+000 -2.602472e+000  8.957404e+000  7.933617e+000 -1.285705e+000 -1.784293e+000 -2.146094e+001 -3.567771e-001 -1.134311e+001  5.545439e+000 -2.273266e+000 -1.382251e+001  5.929200e+001 -8.821699e-001  4.201780e+000  1.952589e+000  3.476784e+000  5.887002e-001 -4.079306e+000 -1.017160e-002  3.724580e-002  1.674564e-001 -1.063790e+000 -2.076823e+000  2.615222e+000 -2.591631e+000  2.805725e-001 -1.700418e-001 -3.346071e-001 -1.389971e+000 -4.332807e-001  1.205931e+000  2.182073e-001 -4.698378e-001  1.231885e+000 -1.326231e+000  2.009245e-001  1.992849e-001  2.228717e-001
 1.735294e+000  6.513944e-001  1.101696e+001  7.034409e+000 -6.237311e-001 -5.745069e+000 -1.848312e+001 -2.505136e+000 -6.398327e+000  1.017920e+000 -6.619836e+000 -1.251116e+001  5.741912e+001 -2.629107e-001  3.014335e+000  1.747938e+000  1.134481e+000 -6.776161e-001 -1.695587e+000 -3.069172e-001 -3.383770e-001  1.926580e+000 -2.468311e+000 -1.824277e+000  2.717216e+000 -1.882505e+000  4.027381e-001 -8.415161e-001 -5.187097e-001 -1.412899e+000 -5.591218e-001  1.584820e+000  2.038663e-001 -2.251007e-001  5.428297e-001 -5.049769e-001  5.659976e-001 -3.419282e-001  5.200090e-001
 2.550638e+000  1.952080e+000  1.178756e+001  6.423239e+000 -3.295233e+000 -4.472518e+000 -1.716407e+001 -3.303424e+000 -3.402110e+000 -2.709402e+000 -7.934965e+000 -8.943279e+000  5.626945e+001  4.035656e-001  1.427810e+000  6.864814e-001 -6.384160e-001 -1.178557e+000  1.816218e-001  1.091350e+000 -6.941483e-001  1.703494e+000 -2.264760e+000 -9.835354e-001  1.485159e+000 -1.076466e+000  2.518655e-001 -8.165568e-001 -5.331268e-001 -9.311925e-001 -1.371931e-001  1.253829e+000 -1.431139e-002  1.068833e-001 -3.446421e-001  4.093320e-001  6.082319e-001 -5.156091e-001  4.962710e-001
 3.271006e+000  2.119987e+000  1.242660e+001  6.232502e+000 -5.421204e+000 -3.411242e+000 -1.704923e+001 -2.579233e+000 -3.507872e+000 -5.096235e+000 -6.070172e+000 -8.249098e+000  5.549765e+001  3.076991e-001  9.810368e-001  2.510096e-001 -3.052136e-001 -1.021683e+000  7.595499e-001  3.950493e-001  2.461436e-002  1.974471e-002 -7.983868e-001  2.896185e-001  6.514573e-001 -7.346150e-001  6.235288e-002 -1.965920e-001 -5.821818e-001 -3.589242e-001  5.143736e-001  5.017750e-001  9.888631e-003  9.126072e-002 -7.836739e-001  1.050506e+000  1.616419e-001 -4.045534e-001  1.919031e-001
 3.379760e+000  3.802282e+000  1.168499e+001  5.142491e+000 -4.779754e+000 -2.043097e+000 -1.672113e+001 -3.790470e+000 -4.270868e+000 -2.721286e+000 -7.465775e+000 -8.527743e+000  5.487040e+001  9.185293e-002  1.135645e+000  3.541880e-002 -4.593318e-001  7.476797e-002  9.622716e-001 -4.327118e-001  3.901665e-001 -6.023362e-001  1.479076e-001 -9.261131e-002  1.070056e+000 -6.842213e-001 -5.057777e-001 -8.530004e-002 -4.476697e-001 -2.451262e-001  8.991084e-001 -8.814119e-002  4.788948e-001  4.282301e-002 -4.858695e-001  6.339840e-001  3.783119e-002 -9.940766e-002  3.526771e-001
 2.859229e+000  4.631477e+000  1.232329e+001  6.148715e+000 -4.989885e+000 -3.162030e+000 -1.672935e+001 -2.138541e+000 -5.865225e+000 -2.968072e+000 -5.406339e+000 -9.461644e+000  5.444557e+001  2.047100e-001  2.177458e+000 -8.374392e-001 -7.496823e-001  1.267589e+000  4.229631e-001  5.045568e-001 -4.242308e-001 -8.388742e-001  1.577883e+000 -1.461530e+000  9.020001e-001 -1.119112e+000 -1.223019e+000 -1.984375e-001 -5.479482e-001 -4.898337e-001  9.776590e-001 -3.890594e-001  1.328027e+000 -2.488230e-002  2.910710e-002  3.595208e-002  2.137863e-001  8.491719e-003  7.159941e-001
 3.215792e+000  6.374559e+000  1.201631e+001  4.168474e+000 -3.137053e+000  2.142334e-001 -1.948757e+001 -1.572938e+000 -5.235115e+000 -3.033946e+000 -8.729939e+000 -2.986724e+000  5.337439e+001 -2.073828e+000  4.030994e-001 -1.007643e+000 -1.641813e+000  2.172349e+000 -9.079079e-002  3.431070e+000 -2.556106e-001 -2.965443e-001 -2.829754e-001  8.119459e-002  8.628494e-001  8.791679e-001 -2.154857e+000 -1.168092e-001 -2.343305e-001 -1.584812e-001  1.082857e+000 -5.722101e-001  1.484619e+000  2.929139e-001  5.452307e-001 -3.208374e-001  9.476910e-001 -3.083517e-001  7.101882e-001
 4.376540e+000  1.172114e+001  8.073743e+000  2.971099e+000  9.539226e-002 -2.425092e+000 -1.314323e+001 -5.809154e+000 -7.220120e+000  2.949512e+000 -1.274574e+001 -6.509607e+000  5.065010e+001 -4.724555e+000  3.551219e-001 -1.967201e+000 -2.163141e+000  2.817822e+000 -6.592160e-001  5.103295e+000  2.230914e-001  1.238422e-002 -4.031849e-001  1.271647e+000  7.975194e-001  2.063661e+000 -2.598915e+000 -1.483654e-001  2.413558e-001  3.189545e-001  1.108343e+000 -2.761860e-001  4.966097e-001  7.782364e-001  9.765993e-001 -5.395780e-001  1.302075e+000 -2.248603e-001  3.026157e-001
