26 39
-9.774747e+000  7.000534e+000  4.012136e+000  5.500222e+000  3.582009e+000  4.240433e+000  8.739900e-001 -2.871868e-001  4.775415e-001 -7.889611e+000 -1.025598e+001 -8.307353e+000  3.314224e+001  3.060826e+000  2.147168e+000  1.649138e+000  1.917045e+000  1.038536e+000 -1.310500e+000 -6.700521e-001  1.346536e-001 -1.792077e+000 -1.116280e+000 -2.139358e+000 -1.257188e+000  2.264058e+000  5.343555e-001 -5.869657e-001 -3.891919e-001 -2.890948e-002  1.531654e-001 -1.482332e+000 -1.574927e+000  4.837609e-001  1.075076e-001  2.009241e+000  7.312454e-001  6.354254e-001  8.503742e-001
-6.594923e+000  1.141011e+001  7.809949e+000  9.780107e+000  4.352178e+000  9.741616e-001 -4.170276e+000 -1.696820e+000 -5.359530e+000 -6.241961e+000 -7.898263e+000 -9.550728e+000  3.459454e+001  3.583025e+000  9.009057e-001  7.939591e-001  1.683632e+000  1.128135e+000 -2.762943e+000 -4.024205e+000  4.629471e-001 -2.021616e+000  2.684746e+000 -1.388060e+000 -1.379843e+000  3.470401e+000 -1.333785e-002 -1.360821e+000 -8.025732e-001 -2.588383e-001  3.538838e-001 -1.229118e+000 -1.136029e+000  8.093508e-001  2.959917e-001  1.648830e+000  7.140860e-001  5.083427e-001  6.848909e-001
-3.823272e-001  1.303502e+001  7.238174e+000  4.768117e+000  4.398690e+000 -8.108681e+000 -6.156786e+000  7.763797e-001 -3.483695e+000 -3.009895e+000 -9.792894e+000 -5.459148e+000  3.991048e+001  3.180718e+000 -1.100577e+000 -2.328047e-001  1.686115e+000  2.130930e+000 -4.707672e+000 -4.422352e+000  1.956865e+000 -1.404990e+000  4.138469e+000  2.924821e-001  1.699820e-001  3.894643e+000 -7.064003e-001 -1.405931e+000 -6.774387e-001 -9.377490e-002  3.466741e-001 -2.026532e-001 -1.735335e-001  5.808412e-001  1.738694e-001  5.400229e-001  8.166314e-001  1.783485e-001  9.196446e-002
 2.367997e+000  6.903986e+000  4.946925e+000  1.187404e+001  7.500397e+000 -9.743061e+000 -1.575946e+001  3.370230e+000 -6.455302e+000  7.399257e+000 -1.072991e+001 -1.019691e+001  4.573866e+001  1.788364e+000 -3.050907e+000 -1.113001e+000  1.377428e+000  2.666914e+000 -3.808505e+000 -3.063295e+000  2.866610e+000 -1.211783e+000  2.838856e+000  5.837969e-001 -6.744441e-001  3.823958e+000 -1.032327e+000 -6.303715e-001  1.924341e-002 -4.965389e-001 -3.459648e-001  7.183681e-001  1.034223e+000 -1.310575e-001  4.338889e-001 -9.530102e-001  3.961816e-001  4.172428e-001 -5.282511e-001
 1.647385e+000  3.750714e+000  4.279624e+000  1.288383e+001  1.266255e+001 -1.393931e+001 -1.544318e+001  6.963614e+000 -5.999523e+000  5.982125e+000 -7.377747e+000 -7.134352e+000  4.704340e+001  4.261554e-001 -2.906579e+000 -7.845757e-001  1.601272e+000  2.002517e+000 -1.800985e+000 -2.018175e+000  1.837028e+000 -1.327647e+000  1.506780e+000  9.578704e-001 -7.181447e-001  2.547101e+000 -7.802798e-001  4.426752e-002  5.807807e-001 -1.314551e+000 -1.586073e+000  1.889508e+000  1.370321e+000 -9.891395e-001  6.046817e-001 -1.473646e+000 -8.660272e-002  1.599352e-001 -5.053793e-001
 1.332040e+000  7.977301e-001  3.724221e+000  1.260939e+001  1.355482e+001 -1.515304e+001 -1.484355e+001  9.542614e+000 -1.016053e+001  3.456307e+000 -6.186852e+000 -1.208535e+001  5.014787e+001 -2.013278e-001 -1.347951e+000  1.166062e+000 -7.566416e-001 -5.374829e-001 -6.244454e-001 -5.518017e-002 -1.324216e-001  1.091564e-001 -7.644609e-001  2.601532e-001  1.150434e+000  1.502916e+000 -2.379856e-001  2.452187e-001  4.201252e-001 -1.847368e+000 -1.990577e+000  2.346802e+000  9.842049e-001 -1.217225e+000  8.906277e-001 -1.058822e+000 -3.465107e-001  1.396947e-001 -1.146056e-001
 2.266428e+000  1.555254e+000  3.926647e+000  1.240681e+001  1.138406e+001 -1.440862e+001 -1.670561e+001  6.875327e+000 -8.269316e+000  6.495480e+000 -7.275072e+000 -8.105654e+000  5.044138e+001  2.741653e-001 -1.730717e+000  1.531568e+000 -3.819605e+000 -4.197238e+000  3.147838e+000  9.251953e-001 -1.489316e+000  9.579492e-001 -1.428101e+000  2.129035e-002  5.721877e-002  2.528267e+000  2.447784e-001 -2.380740e-001 -4.505978e-001 -1.622970e+000 -1.194619e+000  1.981656e+000  5.844334e-001 -7.632191e-001  9.239535e-001 -5.721281e-001 -4.503490e-001 -3.489892e-001  3.791672e-001
 1.051837e+000  1.261961e+000  1.095372e+001  8.329349e+000  5.452225e+000 -1.263064e+001 -1.540414e+001  2.752266e+000 -4.774623e+000  3.320276e+000 -9.480482e+000 -3.959088e+000  5.155424e+001  6.744310e-001 -2.412744e+000 -1.704461e-001 -5.148975e+000 -4.186093e+000  5.451095e+000  3.860448e-001 -1.556345e+000  2.098558e+000 -9.878132e-001 -6.804668e-001 -3.636523e-001  3.260347e+000  4.954675e-001 -6.876997e-001 -1.401037e+000 -1.284364e-001  1.742601e-001  9.558663e-001  2.441551e-001 -3.529212e-001  6.264770e-001  4.197033e-002 -2.669650e-001 -8.479143e-001  3.432820e-001
 3.158313e+000 -5.134987e+000  8.322712e+000 -4.074172e+000 -4.272346e+000  5.386739e-001 -1.053691e+001  2.912208e+000 -3.902730e+000 -1.090364e+000 -5.624480e+000 -1.091139e+001  5.898155e+001  1.212168e+000 -3.564552e+000 -2.369311e+000 -4.317410e+000 -2.146272e+000  5.069525e+000  6.833799e-001 -1.267106e+000  2.297420e+000 -1.242185e+000 -8.235645e-001 -1.706048e+000  3.564222e+000  3.589267e-001 -3.717195e-001 -1.201717e+000  1.511832e+000  1.315789e+000 -7.694042e-001  1.776875e-002 -1.464722e-001  3.746141e-001  1.917276e-001 -1.855422e-001 -3.891323e-001 -3.585789e-001
 4.258252e+000 -7.920871e+000  6.739585e-001 -4.894995e+000  4.525576e-001  4.628786e+000 -1.599768e+001  3.742451e+000 -1.851032e+000  2.310162e+000 -1.041448e+001 -1.250074e+001  6.217952e+001  1.807008e+000 -3.869532e+000 -3.888686e+000 -1.149921e+000 -6.916655e-001  3.194043e+000  1.286503e+000 -2.008132e+000  2.571806e+000 -6.475674e-001 -6.522444e-001 -2.207504e+000  2.701349e+000  5.657891e-002  7.868054e-002 -7.813657e-002  2.075489e+000  8.897825e-001 -1.633727e+000  2.309762e-001 -1.520239e-001  1.927877e-001 -2.250076e-001  2.426078e-001 -9.366567e-002 -7.840667e-001
 6.724061e+000 -1.167609e+001 -2.780024e+000 -2.568072e+000  3.152538e+000  2.309296e+000 -1.299194e+001  4.470378e-002  1.755989e+000  7.896132e-001 -1.092589e+001 -1.236507e+001  6.294985e+001  1.502510e+000 -2.860921e+000 -2.617899e+000  1.740029e+000  6.344938e-001  4.293436e-001  5.638099e-001 -1.995783e+000  2.594396e+000 -6.395860e-001 -9.205317e-001 -9.665169e-001  1.014872e+000 -3.622229e-001  4.794554e-001  1.092462e+000  1.438595e+000  1.148273e-001 -1.433099e+000 -6.864161e-002  4.081651e-001 -1.694012e-001 -3.902834e-001  3.576897e-001  3.366356e-001 -7.833988e-001
 8.304004e+000 -1.481515e+001 -2.938340e+000  1.826692e+000 -1.718544e+000  2.454266e+000 -7.744110e+000 -5.854645e+000  5.255047e+000 -8.575501e-001 -1.009100e+001 -1.426977e+001  6.307684e+001  8.121545e-001 -2.371157e+000 -4.368348e-001  2.199751e+000 -1.127563e+000 -3.974511e-001  1.600711e+000 -1.952126e+000  2.914009e+000 -2.414150e+000  5.810558e-001 -1.201746e+000  6.146885e-001 -6.813290e-001  5.865422e-001  1.604880e+000  2.721075e-001 -2.755632e-001 -8.293943e-001 -4.656457e-001  1.382163e+000 -8.130918e-001 -5.056350e-001  4.930854e-001  4.643706e-001 -4.056796e-001
 8.647988e+000 -1.599245e+001 -2.960633e+000  1.265127e+000 -1.432645e-002  3.772652e+000 -1.184464e+001 -2.268159e+000  5.516209e+000 -2.704438e+000 -1.038888e+001 -1.485946e+001  6.360725e+001 -1.015197e-001 -1.916463e+000  1.367073e+000  1.200731e+000 -1.354187e+000 -3.002234e-001  1.830681e-001  7.457158e-001  1.279312e+000 -2.310310e+000  3.482338e-001 -5.257486e-001  6.905578e-001 -6.808925e-001  4.027602e-001  1.411613e+000 -5.289480e-001 -4.233732e-001 -2.337289e-001 -4.696182e-001  1.806003e+000 -1.388715e+000 -1.316750e-001  4.487964e-001  5.204725e-001 -9.149468e-003
 7.357061e+000 -1.761847e+001 -1.419911e+000  4.187160e+000 -3.601826e+000  1.909852e+000 -8.567777e+000 -4.861746e+000  1.083890e+001 -8.013565e+000 -7.777709e+000 -1.726228e+001  6.492426e+001 -7.976221e-001 -1.409050e+000  2.143226e+000  4.802649e-001 -1.075141e+000 -5.881453e-001 -8.513543e-001  3.531933e+000 -8.361117e-001 -2.340380e+000  1.178800e+000 -1.060355e-001  8.351078e-001 -4.363191e-001  2.941018e-001  9.899807e-001 -7.515848e-001  2.203913e-002 -7.459986e-002 -5.440929e-001  1.611155e+000 -1.607753e+000  4.683926e-001  1.599979e-001  6.461381e-001  1.334229e-002
 6.689934e+000 -1.985674e+001  3.296125e+000  2.255351e+000 -2.676756e+000  1.080386e+000 -1.166477e+001  3.276833e+000  5.360624e+000 -7.183930e+000 -1.034137e+001 -1.349756e+001  6.547893e+001 -1.097064e+000 -1.328173e+000  3.150136e+000 -4.496832e-002 -1.508583e+000 -6.439540e-001 -5.582486e-001  4.292202e+000 -2.474117e+000 -1.334846e+000  1.024578e+000  1.087991e+000  8.589150e-001 -1.975486e-001  3.121029e-001  4.984013e-001 -5.255865e-001  6.095851e-002 -1.292036e-001  6.837223e-002  3.630409e-001 -8.869348e-001  4.640402e-001  2.063291e-001  3.635882e-001 -4.430714e-002
 5.294920e+000 -1.992825e+001  4.649412e+000  3.732904e+000 -5.763033e+000  8.596727e-001 -1.209082e+001  9.032525e+000  1.152281e+000 -1.031971e+001 -4.220752e+000 -1.548090e+001  6.631654e+001 -8.716687e-001 -1.194793e+000  3.621537e+000 -9.353229e-001 -9.401694e-001 -5.985852e-001 -7.490954e-001  4.330405e+000 -3.248042e+000 -5.599195e-001  1.042873e+000  1.222075e+000  5.972214e-001  1.722709e-002  2.939942e-001  1.745607e-001 -3.582800e-001  1.097664e-001 -1.448328e-001  4.698308e-001 -7.745593e-001 -3.797515e-002  4.214419e-001 -6.176014e-002  1.148984e-001 -1.213281e-001
 4.193738e+000 -2.147843e+001  9.755387e+000  1.267414e+000 -6.476640e+000  1.077972e+000 -1.287437e+001  1.224572e+001 -2.011065e+000 -8.225598e+000 -7.044471e+000 -1.031019e+001  6.720569e+001 -1.052240e+000 -4.630766e-001  3.119924e+000 -7.194074e-001 -1.116880e+000 -9.410214e-001  4.737999e-001  2.161685e+000 -1.949396e+000 -8.803395e-001  1.447843e+000  6.281372e-001  5.879654e-001  1.358173e-001  3.365498e-001 -2.670651e-001 -6.422632e-002  1.214140e-001 -1.257412e-001  5.288957e-001 -1.251106e+000  4.826421e-001  2.358628e-001 -7.678809e-002 -3.012029e-001 -1.575372e-001
 4.246816e+000 -2.278159e+001  1.345814e+001  4.514081e-003 -6.402731e+000 -1.081867e+000 -1.170845e+001  1.230584e+001 -1.715464e+000 -1.029233e+001 -4.211792e+000 -1.274558e+001  6.704699e+001 -7.338989e-001 -3.716270e-001  3.031136e+000 -9.739154e-001 -7.221603e-001 -1.163775e+000  9.817756e-001  7.243954e-001 -1.288348e+000 -4.604244e-001  6.583669e-001  6.983830e-001  3.639420e-001  1.656429e-001  3.633913e-001 -6.139486e-001  3.032792e-001 -6.176885e-002  4.043214e-002  3.434945e-001 -1.193347e+000  5.605652e-001  3.149514e-001 -3.019122e-001 -2.765190e-001 -1.607143e-001
 1.952789e+000 -2.074545e+001  1.449138e+001  5.225094e-001 -7.941308e+000 -2.653952e+000 -9.486950e+000  1.244860e+001 -2.952484e+000 -1.159932e+001 -3.106636e+000 -1.172453e+001  6.805353e+001 -4.868623e-001 -5.700741e-002  2.110011e+000 -3.468037e-001 -1.010518e+000 -9.900650e-001  1.220794e+000 -1.603207e-001 -1.040754e+000 -2.052798e-001  8.328906e-001 -1.561780e-001  1.878685e-001  2.567711e-001  3.557169e-001 -7.843651e-001  4.555727e-001  9.216909e-002  2.113463e-001 -1.185574e-001 -8.390864e-001  5.897112e-001  4.982094e-001 -4.969114e-001 -3.145057e-001 -2.996178e-001
 2.745900e+000 -2.215288e+001  1.743710e+001 -7.642208e-001 -8.641500e+000 -3.093242e+000 -8.875650e+000  1.255306e+001 -4.818748e+000 -1.093497e+001 -2.897835e+000 -1.128182e+001  6.771233e+001 -3.261431e-001  4.191294e-001  1.056750e+000  3.947711e-001 -1.302195e+000 -3.719027e-001  5.948798e-001 -4.753257e-001 -8.995377e-001  6.773076e-001 -1.592115e-001  2.316373e-001 -6.301880e-003  1.691733e-001  6.449358e-001 -1.013876e+000  5.234715e-001  3.703243e-001  3.368225e-001 -3.775841e-001 -7.885956e-001  9.124811e-001  4.171853e-001 -3.225903e-001 -5.250250e-001 -4.459057e-001
 2.509884e+000 -2.207783e+001  1.831597e+001 -8.223750e-002 -1.040984e+001 -2.866666e+000 -8.186795e+000  1.132050e+001 -5.663191e+000 -8.930677e+000 -3.536996e+000 -1.182297e+001  6.781236e+001  2.773802e-002  9.201296e-001  1.852913e-001  8.741127e-001 -3.660174e-001 -2.802263e-001  7.446060e-002 -1.433887e+000  8.047549e-001  1.041842e+000 -6.279250e-001 -7.110186e-001 -7.250015e-001  7.468127e-002  7.374725e-001 -8.714274e-001  1.826715e-001  7.797490e-001  2.586184e-001 -4.460489e-001 -6.342587e-001  9.794750e-001  2.064087e-001 -1.913867e-001 -3.481232e-001 -4.949813e-001
 2.337553e+000 -2.001976e+001  1.682960e+001  2.280743e+000 -1.167944e+001 -2.835023e+000 -9.384132e+000  1.049326e+001 -4.857799e+000 -8.240110e+000 -4.792669e+000 -1.153818e+001  6.713606e+001 -1.453329e-001  2.364483e+000 -1.075883e+000  1.032984e+000  8.072111e-001  1.654180e-001 -3.329779e-001 -2.581800e+000  2.351304e+000  1.001941e+000 -2.241768e-001 -1.649321e+000 -1.409151e+000 -4.516210e-002  4.300064e-001 -3.753669e-001 -3.321666e-001  7.055024e-001  8.938796e-002 -2.582279e-001 -4.122698e-002  4.886680e-001 -2.506557e-001  1.881367e-001 -3.158649e-002 -2.277244e-001
 2.295652e+000 -1.721136e+001  1.572158e+001  3.370591e+000 -8.252427e+000 -4.184193e+000 -8.860406e+000  6.309065e+000  1.090815e+000 -7.737538e+000 -5.298844e+000 -1.515144e+001  6.471665e+001 -2.038611e-001  2.657678e+000 -1.180809e+000  2.474474e-001  1.833524e+000  3.436688e-002 -5.455211e-001 -2.278377e+000  2.231201e+000  6.644468e-001 -9.156041e-002 -9.563144e-001 -1.585613e+000 -1.740321e-001 -2.147827e-001  3.152288e-001 -7.313023e-001 -1.023173e-001  7.256576e-002 -3.442389e-002  1.010935e+000 -8.062504e-001 -5.327632e-001  4.987778e-001  5.602106e-001  3.552355e-001
 2.126352e+000 -1.276369e+001  1.335487e+001  2.674283e+000 -5.684154e+000 -1.607389e+000 -1.020373e+001  2.149780e+000  3.560768e+000 -6.521832e+000 -3.137795e+000 -1.786419e+001  6.221442e+001 -4.361540e-001  1.700387e+000 -1.370339e-001 -9.527291e-001  1.125546e+000 -8.225946e-002 -3.862686e-001 -2.592154e-001  8.305793e-001 -3.872737e-001  5.132896e-001  1.963528e-001 -7.146179e-001 -1.994016e-001 -8.901961e-001  9.008025e-001 -7.630425e-001 -1.010984e+000  9.518682e-003  2.360887e-001  1.768408e+000 -1.859671e+000 -4.878988e-001  5.551106e-001  8.227978e-001  8.453753e-001
 1.596179e+000 -1.241747e+001  1.414928e+001  9.582294e-001 -4.239865e+000 -3.308649e+000 -1.050460e+001  4.100357e+000  1.283528e+000 -6.467583e+000 -4.822235e+000 -1.344153e+001  6.234512e+001 -6.970117e-001  1.782645e-001  1.292010e+000 -1.789542e+000 -1.036772e+000  2.064413e-001 -7.101345e-002  2.459495e+000 -2.466135e+000 -9.273672e-001  1.497231e+000  1.167198e+000  7.039093e-001 -1.987091e-001 -8.883283e-001  8.794785e-001 -4.175807e-001 -1.459751e+000  1.721713e-001  4.964501e-001  1.307771e+000 -1.861916e+000 -1.218422e-001  5.804613e-001  3.920347e-001  8.738648e-001
 5.065194e-001 -1.391477e+001  1.693058e+001 -1.276722e+000 -8.057987e+000 -3.684093e+000 -1.049338e+001  1.030154e+001 -8.012591e-001 -1.081146e+001 -2.464526e+000 -1.141137e+001  6.474874e+001 -8.957653e-001 -8.467900e-001  2.191720e+000 -1.763734e+000 -2.812560e+000  1.269742e-001  6.102120e-001  3.891304e+000 -4.598383e+000 -6.416459e-001  1.756980e+000  1.402912e+000  1.672964e+000 -1.085870e-001 -3.735498e-001  4.185370e-001 -1.310992e-003 -1.008554e+000  2.099894e-001  6.204212e-001  9.774134e-004 -9.658959e-001  4.289755e-001  2.778331e-001 -9.993786e-002  4.123114e-001
