45 39
-6.088488e+000  1.172703e+000  2.225289e+000 -5.382816e+000  1.191222e+000 -1.890655e+000 -5.356102e+000 -1.924419e+000 -3.867412e+000 -2.091698e+000  3.416433e+000 -2.233583e+000  5.295047e+001 -6.401834e+000 -8.759667e-001  4.583224e-001  6.036858e+000  4.558217e+000 -3.278946e+000 -5.337659e-001  1.417736e+000 -7.349131e-001  2.161753e+000  2.422062e-001 -4.524868e-001 -1.053675e+000 -3.016149e-001 -1.306790e+000 -4.796283e-001 -6.873274e-001 -1.739565e+000  1.168060e+000  2.650622e-001 -6.549014e-001  6.341957e-001 -4.811487e-001  3.348899e-001  4.459430e-001  2.277409e-002
-1.246263e+001 -2.605649e+000  2.586679e+000  2.727294e+000  5.273586e+000  3.732502e+000 -2.357314e+000 -1.468733e+000 -3.506495e+000 -3.051353e+000  1.192023e+000  1.104004e+000  5.006182e+001 -5.913721e+000 -2.376754e+000 -9.465967e-001  3.444716e+000  1.082564e+000 -1.226947e+000  1.195929e+000  1.149562e+000  6.615546e-001  4.140408e-001 -2.067205e-001  2.345778e-001 -1.167771e+000  8.720005e-001 -8.471704e-001 -8.162961e-001 -2.156998e+000 -2.451814e+000  8.199921e-001  3.266839e-002 -5.317589e-001  8.540921e-001 -3.061254e-001  3.054758e-001  7.882435e-002  8.471654e-002
-1.636881e+001 -4.301329e+000  2.656353e+000  6.621850e+000  3.141881e+000  1.461740e+000 -4.246602e+000 -6.255124e+000 -5.734990e+000 -2.008277e+000  2.334969e+000 -1.612429e-001  4.881574e+001 -3.946248e+000 -2.941219e+000 -2.685040e+000 -4.045273e-001 -1.769434e+000 -4.720170e-001  1.228177e+000  1.210837e+000  6.911654e-001 -1.424926e-001 -3.164008e-001 -2.389445e-001 -1.355021e+000  1.434840e+000 -3.355447e-001 -5.688763e-001 -2.031380e+000 -1.512708e+000  3.774083e-001 -2.063695e-001 -2.342222e-001  7.241492e-001  1.039006e-001  2.381905e-001 -1.570289e-001  2.659074e-001
-2.079987e+001 -7.692051e+000 -5.691463e+000 -1.716068e+000 -1.951407e+000  3.241575e-001  3.887795e+000  3.084988e+000 -3.149370e+000 -5.230255e+000  8.663071e-001 -1.686636e+000  4.821233e+001 -2.170733e+000 -2.443080e+000 -2.730642e+000 -2.807662e+000 -3.132472e+000 -1.927462e+000 -4.123589e-001  7.217290e-001  2.257692e+000  1.874494e+000  1.019531e+000 -8.698842e-001 -5.994461e-001  1.342475e+000  3.090637e-001  4.545324e-001 -4.396071e-001  1.356828e-001  3.383467e-001 -6.707566e-001 -3.933996e-001  1.493902e-001  5.357225e-001  3.321343e-001 -2.724829e-001  4.505511e-001
-2.165111e+001 -1.099019e+001 -7.060840e+000 -5.183772e+000 -4.043453e+000 -2.546568e+000 -2.337770e+000  1.852907e+000 -5.901475e-001 -1.714710e+000  1.997287e+000 -2.032985e+000  4.710012e+001 -1.099131e+000 -2.520527e+000 -1.494036e+000 -9.938534e-001 -8.978066e-001 -1.041647e+000 -7.614699e-001  4.605414e-001  2.087764e+000  1.951030e+000  8.200332e-001 -6.854000e-001 -8.300018e-003  8.132166e-001  6.878128e-001  1.134876e+000  6.349907e-001  1.256685e+000  6.876555e-001 -3.883345e-001 -1.898713e-001 -1.491303e-001  1.172311e-001 -1.496023e-001 -1.665681e-001  5.745763e-001
-2.067515e+001 -1.147662e+001 -6.207933e+000 -5.408202e+000 -6.796107e+000 -3.900652e+000 -5.373524e+000 -1.914103e+000  5.209544e+000  6.174333e+000  6.458517e+000 -2.309546e+000  4.792240e+001 -6.249045e-001 -1.041781e+000  7.305632e-001  1.541343e+000  1.325164e+000  7.496015e-001 -1.163031e+000 -4.422878e-001  7.102063e-001  2.045892e+000  8.857338e-001 -9.046088e-001  4.116241e-001  6.734719e-001  9.221649e-001  1.203015e+000  5.806816e-001  1.513814e+000  1.201377e+000  3.110436e-001  1.412202e-001 -6.859886e-001 -9.115384e-001 -5.893846e-001 -4.414233e-002  3.151422e-001
-2.192683e+001 -1.501168e+001 -4.555595e+000  3.498650e+000  1.075197e+000 -1.634089e+000 -3.423292e+000 -1.452871e+000  5.243731e-001  2.044578e+000  3.639030e+000 -3.276788e+000  4.891920e+001 -6.530794e-001 -2.028044e-001  1.258740e+000  5.959239e-001  2.285173e+000  1.627729e+000 -3.381592e-001  8.434893e-001  7.192569e-001  3.579640e-001 -9.975138e-001 -1.054422e+000  1.012326e+000  1.561031e+000  1.023050e+000  5.271129e-001 -7.699803e-001  2.520542e-001  8.891780e-001  5.889799e-001 -2.812187e-001 -4.920198e-001 -1.010835e+000 -1.472146e-001 -1.500281e-001  1.912216e-001
-2.378653e+001 -1.089021e+001 -3.291270e+000  1.649437e+000  2.115086e+000  3.615926e+000 -1.384598e+000  2.526438e+000 -1.555988e-001  3.119560e+000  4.474105e+000 -5.587779e+000  4.936090e+001  9.736007e-001  1.008883e+000  1.908045e+000 -6.991424e-001  2.845111e+000  2.744735e+000  9.312038e-001  1.236356e+000 -4.879975e-001 -1.886665e+000 -1.018619e+000 -9.060846e-001  4.659523e-001  2.475562e+000  3.290159e-001 -2.182842e-001 -1.585328e+000 -8.948432e-001  2.948675e-001  5.766873e-001 -1.096987e+000 -6.093864e-003 -9.223638e-001  5.601514e-001 -2.920927e-001  4.006732e-001
-2.336081e+001 -1.229742e+001 -2.225472e+000 -5.732972e+000  2.926816e+000  1.833789e+000 -6.023029e+000  3.850083e+000  5.688708e+000  1.602496e+000 -1.998075e+000 -5.665981e+000  5.144249e+001  5.906769e+000  1.569391e+000  5.527875e-001 -3.723512e+000 -3.975092e-001  2.406677e+000  1.136312e+000 -1.784874e+000  2.267667e-001 -1.136868e+000  1.036136e+000 -1.434803e+000  9.206440e-001  2.395127e+000 -3.853245e-001 -4.291297e-001 -1.234288e+000 -1.367328e+000 -8.815657e-002  2.865979e-001 -1.743429e+000  2.894655e-001 -4.770448e-001  1.350330e+000 -6.136537e-001  6.918121e-001
-1.509015e+001 -7.789334e+000  2.167228e+000 -4.288104e+000  6.503637e+000  8.089087e+000  5.823638e-001  1.616201e+000  1.873888e-001 -3.037950e+000  4.183975e+000 -5.645372e+000  4.899052e+001  8.472983e+000 -2.827988e-001 -7.881666e-003 -4.225581e+000 -1.807711e+000  1.834465e+000  9.831702e-001 -4.613039e+000  9.259821e-001 -1.818511e+000  2.669666e+000 -2.174882e+000  2.460831e+000  7.099551e-001 -1.029278e+000 -4.565133e-001 -5.426159e-001 -1.114178e+000 -5.700619e-001 -2.001662e-001 -1.280106e+000  9.124258e-001 -1.548442e-001  9.323778e-001 -8.353493e-001  9.556689e-001
 3.258828e+000 -8.715167e+000 -4.520906e+000 -1.215014e+001 -3.106624e+000  8.162713e+000  1.274789e+000 -9.922124e+000  1.486713e+000 -5.610068e-001  8.964777e+000 -1.042200e+001  5.370761e+001  7.572862e+000 -1.483586e+000  7.105427e-002 -3.812296e+000 -2.225057e+000  1.642081e+000  1.068847e+000 -4.948957e+000  1.459594e+000 -2.061337e+000  3.909996e+000 -3.488292e+000  3.473947e+000 -1.753816e+000 -9.402375e-001  2.323473e-002  6.533457e-001  2.019754e-001 -6.951255e-001 -3.918679e-001  3.168160e-001  7.497318e-001 -2.526615e-001 -2.480737e-001 -4.523453e-001  4.675782e-001
 5.268566e+000 -1.409533e+001 -2.182961e+000 -1.626988e+001 -3.906749e+000  9.623791e+000 -1.176560e-001 -1.365265e+001  6.575309e+000 -4.891243e+000  1.234101e+001 -1.408418e+001  6.053250e+001  3.690330e+000 -2.611021e+000 -1.336553e-001 -3.367830e+000 -1.812005e+000  2.767235e-001 -3.589436e-002 -3.582134e+000  3.457717e+000 -2.198652e+000  2.206340e+000 -4.056087e+000  3.967646e+000 -2.709901e+000 -8.624793e-002  5.903909e-002  1.279577e+000  8.514503e-001 -7.644961e-001 -3.623226e-001  1.386269e+000  2.192533e-001 -4.524207e-003 -1.168280e+000  2.502768e-001 -3.928118e-001
 4.324136e+000 -1.656235e+001  3.048938e-001 -1.880356e+001 -2.993278e+000  9.276843e+000 -3.287836e-001 -1.326028e+001  9.792721e+000 -7.777541e+000  1.347339e+001 -1.888804e+001  6.304124e+001 -4.709836e-001 -1.967686e+000  7.318479e-001 -8.856590e-001  6.145150e-001 -2.900802e-001 -3.134948e-001 -7.162464e-001  2.709558e+000 -2.210105e+000  2.743063e-002 -2.755927e+000  2.505127e+000 -2.127790e+000  5.044109e-001 -3.698882e-002  1.368355e+000  1.039062e+000 -7.598545e-001 -2.139494e-001  1.342696e+000 -3.583621e-001  1.755559e-003 -1.364989e+000  9.021329e-001 -9.319562e-001
 2.828845e+000 -1.692085e+001 -9.139484e-001 -1.780054e+001 -2.613063e+000  8.915639e+000  1.204678e+000 -1.462539e+001  1.332297e+001 -1.042294e+001  1.296137e+001 -2.169279e+001  6.416193e+001 -1.054599e+000 -4.719883e-001 -4.308308e-002  7.089874e-001  1.029755e+000 -1.021934e+000 -1.372719e-001  2.019515e-001  1.397267e+000 -1.766748e+000 -1.230449e+000 -1.289681e+000  9.811813e-001 -7.352005e-001  8.048916e-001 -1.119694e-001  1.043215e+000  7.514903e-001 -4.012272e-001  1.016356e-001  8.360808e-001 -1.019902e+000  1.454347e-001 -8.972036e-001  1.177654e+000 -1.094591e+000
 2.123771e+000 -1.714084e+001 -1.496173e+000 -1.581311e+001 -6.808922e-001  7.066388e+000 -9.538521e-001 -1.301698e+001  1.166067e+001 -8.845684e+000  8.791749e+000 -2.039733e+001  6.441853e+001 -6.936238e-001 -3.104744e-002 -1.591759e-001  9.910712e-001  1.549371e+000 -1.507862e+000  4.978902e-002 -1.275225e-001  6.980095e-001 -2.268511e+000 -1.196555e+000 -3.608303e-001  3.073982e-001  2.790618e-001  8.168479e-001 -2.656432e-001  3.981576e-001  2.647710e-001 -2.200792e-001  2.755460e-001  2.007765e-001 -8.846475e-001  4.116076e-001 -5.075171e-001  9.606748e-001 -8.678306e-001
 1.095756e+000 -1.616603e+001 -1.497843e+000 -1.422017e+001  8.583093e-002  5.619346e+000 -4.914812e-001 -1.276454e+001  1.262767e+001 -1.319091e+001  8.529581e+000 -1.977793e+001  6.474976e+001  1.256478e-001  4.451180e-001 -2.479903e-001  9.098808e-001  1.478018e+000 -1.120521e+000  2.906417e-001  3.039081e-001 -6.360185e-001 -1.442275e+000 -1.667684e+000  6.346359e-001 -4.064445e-001  4.282594e-001  6.558175e-001 -2.083166e-001  1.142843e-001  5.410689e-002  8.482357e-002  2.537498e-001  1.835492e-001 -6.486668e-001  7.419377e-001 -3.467809e-001  6.846789e-001 -6.650673e-001
 1.722562e+000 -1.709500e+001 -1.990387e-001 -1.563839e+001  3.404132e+000  3.385678e+000  7.682412e-001 -1.482832e+001  1.363042e+001 -1.773611e+001  9.706506e+000 -2.164962e+001  6.428432e+001  3.342023e-001  1.658000e+000 -4.939143e-001  1.004682e+000  1.714238e+000 -1.341183e+000  8.502781e-001  2.366576e-001 -6.970369e-001 -3.143034e-001 -2.291537e+000  1.085289e+000 -1.140213e+000  1.950880e-001  4.776399e-001 -2.056427e-001  1.944532e-001 -2.608307e-001  2.808174e-001  1.480613e-001  3.758682e-001 -3.004290e-001  9.226599e-001 -2.106564e-001  4.006093e-001 -4.515424e-001
 3.657689e+000 -1.471818e+001 -2.802467e+000 -1.333849e+001  2.734515e+000  5.153387e+000  1.796840e+000 -1.220019e+001  9.158006e+000 -1.318910e+001  4.165571e+000 -1.789347e+001  6.219682e+001  5.727853e-001  1.962575e+000 -9.172969e-001  1.273604e+000  1.217856e+000 -6.811563e-001  7.312324e-001  9.376073e-001 -1.148544e+000  9.658369e-001 -2.416863e+000  1.410654e+000 -1.620350e+000 -6.728508e-002 -9.083923e-002  2.701693e-002  1.464720e-001 -4.186977e-001  3.194929e-001 -1.375137e-001  3.054743e-001  2.866094e-001  2.575374e-001  4.317699e-001 -2.281447e-001 -1.014382e-001
 2.513816e+000 -9.574759e+000 -3.313433e+000 -1.123054e+001  6.565956e+000  5.934545e-001  2.153378e+000 -1.211587e+001  9.910318e+000 -1.041810e+001 -4.839318e-001 -1.591312e+001  5.999394e+001  5.824728e-002  1.598423e+000 -8.527361e-001  1.781476e+000  3.752991e-001 -3.234578e-001  5.698001e-001  1.434969e+000 -5.478725e-001  1.140733e+000 -1.875248e+000  1.254207e+000 -1.343361e+000 -1.586270e-001 -8.325408e-001  3.424948e-001 -1.243768e-001 -6.037396e-001  4.652683e-001 -4.381391e-001  2.598000e-001  4.706527e-001 -4.922347e-001  1.016549e+000 -7.543625e-001  3.423495e-001
 3.564055e+000 -1.011327e+001 -4.527131e+000 -1.005608e+001  4.594196e+000  3.609676e+000  2.472113e+000 -9.432725e+000  8.744998e+000 -1.202073e+001  1.540484e+000 -1.559291e+001  5.879320e+001 -7.280011e-002  2.071047e-002  6.650529e-002  1.253844e+000  5.399881e-002 -3.191949e-002 -2.566876e-001  1.232124e+000  7.224461e-001 -8.821066e-001  2.830207e-001 -5.905466e-001 -8.120613e-001 -2.057831e-001 -1.001294e+000  4.938184e-001 -3.537510e-001 -3.910942e-001  1.846849e-001 -3.633525e-001 -8.540107e-002  5.524961e-001 -7.674271e-001  1.048743e+000 -9.603686e-001  6.059797e-001
 2.060615e+000 -1.140534e+001 -3.600387e+000 -8.372217e+000  4.350787e+000  2.540244e+000  3.279606e+000 -9.037203e+000  1.109756e+001 -1.261663e+001  1.642809e+000 -1.652886e+001  5.926932e+001 -1.361400e-001 -1.533771e+000  7.266587e-001  3.926778e-001 -7.225314e-001  6.605406e-001 -8.464572e-001  1.388399e+000  7.207313e-001 -1.851505e+000  1.441267e+000 -1.685923e+000  1.673908e-001 -9.161189e-002 -6.423729e-001  3.378837e-001 -3.985986e-001 -1.307564e-001 -7.824496e-002 -8.612204e-002 -3.287765e-001  2.528695e-001 -4.057246e-001  5.545537e-001 -4.778283e-001  5.117573e-001
 3.520289e+000 -1.369934e+001 -2.326463e+000 -8.498434e+000  4.112094e+000  4.020394e+000 -4.971145e-002 -7.578904e+000  1.217661e+001 -1.650037e+001  4.517304e+000 -2.053833e+001  5.849882e+001 -3.589366e-001 -1.477797e+000  7.620977e-001  1.992478e-001 -1.887004e-001 -2.497312e-001 -3.774016e-001  5.338868e-001  9.796348e-001 -1.375180e+000  1.168595e+000 -1.921124e+000  6.541729e-001 -8.870288e-002  1.189317e-001  6.042714e-003 -2.619745e-002 -2.733175e-002 -2.627711e-001  3.337693e-001 -2.711447e-001 -9.181988e-002  4.921168e-001 -2.555716e-001  4.312648e-001  1.248645e-001
 1.854999e+000 -1.545058e+001 -7.804728e-001 -1.004597e+001  3.194350e+000  3.690799e+000 -8.179961e-001 -6.100788e+000  1.179817e+001 -1.743581e+001  5.233991e+000 -2.187003e+001  6.097808e+001 -2.567439e-001 -8.641876e-001  4.888862e-001  3.157809e-001 -1.571334e-001 -6.057768e-001  1.995469e-001  1.402049e-001  5.878807e-001 -6.413534e-001  4.547334e-001 -4.696459e-001  4.823082e-001 -1.431029e-002  6.609578e-001 -1.956418e-001  3.193150e-001  6.566776e-002 -2.377118e-001  3.988050e-001 -8.128650e-002 -1.946097e-001  8.579970e-001 -6.167989e-001  8.052742e-001 -3.984398e-001
 1.872180e+000 -1.547963e+001 -2.126599e+000 -8.222966e+000  4.228912e+000  1.785743e+000  2.633905e+000 -8.231499e+000  1.329287e+001 -1.648704e+001  5.587870e+000 -2.252794e+001  6.120968e+001 -4.560126e-001  2.805775e-001  2.156051e-001  1.161305e+000 -3.653589e-001 -7.126163e-001  8.891570e-001  5.004972e-001  3.297720e-001  9.734018e-001 -5.015707e-001  9.576389e-001 -3.451973e-001  5.852546e-002  5.920471e-001 -1.150805e-001  1.565873e-001 -9.002870e-002  9.395366e-002  8.451315e-002  2.590846e-001 -4.289187e-001  6.164455e-001 -4.904632e-001  6.188092e-001 -5.262040e-001
 1.600949e+000 -1.483613e+001 -1.255888e+000 -6.931046e+000  3.506710e+000  6.286858e-001  2.935532e+000 -8.009881e+000  1.347884e+001 -1.583007e+001  3.381193e+000 -1.788228e+001  6.032543e+001 -1.591535e-001  8.918306e-001  2.169589e-002  1.508224e+000 -3.058633e-001 -2.965759e-001  5.142883e-001  9.986615e-001  7.261439e-002  1.264189e+000 -8.076450e-001  9.010668e-001 -1.325123e+000  5.231967e-002  2.276275e-001 -5.708108e-002 -9.925156e-002 -7.679974e-002  9.260011e-002 -6.293891e-002  2.847200e-001 -5.586936e-001  1.951142e-001 -1.723629e-001 -3.543434e-002 -2.275590e-001
 1.367251e+000 -1.260368e+001 -1.010730e+000 -4.249372e+000  2.129119e+000  1.988369e+000  2.519310e+000 -4.121871e+000  1.298514e+001 -1.243623e+001  2.935849e+000 -1.774401e+001  5.709916e+001 -1.151045e-001  6.044291e-001  4.202904e-001  3.859626e-001 -5.644790e-001  6.543665e-002 -1.122066e-001  1.400082e+000 -9.073257e-001  7.542768e-001 -6.525314e-001  4.875660e-001 -1.073131e+000  8.407677e-002 -1.486423e-001 -1.083598e-001 -4.771264e-001  1.345445e-001 -2.394966e-002 -1.506474e-001  3.457051e-003 -3.603019e-001 -3.571340e-001  7.813872e-002 -2.401440e-001  2.095679e-001
 1.311697e+000 -1.242940e+001 -1.229928e+000 -4.491647e+000  2.714931e+000  2.106606e+000  1.810743e+000 -3.162294e+000  1.231510e+001 -1.314027e+001  2.521776e+000 -1.975666e+001  5.640773e+001 -1.655996e-001  1.120239e-001  1.011382e-001  2.071943e-001 -4.415721e-001 -5.318027e-001  3.855341e-001  1.114013e+000 -1.587038e+000  4.437802e-001 -3.316007e-001 -4.117811e-001 -2.915199e-001  2.849987e-002 -1.839208e-001 -2.308501e-001 -3.846209e-001  2.692807e-001 -1.791522e-001  1.717020e-002 -1.716050e-001 -9.380776e-003 -3.972481e-001  1.510899e-001 -2.642395e-002  3.239198e-001
 1.441284e+000 -1.366085e+001 -3.812753e-002 -7.512853e+000  1.802407e+000  1.373966e+000  2.635267e+000 -3.654885e+000  9.338108e+000 -1.406056e+001  2.754921e+000 -1.915293e+001  5.780288e+001 -3.240565e-002 -7.273082e-002 -3.659149e-001 -5.738122e-001  3.752179e-001 -7.147512e-001  2.002973e-001  4.601068e-001 -6.419111e-001 -4.020637e-001 -3.488993e-001  4.133427e-001  1.858406e-001 -9.463852e-003 -3.355692e-003 -3.907587e-001  6.755020e-002  3.351891e-001 -1.795405e-001  1.012913e-001 -1.470724e-001  3.716600e-001 -2.090156e-001  8.263076e-002 -1.920437e-002  7.656331e-002
 7.359346e-001 -1.374742e+001 -1.236498e+000 -4.263335e+000  1.462206e+000 -1.723126e+000  4.805224e+000 -2.673310e+000  7.367161e+000 -1.279900e+001  1.813654e+000 -1.923673e+001  5.851597e+001 -5.800354e-002  3.108065e-001 -7.394518e-001  6.500717e-002  5.706919e-001 -8.022429e-001  4.438874e-001  6.106241e-001 -1.069968e-001 -1.438815e-001 -2.040117e-001  8.060587e-001 -3.350101e-001 -2.545815e-002  8.113906e-002 -1.929408e-001  1.345351e-001  1.316261e-001 -6.914145e-002  1.083750e-001 -1.683033e-001  3.751924e-001  5.797279e-003  4.011460e-002 -1.544361e-001 -9.643482e-002
 1.493103e+000 -1.230832e+001 -2.837019e+000 -7.232589e+000  4.631571e+000  3.294795e-001  2.023556e+000 -2.065829e+000  1.224955e+001 -1.461718e+001  1.545414e+000 -1.593726e+001  5.697424e+001 -2.162218e-001  4.882594e-001 -1.113208e+000  7.948072e-001  6.053346e-001 -6.970457e-001  3.650734e-001  9.164138e-001  2.109535e-001  3.029823e-003 -3.031721e-001 -2.173758e-001 -6.685696e-001 -1.991886e-002 -6.132724e-002  1.696442e-001  2.347900e-001 -3.458689e-001 -1.480215e-002  1.160704e-001 -3.169237e-002 -1.632104e-001  3.698827e-001  7.455709e-002 -2.494636e-001 -5.068630e-002
 9.957691e-001 -1.155163e+001 -3.527741e+000 -4.306743e+000  4.153808e+000 -1.382366e+000  4.336036e+000 -9.037016e-001  1.032440e+001 -1.358136e+001  2.106471e+000 -1.733420e+001  5.514700e+001 -2.009823e-001  2.372241e-001 -4.899191e-001  1.955601e-001  1.015003e-001 -8.863627e-001  8.450212e-001  4.434266e-002 -1.375085e-001  2.702199e-001 -1.538913e-001 -8.686022e-001 -3.464890e-001  5.571522e-002 -8.063504e-002  4.049158e-001  7.225268e-002 -5.877165e-001  1.650454e-001 -8.516783e-002  5.429838e-002 -3.501134e-001  4.527799e-001  5.774841e-002  4.112774e-002  1.047229e-002
 2.302578e-001 -1.231744e+001 -4.458546e+000 -3.517112e+000  3.483279e+000 -2.281643e+000  4.695228e+000  4.237985e-002  8.914258e+000 -1.365423e+001  1.092652e+000 -2.119107e+001  5.614452e+001 -6.051061e-002 -3.425758e-001  3.575396e-001  5.348614e-001 -1.119531e+000 -7.467021e-001  5.800824e-001  5.847857e-001 -1.442707e+000  1.240299e+000 -1.174045e-003  3.355026e-003 -6.185150e-002  1.864604e-001  8.052267e-002  3.813691e-001  4.090317e-002 -6.499562e-001  2.564372e-001 -1.609413e-001  1.860707e-001 -3.717034e-001  5.390737e-001 -1.144999e-001  4.427145e-001 -1.616232e-001
 3.624460e-001 -1.255674e+001 -2.875331e+000 -5.143272e+000  2.543854e+000 -4.849378e+000  7.694494e+000 -3.505701e+000  8.347267e+000 -1.192938e+001  1.270578e+000 -2.095284e+001  5.719839e+001  1.427169e-001  3.230489e-001  5.497533e-001  5.562434e-001 -1.505458e+000  4.781234e-002 -8.945628e-002  1.047930e+000 -1.030734e+000  1.501383e+000 -6.626870e-002  9.013320e-001 -5.860077e-001  2.865957e-001  3.978946e-001 -5.325385e-002  3.071453e-001 -2.786110e-001  1.288997e-001 -3.194885e-001  2.613879e-001 -3.392634e-001  6.370035e-001 -3.572375e-001  4.868484e-001 -4.609014e-001
 1.507212e+000 -1.351865e+001 -1.375526e+000 -4.140018e+000 -1.611047e-001 -1.670525e+000  3.244739e+000  2.159099e+000  6.024582e+000 -9.241677e+000  1.957490e+000 -1.411117e+001  5.563929e+001  5.442308e-001  8.479604e-001  2.738016e-001  8.189814e-001 -1.840967e+000  1.180530e-001  2.760582e-002  1.344974e+000 -1.200951e+000  2.082817e+000 -9.194831e-001  1.111230e+000 -1.356926e+000  2.191938e-001  6.744162e-001 -3.772660e-001  2.723479e-001  3.417920e-001 -5.446089e-003 -3.786105e-001 -3.403555e-001 -1.475677e-001  4.532375e-001 -3.616507e-001  1.932791e-001 -6.100199e-001
 1.070877e+000 -9.335789e+000 -2.320484e+000 -1.214074e+000 -1.551290e+000 -1.448863e+000  4.613999e+000  3.277589e+000  6.615566e+000 -8.280722e+000  1.342709e+000 -1.636749e+001  5.246957e+001  9.296256e-001  1.631429e+000 -7.143193e-001  1.589227e+000 -9.308366e-001 -6.742418e-001 -4.761829e-001  9.711885e-001 -1.954704e+000  3.033978e+000 -1.480924e+000  1.011703e+000 -2.003459e+000  3.006944e-002  5.843687e-001 -3.106474e-001  8.309070e-002  7.878084e-001 -8.467680e-003 -5.509127e-001 -8.057603e-001 -1.555878e-001  9.611809e-002 -2.002620e-001  1.366087e-001 -4.951030e-001
 2.597196e+000 -9.688118e+000 -3.366961e+000 -1.386805e+000 -3.673985e+000 -3.391636e+000  6.373504e+000  3.375603e+000  3.775355e+000 -5.064475e+000 -3.540828e+000 -1.792759e+001  5.172430e+001  6.420043e-001  2.375315e+000 -8.967541e-001  1.380109e+000  3.021189e-001 -4.129055e-001 -1.119607e+000 -1.078621e+000 -1.718561e+000  2.740189e+000 -1.102100e+000  9.145650e-001 -2.403226e+000 -3.707913e-001  5.371498e-001  1.819553e-001 -2.157350e-001  6.834392e-001  4.179159e-001 -4.558079e-001 -7.943297e-001  1.306089e-001 -3.001698e-001  4.206668e-001  3.378784e-001 -3.879502e-001
 4.465582e+000 -6.314859e+000 -5.451210e+000  1.426255e+000 -3.538893e-001 -7.360032e+000  3.749197e+000  7.419897e-001 -3.016373e-001  1.151909e+000 -3.384885e+000 -1.398611e+001  4.913859e+001  2.441774e-001  2.481215e+000 -4.182058e-001  6.911330e-001  1.362041e+000  2.709531e-001 -2.270414e+000 -1.769074e+000 -1.549868e+000  1.653288e+000 -9.762705e-001  1.682708e+000 -2.538373e+000 -8.205118e-001  1.469202e-001  8.937663e-001 -2.903457e-001  1.682315e-001  8.504031e-001  1.648312e-001 -1.549372e-001  4.527992e-001 -7.995386e-001  4.934890e-001  3.963537e-001 -2.130245e-001
 3.019881e+000 -3.152536e+000 -4.293934e+000  1.440365e+000  7.507895e-001 -7.794675e-001 -1.920894e+000 -1.966206e+000  8.903813e-001 -2.570477e-001 -1.189212e+000 -1.072903e+001  4.528865e+001 -9.670019e-001  3.108817e+000  1.035521e+000  1.893531e-001  4.297901e-001  1.735035e+000 -1.354318e+000 -1.256544e+000 -7.503242e-001  1.272313e+000  9.315239e-001  2.465119e+000 -3.029220e+000 -9.918620e-001 -4.852422e-001  9.664446e-001 -2.433723e-002 -4.085489e-002  6.288857e-001  9.929524e-001  6.719808e-001  3.487708e-001 -5.879992e-001  3.807582e-001  1.812127e-002  1.367805e-001
 2.080421e+000 -1.975054e-001 -3.948027e+000  8.280064e-001  3.046528e+000 -1.400181e+000 -2.590870e+000 -2.896877e+000  3.087147e-001 -2.417997e+000 -4.714452e+000 -1.155323e+001  4.299553e+001 -2.368430e+000  1.999280e+000  2.788375e+000  7.328764e-001 -1.535147e-001  2.503803e+000  4.653291e-001  2.854638e-001 -1.748257e-001 -2.297768e-001 -3.029113e-002  2.218194e+000 -2.755584e+000 -7.351859e-001 -9.691783e-001  3.800896e-001  2.188887e-001 -1.017647e-002  2.727108e-001  1.179415e+000  9.236681e-001  3.692517e-001 -1.549017e-001  2.055701e-001 -2.985672e-001  4.408388e-001
-1.045233e+000  2.797288e+000  1.059054e+000 -1.409151e-001 -3.225243e+000  2.303613e+000  2.771945e+000 -1.087682e+000 -2.814423e-001  3.082046e+000  1.781575e+000 -6.818435e+000  3.964972e+001 -3.011002e+000  1.900718e-001  2.332178e+000  1.237551e+000  8.556223e-001  1.615098e+000  2.477284e+000  1.254014e+000 -6.622275e-001  7.417254e-001  3.287016e-001  7.374283e-001 -1.610717e+000 -2.854851e-002 -1.182048e+000 -6.460106e-001  2.463470e-001  3.733431e-001 -3.843762e-001  2.315008e-001  3.737507e-001  4.364533e-001 -3.045717e-001 -4.913696e-001 -4.993676e-001  6.887743e-001
-5.344014e+000  7.066267e-001  5.814169e+000  5.881277e+000  8.665535e-001  3.617446e+000  3.729423e+000  1.730046e+000 -5.898542e-001 -1.666521e+000 -5.021734e+000 -4.850441e+000  3.818013e+001 -2.409752e+000 -9.053045e-001  8.339134e-001  1.261477e+000  1.098243e+000  1.694476e+000  1.710860e+000  1.593988e+000  2.523423e-001  1.144073e+000  3.529913e-001  1.053717e+000 -1.043430e+000  6.370915e-001 -7.772886e-001 -1.460713e+000 -4.601988e-001 -8.548957e-003 -7.347973e-001 -7.598516e-001 -3.488691e-001  6.421458e-001 -1.813907e-002 -3.802921e-001 -4.293751e-001  5.834108e-001
-8.322911e+000 -2.654243e+000  2.485860e+000  5.101487e+000  6.118888e+000  4.787208e+000  7.305380e+000  1.990402e+000 -1.971472e+000  3.075842e+000  6.079370e-001 -1.039329e+001  3.964277e+001 -1.089083e+000 -1.349129e+000 -1.217301e+000  1.156788e+000  1.670627e+000  2.178179e-001 -8.195798e-001 -4.205211e-002  1.218359e+000 -9.374697e-001 -1.716965e+000  5.505198e-001 -4.414253e-001  8.784755e-001 -6.060627e-002 -1.181759e+000 -9.299656e-001 -5.701288e-001 -5.688844e-001 -1.120386e+000 -7.015307e-001  4.052309e-001 -4.685975e-001 -6.985019e-001 -2.939945e-001  2.278025e-001
-6.329501e+000 -1.998262e+000 -4.918631e-001  4.514191e+000  3.865674e+000  5.830399e+000  3.696712e+000  3.534019e+000  2.415441e+000  3.305470e+000 -2.362677e+000 -4.497219e+000  3.778186e+001 -1.439320e-001 -1.117563e+000 -2.740449e+000 -1.527736e+000 -6.037617e-001 -4.715430e-001 -1.685497e+000 -8.108487e-001  2.095610e+000  5.191255e-001 -9.089179e-001  1.647727e-001 -4.231762e-001  5.318477e-001  3.618301e-001 -3.093204e-001 -8.022642e-001 -4.189540e-001  5.781212e-002 -3.691552e-001 -6.216974e-001 -4.447595e-001 -4.859893e-001 -2.812692e-001 -4.456889e-001  6.135994e-002
-5.997906e+000 -2.595913e+000 -1.874435e+000  6.326567e+000  3.628330e+000  2.286226e+000 -1.309599e+000 -2.199929e+000  4.307703e+000 -4.091298e+000 -8.132781e+000 -4.242446e+000  3.764173e+001  2.484657e-001 -6.830323e-003 -1.789435e+000 -2.017670e+000 -1.144020e+000 -1.463153e-001 -1.426468e+000 -1.051221e+000  4.422931e-001 -1.288788e+000 -2.532854e+000 -2.880717e-001 -7.818321e-001  1.091257e-001  6.482738e-001  6.220325e-001 -1.415740e-001  1.206282e-001  6.967819e-001  6.881332e-001  1.594449e-001 -7.955530e-001  1.465282e-001  4.914698e-001 -1.950882e-002 -6.693108e-002
-7.226176e+000 -4.910354e+000 -5.707931e+000 -2.369944e+000 -9.069766e-001  2.510222e+000 -3.905724e-001 -2.290313e-001  6.748608e+000  4.512676e+000 -5.195964e+000 -7.101998e+000  3.706477e+001 -4.192884e-001  2.326965e-001 -4.266212e-001 -1.162615e+000  4.107956e-001  2.165603e+000  1.685279e-001 -1.009915e+000 -1.583423e+000 -1.110214e+000 -6.454105e-001 -7.554315e-001 -5.664272e-001 -2.432798e-002  7.084004e-001  1.023963e+000  8.490363e-001  6.741561e-001  5.068371e-001  5.404547e-001  2.015275e-001 -7.642677e-001 -1.859207e-001  5.007397e-001  2.327700e-001 -9.696853e-003
