29 39
-1.289612e+001  2.782814e-002 -3.718158e+000  1.616716e+000  3.964711e+000  4.540573e+000 -3.106416e+000 -5.310036e+000 -2.682878e+000  4.112460e-001  1.177243e-001 -3.500130e+000  3.267468e+001 -4.409744e+000 -4.310870e+000 -1.149508e+000  2.018805e-001  1.413972e+000  4.713882e-001 -1.263544e+000  2.841664e+000  7.852155e-001  2.267999e+000  3.729306e-001 -3.611494e-001  1.276695e+000 -5.927948e-001 -5.781814e-001  5.290375e-001  3.448811e-001 -1.699386e-001 -2.024060e-001  2.089720e-001  7.619732e-001 -2.749766e-002 -6.955042e-001 -4.414417e-001 -2.659862e-001  9.918036e-001
-1.598191e+001 -2.536390e+000 -4.720250e+000  1.400462e+000 -5.532053e-001 -1.053868e+000 -9.637096e+000 -1.819783e+000 -1.418219e+000  4.160916e+000  2.504680e+000 -3.628457e+000  3.551268e+001 -3.736804e+000 -4.026783e+000 -2.251330e-001  6.044880e-001  1.310222e-001  2.360754e-001 -4.914439e-001  3.440683e+000  4.261031e-001  4.262160e-001 -8.720133e-002 -5.217388e-001  3.206758e+000  3.722824e-001  3.780399e-001  4.403080e-001 -1.688860e-001 -8.995972e-001 -4.720798e-001  7.023368e-001 -3.421479e-001 -2.385281e-001 -1.312660e+000 -4.408529e-001 -2.176064e-002  9.196730e-001
-1.908909e+001 -6.117936e+000 -1.307252e+000 -9.258928e-001  2.078477e+000  1.203624e+000 -6.198843e+000  2.714139e-001 -7.737923e+000  3.110034e+000 -2.502473e-002 -1.189573e+001  4.203353e+001 -2.440365e+000 -2.840573e+000  3.041115e-001  6.889991e-002 -1.512543e+000 -9.446893e-002  6.327986e-001  1.399835e+000 -1.405668e-001 -2.053134e+000 -1.065663e+000 -1.693918e-001  3.971085e+000  7.171271e-001  1.030005e+000 -7.642654e-002 -3.690175e-001 -1.234494e+000 -6.199361e-001  6.582503e-001 -1.236962e+000  1.392752e-002 -6.907746e-001  6.524592e-002  7.763732e-001  1.311142e-001
-2.010751e+001 -9.494046e+000 -1.584845e+000  3.526300e+000 -1.687040e-001  3.554382e+000 -7.406539e+000  2.437295e+000 -3.976335e+000 -3.273991e+000 -3.572268e+000 -4.469885e+000  4.637282e+001 -1.837839e+000 -1.864663e+000 -7.597763e-001 -8.712633e-001 -2.525618e+000 -1.485281e+000  1.316352e+000 -1.621374e-001  3.618789e-001 -1.769413e+000 -2.127185e-001  7.810585e-001  3.461523e+000  4.803780e-001  1.219316e+000 -3.473278e-001 -4.741826e-001 -5.831940e-001 -3.820122e-001  3.595297e-001 -1.125697e+000  1.892424e-001  5.437492e-001  5.644052e-001  6.768042e-001 -7.515013e-001
-2.303515e+001 -1.069621e+001 -3.765303e+000  8.982972e-001 -3.790256e+000  1.764104e+000 -1.057702e+000 -4.394026e-001 -2.106654e+000 -6.136971e+000 -2.172115e+000 -3.926375e+000  4.710004e+001 -1.773591e+000 -2.419037e-001 -1.264319e+000 -9.053313e-001 -3.430176e+000 -1.767614e+000  1.123809e+000 -1.541735e+000  8.869652e-001 -8.805915e-002  7.619188e-001  2.869318e+000  1.804884e+000  3.882511e-001  1.034859e+000 -2.361509e-001 -1.866442e-001  3.614193e-001  3.585758e-001 -1.481750e-001 -4.375985e-001  9.091844e-002  1.062745e+000  6.361566e-001  2.651322e-001 -1.032847e+000
-2.319808e+001 -9.570571e+000 -7.290106e+000 -3.867949e+000 -1.024693e+001 -8.760510e+000 -5.625904e+000 -2.275062e+000 -2.424459e+000 -6.264722e-002  2.514632e+000 -3.707840e+000  5.028704e+001 -1.668300e+000  7.704633e-001 -1.177557e+000 -1.279310e+000 -1.826132e+000 -8.374131e-001  1.060699e+000 -7.170181e-001  8.585491e-001  2.162425e+000  1.821034e+000  1.342927e+000  5.323521e-001  5.638115e-001  5.422312e-001  3.309117e-001  1.611007e-001  1.328478e+000  1.133267e+000 -3.093166e-001  1.412859e-001 -1.917568e-001  2.305375e-001  1.043012e-001 -4.993596e-001 -8.620586e-001
-2.641176e+001 -7.289192e+000 -4.776216e+000 -1.755425e+000 -1.003329e+001 -1.477001e+000 -1.470113e+000 -5.081082e+000 -4.079034e+000  1.064066e+000  7.411194e-001  2.069841e+000  4.910084e+001 -5.838789e-001  1.016158e+000 -6.677528e-001 -6.602982e-001 -5.519023e-002  1.374476e+000  1.975021e-002 -5.107175e-001  6.569029e-002  1.294673e+000  1.098244e+000  8.753349e-001  2.714367e-001  8.112463e-001 -8.955497e-002  7.028113e-001  3.574505e-001  1.771773e+000  9.999486e-001 -2.466184e-001  2.690783e-001 -5.013719e-001 -5.084087e-001 -2.986970e-001 -1.118461e+000 -3.888218e-001
-2.676071e+001 -7.345238e+000 -6.967174e+000 -1.543387e+000 -6.177846e+000  9.878685e-001 -1.896840e+000  1.173044e+000  1.302601e+000  3.937613e+000  4.076284e+000 -7.533566e-001  4.803418e+001  3.863625e-001  2.174613e-001  5.964993e-001 -1.882765e-001  2.429281e+000  2.610011e+000  3.217993e-001  2.878342e-002 -1.862678e-001 -1.308092e+000  1.406249e-001 -7.187480e-001 -8.204651e-002  6.985670e-001 -4.118242e-001  6.852707e-001  4.943183e-001  1.184283e+000  1.789070e-001 -6.326708e-002  1.316484e-001 -4.612850e-001 -6.483741e-001 -3.778317e-001 -7.318002e-001 -1.443678e-001
-2.417323e+001 -6.728083e+000 -7.265532e+000 -3.565475e+000 -6.100749e+000  3.762295e+000 -2.823483e+000 -4.717043e+000 -3.641732e+000 -1.663735e+000  2.538280e+000 -1.026942e+000  4.958366e+001  1.255309e+000 -4.131775e-001  1.362709e+000  3.364044e-001  3.300982e+000  1.508417e+000  2.601671e-001 -5.692440e-001 -1.097486e+000 -8.948447e-001  1.086386e-001 -1.692150e+000  1.679745e-001  6.489295e-001 -1.624718e-001  1.900782e-001  2.244133e-001  2.163806e-001 -8.263103e-001 -6.505647e-002  2.331261e-001  5.040637e-002  5.423677e-002 -1.955455e-001 -1.308583e-001  1.031448e-002
-2.238553e+001 -8.763819e+000 -3.062951e+000 -3.904307e+000 -6.679562e-002  1.669897e+000 -3.340222e+000 -2.313164e+000 -3.574449e+000 -5.239206e+000  2.319176e+000 -5.753189e+000  4.963540e+001  9.049406e-001 -5.739896e-001  1.233565e+000  6.939307e-001  2.417196e+000 -9.848354e-003  6.241551e-001 -2.951262e-002 -8.662876e-001  1.531279e-002  4.266782e-001 -1.032331e+000 -1.377556e-001  9.142376e-001  4.538088e-001 -5.414557e-001 -1.918734e-001 -9.202622e-001 -9.281111e-001 -2.811603e-001  9.306691e-002  5.985453e-001  4.795035e-001 -1.132949e-001  6.100248e-001  8.734226e-002
-2.232280e+001 -8.645789e+000  8.521956e-002  1.107057e+000  3.416095e+000  5.724068e+000  5.524142e-001 -6.184197e+000 -7.127939e+000  1.178252e+000  2.162867e+000 -3.890992e+000  4.914010e+001  2.401480e+000  5.995247e-001 -3.589454e-002  2.066473e-002  1.032755e+000 -1.447145e+000 -4.567100e-001  6.840612e-001  6.577321e-001  9.041547e-001 -2.250998e-002  3.778353e-001  3.508636e-001  1.630286e+000  1.011395e+000 -6.754964e-001 -9.468103e-001 -2.289577e+000 -6.143307e-002 -2.384278e-001 -2.773063e-001  1.252216e+000 -3.523755e-001 -1.318944e-001  4.503249e-001  2.194241e-001
-2.316122e+001 -9.256333e+000 -4.474724e+000 -4.099997e-001  1.149712e+000 -4.225968e-002 -4.640129e-001  1.759058e+000 -1.285734e+000  2.593184e+000  6.397382e+000 -4.482989e+000  4.756718e+001  4.384465e+000  1.980154e+000 -1.411477e+000 -9.897738e-001 -1.037917e+000 -5.527636e-001 -7.255635e-001 -1.325347e-001  1.928850e+000  1.899261e-001 -3.602754e-001  1.296384e+000  2.632202e-001  1.933158e+000  1.080748e+000 -9.953845e-002 -1.234582e+000 -3.001119e+000  9.910349e-001  1.811987e-001 -1.124646e+000  1.211114e+000 -1.166544e+000 -1.517290e-001 -4.245863e-001  5.462199e-001
-1.177798e+001 -3.484202e+000 -6.739119e+000 -5.209305e+000 -1.545228e+000 -2.617353e+000 -6.545138e+000 -3.332849e+000 -1.497430e+000 -1.059156e+000  3.866271e-001  2.271342e-001  5.237209e+001  7.666978e+000  3.366726e+000 -6.922513e-001 -3.555795e+000 -6.419349e+000  1.472709e+000 -2.571127e-001 -1.904265e+000  3.766027e+000 -2.744029e+000 -1.573566e-001 -6.048828e-001  1.064607e+000  8.230101e-001  5.117775e-001  5.827994e-001 -8.226230e-001 -2.776127e+000  1.330121e+000  9.259605e-001 -1.391481e+000  8.127676e-001 -1.300506e+000  2.561792e-001 -1.325889e+000  5.408897e-001
-5.735612e+000 -1.443842e+000 -6.708168e+000 -5.694994e+000 -2.775719e+000  3.076790e+000 -3.419264e+000 -4.401512e+000  3.254544e+000 -3.170871e+000  1.405919e+000 -1.330334e+000  4.933551e+001  7.937979e+000  3.446149e+000  1.064051e+000 -3.690752e+000 -8.862348e+000  3.485399e+000  1.430350e+000 -4.358579e+000  3.635136e+000 -3.993316e+000 -2.645436e-001 -2.663904e+000  2.236473e+000 -7.577404e-001 -1.279912e-001  7.912285e-001 -4.247606e-002 -1.334517e+000  3.082192e-001  1.057453e+000 -9.586897e-001  1.458333e-001 -5.762907e-001  3.862645e-001 -1.330216e+000  4.767297e-001
 7.299287e+000  4.281597e+000 -2.259315e+000 -1.402942e+001 -2.671794e+001  1.152809e+001  7.444763e-001 -1.262524e+001  9.432056e+000 -9.659866e+000  3.871815e+000 -8.491734e+000  5.357897e+001  4.739773e+000  2.425414e+000  1.640338e+000 -2.741961e+000 -8.935664e+000  3.184377e+000  3.095136e+000 -4.160322e+000  3.868427e+000 -3.506757e+000  1.210520e+000 -4.271465e+000  2.068686e+000 -2.183505e+000 -6.770998e-001  2.851071e-001  1.045977e+000  1.267887e+000 -1.125055e+000  6.107154e-001  7.382002e-002 -6.830313e-001  7.182760e-001  1.872284e-001 -2.248594e-001 -1.197674e-001
 6.990041e+000  4.091514e+000 -1.394369e+000 -1.445370e+001 -3.057567e+001  1.031201e+001  3.042931e+000 -1.538764e+001  1.142520e+001 -1.307304e+001  3.332070e+000 -1.344307e+001  5.814610e+001  2.059366e+000  1.810854e+000  1.378371e+000 -1.609071e+000 -6.452343e+000  1.324984e-001  2.885578e+000 -3.797955e+000  2.606816e+000 -2.310164e+000  8.871090e-001 -3.521406e+000  2.144829e+000 -2.100300e+000 -6.787254e-001 -3.302279e-001  1.397811e+000  2.505969e+000 -1.855501e+000 -1.813413e-001  1.064313e+000 -1.076660e+000  1.308064e+000  6.866078e-002  7.199996e-001 -7.297316e-001
 5.558056e+000  5.875192e+000 -1.194328e+000 -1.453976e+001 -3.232357e+001  9.686919e+000  5.699443e+000 -1.864139e+001  1.375938e+001 -1.364185e+001  5.476151e+000 -1.507382e+001  5.831022e+001 -3.112379e-001  7.988752e-001  5.761246e-001  6.332513e-001 -1.284918e+000 -2.476118e+000  2.068851e+000 -1.815477e+000  8.650302e-001  5.774975e-003  2.029592e-001 -1.300429e+000  5.115913e-001 -1.106197e+000 -4.824666e-001 -6.639626e-001  1.347782e+000  2.490576e+000 -1.551351e+000 -7.499493e-001  1.554677e+000 -1.376893e+000  1.026044e+000 -1.345517e-001  1.155716e+000 -8.144269e-001
 5.431832e+000  6.813632e+000 -3.488087e-001 -1.348518e+001 -3.223462e+001  4.659867e+000  8.531141e+000 -2.038321e+001  1.412496e+001 -1.273070e+001  5.039296e+000 -1.564632e+001  5.769403e+001 -3.801513e-002  8.657922e-001 -5.498171e-002  1.610699e+000 -1.578739e-001 -2.961858e+000  1.036786e+000 -2.094359e-001 -2.464642e-001  7.907360e-001  5.825406e-001 -5.494240e-001 -6.336380e-001 -3.009250e-001 -3.879840e-001 -9.254643e-001  1.041047e+000  1.663711e+000 -5.289800e-001 -7.751611e-001  1.817489e+000 -1.252247e+000  2.741850e-002  9.259916e-002  1.228881e+000 -5.724761e-001
 6.522202e+000  6.914914e+000  9.852787e-002 -1.134742e+001 -3.231305e+001  1.973572e+000  8.344625e+000 -1.920484e+001  1.240733e+001 -9.802165e+000  4.032998e+000 -1.389225e+001  5.636296e+001  2.574765e-001  4.856122e-001 -9.627990e-001  2.387067e+000  3.699799e-001 -3.025199e+000  2.697848e-001  1.818805e+000 -1.589398e+000  7.301120e-002  6.900455e-001  2.112579e-002 -6.142147e-001  1.411238e-001 -3.860820e-001 -1.130398e+000  4.747363e-001  9.319129e-001  1.935491e-001 -6.523765e-001  1.536861e+000 -8.455687e-001 -1.154312e+000  7.747313e-002  1.382546e+000  4.950379e-002
 6.317892e+000  7.900613e+000 -2.315705e+000 -7.996373e+000 -3.137030e+001 -6.405993e-001  6.904271e+000 -1.615310e+001  1.086891e+001 -1.103921e+001  6.966349e+000 -1.678098e+001  5.595154e+001  2.703834e-001  2.756577e-002 -2.479489e+000  2.719255e+000  1.038762e+000 -2.237861e+000 -9.069519e-002  3.472352e+000 -2.427203e+000 -2.206689e+000  1.106562e+000  1.962220e+000 -1.546486e-001  1.755313e-001 -5.824243e-001 -1.255054e+000  1.198540e-001  1.231962e+000  5.698678e-001 -8.155263e-001  7.693399e-001 -1.587802e-001 -1.335916e+000 -4.377931e-001  1.761683e+000  3.703475e-001
 6.402408e+000  7.759762e+000 -5.024875e+000 -5.348829e+000 -3.090583e+001 -2.788843e+000  7.861802e+000 -1.166242e+001  7.440417e+000 -1.412254e+001  7.962852e+000 -1.440086e+001  5.611039e+001  2.401817e-001 -7.124215e-001 -3.863613e+000  2.452654e+000  2.776329e+000 -1.870371e+000 -6.292911e-001  4.027935e+000 -2.272444e+000 -4.267074e+000  3.283144e-001  4.356480e+000  5.196155e-001  2.992880e-001 -5.760873e-001 -1.069404e+000 -1.257156e-001  1.602775e+000  9.704724e-001 -1.425481e+000 -4.881380e-001  6.054860e-001 -3.129279e-001 -6.379473e-001  1.337532e+000  2.632013e-001
 6.843646e+000  6.529037e+000 -1.018455e+001 -2.888201e+000 -2.774442e+001 -4.148231e+000  8.319077e+000 -6.792656e+000  4.472403e+000 -2.160395e+001  8.607178e+000 -5.580915e+000  5.704707e+001  8.482886e-001 -1.447312e+000 -4.879847e+000  2.177175e+000  4.798764e+000 -6.899327e-001 -2.591308e+000  2.532698e+000 -6.988418e-001 -3.718801e+000 -1.425559e+000  6.091313e+000  6.511844e-001  3.888667e-001 -3.996345e-001 -3.374629e-001 -2.247996e-001  1.618454e+000  1.180225e+000 -2.070959e+000 -1.585273e+000  1.001564e+000  1.449910e+000 -3.947098e-001 -2.467773e-001 -4.921848e-002
 7.460234e+000  4.038595e+000 -1.528511e+001 -1.638238e+000 -2.024435e+001 -5.624467e+000  4.490766e+000 -3.745383e+000  4.243357e+000 -2.585516e+001  4.854156e+000  2.290112e+000  5.841327e+001  1.464964e+000 -1.657385e+000 -5.109638e+000  2.029529e+000  6.503852e+000  1.053199e+000 -5.607316e+000 -1.520589e-001  5.738518e-001 -7.355728e-001 -1.233630e+000  4.644241e+000  2.988754e-001  2.214223e-001 -1.103096e-001  8.306642e-001 -1.113403e-001  9.557623e-001  1.000270e+000 -1.878787e+000 -1.868225e+000  6.915740e-001  2.728892e+000  3.876310e-001 -2.120274e+000 -3.924376e-001
 1.003042e+001  2.524635e+000 -2.158482e+001  1.034207e+000 -1.270722e+001 -2.672450e+000 -4.366749e+000 -7.448128e+000  8.973227e+000 -2.376690e+001  1.392900e+000  5.330100e+000  5.805602e+001  1.602326e+000 -1.498125e+000 -3.543792e+000  1.806820e+000  7.267269e+000  2.201479e+000 -7.956479e+000 -2.364018e+000  1.157468e+000  3.277111e+000 -8.601484e-002  5.844525e-001 -2.903709e-001 -3.585245e-001  4.678949e-002  2.246008e+000 -4.793048e-003 -9.347524e-002  6.432088e-002 -3.192848e-001 -9.678303e-001 -1.301952e-001  2.491826e+000  8.400233e-001 -2.847044e+000 -5.697348e-001
 1.213384e+001  1.475036e+000 -2.487293e+001  2.837610e+000 -5.905173e+000  1.739262e+000 -1.383187e+001 -1.209498e+001  8.059264e+000 -1.671893e+001  5.401838e+000  3.364831e+000  5.710029e+001  9.702748e-001 -1.238564e+000 -3.783203e-001  2.081130e+000  6.320888e+000  1.685273e+000 -7.340641e+000 -2.864834e+000  2.572708e-001  5.879432e+000  1.596697e+000 -3.491459e+000 -9.717949e-001 -1.042818e+000  1.501394e-001  3.057033e+000  1.646628e-001 -1.248523e+000 -9.620104e-001  1.708501e+000  7.139903e-001 -6.726896e-001  1.113996e+000  2.322744e-001 -1.823034e+000 -7.102998e-001
 1.251847e+001  3.201925e-001 -2.310960e+001  3.907977e+000  1.422338e+000  3.177302e+000 -2.230200e+001 -1.443795e+001  8.351790e+000 -9.786511e+000  7.903262e+000 -3.196013e+000  5.625171e+001 -6.969892e-001 -1.422776e+000  3.984536e+000  2.127409e+000  4.422870e+000 -6.843654e-001 -3.321069e+000 -9.500658e-001 -1.191527e+000  5.432827e+000  1.359393e+000 -4.076058e+000 -1.562154e+000 -1.510661e+000  5.165408e-001  2.931090e+000  2.521934e-001 -2.011169e+000 -1.380312e+000  2.995843e+000  1.802107e+000 -8.107085e-001 -5.062859e-001 -5.884471e-001  4.183389e-001 -1.011441e+000
 1.106758e+001 -1.052001e+000 -1.641432e+001  7.330528e+000  4.295308e+000 -1.229783e-001 -2.324481e+001 -1.457464e+001  5.840429e+000 -3.448194e+000  9.582459e+000 -1.090413e+001  5.445646e+001 -2.599469e+000 -9.443628e-001  6.411361e+000  2.692549e+000  1.683435e+000 -2.313931e+000  6.174852e-001  2.710916e+000 -1.615098e+000  3.756548e+000 -7.949627e-001 -2.140676e+000 -2.616732e+000 -1.511916e+000  1.004275e+000  1.563371e+000 -3.768848e-001 -2.175632e+000 -8.935435e-001  2.772394e+000  1.448961e+000 -6.063721e-001 -1.483672e+000 -9.367571e-001  2.027529e+000 -1.223911e+000
 7.078605e+000 -3.325725e+000 -5.891443e+000  9.424793e+000  4.306891e+000 -5.163157e+000 -1.626562e+001 -1.095863e+001  4.125008e+000 -3.238136e+000  6.099556e+000 -7.915711e+000  5.156717e+001 -4.166110e+000  9.374789e-001  7.716818e+000  2.762078e+000 -4.698513e-001 -2.700477e+000  3.043671e+000  3.858640e+000 -1.959890e+000  1.807124e+000 -1.832420e+000  2.000755e+000 -4.525107e+000 -9.723880e-001  1.206700e+000 -3.254420e-001 -1.092333e+000 -1.477901e+000  3.258158e-001  1.723981e+000  2.867907e-001 -4.208288e-002 -1.158857e+000 -3.299427e-001  2.148752e+000 -1.049811e+000
 1.856430e+000 -1.423819e+000 -1.425208e+000  1.354194e+001  1.069726e+000 -5.660164e+000 -1.376263e+001 -2.800606e-001  2.097164e+000 -1.210379e+000  2.328878e+000 -4.978701e+000  4.635890e+001 -4.854743e+000  2.602682e+000  5.572395e+000 -1.206285e-001 -2.110912e+000 -1.774389e+000  3.338957e+000  1.975616e+000 -2.390408e+000  2.739212e-001 -1.491182e+000  3.607781e+000 -5.609875e+000 -2.095596e-001  6.164062e-001 -1.659285e+000 -1.669382e+000 -3.343475e-001  1.257578e+000  8.710480e-001 -9.412724e-001  4.687458e-001 -5.797112e-001  4.249464e-001  1.104723e+000 -2.948151e-001
