30 39
-1.098723e+001 -7.467755e-001  4.843017e+000 -1.043158e+001  2.157460e+000 -7.178134e+000 -5.775372e+000 -5.896335e-001 -8.426238e+000 -9.567636e+000  8.727166e-001 -7.780620e+000  5.700407e+001 -9.755247e+000 -1.478927e-001  1.466022e-001 -4.423145e+000  3.699693e+000 -7.398677e-001 -2.497020e+000  4.058615e+000  2.216871e+000 -6.778787e-001 -2.466489e-001  3.771302e+000  7.498604e-001 -6.347374e-001 -5.973917e-001 -7.210726e-002  1.188604e+000 -1.022632e+000  6.105958e-001  7.199653e-001 -7.277406e-001  3.595190e-001  1.022823e+000  3.555454e-001 -5.732078e-001  2.535747e-002
-2.004673e+001  7.741364e+000  6.589871e+000 -1.393188e+001  6.389741e+000 -3.830223e+000 -4.762906e+000  1.122629e+000 -5.513098e+000 -6.583398e+000 -2.667179e-001 -5.442676e+000  5.347540e+001 -8.702175e+000 -8.912838e-001 -1.173578e+000 -2.024152e+000  1.381624e+000  1.171356e+000 -3.966585e-001  1.644777e+000  1.970197e+000  1.727585e+000  3.220426e-001  1.412827e+000  4.135365e-001  1.239935e+000 -7.377391e-001 -4.358857e-002  1.396356e+000 -1.441028e+000  7.279993e-001  8.137901e-001 -1.066142e+000  6.534570e-002  7.909772e-001  1.960378e-001 -8.403510e-001 -3.887795e-002
-3.097361e+001  2.096429e+000  9.514060e+000 -1.021895e+001  8.220927e+000 -3.110522e+000 -1.226932e+001  1.074192e+000 -6.925503e+000 -5.377276e+000  5.608130e-001 -3.983727e+000  5.138524e+001 -5.868244e+000 -6.313069e-001  7.001026e-001 -2.799071e-001  7.372281e-001  2.828438e+000 -6.809197e-002  1.704481e+000  1.800179e+000  5.285598e-001  6.445819e-002  2.184451e+000 -2.884384e-001  2.478493e+000 -2.325355e-001  4.587249e-003  4.633097e-001 -1.128803e+000  2.462613e-001  8.768966e-001 -7.172339e-001  2.109295e-001  3.110285e-001 -6.979463e-002 -8.540924e-001  1.491450e-001
-3.303482e+001 -4.927184e-001  6.046864e+000 -1.185950e+001  7.183239e+000  2.717740e+000 -5.673965e+000  4.629330e+000 -3.889680e+000 -5.032836e+000  7.804290e-001 -4.141157e+000  5.362741e+001 -2.857610e+000 -2.245645e+000 -2.291991e-001 -1.194896e+000 -7.335743e-001  1.402538e+000  2.121267e-001  1.182014e+000  2.784888e+000  5.679391e-001  8.295371e-002  7.183988e-001  9.574669e-001  2.389440e+000  2.461347e-001  1.961221e-001 -2.674410e-001 -5.438855e-001 -7.076822e-001  1.424319e-001 -5.582218e-001  4.762474e-002  1.206342e-002 -9.326253e-002 -5.183471e-001  1.880130e-001
-3.383440e+001  2.137308e-001  8.615034e+000 -1.286730e+001  5.446852e+000  3.690076e+000 -5.660302e+000  6.179419e+000 -2.370536e-001 -7.700118e+000  6.714341e-001  2.490878e+000  5.548587e+001 -2.850632e-001 -6.333895e-001 -3.026508e-001 -2.521224e+000 -8.867255e-001  3.758477e-001  1.583071e+000  7.038273e-001  2.864172e+000  1.457087e+000 -4.760777e-001 -1.519463e-001  1.223620e+000  1.770623e+000  4.224198e-001 -4.260694e-002 -1.969153e-001 -9.481603e-002 -1.048507e+000 -9.604038e-002 -5.787255e-001 -6.646699e-001  7.594442e-002 -3.672911e-002 -6.247238e-001  2.711204e-002
-3.290438e+001 -2.545512e+000  5.893389e+000 -1.858219e+001  4.108907e+000 -2.178300e-001 -7.006782e+000  4.480086e+000  5.067116e+000 -2.582282e+000  9.274004e-002 -5.087985e+000  5.621242e+001  4.534340e-001  3.404311e-001  3.084093e-001 -2.240698e+000 -5.258270e-001 -1.140760e+000 -5.100805e-001 -6.460050e-001  1.676324e+000  1.323639e+000  1.259978e-001 -1.071013e-002  5.975723e-001  1.086574e+000  4.147591e-001 -7.989749e-003  5.998650e-001  3.086525e-001 -8.147387e-001 -3.662710e-001 -4.362560e-001 -1.234238e+000 -2.921926e-001 -1.073684e-001 -2.702741e-001 -4.166633e-001
-3.246414e+001 -4.412165e-002  8.077543e+000 -1.946372e+001  5.324465e+000  2.365013e-001 -3.687557e+000  4.667951e+000  2.916961e+000  6.828802e-001 -1.475731e+000 -4.270045e+000  5.621084e+001  1.329347e+000  1.877537e-001  2.182637e-001 -7.415825e-001  1.592743e-001 -1.142449e+000 -1.871902e-001 -2.751374e-001 -9.688890e-001  5.304320e-001 -1.407094e-001 -5.746132e-001  2.706909e-002  7.284787e-001 -3.770190e-001 -4.068582e-001  1.344704e+000  2.578685e-001 -7.772108e-001 -6.644324e-001 -3.281829e-001 -1.189829e+000 -6.317454e-001 -4.497294e-001 -2.761824e-001 -6.548312e-001
-3.145278e+001  1.338363e+000  7.857656e+000 -1.976478e+001  4.615297e+000 -1.259272e+000 -9.210739e+000  2.155039e+000  2.914932e+000 -2.606141e+000  2.484001e+000 -8.142465e-001  5.625279e+001  1.768054e+000 -5.824212e-001 -5.296052e-001  9.146076e-001  2.866883e-001 -1.912007e+000 -7.340979e-001 -5.097838e-001 -1.469770e+000 -4.296965e-001 -6.215724e-001 -4.216383e-001 -5.275742e-001  8.958232e-001 -6.330650e-001 -5.693915e-001  1.548162e+000  2.187628e-001 -3.817050e-001 -1.104858e-001 -2.731603e-002 -2.493431e-001 -5.689871e-003 -3.238933e-001 -2.023773e-001 -7.861831e-001
-2.791347e+001 -7.894384e-001  8.724219e+000 -1.598392e+001  5.990028e+000 -1.501446e+000 -5.494275e+000  5.966255e+000 -4.005406e+000 -5.036028e+000 -1.227743e+000 -2.519057e+000  5.560103e+001  2.700020e+000 -2.057058e+000 -1.917935e+000  2.624643e+000 -3.640890e-003 -3.124583e+000 -1.627083e+000 -1.005198e+000 -1.511926e+000 -8.249725e-001 -2.350940e+000 -1.327394e+000 -1.487963e+000  1.371239e+000 -5.841726e-001 -8.495340e-002  1.063173e+000 -5.768350e-001  1.217207e-001 -2.778929e-001 -3.568453e-001  1.236730e+000  1.558069e-001  5.151623e-001 -1.632180e-001 -2.236087e-001
-2.633944e+001 -5.084960e+000  2.922025e+000 -1.574905e+001  5.209567e+000 -8.908890e+000 -9.773912e+000  1.282015e+000  1.179451e+000 -1.871311e+000 -3.139116e+000 -8.071670e+000  5.387945e+001  4.247213e+000 -1.702488e+000 -1.470449e+000  3.817000e+000  6.494444e-001 -2.058218e+000 -3.425632e-001 -4.175550e-001  7.011268e-001  1.972892e+000 -3.883536e-001 -6.462064e-001 -2.575827e+000  1.563584e+000 -3.533753e-001  7.788978e-001  3.586237e-001 -1.390923e+000  8.961299e-001 -1.469760e-001 -4.450598e-001  1.865988e+000 -3.081621e-001  1.355580e+000 -2.191506e-001  8.285469e-001
-2.152071e+001 -7.117752e+000  9.556860e-001 -8.348374e+000  5.009126e+000 -1.156160e+001 -1.154138e+001  7.847331e-002 -3.774929e+000 -3.809397e+000 -1.041887e+001 -7.278304e+000  4.995770e+001  6.945962e+000 -2.173076e+000  2.639187e-001  3.123086e+000 -2.906279e+000 -4.607399e-001 -1.772422e+000 -2.105479e+000  4.129313e+000  1.081723e-001  2.318493e+000 -1.278419e+000 -6.684799e-002  9.596434e-001 -2.402136e-001  1.299579e+000 -4.657157e-001 -1.822589e+000  1.134570e+000  6.179574e-002 -3.975751e-001  1.774939e+000 -1.048911e+000  1.765727e+000 -3.072873e-001  1.752455e+000
-1.341309e+001 -4.009919e+000  4.389677e+000 -4.497552e+000  8.352970e+000 -6.520280e+000 -7.900001e+000  3.011155e+000  6.305327e+000  6.645003e+000  5.137796e+000 -1.665656e+000  4.619532e+001  7.463002e+000 -2.291289e+000  2.273957e+000  2.458505e+000 -5.216605e+000  1.236721e+000 -1.396308e+000 -2.184943e+000  5.039550e+000 -2.437079e+000  3.821609e+000 -1.541879e+000  2.904603e+000 -3.960491e-001 -3.519571e-001  8.857555e-001 -8.200545e-001 -1.541462e+000  4.068621e-001  1.058541e-001 -1.728808e-001  3.108349e-001 -1.817059e+000  6.704386e-001 -4.394780e-001  1.799064e+000
 3.531656e-001 -1.219234e+001  9.309987e+000 -5.994238e+000 -1.011307e+001 -4.999451e+000 -1.529334e+001 -5.425708e+000  1.407822e+001 -8.753324e+000  6.226265e+000 -1.211416e+001  5.910885e+001  5.890343e+000 -2.963726e+000  2.707757e+000  9.753119e-001 -6.183559e+000  9.007956e-001 -7.912313e-001 -2.109380e+000  5.193556e+000 -3.864542e+000  4.372714e+000 -2.415994e+000  4.534095e+000 -1.868490e+000  1.084457e-001  8.102821e-002 -5.136262e-001  1.983933e-001 -3.945028e-001  7.313511e-001  7.955948e-001 -1.425995e+000 -7.864366e-001 -1.734753e-001  2.588653e-001  3.452461e-001
 3.862980e-002 -1.400411e+001  1.011466e+001 -4.633595e+000 -1.331236e+001 -6.006360e+000 -1.487948e+001 -6.890609e+000  1.745062e+001 -1.158474e+001  7.646363e+000 -1.336314e+001  6.382689e+001  2.794778e+000 -3.066948e+000  1.736409e+000  7.906144e-001 -5.419228e+000 -7.046746e-001 -3.038881e-001 -1.280008e+000  1.723180e+000 -5.126047e+000  1.936729e+000 -2.274809e+000  4.119021e+000 -2.113997e+000  5.277323e-001 -4.558901e-001 -1.407623e-001  1.214664e+000 -7.604740e-001  6.284080e-001  1.261572e+000 -2.348528e+000  1.754750e-001 -4.193340e-001  7.958116e-001 -9.406893e-001
 1.205142e+000 -1.693929e+001  1.163198e+001 -3.403794e+000 -1.507600e+001 -7.314586e+000 -1.200780e+001 -5.517544e+000  1.662020e+001 -1.401723e+001  1.019041e+001 -1.350954e+001  6.381239e+001 -6.237533e-002 -1.243018e+000  9.378338e-001  1.388900e+000 -1.813001e+000 -1.462556e+000  1.338123e+000  1.420028e+000 -1.342476e+000 -2.479527e+000  2.393556e+000  3.823725e-001  1.052174e+000 -1.518081e+000  9.031935e-001 -4.256757e-001  2.348081e-001  1.501723e+000 -5.104217e-001  1.307203e-001  1.324885e+000 -2.485907e+000  6.077420e-001 -2.672322e-001  1.049177e+000 -1.431778e+000
 1.348087e-001 -1.697119e+001  1.191073e+001 -1.839703e+000 -1.626170e+001 -8.886086e+000 -1.106221e+001 -3.342969e+000  1.365024e+001 -1.635328e+001  1.283937e+001 -1.234201e+001  6.443866e+001 -1.306255e-001 -5.129814e-001  8.794683e-001  1.547899e+000 -1.328566e+000 -1.383973e+000  6.810542e-001  2.358213e+000 -3.435073e+000 -2.252212e+000  2.714518e+000  1.037996e+000 -5.788231e-002 -5.572202e-001  8.787174e-001 -1.015902e-002  2.825744e-001  1.386406e+000 -5.166234e-002 -3.856933e-001  9.177599e-001 -1.710581e+000  6.006678e-001  1.934316e-002  7.254093e-001 -1.337962e+000
-6.800556e-003 -1.692389e+001  1.310112e+001 -4.466828e-001 -1.770340e+001 -1.087237e+001 -1.051136e+001 -9.938755e-002  9.266036e+000 -1.876669e+001  1.559754e+001 -1.071286e+001  6.406384e+001 -2.373597e-001  2.752582e-001  1.007849e+000  1.770710e+000 -7.202746e-001 -1.311664e+000 -6.301010e-001  2.695937e+000 -4.656852e+000 -2.262750e+000  2.647658e+000  1.173490e+000 -5.363445e-001  4.850026e-002  8.135326e-001  1.804868e-001  3.656649e-001  1.112388e+000  2.955503e-002 -6.377447e-001  3.324438e-001 -9.385399e-001  2.799770e-001 -4.698578e-001  2.517618e-001 -1.196735e+000
-8.526342e-003 -1.657672e+001  1.377743e+001  1.627345e+000 -1.864149e+001 -1.114733e+001 -1.222243e+001  2.191378e+000  3.952341e+000 -2.047108e+001  1.851539e+001 -9.571496e+000  6.341175e+001  9.616900e-002  5.675006e-001  1.650606e+000  2.012582e+000  9.664400e-001 -1.038432e+000 -1.248243e+000  2.670837e+000 -5.172536e+000 -2.231096e+000  1.906394e+000  9.566790e-001 -1.776531e+000 -5.425596e-002  1.434679e+000 -4.242098e-002  4.770871e-001  1.131326e+000 -3.120875e-001 -7.576643e-002 -1.574091e-001 -1.838197e-001  7.383961e-001 -1.078015e+000  5.093804e-001 -1.629699e+000
 9.001093e-002 -1.576023e+001  1.573787e+001  3.716232e+000 -1.748748e+001 -1.274228e+001 -1.457820e+001  5.194969e+000 -1.815110e+000 -2.327208e+001  2.059069e+001 -9.027344e+000  6.164412e+001  6.672873e-002  2.284404e+000  1.454699e+000  2.984884e+000  2.601434e+000 -1.487551e+000 -8.859518e-001  2.925936e+000 -5.166444e+000 -1.090199e+000  4.483295e-001  1.681840e+000 -4.072175e+000 -2.585197e-001  1.363459e+000 -7.328135e-001  8.010862e-002  9.108705e-001  1.440114e-001  6.909389e-001 -9.250328e-001  8.018709e-001  1.497392e+000 -1.699685e+000  5.999647e-001 -1.486623e+000
 5.672480e-001 -1.471551e+001  1.884538e+001  6.141748e+000 -1.153746e+001 -1.314329e+001 -1.527000e+001  7.364037e+000 -6.671872e+000 -2.525606e+001  1.987476e+001 -8.401374e+000  5.676586e+001 -5.539495e-001  5.655841e+000  4.439387e-001  3.326248e+000  2.667209e+000 -2.856467e+000  4.301475e-001  1.456168e+000 -4.099376e+000  8.534931e-001 -1.575893e+000  3.330723e+000 -6.438464e+000 -4.831092e-001 -2.200389e-002 -1.604574e+000 -8.733788e-001 -4.554166e-002  9.523293e-001  8.632666e-001 -1.224772e+000  1.446181e+000  1.942441e+000 -1.862750e+000  2.141389e-001 -1.659817e-001
 3.895592e-002 -6.432469e+000  1.784064e+001  1.222053e+001 -8.248251e+000 -1.731214e+001 -1.341733e+001  1.194396e+001 -1.125408e+001 -2.182520e+001  1.715951e+001 -2.888722e+000  4.702591e+001 -1.204899e+000  4.548385e+000 -2.052885e+000  1.514420e+000  2.983694e+000  3.174102e-001  1.985399e+000 -1.321893e+000 -1.184078e+000  3.681913e+000 -4.109626e+000  2.986291e+000 -5.638493e+000 -9.398723e-001 -2.021510e+000 -1.518801e+000 -1.918789e+000 -7.298434e-001  1.450483e+000  3.858237e-001 -1.261595e+000  2.209833e+000  1.285306e+000 -1.471538e+000 -5.414815e-001  1.777212e+000
-2.752747e+000  7.038609e+000  1.494574e+001  1.400643e+001 -9.925064e+000 -2.314473e+001 -1.065213e+001  6.097724e+000 -1.182506e+001 -1.692706e+001  1.235152e+001  4.012806e+000  3.852854e+001 -1.683563e+000 -6.745094e-001 -4.618474e+000 -1.619081e+000  5.476018e-001  2.820733e+000  1.632415e+000 -1.329112e+000  6.718717e-002  5.095054e+000 -5.128380e+000  1.375148e+000 -1.823281e+000 -1.424796e+000 -3.374113e+000 -5.514562e-001 -1.889614e+000 -4.676518e-001  1.412346e+000 -5.019944e-001 -4.851337e-001  2.258134e+000 -7.890835e-002 -2.748356e-001 -8.882831e-001  2.966497e+000
-4.274487e+000 -3.895365e+000  7.423272e+000  7.355990e+000 -3.375210e+000 -6.154510e+000 -6.960145e+000 -7.813374e-001 -5.158906e+000 -9.027020e+000  3.804189e+000 -3.029772e-001  4.257032e+001 -4.067826e+000 -4.657971e+000 -3.608099e+000 -4.136395e+000  1.202021e-002  2.926262e+000  4.420329e-001 -1.989397e+000  3.799439e+000  3.215549e+000 -5.133116e+000 -4.778028e-002  2.506292e+000 -1.546101e+000 -2.020918e+000  9.447519e-001 -6.979218e-001 -2.476116e-001 -2.571568e-001 -9.282851e-001  5.502517e-001  1.225502e+000 -1.267197e+000  8.999436e-001 -4.355747e-001  2.351947e+000
-5.693847e+000 -1.935661e+001  9.616936e-001  4.786168e-001 -1.123597e+001 -4.618441e+000 -1.033652e+001  7.081127e+000 -9.383521e+000 -6.179882e+000  9.105210e-001 -2.818507e+000  4.987725e+001 -6.246468e+000 -6.611547e+000 -1.535735e+000 -3.296413e+000  1.814787e+000  2.900838e+000 -1.308142e+000 -6.357479e-001  4.699535e+000  6.921333e-001 -2.438326e+000  4.063430e-001  4.321628e+000 -8.657306e-001  4.525036e-001  1.554683e+000  5.147546e-001  2.822300e-001 -8.950841e-001 -3.782551e-001  5.166135e-001  2.553726e-001 -1.350022e+000  1.242372e+000 -9.861197e-002  6.456845e-001
-1.882962e+001 -1.652472e+001  6.792173e+000 -1.697537e+000 -7.532696e+000 -1.194398e+001 -1.136497e+001  1.505273e+000  6.522349e+000 -1.112104e+001 -2.785578e+000  2.880336e-001  5.388301e+001 -6.653952e+000 -2.587684e+000  1.129505e+000 -1.136522e+000  1.112043e+000 -1.008426e+000 -1.185748e+000  1.082684e+000  2.627256e+000 -4.526138e-001 -9.549347e-001  1.292820e+000  3.048788e+000  7.781289e-001  1.588325e+000  5.829441e-001  1.129405e+000  1.001389e-001 -6.811624e-001  1.787794e-001  1.826503e-001 -1.028530e+000  5.795265e-002  1.292157e+000 -2.892419e-001 -8.233569e-001
-2.670752e+001 -1.970445e+001  7.582615e+000  2.051130e+000  1.227611e+000 -5.745807e+000 -1.499042e+001  1.775679e+000  5.831988e+000 -1.241938e+001  3.454771e+000  5.749016e+000  5.448034e+001 -4.719153e+000  5.528650e-001  7.861374e-001 -5.452442e-001  1.408740e+000  3.126567e-001  5.550306e-001 -2.820845e-001  1.930142e+000  1.790256e-001 -1.005609e+000  2.117877e-001  1.133894e+000  2.273291e+000  1.602215e+000 -5.686783e-001  7.692673e-001 -2.980855e-001 -2.018368e-001  4.657841e-001 -7.151372e-001 -1.224481e+000  1.183929e+000  8.977462e-001 -9.566128e-001 -1.316771e+000
-2.703741e+001 -1.665987e+001  9.760337e+000  8.871217e-001 -4.046786e+000 -1.063296e+001 -1.056193e+001  7.284805e+000  3.696182e-001 -8.170339e+000 -2.242610e+000  1.877363e+000  5.551271e+001 -9.408388e-001 -2.985500e-001 -1.854314e+000  1.350460e-001  7.157378e-001  8.145408e-001  4.043438e-001 -1.252978e+000  4.148490e-002  3.761866e+000  6.113094e-001 -1.396712e+000 -1.662559e-002  2.915828e+000  7.321436e-001 -1.139519e+000  3.193835e-001  6.343702e-002  7.821034e-001  1.340827e-002 -1.648400e+000 -1.278034e+000  8.430381e-001  7.328925e-001 -1.106436e+000 -1.066843e+000
-2.518572e+001 -1.652471e+001  3.408299e+000 -3.539933e+000 -5.935225e+000 -3.710667e+000 -7.962881e+000  2.780939e+000  3.343554e+000 -6.760103e+000 -4.389009e+000 -2.554234e+000  5.473187e+001  2.263431e+000  2.549627e-001 -2.887217e+000 -8.586079e-002  5.225118e-001  9.801705e-001  2.257324e-001 -3.043603e+000 -1.299850e-001  4.504536e+000  1.267283e+000 -3.031955e+000 -7.295204e-001  2.583195e+000  4.297715e-001 -7.717479e-001 -6.079437e-002  2.987396e-002  5.335089e-001 -1.827957e-001 -1.245283e+000 -1.683189e+000 -3.294159e-001  3.350318e-001 -3.440966e-001 -8.776537e-001
-2.429472e+001 -1.960733e+001 -3.922406e-001  1.773225e+000 -3.725885e-001 -8.888844e+000 -1.285702e+001 -5.262245e+000  7.973991e+000  4.858655e+000  4.192860e+000 -2.543901e+000  5.367411e+001  4.433893e+000  1.221985e+000 -2.731415e+000  2.307034e-001  1.872342e+000  2.568334e+000 -9.540579e-001 -5.778557e+000 -2.732850e+000  1.599821e+000  1.573081e+000 -2.617490e+000 -1.353722e+000  1.520350e+000  8.729212e-001 -6.047933e-002 -7.821411e-001 -4.466021e-001  3.214548e-001  6.362559e-001  5.500295e-002 -1.477562e+000 -1.498808e+000 -6.940673e-001  5.129790e-001 -8.313071e-001
-1.676171e+001 -1.695590e+001 -1.777182e+000  1.178774e+000  2.003071e+000 -1.717012e+000 -1.271422e+001 -7.168813e+000  1.379877e+000  3.588802e+000  6.573451e+000 -7.200126e+000  5.175203e+001  5.509456e+000  1.941455e+000 -2.634052e+000 -8.970448e-001  9.798077e-001  2.103305e+000  3.202530e-001 -4.245711e+000 -5.098634e+000 -3.870316e-001  1.886637e-001 -8.983062e-001 -2.585826e+000  1.518814e-001  7.824889e-001  4.549134e-001 -7.387289e-001 -8.428264e-001 -2.889146e-002  1.418613e+000  1.746271e+000 -3.820054e-001 -9.111835e-001 -9.405690e-001  1.109218e+000 -6.956097e-001
