36 39
-1.906655e+001 -3.617375e+000  2.542414e+000  2.371876e+000  1.245128e+000 -7.195289e-001 -2.162041e+000  3.380426e+000  1.097409e+000  1.492194e+000 -2.200686e+000 -4.135305e+000  4.700620e+001  2.848570e-001 -4.392593e-001 -4.989011e-002  2.609766e+000 -3.815153e-001  1.660612e+000 -4.080916e-001  6.202004e-001  1.947790e+000 -1.704699e+000 -1.101333e+000  4.832131e-001 -3.310852e-002 -1.485787e-001 -4.994119e-001 -5.079047e-002 -1.143114e+000  4.129497e-001 -1.326083e-001  1.185996e-001 -4.147854e-002  5.419683e-001  4.942382e-002  2.064084e-001  2.409319e-001  1.102474e+000
-2.168732e+001 -5.216955e+000 -3.394684e+000  2.169481e+000 -2.661864e+000 -7.350922e-001  2.782094e+000  3.167145e+000 -2.403276e+000 -6.671593e+000  2.090695e+000  9.280500e-001  4.871895e+001 -1.453510e-001 -1.152332e+000 -8.709873e-001 -1.547653e+000 -2.313440e-001  9.402325e-001 -9.957615e-001  1.101387e+000  1.772570e+000 -2.179187e+000 -2.489508e-001  1.841762e+000  1.896872e+000 -2.133766e-001 -4.561475e-001  6.031002e-001 -1.730876e+000  1.120899e-001 -4.389378e-001  1.782819e-001 -4.660526e-001  3.809941e-001  1.493541e+000  1.955460e-001 -4.652325e-001  8.077721e-001
-2.274236e+001 -3.864201e+000 -4.486656e+000  1.585295e+000  7.439089e-001 -1.753084e+000  2.716333e+000  6.957901e+000  9.219795e+000 -3.920147e+000  3.797259e+000  3.333855e+000  5.207441e+001 -8.063061e-001 -7.510825e-001  6.689954e-001 -3.914841e+000  7.706489e-001  1.113406e+000 -5.900507e-001  2.708192e-001  1.586771e+000  9.484298e-001  4.865976e-001 -1.184156e-001  2.433004e+000  1.563772e-002 -3.845943e-001  1.214041e+000 -6.112685e-001 -4.379547e-001 -6.471304e-001  3.834406e-001 -8.273276e-001 -4.897040e-001  1.225721e+000 -1.439496e-001 -1.214472e+000  1.354132e-001
-2.276182e+001 -7.213727e+000 -3.247680e+000 -1.110898e+001  1.257089e+000  1.972309e-001 -6.341723e+000  4.407383e+000  4.457217e+000 -5.379424e+000  3.538960e+000  1.970754e+000  5.616213e+001 -6.136227e-002 -1.128716e+000  4.050616e+000 -2.580841e+000 -7.745429e-001  1.441860e-001 -1.992723e-001 -2.559821e+000  1.594648e+000  3.384811e+000 -1.256750e+000 -3.093827e+000  1.514127e+000  2.158358e-001 -5.591571e-001  7.001830e-001  1.385657e+000 -7.411025e-001 -7.762932e-001  7.677208e-001 -2.752274e-001 -5.829908e-001  5.586829e-001 -1.014701e-001 -7.752572e-001 -5.416485e-001
-2.256083e+001 -6.374401e+000  5.813890e+000 -1.056310e+001  3.138896e+000  4.381339e+000 -5.503854e-001  4.114402e+000  5.601015e+000  5.588258e+000 -4.918311e-001 -5.248735e+000  5.544963e+001  3.210512e-001 -2.374039e+000  3.559511e+000  7.001738e-002 -2.299690e+000 -1.177017e+000  1.110867e+000 -1.685834e+000 -4.117692e-001  1.641907e+000 -1.317182e+000 -3.121350e+000  8.353302e-001  3.265645e-001 -7.284398e-001 -8.422139e-001  2.019893e+000 -3.328909e-001 -6.264194e-001  8.883207e-002  4.435197e-001 -7.969273e-001 -8.677844e-001  2.043368e-001  5.721693e-001 -7.290004e-001
-2.208490e+001 -9.605435e+000  1.170812e+001 -4.660525e+000 -7.732072e+000 -3.081374e+000  3.419092e+000 -8.210209e+000  7.379355e+000  5.498261e+000 -2.048508e+000 -1.024979e+001  5.460197e+001  3.701494e-001 -3.136640e+000  1.184670e+000  3.388201e+000 -2.401687e+000 -1.796022e+000  1.992384e+000  7.035764e-001 -1.431139e-001  2.674894e-001  1.455886e-001 -5.330567e-001 -1.253357e-002  4.003592e-001 -2.092922e-001 -1.958627e+000  1.493258e+000  9.606239e-001  1.919068e-001 -7.097952e-001  9.056434e-001 -4.478062e-001 -9.390917e-001  7.577013e-001  1.260831e+000 -6.443893e-001
-2.147557e+001 -1.453854e+001  5.832995e+000 -1.288847e+000 -6.259958e+000 -5.998866e+000  3.390258e+000  4.837526e+000  5.699880e+000 -1.149454e+000  5.083424e-003 -6.162626e+000  5.703114e+001  6.107605e-001 -3.389320e+000 -2.109101e+000  3.200104e+000 -8.023336e-002 -1.048587e+000 -1.241718e+000  8.567188e-001 -1.528985e+000 -1.831831e+000  8.071125e-001  1.462046e+000 -4.486683e-001  1.025312e+000  9.416417e-001 -1.469341e+000  3.698787e-001  1.538063e+000  6.478019e-001 -1.103704e+000 -4.403615e-001  2.459940e-002 -3.668021e-002  7.644745e-001  6.662183e-001 -5.142952e-001
-2.145370e+001 -1.881486e+001  2.666116e+000  1.194895e+000 -6.051921e+000 -3.592778e+000  1.649874e+000  7.563704e+000  3.692215e+000 -6.731207e-001  4.018446e+000 -2.375844e-001  5.530871e+001  1.795579e+000 -1.667537e+000 -2.908212e+000  3.320407e+000  2.918848e+000  1.039505e+000 -2.571956e+000  6.971200e-001 -8.577542e-002  4.262224e-001  1.469610e+000  9.186323e-001 -1.065820e+000  1.872064e+000  2.000342e+000 -9.960693e-001 -7.759590e-001  1.190866e+000  5.269712e-001 -1.055277e+000 -2.159323e+000  6.650660e-001 -5.435700e-002  5.235261e-001 -3.845076e-001 -1.356045e-002
-1.982262e+001 -1.871629e+001 -2.106125e-001  2.509711e+000  1.897653e+000 -6.058924e-001 -5.874368e+000  5.110404e-001 -2.003383e-001 -4.852078e-001  5.102546e-001 -2.944607e+000  5.285292e+001  4.734896e+000  1.599618e+000 -1.740754e+000  1.953308e+000  2.730357e+000  6.442294e-001 -2.125485e+000 -3.884413e+000 -3.174415e-001  1.379140e+000  1.843180e+000 -5.161030e-001 -1.209502e+000  2.074491e+000  2.248863e+000 -8.260905e-001 -1.125024e+000  4.231275e-002 -4.356185e-003 -3.570207e-001 -2.680398e+000  1.736998e+000 -9.573094e-001  6.038976e-001 -5.280363e-001  4.956509e-001
-1.393348e+001 -1.585424e+001  1.888686e-001  1.004223e+001  2.783364e+000 -5.803357e-001 -4.808374e+000 -2.561366e+000  9.900587e+000  7.297250e+000  5.046955e+000 -7.265635e+000  5.136198e+001  7.668400e+000  4.370600e+000 -3.979850e+000  1.318037e-001  2.147346e+000 -7.574588e-003 -2.842117e+000 -7.722475e+000  2.576444e+000 -1.609781e+000  2.245185e+000 -1.466520e+000  3.000813e-001  1.103695e+000  1.408290e+000 -1.031171e+000 -1.329048e+000 -6.098624e-001 -3.871724e-001 -2.963661e-001 -1.901050e+000  1.592129e+000 -2.252575e+000  3.506619e-001 -4.361895e-002  7.906137e-001
-1.561203e+000 -8.020755e+000 -1.632153e+000  4.054025e+000  2.974184e+000 -4.283940e+000 -4.008041e+000 -9.522006e+000  1.008486e+000  1.761058e+000  8.706730e+000 -5.229116e+000  5.295699e+001  8.046804e+000  4.835924e+000 -5.703735e+000 -8.307165e-001  5.170816e-001 -5.468279e-001 -2.891742e+000 -8.335475e+000  5.824894e+000 -5.600377e+000  3.438813e+000  1.444077e-002  1.346635e+000 -6.781521e-001 -4.675746e-002 -7.300787e-001 -6.611240e-001 -4.375759e-001 -1.803015e-001 -2.742087e-001  3.559164e-001  1.209526e+000 -1.868228e+000 -3.693442e-002  2.146230e-001  5.368647e-001
 7.757589e+000 -2.309622e+000 -1.652236e+001  1.081757e+000  4.146542e+000 -1.791627e+000 -1.349387e+001 -2.603215e+001  1.597002e+001 -9.845160e+000  1.114614e+001 -6.427931e+000  5.675708e+001  5.658098e+000  3.755761e+000 -6.082577e+000 -1.932821e+000  9.761738e-001 -3.008285e-001 -3.670658e+000 -6.582597e+000  4.803703e+000 -7.346893e+000  2.425103e+000  4.352657e-001  1.609179e+000 -2.017420e+000 -1.125574e+000  7.224722e-001  1.601590e-001 -1.917408e-001 -1.332542e-001  2.861707e-001  2.380795e+000 -5.055266e-001  9.516575e-002 -5.254548e-001  1.924727e-001 -1.212478e-001
 9.565867e+000 -1.308979e+000 -2.037367e+001  2.836366e+000  3.801472e+000 -2.734386e+000 -1.599032e+001 -2.943094e+001  2.588942e+001 -1.991589e+001  1.465473e+001 -3.291255e+000  5.688855e+001  2.349286e+000  1.673251e+000 -4.339784e+000 -3.199998e-001  1.128063e+000 -1.106512e-001 -3.082258e+000 -2.674770e+000  4.616559e+000 -5.093444e+000  1.568549e+000 -3.938811e-001  8.202721e-001 -2.083444e+000 -1.301026e+000  1.623841e+000  6.407782e-001 -2.045099e-002 -2.623355e-001  6.363482e-001  2.869078e+000 -1.650151e+000  1.852138e+000 -1.089186e+000 -1.023690e-001 -4.859147e-001
 8.793481e+000 -4.313285e-001 -2.085326e+001  9.869543e-001  7.250589e+000 -2.859256e+000 -1.717052e+001 -2.551988e+001  2.147864e+001 -1.859874e+001  1.419847e+001 -6.058238e+000  5.744210e+001  4.300589e-001  3.240675e-001 -1.049464e+000  6.772404e-001  8.831507e-001 -8.919338e-001 -1.316006e+000  1.351145e+000  6.529791e-001 -1.387419e+000  5.530430e-001 -2.999957e-001 -4.297600e-002 -1.250992e+000 -9.988559e-001  1.791949e+000  9.130334e-001 -4.274440e-001 -5.804867e-001  7.452394e-001  2.362757e+000 -1.370886e+000  2.209156e+000 -1.188872e+000  1.003997e-001 -5.202436e-001
 9.667281e+000 -5.936485e-001 -2.116562e+001  2.501427e+000  7.062477e+000 -4.303382e+000 -1.758101e+001 -2.315199e+001  2.133697e+001 -1.932937e+001  1.502331e+001 -7.383368e+000  5.671584e+001  2.436047e-001  4.663833e-002 -1.010880e-001  1.068144e+000  4.613382e-001 -1.562953e+000 -8.873266e-001  2.043042e+000 -3.504978e-001  6.805771e-001 -1.071090e+000 -1.297733e-001 -2.568607e-001 -4.595278e-001 -6.125467e-001  1.441612e+000  6.170431e-001 -7.122840e-001 -7.813479e-001  5.727229e-001  1.382064e+000 -8.214226e-001  1.215255e+000 -1.032252e+000  3.872781e-001 -2.359371e-001
 9.857177e+000 -1.046950e+000 -2.137370e+001  4.635428e+000  6.931793e+000 -5.466798e+000 -1.927856e+001 -2.241590e+001  2.151114e+001 -1.707551e+001  1.372706e+001 -5.881853e+000  5.662856e+001  4.559770e-001 -4.252127e-001  7.578207e-001  1.938274e+000 -8.276837e-001 -2.477111e+000 -1.041927e+000  2.872284e+000  4.328007e-001  8.118750e-001 -2.199436e+000  8.052105e-001 -4.534725e-001 -1.514165e-001 -5.010334e-001  1.078453e+000  4.157178e-001 -9.276382e-001 -7.393305e-001  4.843957e-001  7.564676e-001 -6.946567e-002 -2.917449e-002 -5.382130e-001  3.444335e-001  2.136650e-002
 1.025204e+001 -7.679769e-001 -2.061889e+001  6.352848e+000  6.267561e+000 -9.245379e+000 -1.937294e+001 -2.076773e+001  2.412068e+001 -1.727462e+001  9.534986e+000 -4.028314e+000  5.601101e+001  3.868780e-002 -1.014843e+000  1.964634e+000  2.134699e+000 -1.577940e+000 -3.224802e+000 -3.556824e-001  3.474981e+000  6.195354e-001 -1.168155e-001 -2.216469e+000  9.899061e-001 -1.541653e-001 -2.232835e-001 -6.110436e-001  1.221156e+000  1.597572e-001 -1.238638e+000 -1.655910e-001  6.537916e-001  6.158850e-001 -3.951159e-001 -5.574367e-001  2.729962e-001  1.741156e-001  1.562164e-001
 1.078098e+001 -2.470228e+000 -1.733752e+001  8.752613e+000  3.509628e+000 -1.277381e+001 -2.148419e+001 -1.235059e+001  2.225079e+001 -1.556674e+001  5.945451e+000 -3.709712e+000  5.552715e+001 -2.245652e-001 -1.650359e+000  3.309940e+000  2.222552e+000 -2.735401e+000 -3.757662e+000  8.401507e-001  4.417513e+000 -1.793659e-001 -1.134595e+000 -1.565332e+000  8.623321e-001  1.250877e-002 -3.677598e-001 -4.786292e-001  1.208918e+000 -3.541257e-001 -1.311203e+000  7.674603e-001  7.573159e-001  1.922332e-001 -1.105761e+000 -3.191417e-001  9.208395e-001 -1.475572e-001  2.510861e-001
 9.398816e+000 -4.956223e+000 -1.336055e+001  1.111633e+001  8.838606e-001 -1.677388e+001 -1.825660e+001 -1.080973e+001  2.406483e+001 -2.066783e+001  7.831767e+000 -3.519908e+000  5.649572e+001 -5.325419e-001 -2.396007e+000  4.728631e+000  1.724791e+000 -4.777994e+000 -1.750633e+000  1.440593e+000  4.349852e+000 -2.019994e+000 -1.133371e+000 -2.316055e-002  7.122437e-001  2.912304e-001 -4.278752e-001 -1.417014e-001  9.513469e-001 -6.804317e-001 -1.243463e+000  1.666055e+000  3.144009e-001 -2.787943e-002 -1.692844e+000  5.308219e-001  8.703544e-001 -2.208918e-001  2.354988e-001
 9.160964e+000 -7.204623e+000 -8.453178e+000  1.336645e+001 -4.053362e+000 -2.049086e+001 -1.563598e+001 -5.307328e+000  2.064224e+001 -2.105188e+001  6.752009e+000 -1.824395e+000  5.644875e+001 -1.097207e+000 -2.127777e+000  5.420411e+000  3.725993e-001 -5.783670e+000  6.231055e-001  1.846515e+000  3.396015e+000 -3.776239e+000 -2.755558e-001  1.308107e+000  2.062558e-001  5.792599e-001 -4.135160e-001  2.876334e-001  6.214019e-001 -1.224034e+000 -4.382986e-001  2.024788e+000 -2.185151e-001 -4.787523e-001 -1.455960e+000  1.172796e+000  3.367746e-001 -7.249647e-002  1.449978e-001
 8.399343e+000 -1.038081e+001 -1.417906e+000  1.266988e+001 -1.384091e+001 -1.414002e+001 -1.509408e+001 -2.540103e+000  1.482498e+001 -2.019891e+001  9.015904e+000 -1.409754e+000  5.700637e+001 -1.664367e+000 -1.484641e+000  5.666133e+000 -3.424830e-001 -6.271121e+000  2.915088e+000  7.131397e-001  3.846333e+000 -6.046246e+000  2.107774e+000  6.985828e-001  2.134851e-001  7.399532e-001 -2.388196e-001  5.970003e-001  1.573429e-001 -1.394462e+000  8.199075e-001  1.089281e+000 -4.464945e-001 -7.971640e-001 -4.932379e-001  1.111960e+000 -3.227309e-001  1.685474e-001 -2.122868e-002
 5.794685e+000 -1.039682e+001  3.793211e+000  9.838832e+000 -1.804634e+001 -1.097522e+001 -1.383287e+001  4.946645e-001  7.989516e+000 -1.717899e+001  1.189392e+001 -3.733510e+000  5.816813e+001 -1.726233e+000 -6.678750e-001  5.948198e+000 -2.863981e+000 -4.180331e+000  4.033417e+000  1.113018e-001  2.275511e+000 -5.446042e+000  3.108814e+000 -2.423308e-001  7.492291e-001  5.131363e-001  6.025611e-002  5.483096e-001 -2.595026e-001 -9.922407e-001  1.569507e+000 -1.056560e-001 -3.772593e-001 -1.053659e+000  5.454860e-001  3.842908e-001 -5.735191e-001  3.148973e-001 -1.833491e-001
 2.760121e+000 -1.078333e+001  8.846925e+000  1.116772e+001 -2.347526e+001 -6.956263e+000 -1.559246e+001  5.520936e+000  1.599585e-001 -1.206540e+001  8.753727e+000 -1.497925e+000  5.933580e+001 -1.412127e+000 -1.409560e-001  5.251451e+000 -3.629228e+000 -1.480126e+000  1.990615e+000  7.572727e-002  9.242837e-001 -3.651283e+000  2.734242e+000 -8.615963e-001  1.283494e+000  2.181488e-001  2.190221e-001  3.565321e-001 -6.154851e-001 -3.423604e-001  1.675797e+000 -8.995074e-001 -5.114192e-002 -1.360961e+000  1.181968e+000 -5.988994e-001 -1.169889e-001 -3.366012e-002 -1.867334e-001
 3.349413e+000 -1.034274e+001  1.615540e+001 -2.023728e-001 -2.013784e+001 -3.915651e+000 -1.483028e+001  2.039707e+000  7.445403e-001 -9.574560e+000  5.671444e+000  1.965836e+000  5.784971e+001 -9.220465e-001 -5.807104e-002  4.330238e+000 -2.945232e+000 -3.316318e-001  5.570621e-001  2.789250e-001 -4.112551e-001 -2.246291e+000  1.332664e+000 -7.793986e-001  1.245738e+000 -7.658348e-002  4.443983e-002  1.903196e-001 -8.944778e-001  7.936901e-001  9.101550e-001 -8.884774e-001  3.598309e-002 -9.912167e-001  7.957940e-001 -9.791399e-001  3.117524e-001 -5.034063e-001  1.763711e-002
 2.561344e+000 -1.111263e+001  1.865826e+001 -4.556524e-001 -2.019579e+001 -7.716729e+000 -1.421674e+001  1.308795e+000  1.910583e-001 -1.032991e+001  7.819160e+000  2.158043e+000  5.825632e+001 -9.713493e-001 -6.882477e-003  3.397688e+000 -2.013659e+000  1.835119e-001  1.557283e-001  3.736185e-001 -1.615090e+000 -1.736281e+000  1.352692e-003  3.821719e-001 -2.030698e-001  1.011459e-001 -1.298606e-001  1.617077e-001 -8.619698e-001  1.112890e+000  3.077308e-001 -1.278630e-001 -3.137107e-002 -6.541563e-001  2.630364e-001 -7.314416e-001  3.630968e-001 -6.462619e-001  1.302334e-001
 1.283841e+000 -1.052252e+001  2.053874e+001  9.243610e-001 -2.134423e+001 -7.809674e+000 -1.312611e+001  5.444599e-001 -3.257489e+000 -1.138341e+001  8.464208e+000  6.671945e-001  5.832495e+001 -1.724422e+000  2.166863e-001  2.402691e+000  2.966858e-001 -4.613747e-001  5.084729e-001  1.422716e-001 -1.410886e+000 -2.424573e+000 -4.204402e-001  6.945471e-001 -1.024521e+000  6.598232e-001 -1.079761e-001  1.745413e-001 -7.617615e-001  7.709326e-001  9.206834e-002  4.009607e-001 -1.153128e-001 -1.320401e-001 -5.103032e-002 -1.814593e-001  1.004651e-001 -4.322109e-001  9.808960e-002
-1.063840e+000 -1.072785e+001  2.364369e+001  5.360571e-001 -2.195451e+001 -4.230609e+000 -1.457645e+001 -1.806888e+000 -6.520432e+000 -1.115421e+001  9.268205e+000 -1.863953e+000  5.960391e+001 -1.660243e+000  5.302037e-001  1.905376e+000  3.142659e-001  1.233994e-001  1.375595e+000 -1.280136e-002 -1.846682e+000 -2.246960e+000 -4.641332e-002  2.169150e-001 -8.126862e-001  5.011123e-001  1.071139e-001  1.928497e-001 -7.178205e-001  2.622325e-001 -7.260353e-002  3.444985e-001 -5.396509e-002  4.005044e-001  3.276162e-002  1.565950e-001 -1.751495e-001 -5.330888e-002 -6.154969e-002
-3.460107e+000 -9.451697e+000  2.567614e+001  7.852013e-001 -2.156536e+001 -3.116346e+000 -1.393907e+001 -3.456882e+000 -8.022578e+000 -1.126461e+001  8.419657e+000 -1.145770e+000  6.047503e+001 -1.117480e+000  5.460923e-001  1.267587e+000 -2.545316e-001  1.587662e-001  1.951932e+000 -1.044289e-001 -9.556591e-001 -2.246103e+000  4.492510e-001 -1.944445e-001 -6.105086e-001  2.138813e-001  4.514101e-001  5.761907e-002 -6.902431e-001 -2.682251e-001 -2.675098e-001  2.899933e-002 -1.379961e-002  6.242617e-001  2.956105e-001  1.679463e-001 -2.946024e-002 -1.078585e-001 -2.551022e-001
-3.367895e+000 -8.997025e+000  2.561644e+001  1.185257e+000 -1.946823e+001 -3.185419e+000 -1.387427e+001 -5.923945e+000 -8.661197e+000 -1.062138e+001  8.926010e+000 -9.989052e-001  5.968684e+001 -7.392510e-001  7.926629e-001  3.761376e-001 -4.268885e-001 -4.895762e-001  1.156491e+000  2.271433e-001  1.598190e-001 -1.661708e+000  3.494819e-001 -4.908004e-002 -6.766204e-001  1.636848e-002  4.557231e-001  1.739437e-001 -5.974466e-001 -9.685873e-002 -4.996101e-001 -5.023006e-001  1.644713e-001  5.775254e-001  3.224994e-001  5.755000e-002  3.935490e-001 -1.701611e-001 -6.285039e-001
-3.151533e+000 -8.657474e+000  2.589030e+001 -6.728968e-001 -2.179354e+001  1.427393e+000 -1.399934e+001 -2.175307e+000 -1.341762e+001 -9.403576e+000  7.663083e+000 -2.817872e+000  5.935289e+001  7.213263e-002  3.735521e-001 -2.839050e-001 -6.738623e-001 -1.492436e+000  7.630215e-001 -4.669876e-002  7.071716e-001 -1.239147e+000  2.213437e-001  6.802434e-001 -1.631846e+000 -3.733158e-001  4.879156e-001  4.077969e-001 -7.897214e-001  3.847882e-001 -2.692432e-001 -9.424658e-001  5.697156e-001 -3.924922e-002  5.023398e-001  1.950135e-001  3.865021e-001  1.598355e-002 -9.885080e-001
-4.914382e+000 -7.161648e+000  2.541730e+001 -8.693365e-001 -2.428830e+001 -7.200249e-001 -1.341060e+001 -1.648581e+000 -1.213145e+001 -1.033732e+001  9.401092e+000 -4.411004e+000  6.024682e+001  2.356656e-002  1.486192e+000 -3.061109e-001  3.963764e-002 -1.549050e+000 -5.414529e-001  7.806903e-001  2.095295e-001 -1.137941e+000  3.552903e-001  1.747316e+000 -1.152823e+000 -2.347809e+000  2.090387e-001  2.170770e-001 -1.110851e+000  4.282018e-001  3.142284e-001 -9.190149e-001  6.079547e-001 -3.704975e-001  7.542202e-001  2.961617e-001 -2.109963e-001  3.573534e-001 -1.017654e+000
-2.326200e+000 -8.501625e+000  2.435618e+001 -1.556814e+000 -2.661750e+001 -5.339363e-001 -1.440440e+001 -2.058707e+000 -1.248319e+001 -1.029992e+001  1.158333e+001 -7.598951e+000  5.832846e+001  9.406888e-001  2.238312e+000 -2.339896e+000  1.436146e+000 -6.577131e-001 -1.911425e+000  2.467376e+000 -1.176760e+000  3.712750e-003  1.421414e+000  8.398678e-001 -2.924895e-001 -3.546570e+000 -4.585009e-001 -9.343384e-002 -1.187234e+000  1.381626e-001  9.421029e-001 -8.487163e-001  6.611807e-001 -2.090600e-001  1.095736e+000  1.769352e-001 -1.067407e+000  5.624791e-001 -1.475496e-001
-3.662729e+000 -1.643987e+000  2.485294e+001  1.825404e+000 -2.480149e+001 -4.912019e+000 -9.768289e+000 -4.934598e+000 -1.481812e+001 -8.396754e+000  1.570247e+001 -4.372481e+000  4.846001e+001 -1.283356e-001  9.456681e-001 -4.150124e+000  6.591160e-001  6.642044e-001 -2.101361e+000  2.009880e+000 -7.507025e-001  1.487964e+000  1.230255e+000 -1.183874e+000  4.404684e-001 -3.485273e+000 -6.337445e-001 -8.225729e-001 -9.612992e-001 -4.143418e-001  1.338798e+000 -3.047999e-001  2.868271e-001  4.934972e-001  1.525816e+000 -1.109762e-002 -1.535214e+000  2.454385e-001  1.129020e+000
 9.260843e-001 -2.247438e-001  1.447299e+001  5.160464e+000 -2.482550e+001 -6.033735e+000 -3.483617e+000 -6.416100e+000 -1.205572e+001 -3.266789e+000  8.711735e+000 -4.299581e+000  4.751345e+001 -2.144421e+000  1.766449e-001 -4.298067e+000 -2.927885e-001  2.111451e+000 -2.700606e+000  2.644610e+000  1.419876e-001  2.926581e+000  6.685375e-001 -3.191195e+000  3.839037e-001 -5.423317e-001 -3.380804e-001 -1.227523e+000  2.429027e-002 -7.479090e-001  1.049238e+000  2.275828e-001 -5.462012e-001  1.175490e+000  1.481446e+000 -3.853555e-001 -8.277887e-001 -7.299464e-002  1.467688e+000
-7.182203e+000 -6.571748e+000  9.608273e+000 -9.323953e-001 -2.186328e+001 -8.476929e+000 -8.821589e+000 -3.223396e+000 -4.905360e+000 -7.702610e+000  4.917522e+000 -3.858347e+000  4.822797e+001 -1.602601e+000 -1.595839e+000 -4.133522e+000 -1.167604e+000  3.760355e+000 -1.670861e+000  2.126209e+000  2.017642e+000  5.029703e+000  6.762406e-001 -3.913223e+000 -2.638273e-001  1.795171e+000  5.939949e-001 -7.183303e-001  3.522266e-001 -4.609340e-001  5.592117e-001  8.454560e-001 -8.503932e-001  8.293392e-001  8.425563e-001 -1.624656e-001  2.035491e-001 -3.953514e-001  5.698199e-001
-1.128857e+001 -5.154520e+000  1.048818e+001 -1.641856e+000 -1.752936e+001 -1.225451e+001 -1.654698e+000 -2.204369e+000 -2.806664e+000 -7.304301e+000  1.019829e+000 -5.936500e+000  5.573282e+001 -1.258050e-002 -2.628551e+000 -2.226746e+000 -1.390039e+000  3.040403e+000 -9.887606e-001 -3.217951e-001  3.316520e+000  5.640075e+000 -2.283562e-001 -1.934401e+000 -3.053149e-001  1.151649e+000  1.149253e+000 -2.800670e-001  2.245016e-001 -2.225154e-001  6.371985e-002  1.485234e+000 -1.253596e+000 -4.233013e-002 -4.545770e-002 -2.350784e-001  9.333398e-001 -8.315722e-001 -4.996058e-001
