35 39
-1.869408e+001 -3.844976e+000  8.544295e+000  5.606668e+000  1.798087e+000  2.657717e-001 -2.014586e+000 -1.777097e+000 -6.991623e+000 -6.496859e+000 -5.284448e+000 -6.493300e+000  5.133204e+001 -6.189530e+000 -3.715428e+000 -2.273192e+000 -1.451574e+000 -1.652837e+000  3.713090e-001  2.849037e+000  3.692813e+000  2.025456e+000  6.214154e-001  9.439774e-001 -1.449660e+000 -4.011795e-001  1.987012e+000 -3.495430e-001 -1.641216e+000 -6.756917e-001 -9.748785e-001 -5.320799e-002  1.956247e-001 -1.490178e+000  9.313634e-001  1.377719e+000  1.090638e+000 -7.944400e-001  2.733223e-001
-2.458293e+001 -8.818398e+000  5.164054e+000  2.879733e+000 -1.177675e+000  6.480526e-001 -6.531585e+000  7.972733e-001 -5.497374e+000 -7.090609e+000  1.391592e+000 -8.974977e+000  5.029544e+001 -2.576794e+000 -3.331066e+000 -4.707188e+000 -2.226286e+000 -6.000568e-001 -1.322490e-001  1.098097e+000  1.997550e+000  3.520997e+000  2.100482e+000  4.742658e-001 -1.447177e-001  5.650749e-002  2.514365e+000  4.961617e-001 -7.173101e-001 -4.274460e-001  2.035417e-001 -3.900592e-001 -1.758786e-001 -1.689458e+000  1.647465e-001  1.025758e+000  3.693201e-001  2.634179e-001  9.048396e-002
-2.224624e+001 -9.500616e+000 -4.629865e+000  8.290788e-001 -5.032282e-001  8.643008e-001  3.551486e+000  4.407731e+000 -1.692170e+000 -1.834792e+000 -2.111385e+000 -7.818963e+000  5.127402e+001 -9.381314e-002 -1.884798e+000 -3.889647e+000 -2.564727e+000  6.671194e-001 -1.250336e+000 -9.960155e-002  6.723956e-001  2.419783e+000  2.629838e+000  2.114720e+000  1.314028e+000  1.542172e-001  1.892479e+000  8.953062e-001  9.893078e-001  1.098625e-001  5.177968e-001 -3.769438e-001 -6.521822e-001 -1.217618e+000 -6.802857e-001 -5.252423e-002 -5.184635e-002  6.559273e-001 -2.388389e-001
-2.127263e+001 -1.206257e+001 -8.281455e+000 -1.001160e+000  3.791138e+000 -6.211373e-001 -4.077541e+000  1.220788e+000  3.686876e+000  1.463223e+000  1.345490e-001 -5.115284e+000  5.229353e+001  8.914154e-001 -1.312472e+000 -1.940839e+000 -2.108418e+000  1.185832e+000 -1.653265e+000  3.882038e-001 -8.304641e-001  1.345047e+000  2.021866e+000  7.247807e-001  1.416586e+000 -3.273911e-001  1.672566e+000  9.779112e-001  1.685148e+000  2.426967e-001 -2.379873e-001  5.653208e-001 -1.744840e-002 -8.965431e-001 -1.033483e+000 -9.606251e-001  9.405074e-002 -2.918782e-001 -2.732455e-001
-2.081829e+001 -1.164688e+001 -4.181187e+000 -5.276519e+000  2.649277e+000 -5.351315e+000 -3.739615e+000  1.373124e+000  5.151681e-001  2.375414e+000  5.917673e+000 -1.853006e+000  5.110409e+001  1.538759e+000 -2.481937e-001  1.290173e+000 -9.611954e-001  4.320271e-002 -7.529017e-001 -5.692772e-002 -9.812682e-001 -2.879969e-001  3.981018e-001  5.594882e-001  1.049325e+000 -1.403425e+000  1.786791e+000  5.676669e-001  1.186750e+000 -1.204222e-001 -6.305695e-001  1.525244e+000  2.588935e-001 -8.415325e-001 -3.288513e-001 -1.558617e+000  3.321825e-001 -1.375922e+000  5.296987e-001
-2.083982e+001 -1.430762e+001 -4.764482e+000 -4.609560e+000  3.175230e+000 -4.510465e+000 -9.450151e-001 -1.837744e+000  1.241911e-001  9.136198e-001  1.000967e+000 -4.875026e+000  4.874345e+001  4.969748e+000  7.401881e-001  1.128643e+000 -1.814568e+000 -1.478035e+000  2.445638e+000  9.895183e-001 -1.658334e+000 -2.925251e-001 -1.586776e+000  1.722135e+000 -1.471757e+000 -5.308990e-001  1.581629e+000  1.216705e-001  4.230352e-001 -7.360647e-001 -5.282115e-001  1.642047e+000  8.023508e-002 -7.559971e-001  4.271223e-001 -1.561180e+000  1.024141e+000 -1.776061e+000  1.589502e+000
-1.476884e+001 -9.619057e+000  6.251478e-002 -2.172698e+000  2.073965e-002 -9.555436e-001  1.700584e+000  1.030656e+000 -1.350812e+000  4.305182e-001  2.528467e-001 -2.692466e+000  4.603193e+001  6.800976e+000 -7.279348e-002  5.093610e-001 -3.313763e+000 -1.153795e+000  4.326431e+000  8.942086e-001 -3.121332e+000  1.594313e+000 -3.358927e+000  3.276955e+000 -4.121411e+000  2.904465e+000  4.758732e-001 -5.540353e-001 -2.903199e-001 -9.188580e-001  1.426925e-001  8.432434e-001 -7.322774e-002 -6.907686e-001  9.781375e-001 -9.597520e-001  7.294959e-001 -1.502969e+000  2.031176e+000
 5.513835e-001 -9.375540e+000 -4.760091e+000 -1.162591e+001 -2.284768e+000  9.409165e+000 -1.850049e+000 -6.899649e+000  3.157240e+000 -5.498208e+000  1.157764e+001 -1.205434e+001  5.217511e+001  6.168452e+000 -7.918190e-001  5.647429e-001 -4.612458e+000 -8.567272e-001  4.017305e+000  3.138111e-001 -3.540418e+000  2.539504e+000 -3.905521e+000  4.486752e+000 -4.878351e+000  5.466175e+000 -1.370047e+000 -7.702215e-001 -8.930777e-002 -7.956242e-003  6.431862e-001 -5.702744e-001 -2.396840e-001  3.748193e-002  6.520519e-001 -6.202049e-002 -5.342295e-001 -2.505524e-001  1.073575e+000
 2.490982e+000 -1.447689e+001 -1.636577e+000 -1.833716e+001 -3.896964e-001  9.321023e+000  1.183945e+000 -1.170258e+001  6.970208e+000 -1.121331e+001  1.701411e+001 -1.887041e+001  6.391058e+001  3.318774e+000 -2.252367e+000  1.205239e-001 -4.156540e+000  4.460111e-001  2.677482e+000 -8.521282e-002 -3.494069e+000  3.186676e+000 -3.241285e+000  2.824659e+000 -4.762225e+000  5.753919e+000 -2.091438e+000 -3.092453e-001 -2.163152e-002  1.062628e+000  5.801077e-001 -1.236040e+000 -2.514786e-001  8.972601e-001 -8.343928e-002  6.843042e-001 -1.630260e+000  9.328930e-001 -6.359825e-001
 1.372524e+000 -1.583780e+001 -1.091222e+000 -1.958962e+001 -9.031885e-001  1.043778e+001  8.823597e-001 -1.317321e+001  8.661199e+000 -1.279207e+001  1.505409e+001 -2.117781e+001  6.713500e+001 -1.393869e-001 -2.021133e+000  8.765226e-001 -1.432961e+000  9.379932e-001  4.187405e-001  2.808089e-001 -1.284556e+000  2.171553e+000 -1.955699e+000 -7.228642e-001 -2.404112e+000  3.412250e+000 -1.662098e+000  1.326892e-001 -3.948306e-002  1.563537e+000  3.862454e-001 -1.248526e+000 -1.064291e-001  1.255756e+000 -5.034388e-001  8.059382e-001 -1.817544e+000  1.380699e+000 -1.582670e+000
 1.414454e+000 -1.764976e+001 -1.169300e+000 -1.897354e+001  1.560005e+000  1.191756e+001 -9.168465e-002 -1.330291e+001  1.183059e+001 -1.212897e+001  1.263791e+001 -2.194186e+001  6.732158e+001 -5.022923e-001 -1.004363e+000  2.453135e-001  4.096293e-001  8.493840e-001 -5.448608e-002 -3.466833e-001  2.370380e-001  1.361092e+000 -9.123169e-001 -2.269537e+000 -6.940655e-001  7.515152e-001 -6.977615e-001  4.817526e-001 -1.702891e-002  1.268797e+000  1.576977e-002 -9.614459e-001 -3.905727e-003  1.132248e+000 -7.177616e-001  5.119016e-001 -1.079805e+000  1.296266e+000 -1.495584e+000
 3.927130e-001 -1.789477e+001 -6.111169e-001 -1.847252e+001  1.430347e+000  1.020460e+001  1.918101e-001 -1.252226e+001  1.158481e+001 -1.481887e+001  1.015142e+001 -2.253918e+001  6.753086e+001 -2.315060e-001 -7.523746e-001  3.049328e-001  9.221424e-001  8.728132e-001 -8.593381e-001 -8.759916e-002  8.728079e-001  9.351015e-001 -1.040314e+000 -2.053870e+000 -8.934021e-003  5.402832e-002  9.940971e-002  3.490978e-001 -1.381435e-001  5.589135e-001 -1.261058e-001 -4.684684e-001 -7.008718e-002  5.830019e-001 -6.277276e-001  2.887224e-001 -1.626175e-001  7.472523e-001 -7.929561e-001
 4.694263e-001 -1.847022e+001 -6.500620e-001 -1.684756e+001  2.690455e+000  9.165182e+000 -2.041964e-001 -1.084287e+001  1.231386e+001 -1.476149e+001  8.117765e+000 -2.166005e+001  6.747023e+001 -1.239742e-001 -4.779827e-001  3.211743e-001  1.009894e+000  5.574500e-001 -1.490709e+000  7.946259e-002  1.088490e+000  2.160935e-001 -1.139470e+000 -1.908864e+000  5.215153e-001 -4.488983e-002  1.790482e-001  1.362663e-001 -4.310599e-002  1.010486e-001 -1.703936e-001 -2.503327e-001  1.943324e-002  1.574475e-001 -5.599526e-001  1.981173e-001  2.148475e-001  3.127230e-001 -2.110008e-001
 6.875083e-001 -1.918944e+001  1.738225e-001 -1.604190e+001  2.895652e+000  7.517277e+000  5.006198e-001 -1.003920e+001  1.309507e+001 -1.667739e+001  7.044820e+000 -2.136338e+001  6.733082e+001  1.685026e-001 -5.388338e-001  1.478748e-001  1.061475e+000  4.534314e-001 -1.205490e+000 -2.826999e-001  1.204727e+000 -3.945861e-001 -3.985108e-001 -1.716288e+000  7.243592e-001 -1.543282e-001  1.337941e-001  6.840353e-002 -4.973936e-002 -7.194264e-002 -1.775181e-001 -1.624024e-002  2.161369e-002 -1.176705e-001 -4.197774e-001  2.845570e-001  2.926982e-001  8.763693e-002 -6.853760e-002
 6.471851e-001 -1.939234e+001  4.410178e-002 -1.513938e+001  3.614603e+000  5.807676e+000  1.512234e-001 -9.101994e+000  1.215593e+001 -1.689707e+001  4.646894e+000 -1.992218e+001  6.719715e+001  1.929445e-001 -4.298018e-001  1.083126e-001  8.452059e-001  2.071067e-001 -1.133074e+000 -1.519667e-001  8.583156e-001 -7.738272e-001 -2.426322e-001 -1.364090e+000  5.029028e-001 -1.993103e-001  7.154806e-002  3.028406e-002  8.838912e-003 -1.379670e-001 -1.367934e-001  6.507383e-002  1.437449e-001 -2.712989e-001 -9.632550e-002  1.680688e-001  4.397174e-001 -9.343828e-002 -1.187759e-002
 1.146347e+000 -2.012788e+001 -2.188247e-001 -1.401924e+001  3.235430e+000  5.855903e+000 -1.399399e+000 -7.369063e+000  9.690849e+000 -1.574364e+001  3.305412e+000 -1.978632e+001  6.689576e+001  2.790053e-001 -4.344475e-001  1.626668e-001  6.447733e-001  1.603946e-001 -1.119357e+000  1.361839e-001  3.995427e-001 -6.688250e-001 -6.594791e-002 -8.627657e-001  4.385568e-001 -2.114494e-001 -4.904656e-003  3.880255e-002  1.099170e-001 -1.390613e-001 -1.143341e-001 -4.442954e-002  2.667957e-001 -2.708288e-001  2.250470e-001 -9.887237e-002  5.044799e-001 -1.816311e-001  3.913620e-002
 1.204730e+000 -2.015001e+001  8.782450e-002 -1.363286e+001  3.556100e+000  4.330501e+000 -1.402049e-002 -7.886354e+000  1.014684e+001 -1.644153e+001  3.167017e+000 -1.993407e+001  6.669121e+001  1.785147e-001 -3.787556e-001  3.579729e-001  5.284098e-001  2.000129e-002 -1.208406e+000  5.887452e-001  1.345875e-001 -1.284145e-001 -4.654075e-001 -1.370379e-001  1.972250e-001 -7.571717e-002 -2.470804e-002  1.241650e-002  1.282614e-001 -3.964271e-002 -1.499233e-001 -3.528025e-002  1.740267e-001 -3.165833e-002  2.474181e-001 -1.227819e-001  4.544989e-001 -2.303865e-001  7.335823e-002
 1.803763e+000 -2.098284e+001  9.652953e-001 -1.357129e+001  3.726877e+000  2.659080e+000  1.264161e+000 -8.649302e+000  1.075549e+001 -1.723489e+001  3.470929e+000 -1.916465e+001  6.652654e+001  1.511942e-001 -3.703442e-001  5.726299e-001  5.245660e-001 -2.468634e-002 -1.389971e+000  6.809225e-001  2.124476e-001  4.079427e-001 -7.814850e-001  1.925854e-001 -3.095760e-002 -2.044373e-002 -4.933840e-002  5.023969e-002  8.276034e-002  5.773399e-002 -2.479152e-001  1.057948e-002  4.714863e-002  2.349971e-001  9.980507e-002 -9.149543e-002  3.527263e-001 -3.422101e-001  7.707283e-002
 1.211051e+000 -2.085863e+001  1.241906e+000 -1.272131e+001  3.468886e+000  1.364056e+000  1.763169e+000 -7.788937e+000  1.098153e+001 -1.847848e+001  3.878945e+000 -1.924688e+001  6.700317e+001  1.333099e-001 -3.997709e-001  5.446381e-001  7.070960e-001 -4.499696e-001 -1.174168e+000  4.457976e-001  7.935715e-001 -7.512055e-002 -4.987730e-001  3.807285e-001 -4.142723e-001  7.197800e-002 -2.909476e-003  7.805630e-002  3.358158e-002  1.184928e-001 -3.347702e-001  5.556576e-002 -4.609691e-002  3.740153e-001 -1.106947e-001  8.230930e-002  1.876512e-001 -2.933894e-001  1.919800e-002
 1.899157e+000 -2.162529e+001  2.067284e+000 -1.185219e+001  3.155606e+000  3.892673e-001  1.116619e+000 -6.355534e+000  1.131321e+001 -1.863259e+001  3.912375e+000 -2.028470e+001  6.663756e+001  5.491576e-002 -1.727413e-001  4.831359e-001  8.441002e-001 -8.441960e-001 -1.083579e+000  4.434009e-001  1.245036e+000 -1.964466e-001 -5.067423e-001  6.419829e-001 -9.667450e-001  1.000671e-001  3.378922e-002  1.141656e-001  1.453768e-002  5.489427e-002 -3.011132e-001  4.408381e-002 -9.675920e-003  3.031946e-001 -1.738992e-001  1.954151e-001  5.497934e-002 -7.475872e-002 -2.373940e-002
 1.823582e+000 -2.182764e+001  2.260021e+000 -1.095694e+001  1.591887e+000 -4.054303e-001  2.288739e+000 -5.065381e+000  9.492372e+000 -1.823655e+001  4.849937e+000 -2.144541e+001  6.699559e+001  2.121066e-001 -8.727551e-002  5.706277e-001  9.611067e-001 -1.244095e+000 -1.083774e+000  4.770215e-001  1.488370e+000 -3.796934e-001 -1.912323e-001  5.765192e-001 -8.018280e-001 -3.998261e-002  4.976778e-002  1.580798e-001  6.813762e-003 -6.075456e-002 -1.204111e-001  4.777475e-002 -8.651804e-002  1.066023e-001  3.964582e-002  2.250770e-001 -7.328022e-002  2.034147e-001 -6.228897e-002
 1.772076e+000 -2.136205e+001  2.871917e+000 -1.023298e+001  4.443960e-001 -1.874071e+000  3.218381e+000 -3.785901e+000  1.051784e+001 -1.988957e+001  6.195348e+000 -2.289912e+001  6.703067e+001  2.807420e-001  4.423618e-002  6.323234e-001  6.720320e-001 -1.133190e+000 -1.214749e+000  6.169310e-001  1.381022e+000 -3.092670e-001  4.182034e-002  3.695868e-001 -2.109734e-001 -8.316040e-002  1.408523e-002  2.158725e-001 -5.742185e-002 -1.460628e-001 -1.219192e-002  1.690440e-001 -3.055216e-001 -4.898640e-002  1.082972e-001  3.649145e-001 -1.634323e-001  4.286606e-001 -6.064713e-002
 2.335124e+000 -2.142663e+001  3.692728e+000 -8.725378e+000 -1.395983e+000 -2.923143e+000  3.097395e+000 -1.631904e+000  9.480754e+000 -1.880615e+001  5.620055e+000 -2.194881e+001  6.660670e+001  2.692357e-001  2.821396e-001  5.041131e-001  4.893573e-001 -9.075283e-001 -8.697085e-001 -7.355769e-002  1.258590e+000  1.795188e-001  3.523306e-001  1.505254e-001  2.249155e-001 -1.478531e-001 -3.721219e-002  3.241989e-001 -1.628916e-001 -1.223812e-001  2.232479e-002  3.530560e-001 -5.959602e-001 -1.965196e-001  1.589199e-001  3.980951e-001  1.405893e-002  3.339689e-001 -7.854790e-002
 3.047096e+000 -2.160461e+001  4.512547e+000 -9.607807e+000 -1.016407e+000 -4.425623e+000  3.796945e+000 -1.167164e+000  9.772687e+000 -1.813869e+001  5.375250e+000 -2.108786e+001  6.641620e+001  9.677736e-002  7.219135e-001  2.292840e-001  3.496608e-001 -1.073439e+000 -3.453914e-001 -8.089175e-001  1.114994e+000  6.543350e-002  1.046049e+000  3.781819e-002  6.631864e-001 -1.492333e-001  6.005910e-002  4.284488e-001 -2.459094e-001  1.479181e-001 -2.986689e-002  4.715287e-001 -8.255790e-001 -2.797949e-001  4.629349e-002  3.894685e-001  2.445988e-001  7.647865e-002 -2.694783e-001
 2.532250e+000 -2.029566e+001  3.960271e+000 -8.822736e+000 -2.215353e+000 -3.478197e+000  1.631668e+000 -8.179814e-002  1.076254e+001 -1.735033e+001  6.012613e+000 -2.122646e+001  6.656356e+001  1.180279e-001  1.194880e+000 -4.231055e-002  5.103863e-001 -1.162346e+000  2.468270e-001 -1.789855e+000  6.387860e-001  2.275558e-001  1.297129e+000  8.126981e-001  4.309366e-001 -3.996857e-001  2.136357e-001  6.078048e-001 -2.341310e-001  4.094694e-001  1.965148e-001  2.882732e-001 -6.541847e-001 -2.973064e-001 -3.237793e-001  6.109371e-001 -1.099084e-001  1.951681e-001 -6.306868e-001
 2.157400e+000 -1.831797e+001  3.884566e+000 -8.435993e+000 -4.513114e+000 -3.323501e+000 -9.334303e-002  1.014015e+000  1.020411e+001 -1.538723e+001  6.188160e+000 -1.994436e+001  6.630608e+001  6.566414e-001  1.730110e+000 -3.240117e-001  1.401108e+000 -1.155115e+000  5.846264e-001 -2.652815e+000  2.919495e-001 -1.018181e-001  1.516764e+000  1.261495e+000  6.840935e-002 -1.304636e+000 -1.637212e-002  1.017468e+000 -1.027842e-001  4.890960e-001  6.992800e-001  3.401473e-002 -1.386551e-001 -3.074844e-001 -6.261767e-001  7.405379e-001 -8.431602e-001  5.388799e-001 -9.535893e-001
 3.370112e+000 -1.709555e+001  3.795166e+000 -6.759354e+000 -5.459361e+000 -2.240069e+000 -3.906737e+000  4.714364e-001  1.040282e+001 -1.369623e+001  9.277091e+000 -2.036588e+001  6.466334e+001  1.057482e+000  2.817065e+000 -3.898939e-001  2.010981e+000  1.158835e-001  1.066488e-001 -2.422532e+000  1.835803e-001 -1.355752e+000  3.171659e+000 -1.010855e+000  1.498145e+000 -2.723586e+000 -8.921077e-001  1.120897e+000  6.566935e-002  5.862277e-001  1.213025e+000 -2.074249e-001  6.126832e-001 -3.397922e-001 -8.294272e-001  6.465200e-001 -1.417108e+000  8.153083e-001 -8.339731e-001
 5.911372e+000 -1.455412e+001  2.975041e+000 -3.633957e+000 -5.169978e+000 -2.121555e+000 -6.697928e+000  1.596656e-002  9.443458e+000 -1.238192e+001  1.005048e+001 -2.117610e+001  6.084313e+001 -4.548104e-001  4.998163e+000 -1.108456e-001  2.044844e+000  1.783846e+000 -1.052287e-001 -1.185854e+000 -1.948255e-001 -2.273796e+000  3.811473e+000 -3.266206e+000  2.823982e+000 -3.755229e+000 -1.936439e+000  5.348662e-001  2.672040e-001  3.742753e-001  1.221272e+000 -3.176231e-001  1.248049e+000 -4.377570e-001 -5.840498e-001 -1.039190e-002 -1.041069e+000  7.326683e-001 -1.935348e-001
 5.942675e+000 -8.092257e+000  2.465564e+000 -1.168851e+000 -1.307503e+000 -3.545926e+000 -7.178701e+000  1.335128e+000  4.364110e+000 -2.994696e+000 -9.728231e-001 -1.311986e+001  5.567710e+001 -3.786785e+000  5.165338e+000  1.794531e-001  3.119657e+000  3.433299e+000 -4.453699e-001  5.400806e-001 -8.167873e-001 -2.833592e+000  3.382374e+000 -4.008989e+000  3.129692e+000 -3.344254e+000 -2.278962e+000 -9.230668e-001 -1.708949e-001 -4.138733e-001  3.320279e-001 -2.877104e-001  1.409253e+000 -1.211473e-001  1.174180e-001 -5.294259e-001  6.012828e-001  3.714493e-001  6.177603e-001
-1.402933e+000  2.171202e+000  3.995139e+000 -1.007025e+000  2.330189e+000 -3.196716e+000 -4.386633e+000 -3.919578e-001  1.854489e+000 -1.680632e+000 -5.017914e+000 -9.447460e+000  5.202304e+001 -6.603419e+000  3.230304e+000  7.273347e-001  2.718147e+000  3.292536e+000 -7.274796e-001  2.106122e+000 -1.396651e+000 -2.283147e+000  1.359447e+000 -2.444782e+000  2.915977e+000 -1.961975e+000 -1.325032e+000 -2.046601e+000 -7.294279e-001 -1.339585e+000 -8.080063e-001 -2.958641e-001  1.024121e+000  5.128168e-001  5.524879e-001 -6.625577e-001  1.835611e+000  2.207694e-001  1.037780e+000
-1.190666e+001  3.684728e-001  4.182383e+000  7.525465e+000  7.957051e+000 -3.929338e+000 -2.361982e+000 -3.408538e+000  2.934598e-002 -2.135004e+000 -3.233657e+000 -1.058175e+001  5.235211e+001 -7.263022e+000 -9.143389e-001 -1.663459e+000 -3.950372e-001  1.021679e+000 -1.020778e+000  2.977742e+000  1.787566e-001 -7.639860e-001  1.750543e+000  1.584847e+000  3.309394e+000 -5.314110e-001  3.070062e-001 -1.670470e+000 -8.655478e-001 -1.919027e+000 -1.481134e+000 -5.843923e-002  1.742012e-001  8.479070e-001  6.905922e-001 -3.656074e-001  1.948442e+000 -3.063085e-002  7.281182e-001
-1.818106e+001 -2.632961e+000  5.753305e+000  5.609620e+000  6.660423e+000 -5.567247e+000  1.424324e+000 -4.595458e+000  1.951028e-001 -6.014534e+000 -1.043009e+000 -7.865277e+000  5.269575e+001 -5.341849e+000 -2.195003e+000 -2.836529e+000 -2.895736e+000 -1.050375e+000 -1.296845e+000  2.715918e+000  1.871487e+000 -5.461595e-001  1.314600e+000  3.114930e+000  3.837978e+000  2.724724e-002  1.685521e+000 -4.677116e-001 -2.577214e-001 -9.467219e-001 -1.146830e+000  4.450709e-001 -8.263996e-001  6.865284e-001  5.098416e-001 -9.129097e-002  6.358755e-001 -6.361721e-001  7.869034e-002
-2.198337e+001 -1.026187e+001 -6.730813e+000 -6.452359e+000  1.635774e+000 -7.464548e+000  4.804530e+000  4.330661e+000  1.373873e+000  7.924968e+000  4.963958e+000  2.636013e+000  5.268370e+001 -2.882539e+000 -4.743586e-001 -2.366354e+000 -3.668535e+000 -1.800917e+000 -4.528832e-001  1.106189e+000  1.788679e+000 -2.491246e-001  1.576760e+000  2.953363e+000  2.515537e+000 -6.982743e-001  2.042171e+000  6.687657e-001  8.742738e-001  8.929567e-001 -3.541119e-001  8.682872e-001 -1.212482e+000 -1.806467e-001  1.101098e-001 -9.338465e-001 -9.115315e-001 -1.246168e+000 -3.032872e-001
-2.307382e+001 -3.488642e+000 -4.730908e+000 -8.496794e+000  2.389538e-001 -7.913337e+000  5.609703e+000  5.095877e+000 -1.548572e+000 -1.376167e-001  6.457930e+000  3.133553e+000  5.199349e+001 -3.660576e-001  6.717563e-001 -2.098249e-001 -3.787135e-001 -1.030316e+000  1.213928e+000 -1.090099e+000  1.231029e+000  8.629951e-003  9.898828e-001  5.033741e-002  1.320454e-001 -1.485092e+000  1.459589e+000  4.981956e-001  9.334190e-001  1.749078e+000  2.379726e-001  8.433070e-001 -8.535870e-001 -4.695500e-001  4.746192e-001 -1.037169e+000 -1.282640e+000 -1.029355e+000 -7.141148e-002
-2.387297e+001 -1.575480e+000 -2.407279e+000 -3.764006e+000  2.163199e+000 -5.020709e+000  1.076271e+000  6.891878e-001 -3.444395e-001  2.810339e+000  7.782687e+000 -3.503476e+000  4.921187e+001  4.599390e-001  9.961098e-001  1.394558e+000  2.811235e+000 -7.589102e-001  2.065272e+000 -1.181661e+000 -4.042484e-001 -4.908318e-001 -2.756331e+000 -1.440514e+000 -1.068478e+000 -1.291677e+000  6.125290e-001 -2.466962e-001  3.150668e-001  7.230244e-001  3.787948e-001  3.232916e-001 -3.521893e-001 -1.985413e-001  5.982549e-001 -1.020648e+000 -7.556298e-001 -9.963817e-002  6.642277e-001
