44 39
-6.294181e+000  3.350970e+000  4.670297e+000 -1.573815e+000 -6.092378e+000  3.210348e+000 -7.305389e+000  2.834325e+000  2.596642e+000 -6.375498e-001 -4.530677e+000 -7.450502e+000  4.866347e+001  5.458001e+000  2.343504e+000 -2.328651e+000 -3.304438e+000 -2.297006e+000 -3.445965e+000  2.414767e+000 -4.923803e+000 -4.792869e+000 -1.621646e-001 -2.402231e+000 -3.521559e+000 -3.445239e+000 -8.114828e-001 -4.886609e-001 -9.486868e-001 -6.656172e-001 -2.047570e-001 -1.909233e+000  2.986777e-001  7.847910e-002 -2.160029e+000  7.426316e-002 -1.044136e+000  5.404477e-002  1.029708e+000
 1.430492e+000  7.716557e+000  6.541399e+000 -1.561472e+000 -4.421574e+000 -3.215242e+000 -3.615234e+000 -5.388881e+000 -4.181365e+000 -8.753457e-001 -5.146292e+000 -7.768335e+000  4.221914e+001  4.813482e+000  4.499836e-001 -1.792500e+000 -3.400282e+000 -2.315859e+000 -4.607484e+000  1.082198e+000 -4.683958e+000 -6.454186e+000 -5.426913e-001 -4.894178e+000 -2.700842e+000 -1.374713e+000 -1.138281e+000 -1.533158e+000 -1.362786e-002 -2.643338e-001 -8.493476e-002 -9.615815e-001 -4.466627e-001  1.074654e+000 -4.208069e-001  5.439937e-001 -3.380838e-001  1.469671e-001  1.949049e+000
 7.234557e+000  3.282439e+000 -2.369803e+000 -9.628214e+000 -6.194465e+000 -6.272457e+000  1.987868e+000 -7.599918e+000 -1.651925e+001 -5.212304e+000 -1.615827e+001 -1.460656e+001  4.601189e+001  2.969709e+000 -2.108159e+000 -1.527943e+000 -3.876724e+000 -1.746141e+000 -5.589486e+000  1.432890e+000 -2.734481e+000 -6.206817e+000  1.844105e+000 -3.685153e+000 -3.496964e+000  1.503059e+000 -1.318997e+000 -1.282990e+000  1.042497e+000  2.155576e-001  4.506600e-002 -1.369599e-001 -8.691874e-001  1.628244e+000  1.160384e+000  9.334215e-001  1.509689e+000  5.856533e-001  1.609109e+000
 6.684826e+000 -1.099214e+000  5.786054e-001 -1.267352e+001 -9.069555e+000 -1.252952e+001 -3.863444e-001 -8.426745e+000 -1.810788e+001  4.456464e+000 -2.077041e+001 -1.671951e+001  4.987811e+001  1.257708e+000 -3.147011e+000 -3.504564e-001 -3.502302e+000 -2.711799e+000 -5.073809e+000 -3.750286e-001 -4.240958e-001 -3.255608e+000  2.849042e+000 -1.316791e+000 -2.634490e+000  3.037175e+000 -1.088126e+000 -3.742709e-001  1.012434e+000  4.839825e-001  3.570513e-001  7.284435e-001 -7.320946e-001  1.593679e+000  1.695444e+000  4.780462e-002  2.479347e+000  8.804153e-001  6.992772e-001
 5.927199e+000 -2.781938e+000  1.197680e-002 -1.540141e+001 -1.249909e+001 -2.007994e+001 -1.755383e+000 -9.319148e+000 -2.147418e+001  5.917073e+000 -1.514438e+001 -2.045973e+001  5.234928e+001  6.409029e-001 -2.272951e+000  2.162812e+000 -2.175640e+000 -1.873706e+000 -3.897602e+000 -1.202556e+000  1.087485e+000 -5.902367e-001  2.809076e+000  3.357519e+000 -6.264693e-001  2.394360e+000 -6.176948e-001  4.072998e-001  6.782092e-001  6.475988e-001  8.744334e-001  1.636133e+000 -6.247779e-001  9.498264e-001  1.283482e+000 -1.218719e+000  1.765462e+000  1.332241e+000 -1.921249e-001
 8.372713e+000 -4.986308e+000  3.598227e+000 -1.618638e+001 -1.482825e+001 -2.168054e+001 -3.618752e+000 -6.649745e+000 -1.798194e+001  7.805178e+000 -1.223719e+001 -1.801420e+001  5.423632e+001  5.372533e-001 -1.338974e+000  1.424292e+000 -1.830912e+000 -4.668199e-001 -1.811208e+000 -1.260551e+000  1.373452e+000 -7.852554e-001 -7.861535e-001  3.981223e+000  2.659870e-001  1.676022e+000 -3.498151e-001  5.945247e-001 -1.576733e-001  5.366153e-001  1.455368e+000  2.004427e+000 -1.617996e-001  1.918765e-001  1.612022e-001 -1.814530e+000  3.801640e-001  1.154227e+000 -5.511720e-001
 9.595128e+000 -6.138769e+000  6.934445e+000 -1.874998e+001 -1.268365e+001 -2.118496e+001 -2.408710e+000 -3.050992e+000 -1.953340e+001  7.158720e+000 -3.637286e+000 -1.709157e+001  5.580458e+001  2.414629e-001 -9.756778e-001  9.757283e-001 -1.474426e+000  1.503536e+000  9.598801e-001 -1.248238e+000  1.115877e+000 -1.024582e+000 -2.431893e+000  2.493150e+000  1.714003e+000  1.223011e+000 -2.740656e-001  2.737918e-001 -8.936902e-001  4.716837e-001  1.301028e+000  1.907948e+000 -1.829427e-001 -2.665665e-001 -3.890460e-001 -1.507694e+000 -9.420488e-001  6.447065e-001 -4.375390e-001
 7.537128e+000 -6.115671e+000  4.238830e+000 -2.015379e+001 -1.131138e+001 -2.103305e+001 -6.362438e+000 -4.693562e+000 -2.300455e+001 -9.512652e-002 -6.617842e+000 -1.707366e+001  5.653056e+001 -2.916470e-001 -8.230234e-001 -5.452814e-001 -1.169833e+000  2.876421e+000  2.519587e+000 -1.161186e+000  5.210912e-001 -2.232424e+000 -3.603123e+000  1.016213e+000  1.966407e+000  8.669903e-001 -1.715852e-001 -6.123062e-002 -6.949358e-001  5.249001e-001  1.017397e+000  1.221076e+000 -3.140860e-001 -5.735975e-001  1.549068e-002 -2.226294e-001 -6.914985e-001  1.731974e-001 -2.869910e-001
 7.552306e+000 -7.095645e+000  4.570316e+000 -2.078984e+001 -6.739851e+000 -1.560428e+001 -6.624727e+000 -4.717857e+000 -2.408578e+001 -2.292242e+000 -5.488301e+000 -1.235998e+001  5.731721e+001 -3.149751e-001 -1.161968e+000 -1.320853e+000 -1.477608e-001  2.959814e+000  3.476739e+000 -2.166953e+000  1.808331e-001 -1.811882e+000 -3.320909e+000  1.297796e-001  1.746854e+000  6.111809e-001 -6.553005e-002 -1.358240e-001 -4.850384e-001  6.106960e-001  5.807245e-001  1.881785e-001 -3.214563e-001 -9.514130e-001  7.667687e-001  4.777011e-001  1.491607e-001 -4.631145e-001 -1.663392e-001
 7.935889e+000 -8.622987e+000  2.053884e+000 -2.101562e+001 -3.418044e+000 -1.187295e+001 -7.316671e+000 -3.210856e+000 -2.686787e+001 -5.484957e+000 -6.230620e+000 -1.054796e+001  5.781496e+001 -4.245348e-002 -1.551983e+000 -9.020965e-001  1.302563e-001  3.892026e+000  3.035742e+000 -2.371624e+000 -1.027014e+000 -3.141518e-001 -1.454793e+000  1.705416e+000  1.115549e+000  5.469818e-001 -5.071733e-002  2.610240e-002 -1.136528e-001  6.922339e-001  1.516386e-001 -6.643891e-001 -1.680234e-001 -1.267421e+000  1.724252e+000  7.384198e-001  6.166104e-001 -7.594866e-001 -7.186623e-002
 7.820872e+000 -1.069495e+001  1.422655e+000 -1.905787e+001 -1.831244e+000 -8.381315e+000 -1.276636e+001 -2.888179e+000 -2.666115e+001 -6.750910e+000 -3.182000e+000 -1.162015e+001  5.821829e+001 -2.107842e-001 -1.290318e+000 -1.271056e+000  9.290102e-001  3.899356e+000  1.642695e+000 -2.250300e+000 -2.867136e+000  1.850125e+000 -1.117553e+000  2.894352e+000 -1.761404e-001  5.513191e-001 -1.588448e-001  3.118308e-001  5.936043e-002  5.823952e-001 -5.405347e-002 -1.307810e+000  2.814693e-001 -1.263938e+000  2.016146e+000  5.555899e-001  3.617935e-001 -7.209285e-001 -1.177597e-002
 7.190578e+000 -1.207593e+001  1.302178e+000 -2.036849e+001  5.694448e+000 -9.465830e+000 -1.514974e+001 -1.074347e+001 -2.328762e+001 -5.139755e+000  7.560880e-001 -1.186583e+001  5.881493e+001 -5.973291e-001 -6.283361e-001 -1.138444e+000  1.752951e+000  3.164843e+000  1.146628e-001 -1.959629e+000 -4.292028e+000  4.557834e+000 -1.012702e+000  2.716979e+000 -8.695291e-001  5.375900e-001 -2.348740e-001  4.529954e-001  1.115413e-001  5.091996e-001 -4.688119e-001 -1.361505e+000  4.002571e-001 -3.715165e-001  1.446184e+000  1.163380e-001 -5.096070e-001 -4.871348e-001 -1.015556e-002
 6.871041e+000 -1.182076e+001 -1.409111e+000 -1.646835e+001  8.200685e+000 -8.594367e+000 -1.395969e+001 -1.528723e+001 -1.662528e+001 -8.052608e+000  5.490108e+000 -1.258175e+001  5.957382e+001 -8.317612e-001 -6.463671e-002 -9.058771e-001  1.952868e+000  3.053138e+000 -1.601773e+000 -9.656039e-001 -4.506351e+000  5.832855e+000 -7.640049e-001  1.432966e+000 -8.652498e-001  5.569969e-001 -1.864714e-001  3.116571e-001  4.021813e-001  1.059569e-001 -5.939722e-001 -1.031134e+000  3.456947e-001  7.431269e-001  3.431846e-001  8.060543e-002 -1.160614e+000 -7.593054e-002 -1.523007e-002
 5.424159e+000 -1.120176e+001 -2.222451e+000 -1.354562e+001  7.390209e+000 -1.119311e+001 -1.651815e+001 -1.847147e+001 -9.096637e+000 -9.897616e+000  3.018220e+000 -1.441480e+001  5.982514e+001 -9.063351e-001  1.001533e-001 -5.269798e-001  2.164325e+000  1.971075e+000 -2.149549e+000 -1.012687e+000 -2.064988e+000  4.925403e+000 -1.049877e+000 -1.119258e-001 -9.755703e-001  4.933651e-001 -7.032348e-002  5.549170e-002  5.148531e-001 -2.391367e-001 -5.512127e-001 -4.796251e-001  3.108040e-001  1.399726e+000 -7.333766e-001  6.603350e-002 -1.181288e+000  2.708037e-001 -6.428898e-004
 4.545275e+000 -1.145522e+001 -1.344416e+000 -1.270497e+001  1.258657e+001 -1.552654e+001 -1.691017e+001 -2.155593e+001 -4.592373e+000 -8.192004e+000  2.851764e+000 -1.467192e+001  6.049817e+001 -9.886380e-001 -9.627743e-002  4.341185e-001  1.253108e+000  1.526379e+000 -2.380869e+000 -9.952973e-001 -2.650215e-001  3.382264e+000 -6.959386e-001 -1.494264e+000 -5.027725e-001  4.972813e-001 -5.916893e-003 -9.301592e-002  4.235086e-001 -3.530902e-001 -7.155801e-001 -2.281104e-002  3.158593e-001  1.406924e+000 -1.242777e+000 -9.435017e-002 -8.589056e-001  4.403291e-001  1.184291e-002
 3.821785e+000 -1.175794e+001 -1.365068e+000 -1.142855e+001  1.335688e+001 -1.674749e+001 -1.873794e+001 -1.793406e+001 -4.677061e+000 -1.031944e+001  1.515631e+000 -1.569860e+001  6.081958e+001 -8.705081e-001 -3.350573e-001  7.658238e-001  9.071478e-001  1.172159e+000 -1.893915e+000 -3.907622e-001  5.859364e-001  2.116247e+000 -7.165674e-001 -1.725849e+000  3.032506e-001  5.642334e-001  4.714494e-002 -1.123613e-001  2.220221e-001 -3.570343e-001 -6.887060e-001  5.650885e-002  5.509843e-001  7.009172e-001 -1.074458e+000 -2.103545e-001 -3.201013e-001  5.510407e-001  1.830505e-002
 2.729038e+000 -1.202406e+001  3.327898e-001 -1.126134e+001  1.284924e+001 -1.772152e+001 -1.782628e+001 -1.688104e+001 -1.923750e+000 -1.132139e+001 -1.229916e+000 -1.445371e+001  6.156300e+001 -8.792591e-001 -3.121111e-001  5.652642e-001  8.160056e-001 -1.253046e-001 -1.843645e+000  3.027306e-001  1.202806e+000  1.023550e+000 -1.402410e+000 -2.054600e+000  6.969854e-001  5.807773e-001  7.873333e-002  1.517730e-002 -7.412070e-002 -1.316846e-001 -7.330315e-001  1.548669e-001  4.194194e-001  4.634079e-001 -9.958524e-001 -3.466318e-001  3.540694e-001  4.268157e-001 -1.030453e-002
 1.979737e+000 -1.259263e+001  7.680655e-001 -9.731696e+000  1.311967e+001 -1.956519e+001 -1.801391e+001 -1.787923e+001  1.502846e-001 -1.191576e+001 -3.570185e+000 -1.300765e+001  6.211389e+001 -7.252998e-001 -3.537362e-001  5.175577e-001  5.977046e-001 -6.466130e-001 -2.135617e+000  1.093221e+000  7.056842e-001  7.324721e-001 -1.748413e+000 -1.432264e+000  1.179754e+000  5.431423e-001  9.250548e-002  1.618638e-001 -1.306903e-001 -9.781870e-002 -6.403347e-001  2.432334e-001  2.539806e-001  4.932517e-001 -8.609686e-001 -4.090644e-001  9.009820e-001  2.656826e-001 -6.592587e-002
 1.070004e+000 -1.259843e+001  4.153380e-001 -9.473371e+000  1.207865e+001 -2.333592e+001 -1.575854e+001 -1.556932e+001 -1.888296e+000 -1.440590e+001 -4.878329e+000 -1.253246e+001  6.275490e+001 -6.675755e-001 -1.105146e-002  1.876480e-001  7.494063e-001 -1.229392e+000 -1.485684e+000  3.598084e-001  1.992144e+000 -9.051107e-001 -1.913175e+000  1.292907e-001  1.193054e+000  4.563042e-001  8.825906e-002  2.832641e-001 -3.353890e-002 -5.549262e-002 -4.572678e-001  5.920664e-001  9.580085e-002  4.446191e-001 -5.906208e-001 -1.938732e-001  1.177130e+000  2.754110e-001 -9.639316e-002
 1.024803e+000 -1.323944e+001  1.181446e+000 -9.334018e+000  1.050911e+001 -2.461838e+001 -1.430570e+001 -1.506150e+001 -1.032427e+000 -1.751925e+001 -3.821481e+000 -1.076045e+001  6.293935e+001 -5.138225e-001  3.237320e-001  3.011805e-001  4.513539e-001 -1.477471e+000 -8.567282e-001  8.506020e-001  2.657526e+000 -1.224266e+000 -2.506507e+000  1.687115e+000  1.383629e+000  2.968407e-001  5.139642e-002  4.058383e-001  2.798307e-002 -1.336602e-001 -3.098126e-001  8.356313e-001  1.417816e-001  3.415357e-001 -3.520835e-001  1.774574e-001  8.173249e-001  2.492443e-001 -1.140556e-001
-1.313729e-001 -1.175591e+001  1.064340e+000 -7.713151e+000  8.007559e+000 -2.262335e+001 -1.788134e+001 -8.329189e+000 -5.857947e+000 -1.808552e+001 -4.578145e-001 -9.612042e+000  6.343180e+001 -5.437025e-001  7.654752e-001  5.057583e-001  6.117178e-001 -1.996215e+000  4.772423e-001  9.030443e-001  2.449980e+000 -9.511845e-001 -1.992729e+000  2.271360e+000  1.972103e+000  2.219624e-001  1.094958e-001  2.698799e-001  2.302096e-001 -5.034486e-001 -1.839483e-003  7.775692e-001  9.326596e-002  3.247614e-002 -4.011052e-002  5.861267e-001  1.004272e-001  5.542652e-002 -1.691048e-001
 1.131266e-002 -1.139522e+001  1.949467e+000 -8.355037e+000  7.767859e+000 -2.420511e+001 -1.269949e+001 -8.211665e+000 -3.986220e+000 -2.260849e+001  2.655134e+000 -7.549717e+000  6.325965e+001 -5.302542e-001  1.287192e+000  4.984179e-001 -1.752043e-003 -1.812265e+000  1.061077e+000  1.530511e+000  2.184444e+000 -1.004908e+000 -8.213488e-001  1.583327e+000  2.036451e+000  9.003524e-002  2.445285e-001  6.460711e-002  5.500172e-001 -8.100307e-001  3.536142e-001  5.372800e-001 -2.878029e-001  1.652969e-001 -3.542257e-001  1.322105e+000 -7.199980e-001 -2.187356e-001 -3.391354e-001
-1.141764e+000 -9.693160e+000  2.560119e+000 -6.904272e+000  3.468205e+000 -2.115634e+001 -1.204642e+001 -6.744332e+000 -5.167322e+000 -2.182492e+001  3.240161e+000 -4.277317e+000  6.370456e+001 -1.118806e-001  8.566183e-001  1.240077e+000 -1.541284e+000 -1.071192e+000  1.443260e+000  4.861836e-001  2.391066e+000 -1.215342e+000  1.748798e-001  6.833212e-001  1.143776e+000 -2.858170e-001  3.905046e-001  1.185801e-002  6.048208e-001 -5.491570e-001  4.769070e-001 -2.524866e-001  3.576102e-002 -3.914494e-002 -8.818752e-001  1.608390e+000 -1.290630e+000 -3.608079e-001 -6.113482e-001
-1.121273e+000 -7.834853e+000  2.925646e+000 -9.747217e+000  3.717468e+000 -2.004650e+001 -9.570610e+000 -4.931711e+000 -6.402282e+000 -1.975629e+001  2.246164e+000 -3.245562e+000  6.325314e+001  4.929090e-001  6.011959e-001  2.684107e+000 -2.522299e+000 -1.719112e-001  1.346663e+000 -3.799820e-001  3.513468e+000 -2.863316e+000  3.020214e+000 -1.118855e+000  7.041149e-001 -1.144947e+000  3.882098e-001  6.068685e-002  3.841467e-001  2.827109e-001  5.625299e-002 -8.503251e-001  7.488565e-001 -7.526287e-001 -1.067136e+000  1.401356e+000 -1.357875e+000 -1.405447e-001 -7.174706e-001
-1.244830e-001 -9.253007e+000  6.776638e+000 -1.472348e+001  4.676793e+000 -1.748636e+001 -1.701487e+001  1.986161e+000 -1.072663e+001 -1.863721e+001  3.163276e+000 -6.045242e+000  6.200597e+001  8.972390e-001  1.167763e+000  2.437018e+000 -8.737940e-001 -4.318566e-001 -9.279839e-001  2.037096e+000  1.589744e+000 -4.431357e+000  4.128439e+000 -2.830702e+000  8.342317e-001 -2.217288e+000  1.773578e-001  2.627195e-001 -2.406224e-001  1.050809e+000 -4.819996e-001 -9.482092e-001  1.659531e+000 -1.561512e+000 -7.650825e-001  7.679032e-001 -9.941953e-001  1.671873e-001 -5.057350e-001
 1.967217e+000 -8.609322e+000  1.326174e+001 -1.705693e+001  6.304010e+000 -1.930679e+001 -1.211518e+001  4.990429e+000 -1.552314e+001 -9.101274e+000 -2.900701e+000 -3.145180e+000  5.838421e+001  9.062347e-001  1.435054e+000  1.820682e+000  1.078057e+000 -1.850668e+000 -2.004927e+000  4.499338e+000 -1.178038e+000 -4.732580e+000  4.208649e+000 -3.449039e+000  1.488499e+000 -2.531583e+000 -1.037218e-001  2.421215e-001 -8.699089e-001  1.088360e+000 -7.136958e-001 -2.786120e-001  1.528658e+000 -1.717564e+000  7.632561e-002 -4.407609e-001 -3.014991e-002  1.054748e-002 -2.488873e-002
 1.800186e+000 -3.467110e+000  9.577159e+000 -7.618387e+000  1.565144e-002 -2.616611e+001 -5.886536e-001 -3.756682e+000 -2.276368e+001 -6.510238e+000 -8.339914e+000 -1.563486e-001  5.505259e+001  5.682455e-001  1.753287e+000  4.686782e-001  1.912583e+000 -2.641812e+000 -1.621991e+000  6.344178e+000 -3.070744e+000 -4.106122e+000  3.420178e+000 -3.122564e+000  1.587520e+000 -2.121174e+000 -2.493589e-001 -9.842844e-002 -7.323859e-001  1.468945e-001 -1.936071e-001  1.001221e+000  1.368433e-001 -5.447063e-001  9.763896e-001 -1.031232e+000  6.217012e-001 -4.145530e-001  4.017079e-001
 2.447566e+000 -3.552533e+000  1.062879e+001 -7.909476e+000 -3.205300e+000 -2.573125e+001  4.712971e+000 -7.950481e+000 -2.404666e+001 -4.776535e+000 -9.247438e+000  1.252488e+000  5.407191e+001  1.387966e-001  1.519042e+000 -6.812677e-001  1.526311e+000 -2.635413e+000  3.006065e-001  5.109766e+000 -2.744110e+000 -2.644305e+000  1.170539e+000 -1.123674e+000  3.802083e-001 -1.317447e+000 -2.382730e-001 -2.969941e-001 -4.936282e-001 -3.239221e-001  4.278860e-001  1.686250e+000 -9.909268e-001  7.059769e-001  1.411643e+000 -1.169372e+000  6.269515e-001 -8.454230e-001  4.415380e-001
 2.476570e+000 -3.014967e+000  1.043650e+001 -9.734287e+000 -3.777613e+000 -2.238408e+001  6.291949e+000 -6.897101e+000 -2.699549e+001 -3.698694e+000 -9.276173e+000 -3.064778e-001  5.355624e+001  3.416378e-002  6.336269e-001  2.606306e-002 -3.634482e-001 -1.007520e+000  2.925353e+000  2.416098e+000 -3.507520e-001 -5.935463e-001  4.913328e-001 -8.848782e-001 -6.843880e-001 -8.158157e-001 -1.595425e-001 -3.361446e-001 -5.538446e-002 -3.491647e-001  7.067493e-001  1.368446e+000 -1.366485e+000  1.358754e+000  1.373350e+000 -1.036407e+000  2.753190e-001 -8.171086e-001  2.465417e-001
 2.323008e+000 -1.240185e+000  9.425733e+000 -8.367422e+000 -4.976422e+000 -1.969477e+001  9.993348e+000 -7.159911e+000 -2.662876e+001 -4.654350e+000 -8.050941e+000 -1.169074e+000  5.254515e+001 -1.808927e-002  5.099131e-001 -4.261521e-001  5.964628e-001 -5.283839e-001  4.152653e+000  1.508744e+000  9.918503e-001  5.693468e-001 -1.737886e-001 -1.433125e+000 -1.602662e+000 -9.765717e-001 -4.426642e-002 -2.250154e-001  1.193675e-001 -9.719831e-002  6.950234e-001  2.345493e-001 -1.287150e+000  9.707950e-001  7.075030e-001 -7.256031e-001  8.307369e-002 -1.446704e-001  7.391535e-002
 2.033284e+000 -1.455150e+000  1.030900e+001 -9.206656e+000 -4.136385e+000 -1.455759e+001  8.851649e+000 -5.905727e+000 -2.444035e+001 -4.114666e+000 -1.336255e+001 -2.367508e+000  5.173689e+001 -1.510243e-001  5.771282e-001  6.419802e-002  6.316840e-001 -1.615798e-001  3.294218e+000  1.312266e+000  1.855048e+000  1.153803e+000 -1.089693e+000 -1.591243e+000 -1.506588e+000 -1.058903e+000  5.786277e-002  3.426084e-002 -8.178372e-002  3.336852e-001  3.342708e-001 -1.167470e+000 -1.056420e+000 -6.483844e-002 -2.332273e-001 -5.343373e-001  4.285417e-001  6.467339e-001 -1.806750e-002
 2.578763e+000 -1.782876e+000  8.561783e+000 -5.190978e+000 -5.667833e+000 -8.881238e+000  1.097684e+001 -3.486917e+000 -2.247749e+001 -5.437491e+000 -1.436987e+001 -5.730307e+000  5.009873e+001  1.005850e-002  4.222137e-001 -1.034978e-001  5.427532e-001  4.167344e-001  1.288921e+000 -7.740695e-001  1.006965e+000  1.953564e-002 -1.666963e+000 -3.551230e-001  6.795619e-002 -8.263264e-001  1.236830e-001  1.823684e-001 -1.233569e-002  2.359972e-001  1.115822e-001 -1.857753e+000 -1.187397e+000 -6.629340e-001 -7.375761e-001 -2.414281e-001  6.842054e-001  1.119939e+000 -2.763861e-002
 1.593572e+000  1.420202e-001  1.118947e+001 -8.164089e+000 -4.239806e+000 -1.131976e+001  1.236153e+001  5.416422e-001 -2.330211e+001 -8.755588e+000 -1.407292e+001 -5.558801e+000  4.948494e+001  3.094038e-001  8.487808e-001 -5.441827e-001  1.331832e+000  1.912751e-001 -1.480133e+000 -1.724597e+000 -6.825016e-001 -1.484777e+000 -1.433766e+000  7.188292e-001  1.713972e+000 -9.812759e-001  4.845286e-002  1.597275e-001  7.607487e-002  4.993156e-001 -1.717374e-001 -1.365189e+000 -9.382920e-001 -7.492771e-001 -6.729780e-001  5.843122e-002  3.323990e-001  9.539713e-001 -1.044228e-001
 2.593157e+000  7.229910e-002  8.468012e+000 -6.174939e+000 -2.841040e+000 -1.486908e+001  4.368059e+000 -5.348771e+000 -2.710021e+001 -1.066871e+001 -9.471373e+000  7.663537e-001  4.953950e+001  3.701119e-001  1.285929e+000 -1.836402e-001  1.426374e+000 -1.469003e-001 -2.748934e+000 -2.909811e+000 -1.054045e+000 -1.799244e+000 -1.208892e+000  8.328656e-001  2.386752e+000 -1.153579e+000 -2.339245e-001  2.393360e-002  3.080399e-001  5.408678e-001 -8.084597e-002  2.828292e-002 -2.923605e-002 -1.279360e-001  2.597362e-001  4.045152e-001 -5.904690e-001 -1.654392e-001 -1.811481e-001
 3.573106e+000  1.861166e+000  7.634977e+000 -2.055513e+000 -4.593407e+000 -1.896433e+001  3.533054e+000 -8.387308e+000 -2.955288e+001 -8.667892e+000 -1.221766e+001  2.954023e+000  4.711013e+001 -8.878666e-002  9.439083e-001  4.846435e-001  2.686451e+000 -7.384495e-001 -1.512798e+000 -2.311323e+000 -8.608323e-001 -1.301698e+000 -1.026572e+000 -5.232422e-001  2.103871e+000 -1.417391e+000 -5.305706e-001 -3.802165e-001  2.246914e-001  3.347165e-001  3.386173e-001  1.224842e+000  4.511318e-001  4.869771e-001  1.365708e+000  6.189271e-001 -1.004316e+000 -1.148718e+000 -5.231854e-002
 3.439555e+000  3.787193e+000  9.420828e+000 -1.113394e+000 -6.225534e+000 -1.880362e+001  8.420229e-001 -4.292666e+000 -2.834832e+001 -1.152580e+001 -1.113318e+001  1.947040e+000  4.551824e+001 -9.604690e-001  4.943179e-001  9.222888e-001  2.569783e+000  4.773667e-001  1.446667e+000 -6.268865e-001  4.564504e-001  1.226677e+000  1.520157e-001 -2.686432e+000 -9.541892e-001 -1.514009e+000 -6.738270e-001 -7.349071e-001 -2.069243e-001 -1.085352e-001  6.235594e-001  1.334199e+000  5.535727e-001  2.775913e-001  1.800455e+000  1.098999e+000 -6.571983e-001 -1.398901e+000  6.278044e-002
 7.264392e-001  3.004115e+000  1.313628e+001  2.737396e+000 -6.239806e+000 -1.691648e+001  2.567934e+000 -4.290572e+000 -2.918654e+001 -1.345990e+001 -1.585823e+001  4.370210e+000  4.440861e+001 -1.678159e+000 -6.564966e-001  2.630978e-002  2.433711e+000  1.572228e+000  2.546275e+000 -6.104004e-001  9.971365e-001  3.830805e+000  9.804150e-001 -2.543103e+000 -2.359145e+000 -1.062653e+000 -5.003930e-001 -7.797936e-001 -7.019528e-001 -8.088457e-001  4.264085e-001  4.151140e-001  3.396115e-001  7.166568e-002  1.354975e+000  1.032295e+000  2.761745e-001 -9.170358e-001  1.575103e-001
-7.858551e-001  1.972414e+000  1.032880e+001  4.277521e+000  3.689938e-001 -8.659674e+000  1.716187e+000 -5.114887e+000 -2.114999e+001 -7.512622e+000 -2.108325e+001 -4.712686e+000  4.332021e+001 -2.204337e+000 -1.588404e+000 -9.890950e-001  1.010069e+000  1.815558e+000  1.892524e+000 -9.924092e-001 -5.950729e-001  4.636781e+000  3.282607e+000 -1.443196e+000 -2.376248e+000 -1.017045e+000 -1.762681e-001 -5.815916e-001 -8.232867e-001 -1.150065e+000 -3.807770e-001 -8.119476e-001  2.743392e-001 -2.044317e-002 -8.483032e-002  2.766936e-001  1.283832e+000  6.197004e-001  1.772398e-001
-2.704983e+000 -5.139275e-001  7.312537e+000  7.417583e+000 -2.953144e-002 -1.130493e+001  4.397040e-002 -2.990515e+000 -1.399802e+001 -5.772406e+000 -1.995814e+001 -5.511837e+000  4.289588e+001 -1.968818e+000 -1.913698e+000 -2.069428e+000 -5.779200e-001  7.244974e-001  3.398437e-001 -4.305047e-001  2.325778e-002  3.768123e+000  2.569609e+000  2.360119e-001 -1.770279e+000 -8.783215e-001  1.926336e-001 -1.462033e-001 -4.952550e-001 -1.053637e+000 -6.052637e-001 -8.305134e-001  2.548411e-001  1.070920e-001 -1.179832e+000 -4.009513e-001  1.605756e+000  1.170819e+000  1.602263e-001
-5.866419e+000 -2.395807e+000  7.387223e+000  1.596856e+000 -2.528803e-001 -1.214677e+001 -2.858041e+000 -7.918058e+000 -1.275868e+001  1.043488e+000 -1.629920e+001 -4.993176e+000  4.118938e+001 -1.696480e+000 -1.785039e+000 -2.146276e+000 -1.674726e+000 -1.002653e+000 -1.509855e+000  6.548615e-001  8.411739e-001  8.338664e-001  7.408865e-001  2.343172e+000  1.849880e+000 -7.199761e-001  4.794249e-001  7.441509e-003 -7.565063e-002 -4.764786e-001 -2.056884e-001 -1.472743e-001 -1.061238e-001  4.052425e-001 -1.230055e+000 -8.055820e-001  1.433344e+000  7.711459e-001  3.251526e-001
-6.577367e+000 -4.380266e+000  4.259928e+000  1.188128e+000 -2.306382e+000 -1.347371e+001  2.702524e+000 -2.772697e+000 -1.454159e+001 -4.889913e+000 -1.707019e+001 -4.340939e+000  4.108242e+001 -9.689193e-001 -1.289196e+000 -1.871375e+000 -1.492075e+000 -4.498526e-002  9.489813e-002 -1.598302e-001  8.144732e-001 -1.669000e-001  2.465190e-001  3.592493e+000  1.381885e+000 -4.100563e-001  4.942443e-001  2.306992e-001  3.554091e-001  8.288767e-002  2.057376e-001  5.497669e-001 -3.972780e-001  1.422414e-001 -3.892536e-001 -9.340947e-003  8.443115e-001  8.753857e-002  2.533163e-001
-7.332064e+000 -5.019613e+000  1.123732e+000 -9.813803e-001 -3.505846e+000 -1.512456e+001  3.661217e+000 -1.017927e+000 -1.670888e+001 -4.249436e+000 -1.081136e+001  3.951263e+000  4.062706e+001 -3.071614e-001 -1.863448e+000 -1.466375e+000 -9.152464e-001  1.171857e+000  1.278626e+000 -1.658366e+000  1.035532e+000  4.540156e-001  4.162420e-001  4.045282e+000 -9.660044e-002  3.745853e-001  3.890773e-001  3.669107e-001  4.593504e-001  5.301371e-001  3.710904e-001  6.743054e-001 -3.711825e-001 -2.008647e-001  2.869455e-001  3.891392e-001 -2.129083e-001 -7.164067e-001  2.649296e-002
-6.816757e+000 -5.648003e+000  1.087407e+000  1.246324e+000  1.372025e+000 -9.341544e+000 -4.014810e+000 -2.368215e+000 -1.285742e+001 -1.893348e+000 -4.739595e+000 -3.074631e+000  4.112675e+001 -1.922555e-001 -7.209979e-001 -6.323330e-001 -5.432213e-001  6.659303e-001  1.694438e+000 -1.260281e+000  6.372858e-001  2.011780e+000  2.685226e+000  3.606514e+000 -3.593458e-001 -1.590206e-001  1.890348e-001  5.001703e-001  3.806731e-001  5.526553e-001 -3.134593e-001 -2.472808e-001  1.462080e-001 -3.252518e-001  2.344587e-001  1.266400e-001 -7.247038e-001  3.224916e-002 -2.301842e-001
-7.282531e+000 -1.107918e+001  1.641610e+000 -3.008474e+000  3.767204e+000 -7.819726e+000 -7.791202e+000 -2.942639e+000 -1.133068e+001  1.626416e+000 -2.238089e+000 -6.109332e+000  4.304014e+001 -1.394257e-001 -2.345849e-001 -4.690446e-001  5.015327e-001  4.973414e-001  1.061902e+000 -6.508256e-001 -7.455593e-002  1.179254e+000  1.467229e+000  1.271620e+000 -8.615384e-001 -7.130291e-001  4.489634e-002  7.552474e-001  2.931612e-001  5.794868e-001 -6.046838e-001 -6.602910e-001  4.568415e-001 -2.947756e-001 -5.383965e-002 -5.437230e-001 -1.110542e+000  4.684578e-001 -3.586095e-001
