27 39
-1.902225e+001  6.749798e+000  1.297316e+001 -1.152118e+001 -7.373567e+000 -1.197955e+001 -2.457043e+000 -9.621099e+000 -1.479614e+001 -1.438764e+001 -9.007182e+000 -7.071446e+000  5.894486e+001 -5.632422e+000  1.676241e+000 -4.830764e+000  3.111132e+000  4.754560e+000  9.841784e-001  5.560219e+000  1.632197e+000  3.391730e+000 -6.060305e-001  3.042932e-001  1.513356e-001 -3.049393e-001  4.707937e-001 -1.702600e+000 -1.364435e+000 -1.376803e-002 -1.477753e-001  1.088592e-001  7.898822e-002  6.703105e-001  4.252074e-001  2.250988e+000  9.748739e-001  5.946838e-001 -3.981336e-001
-2.611950e+001  8.088859e+000  8.485937e+000 -8.922186e+000 -3.190226e+000 -1.385856e+001  4.695336e-001 -9.020155e+000 -7.322869e+000 -6.044322e+000 -9.874127e+000 -1.119742e+001  5.899809e+001 -4.445222e+000 -5.933777e-001 -5.447289e+000  2.082082e+000  4.152926e+000  1.537216e+000  4.585894e+000  1.570877e+000  4.974654e+000  2.265015e+000  2.088526e+000  1.927657e+000 -1.086942e+000  1.271628e+000 -1.361270e+000 -4.270265e-001 -6.021028e-001 -1.042973e+000  4.411215e-001 -7.984654e-001  2.341723e-001  2.242708e-001  1.227290e+000  1.205199e+000  1.040761e+000 -4.527712e-001
-2.893764e+001  4.972634e+000 -1.564506e+000 -8.310276e+000 -2.410110e+000 -9.111375e+000  8.647593e+000 -6.028146e+000 -4.362076e+000 -3.602239e+000 -5.011835e+000 -7.837167e+000  5.642269e+001 -2.466012e+000 -1.248825e+000 -5.267425e+000  1.668931e+000  1.556595e+000  2.594038e+000  3.094116e+000  1.291970e+000  5.979673e+000  1.521387e+000  3.343646e+000  3.395839e+000 -1.651039e+000  1.528917e+000 -5.781763e-001  7.333946e-001 -7.789801e-001 -1.409619e+000  1.547313e-001 -1.644624e+000 -2.283074e-001 -4.114228e-001  1.930982e-001  8.022961e-001  4.687158e-001 -1.130481e-001
-3.026463e+001  2.961857e+000 -4.714706e+000 -4.563484e+000 -8.872044e-002 -8.752512e+000  7.267278e+000 -8.072521e+000  5.895646e+000 -3.708182e+000  2.691699e+000  2.563473e+000  5.372213e+001 -8.031756e-001 -1.297900e+000 -3.924128e+000  7.711229e-001  5.882682e-001  2.471907e+000  1.404571e+000  1.724577e+000  4.037068e+000  8.456962e-001  3.980695e+000  3.784106e+000 -1.550133e+000  1.307901e+000 -9.168682e-002  1.373332e+000 -8.467086e-001 -1.333692e+000 -5.267115e-001 -1.630643e+000 -1.752332e-001 -1.664209e+000 -4.626728e-001 -4.042471e-001 -7.169194e-001  3.169577e-001
-2.927975e+001  3.069172e+000 -6.763640e+000 -5.355874e+000 -1.141344e+000 -1.562381e+000  9.614663e+000 -3.635066e+000  8.492970e+000 -7.948775e+000  1.428136e+000  3.027303e+000  5.332765e+001  1.911394e-001 -8.623794e-001 -1.925372e+000 -1.282894e-001 -5.112076e-001  1.290489e+000 -1.072238e+000  4.138094e-001  1.803409e+000  1.069120e+000  3.369689e+000  1.566690e+000 -6.385841e-001  1.331204e+000  2.990094e-001  1.879178e+000 -7.688377e-001 -1.142540e+000 -1.658884e+000 -1.622663e+000 -6.511111e-001 -2.267260e+000 -7.221696e-001 -1.383706e+000 -1.346449e+000  6.503484e-001
-2.996433e+001  2.551091e+000 -8.535136e+000 -6.543773e+000 -8.832682e-001 -5.273521e+000  7.008854e+000 -1.593810e+000  6.434948e+000  3.574264e-001  6.809365e+000  2.290880e+000  5.279494e+001  7.657061e-001 -1.245035e+000 -2.516574e-001 -1.252850e+000 -1.481632e+000 -4.445672e-001 -1.484143e+000  1.133791e+000 -1.258262e+000  1.777848e-001  5.426903e-002 -7.423658e-001 -8.380890e-003  1.815306e+000  4.903425e-002  2.081053e+000 -6.139839e-001 -1.253387e+000 -1.975650e+000 -1.545531e+000 -8.537990e-001 -2.056661e+000 -1.076594e+000 -1.960733e+000 -1.339577e+000  9.127133e-001
-2.813210e+001  8.661199e-001 -9.281149e+000 -7.961579e+000 -4.568874e+000 -4.398424e+000  3.415613e+000 -7.198454e+000  4.385319e+000 -2.894408e-001  9.777777e+000  1.325795e-001  5.369336e+001  3.405566e+000  2.197893e-001  2.292231e+000 -1.163271e+000 -3.121155e+000 -4.242145e+000 -3.574845e+000 -1.668192e+000 -2.708961e+000 -1.755505e+000 -1.611672e+000 -1.073169e+000  8.298271e-001  1.984840e+000 -4.516581e-001  1.813919e+000 -3.448934e-001 -1.149841e+000 -1.292165e+000 -1.338878e+000 -2.196023e-001 -1.674648e+000 -5.490724e-001 -1.651463e+000 -7.700644e-001  8.683894e-001
-2.700993e+001 -2.161791e+000 -4.714239e+000 -9.524883e+000 -5.783116e+000 -9.557326e+000  2.946090e+000 -6.218724e-001  1.658161e+000 -6.648925e+000 -1.211777e+000  2.990058e-001  5.349736e+001  6.666142e+000 -1.593813e+000  4.372338e+000 -1.781306e+000 -4.373693e+000 -4.640025e+000 -5.071783e+000 -1.503417e+000 -3.990052e+000 -3.124963e+000 -3.332288e+000 -1.593851e+000  2.279228e+000  1.321549e+000 -7.710764e-001  1.139283e+000 -6.740953e-002 -7.623028e-001  5.386822e-002 -8.758808e-001  1.196496e-001 -1.187347e+000  7.929707e-001 -2.869785e-001 -5.910563e-001  5.507430e-001
-1.372912e+001  6.524559e+000  2.787064e+000 -9.681671e+000 -1.429719e+001 -2.063120e+001 -6.228179e+000 -1.246200e+001 -2.663443e+000 -1.322313e+001 -2.619655e+000 -1.342603e+000  5.712557e+001  7.165123e+000 -2.946281e+000  4.832225e+000 -1.588528e+000 -4.814383e+000 -3.072608e+000 -5.972807e+000  6.344022e-001 -5.203935e+000 -2.486806e-002 -3.194349e+000 -1.857890e+000  2.559558e+000 -3.881351e-001 -9.445739e-001  2.269153e-001  3.599098e-001  1.408140e-001  1.427672e+000  7.445087e-001  7.472464e-001 -4.856273e-001  1.903037e+000  7.921716e-001 -6.521698e-001 -2.156408e-001
-3.835109e+000 -8.247192e+000  7.292448e+000 -1.459026e+001 -1.788758e+001 -2.035726e+001 -1.352816e+001 -6.479125e+000 -9.990932e+000 -8.800545e+000 -3.653359e+000 -4.940782e+000  6.247498e+001  5.493673e+000 -3.517382e+000  4.174759e+000 -1.377269e+000 -4.446532e+000 -7.599945e-001 -4.664566e+000  5.807414e-001 -5.947508e+000  3.277319e+000 -5.892854e-001 -3.305287e+000  1.880469e+000 -1.697869e+000  4.500572e-001 -5.097030e-001  1.150160e+000  9.754128e-001  1.260750e+000  2.553248e+000  3.240877e-002  4.202004e-001  1.622479e+000  1.432569e+000 -5.106786e-001 -1.279006e+000
-3.893893e+000 -1.082258e+001  8.876635e+000 -1.337153e+001 -2.258856e+001 -1.436150e+001 -1.821130e+001 -1.097817e+000 -1.580981e+001  6.620288e-001 -4.973177e+000 -6.536976e+000  6.200235e+001  2.051125e+000 -3.541296e+000  3.525597e+000  4.342596e-001 -2.380665e+000  9.561981e-001 -5.590973e-002  1.025960e+000 -4.158370e+000  4.558541e+000  9.776843e-001 -3.478299e+000 -4.899750e-002 -1.631597e+000  1.952968e+000 -9.851841e-001  1.606331e+000  1.519937e+000  4.546341e-001  3.391925e+000 -5.974713e-001  1.257707e+000 -1.081033e-001  1.082652e+000 -9.248758e-003 -2.007588e+000
-4.459173e+000 -1.107513e+001  1.311477e+001 -1.456630e+001 -2.387009e+001 -1.649215e+001 -1.438518e+001 -3.400255e+000 -2.150620e+001  2.795095e+000 -2.981443e+000 -1.363024e+001  6.046132e+001  7.337978e-001  9.539808e-001  2.477137e+000  2.958099e+000 -7.134884e-001 -3.506784e-001  4.736009e+000 -1.537153e+000 -2.411833e+000  2.695727e+000  1.744541e+000 -3.337039e+000 -2.811526e+000 -1.113897e+000  2.645726e+000 -1.450257e+000  1.717217e+000  1.932976e+000  1.097869e-001  2.117518e+000 -5.654684e-001  1.706610e+000 -1.674497e+000  1.702372e-002  1.127268e+000 -2.230357e+000
-3.161463e+000 -9.767951e+000  1.750389e+001 -7.522353e+000 -2.320926e+001 -1.778276e+001 -6.079220e+000 -8.871629e+000 -1.769766e+001  3.771758e+000  1.932808e+000 -1.438937e+001  5.788741e+001  1.387077e+000  4.582880e+000  7.551159e-001  4.275445e+000  9.187788e-001 -1.004095e+000  6.286531e+000 -1.294007e+000 -6.832359e-001 -2.745884e-001  1.051996e+000 -1.888258e+000 -5.132384e+000 -7.292143e-001  2.000314e+000 -1.694796e+000  8.554828e-001  1.892931e+000  4.850639e-001 -1.100675e-001 -1.545403e-001  1.482302e+000 -2.073512e+000 -6.949918e-001  1.819396e+000 -1.640416e+000
-5.323355e-001 -4.004605e+000  1.536451e+001 -2.724353e+000 -2.114467e+001 -2.040001e+001  4.085842e+000 -1.027798e+001 -2.110617e+001  3.123227e+000  1.616355e+000 -1.769978e+001  5.047482e+001  2.562123e-001  5.649160e+000 -1.691286e+000  5.288225e+000  3.568625e+000  7.690865e-001  2.751805e+000 -1.086617e+000  8.479767e-001 -2.678599e+000 -5.413226e-001  1.536034e+000 -6.729622e+000 -1.063474e+000 -6.885552e-001 -1.508999e+000 -4.852269e-001  1.488533e+000  1.156301e+000 -1.544750e+000  5.194414e-001  1.567375e+000 -1.101271e+000 -7.447602e-001  1.948845e+000 -5.846548e-003
 1.078075e+000  8.556552e+000  1.152735e+001  2.084719e+000 -1.935738e+001 -1.742804e+001  3.985849e+000 -4.128990e+000 -1.942600e+001 -8.749792e-001 -2.012095e+000 -1.394350e+001  4.133368e+001 -1.356154e+000  4.112682e+000 -2.864172e+000  3.546611e+000  4.942934e+000  2.821635e+000  3.858549e-001  2.799091e-002  1.623234e+000 -3.121855e+000 -1.354343e+000  3.182145e+000 -6.292029e+000 -1.335555e+000 -3.112068e+000 -9.415643e-001 -1.705404e+000  3.853214e-001  6.876394e-001 -1.246635e+000  2.599193e-001  1.496344e+000  4.745586e-001  3.598207e-003  1.244455e+000  2.134361e+000
-5.297881e+000  8.008420e+000  7.646612e+000  7.071290e+000 -7.952909e+000 -1.282408e+001 -5.658689e+000 -1.120466e+001 -1.640214e+001 -8.274533e+000 -3.715604e+000 -6.173008e+000  3.509007e+001 -3.211958e+000 -2.253696e+000 -3.258212e+000  8.963815e-001  4.717100e+000  3.517963e+000 -3.740428e-002  3.990552e-001  4.271807e+000 -1.386997e+000 -7.760899e-001  3.871986e+000 -2.260936e+000 -1.020606e+000 -3.150520e+000 -2.247038e-001 -2.233617e+000 -1.121707e+000 -6.038224e-001  1.258566e-002  1.120996e-001  1.058506e+000  1.609937e+000  6.829675e-001  1.864571e-002  3.554386e+000
-7.559461e+000  4.788946e+000  7.041978e+000  5.312880e+000 -5.090468e+000 -7.462556e+000  7.223201e-001 -8.268336e+000 -1.193350e+001 -6.138634e+000 -2.172926e+000 -4.242027e+000  3.411964e+001 -3.556613e+000 -7.026034e+000 -3.169243e+000 -2.055651e+000  2.271149e+000  1.059664e+000  1.447959e+000 -7.372467e-001  5.086568e+000  1.452403e+000  1.187371e+000  3.166043e+000  3.305080e+000 -8.531662e-001 -1.278813e+000  1.563189e-001 -1.567788e+000 -1.778960e+000 -1.281316e+000  6.789311e-001 -1.568950e-002  1.679988e-001  1.494345e+000  1.151476e+000 -5.061502e-001  3.225348e+000
-1.227336e+001 -1.338928e+001  1.316132e+000  1.434741e-001 -4.692623e+000 -7.792944e+000  5.530585e+000 -6.213033e+000 -3.493386e+000 -1.179929e+000 -2.183679e+000 -3.190584e+000  4.277716e+001 -3.746590e+000 -4.534081e+000 -2.662270e+000 -3.078730e+000 -7.040175e-001 -1.369040e+000  2.283681e+000 -1.434998e-001  4.408838e+000  3.083959e+000  1.602658e+000  1.637314e+000  6.243752e+000 -5.570284e-001  1.744812e+000  5.053091e-001 -4.891024e-001 -1.619608e+000 -9.063079e-001  7.078167e-001  1.216259e-001 -1.002027e+000  4.108359e-001  9.537901e-001 -4.662724e-001  1.181078e+000
-1.321725e+001 -1.587477e+001 -1.153627e+000 -4.729630e+000 -9.631777e+000 -1.464529e+001  5.631006e+000 -1.031104e+001 -4.475413e-001  2.839735e+000  3.158796e+000  3.955067e-001  5.401554e+001 -5.354669e+000 -1.141191e+000 -2.380548e+000 -2.304772e+000 -1.241306e+000 -1.141444e+000  2.619967e+000  2.208209e-001  2.394712e+000  2.114394e+000  3.213665e+000  1.768731e+000  5.582370e+000 -2.389991e-001  2.978920e+000  6.202143e-001  5.721964e-001 -6.138944e-001  2.287001e-001  2.561464e-001  7.005593e-001 -1.374916e+000 -6.880049e-001  2.438816e-001 -2.622318e-001 -1.196166e+000
-2.120194e+001 -4.330127e+000 -1.566933e+000 -3.301103e+000 -9.202342e+000 -1.607791e+001  3.305373e+000 -1.090081e+001 -1.009336e-001  2.656076e+000  1.631826e+000 -3.052058e-001  5.636089e+001 -5.098072e+000  3.527940e+000 -1.126014e+000 -1.424570e+000 -1.624713e+000  8.697691e-002  2.915675e+000  5.281510e-001  6.075988e-001  3.361875e-001  2.979713e+000  2.239280e+000  2.505810e+000  4.612387e-001  1.831592e+000  4.196151e-001  8.745156e-001  3.978613e-001  9.501576e-001 -4.571297e-001  8.141768e-001 -9.367436e-001 -1.130434e+000 -3.144180e-001 -4.647981e-001 -2.343455e+000
-2.986852e+001 -5.446586e+000 -3.419232e+000 -4.488690e+000 -9.042141e+000 -9.027291e+000  1.493476e+001 -4.820345e+000 -1.656167e+000  2.515333e+000  1.198765e+001  3.158937e+000  5.523962e+001 -4.075868e+000  3.837554e+000 -8.362992e-001 -2.174926e-002 -3.379754e-001  1.475156e+000  2.412694e+000  2.429724e+000  1.126080e-001 -6.137357e-001  1.718251e+000  1.553901e+000 -8.067795e-001  1.285085e+000  4.699878e-001  2.105591e-001  7.423313e-001  1.098245e+000  8.946037e-001 -1.238413e+000  3.854315e-001 -1.388801e-001 -6.140388e-001 -1.179868e+000 -7.884864e-001 -2.179398e+000
-2.943809e+001 -9.636760e-001 -3.181133e+000 -7.099848e+000 -1.311101e+001 -1.016706e+001  1.545708e+001 -6.317623e+000  1.489209e-001  6.632094e-001  8.300462e+000  6.624103e+000  5.469417e+001 -2.079797e+000  2.134510e+000 -1.336318e+000  1.523370e-001  8.336236e-001  2.073449e+000  1.016690e-001  2.822933e+000  8.661724e-001 -1.204145e+000  7.782751e-001 -5.792617e-001 -2.278946e+000  1.311449e+000 -5.108479e-001  3.019580e-001  6.330020e-001  1.388385e+000  4.711082e-001 -1.525152e+000 -1.742530e-001  2.815683e-001 -5.967769e-002 -1.166656e+000 -7.768055e-001 -1.384810e+000
-2.947852e+001  1.629777e+000 -4.528023e+000 -2.939004e+000 -9.367321e+000 -1.022494e+001  1.161862e+001 -4.540066e-001 -9.428544e-003  7.674897e-001  8.415734e+000  4.700355e+000  5.081500e+001 -4.383823e-001  1.905463e+000 -1.222601e+000  6.184311e-001  3.020751e+000  2.338339e+000 -2.165097e+000  1.000587e+000  1.571025e+000 -1.856341e-001 -1.584955e+000 -7.644300e-001 -2.922240e+000  1.288481e+000 -5.209581e-001  7.046180e-001  2.017294e-001  7.159494e-001 -9.015751e-002 -1.157005e+000 -7.918273e-001  4.189172e-001  2.579370e-001 -8.183834e-001 -4.542240e-001 -7.645766e-001
-3.179592e+001  2.804239e+000 -7.694129e+000 -3.314261e+000 -4.871634e+000 -5.111844e+000  5.471787e+000  1.030688e+000  3.406559e+000 -2.490726e+000  7.309157e+000 -3.972223e+000  4.717847e+001 -3.595690e-001  1.939745e+000  5.769269e-001  1.420350e+000  3.637849e+000  2.010926e+000 -2.421192e+000  3.714544e-001  1.286232e+000 -1.762517e-001 -1.201966e+000 -4.855816e-001 -3.360509e+000  1.430036e+000 -5.044840e-001  9.425420e-001  5.862868e-002 -3.450721e-001 -4.206768e-001 -3.201021e-001 -7.575741e-001  8.086465e-002  4.647399e-001 -2.923303e-001  8.039391e-003 -5.672605e-001
-3.088151e+001  2.196771e+000 -7.275737e+000 -3.289328e+000  1.941926e+000  1.367957e-001  9.101926e+000 -3.491564e+000  4.570137e+000  3.164130e+000  4.558525e+000  4.634950e+000  4.438627e+001  1.506422e+000  1.330145e+000  1.730168e+000  3.528915e-001  1.839659e+000  1.055629e+000 -2.110901e+000 -3.036733e-001  1.997164e+000  1.620025e-001 -1.383545e+000 -7.640592e-001 -4.088881e+000  1.465407e+000 -7.587975e-001  5.675817e-001 -1.568720e-001 -1.175490e+000 -5.711394e-001 -5.703843e-003 -2.056470e-001 -3.278770e-001  3.118862e-001  2.491888e-001 -2.816266e-001 -3.629833e-001
-3.053443e+001  8.451553e+000  1.077358e+000  1.770625e-001 -5.763879e-001 -5.293297e+000  4.609470e+000 -2.941573e+000  4.290298e+000 -1.416370e+000  4.219237e+000  4.228898e+000  4.110599e+001  4.097979e+000 -1.002517e-001  1.900007e+000  5.782502e-001 -3.011907e-001  6.114196e-001 -1.525940e+000 -3.128073e-001  1.057426e+000  9.457368e-001 -7.840810e-001 -5.392501e-001 -4.531928e+000  1.169190e+000 -8.992536e-001 -2.275280e-001 -2.243812e-001 -9.055737e-001 -3.535731e-001  1.320383e-001  1.852298e-001 -5.779327e-001  3.073902e-001  4.422718e-002 -2.575383e-001  1.153011e-001
-2.257715e+001  5.456847e+000 -2.629258e-001 -2.920208e+000 -2.316650e+000 -4.856064e+000  1.495279e+000  1.375741e-002  9.534525e+000  1.040324e+000  3.042968e+000 -3.220501e+000  3.340684e+001  4.659881e+000 -8.685258e-001  9.537674e-001  2.551209e-001 -8.871821e-001  1.823955e-001 -2.641242e+000  3.144831e-001  4.604254e-002  8.128024e-001 -5.479529e-001 -2.145729e+000 -4.151448e+000 -9.888957e-002 -7.699710e-001 -6.496807e-001 -2.286542e-001  1.457460e-002 -6.372456e-002  5.999511e-001  2.255353e-001 -1.068464e+000 -4.154367e-001 -1.534225e-001  1.933519e-001  1.655048e+000
