37 39
-2.079624e+001  1.303828e+001 -1.395486e+000  1.228335e+001  7.519645e+000 -2.969858e+000 -2.262391e+000 -6.433968e+000 -8.440269e+000 -1.194510e+001 -4.979793e+000 -1.085403e+001  4.180088e+001 -7.445373e+000 -2.558736e+000 -4.077783e+000 -2.258902e-001  1.823956e+000  1.817928e+000  6.753849e+000  4.026848e+000 -1.162969e-001  5.496225e-001  5.596099e+000  3.601309e+000  1.882603e+000 -1.408568e-001 -1.392730e+000 -7.157115e-001 -1.152328e+000 -9.771332e-001  8.263255e-002  2.771681e-001  4.519146e-001  1.124462e+000  2.211521e+000  1.492241e+000  1.216833e+000 -1.922999e-001
-2.886005e+001  6.373780e+000 -7.027092e+000  8.644635e+000  2.555132e+000 -3.650541e+000  5.714447e+000 -1.049226e+000 -3.349039e+000 -4.363087e+000  1.010039e+000  1.116112e+000  4.361275e+001 -5.673576e+000 -4.584338e+000 -5.108411e+000 -1.690042e+000 -1.506020e-001  1.922536e+000  4.236032e+000  2.452565e+000  1.441828e+000  4.099637e+000  4.626925e+000  2.562502e+000  2.166763e+000  1.503714e+000 -9.636813e-002  2.833554e-001 -6.502960e-001 -1.169721e+000 -6.012768e-001 -1.417110e+000 -4.681529e-001  7.101837e-001  1.422263e+000 -6.822230e-002 -3.688058e-001 -2.502339e-001
-3.202370e+001  4.020399e+000 -1.083277e+001  4.988993e+000  1.739271e+000 -3.861516e+000  6.949506e+000 -1.784376e+000 -7.903585e+000 -2.160306e+000  9.704233e+000 -3.260707e+000  4.511679e+001 -2.547040e+000 -2.133264e+000 -3.176928e+000 -2.574641e+000 -2.083323e+000 -6.784080e-001  1.211511e+000  1.180196e+000  2.502363e+000  4.068221e+000  4.289808e+000  1.414464e+000  1.635127e+000  2.035115e+000  8.917076e-001  1.105612e+000  1.242387e-001 -9.047834e-001 -7.843357e-001 -2.138597e+000 -8.287391e-001  4.286478e-001  2.733185e-002 -1.838910e+000 -6.788714e-001 -3.816117e-001
-3.312337e+001  2.488366e+000 -1.419152e+001  1.522929e+000  1.797251e+000 -6.841908e-001  5.288389e+000 -1.849658e+000  1.961718e+000  3.757415e+000  8.885884e+000 -6.706542e+000  4.705931e+001 -6.031536e-001 -5.267815e-001 -1.397487e+000 -9.843071e-001 -2.003219e+000 -1.360425e+000 -3.787802e-001  1.397609e+000  1.721510e+000  2.587452e+000  1.049503e+000 -1.867420e-001  1.124817e+000  1.502142e+000  1.074562e+000  1.410765e+000  7.343406e-001 -2.406620e-001 -2.860979e-001 -1.438235e+000 -4.540538e-001 -4.773545e-001 -1.234944e+000 -1.833302e+000 -7.436857e-002 -5.318410e-001
-3.139978e+001  4.314670e+000 -1.369791e+001  2.971005e+000 -2.518033e+000 -7.845073e+000  4.008194e+000 -1.327728e-001  1.416167e+000  4.335761e+000  1.253132e+001  1.296142e-001  4.825323e+001  1.949913e-001 -1.289760e-001 -4.051836e-001  4.243568e-002 -1.773653e+000 -4.622702e-001 -1.631732e+000  4.106308e-001  1.887101e+000  1.442374e+000 -1.809739e+000  1.581574e+000  4.955173e-001  6.281555e-001  2.028719e-001  8.326854e-001  6.452660e-001  4.477526e-001  6.023054e-001 -5.060518e-001 -3.833420e-001 -8.356835e-001 -1.371814e+000 -1.444766e+000 -7.299627e-002 -4.648531e-001
-3.218778e+001  3.592737e+000 -1.258196e+001  4.732093e+000 -5.332310e+000 -8.460887e+000  5.291201e+000  5.113016e+000  5.986335e-001  5.326140e+000  4.844008e+000 -1.512758e+000  4.766861e+001  4.661203e-001 -2.136734e-001  5.595399e-001  6.731227e-001 -1.508748e+000  3.839777e-001 -1.533520e+000  5.670784e-001 -6.373130e-001 -7.621582e-001 -1.489813e+000  2.107104e+000  7.736206e-002  7.911296e-002 -3.768947e-001  1.423183e-001 -2.727856e-002  7.964457e-001  7.278634e-001  2.334263e-001 -7.373081e-001 -6.671436e-001 -9.874420e-001 -2.929777e-001 -1.470283e-001 -2.823282e-001
-3.151654e+001  2.823333e+000 -1.366347e+001  3.596589e+000 -3.564212e+000 -2.284518e+000 -1.210560e+000 -3.212559e+000  2.213462e+000  4.267203e+000  2.676474e+000  2.050272e+000  4.728973e+001  5.910072e-002 -1.275458e+000  7.984733e-003 -1.770256e-001 -9.179626e-002  1.460918e+000 -7.413781e-001 -3.212489e-001 -4.966430e-001 -1.116046e+000 -1.664365e+000 -9.744062e-002 -1.654114e-001 -1.684965e-001 -5.039437e-001 -1.985860e-001 -3.218627e-001  8.395324e-001  1.557921e-001  7.029542e-001 -4.486611e-001 -5.086008e-001 -6.023267e-001  5.333697e-001 -3.142352e-001 -6.385446e-005
-3.073439e+001  2.165667e+000 -1.141104e+001  4.575751e+000 -5.223397e+000 -1.544579e+000  2.301677e-001  2.525627e+000 -1.623495e+000 -1.909743e-002  6.364244e+000  2.868650e+000  4.792788e+001 -1.396435e-001 -1.838014e+000 -8.924801e-001 -1.010969e+000  1.138081e+000  1.317298e+000  3.431746e-001 -1.922992e+000 -4.223363e-001 -1.070548e+000 -4.880730e-001 -8.237621e-002  4.364014e-002 -1.147558e-001 -3.212849e-001 -1.734807e-001 -3.093619e-001  4.947078e-001 -3.622029e-001  5.622706e-001 -2.772685e-001  3.213221e-001  1.291445e-001  5.607297e-001 -2.622772e-001  2.380663e-001
-3.183098e+001 -1.349087e+000 -1.424344e+001  2.164049e+000 -3.031471e+000 -3.998637e+000  2.831820e+000 -4.453231e-001  4.401565e-002  1.428149e+000  3.449382e+000 -2.548293e+000  4.729655e+001 -3.446094e-001 -1.836524e+000 -6.721036e-001 -7.248320e-001  1.100595e+000 -1.499700e-001  9.446921e-001 -5.876396e-001 -7.633911e-001 -1.415064e+000  3.562390e-001  1.105139e+000  5.120590e-001  3.010359e-001  2.885956e-001  4.004694e-001 -8.604354e-002 -2.569681e-001 -5.565587e-001  8.315841e-002 -1.072458e-001  4.774469e-002  3.385884e-001  3.614010e-001  4.272940e-002  4.481935e-001
-3.272878e+001 -3.511122e+000 -1.675437e+001  3.935169e-001  9.172468e-002 -1.017337e+000  4.985884e+000 -5.885561e+000 -4.283244e-001  1.392929e+000  2.017189e+000  3.746431e-001  4.788340e+001  9.419651e-002 -1.539565e+000  3.218060e-002 -5.997836e-001  3.685955e-001 -6.215931e-001  4.347981e-001 -6.860687e-001  1.102672e+000  3.307373e-002  3.035336e-001  1.944288e-001  9.289585e-001  1.094909e+000  9.205950e-001  1.016958e+000  9.217222e-002 -1.202286e+000 -8.367366e-001 -5.753261e-001 -2.259254e-002 -3.968933e-001  1.049792e-001 -3.642079e-001 -3.558340e-001  5.450011e-001
-3.224239e+001 -3.520893e+000 -1.435233e+001  2.063546e+000 -7.187977e-001 -3.297989e+000  1.135042e+000 -1.945163e+000 -2.201078e+000 -3.514132e+000  6.631196e+000  8.822969e+000  4.987226e+001  1.447360e+000  1.829547e-002  1.548002e+000 -8.128361e-001 -9.918938e-001 -3.524303e-001 -3.713978e-001 -1.475940e+000 -1.020424e+000  2.508504e-002 -2.531632e-001 -2.219613e-002  1.632897e+000  1.807435e+000  6.746154e-001  1.398188e+000 -3.493065e-001 -1.767013e+000 -1.199874e+000 -1.080824e+000 -2.585577e-001 -1.200191e+000  1.212089e-001 -1.106366e+000 -7.708578e-001  7.748251e-001
-3.005770e+001 -4.446256e+000 -1.119570e+001  1.627084e+000 -4.536756e+000 -5.002869e+000  3.252547e+000 -1.547959e-001  5.012411e+000  2.617412e+000  6.291005e+000 -1.844837e+000  5.128481e+001  4.438918e+000  1.837552e+000  3.082258e+000 -5.061061e-001 -3.827106e+000 -2.765155e+000 -1.875411e+000 -1.591805e+000 -2.278287e+000 -1.265726e+000 -2.004411e+000 -1.297879e+000  2.208227e+000  1.785222e+000 -1.935416e-001  1.534867e+000 -7.738376e-001 -1.700631e+000 -1.457200e+000 -1.353279e+000  4.191203e-001 -1.995303e+000  2.119173e-001 -1.051517e+000 -2.717619e-001  8.868858e-001
-2.592972e+001 -7.900425e-001 -9.282772e+000 -2.516916e+000 -5.676699e+000 -3.768023e+000  1.841500e+000 -1.069040e+001 -7.778470e+000  9.413327e-001  4.665786e-002 -1.549533e+000  5.376033e+001  6.520204e+000 -1.520056e-001  4.793796e+000 -2.518203e+000 -5.636619e+000 -5.077561e+000 -3.304324e+000 -1.427560e+000 -5.073869e+000 -1.596198e-001 -4.021620e+000 -2.002996e+000  3.746550e+000  7.667452e-001 -1.298476e+000  1.165761e+000 -9.022312e-001 -1.107469e+000 -1.057449e+000 -1.203929e+000  1.361919e+000 -1.272236e+000  8.749892e-001 -3.633512e-001 -1.842448e-001  5.864136e-001
-1.369053e+001  4.311211e+000 -3.877860e+000  1.532169e-001 -1.656486e+001 -1.460809e+001 -4.744401e+000 -9.471963e+000 -9.031062e+000 -7.163435e+000 -4.712598e+000 -9.285007e-001  5.698050e+001  6.483882e+000 -2.422123e+000  6.083618e+000 -3.616288e+000 -5.812200e+000 -5.545028e+000 -4.865135e+000  1.385343e+000 -6.847119e+000  1.185013e+000 -3.069821e+000 -1.739807e-001  4.306561e+000 -8.535662e-001 -1.535433e+000  3.869127e-001 -6.904129e-001  1.923197e-001  6.017669e-001 -2.813440e-001  1.446571e+000 -2.551247e-001  1.525527e+000  7.565625e-001 -1.647418e-001 -1.023845e-001
-7.824957e+000 -8.659655e+000  5.957736e+000 -9.790535e+000 -2.288784e+001 -2.388318e+001 -1.138810e+001 -4.424381e+000 -2.054869e+001  5.781916e-001 -7.975103e+000 -1.650180e+000  6.575716e+001  4.258604e+000 -4.344249e+000  5.876127e+000 -3.768901e+000 -5.536691e+000 -4.249739e+000 -4.896181e+000  3.845079e+000 -5.097187e+000  3.174661e+000 -1.537214e+000 -1.505369e+000  3.515798e+000 -1.818764e+000 -2.360223e-001 -7.406210e-001  3.401564e-001  1.041965e+000  1.817955e+000  7.251621e-001  5.009888e-001  9.176955e-001  8.135344e-001  1.397935e+000 -5.149514e-001 -1.069511e+000
-6.690662e+000 -1.262206e+001  1.160213e+001 -1.281755e+001 -2.499218e+001 -2.267043e+001 -1.445833e+001  3.638910e+000 -2.283808e+001  8.724047e+000 -5.047222e+000 -2.664418e+000  6.681920e+001  1.301887e+000 -3.743491e+000  4.475656e+000 -3.332822e+000 -2.915472e+000 -1.702311e-001 -2.486202e+000  3.004731e+000 -3.542251e+000  4.694769e+000  5.361981e-001 -2.370402e+000  1.811681e+000 -1.676087e+000  9.159990e-001 -1.460822e+000  1.131392e+000  1.471265e+000  1.765076e+000  1.565023e+000 -1.094432e+000  1.373214e+000 -2.938915e-001  1.095319e+000 -9.160987e-001 -1.429922e+000
-8.136628e+000 -1.404465e+001  1.235786e+001 -1.487604e+001 -2.914649e+001 -2.098555e+001 -1.778244e+001  1.979557e+000 -2.636090e+001  8.870897e+000 -7.472101e+000 -8.208421e+000  6.641997e+001  1.738067e-002 -6.714333e-001  1.894672e+000 -9.591540e-001 -1.875158e+000  1.324814e+000 -8.679794e-001  2.676901e-001 -2.137825e+000  2.153174e+000  1.165047e+000 -3.479543e+000 -3.535644e-001 -7.124139e-001  1.433333e+000 -1.694414e+000  1.513165e+000  2.001980e+000  9.174397e-001  1.814873e+000 -1.938879e+000  1.497615e+000 -1.133503e+000  2.925955e-001 -4.961081e-001 -1.435788e+000
-7.025259e+000 -1.171374e+001  1.530036e+001 -1.396814e+001 -2.801289e+001 -1.690807e+001 -1.397824e+001  2.349723e+000 -2.383621e+001  1.216406e+001 -2.283108e+000 -9.501389e+000  6.570750e+001  2.240582e-001  3.214642e-001  7.702360e-001  6.357971e-001 -2.866402e-001  4.930739e-001  9.458791e-001 -2.298122e+000 -1.460728e+000  2.262987e-001  1.055645e+000 -3.767387e+000 -9.083687e-001  7.592443e-002  1.581623e+000 -1.379118e+000  1.728176e+000  2.041939e+000  1.269958e-001  1.528568e+000 -1.457615e+000  1.691046e+000 -1.435253e+000 -4.442992e-001  2.914619e-001 -1.741142e+000
-7.570755e+000 -1.247098e+001  1.358198e+001 -1.401101e+001 -3.075328e+001 -2.014029e+001 -1.596804e+001 -2.441337e+000 -3.073874e+001  9.624056e+000 -3.531925e+000 -1.562941e+001  6.454519e+001  1.235449e+000  7.899390e-001 -7.432336e-001  1.812615e+000  3.158791e+000  5.807495e-003  2.462146e+000 -3.197888e+000  1.350124e+000 -2.586202e-001 -3.339602e-001 -3.287417e+000 -2.303116e+000 -4.243661e-002  1.479266e+000 -9.192609e-001  1.411863e+000  1.997681e+000  3.225322e-001  1.014771e+000 -1.307049e-001  2.261075e+000 -1.017646e+000 -2.742636e-001  1.470393e+000 -2.189978e+000
-5.853308e+000 -1.180158e+001  1.484126e+001 -1.007108e+001 -2.562199e+001 -2.062769e+001 -1.063613e+001 -5.641253e+000 -2.795279e+001  9.478961e+000 -1.739084e+000 -1.779086e+001  6.321474e+001  1.072475e+000  3.433940e+000 -1.100980e+000  3.922171e+000  4.777252e+000  1.124252e+000  3.491574e+000 -2.550555e+000  3.169005e+000 -1.275597e+000 -9.357944e-001 -1.009155e+000 -5.919255e+000 -7.913589e-001  1.317606e+000 -8.193158e-001  7.452921e-001  1.293551e+000  5.570004e-001 -1.896740e-001  8.783866e-001  1.790850e+000 -9.180558e-001  1.751254e-001  2.152288e+000 -2.268183e+000
-2.545360e+000 -1.005104e+001  8.871246e+000 -7.761497e+000 -1.454799e+001 -1.909670e+001 -7.142769e+000 -1.001440e+001 -1.755198e+001  8.920345e+000 -9.413914e+000 -2.050077e+001  5.615077e+001 -6.190108e-001  5.168659e+000 -1.766025e+000  4.456975e+000  5.581302e+000  2.621887e+000  2.933029e+000 -2.596176e-001  6.852686e+000 -2.184107e+000  7.894485e-001  2.493308e+000 -8.798009e+000 -1.386723e+000  4.941161e-001 -5.353720e-001 -1.856435e-001  3.463411e-001  5.321161e-001 -9.717909e-001  1.354424e+000  4.526299e-001 -8.631665e-001  5.219736e-001  2.006304e+000 -1.061936e+000
-4.175582e+000  4.245986e+000  1.215083e+001  2.517960e+000 -1.222927e+001 -1.180861e+001 -9.330078e-001 -6.616524e+000 -1.458457e+001  6.137930e+000 -4.021086e+000 -1.211148e+001  4.030844e+001 -2.805507e+000  4.720137e+000 -2.814947e+000  3.040077e+000  4.969862e+000  1.970036e+000 -2.379325e-001  6.246756e-001  4.742240e+000 -3.401237e+000  1.369568e+000  4.103689e+000 -9.001837e+000 -1.126449e+000 -1.204166e+000 -5.323604e-001 -1.294805e+000 -3.809589e-001  2.638813e-001 -1.077255e+000  1.029352e+000 -5.250720e-001 -2.797883e-001  2.289677e-001  8.371856e-001  9.842583e-001
-1.150467e+001  5.348530e+000  6.097072e+000  1.979350e+000 -9.543128e+000 -1.144040e+001 -6.154461e+000 -3.251790e+000 -3.159428e+000  3.740376e-001  1.556318e+000 -6.002560e+000  3.200830e+001 -3.759176e+000  2.617421e+000 -2.563110e+000  1.325444e+000  4.794192e+000  2.243495e+000 -5.320553e-001  1.986616e+000  2.826656e+000 -3.511633e+000  1.123227e+000  4.187682e+000 -6.071504e+000 -4.559652e-001 -1.771564e+000 -3.175706e-001 -1.464787e+000 -4.146868e-001  4.706399e-001  3.788467e-002  4.183598e-001 -8.365721e-001  9.184806e-001 -1.967859e-001 -4.096631e-001  2.441511e+000
-1.540119e+001  4.099321e+000  2.153606e+000  2.588875e-001 -3.275110e+000 -1.460566e+001 -1.231995e+001 -5.899179e+000 -1.143787e+001 -3.254070e+000 -3.763613e-001 -4.521519e+000  3.027679e+001 -2.989689e+000 -1.311273e+000 -3.364239e+000 -9.860893e-001  3.266012e+000  2.632854e+000 -1.621573e-001  1.473087e+000  2.556660e+000 -2.010775e+000  4.215492e-002  2.329586e+000 -2.361216e+000  4.565010e-001 -1.488766e+000 -5.547956e-001 -1.142477e+000 -5.171646e-001  5.183913e-001  1.191547e+000  1.909907e-001  1.275442e-001  1.503763e+000 -2.014717e-001 -8.661612e-001  2.954030e+000
-1.572844e+001  3.109400e+000  1.054309e+000 -4.740518e-003  4.945890e+000 -6.480696e+000 -4.109575e+000 -4.399898e-001 -4.992054e+000 -3.941818e+000 -5.620143e+000 -3.357342e+000  3.080907e+001 -2.806746e+000 -6.734591e-001 -3.079232e+000 -8.538743e-001  4.359792e+000  4.643677e+000  3.084564e+000  1.407976e+000  3.762616e+000  1.713066e+000  4.692252e-001  1.332044e+000  8.923664e-002  1.264570e+000 -9.907442e-001 -9.688702e-001 -5.666897e-001 -1.014673e+000 -2.165895e-001  8.682554e-001 -3.942668e-002  1.680915e-001  1.155469e+000  2.728719e-002 -9.498840e-001  2.882350e+000
-1.701215e+001 -1.190811e+000 -2.148986e+000 -1.420442e+000 -3.143723e+000 -1.124190e+000 -2.766237e+000 -6.569886e-001 -8.849573e-001 -1.758018e+000 -2.220806e-001 -1.786162e+000  2.910197e+001 -9.992173e-001 -1.078253e+000 -5.330864e+000 -1.582646e+000  2.601238e+000  3.361902e+000  3.911491e+000  1.868949e+000  4.911981e+000  1.505230e+000  6.892098e-001  1.200702e+000  2.687941e+000  1.322459e+000 -2.963983e-001 -6.091076e-001  2.399574e-001 -1.248324e+000 -1.281016e+000 -3.062018e-001 -3.069699e-001 -6.428551e-001  7.730199e-002 -1.510042e-001 -7.495804e-001  2.566858e+000
-2.473292e+001  4.626301e+000 -7.147794e+000 -1.450357e+000  1.219014e+001  5.037251e+000  4.491505e+000  1.166995e+000  1.037719e+001  8.191339e+000  3.825304e+000 -7.100197e-001  3.304189e+001  1.568437e+000 -2.452810e+000 -6.424148e+000 -1.209726e+000  5.321187e-002  7.960237e-001  1.772397e+000  1.591551e+000  2.489453e+000  5.077081e-001  9.361352e-001  2.703469e-003  5.815669e+000  6.960168e-001 -2.504439e-001  4.659011e-001  8.389962e-001 -2.028548e+000 -1.904607e+000 -1.579230e+000 -5.272348e-001 -1.630171e+000 -9.791396e-001 -4.319746e-001 -4.640966e-001  1.602299e+000
-1.589503e+001 -2.050393e+000 -2.039966e+001 -6.931537e+000  6.108959e+000 -3.555120e+000  2.936967e+000  2.642075e+000  5.437411e+000 -1.794498e+000 -1.653036e+000  1.583311e-001  4.260009e+001  1.435013e+000 -1.903589e+000 -4.737319e+000  3.916233e-001 -8.223191e-001 -1.848400e+000 -1.037083e+000 -1.535502e-001 -2.103435e-002 -1.021587e+000 -9.463210e-001 -7.536462e-001  7.609857e+000 -9.196842e-001  4.367419e-001  2.095425e+000  1.349627e+000 -1.655009e+000 -9.653780e-001 -1.155121e+000 -4.354364e-001 -1.680021e+000 -6.545112e-001 -2.619923e-001 -1.248367e-001 -2.235583e-001
-8.444809e+000 -8.724857e+000 -2.194109e+001 -3.297822e+000  5.856091e-001 -1.285112e+000  1.900809e+000  5.868236e+000  4.294028e+000 -1.385038e+000 -2.239894e-001 -4.316071e+000  5.313836e+001 -5.437767e-001 -1.513010e+000 -1.046499e+000  2.353972e+000 -4.071168e+000 -2.274206e+000 -2.337297e+000 -2.169482e-001 -1.921732e+000 -1.919224e+000 -8.728824e-001 -1.126518e-002  5.639772e+000 -1.993084e+000  9.785758e-001  2.438856e+000  8.817038e-001 -7.759333e-001  2.481291e-001  2.467297e-001 -2.154124e-002 -8.972101e-001 -1.926884e-001  2.628573e-001  4.187890e-001 -1.983885e+000
-1.798114e+001 -4.033177e+000 -1.843893e+001  1.461408e+000 -1.453053e+000 -7.205010e+000 -6.656302e+000 -3.775360e+000  2.051454e+000 -2.077763e+000 -2.929039e+000 -3.751367e+000  5.710302e+001 -4.541532e+000  6.355573e-001  2.457438e+000  3.383641e+000 -3.611618e+000  7.012705e-002  1.907339e-001  5.960169e-001 -1.282530e+000 -5.538598e-001  2.837569e-001  5.835028e-001  1.658098e+000 -1.201071e+000  5.395005e-001  1.339923e+000 -3.173060e-001 -2.160216e-001  1.168673e+000  1.491629e+000  4.978522e-001 -3.807566e-001  2.363520e-001  9.422789e-001  5.703280e-001 -2.466397e+000
-2.640875e+001 -1.947359e+000 -1.336065e+001  6.123030e+000 -4.384694e+000 -4.508834e+000 -2.398343e+000  3.290971e+000  2.461512e+000 -1.263148e+000  9.889369e-002  1.188504e+000  5.398929e+001 -5.408711e+000  1.170496e+000  2.172753e+000  1.702785e+000 -2.431805e+000  1.077405e+000  2.392138e+000  1.109062e+000 -1.365849e+000 -6.895975e-001  1.635383e+000  1.428074e+000 -1.127874e+000  3.823287e-001 -7.064023e-002 -1.584396e-001 -1.214789e+000  4.960122e-001  9.352363e-001  1.174718e+000  3.094557e-002 -2.770231e-001  1.740463e-001  6.004773e-001  2.949385e-001 -1.510090e+000
-2.962072e+001 -2.261356e+000 -1.240269e+001  5.276239e+000 -9.463978e+000 -1.592624e+000  6.040213e+000  6.910792e+000 -5.898349e-002 -4.624742e+000 -3.956928e-001  3.235581e-001  5.046511e+001 -2.137874e+000 -5.478398e-001  3.526717e-001 -8.693128e-001 -2.722108e+000  2.319159e+000  4.056346e+000  1.672706e+000 -2.202759e+000 -4.546399e-001  2.510941e+000  1.378324e+000 -1.338305e+000  1.792158e+000 -3.495581e-001 -6.491406e-001 -1.112315e+000  5.809247e-001 -1.195793e-001 -8.614564e-001 -1.007179e+000 -3.345599e-001 -3.127116e-001 -1.612288e-001  9.153306e-002 -2.675070e-001
-2.966857e+001 -3.758286e+000 -1.409545e+001  3.308685e+000 -7.567955e+000  1.295721e+000  7.513239e+000  6.070468e+000 -1.480000e+000 -3.559536e+000  6.686252e+000  7.868371e-001  5.081794e+001  1.660379e-001 -1.274513e+000 -7.863142e-001 -1.593497e+000 -2.035861e+000  1.277460e+000  1.603487e+000 -6.005650e-001 -2.846734e+000 -1.098602e+000  1.015913e+000  1.066017e+000 -4.124775e-001  1.914200e+000  6.865036e-002  1.972977e-001 -2.074720e-001  5.107272e-001 -8.970690e-001 -2.432213e+000 -1.618664e+000 -6.732516e-002 -3.554325e-001 -1.149788e+000 -3.995482e-001  1.689664e-001
-2.704060e+001 -5.866912e+000 -1.630818e+001 -1.477983e+000 -1.347196e+001  1.488505e+000  8.669637e+000  3.198421e+000 -6.991583e+000 -3.202768e+000  6.331985e+000  3.341087e+000  5.199717e+001  1.631886e+000  1.102715e-001  6.912683e-001 -5.297937e-001 -9.049659e-001 -6.277965e-001 -3.722223e+000 -3.585067e+000 -2.214888e+000 -1.912916e+000 -2.126518e-001  1.222197e+000 -3.713493e-002  1.187082e+000  6.331162e-001  1.178651e+000  6.531595e-001  6.607159e-001 -1.266578e+000 -2.413907e+000 -1.055750e+000  4.797662e-001  3.349867e-002 -9.178494e-001 -4.005135e-001 -3.888059e-001
-2.686862e+001 -6.517146e+000 -1.533948e+001  1.532655e+000 -1.256001e+001  3.378994e-001  4.304381e+000  2.144331e+000 -8.305856e+000 -7.467146e+000  1.814617e+000  5.009822e+000  5.116087e+001  2.277408e+000  1.184693e+000  2.989944e+000  4.956651e-001 -7.867404e-001 -1.934462e+000 -5.879644e+000 -4.355371e+000 -1.696411e+000 -1.737622e+000 -2.751763e+000 -4.916033e-001 -9.336273e-001  6.378790e-001  5.737278e-001  1.381161e+000  6.355265e-001  6.692397e-001 -1.135689e+000 -5.364929e-001  4.043968e-001  9.314543e-001  8.233927e-001  1.770627e-001 -3.694884e-002 -1.215705e+000
-2.286127e+001 -3.305680e-001 -8.324334e+000  3.515285e+000 -1.149278e+001 -4.252695e+000 -1.096647e+001 -9.051475e+000 -7.720495e+000 -1.223551e+001  9.768656e-001  4.323050e+000  5.010797e+001  2.741851e+000  1.388139e+000  4.357798e+000  1.351903e+000 -4.308939e-002 -2.407771e+000 -4.271624e+000 -1.728643e+000 -3.790889e-001  3.236337e-002 -1.944686e-001  1.545667e-001 -3.021760e+000  3.394695e-001 -4.757054e-001  6.274391e-001 -2.936456e-001 -7.438993e-002 -4.161479e-001  1.570735e+000  1.737650e+000  8.515036e-001  1.870099e+000  8.925781e-001 -2.673655e-001 -4.769302e-001
-2.037120e+001 -6.029946e-001 -3.137649e+000  3.290376e+000 -1.249125e+001 -5.505991e+000 -1.206693e+001 -9.581436e+000 -9.597596e+000 -7.731273e+000 -4.395001e+000 -2.162161e+000  4.709440e+001  2.800450e+000  9.551927e-001  4.286226e+000  6.432865e-001  8.793987e-001 -3.510998e+000 -8.042766e-001  4.932072e-001  8.926384e-001  2.045722e+000  1.892134e+000  1.415087e+000 -4.998689e+000  8.229604e-002 -1.243786e+000 -2.835187e-001 -1.258944e+000 -9.727901e-001  1.398111e-001  1.925673e+000  1.735617e+000  5.193397e-001  2.125033e+000  9.460675e-001 -5.722070e-001  1.439152e+000
