40 39
-2.969222e+001 -1.056209e+001 -3.494998e-001 -6.115541e+000 -6.222624e+000 -2.118062e+000  1.275723e+000 -4.305714e-002  1.056632e+000  8.131299e-001  7.478124e+000  7.802018e+000  4.997636e+001 -2.120459e+000 -5.588659e-001 -1.710336e+000  2.725411e-001  2.733922e+000  1.244993e+000  5.436238e-001 -5.451323e-001  1.111631e+000  2.031671e+000 -6.350659e-001  5.018876e-001  5.239021e-001  9.967732e-001  2.981514e-001  5.098421e-001 -1.929433e-002  2.567310e-001 -2.559688e-002 -1.398352e+000  5.813079e-002 -1.668166e-001  3.066157e-001  3.072939e-001 -5.221299e-001  1.785819e-001
-3.055423e+001 -1.021891e+001 -8.900301e-001 -3.661880e+000 -2.384023e-001  2.915244e+000  7.951747e+000  2.782358e+000  2.909547e-002  4.028594e+000  5.827327e+000  4.550824e+000  5.106055e+001 -3.557299e-001  9.248209e-002 -1.048097e+000  1.443403e+000  2.317785e+000  6.579121e-001  2.740560e-002  8.592246e-001 -6.605478e-002  1.544181e+000 -9.041178e-001 -7.382026e-002 -3.701119e-001  1.125758e+000  5.988643e-001  7.037293e-001  1.858024e-001 -5.730385e-001 -6.622342e-001 -9.054275e-001  4.546753e-001 -7.533075e-002 -3.344261e-001  6.917519e-001 -3.059753e-001 -4.743163e-001
-2.975424e+001 -8.761722e+000  1.544069e-002  5.523865e-001  3.537008e+000 -1.024392e-001  7.841771e-001  1.696467e+000  1.536978e+000  2.265208e+000  4.091041e+000  4.205346e+000  4.957777e+001  4.895422e-001  6.324049e-001 -1.256447e+000  2.589689e+000  1.056116e+000 -4.394578e-001 -1.827814e-001  1.266176e+000  5.221905e-001  7.658435e-001 -2.866020e-001 -6.400132e-001 -1.286060e+000  9.343443e-001  2.786339e-001  3.537880e-001  7.033408e-003 -9.228176e-001 -1.847448e-001 -9.429535e-002  7.698459e-003  5.737621e-002 -4.192418e-001  4.181573e-001 -3.463372e-001 -5.346136e-001
-2.854250e+001 -8.150998e+000 -3.081898e+000  6.246653e+000 -8.386648e-001 -2.275908e+000  4.503554e+000  5.198919e+000 -2.830917e+000  8.534731e-001  3.467993e+000  5.168564e+000  4.651720e+001  1.240332e+000  8.898856e-001 -4.980428e-001  1.176421e+000  2.939206e-001 -7.625704e-001 -4.527416e-001  6.591735e-001  1.117990e+000 -2.136805e-001  8.557934e-001 -4.258326e-001 -1.951215e+000  4.277368e-001  3.667710e-002  3.263182e-001 -4.451245e-001 -5.911353e-001  3.654004e-001 -2.002711e-001 -7.760296e-001  1.017557e-001 -3.212183e-001  1.038481e-001 -2.977791e-001  6.323094e-002
-2.825038e+001 -8.434015e+000 -5.535803e+000  1.878634e+000 -6.419115e-001 -1.719775e+000  2.085912e+000  5.079544e+000  5.097591e+000  6.229908e+000  7.224781e+000  4.293082e+000  4.581773e+001  1.753232e+000  4.356019e-001 -2.164233e-001  4.411990e-001 -8.682344e-001  1.031510e+000  3.122206e-001 -4.066145e-001  8.064894e-001  8.143927e-001  5.757651e-001 -1.053792e+000 -1.358614e+000  2.304328e-001 -1.767049e-001  3.036623e-001 -4.921576e-001 -2.622984e-002  5.140035e-001 -4.160079e-002 -8.026165e-001 -5.017834e-001 -5.225539e-001 -7.234204e-001 -1.493033e-001  4.823233e-001
-2.510450e+001 -5.933331e+000 -6.046224e-001  1.557103e+000  3.320660e+000 -8.893961e-002  5.037171e+000  4.386687e+000  3.838740e+000  9.778413e-001  8.539424e+000  2.377793e+000  4.318449e+001  1.151109e+000  3.742691e-001  6.348214e-002  2.920253e-001  3.242840e-001  1.749431e+000 -1.221451e+000 -2.184528e+000  3.005742e-001 -8.618549e-002 -8.160607e-001 -1.355826e+000 -1.767998e-002  9.210675e-001 -3.330834e-001 -4.138909e-001 -6.485452e-001 -2.601269e-001 -5.302721e-002 -3.861226e-001 -1.000513e+000 -7.716249e-001 -6.857091e-001 -1.408332e+000 -5.787682e-001  8.248897e-001
-2.270708e+001 -7.692546e+000 -2.305314e+000  5.103157e+000 -2.883827e+000  3.961625e+000  2.078472e+000  6.951091e-002  2.234597e+000  6.274987e+000  4.434151e+000  3.317710e-001  4.445105e+001  1.686318e+000  6.688833e-003 -1.889834e-002  5.710985e-001  9.097853e-001  8.745593e-001 -6.430698e-003 -1.325056e+000 -1.578019e+000 -1.910673e+000 -3.067777e+000 -9.215330e-001  1.587891e-001  1.847259e+000 -4.952796e-001 -1.105974e+000 -1.019478e+000 -8.613301e-001 -7.820698e-001 -6.248510e-001 -1.183893e+000 -5.819321e-001 -1.074835e+000 -1.484794e+000 -8.372523e-001  1.039498e+000
-2.555860e+001 -6.650387e+000 -4.379732e+000  6.094518e+000  1.903713e+000  3.630545e+000 -1.599980e+000 -3.218705e+000  1.034515e-001  4.000058e-001  7.830045e-001  3.700896e-001  4.711214e+001  5.879127e+000 -5.610749e-001 -2.666260e+000 -2.131254e+000 -1.895724e+000 -9.492313e-001 -2.224029e+000 -3.884169e+000 -1.547880e+000 -2.279693e+000 -4.364095e+000 -3.385803e+000  1.414532e+000  2.167735e+000 -7.513096e-001 -1.631174e+000 -8.403285e-001 -1.663925e+000 -7.917469e-001 -3.025458e-001 -1.190506e+000 -3.246232e-001 -6.148100e-001 -8.437433e-001 -1.182070e+000  1.026034e+000
-1.959174e+001 -8.042043e+000 -3.742740e+000  2.465419e+000  4.615489e+000  7.932790e-001  5.372334e+000  2.256962e+000 -9.248589e-001 -3.034540e+000 -4.235895e+000  6.892689e-001  4.464785e+001  8.625520e+000 -1.573124e+000 -4.381421e+000 -3.444551e+000 -4.064881e+000 -1.529508e+000 -2.310746e+000 -5.476257e+000 -1.178944e+000 -3.463030e+000 -5.074189e+000 -4.225065e+000  3.122772e+000  8.485630e-001 -5.764849e-001 -1.555073e+000  1.351070e-001 -1.270863e+000 -1.726219e-001  5.612680e-002 -1.184267e+000  1.650070e-001  4.910295e-002  3.162648e-001 -9.926927e-001  9.262657e-001
 2.733460e+000 -8.563956e+000 -1.321721e+001 -7.780301e+000 -9.907617e+000 -3.250923e+000 -7.729904e+000 -1.612788e+001 -2.320934e+000 -5.765861e+000 -8.946026e+000 -1.472997e+001  5.015875e+001  8.520184e+000 -2.592372e+000 -5.911127e+000 -1.901793e+000 -5.508010e+000 -1.007270e+000 -1.582023e+000 -6.061460e+000 -1.522079e+000 -2.384057e+000 -4.031571e+000 -5.614408e+000  3.630497e+000 -1.619644e+000 -1.327976e-001 -2.608953e-001  1.565009e+000  7.303470e-001  5.800322e-001  1.376210e+000  4.130147e-001  5.036298e-001  5.033161e-001  1.469189e+000  4.592924e-001  1.909079e-001
 6.274483e+000 -1.460138e+001 -1.979368e+001 -5.182188e+000 -1.730257e+001 -2.451824e-001 -6.410295e+000 -2.085719e+001 -2.447931e+000 -7.957230e+000 -1.607228e+001 -1.324352e+001  5.854161e+001  4.608604e+000 -1.860087e+000 -6.171833e+000  1.131902e+000 -3.638387e+000  4.046921e-002 -4.679978e-002 -6.157745e+000 -7.658845e-001 -1.612976e+000 -1.652715e+000 -4.770694e+000  3.682135e+000 -2.766702e+000  5.102404e-001  9.639709e-001  1.647702e+000  2.398912e+000  5.875598e-001  1.487304e+000  1.626297e+000  7.930588e-001  7.509658e-001  2.203248e+000  1.408856e+000 -6.415510e-001
 4.109207e+000 -1.633258e+001 -2.590989e+001  4.093586e-001 -1.467731e+001 -8.865740e-001 -3.618778e+000 -2.196893e+001 -6.745409e+000 -9.058936e+000 -1.345666e+001 -2.073556e+001  5.831775e+001 -2.106347e-001 -1.081581e+000 -3.075531e+000  3.405566e+000  1.542764e+000  1.165941e+000  3.525046e+000 -1.478352e+000  7.637390e-001 -6.881394e-001  1.271115e+000 -8.165270e-001  2.089390e+000 -2.367094e+000  7.530365e-001  1.744769e+000  5.309097e-001  2.785521e+000  1.600602e-001  6.602375e-001  2.101065e+000  9.161565e-001  4.421052e-001  1.719503e+000  2.186674e+000 -8.623400e-001
 2.763412e+000 -1.345816e+001 -2.825556e+001  4.030102e+000 -1.119160e+001 -1.865494e-001  3.082773e+000 -2.561124e+001 -2.542044e+000 -9.452884e+000 -1.024415e+001 -2.016141e+001  5.897902e+001 -8.425791e-001  2.226823e-001 -9.793646e-001  2.140277e+000  4.404292e+000  3.216853e-001  2.572240e+000  3.636747e-001  1.643441e+000 -5.561600e-001  3.290705e+000  4.202755e-001  6.855709e-001 -1.060957e+000  3.766988e-001  1.613176e+000 -6.517417e-001  1.651176e+000 -2.605710e-001 -7.040914e-001  1.806824e+000  4.638167e-001  9.488279e-002  5.260335e-001  1.910782e+000 -7.268086e-001
 3.435822e+000 -1.454347e+001 -2.436392e+001  4.641386e+000 -5.249279e+000  2.549465e+000  5.148792e+000 -2.114261e+001  1.544818e+000 -8.458731e+000 -5.504512e+000 -1.535366e+001  6.038699e+001 -5.896926e-001  1.314255e-001  2.164831e-001  2.485681e-001  4.398253e+000 -3.475767e-001  4.096451e-001  1.183154e+000  1.854041e+000 -7.019394e-001  2.094233e+000  2.723475e+000  8.170792e-001 -9.285817e-003  3.286218e-002  6.970075e-001 -1.057712e+000 -8.146171e-002 -4.110149e-001 -1.615217e+000  5.238975e-001 -1.362081e-001 -9.020184e-002 -7.551755e-001  9.691530e-001 -3.383385e-001
 2.398280e+000 -1.438252e+001 -2.546349e+001  3.403185e+000  4.879652e-003 -3.547754e-001  2.067119e+000 -1.945197e+001  1.624159e+000 -1.103813e+001 -3.594829e+000 -1.383309e+001  6.093484e+001 -5.066521e-001 -5.830961e-001  2.480385e-001 -5.483069e-001  3.189751e+000 -5.056270e-001 -2.009556e+000  1.545621e+000  1.008048e+000 -1.131662e+000  5.658938e-001  3.013215e+000  6.842468e-001  1.284966e-001 -3.378090e-001  2.712337e-001 -7.582319e-001 -1.100012e+000 -3.816056e-002 -1.202355e+000 -2.345297e-001 -5.049062e-001 -2.946375e-002 -1.412207e+000  2.244678e-001 -1.239594e-001
 1.343310e+000 -1.521327e+001 -2.622351e+001  1.965658e+000  1.715718e+000 -2.540345e+000 -1.062726e+000 -1.913280e+001  4.416927e-001 -1.177601e+001 -6.310156e+000 -1.028234e+001  6.142524e+001 -4.250273e-001 -5.143812e-001 -2.041950e-001 -5.387026e-001  1.742726e+000 -4.754773e-001 -2.260141e+000  5.501629e-001  4.003948e-001 -8.513974e-001 -1.142357e+000  2.732769e+000  3.983593e-001  7.043600e-002 -3.238712e-001  2.320461e-001 -4.193638e-001 -1.186820e+000  2.659002e-001 -4.345694e-001 -5.064259e-001 -5.914046e-001  1.238937e-001 -1.076370e+000 -6.059036e-001 -1.352229e-001
 1.276407e+000 -1.603874e+001 -2.608557e+001  2.626431e+000  1.274654e+000 -1.697791e-001 -3.859249e+000 -1.888805e+001  3.049760e+000 -1.345256e+001 -7.011863e+000 -7.630996e+000  6.188113e+001 -2.824289e-001 -1.143459e+000  5.871429e-001 -1.257247e+000  2.319941e-001  1.948328e-001 -2.104640e+000 -4.924784e-001 -1.542678e-001 -6.287497e-001 -2.152036e+000  1.537968e+000  2.751339e-001 -2.275993e-002 -1.349059e-001  3.488902e-001 -2.603003e-001 -7.926811e-001  2.441913e-001  2.261544e-001 -3.683666e-001 -5.500677e-001  3.513387e-001 -5.642489e-001 -8.381479e-001 -4.474785e-002
 1.871622e+000 -1.628727e+001 -2.507386e+001  2.336250e+000  2.829466e+000  7.958066e-002 -3.188729e+000 -1.867376e+001  2.833992e+000 -1.150851e+001 -9.507779e+000 -4.790868e+000  6.190564e+001 -3.496242e-001 -1.207749e+000  1.207161e+000 -1.493781e+000 -5.696776e-002  6.316943e-001 -1.715660e+000 -3.299267e-001 -5.218244e-001 -3.339271e-001 -1.928650e+000  4.315806e-001  3.455212e-001 -1.062475e-001 -2.128520e-002  3.545306e-001 -5.539293e-002 -3.068889e-001  5.515408e-002  4.471575e-001  7.400932e-002 -4.394565e-001  3.634912e-001  9.052670e-003 -6.531470e-001  7.106292e-002
 7.219790e-001 -1.956282e+001 -2.310260e+001 -3.068344e+000  6.079758e-001 -6.905739e-001 -7.393080e+000 -2.214388e+001 -3.433297e-001 -1.431563e+001 -1.275620e+001 -8.888988e+000  6.207031e+001 -6.581533e-001 -9.109417e-001  1.286811e+000 -1.372269e+000  1.261923e-001  1.617437e-001 -1.151025e+000  1.438322e-001 -1.281181e+000  3.662958e-001 -1.862204e+000 -2.693095e-002  4.869266e-001 -9.194697e-002  2.497818e-001  2.617593e-002  4.850815e-001  3.079020e-002 -2.147148e-001  7.417492e-001  3.960851e-001 -1.848081e-001  3.131997e-001  4.486434e-001 -1.069543e-001  9.856731e-002
-1.275970e-001 -1.948998e+001 -2.167919e+001 -2.655860e+000  1.764218e+000  8.785238e-001 -7.874110e+000 -1.915451e+001 -4.708849e-001 -1.301411e+001 -1.308124e+001 -7.495441e+000  6.305825e+001 -7.684026e-001 -7.370661e-001  1.218624e+000 -7.581560e-001  2.611825e-001 -1.831623e-001 -5.011613e-001  6.020542e-001 -1.233431e+000  4.685360e-001 -1.242010e+000  2.494829e-001  6.477776e-001 -9.797693e-004  2.275360e-001 -2.105645e-001  7.309616e-001 -1.454632e-001 -4.323834e-001  8.628138e-001  2.494830e-001 -9.483023e-002  1.990290e-002  5.885899e-001  3.898362e-002  3.626625e-002
-1.014750e+000 -1.899210e+001 -2.134885e+001 -1.738860e+000  2.438240e+000  2.394676e-001 -7.271682e+000 -1.792851e+001 -1.703705e+000 -1.086828e+001 -1.453615e+001 -6.413364e+000  6.373946e+001 -5.327746e-001 -1.298918e-001  7.122914e-001  8.003484e-001  2.268699e-001 -4.713129e-001  9.968568e-001  1.021957e+000 -7.225050e-001  5.360173e-001 -2.521394e-001  1.094245e+000  6.168423e-001  7.479752e-002  5.349192e-002 -2.363784e-001  6.995144e-001 -5.289981e-001 -4.731845e-001  8.486374e-001  2.793103e-004 -9.116725e-002 -3.372886e-001  6.146449e-001 -2.118264e-001 -3.178906e-002
-1.102026e+000 -2.025796e+001 -1.985762e+001 -2.119272e+000  3.220247e+000 -1.301252e+000 -5.755235e+000 -1.777118e+001 -2.652977e+000 -1.088950e+001 -1.482785e+001 -4.781265e+000  6.430995e+001 -4.172124e-001 -4.605938e-001  4.415989e-001  1.074718e+000 -8.346228e-001 -1.213694e+000  1.524469e+000  4.784260e-001 -1.275313e+000 -3.192733e-001  2.092667e-001  6.591062e-002  4.618946e-001  6.571957e-003 -1.112031e-001 -1.942068e-001  3.859105e-001 -9.731685e-001 -5.036423e-001  5.585948e-001 -2.120528e-001 -2.956316e-001 -5.597833e-001  2.842463e-001 -6.381067e-001 -7.443722e-002
-1.454679e+000 -1.982829e+001 -2.045193e+001  6.651043e-001  1.014311e+000 -1.957251e+000 -3.468234e+000 -1.772577e+001 -2.864809e+000 -1.269785e+001 -1.314359e+001 -4.774850e+000  6.452867e+001 -4.597608e-001 -7.817183e-001  4.934317e-001  1.208866e+000 -1.970895e+000 -1.688913e+000  2.079347e+000  2.070429e-001 -1.716076e+000 -9.262424e-001  4.853826e-001 -9.942766e-001  4.209228e-001 -9.885156e-002 -1.984959e-001  1.416862e-001 -1.108277e-001 -1.131148e+000 -1.949497e-001  8.480103e-002 -3.493681e-002 -1.997727e-001 -6.357641e-001  7.766640e-002 -7.492467e-001 -4.239322e-002
-1.993694e+000 -2.137485e+001 -1.991965e+001  1.515749e+000 -1.696932e+000 -4.091588e+000 -2.153491e+000 -1.686376e+001 -6.266900e+000 -1.369569e+001 -1.273119e+001 -7.985146e+000  6.497312e+001 -7.720497e-001 -9.671685e-001  3.570194e-001  9.671375e-001 -3.505777e+000 -2.092574e+000  1.750567e+000 -5.075264e-002 -2.214804e+000 -1.599251e+000 -1.895391e-001 -1.896790e+000  3.735512e-001 -6.452093e-002 -3.682595e-003  5.905745e-001 -4.591017e-001 -9.398629e-001  3.980104e-001 -2.745716e-001  5.561278e-001  3.313770e-001 -5.745415e-001  2.624937e-001 -3.634119e-001 -4.061485e-002
-2.867720e+000 -2.234225e+001 -1.885067e+001  2.487960e+000 -4.957647e+000 -6.809927e+000  1.324183e+000 -1.734701e+001 -8.477122e+000 -1.409640e+001 -1.315757e+001 -9.782807e+000  6.551249e+001 -8.496137e-001 -8.690840e-001  1.463012e+000  3.000001e-001 -4.093294e+000 -1.006621e+000  1.307813e+000  1.111862e+000 -1.251623e+000 -2.002815e+000  3.355955e-001 -1.670638e+000  4.490479e-001  1.115801e-001  3.302807e-001  1.105186e+000 -8.172264e-001 -4.655443e-001  9.831398e-001 -5.988784e-001  1.255649e+000  8.040397e-001 -1.396728e-001  7.808638e-001 -9.740607e-002 -1.032100e-001
-4.255754e+000 -2.383683e+001 -1.887315e+001  1.804987e+000 -1.132266e+001 -9.337784e+000  6.013930e-001 -1.821432e+001 -1.092084e+001 -1.818648e+001 -1.576856e+001 -1.176124e+001  6.568580e+001 -5.448906e-001 -4.353239e-001  2.909681e+000 -7.663575e-001 -4.472738e+000  4.352122e-001  5.373778e-001  2.806655e+000  1.493452e-001 -2.653695e+000  1.596629e+000 -1.412968e+000  2.447578e-001  2.891947e-001  6.162125e-001  1.366720e+000 -1.096339e+000  1.556644e-001  1.006071e+000 -6.996415e-001  1.465270e+000  7.803739e-001  8.791192e-001  1.002232e+000 -2.694426e-002 -1.890282e-001
-4.571718e+000 -2.294272e+001 -1.366012e+001  2.020486e+000 -1.463930e+001 -4.367260e+000  1.693388e+000 -1.149118e+001 -6.795954e+000 -2.046652e+001 -9.946929e+000 -1.124000e+001  6.641757e+001 -1.544006e-002  6.037630e-001  4.743028e+000 -2.010518e+000 -3.815136e+000  1.962893e+000 -3.084503e-001  5.056582e+000  1.122048e+000 -1.097384e+000  3.496618e+000 -1.723218e+000 -3.073044e-002  2.788173e-001  7.325017e-001  9.250742e-001 -1.003358e+000  4.932442e-001  2.098147e-001 -8.164241e-001  6.774120e-001  6.285256e-002  1.926811e+000  3.096414e-001 -9.766744e-002 -2.872798e-001
-3.866148e+000 -2.325123e+001 -7.966519e+000 -2.082302e+000 -1.921980e+001 -3.136861e+000  3.487963e-001 -5.758394e+000 -6.360757e+000 -2.377910e+001 -6.353364e+000 -1.432139e+001  6.574437e+001  2.568370e-001  1.377471e+000  5.550614e+000 -3.359296e+000 -2.866534e+000  1.453025e+000 -9.395086e-001  5.303235e+000  5.002298e-001  2.343630e+000  3.241110e+000 -2.005221e+000 -3.317009e-001  1.342494e-001  5.822604e-001  1.366085e-001 -3.376311e-001  8.321651e-001 -7.939904e-001 -8.232450e-001 -6.952845e-001 -7.171475e-001  2.114327e+000 -5.519782e-001  2.467117e-001 -3.210133e-001
-3.139723e+000 -1.961623e+001 -5.888466e-001 -5.620987e+000 -2.008476e+001 -9.592286e-002 -9.177003e-002  1.707940e+000 -5.146924e+000 -1.678701e+001 -3.820779e-001 -1.711882e+001  6.532955e+001  1.436090e-001  1.887028e+000  4.767917e+000 -3.420320e+000 -2.430175e+000 -4.664545e-001 -2.035864e+000  3.250632e+000 -1.112803e+000  5.132577e+000  1.061562e+000 -1.862849e+000 -6.991218e-001  8.317646e-002  2.327669e-001 -6.665342e-001  6.765907e-001  1.152347e+000 -1.515178e+000 -6.969119e-001 -1.834563e+000 -1.024173e+000  1.097197e+000 -1.034482e+000  9.537455e-001 -4.670353e-001
-3.687567e+000 -1.861272e+001  2.344279e+000 -1.117076e+001 -2.293260e+001 -4.208327e+000 -3.203571e+000  1.702299e+000 -9.244205e+000 -8.308089e+000 -4.345433e+000 -1.884793e+001  6.457130e+001  4.683211e-002  1.834346e+000  3.580279e+000 -1.749612e+000 -1.004393e+000 -2.320066e+000 -2.715140e+000  2.332079e-001 -2.318967e+000  4.802959e+000  5.426548e-002 -1.095940e-001 -1.026113e+000  8.880252e-002  5.024554e-001 -1.191628e+000  1.808961e+000  1.752884e+000 -1.059815e+000 -1.126284e-001 -2.026756e+000 -3.784787e-001 -6.035192e-001 -8.300536e-001  1.284471e+000 -9.687186e-001
-3.942963e+000 -1.582684e+001  5.024061e+000 -1.053689e+001 -2.493377e+001 -6.163800e+000 -6.709750e+000  1.031639e+000 -1.091824e+001 -2.539142e+000 -5.643085e+000 -1.829097e+001  6.350850e+001  5.054447e-001  1.539160e+000  2.395525e+000  5.675932e-001  1.015528e+000 -3.726449e+000 -2.905194e+000 -1.581220e+000 -2.589219e+000  3.158937e+000 -8.237131e-002  2.097696e+000 -2.018701e+000 -3.157360e-001  1.017426e+000 -9.874217e-001  2.305448e+000  2.041185e+000 -1.470789e-001  5.872009e-001 -1.363495e+000  4.738156e-001 -1.774941e+000 -4.334195e-001  1.318173e+000 -1.461886e+000
-3.230368e+000 -1.597420e+001  7.128424e+000 -8.372415e+000 -2.181726e+001 -1.170325e+001 -9.917914e+000 -4.254203e+000 -1.506993e+001 -6.888237e+000 -3.451533e+000 -1.428329e+001  6.152433e+001  5.199318e-001  4.063682e+000  7.786716e-001  3.691550e+000  4.175036e+000 -2.216053e+000 -1.067986e+000 -2.414618e+000 -6.539555e-001  3.128539e-001 -3.371916e-001  2.436860e+000 -4.515504e+000 -1.200827e+000  9.521545e-001 -1.049987e+000  1.340342e+000  1.284362e+000  8.964581e-001  1.250405e+000 -1.889847e-001  1.192434e+000 -1.577567e+000 -1.425378e-001  6.180017e-001 -1.222502e+000
-8.410993e-001 -1.323969e+001  8.996703e+000 -4.182193e+000 -1.556479e+001 -1.498071e+001 -1.126057e+001 -3.219910e+000 -1.518016e+001 -1.702251e+000 -1.240884e+000 -8.912659e+000  5.675953e+001 -1.671621e+000  5.859488e+000  1.231612e+000  5.386338e+000  5.186036e+000 -1.253856e+000  7.656322e-002 -2.242932e+000  4.237695e-001 -1.497077e+000 -9.098071e-001  3.454791e+000 -6.263857e+000 -1.804164e+000 -3.693640e-002 -1.280389e+000 -4.805705e-001 -1.912401e-001  1.345217e+000  1.427408e+000  7.252334e-001  1.245716e+000 -8.651118e-001  1.145762e-001  4.348462e-002  8.248329e-002
-2.638839e+000  4.121127e-001  4.251316e+000  4.109647e+000 -6.741908e+000 -1.088014e+001 -6.268093e+000 -8.245020e+000 -1.038303e+001 -7.162265e+000 -8.232491e+000 -1.135278e+001  4.536826e+001 -4.868770e+000  4.434954e+000 -1.087699e+000  2.542725e+000  3.332163e+000  9.259278e-001  2.046007e+000 -3.808597e-001  2.136709e+000 -7.568675e-001 -2.447054e-001  2.301867e+000 -5.016045e+000 -1.583594e+000 -1.806762e+000 -8.844932e-001 -1.708656e+000 -1.443776e+000  8.923945e-001  1.164165e+000  1.682816e+000  7.417849e-001  4.128596e-001  8.727282e-001  1.548681e-002  1.665911e+000
-1.259683e+001  5.277450e+000  1.262068e+001  1.015377e+001 -6.541264e+000 -1.284464e+001 -8.151845e+000 -8.187614e+000 -1.114285e+001 -9.887512e+000 -7.801642e+000 -2.482266e+000  4.026725e+001 -5.821026e+000  1.168841e+000 -3.073235e+000 -1.260847e+000  4.807639e-001  1.428643e+000  2.674852e+000  1.028067e+000  2.244029e+000 -6.317613e-001  4.442667e-001  2.382616e+000 -1.356014e+000 -2.681120e-001 -2.375569e+000 -1.707227e-001 -1.390905e+000 -1.313951e+000  6.664872e-001  8.923857e-001  1.865851e+000  1.791334e-001  1.008058e+000  1.496219e+000 -4.137771e-001  2.235121e+000
-2.169635e+001 -3.057997e+000 -1.220589e-001 -2.826774e+000 -9.668203e+000 -8.141648e+000 -1.242242e+000 -3.674649e+000 -6.405044e+000 -6.579944e+000 -1.394681e+000 -5.989147e+000  4.469025e+001 -5.323336e+000 -2.624804e+000 -1.491371e+000 -1.528136e+000 -6.912085e-001  9.046701e-001  3.453692e+000  4.363961e+000  2.144839e+000  1.944494e+000  3.349412e+000  3.050382e+000  1.360131e+000  1.245183e+000 -1.397765e+000  1.331936e+000  3.519829e-001 -4.940062e-001  3.664373e-001  6.443536e-002  6.313118e-001 -7.273398e-001  8.076497e-001  1.161342e+000 -4.391924e-001  9.088458e-001
-2.041747e+001 -5.660429e+000 -4.182782e+000 -7.018216e+000 -1.169782e+001 -9.206735e+000 -3.992315e-001 -3.647586e-001 -5.949003e+000 -5.152218e+000 -2.438456e+000  3.186034e-001  5.031847e+001 -2.784898e+000 -2.488476e+000  5.798344e-001  4.672435e-001  6.279652e-001  2.089209e+000  3.834649e+000  4.713910e+000  1.315371e+000  2.192532e+000  4.774230e+000  1.011648e+000  1.723659e+000  1.881549e+000  1.105027e-001  1.561949e+000  1.116049e+000  4.194962e-001  7.790050e-001 -5.202811e-001 -8.247556e-001 -5.975438e-001  5.959046e-001  1.331273e-002 -8.169630e-001 -1.067189e+000
-2.534520e+001 -7.242968e+000  5.196190e+000  5.054962e+000 -7.619670e+000 -8.175739e+000  7.124061e+000  9.663359e+000 -2.255753e+000  1.925581e-001  5.832978e+000  2.498692e+000  4.714331e+001 -1.609194e-001 -7.252120e-001  3.745447e+000  3.438594e+000  7.885317e-001  2.427831e+000  1.788285e+000  9.327782e-001 -1.035662e+000  1.869234e+000  3.397022e+000  7.913890e-001 -2.011652e+000  1.954390e+000  1.195127e+000  8.207320e-002  1.591015e-001  8.745102e-001  8.458328e-001 -1.170000e+000 -1.862985e+000 -8.284304e-002  2.749667e-002 -1.514658e+000 -7.403805e-001 -1.957546e+000
-2.469690e+001 -5.072443e+000  1.286072e+001  8.549124e+000 -4.425704e+000 -2.381549e+000  6.838250e+000  8.712933e+000 -6.640638e+000 -2.311105e+000  1.245568e+001 -1.667946e+000  4.765902e+001  1.005509e+000  7.715588e-001  2.118103e+000  1.836035e+000  1.838375e+000  4.562088e+000  9.061500e-001 -1.380119e+000  8.465604e-001  2.385391e+000  4.870255e-001 -5.727023e-001 -5.006066e+000  1.289734e+000  9.897480e-001 -1.412712e+000 -6.651006e-001  1.002232e+000  1.049695e-001 -1.484658e+000 -1.421048e+000  6.860982e-001  1.362223e-001 -1.897675e+000 -1.132242e-001 -1.442761e+000
-2.036124e+001 -6.978049e+000  1.008342e+001  6.582526e+000 -9.361605e+000  5.849167e-001  4.080443e+000 -3.549604e+000 -1.123753e+001  1.345672e+000  8.143364e+000 -1.038927e+000  3.596172e+001  2.553412e+000  1.720816e+000 -1.850139e+000 -1.417024e+000  3.076138e+000  3.897395e+000 -9.320577e-001 -1.903952e+000  1.965030e+000  1.985548e+000 -2.080276e+000  1.406546e-001 -5.062738e+000  3.386243e-001  3.619760e-001 -1.841664e+000 -7.125164e-001  9.807405e-001 -7.243731e-001 -1.023650e+000  8.714914e-002  1.116964e+000  3.379135e-002 -8.307998e-001  6.522954e-002  2.625599e-001
