26 39
 3.714224e+000 -4.019723e+000  8.354275e+000  2.814013e-001 -1.283750e+001 -1.918225e+001  1.330898e-001 -2.104084e+001 -1.777273e+001 -1.202812e+000 -2.009492e+001 -6.292048e+000  5.342430e+001 -2.867516e-001  7.768693e-002  7.677642e-001 -1.068120e+000  4.871132e-001  7.148476e-002 -1.493218e+000  2.266927e+000  3.774571e-001 -2.255749e+000  3.318148e-001  7.484773e-001  7.800255e-002 -5.523385e-001 -1.670741e+000  1.752947e-001 -2.105175e+000  5.995175e-001  1.354400e+000 -1.290372e+000  2.554737e+000 -3.560333e-001 -1.742543e+000  1.038273e+000 -3.508042e-001  1.180904e+000
 3.454491e+000 -4.525489e+000  8.298115e+000 -6.341077e-001 -1.335542e+001 -2.061963e+001  1.139759e+000 -2.251946e+001 -1.770406e+001 -3.058716e+000 -2.213932e+001 -4.189858e+000  5.334876e+001 -4.870101e-001 -2.158849e+000  5.207950e-001 -2.872422e+000  1.471057e+000  2.235399e+000 -3.765830e+000  5.942640e+000  8.233258e-001 -3.637078e+000  2.216790e+000  4.296403e-001  1.908077e+000 -4.202548e-001 -1.597745e+000 -4.673703e-001 -1.311775e+000  6.363581e-001  1.209190e+000 -5.530849e-001  1.219955e+000 -2.240126e-001 -1.065579e+000  5.760918e-001 -6.411749e-002  1.032720e+000
 2.269404e+000 -6.016728e+000  1.048903e+001 -4.427952e+000 -1.324042e+001 -1.823969e+001 -6.229132e+000 -1.650879e+001 -1.802586e+001 -9.248672e+000 -1.952729e+001 -8.048079e+000  5.408885e+001 -1.223164e+000 -4.894461e+000 -9.664202e-001 -4.986940e+000  1.428165e+000  3.142316e+000 -3.743513e+000  5.459643e+000 -1.009684e+000 -5.054006e+000  1.038560e+000 -9.971385e-002  3.062897e+000 -2.601747e-001 -1.098289e+000 -9.086596e-001 -4.296011e-001  7.207756e-001  6.133546e-001  8.538215e-001 -4.710311e-001 -4.609095e-002 -1.993432e-001 -1.323625e-001  4.064010e-001  5.842763e-001
 1.409461e+000 -1.616730e+001  7.471416e+000 -1.297398e+001 -8.862596e+000 -1.051727e+001 -1.603793e+001 -7.075309e-001 -1.611474e+001 -1.703909e+001 -1.261399e+001 -7.867502e+000  6.251847e+001 -1.418407e+000 -4.951062e+000 -1.716033e+000 -4.277060e+000  3.215497e+000  3.826872e+000 -1.139907e+000  4.619470e+000 -6.145668e-002 -4.033052e+000  1.539067e+000  1.458409e+000  3.327869e+000  5.070466e-002  2.272192e-001 -6.613956e-001  9.240286e-001  4.500902e-001 -3.049545e-001  1.811345e+000 -1.980695e+000  2.567958e-001  7.253996e-001 -6.636727e-001  6.360625e-001 -3.909741e-001
-1.379083e+000 -2.267112e+001  3.935523e+000 -1.848336e+001 -7.943086e+000 -8.521846e+000 -9.995628e+000 -4.648592e+000 -2.361581e+001 -1.948265e+001 -1.966479e+001 -4.951796e+000  6.415393e+001 -1.121927e+000 -4.017650e+000 -2.657120e+000 -2.513807e+000  3.218771e+000  2.342521e+000  1.462928e+000  5.733562e-001  5.893935e-001 -3.054477e+000  8.863735e-003  2.266098e+000  2.289488e+000  4.494617e-001  1.265016e+000 -1.052263e-001  1.796377e+000  4.502203e-002 -7.445331e-001  1.261082e+000 -1.767657e+000  7.611818e-001  1.140441e+000 -3.792058e-001  3.760575e-001 -9.401423e-001
-1.813302e+000 -2.095360e+001  2.994703e+000 -1.499170e+001  7.340167e-002 -6.344198e+000 -2.676530e+000 -5.352216e+000 -1.521637e+001 -1.810699e+001 -1.437524e+001  1.554046e+000  6.495557e+001 -2.841056e-001 -1.461159e+000 -1.940833e+000  5.111543e-001  2.826205e+000  1.110524e+000  2.687674e+000 -1.517689e+000  1.307766e+000 -1.009844e+000 -5.867260e-001  2.427047e+000  3.399109e-001  5.456550e-001  1.311283e+000  2.302478e-001  1.442897e+000 -8.068399e-001 -8.260311e-001 -1.632741e-002 -1.024524e+000  1.925465e-001  8.473786e-001 -4.765519e-001 -3.716809e-001 -9.846537e-001
-1.728848e+000 -2.371183e+001 -5.582114e-001 -1.598813e+001 -1.614565e+000 -8.613620e+000 -5.595191e+000 -1.131967e+001 -1.552808e+001 -2.398711e+001 -1.860234e+001 -1.428364e+000  6.431774e+001  4.569935e-001 -3.143330e-001 -1.380152e+000  1.600835e+000  1.847921e+000  7.778250e-001  6.481058e-001 -3.100626e-001  2.111614e+000 -8.634041e-001  2.054273e-001  1.296255e+000 -1.438355e-001  3.411343e-001  9.854349e-001  5.031558e-001  6.447500e-001 -1.078685e+000 -4.098589e-001 -7.129016e-001  1.133378e-001 -3.876866e-001  6.092867e-001 -9.085262e-002 -7.003009e-001 -5.757393e-001
 1.638150e-001 -2.295275e+001  1.411738e-002 -1.166583e+001  2.104168e+000 -4.918768e+000 -4.799781e+000 -4.960437e+000 -1.361978e+001 -1.983609e+001 -1.607884e+001  2.506016e+000  6.413612e+001  5.204075e-001 -2.463068e-001 -1.203278e+000  8.801018e-001 -1.332771e-001  4.790646e-001 -8.141330e-001 -6.144052e-002  1.401657e-001 -8.916962e-001 -9.419745e-001  8.492631e-002 -3.787380e-001 -4.453010e-002  3.769968e-001  4.125316e-001 -3.385999e-001 -1.102150e+000 -3.525609e-001 -5.948594e-001  1.104159e-001 -8.453192e-001  1.122750e-001  1.020879e-002 -8.940789e-001 -1.131290e-001
-8.267418e-002 -2.324321e+001 -1.474944e+000 -1.214212e+001  2.811362e-001 -5.345436e+000 -5.693474e+000 -6.394795e+000 -1.385604e+001 -2.293512e+001 -1.778585e+001  1.053494e+000  6.384448e+001  1.814885e-001  3.020987e-001 -5.101186e-001  5.254698e-001 -6.949127e-001  6.089566e-001 -3.506763e-001  4.119208e-001 -7.652394e-001 -6.711769e-002 -2.677751e-001 -6.434627e-002 -2.298843e-001 -1.934415e-001  2.128351e-001  5.018914e-001 -3.558849e-001 -5.545523e-001 -2.959523e-001  4.514280e-001 -7.613299e-002 -7.498326e-001  4.369691e-001  2.607087e-001 -4.219319e-001  4.296703e-002
-3.435142e-002 -2.241944e+001 -2.563323e+000 -1.251419e+001 -1.540834e+000 -5.582967e+000 -6.698054e+000 -8.121856e+000 -1.535156e+001 -2.309146e+001 -1.949335e+001  7.377491e-001  6.329851e+001 -3.690036e-001  1.156094e-001 -3.131919e-001 -6.441625e-001 -1.413129e+000 -5.678466e-001  2.127678e-001 -1.326601e+000 -1.480403e+000 -8.466126e-001 -2.990808e-001 -1.363047e+000 -1.827095e-001 -2.212381e-001  2.074619e-001  5.473591e-001 -6.036331e-002 -2.036308e-002 -2.401223e-001  9.204972e-001 -4.184857e-002 -1.842122e-001  6.039959e-001  5.673702e-001 -7.539906e-002  1.118460e-001
-7.223220e-001 -2.246799e+001 -1.820084e+000 -1.293659e+001 -3.266628e+000 -5.236737e+000 -6.399436e+000 -7.679357e+000 -1.848838e+001 -2.269501e+001 -1.823396e+001 -8.659617e-001  6.358712e+001 -6.550822e-002  5.688845e-001  6.842618e-001  5.835431e-001 -2.849145e-001 -1.784807e-001  2.391795e+000 -5.814733e-002 -8.272644e-001  1.298900e+000  1.187524e+000 -8.941817e-002 -2.701454e-002 -1.754348e-001  1.571579e-001  4.089328e-001  6.663771e-002  3.345579e-003 -1.193733e-001  6.188217e-001 -9.750669e-002  1.737135e-001  5.207156e-001  2.735371e-001  4.155669e-002  7.421276e-002
-1.361379e+000 -2.276231e+001 -1.379272e+000 -1.448941e+001 -3.187594e+000 -7.812350e+000 -3.382961e+000 -1.095116e+001 -1.870563e+001 -2.418921e+001 -1.735019e+001 -3.349490e+000  6.335125e+001 -4.622845e-001  6.576099e-001  9.363269e-001  5.492486e-001 -4.400916e-001 -3.278282e-001  2.417117e+000 -3.564930e-002 -7.498829e-001  1.445274e+000  1.167227e+000 -2.795331e-001  7.905693e-002 -1.127582e-001  2.563487e-001  3.399759e-001  1.598129e-001 -1.574771e-001  3.406049e-001  5.775083e-002  1.506345e-001  3.257429e-001  6.478586e-001  9.281097e-002  5.646951e-002  3.706757e-002
 2.532987e-001 -2.022736e+001  1.354340e+000 -8.236801e+000 -3.200564e-001 -5.123148e+000  4.607957e+000 -5.270879e+000 -1.631533e+001 -1.589175e+001 -1.291981e+001  2.650023e+000  6.368304e+001 -6.490449e-001  8.168880e-001  9.097859e-001  2.619528e-001 -1.164703e+000 -1.079192e-001  1.641258e+000 -7.210885e-001 -2.619324e-001  1.390517e+000  3.667564e-001 -3.983197e-001  1.029625e-002 -1.785908e-001  1.833658e-001  2.939666e-002 -3.064187e-001 -5.650519e-001  2.381933e-001 -6.734828e-001 -3.472829e-001  1.204762e-001  4.968225e-002 -2.336840e-001 -7.080990e-001 -5.868847e-002
-2.833584e+000 -2.025171e+001  5.310990e-001 -1.211785e+001 -5.214578e+000 -7.278903e+000 -1.161638e-001 -9.504341e+000 -2.018751e+001 -1.926672e+001 -1.631429e+001 -2.417908e+000  6.364584e+001 -6.410266e-001  1.273351e+000  1.273926e+000  3.156969e-001 -1.760620e+000  1.099897e+000  8.767909e-001 -2.419578e-001 -1.343548e-001  2.346872e+000  5.753578e-001 -9.262484e-001 -1.602707e-002  1.248015e-002  2.235080e-001 -7.438647e-002 -2.726989e-001 -3.156624e-001  1.444157e-001 -4.799342e-001 -3.364722e-001  2.436797e-001 -3.070514e-002  6.074736e-002 -9.373025e-001 -1.272708e-001
-3.231444e+000 -1.963885e+001  1.773660e+000 -1.281261e+001 -8.076653e+000 -6.043057e+000  1.734529e-001 -1.200821e+001 -1.905711e+001 -1.820367e+001 -1.691812e+001 -3.323351e+000  6.349131e+001 -8.690911e-001  1.177843e+000  6.624458e-001 -8.317748e-001 -2.449910e+000  2.986232e-001 -2.054556e-001 -1.691407e+000 -5.326473e-001  1.096512e+000  3.150389e-001 -3.306556e+000 -2.729149e-001  1.772173e-001  2.336666e-001 -1.931736e-001 -1.419382e-001  9.962921e-002 -2.075926e-001 -1.293431e-001 -2.085053e-001  3.213245e-001 -1.729458e-001  3.188868e-001 -8.974509e-001 -1.724800e-001
-2.824141e+000 -1.668981e+001  4.780695e+000 -1.062302e+001 -8.112394e+000 -1.852909e+000  3.218246e+000 -8.792285e+000 -1.800651e+001 -1.129889e+001 -1.247424e+001 -4.994046e+000  6.336697e+001 -2.898606e-001  1.594673e+000  6.880646e-001 -2.673821e-001 -1.375800e+000  1.909789e-001  9.408027e-001 -1.232851e+000  6.038731e-001  1.438751e+000  1.496823e+000 -3.511927e+000 -4.156914e-001  4.019598e-001  1.731758e-001 -4.023476e-001  1.402555e-001  2.822778e-001 -5.708513e-001  2.772717e-002 -7.878925e-002  3.592266e-001 -4.124812e-001  2.011353e-001 -4.186922e-001 -2.771778e-001
-4.096879e+000 -1.611909e+001  2.541770e+000 -1.314309e+001 -1.112070e+001 -6.343029e+000  1.913474e+000 -1.408394e+001 -2.006906e+001 -1.439311e+001 -1.326464e+001 -1.259469e+001  6.245789e+001  6.145857e-002  1.824560e+000  2.368483e-001 -1.561986e-001 -8.589669e-001 -6.914230e-001  9.625363e-001 -1.268168e+000  9.755760e-001  9.798482e-001  1.500458e+000 -3.592735e+000 -6.522716e-001  6.878338e-001  2.841298e-001 -2.980072e-001  9.208030e-001  4.365539e-001 -4.334852e-001  4.173706e-002  5.905125e-001  2.914423e-001 -6.476166e-002  1.771544e-001  4.268357e-001 -4.416821e-001
-3.850170e+000 -1.403822e+001  3.587367e+000 -1.328952e+001 -1.057156e+001 -6.174023e+000  3.717839e+000 -1.463073e+001 -1.666216e+001 -1.397824e+001 -1.065692e+001 -1.534188e+001  6.208409e+001  9.034976e-001  1.815872e+000 -5.250137e-001  6.791862e-001 -1.144702e+000 -1.259336e+000  4.314308e-001 -8.475235e-001  9.076667e-001  3.427977e-001  9.883248e-001 -2.876620e+000 -1.212238e+000  7.036270e-001  3.637941e-001 -2.024721e-001  1.340481e+000  1.611434e-001 -4.573777e-001 -5.043147e-001  3.606976e-001 -5.038549e-001  5.586819e-002 -3.596061e-001  7.278481e-001 -6.971318e-001
-2.411136e+000 -1.184184e+001  3.554566e+000 -1.226035e+001 -1.114191e+001 -7.339615e+000  4.736338e+000 -1.542983e+001 -1.485140e+001 -1.196475e+001 -1.032449e+001 -1.611311e+001  6.087140e+001  1.973399e+000  2.487892e+000 -2.210513e-001  3.298956e+000 -3.826895e-001 -1.143645e+000  2.579157e-001  1.068492e+000  7.726673e-001  1.320681e+000  1.455060e+000 -1.490031e+000 -2.083052e+000  5.230070e-001  5.034250e-001  7.826693e-002  1.244059e+000  9.333979e-002 -2.176688e-001 -7.863103e-001 -3.090993e-001 -1.054899e+000  1.880465e-001 -6.947969e-001  8.559079e-001 -8.317686e-001
 8.504761e-001 -9.749075e+000  1.649229e+000 -7.668455e+000 -1.382530e+001 -7.651295e+000  3.963968e+000 -1.235696e+001 -1.607701e+001 -1.079908e+001 -9.002693e+000 -1.761794e+001  5.809903e+001  2.272304e+000  3.081977e+000 -9.534593e-002  4.707447e+000 -8.082223e-001 -1.869798e+000 -1.228461e+000 -5.976928e-001 -1.813947e+000  1.547676e+000 -2.785088e-001 -9.240387e-001 -3.185960e+000 -6.044064e-002  6.279202e-001  3.542163e-001  6.248474e-001  3.595941e-001  2.591223e-001 -9.053652e-001 -8.796781e-001 -7.474321e-001  9.287859e-002 -7.810910e-001  8.252894e-001 -6.018171e-001
 3.419792e+000 -5.824203e+000  2.405583e+000  5.411586e-001 -1.140727e+001 -1.132262e+001  3.079988e+000 -9.878369e+000 -1.649830e+001 -9.379288e+000 -6.816460e+000 -1.890681e+001  5.403516e+001  1.992090e+000  3.708632e+000  4.133490e-001  4.049965e+000 -5.605080e-001 -1.474536e+000 -2.139070e+000 -2.938580e+000 -2.938114e+000  1.317642e+000 -1.340110e+000 -2.894859e-001 -3.824254e+000 -7.830844e-001  3.222315e-001 -1.376446e-001 -1.122142e-001  6.901031e-001  1.013490e+000 -7.456115e-001 -4.253822e-001  2.504181e-001 -1.025371e-001 -3.181307e-001  8.720919e-001  1.471467e-001
 4.595886e+000 -1.637159e+000  3.685129e+000  3.846958e+000 -1.447999e+001 -1.353151e+001 -1.596289e+000 -2.039492e+001 -2.490845e+001 -7.532596e+000 -1.380348e+001 -1.856522e+001  4.957240e+001  5.919487e-001  4.345102e+000  9.288677e-001  3.427918e+000  7.421776e-001  2.017207e-001 -2.896903e+000 -3.242378e+000 -9.741032e-001  8.087101e-001 -1.519545e+000  6.495548e-001 -3.350723e+000 -1.377082e+000 -1.548166e-001 -5.672012e-001 -2.673464e-001  9.658804e-001  1.945354e+000  1.258701e-001  1.179673e+000  1.609688e+000 -8.174161e-002  6.616337e-001  1.025082e+000  7.275856e-001
 5.676609e+000  2.645361e+000  4.603361e+000  2.231767e+000 -1.361710e+001 -1.177219e+001 -3.178882e+000 -2.610375e+001 -2.512625e+001 -7.009784e+000 -1.462465e+001 -1.708689e+001  4.601344e+001 -1.101846e+000  3.467487e+000 -1.421381e+000  3.377649e+000  2.292626e+000  2.888047e+000 -2.635921e+000  2.639235e-001  1.604836e+000  1.177478e+000  4.849244e-001  2.083632e+000 -1.264938e+000 -1.643488e+000 -1.352492e+000 -7.021106e-001 -5.561559e-001  1.014969e+000  1.469125e+000  3.322861e-001  2.041380e+000  2.134542e+000 -4.738677e-002  1.097527e+000  1.143773e+000  8.935371e-001
 2.681811e+000  7.741656e+000  5.194678e+000  8.625833e+000 -9.009498e+000 -6.417909e+000 -7.391110e+000 -2.045616e+001 -1.663355e+001 -7.940279e+000 -1.269633e+001 -1.528012e+001  4.535628e+001 -3.066139e+000  2.428467e+000 -2.013987e+000  3.706873e+000  2.594613e+000  5.675680e+000 -3.506845e-001  3.699422e+000  3.963018e+000  1.209050e+000  2.117142e+000  3.014810e+000 -8.276901e-001 -1.247254e+000 -2.432949e+000 -3.742256e-001 -1.391278e+000  5.321060e-001 -9.373352e-003  1.802859e-001  1.355059e+000  1.459687e+000  1.158884e-002  1.037934e+000  1.027727e+000  9.502611e-001
-1.132398e+000  6.823827e+000 -5.456096e+000  1.503997e+001 -2.679385e+000 -4.391882e-001 -7.202206e+000 -8.528132e+000 -1.261157e+001 -3.288057e+000 -4.945415e+000 -1.013120e+001  4.981853e+001 -4.396305e+000 -2.095508e+000 -1.625777e+000  1.129709e+000  3.588120e+000  3.134110e+000 -1.750748e+000  3.797422e+000  5.266035e+000  8.805380e-001  2.329183e+000  4.246751e+000 -6.180843e-001 -6.220576e-001 -2.184263e+000  6.049025e-001 -2.092936e+000 -1.628664e-001 -1.377103e+000 -7.550530e-002 -2.319304e-001  4.693547e-001 -3.025406e-001  5.676007e-001  3.346118e-001  4.669209e-001
-7.330307e+000  8.415941e+000 -1.355078e+000  1.597722e+001 -6.975781e+000  9.180387e+000 -1.338049e+000 -1.068562e+001 -1.135069e+001 -3.348211e+000 -8.057385e+000 -6.969017e+000  4.353141e+001 -3.997091e+000 -5.038145e+000 -8.400622e-001 -2.404502e+000  2.754961e+000  3.182198e-002 -2.438060e+000  1.766167e+000  4.493731e+000  1.015124e+000  2.747995e+000  4.706632e+000  1.077156e+000  1.072890e-001 -1.321601e+000  6.729763e-001 -2.065340e+000 -6.779685e-001 -1.597697e+000  9.878093e-002 -8.904430e-001 -1.072234e+000 -6.626778e-001  4.204062e-001 -4.602924e-001  7.383427e-001
