32 39
-2.053749e+001  1.154260e+001  5.727870e-001  1.498302e+001  3.242372e+000  5.084694e+000 -8.766102e+000 -1.361487e+001 -2.032159e+001 -1.330799e+001 -4.596502e+000 -5.116631e+000  5.090394e+001 -8.316208e+000 -2.502795e+000 -4.546023e+000 -4.851553e-001  2.495103e+000  4.892093e+000  2.331123e+000  5.260055e+000  5.494767e+000  1.644173e+000  4.502014e+000  1.312555e+000  1.306398e+000  9.499572e-001 -1.237910e+000 -9.336517e-002 -2.467141e+000 -2.242481e+000 -9.975055e-001  8.984453e-001  1.944035e-001  1.384937e+000  8.155174e-001  1.092628e+000  9.816217e-001 -1.084894e-001
-2.559916e+001  7.506929e+000 -2.152209e+000  8.633311e+000 -1.935084e+000  7.908669e+000 -1.867982e+000 -6.662759e+000 -7.015817e+000 -8.695408e+000  5.577838e-001 -5.434171e+000  5.168380e+001 -5.497149e+000 -2.965235e+000 -3.328824e+000 -3.534859e+000 -3.133299e-001  2.656803e+000  3.091093e+000  6.649070e+000  5.231457e+000  4.180608e+000  6.113355e+000  1.474773e+000  5.421867e-001  1.943217e+000 -1.174809e-001  6.167339e-001 -1.412704e+000 -1.936494e+000 -1.794390e+000 -1.252783e-001 -6.204528e-001 -2.981342e-001  9.603610e-002 -4.742046e-001  3.781076e-001 -2.990099e-001
-3.237064e+001  2.529879e+000 -1.000244e+001  2.306679e+000 -4.716415e+000  5.023152e+000 -2.316055e+000  2.137482e+000 -3.036068e+000 -5.925436e+000  6.906305e+000 -4.453703e+000  5.057895e+001 -3.036169e+000 -2.439397e+000 -3.310254e+000 -4.641884e+000 -2.300057e+000 -4.405689e-001  3.228247e+000  4.825834e+000  4.059534e+000  3.386800e+000  2.939311e+000  4.981223e-001  8.774261e-002  2.019834e+000  8.102725e-001  1.262327e+000  1.257369e-001 -6.653801e-001 -1.434090e+000 -6.912913e-001 -1.878304e+000 -1.411042e+000 -6.176894e-001 -1.859668e+000 -1.132874e-001 -1.323420e-001
-3.216296e+001  3.759998e+000 -1.110418e+001 -1.461777e+000 -3.072885e+000  4.111490e+000  1.908164e+000  5.819820e+000 -3.472830e+000  1.923290e+000  8.991394e+000 -9.626454e+000  5.143646e+001 -1.225333e+000 -4.218086e-001 -1.279855e+000 -2.467257e+000 -1.602720e+000 -1.391744e+000  5.726829e-001  1.664577e+000  1.218902e+000  9.414885e-001 -2.860630e-002  9.602448e-001  4.090473e-001  1.294584e+000  9.809928e-001  1.498870e+000  1.370430e+000  4.601761e-001 -6.994846e-001 -9.794555e-001 -2.409126e+000 -1.296675e+000 -1.140338e+000 -1.927519e+000  8.607346e-003  1.610492e-001
-3.243643e+001  1.219077e+000 -1.150250e+001 -3.178855e+000 -7.689013e+000  4.780439e+000  5.487059e+000  4.273013e+000 -1.795411e+000 -1.683344e+000  5.883248e+000 -5.298780e-001  5.146632e+001 -3.529486e-001  2.768534e-001  7.411277e-001 -3.902718e-001 -1.871022e-001 -2.540859e-001  1.338710e-001 -1.639217e+000  4.458358e-001  1.752861e-001 -1.725345e+000  1.003382e+000  7.112576e-001  6.424430e-001  7.385651e-001  1.562284e+000  1.638181e+000  1.083908e+000  1.052526e-001 -8.909775e-001 -1.545707e+000 -7.048792e-001 -6.327753e-001 -7.813412e-001  4.893627e-002  2.969781e-001
-3.169293e+001  6.053287e+000 -7.801452e+000 -9.602045e-001 -8.462382e+000  1.071307e+000 -2.906125e+000  5.923594e-001 -1.541635e+000 -6.109011e+000  9.262811e-001 -2.594860e+000  5.328535e+001 -3.658390e-001  5.816033e-001  2.139834e+000  1.191485e+000  9.310731e-001 -9.338621e-001 -2.589967e-001 -2.164032e+000  5.549298e-001  8.467640e-002 -1.191913e+000  1.265180e+000  1.035675e+000  2.708942e-001 -2.253015e-001  7.943857e-001  7.044108e-001  5.873655e-001  5.023434e-001 -1.841121e-001 -2.129978e-001  3.168898e-001 -7.159784e-002  1.737181e-001  8.159622e-002  1.669030e-001
-3.437040e+001  2.767501e+000 -7.948162e+000  1.045338e-001 -2.957177e+000  5.272814e+000  7.604443e-001 -3.444874e+000 -1.772487e+000 -1.032855e+000  2.312136e+000 -2.952590e+000  5.321079e+001 -2.537004e-001  7.517221e-001  2.791325e+000  1.719651e+000  1.852586e+000 -1.432468e-001 -8.108011e-001 -9.883967e-001  8.671240e-001  6.513296e-001 -3.857416e-001  5.903361e-001  1.259319e+000  6.070700e-001 -5.849280e-001  3.575993e-001 -3.581751e-001 -2.349587e-001  1.060418e-001 -5.814580e-002  2.462540e-001  2.026587e-001 -5.367398e-001  4.281671e-001 -1.590362e-001 -9.310593e-002
-3.302517e+001  5.893803e+000 -2.182175e+000  2.853951e+000 -7.834374e-001 -8.040083e-001  2.976487e+000 -1.141395e+000 -7.096430e-001  2.021427e+000  4.817384e+000 -2.089199e+000  5.574260e+001  7.951393e-002 -1.785750e+000  1.666975e+000 -1.640007e-004  3.142643e-001  1.064554e+000  1.244583e-001  2.741774e-001  2.592707e+000  3.454775e-001  1.701825e-001  1.574749e+000  9.695317e-001  1.743828e+000 -8.913162e-001  6.641944e-002 -1.488771e+000 -1.272407e+000 -8.534381e-001 -1.551076e-001 -1.574676e-001 -6.138518e-001 -8.876536e-001 -2.895057e-001 -5.645424e-001 -2.230841e-001
-3.303881e+001  5.057429e+000 -3.555131e-001  3.512324e+000 -2.265558e+000  5.001863e+000 -1.508253e+000  1.979071e-001  2.124213e+000 -2.491915e+000  2.008989e+000  2.168972e+000  5.653429e+001  2.459725e+000 -1.464110e+000  2.765554e+000 -1.585323e+000 -1.053491e+000 -7.230849e-001 -3.485855e-001 -1.627052e+000  4.402407e-001 -2.638813e+000 -2.655574e-001  5.341637e-002  2.787998e-001  2.537507e+000 -1.037082e+000  1.615037e-001 -2.148442e+000 -1.645937e+000 -2.462053e+000 -2.078625e-001 -6.273571e-001 -1.621932e+000 -5.312354e-001 -8.506285e-001 -8.601887e-001 -1.085143e-002
-3.196115e+001 -4.020429e+000 -3.262900e+000 -2.664919e+000 -7.236870e+000  6.529553e+000 -1.149485e+000  1.418557e-001  9.473551e+000 -3.652094e+000  1.928768e+000  2.718103e+000  5.647126e+001  6.996590e+000 -2.767062e+000  2.484816e+000 -4.599885e+000 -3.977923e+000 -4.911134e+000 -1.265643e+000 -2.632042e+000 -2.300888e+000 -2.708520e+000 -2.699534e+000 -1.289072e+000  4.105144e-001  2.175874e+000 -6.397193e-001  4.391726e-001 -1.621621e+000 -8.918912e-001 -2.892787e+000 -2.465623e-001 -4.487376e-001 -2.037374e+000  4.368926e-001 -7.916775e-001 -8.408641e-001  3.630894e-001
-2.260378e+001  4.040674e-001  6.419970e+000 -5.062647e+000 -4.997917e+000 -2.009391e+000  1.080503e+000 -1.222176e+001 -4.662880e+000 -1.139016e+001  2.428657e+000 -5.089159e+000  5.424046e+001  8.975296e+000 -3.943031e+000  3.189923e+000 -6.722698e+000 -4.231007e+000 -9.465668e+000 -1.155063e+000 -2.672073e+000 -4.795737e+000 -4.778486e-001 -3.204026e+000 -2.278697e+000  1.484571e+000  3.509549e-001 -6.635394e-001  1.757307e-002 -4.057624e-001  1.458281e-001 -1.207470e+000  1.769713e-001  5.573930e-001 -7.634113e-001  1.528209e+000 -1.652812e-002 -6.929941e-002  5.236411e-001
-3.259737e+000 -5.614825e+000  6.854166e+000 -1.585799e+001 -1.930688e+001 -2.185405e+001 -4.646103e+000 -8.091772e+000 -8.820536e+000 -7.072051e+000 -8.890119e+000 -4.905493e+000  5.894209e+001  7.701097e+000 -3.744886e+000  3.650654e+000 -5.539581e+000 -2.556434e+000 -9.028091e+000 -7.051142e-001 -1.447000e+000 -4.976175e+000  1.449458e+000 -2.318970e+000 -1.463515e+000  2.182093e+000 -1.864948e+000  9.000850e-002 -9.131904e-002  1.380454e+000  1.472361e+000  1.508431e+000  7.104672e-001  7.960625e-001  4.307244e-001  1.327814e+000  1.275599e+000  3.229934e-001  3.475596e-002
-2.513042e+000 -1.386053e+001  1.053557e+001 -2.350463e+001 -1.738559e+001 -2.813467e+001 -5.535260e+000 -9.045643e+000 -1.270743e+001 -3.171179e+000 -8.601698e+000 -5.412715e+000  6.272173e+001  3.862246e+000 -4.292894e+000  2.270500e+000 -3.144287e+000 -1.035095e+000 -4.701958e+000  2.560068e-001  5.673918e-001 -2.039172e+000  2.923245e+000 -5.384797e-001 -2.058591e-001  2.011216e+000 -2.450708e+000  9.907820e-001 -3.749937e-001  2.494536e+000  1.423998e+000  3.111913e+000  5.780335e-001  6.578144e-001  7.777033e-001  5.664541e-001  1.601800e+000  2.057146e-001 -7.035303e-001
-3.501038e+000 -1.561256e+001  1.293257e+001 -2.114183e+001 -1.382520e+001 -2.554826e+001 -1.367174e+000 -8.681204e+000 -1.138505e+001 -5.142926e-001 -4.150908e+000 -4.437694e+000  6.314109e+001  2.283763e-001 -2.142087e+000  2.487932e+000  5.131800e-001  1.785928e+000  2.491653e-001  1.581158e+000 -2.714617e-001 -1.525548e+000  2.230006e+000  2.345686e+000 -7.105237e-001  3.209717e-001 -1.744580e+000  1.439604e+000 -5.587130e-001  2.242735e+000  5.224751e-001  2.562192e+000 -1.873432e-001  5.686541e-002 -9.255500e-002 -1.887288e-001  1.096629e+000 -4.718004e-001 -1.211627e+000
-3.171897e+000 -1.606153e+001  1.473327e+001 -1.814216e+001 -1.291423e+001 -2.367208e+001  7.210723e-001 -9.090086e+000 -1.357648e+001 -5.281583e-002 -2.633347e+000 -6.352354e+000  6.219704e+001  4.581161e-001  2.094799e-001  1.896315e+000  2.723603e+000  7.178041e-001  1.455270e+000  5.919678e-001  2.922993e-002 -2.632535e+000  1.964148e+000  2.472645e+000 -1.626620e+000 -1.102520e+000 -6.139323e-001  1.966456e+000 -6.602419e-001  1.655382e+000 -2.802815e-001  1.351286e+000 -6.545740e-001 -2.781822e-001 -7.383086e-001 -6.868651e-001  2.589838e-001 -8.641211e-001 -1.536468e+000
-1.788428e+000 -1.522476e+001  1.719497e+001 -1.597332e+001 -1.261292e+001 -2.283952e+001  1.315217e-001 -9.426859e+000 -1.601375e+001  2.518795e+000 -1.458654e-001 -7.988292e+000  6.080929e+001  6.802622e-001  1.201947e+000  1.044182e+000  2.740150e+000 -8.205081e-001  7.042557e-001 -1.809811e+000 -8.935922e-001 -5.142269e+000  9.853626e-001  1.658613e+000 -3.112137e+000 -2.319171e+000 -1.430197e-001  2.094708e+000 -1.129663e+000  1.067765e+000 -3.212306e-001  6.662346e-001 -7.939692e-001 -2.282375e-001  1.984717e-001 -1.054431e+000 -7.841100e-001 -2.278692e-001 -1.682452e+000
-1.078766e+000 -1.300703e+001  1.788594e+001 -1.247087e+001 -1.440271e+001 -2.221269e+001 -3.324769e+000 -8.526666e+000 -2.355575e+001  5.133019e+000  1.759007e+000 -1.177051e+001  5.837503e+001  5.666420e-001  3.867371e+000 -3.088339e-001  4.019135e+000 -1.133285e+000  1.826925e+000 -1.321378e+000 -5.124539e-001 -3.922355e+000  1.112408e-001  1.099976e+000 -3.325658e+000 -4.351054e+000 -6.151666e-001  1.783423e+000 -1.389280e+000  6.121942e-001  6.016494e-001  8.903531e-001 -3.529790e-001 -3.402127e-001  2.023223e+000 -1.216312e+000 -1.216796e+000  8.219990e-001 -1.606351e+000
-1.146292e+000 -1.113008e+001  1.657714e+001 -1.027673e+001 -1.718350e+001 -2.275668e+001 -8.393307e+000 -1.343087e+001 -3.210676e+001  1.819603e+000  1.945982e+000 -1.728930e+001  5.345624e+001 -5.409852e-001  6.502509e+000 -2.057809e+000  5.204239e+000  1.105319e+000  3.394511e+000 -1.432014e+000 -1.141807e+000  1.117205e-001 -2.115695e+000 -8.885294e-001 -1.000351e+000 -6.467021e+000 -8.105198e-001  1.898942e-001 -1.423881e+000 -8.863735e-003  1.058648e+000  7.540919e-001  5.458949e-001  7.538692e-001  3.341264e+000 -6.051042e-001 -9.395156e-001  1.881232e+000 -5.136530e-001
-6.597549e-001  1.227981e+000  1.349802e+001 -8.947835e-001 -1.629536e+001 -1.457888e+001 -1.623406e+000 -9.650348e+000 -2.514175e+001  8.529845e-001  1.820607e+000 -1.833014e+001  4.411829e+001 -2.007093e+000  6.476312e+000 -3.499089e+000  4.552530e+000  2.763137e+000  4.561908e+000 -1.361825e+000 -1.547726e+000  4.856585e+000 -2.566882e+000 -2.337761e+000  1.427482e+000 -7.060351e+000 -5.827349e-001 -2.310082e+000 -9.239817e-001 -1.141725e+000  5.626687e-001 -3.420596e-001  7.306422e-001  1.755634e+000  2.411659e+000  3.472040e-001 -6.901349e-002  1.999226e+000  1.694874e+000
-4.702859e+000  1.017028e+001  9.099892e+000  4.259827e+000 -6.139996e+000 -9.683872e+000 -7.879231e+000 -1.457405e+001 -1.466215e+001 -5.919664e+000 -4.619312e+000 -9.710231e+000  3.560255e+001 -2.085469e+000  8.469476e-001 -4.480097e+000  2.429135e+000  2.524523e+000  3.107223e+000  9.398875e-001  3.393390e+000  7.174580e+000 -7.010967e-001 -1.320096e+000  3.917452e+000 -3.532788e+000 -5.142577e-001 -3.326517e+000  2.363548e-002 -1.766472e+000 -4.983041e-001 -1.441412e+000  1.069680e+000  2.324689e+000  4.684819e-001  1.150088e+000  1.082285e+000  9.557549e-001  3.487616e+000
-9.335949e+000  8.724348e+000  4.129117e+000  3.023504e+000 -6.108779e+000 -5.939550e+000 -1.039093e+001 -1.569371e+001 -7.995135e+000 -3.831759e+000 -6.647150e+000 -8.422638e+000  3.200012e+001 -1.574791e+000 -4.855261e+000 -3.717598e+000 -3.019379e-001  9.704570e-001  2.602706e-001  1.145882e+000  5.998116e+000  4.604510e+000  1.139962e+000  9.706917e-001  4.211572e+000  2.656199e+000 -8.766301e-001 -2.148930e+000  8.446236e-001 -1.319440e+000 -9.126451e-001 -1.906541e+000  1.328295e+000  1.839626e+000 -1.216386e+000  5.464167e-001  1.340322e+000  1.434110e-001  3.647725e+000
-7.235541e+000 -1.064353e+001 -1.138891e+000 -9.019601e-002 -9.654178e+000 -1.154022e+001  6.898940e-001  6.557754e+000 -4.807172e+000  6.564909e-001 -4.206211e-001 -2.655792e+000  4.185139e+001 -3.328425e+000 -4.464291e+000 -1.830377e+000 -1.200888e+000 -4.898612e-001 -1.661728e+000  2.662531e+000  6.708715e+000  2.580168e+000  1.781322e+000  2.868667e+000  2.386379e+000  6.112784e+000 -1.425373e+000  6.859107e-001  1.247856e+000 -2.964412e-001 -6.487669e-001 -1.084757e+000  7.619745e-001 -5.096280e-001 -1.821609e+000 -8.102729e-001  4.679216e-001 -6.366483e-001  1.757073e+000
-7.267369e+000 -1.264142e+001  2.941783e-002 -2.294613e-001 -9.685983e+000 -1.234935e+001 -1.785612e-001  9.774330e+000 -7.046688e+000  3.264715e+000  4.574720e+000 -7.995017e-001  5.427487e+001 -5.768765e+000 -1.612720e+000 -6.008313e-001 -2.296602e-001 -2.928960e-001 -2.586323e+000  4.418328e+000  5.992740e+000  1.071861e+000 -1.076008e+000  2.269469e+000  2.910073e+000  6.355487e+000 -1.270752e+000  2.212089e+000  8.812775e-001  4.669047e-001 -7.744675e-002  2.837223e-001  2.814275e-001 -1.725239e+000 -1.080834e+000 -1.443975e+000 -3.914613e-001 -9.624493e-001 -6.874818e-001
-2.237927e+001 -1.468290e+000  1.997857e+000 -1.181300e-001 -6.800700e+000 -1.478761e+001  3.272375e-001  6.235506e+000 -2.235535e+000 -5.612940e-001  4.113089e+000 -1.589904e+000  5.502909e+001 -7.115347e+000  2.655231e+000  2.008004e-001  9.107898e-001 -8.763476e-002 -8.932639e-001  3.113537e+000  8.479384e-001 -1.671416e-001 -3.644476e+000  3.701233e-001  1.384959e+000  3.402933e+000  1.811545e-001  1.558998e+000  2.606567e-001  5.461244e-001  2.752438e-001  1.220965e+000 -7.576545e-001 -2.021905e+000 -4.401822e-001 -8.004438e-001 -7.465119e-001 -9.592075e-001 -1.822082e+000
-3.060791e+001 -3.926872e+000 -4.434137e-001  1.889169e+000 -8.999998e+000 -1.724747e+001  1.188203e+001  1.443112e+001 -3.921649e+000 -8.602907e+000  2.433338e+000  5.594784e+000  5.718870e+001 -6.035088e+000  2.645422e+000 -3.267990e-001  9.767469e-001  3.821100e-001  1.294650e+000  2.327516e+000  3.023099e-001  5.739949e-001 -3.367016e+000  2.626569e-001 -9.996496e-002  5.737152e-001  1.556589e+000  4.376433e-001 -2.048816e-001  6.976602e-003  3.355359e-001  1.517904e+000 -1.726219e+000 -1.899914e+000  2.186026e-001  6.965873e-001 -5.596014e-001 -1.181517e+000 -1.846209e+000
-3.114200e+001 -1.724648e+000  1.015271e-001  3.404438e+000 -1.043534e+001 -1.355748e+001  1.022728e+001  8.469052e+000 -7.205400e+000 -1.163208e+001  2.500687e+000  1.071863e+000  5.740914e+001 -2.289491e+000  1.201627e+000 -6.641096e-001  9.265305e-001  5.488548e-001  2.502611e+000 -8.033574e-002 -5.555959e-001  6.281895e-001 -1.075394e+000  1.395138e-001 -9.046391e-001 -1.067383e-001  2.245647e+000 -4.645617e-001 -5.421051e-001 -4.576875e-001  1.476838e-001  9.162582e-001 -1.536309e+000 -1.101619e+000  2.938801e-001  1.495241e+000  3.048034e-002 -5.412076e-001 -1.252064e+000
-3.306144e+001  7.138696e-001 -6.564122e-001  2.892989e+000 -5.958111e+000 -6.491163e+000  6.509000e+000  1.016911e+001 -1.691781e+000 -8.034971e+000  6.694206e+000 -2.630210e+000  5.595342e+001 -3.987463e-001  1.302298e+000 -1.192784e+000 -2.026476e-001  1.066539e+000  3.305258e+000 -2.615831e+000 -2.805062e+000  1.767208e+000  1.122387e+000 -4.132334e-001 -1.852710e+000 -1.120723e+000  2.214881e+000 -7.677385e-001 -6.123915e-001 -3.811794e-001 -9.090433e-002  2.940474e-001 -8.338841e-001 -9.114287e-001 -1.086150e-001  1.156635e+000 -4.561577e-002 -8.744386e-003 -7.314500e-001
-3.259996e+001  2.219476e+000 -1.216192e+000  4.012612e+000 -5.577369e+000 -7.652712e+000  2.612076e+000  5.588531e+000 -2.095215e-001 -6.222230e+000  2.680224e+000 -2.000603e+000  5.511304e+001  1.294716e+000  1.003984e+000 -2.076733e+000 -7.879503e-001  3.085699e-001  2.682723e+000 -2.096336e+000 -3.106472e+000  7.056522e-001  1.587025e+000  8.604702e-001 -4.447059e-001 -2.010168e+000  1.610973e+000 -9.682720e-001 -3.143831e-001 -6.083051e-002 -3.311600e-001 -2.567489e-001 -5.800546e-002 -3.001445e-001 -2.169528e-001  3.056388e-001  1.511874e-001  4.021054e-001 -5.121341e-001
-3.187266e+001  6.125573e-001 -5.748476e+000  5.718440e-001 -6.096291e+000 -3.673565e+000  2.610479e+000  1.846065e+000  1.416453e+000 -5.695898e+000  2.774025e-001 -2.132536e+000  5.273313e+001  3.247212e+000 -1.094449e+000 -2.682445e+000 -7.190951e-002  4.773078e-002  2.674831e+000 -8.339041e-001 -2.979396e+000 -7.811418e-003  1.084952e+000 -3.259001e-001 -3.736535e-001 -2.131820e+000  1.143018e+000 -7.832471e-001  4.740207e-001  2.084109e-001 -2.777432e-001 -6.785277e-001  3.298244e-001  5.089702e-001 -1.593667e-001 -1.506125e-001  2.533197e-001  7.605207e-001 -6.355321e-001
-2.526282e+001  3.345929e+000 -7.736104e+000  6.252586e-001 -8.823404e+000 -1.552665e+000  1.694862e+000 -2.901785e+000 -5.231256e+000 -4.866490e+000  1.001144e+001 -1.400504e+000  4.896844e+001  3.942397e+000 -2.441359e+000 -1.491195e+000  5.570089e-001 -5.975412e-001  1.534080e+000 -1.261327e+000 -1.969152e+000  4.309354e-001  4.715182e-001  8.517843e-001  3.663595e-001 -2.161860e+000  2.941479e-001 -1.507845e-001  1.192525e+000 -3.433971e-002  2.249825e-001 -7.367950e-001  2.696573e-001  8.752457e-001  4.132408e-001  2.436051e-001 -1.950294e-001  6.410813e-001 -8.892381e-001
-2.049396e+001 -5.321603e+000 -1.080868e+001  4.227118e+000 -4.096439e+000  3.832969e+000  2.798086e+000 -4.827136e-001  7.800290e-001 -3.288083e+000  1.399098e+000 -4.798527e+000  4.836662e+001  3.992505e+000 -8.912654e-001  8.845500e-001  1.669275e-001  1.308786e-001  4.869409e-001 -1.384214e+000 -8.288710e-001  1.107733e+000  9.270781e-001  8.577077e-001  1.544360e+000 -4.222538e+000 -4.884329e-001  9.920269e-001  1.497099e+000 -5.506346e-001  4.356957e-001 -7.651041e-001  1.254692e-001  9.078081e-001  2.965328e-001  5.645188e-001  1.590105e-002  6.646706e-001 -9.793797e-001
-1.857733e+001 -7.020241e+000 -6.142064e+000  4.970019e+000 -9.565001e+000 -3.735578e+000 -3.788362e+000 -3.092838e+000  2.263368e+000 -5.068547e+000  6.378298e+000  1.164190e+000  4.648700e+001  2.392808e+000  1.484700e-001  2.102396e+000 -1.079067e+000  1.391908e+000  9.269309e-002 -4.728941e-001  1.944950e-001  2.214084e+000  2.883988e+000 -7.064809e-001  1.801693e+000 -5.410999e+000 -9.340992e-001  9.529674e-001  6.786598e-001 -6.554666e-001  5.334656e-001 -2.489639e-001  4.496575e-001  6.592631e-001 -1.883169e-001  3.209032e-001 -3.597929e-001 -1.193001e-001  7.673924e-002
