52 39
 7.799726e-001 -6.004997e-001  2.178288e-001  1.247199e+000 -1.501486e+001  4.268679e-001  5.536056e+000 -1.441662e+001 -6.878005e+000 -3.423646e+000  8.267486e+000 -9.479898e+000  6.477748e+001  5.223228e-001  1.597287e-001 -4.176115e-001 -3.666448e-001 -3.731485e+000 -9.437726e-002 -1.518925e+000  6.210930e+000 -7.612724e-001 -2.801064e+000  1.339851e+000  9.916535e-001  1.652054e-001  3.490345e-001 -2.634678e-001  1.487905e-001 -1.716941e-001  6.770563e-003  2.260266e-001 -1.437213e+000  9.162953e-001 -2.396906e-001  1.055339e+000  6.348705e-001 -1.274477e+000 -6.284248e-002
 1.384393e+000  1.068266e-001  1.882405e+000 -3.638811e-002 -1.989899e+001  2.251906e+000  2.378868e+000 -4.599917e+000 -1.046248e+001 -1.097753e+001  1.133099e+001 -4.472656e+000  6.462203e+001  6.262389e-001  3.381833e-001  1.183568e-001 -4.991620e-001 -3.324117e+000  3.168606e-001 -2.185294e+000  5.469880e+000 -1.601557e+000 -1.216455e+000  2.280462e+000 -1.468734e+000 -6.988144e-002  5.268702e-002  9.610540e-002  3.924872e-001 -4.694590e-001  7.312935e-001 -7.118166e-003 -3.450484e-001 -8.636341e-001  5.057511e-003  1.531958e+000  9.912988e-002 -1.434308e+000 -1.466979e-001
 1.541613e+000  1.493177e+000  2.182929e+000 -8.053357e-001 -2.364673e+001  4.132415e+000 -6.365432e-001  2.065610e+000 -1.417804e+001 -1.294344e+001  1.807643e+001 -1.171941e+001  6.434689e+001  5.155748e-001  7.865835e-001  7.809962e-001 -1.124957e+000 -2.655489e+000  1.227814e-001 -1.304312e+000  3.962654e+000 -1.612345e+000  3.813228e-001  1.589054e+000 -2.549109e+000 -3.996586e-001 -1.245734e-001  1.150297e-001  4.428138e-001 -7.017928e-001  1.144481e+000 -3.877666e-001  4.037639e-001 -1.614994e+000  7.454038e-001  1.300841e+000 -8.809723e-001 -2.378975e-001 -9.727730e-002
 2.541294e+000  1.844437e+000  2.483313e+000 -1.442569e+000 -2.498629e+001  2.017365e+000  1.430564e-001  2.110450e+000 -1.451797e+001 -6.370534e+000  1.608019e+001 -1.729087e+001  6.365604e+001  3.203258e-001  7.034352e-001  1.003656e+000 -2.038758e+000 -8.503664e-001 -8.378471e-001 -5.144451e-001  1.531835e+000  1.716502e-001  2.265527e+000 -3.144385e-001 -2.140228e+000 -3.601616e-001 -1.968316e-001  1.545733e-002  2.639200e-001 -8.010136e-001  1.299370e+000 -4.169782e-001  4.140543e-001 -1.476004e+000  1.283493e+000  4.299106e-001 -1.007013e+000  8.407652e-001  2.791649e-002
 2.779396e+000  2.463613e+000  3.822356e+000 -3.674494e+000 -2.574865e+001  1.158046e+000  1.324025e-001  2.041462e+000 -1.291199e+001 -3.820528e+000  1.383816e+001 -1.581634e+001  6.326218e+001  5.241261e-002  5.522515e-001  1.353808e+000 -3.105811e+000  7.540428e-001 -1.455856e+000 -3.355301e-001  1.049822e-001  2.079143e+000  1.962151e+000 -1.767560e+000  1.379130e-001 -1.760410e-001 -1.338383e-001 -1.090551e-001 -3.156258e-002 -5.823861e-001  1.105872e+000 -8.907223e-002  1.427347e-001 -9.257833e-001  1.203344e+000 -4.432482e-001 -4.699346e-001  1.103155e+000  1.007474e-001
 2.367130e+000  3.138785e+000  6.080970e+000 -8.795598e+000 -2.309986e+001 -4.501449e-001 -5.778310e-001  3.071332e+000 -1.023725e+001 -4.211344e+000  1.187794e+001 -1.312533e+001  6.336358e+001 -1.263380e-001  5.326359e-001  1.151551e+000 -3.513803e+000  1.467966e+000 -9.787118e-001 -5.994135e-001  1.869483e-002  2.970166e+000  1.426843e-001 -1.076298e+000  1.391581e+000 -4.210777e-002  2.092203e-002 -1.571348e-001 -3.419500e-001 -1.176533e-001  5.224091e-001  4.133511e-001  8.416526e-002 -2.938180e-001  5.853637e-001 -1.080617e+000  2.401304e-001  7.559496e-001  6.907727e-002
 1.890758e+000  3.607260e+000  7.153140e+000 -1.265788e+001 -2.081973e+001 -1.913112e+000 -1.953750e+000  2.110080e+000 -5.922677e+000 -4.212280e+000  1.133976e+001 -1.311261e+001  6.361292e+001  6.971502e-002  3.267074e-001  5.492357e-001 -3.299365e+000  1.714705e+000 -2.521474e-001 -5.481541e-001  9.030743e-002  3.005118e+000 -7.734968e-001 -3.796893e-001  1.200761e+000 -5.494843e-002  1.412709e-001 -2.055212e-001 -6.093417e-001  3.376499e-001 -1.242195e-002  7.680814e-001  1.987586e-001  1.221005e-001 -1.178546e-001 -1.100448e+000  5.246590e-001  2.462251e-001  5.539749e-002
 2.353922e+000  3.935793e+000  6.575675e+000 -1.451989e+001 -2.011092e+001 -1.340615e+000 -1.810935e+000  2.169616e+000 -3.161789e+000 -5.461236e+000  1.194790e+001 -1.168483e+001  6.327013e+001  4.162847e-001  3.053298e-002 -3.038083e-001 -2.530247e+000  1.281348e+000  6.270541e-001  1.269315e-002  7.008274e-002  2.635481e+000 -1.769732e+000  1.922783e-001  1.108096e+000 -7.532158e-002  1.403413e-001 -2.637611e-001 -6.428382e-001  5.330964e-001 -2.250103e-001  6.987645e-001  3.477355e-001  2.250525e-001 -5.383995e-001 -7.635249e-001  2.772518e-001  3.245379e-002  1.023934e-001
 3.134575e+000  3.698646e+000  6.321181e+000 -1.730917e+001 -1.866960e+001  3.425437e-001 -1.991816e+000  2.943858e+000 -1.424127e+000 -7.063066e+000  1.190473e+001 -1.053279e+001  6.303416e+001  4.874555e-001 -2.243029e-001 -9.652212e-001 -1.909339e+000  7.852423e-001  1.581668e+000  3.522098e-001  6.897908e-001  1.657213e+000 -2.583881e+000  2.214469e-001  1.510781e+000  1.175533e-001 -8.782459e-003 -2.501388e-001 -5.098994e-001  5.350772e-001 -1.768706e-001  4.992524e-001  2.471493e-001  1.306160e-001 -6.465169e-001 -4.297021e-001  1.568075e-001  7.071061e-002  1.766510e-001
 3.826645e+000  3.245757e+000  4.977908e+000 -1.912119e+001 -1.776819e+001  1.557298e+000 -4.953322e-001  3.004857e+000  6.908776e-001 -1.163461e+001  1.255684e+001 -8.874764e+000  6.327635e+001  3.664982e-001 -5.106646e-001 -1.305411e+000 -1.543334e+000  8.076460e-001  1.598203e+000  6.890819e-001  8.442155e-001  9.521215e-001 -2.769748e+000  9.392452e-003  1.398840e+000  3.836083e-001 -1.746846e-001 -2.092276e-001 -2.852375e-001  4.224954e-001  1.235254e-001  2.650231e-001 -8.899017e-002 -1.336800e-001 -5.825273e-001  6.530390e-002  2.339865e-001  7.386140e-002  2.123240e-001
 3.591674e+000  2.830763e+000  3.125918e+000 -1.990392e+001 -1.806488e+001  4.546269e+000 -8.505022e-001  5.141413e+000  4.370531e-001 -1.404500e+001  1.214252e+001 -6.963738e+000  6.419758e+001  5.069599e-002 -6.533881e-001 -1.499460e+000 -1.117436e+000  1.067203e+000  1.758540e+000  3.493983e-001  3.563213e-001  6.142138e-001 -2.421999e+000  4.957910e-001  1.408942e+000  5.988415e-001 -2.368851e-001 -1.949215e-001 -2.880394e-002  3.724771e-001  4.663793e-001 -5.715836e-002 -4.374458e-001 -5.717911e-001 -2.557329e-001  5.690127e-001  4.439107e-001 -8.295014e-002  1.699030e-001
 3.957864e+000  1.816411e+000  1.646250e+000 -2.093918e+001 -1.637505e+001  4.548538e+000  1.063818e+000  5.291915e+000  6.682281e-001 -1.581901e+001  1.187597e+001 -6.475154e+000  6.460647e+001 -2.387584e-001 -8.010626e-001 -1.462876e+000 -8.137223e-001  1.757994e+000  1.863733e+000 -4.308519e-001 -4.315822e-001  2.443442e-001 -1.524154e+000  1.225039e+000  1.528322e+000  7.456543e-001 -1.698683e-001 -1.834520e-001  1.163838e-001  4.024829e-001  5.732529e-001 -1.291035e-001 -7.565525e-001 -7.414137e-001 -5.657051e-002  9.027930e-001  4.916067e-001 -1.479037e-001  7.444942e-002
 3.322446e+000  1.146378e+000  4.897113e-001 -2.198735e+001 -1.403015e+001  7.639624e+000 -1.024399e+000  3.581935e+000  1.658266e+000 -1.708086e+001  1.472413e+001 -4.687883e+000  6.536331e+001 -3.943417e-001 -1.053711e+000 -1.030508e+000 -4.117596e-001  2.641964e+000  1.163111e+000 -1.275052e+000 -1.531266e+000  7.324369e-001 -3.616145e-001  1.833177e+000  1.031289e+000  7.860451e-001 -1.996673e-002 -1.545402e-001  1.868428e-001  4.742473e-001  3.662882e-001 -3.204687e-001 -6.640977e-001 -5.732358e-001  7.957140e-002  9.918618e-001  1.389841e-001 -3.490036e-001 -5.180512e-002
 2.767468e+000  8.263701e-002 -1.018371e+000 -2.214808e+001 -1.099559e+001  9.329288e+000 -2.562643e+000  1.626685e+000  1.301992e+000 -1.773745e+001  1.739123e+001 -2.371080e+000  6.642175e+001 -2.603245e-001 -1.227763e+000 -9.579684e-001  1.162428e-001  2.886530e+000  1.250401e+000 -2.281455e+000 -1.919060e+000  6.101574e-001  7.140244e-001  1.798733e+000  8.481477e-001  6.622536e-001  9.105001e-002 -1.909820e-002  1.962150e-001  4.908075e-001 -6.304886e-002 -4.203492e-001 -3.473291e-001 -1.218097e-001  1.367000e-001  8.487244e-001 -3.665327e-001 -5.561866e-001 -1.740283e-001
 2.215164e+000 -1.570907e+000 -6.943130e-001 -2.135827e+001 -7.544792e+000  7.971447e+000 -5.412533e+000 -6.822994e-001  3.782356e+000 -1.489385e+001  1.855077e+001 -3.859329e+000  6.722016e+001 -3.835459e-002 -1.212739e+000 -8.176998e-001  7.888184e-001  2.334377e+000  4.628628e-001 -2.045789e+000 -1.766119e+000  8.291642e-001  1.418220e+000  9.038645e-001  4.011416e-003  3.815163e-001  1.171087e-001  1.521468e-001  1.722318e-001  3.981582e-001 -4.933370e-001 -3.051190e-001  7.989693e-003  3.500286e-001  1.623936e-002  4.847935e-001 -6.819618e-001 -5.556083e-001 -2.345879e-001
 3.209882e+000 -2.963761e+000 -2.551580e+000 -2.067251e+001 -5.185081e+000  1.063463e+001 -8.149391e+000 -2.171265e+000  2.656970e+000 -1.334240e+001  1.895631e+001 -2.648692e+000  6.698931e+001  3.849814e-002 -8.170397e-001 -5.882059e-001  1.040026e+000  1.596544e+000  1.121111e-001 -1.782129e+000 -9.232042e-001  8.794808e-001  1.829551e+000 -1.429686e-001 -7.389720e-001  7.777710e-002  2.526210e-002  2.257717e-001  2.266000e-001  2.076555e-001 -5.704022e-001 -3.313818e-001  3.017530e-001  4.378923e-001  6.866597e-002  1.878798e-001 -7.238851e-001 -5.262821e-001 -1.728718e-001
 2.909466e+000 -3.394119e+000 -2.832184e+000 -1.878105e+001 -5.263523e+000  9.301267e+000 -8.459969e+000 -3.349686e+000  5.126598e+000 -1.218729e+001  1.846091e+001 -4.529020e+000  6.698711e+001  4.179034e-002 -4.983387e-001 -3.542304e-001  1.117140e+000  8.202724e-001  2.066603e-001 -1.484767e+000 -2.790502e-001  6.789720e-001  1.504590e+000 -6.057810e-001 -9.531924e-001 -9.465637e-002 -2.459580e-002  1.547721e-001  2.075759e-001  7.470886e-002 -4.446470e-001 -2.163727e-001  3.392559e-001  3.345520e-001  2.394248e-002  2.298703e-002 -5.605605e-001 -2.775618e-001 -8.072396e-002
 2.612808e+000 -3.090956e+000 -2.890466e+000 -1.823656e+001 -4.153502e+000  9.224934e+000 -9.949571e+000 -1.655643e+000  5.027275e+000 -9.942975e+000  1.672132e+001 -5.731095e+000  6.692716e+001 -1.740865e-001 -4.561047e-001 -5.670314e-002  9.903595e-001  7.915707e-001 -2.784070e-001 -1.053201e+000 -4.731322e-001  1.028583e+000  1.610239e+000 -1.065870e+000 -1.304661e+000  3.598099e-002 -2.482798e-002 -2.856242e-002  1.042337e-001  1.353931e-001 -2.526068e-001 -2.769555e-001  2.710241e-001  1.512789e-001  5.837454e-002  9.522557e-004 -4.247716e-001 -1.368825e-001  1.289367e-003
 2.722653e+000 -3.999003e+000 -2.296022e+000 -1.699055e+001 -3.959219e+000  9.709597e+000 -1.193628e+001 -2.335362e+000  5.992064e+000 -9.070614e+000  1.663936e+001 -7.084090e+000  6.677795e+001 -5.504129e-002 -6.193460e-001 -4.557185e-002  1.187196e+000  5.136282e-001 -4.237418e-001 -7.139730e-001 -3.183948e-001  8.743253e-001  1.642812e+000 -1.437487e+000 -1.100953e+000 -1.205444e-003 -1.883044e-002 -1.074054e-001 -1.226705e-003  2.884417e-001 -1.758614e-001 -3.098442e-001  8.064162e-002  2.234228e-001  5.347440e-002  7.029190e-002 -3.859834e-001 -1.693514e-001  2.560875e-002
 2.432856e+000 -4.941842e+000 -3.103176e+000 -1.661596e+001 -1.879380e+000  9.038429e+000 -1.167724e+001 -5.044088e+000  7.367154e+000 -6.849541e+000  1.453773e+001 -7.894461e+000  6.727380e+001 -3.722596e-002 -8.993481e-001 -2.213668e-001  1.681963e+000  4.868320e-001 -9.574651e-001 -8.124054e-001 -1.471375e-001  1.073677e+000  1.765201e+000 -1.850974e+000 -1.349504e+000  3.749847e-002 -8.154783e-003 -5.146038e-002 -2.489391e-002  4.666165e-001 -3.623009e-001 -1.887886e-001 -1.722807e-001  5.281355e-001 -5.113561e-002 -1.925870e-002 -3.674679e-001 -1.317204e-001 -2.315910e-002
 2.724235e+000 -5.565406e+000 -2.953688e+000 -1.365537e+001 -3.832443e+000  7.275810e+000 -1.116600e+001 -3.247437e+000  8.328285e+000 -5.519948e+000  1.236527e+001 -8.952104e+000  6.680777e+001 -1.207921e-001 -8.137439e-001 -2.780321e-001  2.213546e+000  9.333499e-002 -1.003032e+000 -1.201957e+000  6.750663e-001  9.237972e-001  1.778568e+000 -2.143146e+000 -1.777528e+000  3.262863e-002 -8.104153e-002  9.848699e-002  4.373754e-002  4.541611e-001 -5.350577e-001 -6.737460e-002 -3.044734e-001  6.629013e-001 -1.250114e-001 -1.568957e-001 -3.285179e-001  1.735090e-002 -3.127212e-002
 2.425887e+000 -6.804495e+000 -3.668467e+000 -1.149434e+001 -1.782731e+000  5.654501e+000 -1.439674e+001 -1.935292e+000  9.227548e+000 -2.892302e+000  9.603497e+000 -1.154461e+001  6.709975e+001 -1.819850e-001 -6.162077e-001 -6.494255e-002  2.810267e+000 -8.097872e-001 -9.327050e-001 -1.670613e+000  1.670815e+000  7.481693e-001  1.446067e+000 -2.550380e+000 -1.624976e+000 -9.673157e-002 -8.325994e-002  2.565187e-001  1.972712e-001  2.765236e-001 -7.515144e-001  5.898198e-002 -1.409983e-001  5.851060e-001 -4.875962e-002 -5.195801e-001 -1.986953e-001  3.717516e-001 -8.498482e-002
 2.122177e+000 -7.136396e+000 -3.403537e+000 -8.483630e+000 -3.540869e+000  6.386401e+000 -1.658632e+001 -5.144281e-001  9.680853e+000 -2.156394e+000  8.390748e+000 -1.414665e+001  6.702812e+001 -3.878694e-001 -2.684813e-001  9.490373e-002  2.893850e+000 -1.513350e+000 -7.729949e-001 -1.807236e+000  2.087135e+000  4.120223e-001  1.017900e+000 -2.730373e+000 -8.764631e-001 -9.045105e-002 -9.590703e-003  2.675675e-001  3.515035e-001 -6.727791e-003 -7.797770e-001  7.099281e-002  1.833473e-001  3.009219e-001 -5.425954e-003 -7.614425e-001 -3.289096e-002  7.993215e-001 -1.499013e-001
 1.823960e+000 -7.237385e+000 -3.202964e+000 -5.150497e+000 -6.074103e+000  4.819609e+000 -1.732015e+001  1.943482e+000  1.043172e+001 -1.300983e+000  3.773091e+000 -1.342206e+001  6.667996e+001 -3.199870e-001  1.106139e-001  5.785214e-001  2.724430e+000 -2.467397e+000 -7.775737e-001 -1.214757e+000  2.072358e+000  1.085766e+000 -4.523657e-001 -2.550837e+000  5.872135e-002 -3.258858e-001  1.213946e-001  2.104040e-001  4.711781e-001 -2.419892e-001 -6.286151e-001  1.304154e-001  5.343850e-001 -1.456260e-001 -1.566244e-001 -7.536046e-001  3.790713e-001  9.289839e-001 -2.309628e-001
 1.085851e+000 -6.691367e+000 -2.711920e+000 -2.358038e+000 -9.253510e+000  3.828282e+000 -1.874047e+001  5.248851e+000  9.786312e+000 -1.226105e+000  1.628607e+000 -1.239569e+001  6.656541e+001 -9.974462e-002  1.606826e-001  1.157753e+000  2.222826e+000 -2.976745e+000 -7.256334e-001 -5.131487e-001  1.978904e+000  7.278690e-001 -1.079429e+000 -2.307373e+000  1.377231e+000 -6.023010e-001  2.932073e-001  1.006559e-001  4.546542e-001 -2.458758e-001 -2.345839e-001 -6.026578e-003  8.407103e-001 -4.715991e-001 -3.804133e-001 -5.017512e-001  4.951909e-001  8.772746e-001 -3.621943e-001
 1.344115e+000 -6.473940e+000 -1.121668e+000 -9.349850e-001 -1.126340e+001  3.045693e+000 -1.939344e+001  5.544857e+000  1.460365e+001 -5.619275e+000  2.303827e-001 -1.212648e+001  6.570168e+001  2.809255e-001  2.212306e-001  1.759523e+000  1.935833e+000 -3.221166e+000 -3.043088e-001  3.542683e-001  9.968005e-001 -1.928762e-001 -1.273291e+000 -8.665242e-001  1.893096e+000 -9.956207e-001  2.806080e-001  1.649873e-001  2.776192e-001 -3.986921e-002  5.012071e-001 -2.549203e-001  1.068905e+000 -8.574386e-001 -8.451976e-001 -2.089686e-002  4.183662e-001  3.636803e-001 -4.532366e-001
 1.863377e+000 -6.714705e+000  1.344582e+000  5.227429e-001 -1.582995e+001  3.645192e+000 -1.811541e+001  7.579406e+000  1.123423e+001 -5.394391e+000 -1.374761e+000 -7.908288e+000  6.450576e+001  7.777111e-001  1.794896e-001  1.777674e+000  2.058769e+000 -2.309386e+000 -1.039760e+000  1.611802e+000  2.669186e-001 -8.507231e-001 -1.080393e+000 -1.096575e+000  2.592722e+000 -1.566555e+000  1.493512e-001  4.174005e-001  4.684235e-002  2.414852e-002  1.190712e+000 -4.159534e-001  1.189521e+000 -1.353778e+000 -9.845339e-001  9.934036e-002  3.699161e-001 -4.279060e-001 -4.423386e-001
 2.839825e+000 -6.119563e+000  3.566400e+000  3.088278e+000 -1.889171e+001  3.389610e+000 -1.586134e+001  5.762207e+000  8.743376e+000 -5.583298e+000  9.421535e-001 -6.200284e+000  6.273168e+001  6.443250e-001  9.261467e-001  1.656657e+000  2.607112e+000 -2.950414e-001 -1.895112e+000  3.067295e+000 -1.358842e+000 -2.350926e+000 -5.563678e-001 -1.064405e+000  1.269377e+000 -2.109942e+000 -4.646431e-002  5.202993e-001 -1.074339e-001 -2.641010e-001  1.418887e+000 -2.677693e-001  9.893438e-001 -1.411310e+000 -9.725012e-001  1.209789e-001  2.890351e-001 -8.517577e-001 -2.412612e-001
 4.226552e+000 -5.971107e+000  3.832416e+000  5.924178e+000 -1.698628e+001 -1.542478e+000 -1.244751e+001  6.474769e+000  8.462833e+000 -6.646059e+000 -4.210152e+000 -2.395179e+000  6.021763e+001  4.653116e-001  1.895227e+000  1.443398e+000  2.007929e+000  1.513751e+000 -2.009999e+000  4.077945e+000 -3.612166e+000 -3.115776e+000 -9.411886e-001 -3.588519e-001 -4.504394e-001 -2.256833e+000 -1.919968e-001  3.780335e-001 -1.082910e-001 -7.315180e-001  9.152415e-001  2.882779e-001  3.983716e-001 -1.012854e+000 -7.699291e-001  5.347784e-002  6.939856e-001 -8.752634e-001  1.044404e-001
 3.384152e+000 -2.215005e+000  5.917700e+000  9.399856e+000 -1.216044e+001 -3.836031e+000 -6.890921e+000 -6.970374e-001  4.234718e+000 -7.775279e+000 -3.673945e+000 -8.536152e+000  5.729603e+001  2.048037e-001  1.964858e+000  1.389491e+000  6.407481e-001  1.961702e+000 -1.158036e+000  4.067916e+000 -4.120205e+000 -3.922856e+000 -7.379991e-001  2.097896e-001 -8.441113e-001 -1.856787e+000 -1.504426e-001 -1.179430e-001 -1.384774e-001 -9.989153e-001  4.825993e-002  5.971555e-001 -2.857536e-001 -1.780319e-003 -1.148301e-001 -1.864455e-002  7.400079e-001 -1.363065e-001  4.177873e-001
 3.917771e+000  8.091516e-001  7.385923e+000  7.406600e+000 -1.162683e+001 -2.791982e+000 -2.210898e+000 -7.251802e+000 -2.090317e+000 -9.004343e+000 -8.609710e-001 -8.992552e+000  5.593942e+001  3.748791e-002  1.550301e+000  1.369802e+000 -6.156389e-001  1.138450e+000  3.309137e-002  3.103350e+000 -3.416669e+000 -3.914404e+000 -7.221882e-001  1.736256e+000 -7.268502e-001 -1.170931e+000 -1.180428e-001 -4.855828e-001 -2.877967e-001 -5.524210e-001 -5.295389e-001  5.053288e-001 -7.684721e-001  1.001645e+000  5.587839e-001  4.260111e-003  4.215588e-001  4.669265e-001  4.927323e-001
 4.018233e+000  3.145981e-001  8.737103e+000  5.550807e+000 -1.176293e+001 -1.775818e+000 -6.400685e-001 -7.975534e+000 -5.594329e+000 -8.094151e+000  3.165109e-001 -7.122155e+000  5.558685e+001  1.060240e-001  5.088946e-001  1.001068e+000 -1.075681e+000  1.339085e-001  6.912072e-002  2.125824e+000 -1.465493e+000 -2.525762e+000 -7.590907e-001  1.588081e+000  7.260503e-001 -5.639569e-001 -6.343089e-002 -4.515110e-001 -4.115989e-001  1.162641e-001 -6.993890e-001  2.063941e-001 -7.451003e-001  1.222328e+000  1.039716e+000  1.038002e-002 -1.342555e-001  7.025490e-001  3.131426e-001
 4.096951e+000  5.155975e-001  9.271724e+000  4.770507e+000 -1.149278e+001 -2.407127e+000 -5.619021e-002 -6.969327e+000 -6.194662e+000 -1.009756e+001  2.475901e+000 -6.736428e+000  5.521757e+001 -7.551245e-002  1.952951e-001  1.986263e-001  1.040384e-001 -2.200473e-001 -9.693328e-002  1.206630e+000  6.870246e-002 -1.020403e+000 -9.093423e-001  1.059796e+000  1.099113e+000 -4.395870e-001 -9.293385e-003 -2.417842e-001 -4.129722e-001  5.311177e-001 -5.583428e-001  4.323824e-003 -3.245886e-001  7.916629e-001  9.891001e-001  3.235609e-001 -6.613477e-001  8.291991e-001  1.567764e-002
 3.824683e+000  4.762446e-001  9.980140e+000  5.339499e+000 -1.155792e+001 -3.682855e+000  2.660845e+000 -8.165739e+000 -6.341921e+000 -1.102412e+001  2.598024e+000 -6.033962e+000  5.483717e+001 -5.585058e-002  3.848062e-001 -8.291511e-002  8.622299e-001 -8.559946e-001 -6.105316e-002  1.290774e+000  2.487501e-001 -1.712738e-001 -5.925220e-001 -1.232577e-001  1.755652e+000 -6.567463e-001 -3.128958e-003  7.857129e-002 -1.862965e-001  4.540697e-001 -2.805028e-002  7.258628e-002 -2.839863e-001  3.079386e-001  6.278324e-001  6.488879e-001 -7.128244e-001  7.173129e-001 -2.782523e-001
 3.636984e+000  1.704804e+000  7.757537e+000  8.032446e+000 -1.282957e+001 -2.323130e+000  2.171796e+000 -6.813188e+000 -6.818537e+000 -1.208607e+001  3.297253e+000 -4.041086e+000  5.411632e+001  7.195830e-002  4.034245e-001 -1.530672e-001  1.070994e+000 -1.158312e+000  1.197974e-001  1.897931e+000 -3.154755e-001 -1.461473e-001  8.123318e-001 -7.148131e-001  2.904344e+000 -1.046148e+000 -1.882072e-002  2.887062e-001  8.186472e-002  7.150083e-002  6.712986e-001  4.299878e-002 -3.887616e-001  1.091358e-001  3.031932e-001  7.866264e-001 -5.525837e-001  4.446752e-001 -4.595232e-001
 3.968964e+000  1.644026e+000  9.079621e+000  8.230988e+000 -1.537451e+001 -2.123083e+000  4.699810e+000 -6.809853e+000 -6.138760e+000 -1.006251e+001 -7.104537e-001  3.084347e-001  5.285374e+001  1.664388e-002  7.976863e-001  2.454323e-001  7.111899e-001  4.627894e-001  3.236868e-001  3.602419e-001  2.662892e-001  1.762719e-001  1.624512e+000 -1.088736e+000  3.409999e+000 -1.651938e+000 -1.440515e-001  4.403864e-001  1.475690e-001  7.347309e-003  1.226234e+000  1.510680e-001 -5.141581e-001  8.060870e-002  7.581887e-002  4.599777e-001 -2.161956e-001 -3.666559e-001 -5.185629e-001
 4.384602e+000  1.948829e+000  8.956647e+000  8.679735e+000 -1.537605e+001 -2.588026e+000  8.413984e+000 -9.224648e+000 -7.026978e+000 -6.516712e+000  5.560749e-001  4.614095e+000  5.097855e+001 -2.058633e-001  1.432386e+000  4.437762e-001  5.370625e-001  2.477053e+000 -7.430933e-002 -2.719116e-001  6.056117e-001  3.217902e-001  1.915273e+000 -1.220383e+000  2.495315e+000 -2.239607e+000 -2.574847e-001  3.944058e-001  6.059933e-002  8.434287e-002  1.366243e+000  2.702963e-001 -5.804873e-001  3.238828e-001 -2.012506e-003 -2.116667e-001 -7.713451e-002 -1.066479e+000 -4.070120e-001
 3.534093e+000  4.342664e+000  1.060775e+001  8.571803e+000 -7.970733e+000 -1.931973e+000  1.340961e+000 -5.628563e+000 -5.356341e+000 -5.686242e+000 -1.475068e+000  6.688442e+000  4.814637e+001 -6.371971e-001  2.072258e+000  3.565083e-001  1.165932e+000  3.457490e+000  7.913402e-001 -1.950947e-001  1.912500e-001 -2.614822e-002  1.155896e+000 -9.514507e-001  1.268871e-001 -2.652831e+000 -2.135483e-001 -9.283944e-002 -3.316891e-001  1.000017e-001  4.496030e-001  1.706790e-001 -9.348182e-002  5.926082e-001  4.445328e-001 -4.323837e-001 -8.760770e-002 -1.482898e+000  2.051127e-002
 2.825103e+000  7.517415e+000  9.212356e+000  1.054735e+001 -4.146193e+000 -2.790231e+000  2.491663e+000 -4.375774e+000 -5.600796e+000 -4.697838e+000 -2.422354e+000  5.245486e+000  4.527197e+001 -8.885447e-001  1.738168e+000  9.439144e-002  1.265338e+000  4.175550e+000  1.237452e+000 -7.268369e-001  1.341458e+000 -5.499978e-002 -1.169391e-002 -1.169128e+000 -7.864927e-001 -2.580761e+000 -1.107821e-002 -7.680506e-001 -5.506593e-001 -2.340902e-001 -8.187348e-001  6.934208e-002 -5.194597e-001  8.539429e-001  1.062925e+000 -5.556893e-001 -2.886938e-001 -1.080740e+000  7.110519e-001
 1.562727e+000  9.221022e+000  1.073431e+001  1.312684e+001 -3.701983e+000  1.934721e+000  6.685497e+000 -8.278040e+000 -6.982593e+000 -5.192464e+000 -3.978493e+000  6.271750e-001  4.244287e+001 -7.097568e-001  1.805982e-001 -1.238321e+000  8.470610e-001  1.861556e+000  5.212010e-001  1.202954e-001  2.861407e+000  2.587331e+000  4.260767e-001 -1.552402e+000 -2.363585e+000 -1.378805e+000  2.074518e-001 -1.000148e+000 -7.888333e-001 -7.672233e-001 -1.749156e+000 -2.700846e-001 -1.220217e+000  7.908672e-001  1.578733e+000 -5.024369e-001 -2.686077e-001 -2.126672e-001  1.102971e+000
 9.275612e-001  8.200489e+000  9.365323e+000  1.272890e+001  3.367326e+000  1.665888e+000  2.107531e+000 -1.192618e+000 -6.488852e+000 -6.822070e+000 -4.037855e+000  3.712265e+000  4.092649e+001 -2.249745e-001 -1.462037e+000 -1.512106e+000 -4.739528e-001 -8.186532e-001  4.074707e-001 -3.026905e+000  3.540247e+000  4.329674e+000 -4.982637e-001 -2.363376e+000 -1.663151e+000  6.786392e-001  1.420122e-001 -7.294364e-001 -4.454760e-001 -1.385907e+000 -1.995633e+000 -2.467286e-001 -1.184604e+000 -2.711441e-001  1.018657e+000 -2.724281e-002 -9.451864e-002 -7.053822e-003  1.071052e+000
 9.340802e-001  4.904118e+000  4.339658e+000  1.171633e+001 -2.419712e+000 -1.554028e+000  2.134503e+000  7.086895e+000  8.024342e+000 -2.493743e+000 -8.429328e+000 -4.362873e+000  4.342509e+001  6.827663e-002 -1.328382e+000 -2.784410e+000 -1.800539e+000 -2.791189e+000 -1.440920e-001 -5.146145e+000  3.046191e+000  5.675180e+000 -1.113003e+000 -1.697366e+000 -4.981195e-001  1.232325e+000 -3.206194e-001 -4.395725e-001  4.427201e-001 -1.480679e+000 -7.522810e-001 -1.335142e-001 -7.892556e-001 -1.644374e+000 -5.425328e-001  3.532942e-001  2.410282e-001  2.525215e-001  5.873246e-001
 2.014554e+000  2.365680e+000  4.849152e+000  8.882842e+000 -8.880594e+000  9.914967e-001 -1.036736e+001  5.642995e+000  8.544108e+000 -8.538517e+000 -1.201382e+001 -5.752468e-001  4.817406e+001 -5.675002e-001 -1.154524e+000 -1.359944e+000 -4.340399e+000 -3.476243e+000  3.364558e-001 -4.016638e+000 -1.066545e-001  3.494361e+000  6.216320e-001 -1.569240e+000 -1.754495e+000  1.468934e+000 -7.298895e-001 -2.856543e-001  5.532513e-001 -6.033474e-001  5.327787e-001 -5.511860e-001  7.332504e-001 -1.795150e+000 -1.061186e+000  1.276151e+000  6.255251e-001 -2.637390e-001 -3.787982e-001
 1.360614e+000  5.496519e+000 -9.296541e-001  6.047178e+000 -1.153397e+001  1.551457e+000 -1.280778e+001  3.535110e+000  1.387683e+001 -9.899258e+000 -8.477340e+000  2.803332e-001  4.498071e+001 -2.141591e+000 -2.171021e+000  8.991988e-001 -4.623109e+000 -5.710544e-001 -1.108627e-001 -3.331116e+000 -3.537014e+000  2.923234e-001  1.632600e+000 -7.443291e-001 -1.055306e+000  1.162671e+000 -8.234904e-001 -1.291818e-001  4.142635e-001  4.768250e-001  1.223345e+000 -7.325510e-001  1.673988e+000 -9.067521e-001 -1.216136e+000  1.371277e+000  6.999821e-001 -5.244815e-001 -1.154793e+000
-2.123207e+000  2.131666e+000  5.200258e+000 -6.138513e+000 -9.456759e+000  1.795425e+000 -1.050452e+001  5.000165e-002  8.056711e+000 -1.115232e-002 -1.186005e+001 -7.381811e+000  4.749335e+001 -2.769488e+000 -2.468989e+000 -5.876532e-001 -2.079405e+000  7.351733e-001 -2.365074e+000 -2.681671e-001 -2.143898e+000  1.715172e+000  4.509692e+000  2.877313e-001 -2.703253e+000 -1.180525e+000 -5.349836e-001  1.776906e-001 -4.684597e-001  1.729724e+000  1.136919e+000 -5.760505e-001  1.600244e+000  2.157178e-001 -6.269156e-001  4.692027e-001  8.529314e-001  7.637896e-002 -1.683750e+000
-7.704995e+000 -5.833978e+000  8.660099e+000 -3.888536e+000 -4.986902e+000 -2.510305e+000 -1.445250e+001 -7.801678e+000  9.729657e+000  1.405574e+000 -1.222786e+001 -6.236121e+000  4.957880e+001 -2.948181e+000 -1.317058e+000 -1.099237e+000 -5.469109e-001  1.219827e+000 -2.456082e+000  1.349559e+000 -4.689473e-001  4.840967e-001  3.799353e+000  8.740594e-001 -2.646148e+000 -3.216911e+000 -2.292252e-002  7.924209e-001 -8.469847e-001  1.560870e+000  4.826563e-001  2.300928e-001  1.381907e+000  1.078618e+000 -4.414375e-001 -3.189164e-001  8.865687e-001  7.819297e-001 -1.482180e+000
-7.300084e+000 -4.314018e+000 -2.883990e+000  3.453675e+000 -8.478260e+000 -8.802990e+000 -1.088584e+001  5.918996e-001  1.919355e+001  8.357529e+000 -8.699902e+000 -1.083329e+001  3.997239e+001 -2.839123e+000 -6.930530e-001 -2.703025e+000  2.270121e+000  1.312909e+000 -1.371187e+000  1.644243e+000 -5.620987e-001  2.638963e-001  1.884269e+000  1.886223e+000 -5.771788e-001 -4.760024e+000  1.979102e-001  9.260880e-001  5.938534e-002  1.718568e-001  2.202531e-001  1.132808e+000  6.570461e-001  5.166581e-001 -1.281680e+000 -1.403640e+000  7.407565e-001  1.947487e+000 -3.282787e-001
-1.079185e+001  2.134071e+000 -2.383717e+000 -1.483470e+000 -5.924081e+000 -5.429746e+000 -5.869323e+000  9.194249e-001  1.072889e+001  4.913167e+000 -5.687116e+000 -1.122467e+001  3.265663e+001 -2.221386e+000  9.031159e-001 -2.278039e+000  1.006480e+000  1.553359e+000  5.426580e-001  2.622215e+000  1.065176e+000 -1.189226e+000  1.350729e+000  2.889269e+000  1.791305e+000 -4.458479e+000  4.700154e-001  5.949780e-001  5.345023e-001 -6.133215e-001 -9.430045e-002  9.084752e-001  2.409509e-001  6.318000e-002 -1.068768e+000 -1.167800e+000  4.300470e-001  1.838943e+000  7.224760e-001
-1.477539e+001 -5.317624e+000 -2.792957e+000  4.009559e+000 -2.423625e+000 -3.600789e+000 -6.574889e+000 -7.121044e+000  8.876576e+000  7.656395e+000 -5.699305e+000 -7.773432e+000  3.215432e+001 -2.143335e+000  1.051364e+000  2.986743e-001 -1.996816e+000  1.669673e+000  1.799598e+000  2.380735e+000 -3.276695e-001 -3.856567e+000 -1.284197e+000  2.983909e+000  4.815457e+000 -2.201134e+000  7.176400e-001  5.015996e-001  8.436698e-001 -8.706419e-001 -1.847893e-001  4.343051e-001  1.215830e-002  1.962407e-001 -6.457498e-001 -7.606665e-001 -9.625817e-003  7.625210e-001  1.192506e+000
-1.507427e+001 -8.165959e-001 -2.775612e+000  8.659198e-001 -2.474229e-001 -2.398116e+000 -3.496901e+000  1.380675e+000  8.942015e+000  8.509786e+000  7.181877e-001  1.190479e+000  3.119544e+001 -9.459984e-001  7.856237e-001  7.242473e-002 -1.480050e+000  5.699432e-001  5.009013e-001  2.186068e+000 -2.702619e-001 -2.799510e+000 -4.554115e-001  2.475451e+000  3.852252e+000 -8.839758e-001  6.967282e-001  3.666013e-002  4.441340e-001 -8.264554e-003 -3.243223e-001 -1.236903e-001 -4.696606e-001 -1.792702e-002  4.890423e-001 -2.756844e-001 -6.564622e-001 -7.044469e-001  1.032742e+000
-1.587555e+001  2.418135e+000 -1.194671e+000 -7.705101e+000 -2.968226e+000 -1.320813e+000 -1.683733e-001 -1.277073e+000  8.041553e-001  1.382338e-001  3.016992e+000  7.036425e+000  2.969732e+001  1.113831e-001  1.873691e+000  3.400923e-001 -8.398239e-001  8.806705e-001  8.212171e-001  1.923109e+000  1.086824e+000 -2.159711e+000 -1.015993e+000  2.045002e+000  2.204953e+000 -5.847435e-001  1.150497e+000 -4.376360e-001 -5.691217e-001  2.747130e-001 -3.368856e-001 -2.554334e-001 -6.605029e-001 -1.707337e-001  1.002295e+000  1.484292e-001 -7.932457e-001 -2.147793e+000  1.215256e+000
-1.497177e+001  2.194311e+000 -2.820736e+000 -3.026388e+000 -2.802064e+000 -4.065228e+000  1.857757e+000 -3.353870e+000  7.675520e-001  6.395191e+000  2.331993e+000  6.316635e-001  2.946525e+001  1.348960e-001  6.752530e-001 -7.807811e-002  3.866608e-001  3.262491e-001  4.133973e-001  5.027256e-001  2.682945e-001  4.075573e-001 -1.617949e-001  7.641133e-002 -4.256773e-001 -1.029673e-001  1.449120e+000 -8.197853e-001 -9.206514e-001 -5.901414e-001 -2.113991e-001  1.190213e-001 -5.751784e-001 -8.760955e-001  3.963082e-001 -3.498014e-001 -5.621179e-001 -2.467930e+000  2.103760e+000
