34 39
-1.066080e+001  5.546119e+000 -6.944219e-001  6.311077e+000 -4.684330e+000  2.421855e+000  5.779878e+000 -4.848730e+000 -2.802111e+000  2.241305e-001  5.727744e+000 -1.337641e+000  3.413462e+001  3.221542e+000  2.903120e+000  2.733954e+000  2.905505e+000 -3.779460e-001 -1.441923e+000  2.263218e+000  4.672891e-001 -2.053217e+000  8.366885e-001  1.237100e-001 -1.236941e+000  1.929506e+000  1.040030e+000 -2.242053e-001  5.813594e-001 -7.663587e-002 -4.563729e-001 -1.522253e+000 -1.322060e-001 -5.432628e-001 -7.886044e-001 -5.079502e-001 -7.523891e-001  1.824681e-002  1.144677e+000
-7.703015e+000  9.898529e+000  4.403774e+000  7.276949e+000 -3.410679e+000  3.852854e+000  1.252927e+001  5.308204e+000 -5.646625e+000  1.548385e+000 -7.633002e-001 -7.343028e+000  3.504264e+001  4.804522e+000  2.190404e+000  2.898551e+000  2.101900e+000 -2.335504e+000 -3.205829e+000  3.261483e+000 -1.703956e+000 -4.773527e+000 -6.686932e-001 -1.695177e+000 -1.112936e+000  4.014538e+000  2.125618e-001 -8.564739e-001  2.547618e-001 -1.050401e+000 -6.874686e-001 -7.616623e-001 -1.147444e+000 -1.131569e+000  7.581214e-002 -1.256554e+000 -1.701930e-001  1.917564e-001  1.057172e+000
-4.168022e-001  1.457049e+001  8.145961e+000  1.236317e+001 -6.826145e+000 -5.175110e+000  1.129152e+001 -1.282041e+000 -9.849934e+000 -1.713160e+000  3.601976e+000 -8.169334e+000  4.030718e+001  4.000643e+000  5.351986e-001  2.537911e+000  2.872445e-001 -2.918502e+000 -3.520089e+000  2.287194e+000 -1.764194e+000 -2.999295e+000 -1.608118e+000 -1.878697e+000 -1.117260e+000  4.655186e+000 -9.168102e-001 -1.258624e+000 -3.364901e-001 -1.380679e+000 -2.546085e-001  5.491954e-001 -1.194709e+000 -4.014887e-001  1.033573e+000 -1.304471e+000  1.005848e-001  3.779172e-001  3.297204e-001
 4.634484e+000  8.955572e+000  7.656042e+000  1.006083e+001 -1.351656e+001 -1.048264e+001  2.007743e+001 -6.832309e+000 -1.504901e+001 -1.029478e-001 -3.588563e+000 -7.107026e+000  4.899160e+001  1.990866e+000 -1.246989e+000  2.743636e+000 -1.967024e+000 -2.614078e+000 -1.353204e+000 -1.809520e+000 -2.519146e+000 -2.045021e-002 -4.570879e+000  1.350279e-001  1.851583e-001  4.794680e+000 -1.424885e+000 -7.367041e-001 -8.617428e-001 -5.689314e-001  5.801266e-001  9.721603e-001 -9.447988e-001  2.171367e-001  1.408170e+000 -3.832040e-001  4.956067e-001  1.493397e-001 -7.108902e-001
 3.173662e+000  8.693590e+000  1.036900e+001  6.355358e+000 -1.422390e+001 -8.010843e+000  1.344177e+001 -7.599444e+000 -1.309739e+001 -6.990795e+000 -2.253109e+000 -7.041944e+000  5.043608e+001  4.431886e-002 -1.671302e+000  1.128961e+000 -1.963427e+000 -1.511702e+000  3.777412e-001 -1.174823e+000 -1.132560e+000  7.381099e-001 -3.734572e+000 -2.884687e-001  3.597975e-003  3.188037e+000 -9.307806e-001 -3.269154e-002 -1.351714e+000  6.481923e-001  8.600204e-001  3.573504e-001  3.101773e-001  3.126999e-001  4.816376e-001  9.858136e-001  4.393794e-002 -2.203240e-001 -1.194201e+000
 4.560820e-001  6.602032e+000  1.701044e+001  4.457343e-001 -1.278219e+001 -1.495302e+000  2.406549e+000 -4.128825e+000 -4.125146e+000 -1.866719e+001  2.839382e+000 -6.980931e+000  5.395159e+001 -3.417426e-001 -3.898660e-001 -7.056878e-001  3.825789e-001 -1.382715e-001 -2.939430e-001  2.684979e-001 -9.340902e-001  3.986230e-001 -1.521486e+000 -1.225778e-002 -9.266664e-001  1.193661e+000 -2.069391e-001  4.208213e-001 -1.364892e+000  1.253808e+000  7.338041e-001 -5.281437e-001  1.303931e+000  3.966107e-001 -3.979430e-001  2.062617e+000 -6.392483e-001 -5.197713e-001 -1.226355e+000
 1.893993e+000  7.390747e+000  9.113571e+000  7.353580e+000 -1.475184e+001 -7.780075e+000  1.425285e+001 -8.296580e+000 -1.162132e+001 -1.110390e+001 -1.054340e+000 -8.214392e+000  5.376737e+001  5.130444e-001 -5.682073e-002 -2.495996e+000  2.353405e+000  1.436964e-001 -2.262968e+000  2.799071e+000 -9.932228e-001 -8.006439e-001  1.796253e+000 -1.585364e+000 -1.662968e+000  4.846908e-001  1.830883e-002  1.836742e-001 -2.215546e-001  2.450611e-002  7.536939e-001 -9.467546e-002 -5.520500e-001  4.503305e-001  2.420633e-002  1.779628e+000 -3.591159e-001 -1.873170e-001 -5.248372e-001
 3.565606e+000  7.657664e+000  4.755317e+000  1.147462e+001 -1.394395e+001 -1.206774e+001  2.101438e+001 -1.115419e+001 -1.379394e+001 -5.653827e+000 -4.249236e+000 -1.115413e+001  5.329426e+001  7.218076e-001  4.987669e-002 -2.268343e+000  2.143601e+000  2.272436e-001 -2.673568e+000  2.723189e+000 -6.057611e-001 -1.240788e+000  2.976792e+000 -2.412766e+000 -1.580415e+000  1.457748e-002 -1.310720e-001 -5.990586e-001  6.326523e-001 -1.519232e+000  5.689662e-001  6.899272e-001 -2.371026e+000  9.055235e-001  1.064811e+000  9.375086e-001 -4.613706e-002  3.432359e-001  3.168051e-001
 4.184123e+000  7.881670e+000  4.016580e+000  1.260794e+001 -1.292454e+001 -1.403946e+001  1.813321e+001 -9.052875e+000 -1.226622e+001 -4.516211e+000 -6.635620e+000 -1.327018e+001  5.318820e+001 -3.959121e-001 -9.728025e-001  8.025162e-001 -2.721408e+000  2.074010e+000  1.094177e+000 -5.162419e+000  9.549283e-001  1.678847e+000  2.914429e+000 -8.837942e-001 -6.061128e-001  1.153394e+000 -3.085125e-001 -1.168782e+000  7.401673e-001 -1.945969e+000  3.598063e-001  1.200033e+000 -2.618142e+000  9.053651e-001  1.846248e+000 -1.152813e-002  3.923444e-001  6.325688e-001  7.424095e-001
 2.920055e+000  6.605953e+000  8.217214e+000  8.536561e+000 -1.255962e+001 -1.173345e+001  1.408232e+001 -6.779483e+000 -1.000664e+001 -7.077074e+000 -6.433807e+000 -1.235511e+001  5.431406e+001 -5.426243e-001 -2.927168e+000  8.083178e-001 -4.676174e+000  1.741402e+000  1.477121e+000 -7.605888e+000  2.619452e+000  4.482935e+000  2.606969e+000 -5.937281e-001  2.610855e-001  2.443336e+000 -2.192764e-001 -1.172804e+000 -1.067967e-001 -8.415260e-001  1.029819e-001  7.583740e-001 -7.686596e-001  2.382383e-001  1.772257e+000 -6.022579e-001  3.499692e-001  5.613576e-001  7.117739e-001
 2.372078e-001  3.052589e+000  1.139520e+001 -4.784433e+000 -5.073949e+000 -2.476337e+000 -8.093212e+000 -5.709293e+000 -5.120731e+000  4.179869e+000 -4.381025e+000 -1.064447e+001  5.902443e+001 -3.973023e-001 -4.412206e+000 -3.334902e-001 -3.966553e+000  1.185649e+000  1.661854e+000 -5.127100e+000  1.920996e+000  5.568733e+000  1.923524e+000 -5.331610e-001  5.791262e-001  2.982359e+000  6.064824e-002 -4.818464e-001 -1.094501e+000  1.088344e+000 -2.312941e-001 -3.811396e-001  2.300704e+000 -6.888921e-001  7.597131e-001 -1.282093e+000 -1.173822e-001  3.281914e-001  1.028536e-001
 2.825942e+000 -4.563637e+000  5.107594e+000 -3.210066e+000 -9.162230e+000 -1.046370e+001 -3.901849e+000  2.712747e-001  5.047995e+000  3.032978e+000 -8.345174e+000 -1.116156e+001  6.259282e+001 -3.738792e-001 -4.094440e+000 -2.234324e+000 -1.441456e+000  1.186334e+000  8.344627e-001 -1.137768e+000  1.023964e-001  5.675553e+000  4.609552e-001 -8.382363e-001  6.337536e-001  2.658964e+000  3.588182e-002  5.590418e-001 -8.268462e-001  1.505058e+000  1.270498e-001 -3.425109e-001  2.704588e+000 -1.330371e+000 -4.274400e-001 -1.212147e+000 -2.570897e-001  2.688634e-001 -5.112233e-001
 2.244668e+000 -8.594563e+000  3.903939e+000 -1.351513e+000 -8.694994e+000 -6.365067e+000  1.489789e+000 -2.973271e+000  8.050130e+000  4.638516e-002 -8.345742e+000 -1.097132e+001  6.396062e+001 -1.770435e-001 -2.798398e+000 -3.148669e+000  1.102951e+000  1.195074e+000 -4.901924e-001  3.107039e+000 -1.231005e+000  4.881104e+000 -2.423028e+000 -1.348451e+000  8.485101e-001  1.559847e+000  8.056348e-002  1.128868e+000 -2.289166e-001  9.498292e-001  2.683803e-001 -1.811768e-001  1.304032e+000 -8.165144e-001 -1.118693e+000 -6.721398e-001 -1.197631e-001  1.593484e-001 -7.835779e-001
 4.692951e-002 -8.042673e+000  7.912279e-001 -3.871779e-001 -4.817427e+000 -5.616773e+000  3.601977e+000 -7.635512e+000  1.178570e+001 -2.705555e+000 -8.642631e+000 -9.022915e+000  6.514079e+001 -4.733446e-001 -9.388629e-001 -1.918324e+000  3.143656e-001  2.371938e+000  8.405890e-001  1.799982e+000 -2.456403e+000  2.689549e+000 -1.280491e+000 -1.471532e+000  1.470711e+000  5.984756e-001  1.873956e-001  9.556196e-001  3.879888e-001  1.133424e-001  9.546024e-002  2.054698e-001 -2.599148e-001  2.645270e-002 -1.460921e+000  1.370900e-001  2.447476e-001 -4.192889e-004 -7.037755e-001
 7.414964e-001 -9.199885e+000 -2.189958e+000 -6.811234e-001 -1.270980e+000 -7.350764e+000  3.690069e+000 -7.910923e+000  1.591594e+001 -5.066003e+000 -1.097455e+001 -7.471241e+000  6.554968e+001  5.524781e-002 -3.456563e-001 -1.636073e+000 -9.531836e-002  1.934748e+000  7.529067e-001 -7.581530e-002 -8.821758e-001  1.468269e+000 -5.664514e-001 -8.153291e-001  9.573896e-001  9.471436e-002  1.905830e-001  5.045934e-001  5.561562e-001 -2.321612e-001 -2.379541e-001  4.406956e-001 -1.072824e+000  4.298022e-001 -1.331199e+000  7.276537e-001  6.086553e-001 -2.125661e-001 -4.045163e-001
 1.210804e+000 -8.955291e+000 -1.437077e+000 -1.973433e+000 -1.014545e+000 -5.767909e+000  3.997918e+000 -9.541916e+000  1.456284e+001 -8.132839e-001 -1.438843e+001 -5.558053e+000  6.479066e+001  4.469532e-001 -5.427133e-001 -1.050678e+000 -2.756091e-001  1.293798e+000  1.240262e+000 -8.459145e-001  6.024547e-002  7.736664e-002  2.181171e-001  1.189405e-001  5.772174e-001 -1.273468e-001  1.487419e-001  5.889092e-002  2.796411e-001  1.102120e-001 -5.019489e-001 -2.785611e-002 -5.619156e-001  5.024734e-001 -7.804659e-001  3.176088e-001  6.351366e-001 -2.084295e-001 -1.006242e-001
 1.938969e+000 -9.866536e+000 -3.162276e+000 -1.034978e+000 -9.226968e-001 -2.524965e+000  9.127414e-001 -6.430948e+000  1.400290e+001 -3.732008e+000 -9.549489e+000 -7.916808e+000  6.460925e+001  3.157225e-001 -4.735063e-001 -8.017111e-001  2.371322e-001  5.443739e-001  1.513449e+000 -9.341308e-001 -3.403178e-001 -4.687980e-001  4.659368e-001  8.995892e-001  2.324260e-001 -9.982300e-002 -1.486945e-002 -5.512907e-002  2.517570e-001  2.129489e-001 -4.108043e-001 -4.220394e-001  1.343772e-001  2.743919e-002 -3.994429e-001  1.197563e-001  2.529042e-001  1.631968e-001  6.850364e-002
 1.682959e+000 -1.042291e+001 -3.976001e+000 -1.588296e+000  1.477423e+000 -1.828360e+000  7.610679e-001 -8.074272e+000  1.312904e+001 -2.281968e+000 -8.760459e+000 -5.914044e+000  6.497427e+001  1.401273e-001 -5.804833e-001 -9.372993e-001  6.992005e-001  5.573810e-001  3.210372e-001 -5.804385e-001 -2.149656e-001 -2.442465e-001 -2.086414e-001  8.466923e-001  7.910449e-001  1.926231e-001 -4.635350e-002 -4.952332e-002  2.430064e-001  1.934918e-001 -4.167068e-001 -7.110559e-001  4.263948e-001 -1.363504e-001  1.280434e-001 -1.663753e-001 -7.516237e-002  2.424583e-001  1.090570e-001
 2.084032e+000 -1.083360e+001 -4.929052e+000  3.119694e-001  2.049056e-001 -1.753292e+000  6.378406e-001 -1.034633e+001  1.428884e+001 -2.001977e+000 -9.290589e+000 -6.131115e+000  6.495876e+001  1.343135e-001 -6.024167e-001 -4.339774e-001  4.820213e-001  2.489350e-001 -8.976778e-001  4.633328e-001 -6.073743e-001 -3.681390e-001  2.457096e-001  8.531618e-002  1.666460e+000  2.772476e-001 -1.980717e-002 -3.778960e-002  3.400259e-001 -1.717250e-002 -4.425356e-001 -6.238314e-001  4.383204e-001  6.543655e-002  3.499523e-001 -3.441438e-001 -1.811238e-001  1.130970e-001  7.981095e-002
 1.838910e+000 -1.137417e+001 -5.240186e+000  8.490961e-001  1.208559e+000 -4.548559e+000  1.233176e+000 -8.659051e+000  1.319864e+001 -2.721506e+000 -1.028442e+001 -2.495675e+000  6.557903e+001  3.058902e-001 -7.258747e-001 -1.951227e-002  5.694054e-001 -6.420162e-001 -1.109454e+000  5.873277e-001 -4.879784e-001  6.672540e-001 -5.036458e-001  1.502652e-001  1.072492e+000  2.294029e-001 -2.890314e-002  5.583959e-002  4.643755e-001 -1.523053e-001 -6.625629e-001 -5.187730e-002  2.124360e-001  1.722979e-001  3.451257e-001 -3.905691e-001 -8.341042e-002 -2.621671e-001 -3.221205e-003
 2.532562e+000 -1.240299e+001 -4.700070e+000  1.564330e-001  4.564104e-001 -5.653255e+000  2.993351e+000 -9.175430e+000  1.212741e+001 -2.283690e+000 -8.360929e+000 -1.293693e+000  6.569312e+001  1.338052e-001 -5.897586e-001  4.395250e-001  2.161673e-001 -1.068606e+000 -8.904624e-001  6.735882e-001  1.233713e-001  8.252134e-001 -1.107280e+000  3.421837e-001  6.571873e-001  2.808418e-001 -1.180372e-001  1.949761e-001  3.796421e-001 -7.708175e-002 -6.637177e-001  3.013190e-001 -7.945841e-002  3.354268e-001  1.709102e-001 -4.099101e-001 -6.069474e-002 -4.197143e-001 -2.927246e-002
 2.988145e+000 -1.326760e+001 -4.188053e+000  1.336499e+000 -1.858410e+000 -5.425648e+000  2.519951e+000 -1.109962e+001  1.754603e+001 -4.659340e+000 -8.473963e+000 -2.970296e+000  6.575411e+001 -4.134226e-003 -3.076144e-001  9.478272e-001  7.060082e-002 -2.096663e+000  5.804305e-002  3.766138e-001  2.811509e-001  8.847057e-001 -1.484992e+000  3.012064e-001 -1.515441e-002  1.747200e-001 -1.247108e-001  2.275855e-001  3.241370e-001 -3.235884e-002 -5.482959e-001  3.306734e-001 -1.530084e-001  4.186695e-001 -4.292836e-001 -1.621769e-002 -6.125607e-002 -2.143329e-001 -6.518250e-002
 2.178440e+000 -1.283569e+001 -3.257493e+000  1.149104e+000 -3.604638e+000 -5.767060e+000  3.362394e+000 -8.509195e+000  1.624121e+001 -6.569461e+000 -8.484898e+000 -2.607868e+000  6.627543e+001 -3.008604e-001  1.633336e-001  9.805632e-001  3.460149e-001 -2.342330e+000  2.516909e-002  1.713977e-001  6.851950e-001  3.776860e-001 -1.313168e+000 -2.936281e-001  1.117114e-001  1.582268e-001  4.571888e-004  1.618425e-001  2.309590e-001  3.560786e-002 -3.931266e-001  1.625564e-001 -1.837706e-001  3.527247e-001 -6.586587e-001  3.106424e-001  5.712987e-002 -7.208755e-002 -1.376489e-001
 1.995299e+000 -1.269590e+001 -1.222338e+000  7.057646e-001 -7.244234e+000 -4.201441e+000  2.931724e+000 -7.586414e+000  1.556526e+001 -8.003581e+000 -8.716400e+000 -1.914360e+000  6.616147e+001 -1.003308e-001  3.550673e-002  1.330653e+000  3.426874e-001 -2.746633e+000  8.609762e-002  7.338090e-002  1.324457e+000 -1.255400e+000 -4.817904e-001  1.618908e-001  2.735654e-001 -3.520203e-002  6.878840e-002  1.369174e-001  1.339981e-001  2.736473e-002 -1.839071e-001 -6.608211e-002 -1.582623e-001  4.424813e-001 -7.138337e-001  4.475504e-001  3.014321e-001  3.253715e-002 -1.636820e-001
 1.524682e+000 -1.187217e+001 -1.280111e+000  2.201874e+000 -8.562328e+000 -6.139513e+000  3.644453e+000 -7.506056e+000  1.500623e+001 -7.177409e+000 -9.707851e+000 -1.263104e+000  6.628057e+001  1.841895e-001  4.789343e-002  1.402907e+000  2.581632e-001 -2.709254e+000 -9.170790e-002 -9.364815e-002  1.365342e+000 -1.398028e+000 -5.566907e-002  6.974909e-001  1.523896e-001 -3.024414e-001  9.615622e-002  1.391327e-001  2.142664e-001 -7.429636e-002 -1.893941e-001  1.118287e-001 -3.448485e-001  5.477338e-001 -5.754103e-001  3.869366e-001  4.988957e-001 -8.450381e-002 -1.889967e-001
 2.813370e+000 -1.357182e+001  1.476524e+000  2.523551e+000 -1.311273e+001 -4.808933e+000  2.745826e+000 -4.978900e+000  1.188652e+001 -6.764318e+000 -7.053032e+000 -2.274852e+000  6.557553e+001  9.728280e-002  4.346926e-001  1.406646e+000  2.513503e-001 -2.832737e+000 -2.139290e-001 -2.821748e-001  2.153484e+000 -1.796606e+000  1.240105e-001  1.312807e+000  1.271922e-001 -4.133560e-001 -1.179903e-002  2.967197e-001  1.939027e-001  3.890684e-002 -1.607302e-001  2.542877e-001 -5.077277e-001  3.246051e-001 -9.129046e-002  7.465971e-002  4.515944e-001 -2.185856e-001 -1.629662e-001
 2.690352e+000 -1.215826e+001  2.407610e+000  1.531027e+000 -1.421666e+001 -5.921853e+000  2.987102e+000 -2.986244e+000  1.109045e+001 -7.467438e+000 -5.829127e+000 -1.665674e+000  6.505619e+001  8.111387e-002  6.594042e-001  2.013899e+000  2.020163e-002 -3.246249e+000  7.343258e-001 -1.375067e+000  3.009350e+000 -2.228762e+000  3.186148e-001  1.625392e+000 -2.376211e-001 -5.976799e-001 -1.520045e-003  2.933342e-001  1.774989e-001  3.261579e-001 -4.190612e-003  3.322192e-001 -3.699045e-001 -2.825652e-001  5.527983e-002 -1.735341e-001  2.520699e-001 -4.142416e-001 -2.152293e-001
 1.898878e+000 -1.037939e+001  3.967029e+000  2.297940e+000 -1.858075e+001 -5.379916e+000  1.849525e+000  9.211017e-001  8.540122e+000 -7.238514e+000 -4.091725e+000 -1.077114e+000  6.470688e+001 -1.077882e-001  1.213350e+000  1.994671e+000  6.562024e-001 -3.281786e+000  9.445193e-001 -1.824548e+000  2.125478e+000 -1.296485e+000 -2.956338e-001  1.955912e+000 -6.243572e-001 -7.024136e-001  1.393872e-001  4.794540e-001 -6.762926e-002  4.106865e-001  7.398953e-001 -1.996064e-003  3.267305e-001 -1.295144e+000 -2.764134e-001 -2.069901e-001  4.313646e-002 -5.110202e-001 -4.156044e-001
 2.387497e+000 -1.017136e+001  7.544132e+000  2.415689e+000 -2.205956e+001 -2.182393e+000 -2.782733e+000  4.590694e+000  5.535615e+000 -5.347237e+000 -3.061544e+000 -3.050078e+000  6.372650e+001  2.791248e-001  1.125236e+000  1.996389e+000  1.686526e+000 -2.505682e+000  9.901639e-001 -1.171984e+000 -3.348143e-002 -1.371689e+000 -7.135174e-001  1.636288e+000 -1.543044e+000 -1.234059e+000  2.478785e-001  5.864446e-001 -5.084973e-001  2.846232e-001  1.595109e+000 -5.876650e-001  1.176711e+000 -1.860094e+000 -7.575372e-001  8.827095e-002 -2.455873e-001 -4.536505e-001 -5.235823e-001
 2.425856e+000 -8.498517e+000  8.881616e+000  5.362233e+000 -2.560021e+001 -1.956067e+000 -3.491998e+000  1.860022e+000  8.181516e+000 -9.302588e+000  1.342738e+000 -4.704435e+000  6.272831e+001  6.952134e-001  2.599047e+000  1.077255e+000  1.471620e+000  4.964563e-001 -3.518284e-001  1.249936e+000 -2.800822e+000 -3.607210e+000 -3.948738e-001  1.523042e+000 -1.775197e+000 -2.173189e+000  2.604841e-001  3.559324e-001 -9.563897e-001 -1.658918e-002  1.942707e+000 -6.897780e-001  1.242958e+000 -1.532309e+000 -1.010768e+000  8.734530e-001 -4.537837e-001 -4.835518e-001 -3.551541e-001
 3.822487e+000 -7.472516e+000  9.932261e+000  8.431513e+000 -2.323534e+001 -2.682958e+000 -2.020547e-001 -3.623111e+000  4.411305e+000 -1.000299e+001 -3.649205e-001 -7.567232e+000  5.987518e+001  9.190055e-001  2.898779e+000 -6.987925e-002  1.035609e+000  2.840172e+000 -1.555826e+000  2.971246e+000 -3.827968e+000 -4.861086e+000  8.095896e-001  6.138907e-001 -1.930453e+000 -2.480204e+000  1.486724e-001 -2.182382e-001 -1.188720e+000 -3.407429e-001  1.222271e+000 -2.469639e-001  3.082939e-001 -3.724075e-001 -3.946047e-001  1.229288e+000 -1.672105e-001 -6.078617e-002  1.662013e-001
 4.657451e+000  1.266420e+000  8.159237e+000  6.648129e+000 -1.551058e+001 -6.888775e+000  6.808866e+000 -8.976104e+000 -8.933772e+000 -6.885007e+000  2.175173e+000 -7.694523e+000  5.576659e+001  8.746921e-001  2.106240e+000 -1.754144e+000  8.987153e-001  3.758820e+000 -1.231376e+000  2.318625e+000 -3.638822e+000 -4.605624e+000  3.310078e+000  1.981926e-001 -2.848411e+000 -1.855111e+000  1.312014e-002 -9.327549e-001 -8.659363e-001 -4.981484e-001 -2.995523e-001  5.818915e-001 -8.036970e-001  9.378771e-001  6.134972e-001  5.461996e-001  3.410144e-001  4.642569e-001  6.776297e-001
 5.866728e+000 -5.599400e-001  7.555925e+000  6.950785e+000 -1.290351e+001 -7.495166e+000  6.923065e+000 -9.131083e+000 -1.021217e+001 -2.508079e+000 -4.083081e-001 -1.120730e+001  5.480634e+001  9.327472e-001  2.804482e-001 -2.531512e+000  2.692646e-001  1.974494e+000  1.951183e-001 -1.648587e-001 -1.476519e+000 -2.845505e+000  3.580446e+000  1.462660e+000 -1.310368e+000 -5.620911e-001 -6.946687e-002 -7.729794e-001 -2.010227e-001 -8.453106e-001 -1.258568e+000  8.606035e-001 -9.843790e-001  1.685001e+000  7.141466e-001 -6.783390e-001  9.459273e-001  8.778213e-001  7.200778e-001
 5.777197e+000 -1.423603e+000  1.299064e+000  1.059617e+001 -1.197202e+001 -5.706843e+000  4.538570e+000 -1.358010e+001 -7.534867e+000  3.500346e+000  2.355395e+000 -1.712646e+001  5.598717e+001  7.539433e-001 -7.555621e-001 -2.021610e+000 -6.359495e-001 -5.684660e-001  1.682157e+000 -1.200497e+000  7.128391e-001 -1.547514e+000  9.506959e-001  2.803729e+000  2.360444e-001  2.559032e-001 -6.643963e-002 -1.738369e-001  6.536082e-001 -1.235172e+000 -1.318790e+000  4.117267e-001 -3.330556e-001  1.888322e+000  3.000337e-001 -1.631166e+000  7.727266e-001  9.758912e-001  3.518693e-001
