26 39
-5.306227e+000 -1.577773e+001 -1.037583e+001 -7.250504e+000 -4.360713e+000 -7.009063e+000 -1.127364e+001 -5.260577e+000  5.419929e+000 -3.378207e+000 -1.128904e+001 -3.649215e+000  5.820192e+001 -2.322747e+000 -2.486025e+000  4.131805e+000  3.360254e+000 -3.417275e+000 -2.309838e+000  1.112885e+000  1.283083e+000 -3.239450e+000 -7.035701e+000 -3.057073e+000  6.745552e-003  4.796453e+000 -4.182787e-002  1.077513e+000  4.944318e-001 -2.545738e+000 -1.882575e+000  1.422503e+000  9.612801e-002  2.165051e-001 -1.557315e+000  2.305056e-001  2.313358e+000  1.013892e-001  1.071914e+000
-5.694275e+000 -1.413883e+001 -2.577999e+000 -4.960460e+000 -2.525975e+000 -4.872015e+000 -9.069103e+000  1.538552e+000  8.808060e+000  2.421965e+000 -1.079058e+001 -2.336786e-001  5.371916e+001 -1.863678e+000 -1.327769e+000  3.365912e+000 -1.340867e+000 -4.471719e+000  1.864095e-002  1.341538e+000  2.309491e+000 -4.005780e+000 -3.395424e+000  7.112752e-001 -2.622893e-001  4.477798e+000  4.789682e-001  1.063335e+000 -3.374476e-001 -2.262495e+000 -1.481164e+000  1.519448e+000  2.613973e-001  1.167710e-001 -5.189047e-001  1.353277e+000  2.465612e+000 -8.019294e-001  7.763878e-002
-9.865941e+000 -1.750479e+001 -5.658205e+000 -1.072397e+001 -1.910600e+001 -6.873566e+000 -3.626249e+000  7.680299e+000  1.680340e+000 -5.998175e+000 -7.541851e+000 -9.503222e+000  6.617244e+001 -5.729160e-001  1.506427e-001  2.284529e+000 -1.966399e+000 -5.418055e+000  1.580628e+000  3.596769e+000  2.788530e+000 -2.244750e+000 -1.959780e+000  3.338401e+000 -2.767188e+000  2.370899e+000  8.811992e-001  9.020887e-001 -1.356737e-001 -8.260604e-001  3.493199e-002  1.028886e+000 -2.943638e-001 -5.020378e-001  7.357014e-001  2.186449e+000  1.624754e+000 -6.343460e-001 -1.327944e+000
-7.908029e+000 -1.550286e+001 -2.453127e+000 -1.218613e+001 -1.999412e+001 -3.498127e+000  1.535449e+000  9.999249e+000 -1.593732e+000 -9.826852e+000 -6.511185e+000 -8.351842e+000  6.282022e+001  4.942219e-001  4.675249e-001  2.278354e+000 -1.301746e+000 -5.651450e+000  2.113671e+000  2.026916e+000  1.419214e+000 -2.002833e+000 -7.324474e-001  4.003590e+000 -3.303440e+000  1.831017e+000  4.867651e-001  6.130443e-001  3.553789e-001  2.192468e-001  7.186495e-001  1.828227e-001 -1.233947e+000 -1.228524e+000  8.523658e-001  1.846929e+000  4.107342e-001 -3.253786e-002 -1.182410e+000
-7.063931e+000 -1.434250e+001  9.843744e-001 -1.346966e+001 -2.271691e+001  2.071337e-001  1.407930e+000  4.451723e+000 -6.029240e-001 -7.052699e+000  3.263269e+000 -1.342607e+001  6.550588e+001  9.042997e-001  1.126772e+000  3.997216e+000 -7.896083e-001 -2.652750e+000  1.787080e+000 -7.016233e-001 -7.819682e-001 -5.624169e-001  2.565053e+000  3.420542e+000 -1.644409e+000 -5.198795e-001 -1.039171e-001  3.777980e-001  5.574235e-001  2.647616e-001  1.194522e+000 -5.153732e-001 -1.826531e+000 -1.351715e+000  3.327318e-001  1.422897e+000 -6.683307e-001  1.014581e+000 -7.305501e-001
-4.624171e+000 -1.338235e+001  5.492480e+000 -1.009634e+001 -2.897777e+001  2.155991e+000 -1.451612e+000  1.024891e+001 -6.447568e-002 -7.130098e-001  3.824815e+000 -1.478945e+001  6.320753e+001 -1.684599e-001  1.249388e+000  4.286463e+000 -8.330284e-001 -2.261124e+000  8.295287e-001 -2.679000e+000 -2.047878e+000 -5.851173e-001  3.576803e+000  2.723876e+000 -9.863678e-001  1.113396e-002 -4.116494e-001  3.079388e-001  3.104079e-001  2.226197e-002  1.292098e+000 -8.604591e-001 -1.195977e+000 -1.167206e+000  1.053140e-002  6.519402e-001 -1.047797e+000  1.340839e+000 -4.057874e-001
-6.986372e+000 -1.293118e+001  1.035507e+001 -1.571690e+001 -2.787793e+001 -7.652260e-001 -5.640834e+000  3.645626e+000 -1.896372e+000  2.270171e+000  4.392859e+000 -1.450646e+001  6.337939e+001 -7.611606e-001  1.648701e+000  4.067591e+000 -8.769500e-001 -1.140606e+000 -3.541669e-001 -3.182930e+000 -2.236501e+000 -1.289949e+000  3.000081e+000  6.366053e-001  1.147183e+000 -3.719101e-001 -2.028812e-001  1.511804e-001 -1.602672e-001  1.181721e-001  7.795452e-001 -7.249705e-001 -2.606300e-001 -5.844961e-001 -2.827423e-001 -1.321496e-001 -1.152526e+000  1.166122e+000 -7.147301e-002
-8.789108e+000 -9.961577e+000  1.429384e+001 -1.522766e+001 -2.871924e+001  1.135696e+000 -8.335170e+000  1.629082e-001 -3.872594e+000  3.395727e+000  6.543400e+000 -1.274349e+001  6.393914e+001 -7.312952e-001  1.746254e+000  3.795206e+000 -1.146765e+000  5.296955e-002 -1.118001e+000 -2.712316e+000 -3.689551e+000 -1.586411e+000  2.309740e+000  1.565718e-001  2.004960e+000 -2.719044e-001  2.633937e-001 -1.122932e-002 -3.401936e-001  2.426012e-001  6.555517e-001 -3.554485e-001  2.488618e-001 -3.371649e-002 -1.314903e-001 -3.245353e-001 -1.124803e+000  7.340083e-001 -2.739511e-001
-8.787265e+000 -7.809385e+000  1.692165e+001 -1.528875e+001 -2.854921e+001 -1.053554e+000 -1.106494e+001 -1.687782e+000 -5.148608e+000  5.893337e+000  5.087003e+000 -8.713141e+000  6.328053e+001  1.713111e-001  1.634241e+000  3.441509e+000 -4.187927e-002  8.792935e-002 -8.640075e-001 -1.988116e+000 -2.883612e+000 -1.475482e+000  2.537837e+000 -1.058435e+000  2.690538e+000 -7.357254e-001  4.266203e-001 -1.597621e-001 -5.142007e-001  2.926982e-001  4.995629e-001  9.282521e-002  3.511791e-001  3.742865e-001  1.423035e-001 -3.695310e-001 -7.973459e-001 -8.612286e-002 -2.748406e-001
-7.380201e+000 -7.211979e+000  2.118522e+001 -1.604424e+001 -2.837728e+001 -3.289853e+000 -1.230114e+001 -5.532135e+000 -6.370410e+000  9.024106e+000  4.260602e+000 -7.661315e+000  6.189744e+001  6.822726e-001  1.200472e+000  2.898536e+000 -3.755789e-002  4.023666e-001 -6.927935e-001 -2.032098e+000 -1.892905e+000 -1.149802e+000  2.185248e+000 -2.052617e+000  1.911996e+000 -1.176714e+000  2.471074e-001 -1.246554e-001 -7.480271e-001  3.646330e-001  4.098970e-001  2.778389e-001  3.751773e-001  6.611246e-001  3.221014e-001 -5.288001e-001 -5.296908e-001 -5.773963e-001 -2.667583e-001
-6.834270e+000 -6.134779e+000  2.411693e+001 -1.551801e+001 -2.760926e+001 -2.872489e+000 -1.359843e+001 -7.924914e+000 -8.024873e+000  1.214516e+001  2.420816e-001 -3.594859e+000  6.072161e+001  6.651571e-001  1.122782e+000  1.944922e+000  3.193741e-002  1.182510e+000 -1.026448e-001 -1.767143e+000 -1.263392e+000 -7.967350e-001  1.214672e+000 -2.245529e+000  7.630501e-001 -1.293708e+000  4.205113e-002  2.979895e-002 -9.534578e-001  2.994778e-001  5.158581e-001  9.944120e-002  5.204946e-001  2.774293e-001  4.561363e-001 -7.635032e-001 -1.642053e-001 -6.310281e-001 -2.714843e-001
-6.354243e+000 -4.796521e+000  2.518888e+001 -1.530082e+001 -2.717738e+001 -1.418804e+000 -1.722892e+001 -6.183051e+000 -8.183473e+000  1.119606e+001 -1.297226e+000 -5.742646e+000  5.933503e+001  2.573186e-001  1.378707e+000  8.033632e-001  6.394914e-001  1.555164e+000 -1.094880e-001 -9.469154e-001 -1.194038e+000 -3.152770e-001  3.273218e-001 -1.898335e+000  8.172207e-002 -1.326704e+000 -1.598739e-002  3.857907e-001 -1.004621e+000  4.388249e-001  5.188334e-001  3.090632e-002  9.472173e-001 -2.697867e-001  3.656982e-001 -7.201869e-001  5.598164e-002 -1.310503e-001 -4.745854e-001
-5.974458e+000 -3.403204e+000  2.464443e+001 -1.550078e+001 -2.323660e+001 -2.502302e+000 -1.743676e+001 -7.679284e+000 -8.225752e+000  1.088072e+001 -3.361731e+000 -5.857226e+000  5.809319e+001  5.940438e-001  1.694118e+000 -2.781935e-001  1.116985e+000  2.090821e+000 -6.584542e-001  7.176618e-002 -1.845900e+000  3.879371e-001 -3.507161e-001 -1.956603e+000  4.505344e-001 -2.018152e+000 -5.897688e-002  4.614943e-001 -8.683788e-001  6.126046e-001  1.885077e-002 -1.675781e-001  9.666945e-001 -3.133024e-001  1.094694e-001 -4.292383e-001  3.310762e-001  2.416048e-001 -5.209491e-001
-6.523514e+000 -1.684232e+000  2.493828e+001 -1.285540e+001 -2.278779e+001 -4.022387e+000 -1.511655e+001 -1.162514e+001 -7.846356e+000  1.129294e+001 -3.429167e+000 -6.121521e+000  5.657813e+001  6.378924e-001  2.843757e+000 -1.013008e+000  1.614043e+000  2.542378e+000 -2.603572e-001  1.784534e+000 -2.950585e+000  8.635297e-002 -6.329926e-001 -1.917173e+000  1.413002e+000 -3.187419e+000 -1.491576e-001  1.340630e-001 -5.342568e-001  3.714590e-001 -5.665526e-001 -3.679569e-001  5.972255e-001 -7.140517e-003 -2.389388e-001 -1.288628e-001  4.204093e-001  1.260137e-001 -1.493005e-001
-3.779415e+000  7.796661e-001  2.285126e+001 -1.115579e+001 -1.934995e+001 -4.862969e+000 -1.429578e+001 -1.443337e+001 -6.253746e+000  1.034314e+001 -8.474960e+000 -1.152749e+000  5.200930e+001  1.799858e-001  2.697728e+000 -1.488786e+000  2.607684e+000  7.831572e-001 -8.651006e-001  1.700605e+000 -1.951630e+000 -4.502033e-001 -4.513627e-001 -5.807296e-001  1.305434e+000 -2.968096e+000 -3.693187e-001 -3.743308e-001 -5.503538e-001  7.757187e-004 -7.040102e-001 -4.634359e-001 -1.512623e-002  4.245931e-001 -3.386804e-001 -3.447663e-001  5.662479e-001 -4.597652e-002  7.379311e-002
-4.262302e+000  7.330829e+000  2.102043e+001 -9.403095e+000 -1.640881e+001 -1.540256e+000 -9.876740e+000 -1.755893e+001 -8.737711e+000  8.299882e+000 -8.326473e+000 -1.029872e+000  4.643987e+001 -2.814405e-001  1.547217e+000 -1.262624e+000  1.751437e+000 -6.237671e-001 -1.845950e+000  1.224792e+000 -1.176875e+000 -1.090901e+000 -2.666687e-001 -4.842253e-001  2.843408e-001 -1.598235e+000 -4.643206e-001 -8.728509e-001 -9.402804e-001 -2.554179e-001 -1.177262e-001 -5.656407e-001 -6.072006e-001  1.126286e+000  1.500594e-001 -6.452806e-001  6.709078e-001 -1.182628e-001 -1.048526e-001
-6.205135e+000  5.577907e+000  1.915943e+001 -4.188507e+000 -2.251031e+001 -8.068871e+000 -1.155364e+001 -1.447054e+001 -1.003109e+001  1.012043e+001 -3.816726e+000 -1.875881e+000  4.832183e+001 -7.928831e-001  4.707342e-001 -2.905154e+000  1.052167e+000  1.538424e-001 -2.182837e+000  2.760056e-001 -6.097893e-001 -7.168377e-001 -2.257709e+000  1.581636e-001  7.849826e-001 -2.443779e+000 -4.775857e-001 -7.416798e-001 -1.156354e+000 -2.295494e-001  1.357163e+000  8.831726e-002 -4.215721e-001  1.390203e+000  7.575665e-001 -8.113015e-001  6.843500e-001  1.404141e-001 -7.490900e-001
-6.717856e+000  3.652731e+000  2.047108e+001 -7.581857e+000 -2.432644e+001 -1.164918e+001 -1.036366e+001 -1.749093e+001 -1.141219e+001  1.007095e+001 -8.179411e+000 -4.338252e+000  5.043069e+001 -1.197276e+000 -4.070002e-001 -5.006226e+000  1.114712e+000  2.268404e+000 -2.429693e+000 -5.391697e-001  2.009927e+000  9.699672e-001 -2.956222e+000  1.067920e+000  1.081914e+000 -3.973841e+000 -3.471740e-001 -2.566647e-001 -8.799089e-001  2.065540e-001  1.898811e+000  7.590564e-001  3.896303e-002  1.745746e+000  1.062328e+000 -5.440969e-001  8.038705e-001  2.222339e-001 -9.073157e-001
-6.516054e+000  4.972386e+000  8.600162e+000 -6.805580e+000 -1.462192e+001 -1.072269e+001 -1.267230e+001 -1.751632e+001 -8.500695e+000 -1.830936e+000 -7.757673e+000  4.426354e+000  3.779500e+001 -1.750025e+000 -3.356221e-002 -5.398756e+000  1.778299e+000  6.122887e+000 -1.316428e-001  4.747258e-001  3.405986e+000  2.307195e+000 -3.163093e+000  2.064948e+000  1.608717e+000 -5.525743e+000  2.828525e-001  3.181443e-001  3.253309e-001 -9.306816e-002  6.599702e-001  1.025217e+000  6.422159e-001  1.021210e+000  5.490482e-001  5.101520e-001  8.168888e-002 -7.754588e-001  3.665917e-001
-1.009322e+001  5.598589e+000  1.268930e+000 -2.520996e+000 -9.010982e+000 -1.236181e+001 -1.201326e+001 -5.986409e+000 -4.653072e+000 -5.055438e-001 -1.016400e+000  1.228583e+000  3.183408e+001 -1.538740e+000  5.160412e-001 -4.415369e+000  2.421140e+000  5.885767e+000  9.237353e-001  1.320248e+000  5.543966e+000  2.708725e+000 -2.534461e+000  2.581735e+000  9.836428e-001 -4.593831e+000  8.222808e-001  5.658619e-001  1.468663e+000 -5.271484e-001 -9.095628e-001  9.003819e-001  7.677403e-001 -5.100716e-001 -2.480749e-001  6.462052e-001 -9.733197e-001 -1.412519e+000  1.505728e+000
-1.326757e+001  4.437167e+000  1.766722e+000  2.172559e+000  4.463952e-001 -8.370772e+000 -8.355210e+000 -3.192867e+000 -1.874674e+000 -4.067872e-001  2.926508e+000  3.384289e+000  2.999142e+001  7.921110e-001  1.599935e+000 -1.573929e+000 -6.638806e-002  1.645012e+000  1.266532e+000  2.557377e+000  2.729242e+000  1.159025e+000  8.216996e-002 -1.902996e-001 -3.043175e+000 -3.008255e-001  7.629392e-001  1.775214e-001  1.541779e+000 -5.611224e-001 -1.873841e+000  4.919594e-001  4.777603e-001 -1.491449e+000 -5.821342e-001  8.384243e-001 -1.228559e+000 -9.795201e-001  1.735659e+000
-1.103579e+001  6.500546e+000  1.810955e+000  3.477617e-002 -2.431769e+000 -8.206467e+000 -5.920960e+000  3.067178e+000 -1.181575e+000 -3.313433e+000 -6.128260e-001  1.100995e+000  3.136333e+001  1.643059e+000  1.605561e+000  4.246776e-001 -5.986861e-001 -4.047187e-002  1.373130e+000  2.258206e+000 -2.020591e-001  3.036776e-001 -1.347828e+000 -2.671055e+000 -3.654733e+000  9.423410e-001 -9.475404e-003 -4.880951e-001  1.015462e+000  3.528740e-003 -1.104920e+000  3.668149e-001  8.062041e-002 -1.775525e+000 -5.776708e-001  9.493982e-001 -2.277542e-001  4.515785e-001  8.086672e-001
-2.084214e+000  1.252108e+001  4.595039e-001 -8.415406e+000 -9.686471e+000 -6.467705e+000 -2.931564e+000 -8.396901e+000 -4.441321e+000 -1.614203e-002 -8.910958e+000 -1.072573e+001  3.652625e+001  4.737719e-001  3.092851e-001 -1.098846e-001  4.826008e-001 -2.831988e-001  2.103457e+000  2.394548e+000 -1.178248e+000  5.990476e-001  4.357116e-001 -1.451450e+000 -9.696949e-001  3.844666e-001 -1.109283e+000 -1.162156e+000  1.212006e-001  6.973965e-001  1.206545e-001  2.686515e-001 -2.767344e-001 -3.726670e-001  9.293856e-003  5.922161e-001  1.139758e+000  2.071923e+000 -4.889119e-001
-7.469607e+000  9.584437e+000  4.045927e+000 -2.204440e-001 -4.146908e+000 -6.447692e+000 -3.434052e+000 -4.394688e+000 -1.851361e+000 -7.440006e+000 -8.452942e+000 -9.990074e+000  3.327837e+001 -1.426947e+000 -1.279110e+000 -7.008269e-002  2.164290e+000  1.325273e+000  2.339347e+000  1.804764e+000 -1.379915e+000  1.003594e-001  2.035759e+000  2.073539e+000  2.204795e+000 -8.931406e-001 -1.210864e+000 -1.004791e+000 -4.373808e-001  1.581022e-001  5.517503e-002 -7.443361e-002 -4.613690e-001  6.412143e-001  2.388768e-001  6.888852e-001  1.293697e+000  1.495210e+000 -5.832469e-001
-1.268181e+001  4.441647e+000  9.981289e-002  4.713173e+000 -1.120292e-001  1.267125e+000  2.374076e+000 -5.353173e+000  1.455456e+000  3.835057e+000 -4.106836e-001  4.081349e+000  3.095623e+001 -3.219299e+000 -2.768511e+000 -7.205456e-001  2.039106e+000  1.565412e+000  2.126681e+000  1.400426e+000  1.454835e+000  1.307153e+000  1.351457e+000  3.136191e+000  4.386673e+000 -1.827644e+000 -6.745047e-001 -4.741820e-001 -3.111846e-001 -5.614842e-001 -2.847661e-001 -4.550712e-001 -7.245709e-001  8.686623e-001  2.901582e-002 -3.108292e-001  3.783446e-001 -8.746957e-003  1.578791e-001
-1.287173e+001  4.144715e+000  1.640387e+000  4.291935e+000 -5.926269e-001 -3.771460e-001  4.500387e-001 -5.354260e+000 -3.628167e+000  4.939763e+000  5.504734e+000  4.721431e+000  2.968263e+001 -2.564727e+000 -1.879498e+000 -1.456896e+000 -5.864277e-001 -6.889021e-001  9.893501e-001  4.484225e-001  1.687471e+000  1.144009e+000  1.638725e+000  1.503611e+000  1.143135e+000 -8.678381e-001 -1.137307e-001 -1.433223e-001 -2.158861e-001 -8.556710e-001 -5.197799e-001 -6.324494e-001 -7.492222e-001  3.367975e-001 -2.193955e-001 -7.898099e-001 -5.153044e-001 -7.655247e-001  1.177816e+000
