28 39
-5.198350e+000  7.311935e+000  3.189478e+000  6.646836e+000  5.274328e-001 -1.740262e+000 -6.091981e+000 -1.351305e+001 -9.688194e+000  2.633204e+000  4.951984e-001 -2.410856e+000  3.698263e+001 -4.306051e+000 -5.257087e+000 -2.333252e+000 -4.204086e+000  4.893577e-001  4.904874e-001  1.645160e+000  4.412673e+000  1.632186e+000  1.125263e+000  2.415107e+000 -9.822918e-001  6.451500e-001 -5.298866e-001 -8.232249e-001  1.014930e+000 -1.461915e+000 -1.206511e+000 -8.721349e-002 -7.072733e-001  9.381102e-001  1.599571e+000  4.835817e-001  3.942010e-001 -9.816163e-002  2.286172e+000
-6.040230e+000 -6.630826e+000 -1.160869e+001 -2.658752e+000 -7.345885e+000 -5.831478e+000  2.698691e+000 -1.249239e+001 -6.259077e+000  2.583292e+000 -4.675649e+000  3.451889e-001  4.097657e+001 -4.629071e+000 -4.683214e+000  7.117942e-001 -5.436395e+000 -1.216945e+000  1.773611e-001 -1.458026e-001  5.831979e+000  3.395438e+000  1.973767e+000  2.704793e+000 -1.035296e+000  4.606458e+000 -4.268249e-001  1.256110e+000  2.103387e+000 -6.023391e-002 -2.642723e-001  2.676491e-002 -8.623208e-001  3.430155e-001  1.492256e-001  2.560627e-004  1.974588e-001 -1.019101e-001  1.621353e+000
-1.362580e+001 -6.986936e+000  3.163015e+000 -1.306544e+001  1.753022e+000 -4.222699e-002 -4.969826e+000 -3.133110e+000 -5.893075e+000 -2.930038e+000  4.124143e+000 -1.038142e+000  4.603832e+001 -4.942773e+000 -1.305883e+000  2.484076e+000 -3.781443e+000  3.936444e-001 -1.435803e+000 -5.001800e-001  5.626381e+000  1.615295e+000  1.741942e+000  4.003027e+000 -2.367060e-001  5.925427e+000  1.687451e-001  1.837397e+000  9.445624e-001  1.257037e+000 -2.655656e-001 -4.312661e-002 -1.814274e-001 -9.984735e-001 -1.084028e+000 -7.365405e-001 -4.587478e-001  1.593555e-001  4.654204e-002
-1.801549e+001 -5.515803e+000  6.724215e+000 -8.681985e+000 -1.615965e+000 -6.240693e+000 -5.341421e+000  2.604126e+000 -2.029089e+000  8.200319e+000  9.000171e+000 -4.721789e+000  5.994203e+001 -5.207158e+000  1.787422e+000  4.245241e+000 -1.252905e+000  9.011112e-001  2.627609e-001 -1.374046e-001  4.246821e+000 -5.696790e-001  2.147279e-002  2.820117e+000 -9.518433e-001  3.929584e+000  9.346099e-001  9.727726e-001 -3.137978e-001  1.173928e+000 -4.625809e-001  3.611746e-001  4.892639e-001 -1.757772e+000 -1.152529e+000 -1.263294e+000 -1.100739e+000  4.167208e-001 -1.773458e+000
-2.392459e+001  2.250078e-001  6.443406e+000 -9.248761e+000 -3.693054e-001 -8.714667e+000 -4.572825e+000  7.070601e+000 -3.726715e+000  8.534402e+000  1.367243e+001 -1.060897e+000  5.712704e+001 -3.173282e+000  6.945778e-001  6.228366e-001 -1.064768e-002 -1.897498e+000  2.321545e-001  7.338243e-001  2.128844e-001 -1.805397e+000 -1.581292e+000  6.370540e-002 -2.272405e-001  1.216297e+000  1.833159e+000 -4.124019e-001 -1.047900e+000  4.813160e-001 -1.191145e+000  5.656790e-001  4.160002e-001 -1.809811e+000 -2.620670e-001 -8.905427e-001 -1.423147e+000  5.829051e-001 -2.210928e+000
-2.692662e+001 -1.299690e+000  7.977318e+000 -1.083161e+001 -1.779166e+000 -1.814530e-001  1.813168e+000  3.639864e+000 -1.019065e+001 -3.041564e+000  4.650794e+000 -4.402650e+000  5.508014e+001 -8.407677e-001 -8.195812e-001  7.342486e-002 -1.452155e+000 -2.384278e+000  1.149255e+000  1.683515e+000 -2.501332e-001 -6.568583e-001 -2.681085e+000 -8.292392e-001  1.043576e+000 -1.906269e+000  2.671744e+000 -5.153781e-001 -9.908878e-001  4.293784e-001 -1.228385e+000 -1.296861e-001 -5.366693e-001 -1.050402e+000  4.197706e-001  7.015169e-003 -9.198288e-001  7.879124e-001 -1.438102e+000
-2.503664e+001 -5.622103e+000  5.650646e+000 -1.204386e+001 -7.652869e+000 -1.911075e+000 -4.877999e+000 -2.586557e+000 -1.083928e+001 -5.215559e+000  6.617359e+000 -2.333914e+000  5.455075e+001  2.039829e+000 -2.064391e+000 -6.695160e-001 -1.275238e+000 -3.919385e+000  9.493451e-001  6.693615e-001 -1.174196e+000  3.485491e-001 -1.359492e+000 -1.288030e+000  1.680110e+000 -2.211284e+000  2.568112e+000  1.283677e-001  2.235421e-001  8.471152e-001 -5.450085e-001 -3.794160e-001 -1.363850e+000 -6.935272e-002  3.406086e-001  6.389332e-001 -3.371548e-001  1.466032e-001 -4.908620e-002
-2.166330e+001 -6.690153e+000  7.487719e+000 -1.454521e+001 -9.895573e+000 -3.896212e+000  3.228739e+000  6.182039e+000 -1.757099e+000  1.669876e+000  8.381508e+000  1.132598e+000  5.169882e+001  5.545007e+000  5.900156e-001 -6.302130e-002  1.526282e+000 -4.229870e+000 -7.442651e-001 -2.788520e+000 -3.116501e-001  4.522011e-001 -5.435147e-002 -1.103160e+000  2.034043e+000 -1.547134e+000  1.543502e+000  4.473911e-001  7.270434e-001  1.204954e+000 -1.217111e-001 -5.686547e-001 -1.803360e+000 -5.724752e-003 -3.112598e-001  6.893104e-001  1.023931e-001 -6.837964e-001  1.289886e+000
-1.635711e+001 -7.401716e+000  3.340626e+000 -1.376815e+001 -1.590803e+001 -2.110562e+000 -1.933803e+000 -7.146467e-002 -6.200746e+000 -6.187787e-001  5.366918e+000  4.572029e+000  4.776127e+001  6.474392e+000  6.316178e-001  1.808770e+000  2.735710e+000 -3.699745e+000 -7.181652e-001 -3.849410e+000 -1.031207e-001 -6.568838e-001  3.000068e-001 -1.485108e+000  1.054186e-002  7.912983e-001 -6.619792e-002  1.863307e-001  9.004138e-001  6.603473e-001  4.437826e-001 -3.882174e-001 -9.809388e-001  3.962872e-001 -3.544330e-001  3.859702e-001  8.058988e-001 -1.214530e+000  1.643411e+000
-3.541354e+000  2.540195e+000  8.817222e+000 -2.338058e+000 -1.880094e+001 -3.803035e+000 -1.360153e+001  8.240674e-001 -1.024891e+001 -5.611712e+000 -2.397835e-001  2.314595e+000  5.073921e+001  4.659461e+000  6.936989e-002  2.469499e+000  2.567141e+000 -3.102653e+000 -8.602629e-001 -5.073898e+000 -8.142945e-001 -1.710441e+000 -6.428238e-002 -2.187345e-001 -1.540622e+000  3.041871e+000 -1.643868e+000 -6.518388e-001  2.502532e-001 -4.800843e-001  6.721485e-001  6.665681e-002  6.240376e-001  2.589713e-001  1.357358e-001  1.095237e-001  1.325640e+000 -1.151021e+000  1.034696e+000
-1.725653e+000 -7.079188e+000  1.402975e+001 -4.468888e+000 -2.169891e+001 -5.548489e+000 -1.570991e+001 -4.231749e-001 -9.877791e+000 -7.473125e-002  3.502462e+000 -2.872203e+000  5.898705e+001  2.151613e+000 -8.724149e-001  2.566293e+000  1.506070e+000 -2.264080e+000 -9.337431e-001 -3.092643e+000  1.058562e+000 -3.422949e-001  5.753244e-001  2.299251e+000 -2.605209e+000  3.711269e+000 -1.862538e+000 -3.161594e-001 -5.660506e-001 -7.956164e-001  8.646067e-001  1.518538e-001  1.459534e+000  1.172035e-001  5.796130e-001 -1.610269e-001  1.096527e+000 -4.390669e-001 -2.683589e-001
-5.681724e+000 -6.504568e+000  1.449065e+001 -6.359135e+000 -2.251340e+001 -6.478563e+000 -1.525269e+001  2.286422e+000 -8.470780e+000  1.076440e+000  8.220063e+000 -2.848397e+000  6.129528e+001 -5.129411e-001 -1.917162e+000  8.094833e-001 -2.593194e-001 -1.586960e+000 -3.031921e-001 -4.671478e-002  4.023649e-001  9.735858e-001  3.556083e-001  3.632860e+000 -2.413184e+000  2.166362e+000 -1.084748e+000  1.681208e-001 -7.429215e-001 -6.700251e-001  9.449296e-001  1.554462e-001  1.516187e+000 -1.092171e-001  5.302005e-001 -1.269911e-001  4.172485e-002  2.293173e-001 -1.160143e+000
-4.528860e+000 -7.241409e+000  1.333537e+001 -4.227264e+000 -2.537220e+001 -5.441514e+000 -1.657144e+001  4.490170e+000 -8.801287e+000 -1.086233e+000  1.263325e+001 -5.872520e+000  6.103958e+001 -2.520961e-001  4.408655e-002 -1.914746e-001  1.708579e-001 -1.345575e-001 -2.374317e-001  9.346682e-001 -1.254331e-001  8.991678e-001 -7.150730e-001  2.071730e+000 -1.748511e+000 -1.127419e-001 -2.623879e-001  6.178097e-001 -4.347750e-001 -4.493430e-001  8.326802e-001 -1.018551e-002  6.845413e-001 -4.793132e-001 -5.304482e-003  1.439558e-002 -9.784878e-001  7.102896e-001 -1.267180e+000
-4.704455e+000 -6.964505e+000  1.321182e+001 -3.755467e+000 -2.489910e+001 -5.372483e+000 -1.340434e+001  3.792197e-001 -5.919236e+000 -3.327919e+000  1.335912e+001 -8.251169e+000  6.054476e+001  4.375728e-001  4.517233e-001  1.337756e-001 -1.153785e-001  5.572335e-001 -4.311873e-001  4.933807e-001 -7.683821e-001  3.198306e-001 -5.403914e-002  1.036503e-001 -8.223842e-001 -8.468388e-001  2.612680e-001  6.911158e-001  1.671494e-001 -1.582122e-001  5.407022e-001 -2.012782e-001 -2.649297e-001 -2.423026e-001 -4.046990e-001  2.983454e-001 -1.163674e+000  8.526994e-001 -7.890996e-001
-3.474767e+000 -6.628787e+000  1.371179e+001 -4.916433e+000 -2.117885e+001 -7.288687e+000 -1.196075e+001 -9.673914e-002 -6.657724e+000 -1.447917e+000  1.129159e+001 -8.913374e+000  5.879861e+001  3.644162e-001  1.032191e+000  7.302720e-001 -8.126156e-001  8.272240e-001 -9.206730e-001  6.001539e-002 -7.526302e-001 -4.193969e-002  8.521261e-001 -8.285832e-001  1.508391e-001 -1.118031e+000  1.714350e-001  1.975455e-001  3.400257e-001 -4.529896e-002  1.268162e-001 -1.620435e-001 -5.098590e-001 -1.644892e-001 -3.931477e-001  3.323045e-001 -5.677399e-001  7.099547e-001 -2.653490e-001
-4.020906e+000 -4.552262e+000  1.497133e+001 -6.591443e+000 -2.182390e+001 -7.710913e+000 -1.509113e+001  7.379661e-001 -7.943408e+000  9.870865e-001  9.409147e+000 -5.439891e+000  5.818158e+001  4.851427e-001  1.044365e+000  1.184357e+000 -5.586439e-001  6.356600e-001 -9.679622e-001 -9.340371e-001 -4.955493e-001 -5.793554e-001  1.063736e+000 -7.353522e-001  9.006373e-001 -1.276491e+000  3.074538e-002  4.843839e-002 -4.606750e-002  3.836845e-001  6.651110e-002 -2.180528e-002 -1.666416e-001 -3.044143e-001 -1.133005e-001 -2.079228e-001 -6.449612e-002  2.945497e-001 -7.408780e-002
-3.048553e+000 -3.286576e+000  1.610698e+001 -6.872354e+000 -2.277367e+001 -8.875664e+000 -1.542796e+001  5.476455e-001 -7.998899e+000  1.016895e+000  1.046532e+001 -6.523963e+000  5.663101e+001  5.812939e-001  7.354931e-001  9.833633e-001  1.659958e-001  4.603104e-001 -7.792617e-001 -9.009175e-001 -1.084296e+000 -6.169779e-001  3.875619e-001 -3.474680e-001  9.397516e-001 -1.224661e+000 -6.611915e-002 -1.973437e-001 -3.874522e-001  6.463052e-001  1.245625e-001  1.248067e-001  1.560600e-001 -4.211770e-001  2.922873e-002 -6.061088e-001 -5.472207e-002 -3.326824e-002  9.070780e-002
-2.491848e+000 -3.413785e+000  1.793601e+001 -5.570726e+000 -2.092338e+001 -9.418806e+000 -1.634092e+001 -2.420719e+000 -8.145426e+000  7.583549e-001  1.009549e+001 -4.942688e+000  5.524610e+001  4.828608e-001  8.422642e-001 -2.231075e-001  1.313738e+000  1.073246e+000 -6.109194e-001  1.406391e-001 -2.124621e+000  4.084706e-002 -8.613710e-001 -4.593880e-001  2.559081e-001 -1.163963e+000 -2.059057e-001 -2.551600e-001 -5.574276e-001  4.619116e-001  9.058363e-002  3.827822e-002  3.366749e-001 -2.325011e-001  1.393010e-001 -6.505710e-001 -1.987283e-001 -1.876631e-001  1.308894e-001
-1.332826e+000 -3.520560e+000  1.714626e+001 -4.596812e+000 -1.932756e+001 -1.033105e+001 -1.584044e+001 -3.938875e+000 -9.641605e+000  6.042585e-001  9.211074e+000 -4.463217e+000  5.414304e+001  3.496141e-002  1.465228e-001 -5.032566e-001  1.482719e+000  1.231243e+000 -4.751610e-001  3.029774e-001 -2.043979e+000 -2.058972e-001 -1.215865e+000 -1.240176e+000  3.068625e-001 -7.207562e-001 -2.558646e-001 -1.757286e-001 -3.875215e-001  4.337265e-002 -6.158350e-002 -1.438926e-001  1.410142e-001  1.854168e-001  1.699116e-001 -2.729164e-001 -2.406178e-001 -1.573249e-001  1.251532e-001
-2.464466e+000 -2.239495e-001  1.333615e+001 -1.160522e+000 -1.818073e+001 -1.003782e+001 -1.418170e+001 -7.641877e+000 -6.917820e+000 -3.113451e+000  7.739331e+000 -5.190723e+000  5.360575e+001 -2.712193e-001  6.305037e-002 -8.594712e-001  1.092553e+000  7.031116e-001 -9.286215e-001  1.473902e-001 -1.178213e+000 -8.839083e-002 -1.387406e+000 -1.282640e+000  2.787665e-001 -8.739960e-001 -1.152426e-001  1.382028e-001 -4.311880e-001 -3.255757e-001  9.966122e-002 -7.134983e-002  1.792137e-001  5.373734e-001  2.140249e-001  2.432028e-001 -2.714171e-001  1.257592e-001 -3.106668e-001
-2.887438e+000 -4.148880e+000  1.589063e+001 -1.663859e+000 -1.798878e+001 -1.094196e+001 -1.499269e+001 -7.061672e+000 -9.642188e+000 -3.126526e+000  5.442523e+000 -4.865633e+000  5.384741e+001 -3.209889e-001  2.464567e-001 -6.360625e-001  4.934520e-001  3.374600e-001 -1.339874e+000 -1.992218e-001 -6.304157e-001  2.971991e-001 -7.140028e-001 -1.138931e+000  1.416980e-001 -7.438782e-001  3.117777e-001  5.555215e-001 -7.761264e-001 -3.347322e-001  4.151322e-001  2.434660e-001  3.143082e-001  6.205878e-001  2.800332e-001  3.068066e-001 -5.337533e-002  6.390908e-002 -5.888115e-001
-3.070639e+000 -2.784373e+000  1.426647e+001 -1.574440e+000 -1.807721e+001 -1.375646e+001 -1.602785e+001 -6.750384e+000 -8.587089e+000 -4.313282e+000  5.566568e+000 -3.347648e+000  5.102394e+001  8.462305e-002  1.483311e+000 -2.312645e+000  1.804935e-001  2.018444e+000 -5.353122e-001  1.287807e+000 -1.445356e-001  8.594235e-001  1.037118e-001 -1.867096e+000  9.672862e-001 -2.705736e+000  3.403948e-001  6.240115e-001 -8.920256e-001 -2.977088e-001  5.687940e-001  6.465458e-001  3.754036e-001  5.131674e-001  1.331315e-001  3.536213e-001  7.052084e-002  5.364503e-002 -7.191734e-001
-2.634684e+000 -1.008065e+000  1.350079e+001 -1.922593e+000 -1.769202e+001 -1.517110e+001 -1.591348e+001 -7.536700e+000 -7.320976e+000 -2.365840e+000  4.602801e+000 -4.676265e+000  5.171455e+001  1.415929e+000  2.214000e+000 -3.657302e+000  2.650881e-001  2.649239e+000  5.455146e-001  1.304310e+000  5.421207e-001  7.203617e-001 -4.273907e-001 -1.214824e+000  2.821481e-001 -2.748944e+000 -1.013604e-001 -6.793424e-002 -7.736055e-001 -1.760719e-001  4.110004e-001  8.511691e-001  4.923272e-001  1.942655e-001 -5.087024e-002  3.276332e-001  1.106536e-001  1.925332e-001 -6.305841e-001
-2.167727e+000  5.622199e+000  2.967848e+000 -1.286867e-001 -8.236897e+000 -1.059981e+001 -7.282267e+000 -8.127041e+000 -3.781308e+000 -2.975235e+000 -1.176285e+000 -4.489768e-001  4.114349e+001  5.622957e-001  2.199336e+000 -3.808980e+000 -2.818097e-001  2.391192e+000  1.361413e+000  1.272643e+000  8.013560e-001  3.656856e-001  2.373948e-001 -8.920888e-001  4.767666e-001 -3.467330e+000 -7.301593e-001 -9.178421e-001  8.522904e-002 -2.931749e-002  1.015139e-001  7.734941e-001  1.423459e-001 -2.602177e-001 -1.100280e-001  4.562619e-001  2.322287e-001  9.604754e-002  2.953660e-002
 3.740751e+000  2.717835e+000  3.253433e+000 -1.061295e+000 -9.662745e+000 -9.792713e+000 -1.284393e+001 -3.662740e+000 -8.443270e+000 -5.932503e+000  2.739827e+000 -4.904228e+000  4.504291e+001 -1.066627e+000 -4.512268e-001 -3.755923e+000 -1.557560e-001  2.206088e+000  1.967609e+000  2.269996e+000 -1.320340e-001  2.897168e-001  8.573219e-001 -1.073166e+000  1.349624e+000 -3.516001e+000 -1.178790e+000 -1.173535e+000  7.058361e-001  1.134072e-001  1.864906e-001  6.235729e-001  5.469642e-001 -3.812922e-001  4.878823e-002  4.526628e-001 -1.564080e-002  3.445323e-001  1.800333e-001
-3.446878e+000  6.349356e+000  3.452515e-001 -3.414137e+000 -1.013589e+001 -9.638582e+000 -1.119941e+001 -4.680584e+000 -6.197514e+000 -1.342976e+000  2.037611e+000 -8.498331e-001  3.702311e+001 -2.324895e+000 -1.773286e+000 -1.837189e+000  2.443281e-001  2.747588e+000  2.621111e+000  1.516693e+000 -1.108547e+000  5.246058e-001  1.742665e+000 -7.767811e-001  9.137861e-001 -2.174524e+000 -6.423381e-001 -8.505117e-001  1.004457e+000  2.290053e-001  2.100853e-001  3.086609e-001  4.096521e-001  1.874062e-001  1.874642e-001  5.437798e-002 -9.840002e-002  6.000722e-002  5.717215e-001
-7.328244e+000 -3.627778e+000 -3.967527e+000 -1.058648e+000 -5.712084e+000 -5.813666e+000 -2.604924e+000 -9.920098e+000 -4.664289e+000  1.104640e+000 -2.369978e+000  2.272281e+000  3.619474e+001 -3.034425e+000 -1.667364e+000 -1.114017e+000  5.690550e-001  3.403493e+000  3.033530e+000  3.917106e+000 -4.093889e-001  8.848428e-001  1.083288e+000 -1.350682e+000  1.786300e+000 -2.495181e+000 -1.060077e-002  2.339321e-001  9.660494e-001  9.591852e-002 -1.924163e-001 -4.067061e-001 -2.346095e-001  8.795798e-001  1.139183e-001 -3.249490e-001  3.008801e-001 -3.800307e-001  5.622177e-001
-8.257707e+000 -7.142489e-002 -2.607619e+000  1.091631e+000  3.525714e+000  5.162211e-001 -4.818301e+000 -1.054110e+001 -3.047770e+000  2.219519e+000 -2.505288e+000  5.316992e-001  3.469496e+001 -1.665496e+000 -1.445154e+000 -1.076454e-001  5.008115e-001  2.842916e+000  2.371757e+000  2.497348e+000  1.877065e+000  1.005444e+000  3.963015e-001 -1.245331e+000  5.584645e-001 -1.119133e+000  2.625262e-001  6.181630e-001  4.089530e-001 -2.311262e-001 -9.311762e-001 -9.047031e-001 -5.279287e-001  7.301504e-001  2.812587e-001 -2.732644e-001  7.301149e-001 -5.094022e-001  3.164634e-001
