53 39
-1.594822e+001  2.704798e+000  1.900363e+000  6.434505e+000  6.355062e+000  5.434141e+000  6.674204e+000 -2.173392e+000 -1.435799e+000 -3.733188e+000 -1.800278e-001  3.892171e+000  2.890896e+001 -2.602563e-001 -2.587024e+000 -1.432291e+000 -9.412142e-001 -6.334866e-001 -1.040915e+000 -5.252668e-001 -9.817505e-001 -1.317038e+000 -1.717437e-001 -1.741277e+000 -7.190268e-002  1.524239e+000 -1.615319e-001 -1.091334e+000  8.173001e-003 -8.287150e-001 -5.657583e-001 -1.499041e-001  9.616388e-002  1.714967e-001  3.652645e-001  6.943131e-001 -2.529562e-001 -1.131265e+000  1.790642e+000
-1.616473e+001  2.373373e+000 -1.393077e-001  8.922503e+000  6.510685e+000  3.588906e-004  2.837229e+000  6.624870e-001  1.161399e+000  2.143183e-001 -3.581004e+000  5.892788e+000  2.857631e+001 -4.727114e-001 -4.500898e+000 -1.103852e+000 -2.164800e+000 -8.135923e-001 -4.610083e-001  1.394219e-001 -1.764981e+000 -1.646652e+000  8.426995e-001 -1.929118e+000 -2.108181e+000  5.363919e+000 -7.908118e-002 -4.451175e-001  2.434664e-001 -7.478156e-001 -4.934456e-001  1.133888e-001  1.290718e-001  1.097336e-001  5.046232e-001  2.295029e-001  6.815863e-001 -7.055304e-001  1.756410e+000
-1.641024e+001 -9.106437e+000 -1.716254e+000 -1.126903e+000  2.416853e+000  3.465776e+000  4.658726e+000 -6.941247e+000 -3.935328e+000  3.198809e+000 -5.382268e+000 -6.291899e+000  3.719810e+001 -9.305563e-001 -3.327914e+000 -7.592908e-001 -2.078620e+000 -1.338250e+000 -1.326167e+000 -2.761642e-001 -1.053712e+000 -4.634529e-001  6.570808e-001 -5.454155e-001 -2.496227e+000  5.950606e+000  3.360501e-001  1.032284e+000  4.619597e-001  5.215253e-002 -4.093066e-001 -2.792549e-001 -2.116376e-001  8.361437e-001  8.470899e-001 -3.367500e-001  1.293579e+000  3.913814e-001  8.923024e-001
-1.713685e+001 -1.273554e+001 -1.921027e+000 -2.571073e+000  2.995020e+000  1.802656e+000  4.336750e+000 -7.318342e+000 -5.575353e+000 -3.976764e-001 -6.263668e+000 -7.071022e+000  5.185072e+001 -2.731291e-001 -1.932222e+000 -2.182923e-001 -2.153819e+000 -1.853801e+000 -1.414173e+000 -5.988336e-001 -2.190100e-001  1.430335e-001 -8.460799e-001  1.747257e+000 -1.183156e+000  6.383738e+000  1.139154e+000  2.176923e+000  6.838161e-001  8.134497e-001 -9.421438e-002 -9.426350e-003 -4.165538e-001  1.234224e+000  9.900660e-001 -5.229431e-001  8.453726e-001  9.589770e-001 -4.153857e-001
-2.011494e+001 -6.380317e+000 -1.005231e+000  1.788191e+000  1.421647e+000 -2.097844e+000  4.543622e+000 -3.451538e+000 -3.846876e-001 -1.417863e-001 -1.565773e+000 -2.107058e+000  4.702479e+001  1.320203e+000  1.290059e+000  4.347276e-001 -6.859424e-001 -2.159915e+000 -1.960607e+000 -1.214327e+000  2.425982e+000  2.023569e+000 -1.011104e+000  2.888431e+000  1.422492e+000  5.475842e+000  1.861488e+000  1.908198e+000  8.785843e-001  9.814148e-001  1.069604e-001  5.541428e-001 -5.062082e-001  8.525386e-001  1.399227e-001 -3.288227e-001 -8.997871e-002  4.467531e-001 -6.801863e-001
-1.567802e+001 -8.650797e+000 -1.586280e+000 -3.304137e+000 -2.260716e+000 -4.288698e+000 -9.938767e-002 -2.177417e+000  1.012470e-001 -2.345784e+000  3.247032e+000 -2.115412e+000  5.558165e+001  4.097681e+000  4.074728e+000  1.718220e+000  1.206109e+000 -8.738314e-001 -1.909201e-001 -1.474266e+000  2.666291e+000  2.060167e+000 -9.379240e-001  5.808216e-001  7.273445e-001  3.524373e+000  1.634862e+000  8.601404e-001  6.627197e-001  8.966525e-001  8.995061e-002  4.677462e-001 -6.597701e-001  1.496661e-002 -6.637629e-001  6.622079e-001 -9.041423e-001 -3.368619e-001 -1.097095e+000
-1.053864e+001 -4.698516e+000  2.900112e-001 -4.190082e+000 -5.754855e+000 -3.291582e+000  8.051597e-001  2.618202e+000  3.344219e+000 -8.826561e-001  4.304535e+000 -1.657246e+000  6.271184e+001  6.191478e+000  3.209600e+000  2.665375e+000  1.148490e+000 -1.293432e+000  8.329203e-001 -2.369489e+000  1.766330e+000 -7.224064e-001 -9.411107e-001 -4.120916e-001 -1.217711e+000  3.979357e+000  6.451722e-001 -7.270477e-001  9.284003e-002  8.468934e-002 -5.039216e-001  4.764982e-001 -5.852908e-001 -1.232325e+000 -1.204748e+000  1.054336e+000 -7.905616e-001 -5.123753e-001 -1.209257e+000
-1.436599e+000  6.797196e+000  6.022449e+000  6.448608e+000  2.214114e+000  1.444925e+000 -1.165348e+000  2.978242e+000  2.861031e+000 -4.716861e+000 -6.294714e+000 -3.659206e+000  6.162906e+001  5.465544e+000  1.408710e+000  1.979982e+000  1.412227e+000 -1.837289e+000 -4.722061e-001 -3.320103e+000  1.856491e-001 -1.802793e+000  2.429963e+000 -1.123194e+000 -1.547364e+000  1.646507e+000 -5.906508e-001 -1.922460e+000 -6.544024e-001 -4.023210e-001 -1.483929e+000 -8.450468e-002 -2.700558e-001 -1.286918e+000 -8.370194e-001  8.960674e-001  2.449336e-001  2.602051e-001 -1.078615e+000
 3.721739e+000  1.943685e+000  8.517279e+000  2.654266e+000 -7.282930e+000 -8.000539e-001 -6.770844e+000  2.802283e+000 -5.376612e+000 -3.661801e+000  1.144641e+000 -7.423718e+000  6.389788e+001  3.862132e+000 -1.012171e+000  7.680463e-001 -3.655549e-001 -4.197794e+000  5.625268e-001 -3.217862e+000 -2.495322e+000 -2.068688e+000  2.576632e+000 -2.123692e-001 -2.030508e-003  3.684898e-001 -1.308620e+000 -1.506170e+000 -1.256835e+000 -9.718054e-002 -3.537986e-001 -4.995150e-001  1.406327e-001 -6.447462e-001 -3.010254e-001  3.445508e-001  2.709052e-001  6.844060e-001 -1.258609e+000
 4.519514e+000 -4.928349e+000  4.199998e+000  3.348255e-001 -1.068312e+001 -7.895493e+000 -1.291190e+001 -1.341212e+000 -4.552302e+000  1.119360e+001 -7.889909e-001 -6.968996e+000  6.322117e+001  2.309099e+000 -3.426688e+000 -6.051279e-001 -4.847362e-002 -6.841298e+000 -4.782468e-001 -2.400358e+000 -1.637470e+000 -1.451789e+000  1.783541e+000  1.705629e+000  1.420529e+000 -6.326751e-002 -1.192372e+000 -5.313456e-001 -1.056295e+000  3.927969e-001  1.236338e+000 -7.034440e-001  4.588788e-001  4.107341e-001 -1.475174e-001 -9.663733e-001 -5.847561e-002  3.741067e-001 -7.894021e-001
 5.793967e+000 -3.896597e+000  5.041469e+000 -2.960965e+000 -2.029521e+001  4.191260e+000 -9.410875e+000 -7.698681e+000 -3.292557e+000  4.045273e+000  4.898277e-001 -1.250371e-002  6.375824e+001  1.226602e+000 -1.903550e+000 -2.326247e+000  1.392937e+000 -5.604210e-001 -1.661634e+000 -2.126198e+000 -5.458410e-001 -2.403035e+000  1.104854e+000 -4.719767e-001  7.203719e-001 -1.458801e+000 -9.111094e-001  2.814797e-001 -4.321059e-001  9.323687e-001  2.365599e+000 -1.478684e+000  6.050568e-001  1.322373e+000 -1.219606e-002 -1.056730e+000 -6.737764e-001 -3.614631e-001 -3.451379e-001
 9.072784e+000 -7.416103e+000  4.734715e+000  9.013856e+000 -2.548623e+001 -3.441967e+000 -1.184712e+001  4.137161e-002 -5.439940e+000  3.473078e-001  2.560835e+000 -2.621669e-001  6.138254e+001  8.214510e-001 -8.023288e-001 -1.754346e+000  2.496966e+000  2.525716e+000 -2.877346e+000 -1.571541e+000  1.264579e+000 -2.373206e+000 -1.666014e+000 -1.285768e+000 -3.803176e-002 -1.386859e+000 -7.454643e-001  6.653811e-001  5.521006e-001  3.342137e-001  1.767609e+000 -1.057082e+000  1.060106e+000  8.209879e-001  2.263788e-001 -8.332017e-001 -7.336948e-001 -5.021152e-001  2.476700e-001
 7.578113e+000 -6.330189e+000 -3.381317e+000  5.279438e+000 -2.683480e+000 -1.133499e+001 -1.793422e+001 -6.182142e-001 -1.694797e+001  7.285620e+000 -2.890156e+000 -7.175273e+000  5.752319e+001  5.040970e-002 -9.169521e-001 -8.178740e-001  3.023569e+000  2.946696e+000 -5.631343e+000 -6.069872e-001  2.665520e+000 -1.668960e+000 -9.822381e-001 -2.085553e+000 -1.080065e+000 -6.954041e-001 -4.341539e-001  1.862593e-002  1.616680e+000 -2.523941e-001 -1.298089e+000  2.310780e-001  1.364297e+000  2.432924e-001  6.100916e-001 -6.027814e-001  2.350283e-001  2.546940e-001  8.427614e-001
 7.734696e+000 -7.723197e+000 -3.603398e-001  8.699453e+000 -6.860405e+000 -1.451910e+001 -1.650794e+001  1.441449e+000 -9.590627e+000  1.243360e+000 -5.527841e+000 -3.577770e+000  5.940440e+001 -8.301262e-001 -5.930817e-001  1.401188e+000  8.072790e-001  2.431910e-001 -3.778800e+000  2.140565e+000  8.617885e-001 -6.869324e-001 -1.338921e+000 -1.156057e+000 -1.898283e-001  7.933838e-001 -1.943221e-001 -3.551688e-001  1.975629e+000 -1.011212e+000 -2.587771e+000  1.550385e+000  8.329945e-001  3.388970e-002 -4.258728e-002  1.230999e-001  9.296730e-001  7.773919e-001  7.525012e-001
 6.715060e+000 -8.327810e+000  3.499626e+000  1.231408e+001 -1.487464e+001 -1.842689e+001 -1.011541e+001  4.928881e+000 -9.562014e+000 -1.313943e+000 -5.893598e+000 -3.755030e+000  6.127029e+001 -1.183793e-001 -1.915044e+000  4.179383e+000  9.758103e-001 -5.909605e+000 -5.551682e-002  2.839233e+000  8.720164e-001 -1.957144e-001 -2.072599e+000  6.383093e-001  2.069740e+000  1.664885e+000 -4.256949e-002 -2.020328e-001  1.767815e+000 -1.538211e+000 -2.238800e+000  2.385829e+000 -7.853907e-002  3.403635e-002 -7.101479e-001  3.069725e-001  1.091140e+000  1.084301e+000  3.622611e-001
 5.353680e+000 -9.382701e+000  8.300185e+000  9.532929e+000 -1.817470e+001 -1.879001e+001 -5.053709e+000  1.576766e+000 -1.256758e+001 -2.047516e+000 -1.717731e+000 -2.921430e+000  6.347591e+001 -6.576514e-002 -2.079127e+000  5.625169e+000 -1.535213e+000 -5.984988e+000  2.086665e+000  8.703212e-001  2.330779e+000 -3.322765e+000 -5.053340e-001  2.000666e+000  2.274025e+000  1.195503e+000 -2.367173e-001  3.058106e-001  9.248426e-001 -1.575213e+000 -4.620363e-001  1.690638e+000 -9.107332e-001  1.003183e-001 -7.300732e-001  6.168018e-001  6.208308e-001  3.655149e-001 -3.499065e-002
 8.176724e+000 -1.507566e+001  1.318534e+001  9.741752e+000 -2.657436e+001 -9.477113e+000 -9.465170e+000  3.674209e+000 -1.643806e+001 -1.431938e+000 -1.603664e+000  2.845258e+000  6.381186e+001 -5.446183e-001 -1.184093e+000  5.909209e+000 -3.496243e+000 -5.133216e+000  3.365072e+000 -3.645608e-001  2.101207e+000 -3.901783e+000  1.358310e-001  1.791787e+000  3.109515e+000  9.148418e-001 -7.185181e-001  1.172187e+000 -1.759778e-001 -1.585608e+000  1.716761e+000  3.426724e-001 -7.169192e-001 -7.526046e-001  6.614667e-002  5.962155e-001  2.420357e-001 -8.767577e-001 -1.610040e-001
 6.675038e+000 -1.474491e+001  2.292265e+001  2.309554e+000 -3.093549e+001 -8.560659e+000 -1.248145e+001  1.372268e+001 -2.276643e+001 -1.224313e+000  2.330522e+000  4.492209e+000  6.411113e+001 -1.800593e+000  5.704960e-001  5.160488e+000 -4.832760e+000 -2.455185e+000  2.964098e+000 -8.112046e-001  7.487847e-001 -2.484264e+000  6.408728e-001  1.371358e+000  1.117859e+000  9.934521e-001 -7.657223e-001  1.575798e+000 -1.201593e+000 -6.512259e-001  2.437351e+000 -4.990955e-001 -9.709288e-002 -1.854614e+000  1.409833e+000  2.493122e-003  1.246774e-002 -1.548829e+000 -1.290505e-001
 3.331289e+000 -1.156717e+001  2.573444e+001 -1.555444e+000 -3.416033e+001 -6.716210e+000 -8.224339e+000  9.361956e+000 -2.397150e+001 -1.046390e+000  1.041213e+000  8.085726e+000  6.552689e+001 -2.843556e+000  2.621078e+000  3.531834e+000 -5.303453e+000  9.092985e-001  1.219129e+000  9.539966e-002 -2.100009e+000 -2.842318e-001  3.353748e-001  2.163142e+000 -1.735965e+000  9.608902e-001 -4.132274e-001  1.367896e+000 -1.525504e+000  3.417324e-001  2.156509e+000 -9.568515e-001  1.505982e-001 -1.708538e+000  1.663387e+000 -4.631408e-001  4.692382e-002 -1.596666e+000 -2.614231e-001
-1.226569e+000 -8.284463e+000  2.782807e+001 -8.982275e+000 -2.665764e+001 -5.349976e+000 -9.730147e+000  2.476817e+000 -2.122218e+001  9.640740e-001  3.816618e+000  4.763022e-002  6.758566e+001 -2.744908e+000  3.897276e+000  8.058909e-001 -3.887737e+000  3.180510e+000  6.641594e-001  1.548765e-001 -4.841685e+000  1.917622e+000 -5.926403e-001  1.877327e+000 -3.047380e+000  5.272263e-001  2.231996e-001  6.374022e-001 -1.439187e+000  1.418970e+000  9.711885e-001 -9.423283e-001  2.731437e-001 -8.868929e-001  1.167351e+000 -5.610167e-001 -5.098031e-001 -2.336791e-001 -4.587563e-001
-2.090251e+000 -5.200489e+000  2.839179e+001 -1.112960e+001 -2.416679e+001 -4.986811e+000 -1.036382e+001 -1.202906e+000 -1.863135e+001 -8.492569e-001  8.468996e+000 -3.612278e+000  6.687904e+001 -2.138598e+000  3.991997e+000  4.589886e-001 -2.260092e+000  2.831480e+000 -2.692165e-001 -9.461021e-002 -3.646250e+000  2.214209e+000 -1.563116e+000  1.773422e+000 -2.791195e+000 -1.591606e-001  5.840032e-001 -8.567519e-002 -9.063535e-001  1.711695e+000 -1.658911e-001 -4.738914e-001  1.905161e-001  3.151456e-001  3.269135e-001 -2.803424e-001 -1.191509e+000  9.883934e-001 -4.897065e-001
-4.338732e+000  1.558128e+000  2.562343e+001 -1.234205e+001 -2.002971e+001 -6.104562e+000 -1.063732e+001 -5.203313e+000 -1.584840e+001 -4.286081e+000  8.003267e+000 -4.895689e+000  6.607118e+001 -1.037074e+000  3.072048e+000 -4.990221e-001  7.404108e-001  1.439667e+000 -1.003371e+000  6.495188e-001 -2.912559e+000  2.103271e+000 -1.214965e+000 -9.827975e-001  4.770782e-001 -7.403038e-001  6.306920e-001 -6.013223e-001 -2.656707e-001  1.270772e+000 -8.212424e-001  3.215744e-002  2.272741e-001  1.054238e+000 -4.112482e-001  2.637903e-002 -1.148043e+000  1.291758e+000 -3.276498e-001
-5.805621e+000  3.471514e+000  2.913171e+001 -1.117602e+001 -2.331690e+001 -7.685000e+000 -8.243802e+000 -5.029232e+000 -1.558735e+001 -6.236893e+000  7.814997e+000 -3.398591e+000  6.548832e+001 -7.774567e-001  2.605316e+000 -3.474770e-001  9.409496e-001  9.502648e-001 -3.165634e-001  8.006588e-001 -1.488844e+000  1.257511e+000 -7.551746e-001 -2.364339e+000  1.443773e+000 -8.538772e-001  3.885189e-001 -6.678452e-001 -1.182455e-001  6.051884e-001 -5.703423e-001  2.205784e-001  2.304818e-001  9.899895e-001 -6.130429e-001  1.009588e-001 -6.195132e-001  5.914710e-001 -6.141586e-002
-4.554255e+000  2.739776e+000  2.496301e+001 -5.257013e+000 -1.988425e+001 -9.017737e+000 -7.542563e+000 -1.017282e+001 -1.222782e+001 -2.416935e+000 -7.703694e-001  2.326177e+000  6.457950e+001 -2.720185e-001  1.584005e+000 -1.192299e-001  8.656036e-001  1.490555e-002  8.486200e-001  8.436123e-001 -6.491973e-001  3.397300e-001 -8.647160e-001 -1.794005e+000  1.293924e+000 -7.636642e-001  8.450115e-002 -5.300858e-001  2.167849e-001 -3.150729e-002 -2.713480e-001 -2.103802e-002  1.126017e-001  1.026249e+000 -6.630073e-001 -1.530521e-001  3.209008e-001 -4.456946e-001  1.159811e-001
-5.869773e+000  7.235269e+000  2.698462e+001 -9.967372e+000 -1.948820e+001 -5.113040e+000 -7.907908e+000 -6.162376e+000 -1.415408e+001 -5.559703e+000  1.034121e+000 -4.346358e-003  6.335550e+001 -5.785313e-001  1.396792e+000 -3.221352e-001  7.032532e-001  6.921488e-001 -9.231989e-002  9.607519e-001  1.720160e-001  3.076525e-002 -1.233447e+000 -9.185405e-001 -2.422629e-001 -4.545597e-001 -7.922849e-003 -5.562605e-001  2.105150e-001  1.582589e-001 -2.393902e-003 -5.578088e-001  1.822412e-003  6.019654e-001 -3.838918e-001  5.822100e-002  3.521094e-001 -5.869152e-001  1.679141e-001
-5.666749e+000  7.596273e+000  2.610082e+001 -8.618356e+000 -2.186953e+001 -3.147442e+000 -6.587210e+000 -7.882727e+000 -1.486638e+001 -8.948256e+000  2.423680e+000 -1.231927e-001  6.331927e+001 -7.140310e-001  1.025881e+000  5.722315e-001  7.017225e-001  2.119852e-001 -1.220683e+000  1.132481e+000  1.388254e+000 -5.983925e-001 -1.741090e+000 -1.011926e-001 -9.083770e-001 -3.600571e-001 -6.287418e-002 -4.202938e-001  2.132216e-001  2.748418e-001  2.703440e-001 -7.293161e-001 -2.763796e-001  2.265281e-001 -6.241343e-002  6.228018e-001 -7.716569e-002 -4.581896e-001  9.224904e-002
-8.142031e+000  8.027225e+000  2.695212e+001 -5.979079e+000 -1.886351e+001 -1.108175e+001 -3.917719e+000 -5.314196e+000 -1.411424e+001 -9.138466e+000  1.625270e+000 -3.385220e+000  6.384563e+001 -5.960647e-001  1.030756e-001  3.593675e-001  1.814184e+000  8.397554e-001 -2.070956e+000  6.653366e-001  5.022568e-001 -1.928865e-001 -2.588272e-002 -1.450198e+000 -3.896527e-001 -2.161102e-001  8.784170e-002 -3.408754e-001  1.695907e-001  1.840452e-001  1.248139e-001  7.255855e-002 -4.932749e-001 -2.328626e-001 -6.720597e-002  1.021781e+000 -3.445174e-001 -9.140755e-002 -4.401749e-002
-6.988281e+000  7.473202e+000  2.784041e+001 -3.742547e+000 -1.913667e+001 -1.213680e+001 -3.875254e+000 -3.655636e+000 -1.523970e+001 -9.333002e+000 -1.571906e+000 -5.252706e-001  6.253415e+001 -5.776228e-001  1.293939e-001  6.061268e-001  1.684347e+000  1.292822e+000 -1.808643e+000 -3.905779e-001  3.183230e-001  1.394887e-001  1.645511e+000 -1.914005e+000 -9.233294e-001 -4.216438e-001  1.426276e-001 -1.363013e-001 -1.083826e-001 -4.697768e-002  6.727509e-002  7.492833e-001 -3.924871e-001 -4.585156e-001 -8.690384e-002  8.946895e-001 -2.279745e-001 -8.698149e-002 -8.870506e-002
-8.189330e+000  7.812182e+000  2.791166e+001 -3.334354e+000 -1.665585e+001 -1.097314e+001 -5.937203e+000 -5.764637e+000 -1.493185e+001 -5.496744e+000 -4.219075e+000 -1.751571e+000  6.266751e+001 -2.075269e-001  1.406590e-001  5.088705e-001  1.132167e+000  7.757998e-001  5.644528e-001 -7.440931e-001 -4.573314e-001 -6.742052e-001  2.182159e+000 -1.734722e+000 -6.918245e-001 -6.438538e-001  1.982392e-001 -8.158987e-003 -2.117340e-001 -3.028857e-001 -1.496466e-001  9.022177e-001  5.227384e-002 -2.730395e-001 -1.060674e-001 -2.649776e-002  2.263475e-001 -5.906103e-002 -9.905491e-002
-8.531213e+000  8.350764e+000  2.865169e+001 -1.518983e+000 -1.650925e+001 -1.224496e+001 -7.530357e+000 -6.065891e+000 -1.376013e+001 -2.541562e+000 -4.224172e+000 -5.556664e+000  6.180011e+001 -1.951618e-001  3.255830e-001 -4.443302e-002  8.078430e-001  5.803385e-001  1.208029e+000 -1.252400e-001 -4.245302e-001 -7.922524e-001  1.628337e+000 -1.098804e+000 -1.192199e+000 -5.897106e-001  2.063747e-001 -1.240969e-001 -2.905619e-001 -3.349413e-001 -9.829096e-002  5.331157e-001  3.470557e-001 -1.408863e-001 -1.775564e-003 -7.193810e-001  4.149002e-001  1.204892e-001  1.104469e-002
-8.408199e+000  8.291739e+000  2.909084e+001 -1.430028e+000 -1.629822e+001 -8.205402e+000 -5.810633e+000 -6.395726e+000 -1.822505e+001 -1.623392e+000 -5.722205e+000 -4.328646e+000  6.099338e+001  2.039010e-001 -3.581391e-002 -3.740223e-001  7.380077e-001  4.477644e-001  9.317969e-001  7.940369e-001 -4.915141e-001 -2.573531e-001 -1.497845e-001 -7.260609e-001 -5.505233e-001 -6.273514e-001  1.807888e-001 -1.813701e-001 -1.663291e-001 -4.442676e-001  1.100786e-001 -1.231906e-001  3.157390e-001  1.029330e-001  1.022657e-001 -7.468998e-001  2.904533e-001  1.077714e-001  8.573189e-002
-7.854655e+000  8.861339e+000  2.702866e+001 -6.554947e-001 -1.641379e+001 -7.480523e+000 -4.564739e+000 -5.462743e+000 -1.755436e+001 -3.127992e+000 -6.314359e+000 -5.197726e+000  6.042266e+001  2.485366e-001 -4.028541e-001 -4.052362e-001  2.067203e-001  9.653851e-001  6.732638e-001  5.756356e-001 -3.690170e-001 -7.781515e-002 -7.854225e-001 -3.438340e-001 -3.915342e-001 -3.746715e-001  1.666767e-001 -1.495916e-001 -5.836348e-002 -5.125026e-001  2.775612e-001 -3.312058e-001 -1.413879e-001  4.100712e-001 -7.663061e-002 -3.122087e-001  1.050968e-001  2.367033e-001  8.953060e-002
-7.508104e+000  7.377825e+000  2.685306e+001 -7.605955e-002 -1.446476e+001 -8.696374e+000 -3.449828e+000 -8.523782e+000 -1.432150e+001 -5.952451e+000 -6.804286e+000 -4.683657e+000  6.021948e+001  4.745678e-001 -4.019729e-001 -1.423735e-001 -7.886102e-001  1.133669e+000  2.158826e-001  4.841640e-001  2.957707e-002 -5.200955e-001 -3.454608e-001 -6.599396e-001 -5.532997e-001 -3.227139e-001  1.483009e-002  6.818808e-002  2.948061e-002 -4.458064e-001  2.244280e-001 -3.268722e-001 -3.788125e-001  5.548115e-001 -3.244904e-001  2.823260e-001 -9.199581e-002  1.227233e-001  9.305096e-002
-7.738577e+000  6.793451e+000  2.774439e+001 -1.162365e+000 -1.259906e+001 -8.633155e+000 -5.832582e+000 -6.846948e+000 -1.610099e+001 -4.304145e+000 -5.402301e+000 -7.336830e+000  6.031371e+001  5.028881e-001 -2.392954e-001 -4.520748e-001 -9.913610e-001  1.625192e+000 -9.004287e-002 -6.772433e-001  1.365280e+000 -1.044034e+000  1.651321e-001 -6.063803e-001 -7.293797e-003 -2.943764e-001 -7.268650e-002  1.827089e-001  1.005142e-001 -2.359442e-001 -2.751600e-002 -2.730826e-001 -2.955447e-001  3.401560e-001 -1.369633e-001  5.009844e-001 -1.385656e-001  8.466491e-002  5.695930e-002
-6.093399e+000  7.315819e+000  2.802110e+001 -5.119644e+000 -1.253724e+001 -6.549673e+000 -2.755891e+000 -5.555738e+000 -2.155222e+001 -2.762620e+000 -9.477932e+000 -6.025592e+000  5.943429e+001  1.508757e-001  2.233471e-001 -2.032000e-001 -8.919837e-001  1.240001e+000 -3.209105e-001 -4.735861e-001  1.415395e+000 -1.396695e+000  7.865682e-001 -1.054767e+000 -1.290271e-001 -2.022442e-001 -1.650544e-001  1.319086e-001  2.269534e-001  1.202965e-001 -1.025902e-001 -1.512033e-001 -2.582809e-001 -2.051104e-001  2.771823e-001  3.599570e-001  6.015641e-003  2.741128e-002  2.417031e-002
-6.047567e+000  7.695865e+000  2.418426e+001 -3.090508e+000 -9.251585e+000 -9.004087e+000 -8.297924e+000 -1.203637e-001 -1.915918e+001 -3.897247e+000 -8.009438e+000 -4.563227e+000  5.934337e+001  4.695020e-002  1.980305e-001  1.277481e-001 -9.213140e-001  7.746394e-001 -4.237527e-001 -4.232131e-001  6.388541e-001 -3.243315e-001  1.153485e+000 -8.392485e-001 -1.803460e-001 -1.501099e-001 -1.447521e-001  1.661756e-002  3.733096e-001  1.907621e-001 -2.095380e-001  9.129972e-003  1.492518e-001 -8.018005e-001  3.686358e-001  1.044242e-001  4.225699e-002 -8.811229e-002 -7.369080e-003
-7.599230e+000  8.043354e+000  2.761713e+001 -3.571907e+000 -9.938490e+000 -1.011546e+001 -4.585088e+000 -4.810100e+000 -1.977588e+001 -2.223059e+000 -1.077455e+001 -6.715594e+000  5.969343e+001 -1.227354e-001  3.890729e-002  7.024820e-001 -2.221512e-001  1.045995e+000 -3.732788e-001 -9.342558e-001 -6.327618e-001  5.059645e-001  9.601479e-001 -5.134274e-001 -3.297172e-001 -2.739956e-001 -4.277786e-002 -9.024531e-002  1.910339e-001  1.525303e-001 -1.958814e-001  9.996650e-002  1.744738e-001 -7.230172e-001  3.540943e-001 -1.880697e-001  2.408080e-001  8.380830e-002  1.574142e-002
-6.750911e+000  7.419836e+000  2.858512e+001 -6.542804e+000 -1.002523e+001 -8.969025e+000 -7.034049e+000 -4.025496e+000 -1.861081e+001  1.193498e+000 -8.950233e+000 -7.893559e+000  5.943359e+001 -8.406667e-002 -6.398773e-002  9.616321e-001 -3.724667e-001  6.745049e-001 -1.820889e-002  2.993506e-001 -1.619644e+000 -1.521851e-001  6.004632e-001 -6.657651e-001 -3.475102e-001 -2.953461e-001  3.476936e-002 -1.010383e-001 -8.028063e-002  1.414862e-001 -4.376800e-001  5.413251e-002  3.250424e-001 -3.733095e-001  1.607784e-001 -3.619394e-001  2.511955e-001  3.455220e-001  1.259078e-001
-6.355404e+000  7.648370e+000  2.933309e+001 -4.504251e+000 -6.920445e+000 -8.433599e+000 -8.059108e+000 -6.766981e+000 -1.929658e+001 -5.072532e-001 -1.157467e+001 -6.009012e+000  5.801920e+001  2.494860e-003 -9.687033e-002  3.350277e-001 -4.037557e-001  3.106611e-001 -2.384996e-002  3.750119e-002 -1.070442e+000  2.877026e-001  1.227305e-001  6.253147e-002  3.735965e-001 -5.091896e-002  1.674623e-001 -1.149220e-001 -3.851705e-001 -8.827572e-002 -6.722859e-001 -2.794602e-001  6.126973e-001  1.821526e-001 -1.599401e-002 -1.295690e-001  2.734305e-001  4.950999e-001  2.455100e-001
-7.089814e+000  7.573418e+000  2.813445e+001 -4.486669e+000 -7.388083e+000 -9.936063e+000 -5.064161e+000 -7.240144e+000 -2.015975e+001 -1.752834e+000 -1.093820e+001 -6.654069e+000  5.870375e+001  1.581819e-001 -2.392720e-001 -8.992787e-002 -1.230806e-001 -1.046094e+000 -3.278046e-001  7.161206e-001 -1.008853e+000  5.886915e-001 -2.375035e-001  1.287496e-001  1.195607e+000  3.678909e-001  1.781133e-001 -1.512629e-001 -3.576916e-001 -1.454356e-001 -4.527650e-001 -6.753190e-001  7.059212e-001  4.282932e-001 -1.394234e-001  3.313611e-001  2.868902e-002  4.422773e-001  2.619264e-001
-7.417305e+000  7.482211e+000  2.951760e+001 -6.618753e+000 -9.703760e+000 -9.751191e+000 -5.382526e+000 -8.554984e+000 -1.756290e+001 -1.362403e-001 -9.467910e+000 -5.467356e+000  5.980375e+001  5.934521e-001 -4.480605e-001 -6.975905e-001 -7.882228e-001 -1.455136e+000 -1.615782e+000  1.920846e+000 -2.739425e-002  5.555611e-002  7.312863e-001  4.564679e-001  1.374224e+000  6.219357e-001  3.618247e-002 -1.541929e-001 -1.399171e-001 -1.059215e-001  1.640336e-001 -7.690864e-001  7.585005e-001  1.620465e-001 -5.032721e-001  5.902118e-001 -4.914711e-001  9.044945e-002  1.435703e-001
-5.429051e+000  6.306555e+000  2.804322e+001 -6.100956e+000 -1.386405e+001 -9.949251e+000 -4.791737e+000 -8.175761e+000 -1.653419e+001 -1.795258e-001 -9.359866e+000 -2.186351e+000  6.038077e+001  5.110210e-001 -6.447074e-001 -3.105169e-001 -9.074110e-001 -7.064217e-001 -2.598838e+000  2.887285e+000  2.981663e-004 -7.332289e-001  1.952991e+000 -7.192882e-001  1.363563e+000  6.778587e-001 -2.135642e-001 -1.407319e-001  1.170570e-001  5.981533e-002  7.528709e-001 -4.613023e-001  7.358117e-002 -3.546858e-001 -6.574258e-001  4.911587e-001 -4.273582e-001 -3.451222e-001 -5.948326e-002
-4.218525e+000  6.041499e+000  2.589075e+001 -7.638222e+000 -1.095814e+001 -1.650591e+001  1.408910e+000 -6.436143e+000 -2.083158e+001  2.362525e+000 -1.008150e+001 -1.371753e+000  6.029037e+001  6.987619e-003 -6.651170e-001 -2.542631e-001 -5.411981e-001  9.609933e-001 -2.733765e+000  2.744422e+000 -7.647852e-001 -1.567698e+000  1.978542e+000 -1.970805e+000  7.418661e-001  5.119488e-001 -4.510967e-001 -1.162148e-001  4.564270e-001  3.990690e-002  7.184041e-001  4.197624e-001 -1.213611e+000 -9.741767e-001 -9.705038e-002  7.148788e-002  1.612536e-001 -2.666693e-001 -3.420785e-001
-6.134099e+000  5.070237e+000  2.839529e+001 -8.513989e+000 -1.029300e+001 -1.955289e+001  5.976544e+000 -8.298074e+000 -2.219156e+001  6.762739e+000 -1.422785e+001 -1.884058e+000  6.184974e+001 -6.164068e-001 -8.344034e-001  2.736937e-001  5.248370e-002  1.510196e+000 -2.075324e+000  6.722385e-001 -2.413587e+000 -1.886810e+000  1.594662e+000 -7.944049e-001 -2.138247e-001  1.254681e-001 -4.497346e-001 -3.019063e-001  3.699429e-001 -1.551176e-001  1.034493e-001  9.706572e-001 -1.766472e+000 -7.254025e-001  5.418480e-001 -3.521299e-001  8.422251e-001 -1.401774e-001 -7.651099e-001
-7.029843e+000  4.774785e+000  2.807026e+001 -8.118227e+000 -6.684316e+000 -1.861820e+001  2.955442e+000 -1.231775e+001 -2.257271e+001  6.285338e+000 -1.688795e+001 -1.909172e+000  6.162901e+001 -1.098317e+000 -9.342867e-001  1.292439e+000 -1.068636e+000  1.028576e+000  2.212730e-001 -3.039687e+000 -3.691335e+000  1.470949e-001  1.267890e+000  1.300294e+000  8.295711e-001 -8.122616e-001 -4.229737e-001 -1.979045e-001  1.364034e-002  2.608484e-002 -7.920819e-001  9.940611e-001 -1.401785e+000 -6.555919e-002  7.884364e-001 -3.656229e-001  1.367943e+000 -8.997154e-002 -1.100209e+000
-7.105426e+000  2.767895e+000  2.832194e+001 -5.598535e+000 -8.449978e+000 -1.926973e+001 -2.203811e+000 -1.730289e+001 -2.509768e+001  5.832376e+000 -9.928668e+000 -2.986764e+000  6.033879e+001 -1.184999e+000 -2.019654e+000  7.658466e-001 -1.419280e+000 -2.229664e-001  7.769290e-001 -3.053022e+000 -2.163439e+000  1.118615e+000  5.476676e-001  1.856288e+000  6.188229e-001 -2.485586e+000 -2.386062e-001  2.653072e-001 -8.898350e-001  5.066479e-001 -8.215740e-001  7.053533e-001 -2.414459e-001  1.287925e+000  7.824659e-001 -1.527921e-001  1.329694e+000  1.697989e-001 -1.276344e+000
-9.224448e+000  2.521237e+000  3.238962e+001 -1.443913e+001 -6.736776e+000 -1.554113e+001 -9.699350e+000 -2.039041e+001 -1.864304e+001  9.167157e+000 -5.729620e+000  3.327456e+000  5.698454e+001 -1.823584e+000 -1.062014e+000 -4.321379e-001  3.251080e-001 -2.132835e+000  8.104135e-001 -2.401875e+000 -1.217655e+000  8.717715e-001  6.739246e-001  3.543562e+000 -1.243154e-001 -3.683568e+000 -4.854536e-003  3.280814e-001 -1.572794e+000  1.482509e+000  1.651713e-001  8.587137e-002  9.461044e-001  2.556598e+000  1.041181e+000 -3.523380e-001  9.351974e-001  6.129360e-001 -8.015732e-001
-1.096179e+001 -3.901258e+000  3.006484e+001 -1.244994e+001 -1.138160e+001 -1.720678e+001 -2.961170e+000 -1.507894e+001 -1.856332e+001  8.060167e+000 -1.052557e+001 -1.408258e+000  5.174404e+001 -1.446804e+000  5.559967e-001 -3.313193e+000  1.888851e+000 -1.016969e+000  1.156872e+000 -8.538971e-001  2.789199e+000  1.663181e+000  1.127684e+000  4.732433e+000  1.112113e+000 -4.820600e+000  1.217039e-002  2.214918e-001 -1.562236e+000  1.365201e+000  1.603427e+000 -1.307897e-001  5.453365e-001  2.672109e+000  1.918048e+000 -4.533818e-001  3.616318e-001  8.251312e-001  2.063764e-001
-1.421958e+001  2.799290e+000  2.503811e+001 -3.066985e+000 -1.588268e+001 -1.559760e+001 -8.675256e+000 -1.951800e+001 -2.148103e+001  8.541066e+000  1.128317e+000 -3.320003e+000  4.750854e+001 -9.916876e-001 -5.817047e-001 -4.532011e+000  4.689844e+000  2.251433e+000  4.606586e-001  5.912721e-001  6.615337e+000  5.080715e+000 -7.838079e-001  4.538208e+000  3.647606e+000 -3.652620e+000  4.583309e-002 -5.336990e-001 -1.137183e+000  1.596791e-003  2.406996e+000 -2.114020e-001 -1.270973e-001  1.919594e+000  2.602546e+000 -2.972372e-001 -9.400516e-001 -3.608543e-002  1.035267e+000
-1.184188e+001  5.408852e+000  1.543172e+001 -1.840350e+000 -8.961869e+000 -1.345714e+001 -6.985343e+000 -3.793102e+000 -1.536278e+001  1.178384e+001  1.030453e+001  5.897530e+000  4.097379e+001 -1.540096e+000 -1.152350e+000 -4.995396e+000  3.224358e+000  5.602036e+000  2.978581e-001 -1.822914e+000  7.280611e+000  8.604384e+000 -9.903752e-001  3.167123e+000  2.858518e+000 -1.469178e+000  8.879779e-002 -5.860569e-001 -5.990262e-001 -9.339628e-001  1.525682e+000 -3.036886e-002 -3.334258e-001 -3.433871e-001  1.642130e+000  9.949311e-002 -1.888441e+000 -2.275943e+000  1.194502e+000
-1.374284e+001 -5.042342e+000  1.704612e+001  3.705299e+000  3.310524e+000 -1.511266e+001 -4.730903e+000  7.043354e+000  5.160264e+000  3.386281e+000  6.546367e+000  1.791259e+001  4.410656e+001 -1.547773e+000 -2.876336e+000 -5.276951e+000 -3.346613e-001  6.592641e+000  1.829104e-001 -2.552854e+000  6.134608e+000  1.041390e+001  2.467682e-001 -3.740411e-001 -1.177945e+000 -1.829445e-001  3.782195e-001  4.710009e-001 -3.167900e-001 -1.501617e+000 -4.177511e-001  7.924047e-001  4.717189e-001 -2.273762e+000 -1.062781e+000  7.444366e-001 -1.993168e+000 -3.514896e+000  2.728624e-001
-1.890064e+001 -5.742191e+000  9.083857e+000  2.857079e-001  7.031975e+000 -1.595996e+001 -1.404791e+001  8.043432e+000  1.113796e+001  5.685684e+000  2.601018e+000  2.268037e+000  4.609914e+001 -7.247726e-001 -1.226972e+000 -5.935853e+000 -2.687099e-001  4.440838e+000  1.143901e+000 -9.489629e-001  1.312628e+000  7.207237e+000  1.109861e+000 -2.253646e+000 -7.854828e+000 -5.829273e-001  5.971204e-001  9.223361e-001  3.583861e-001 -8.916093e-001 -1.640791e+000  1.726378e+000  2.050787e+000 -2.839382e+000 -3.184882e+000  1.880582e-001 -1.326662e+000 -1.469062e+000 -6.516526e-001
-1.842907e+001 -6.006871e+000  1.827289e+000 -5.803320e+000  9.083606e+000 -1.343164e+001 -1.790824e+001  5.236769e+000  1.733811e+001  1.282399e+001  3.109868e+000 -7.394982e+000  4.403114e+001  4.917482e-001  1.810611e+000 -5.645732e+000 -1.071709e+000  7.432767e-001  3.999660e+000  2.512891e+000 -1.769483e+000  4.653827e-001  1.888257e+000 -2.717249e+000 -8.570199e+000 -2.731433e+000  4.186995e-001  7.990057e-001  9.676416e-001 -2.026419e-001 -1.770573e+000  1.987116e+000  2.323468e+000 -1.913541e+000 -3.838848e+000 -9.116622e-001 -4.323870e-002  1.525390e+000 -8.470476e-001
