18 39
-2.183522e+000 -1.532777e+001 -6.388173e+000 -1.082882e+001 -1.274676e+001 -2.382546e+000 -1.644856e+001  6.173555e+000 -2.404240e+001 -1.618129e+001 -1.857343e+001 -6.270063e+000  6.905650e+001 -5.149340e-001  3.989744e-002 -1.567656e+000 -7.677239e-001  1.621416e+000 -2.841316e-001 -9.654428e-001 -9.506573e-001  5.636669e-001  5.659533e-001 -1.764575e+000  5.777085e-001  4.069397e-001  3.504808e-001  3.988125e-001  3.041410e-001  1.119915e-001 -3.640854e-002 -3.475418e-001 -6.975849e-001  1.984892e-001  2.965989e-001 -6.765321e-002 -3.867077e-001 -3.274119e-001 -5.120346e-001
-1.495230e+000 -1.506194e+001 -7.358172e+000 -1.022259e+001 -1.170437e+001 -6.505485e-001 -1.686631e+001  6.420209e+000 -2.025247e+001 -1.883837e+001 -1.536955e+001 -7.961580e+000  6.906395e+001  2.461725e-001 -7.211409e-002 -1.267468e+000 -7.091287e-001  1.051828e+000  1.852433e-001 -1.267256e+000 -4.097708e-001  9.751036e-001  2.854558e-001 -1.861154e+000  2.986467e-001  2.138214e-002  4.198373e-001  7.984039e-002  2.025980e-001 -2.425927e-001 -2.852695e-001 -1.314099e-001 -2.041074e-001  3.781652e-001 -6.599890e-002 -6.572756e-003 -2.645131e-001 -1.581849e-001 -3.116436e-001
-1.245949e+000 -1.462751e+001 -6.747155e+000 -1.098438e+001 -8.980883e+000  4.420777e-001 -1.697309e+001  8.450066e+000 -1.928348e+001 -1.527548e+001 -1.786882e+001 -5.444540e+000  6.946581e+001  6.211718e-001  8.160619e-002 -8.775285e-001 -1.021591e+000  1.180043e+000  2.921937e-001 -5.014604e-001 -4.583578e-002  1.370169e+000  3.262705e-001 -1.460461e+000  1.923050e-001 -1.420250e-001  3.334418e-001  1.569869e-001  1.885112e-001 -2.471623e-001 -8.826899e-003  1.891263e-002  2.328676e-001  3.652834e-001  1.268273e-002  4.109183e-001  2.538721e-001 -1.945062e-001 -1.931223e-001
-6.396293e-001 -1.571086e+001 -9.596636e+000 -1.259472e+001 -1.047937e+001 -1.231855e+000 -1.866695e+001  5.029088e+000 -1.930342e+001 -1.731756e+001 -2.281009e+001 -6.441083e+000  6.881887e+001  6.167970e-001  7.397261e-002 -1.016673e+000 -1.811808e+000  1.010542e+000 -4.034923e-001 -7.816677e-001 -3.076849e-002  1.999378e-001  1.045078e+000 -2.093110e+000  2.959857e-002 -2.933731e-001  1.677627e-001  2.516502e-001  1.094668e-001 -2.084490e-001  9.767333e-002 -1.372414e-001  2.649982e-001  1.624777e-001 -6.552649e-003  7.447254e-001  4.428509e-001 -3.781716e-001 -1.373333e-001
 4.945367e-001 -1.459528e+001 -9.656584e+000 -1.475071e+001 -7.459048e+000 -6.309240e-001 -1.805555e+001  6.639936e+000 -1.766608e+001 -1.531034e+001 -2.215547e+001 -6.068787e+000  6.846892e+001  9.669626e-001  7.517888e-001 -7.504979e-001 -1.452196e+000  1.597925e+000  1.047993e-001 -4.389877e-002  6.862584e-001  1.014663e+000  2.240734e+000 -3.792366e-001 -2.602986e-001 -4.012939e-001  5.702292e-002  2.583284e-001  6.149065e-002 -5.451300e-002 -1.301410e-001 -1.784252e-001  7.579055e-002 -2.448761e-001  2.119931e-001  7.417953e-001  5.347565e-001 -5.767471e-001 -1.399017e-001
 7.185124e-001 -1.470819e+001 -1.098682e+001 -1.739847e+001 -7.412578e+000 -2.131509e+000 -2.023342e+001  7.171432e+000 -2.006149e+001 -1.359555e+001 -2.369177e+001 -7.501464e+000  6.809553e+001  9.120903e-001  8.510456e-001 -7.836496e-001 -1.536072e+000  1.331254e+000 -4.072665e-001 -1.710461e-001  3.657079e-002  1.120093e+000  3.051851e+000 -1.875116e-001 -1.365910e+000 -5.356499e-001  4.957037e-002  3.050686e-001  8.483161e-002  1.052168e-001 -4.505324e-001 -1.844534e-002  1.710286e-001 -7.376883e-001  4.070266e-001  4.178340e-001  8.672423e-001 -5.091398e-001 -2.048045e-001
 2.909794e+000 -1.136990e+001 -9.804551e+000 -1.584348e+001 -2.524652e+000  1.415902e+000 -1.640935e+001  1.081019e+001 -1.383114e+001 -5.932817e+000 -1.932416e+001 -6.215842e+000  6.782101e+001  7.586398e-001  9.847118e-001 -6.865869e-001 -1.432024e+000  3.689817e-001 -5.980451e-001 -4.278185e-001 -1.303886e+000  1.970057e+000  3.031861e+000  2.605225e-001 -1.993676e+000 -7.203949e-001  4.995393e-002  2.726629e-001 -4.775760e-002 -2.238517e-002 -8.389471e-001 -4.891782e-002  1.841962e-001 -1.456593e+000 -1.555486e-002 -1.869777e-001  9.993110e-001 -1.356070e-001 -3.093880e-001
 2.713194e+000 -1.306832e+001 -1.344090e+001 -1.972869e+001 -6.290299e+000 -4.291600e+000 -2.034528e+001  3.126817e+000 -1.562043e+001 -6.747067e+000 -2.516330e+001 -1.319710e+001  6.646458e+001  9.688103e-001  1.482854e+000 -6.244704e-001 -1.295809e+000 -6.276484e-001 -1.442968e-001  2.654354e-001 -2.724138e+000  1.757374e+000  2.738684e+000  1.923223e+000 -1.649412e+000 -1.157845e+000  2.252287e-001  5.545113e-001  7.012255e-002  1.500190e-001 -7.522727e-001  3.353914e-001  6.076137e-001 -1.146553e+000 -6.205813e-002 -4.689835e-001  1.581103e+000  8.566642e-001 -3.567947e-001
 3.290395e+000 -1.049166e+001 -1.186248e+001 -2.074571e+001 -6.175279e+000 -2.541104e+000 -2.013871e+001  2.142815e+000 -1.003632e+001 -3.575283e+000 -2.011709e+001 -1.318935e+001  6.568242e+001  1.188372e+000  1.799199e+000 -1.068876e+000 -1.684253e+000 -1.617359e+000 -2.712746e-001  6.588415e-001 -5.216353e+000  6.182488e-001  1.462429e+000  3.561951e+000 -7.965825e-001 -1.637136e+000  2.738022e-001  7.092635e-001  2.058018e-002  1.852272e-001 -9.033651e-001  5.384942e-001  5.250080e-001 -5.558676e-001 -3.302516e-001 -9.622632e-001  1.212636e+000  1.449462e+000 -3.823686e-001
 5.372263e+000 -7.733046e+000 -1.308021e+001 -2.142640e+001 -8.725506e+000 -8.744907e-001 -1.704156e+001 -2.115573e+000 -1.317202e+001 -1.080900e+000 -1.367919e+001 -1.226177e+001  6.337560e+001  1.823368e+000  3.216358e+000 -2.418924e-001 -6.598623e-001 -1.436939e+000  1.106305e+000  2.323693e+000 -3.739962e+000  1.485707e+000  1.491650e+000  6.067288e+000  2.318865e+000 -1.861253e+000  6.695081e-002  7.121764e-001  1.495114e-001  3.080796e-001 -9.273529e-001  3.324297e-001 -3.389878e-002  4.264544e-001  9.442814e-002 -1.159860e+000 -1.693938e-001  1.319323e+000 -2.936049e-001
 7.522120e+000 -5.041543e+000 -1.532927e+001 -2.341589e+001 -9.393845e+000 -1.649026e+000 -1.476700e+001 -1.265038e+001 -1.196410e+001 -1.453757e+000 -7.256457e+000 -1.066642e+001  6.117982e+001  1.700372e+000  3.664277e+000 -7.749749e-001 -8.238615e-001 -3.743199e+000  1.469125e+000  1.168093e+000 -3.575312e+000  4.546329e-001 -1.155938e+000  4.251671e+000  3.269498e+000 -2.280534e+000 -2.221611e-001  3.506288e-001  3.711307e-001  6.536728e-001 -7.792057e-001 -5.544136e-003 -5.519891e-001  1.516359e+000  3.800630e-001 -8.822452e-001 -1.492227e+000  4.467967e-001 -1.442902e-001
 9.714170e+000  2.884146e-001 -1.291696e+001 -2.169291e+001 -1.186571e+001  7.938876e-001 -1.141267e+001 -8.176394e+000 -7.228011e+000 -3.495822e-001 -1.257170e+000 -2.864243e+000  5.940961e+001  1.047565e+000  4.111197e+000 -2.386379e-002 -1.856066e-001 -4.201493e+000  6.476518e-001 -1.586842e-001 -1.412387e+000  2.311323e+000 -1.751430e+000  7.313935e-001  2.914161e+000 -2.304171e+000 -4.650021e-001 -4.148704e-001  2.482145e-001  7.704244e-001 -1.713784e-002 -4.707655e-001 -6.950550e-001  1.494592e+000  1.862793e-001 -4.437929e-001 -2.104597e+000 -7.924904e-001  2.518830e-002
 9.621302e+000  3.818996e+000 -1.581898e+001 -2.473176e+001 -2.332117e+001  3.970332e+000 -1.711269e+001 -1.270333e+001 -1.073516e+001 -9.720633e+000 -5.069748e+000 -1.540624e+000  5.626274e+001  4.654684e-001  3.104924e+000  6.777635e-001  1.346983e+000 -4.131111e+000 -6.966849e-002 -8.599154e-001  1.201655e+000  2.105756e+000 -1.327257e+000 -1.231237e+000  1.139753e+000 -2.137128e+000 -4.553714e-001 -1.064888e+000  3.220971e-001  1.057296e+000  1.730601e+000 -6.036081e-001  3.128632e-001  1.425065e+000  9.144250e-002  5.119630e-001 -1.039927e+000 -1.088783e+000  2.897795e-001
 9.560495e+000  8.392669e+000 -1.295468e+001 -2.169650e+001 -2.276931e+001 -4.459108e-001 -1.666213e+001 -9.151033e+000 -2.229875e+000 -5.704612e+000 -1.111558e+001 -2.253864e+000  5.431328e+001  1.158092e-001  1.421683e+000  2.728108e-001  2.106838e+000 -1.328672e+000 -4.781253e-001 -1.375782e-001  1.344513e+000  1.591542e+000 -6.416553e-001 -1.714240e+000 -5.787148e-001 -1.807014e+000 -3.734897e-001 -1.398222e+000  2.629540e-001  8.134040e-001  2.644522e+000 -1.532787e-001  1.003005e+000  6.517380e-001 -6.150946e-001  4.908575e-001  3.211376e-001 -9.182272e-001  4.348409e-001
 9.926299e+000  6.430950e+000 -1.192160e+001 -1.667919e+001 -2.459760e+001 -1.377469e+000 -1.644184e+001 -6.154790e+000 -3.934386e+000 -5.412529e+000 -8.483438e+000 -5.272848e+000  5.304234e+001 -1.106075e-001 -3.154032e-001  6.871731e-001  3.316399e+000  3.473394e+000 -9.860270e-001  2.721856e+000  2.171563e+000  1.271736e+000  8.489891e-001  2.748559e-001 -4.279783e-001 -1.080215e+000 -4.021021e-001 -9.653673e-001  4.348317e-001  2.158711e-001  2.388564e+000  1.487227e-001  8.283423e-001 -1.807380e-001 -7.493740e-001 -3.162418e-002  6.437299e-001 -6.514301e-001  4.129140e-001
 1.014072e+001  6.090852e+000 -1.350160e+001 -1.518501e+001 -1.787086e+001  1.077162e+000 -1.243599e+001 -4.728103e+000 -2.670690e+000 -5.711910e+000 -8.121528e+000 -3.891705e+000  5.198474e+001 -5.318462e-001 -1.169750e+000  1.286201e+000  2.896706e+000  5.218863e+000  3.394375e-001  3.065456e+000  1.361349e+000 -3.471403e-001 -3.852659e-001  1.584035e+000 -8.931096e-001 -6.584228e-001 -4.104559e-001 -1.975892e-001  7.837535e-001 -2.718579e-001  9.112506e-001  9.107259e-002 -7.774076e-002 -4.795848e-001 -6.591434e-001 -5.048668e-001  1.762684e-001 -5.517263e-001  2.865957e-001
 8.778153e+000  3.392889e+000 -1.210965e+001 -1.140551e+001 -8.403423e+000 -1.721339e+000 -5.616485e+000 -4.056983e+000 -4.156077e+000 -5.472038e+000 -5.192496e+000 -2.861594e+000  5.202593e+001 -1.221215e+000 -4.261957e-001  2.345227e+000  2.031404e+000  4.537943e+000  2.651635e-001  1.680279e+000  2.895466e-001 -6.717728e-001 -1.613573e+000  3.382744e-001 -1.960200e+000 -6.468536e-001 -2.274780e-001  4.224793e-001  5.833539e-001 -7.778378e-001 -7.445458e-001 -2.354723e-002 -9.639679e-001 -5.164468e-001 -3.409190e-001 -7.000504e-001 -5.789951e-001 -3.696346e-001  1.601598e-001
 7.475337e+000  4.062947e+000 -6.429645e+000 -9.849803e+000 -4.772086e+000  1.423212e+000 -6.747535e+000 -3.393191e+000 -3.854731e+000 -7.601187e+000 -4.840878e+000 -7.925038e+000  5.152937e+001 -1.381167e+000  4.891331e-001  3.362552e+000  1.390045e+000  2.695306e+000 -6.483576e-001 -5.493498e-003 -1.124032e-001 -7.324210e-001 -1.934708e+000 -8.646079e-001 -2.571235e+000 -5.907165e-001  7.168885e-002  5.125529e-001 -1.911834e-001 -9.727320e-001 -1.433859e+000 -3.618781e-001 -7.419903e-001 -2.749606e-001  9.846833e-002 -3.239886e-002 -7.360752e-001  4.078184e-001  2.878627e-001
