80 39
-1.872489e+001  4.290447e+000  4.064334e+000  3.735284e+000 -1.892755e+000 -3.561023e+000 -1.829964e+000 -4.442091e+000 -1.074397e+001 -9.502874e+000 -6.216329e+000 -1.268736e+000  5.688690e+001 -4.724839e+000 -1.661601e+000 -3.005187e+000  1.404005e+000  2.423097e+000  5.590182e+000  3.325037e+000  4.370203e+000  3.762527e+000  4.424860e+000  4.042039e+000  3.127297e+000 -2.442195e+000  1.604233e+000 -1.438133e+000 -2.018654e+000 -4.243012e-001 -1.059771e+000 -9.346290e-001 -1.211040e+000  2.145601e+000  4.090297e-001  1.428338e+000 -1.712195e-001 -6.457485e-001  1.840225e-002
-2.391880e+001 -2.592261e+000 -4.362881e+000 -1.574809e+000 -5.043923e+000  3.291321e-002  2.258844e-001  3.296875e+000 -1.159352e+001 -3.415378e+000 -8.387288e+000 -1.238725e+000  5.341974e+001 -2.089958e+000 -2.229175e+000 -3.886166e+000 -3.629664e-001  6.607621e-001  3.403055e+000  2.042747e+000  4.910663e+000  3.046074e+000  4.872911e+000  2.901683e+000  9.402410e-001 -2.056322e+000  1.723120e+000 -1.852534e-001 -7.088591e-002 -4.744646e-001 -1.016352e+000 -1.602012e+000 -1.537277e+000 -1.337576e-001  1.946972e-001  2.647192e-001 -8.245316e-001 -8.338611e-001  5.749660e-001
-2.463780e+001 -1.949742e+000 -5.893563e+000 -2.644783e+000 -4.199238e+000  3.965235e+000  7.321599e+000  1.130589e+001 -1.883411e+000  7.283478e+000  6.202416e+000  8.510659e+000  5.183926e+001 -7.846292e-001 -1.318069e+000 -2.086934e+000 -9.054300e-001 -1.147884e+000  8.386040e-001 -5.957452e-001  1.603180e+000  2.860435e+000  3.354211e+000  7.563181e-001  4.026937e-001 -9.083462e-001  1.243678e+000  5.603521e-001  1.192749e+000  9.555320e-002 -6.635858e-001 -1.709706e+000 -1.553123e+000 -1.918648e+000 -5.119937e-001 -1.338763e+000 -1.192478e+000 -9.009826e-001  8.076225e-001
-2.247701e+001 -6.174281e-001 -5.438100e+000  4.278150e-001 -6.075879e+000  2.607397e+000  2.020977e+000  5.806651e+000 -3.528820e+000  3.431730e+000 -1.746030e+000 -1.005731e+000  5.263063e+001  2.904440e-001  4.044346e-002  1.556837e-001  6.195235e-001 -1.003554e-001  1.418306e-002 -1.046337e+000 -1.016081e+000  3.677617e+000  2.038127e+000  3.597564e-001 -4.425751e-001  1.148098e-001  5.351026e-001  6.189675e-001  1.208374e+000  4.254949e-001  7.388463e-002 -8.843495e-001 -7.362663e-001 -1.472333e+000 -9.182348e-001 -1.524011e+000 -4.184664e-001  2.104584e-001  6.507892e-001
-2.336893e+001 -3.287317e+000 -5.832724e+000 -1.793177e+000 -7.116197e+000 -6.552457e-001 -5.706236e+000  2.318923e+000 -4.741510e-001  3.844628e+000 -5.755368e+000  6.282353e-001  5.273972e+001  3.033489e-001  5.350399e-003  9.376345e-001  1.390526e+000 -5.142729e-001 -1.263911e+000 -2.896035e+000 -2.259664e+000  8.867873e-001 -8.515640e-001 -6.493891e-001 -6.862074e-001  5.103520e-001  1.119275e-001  3.961046e-001  5.076011e-001  3.597786e-001  3.744018e-001 -2.846615e-002  6.042010e-001 -1.165336e-001 -1.368118e+000 -9.765221e-001  8.214656e-002  3.697557e-001  2.604475e-001
-2.310101e+001 -1.721257e+000 -3.614882e+000  1.097006e+000 -4.087221e+000  2.414069e+000  1.508117e+000  2.709957e+000  6.089933e+000  8.494681e+000 -6.096143e-001  4.896112e-001  5.354356e+001  4.156628e-002  2.039528e-001  6.434197e-001  6.165300e-001  7.133797e-001  3.256508e-002 -4.884392e-001 -5.195792e-001 -5.582761e-001 -6.442584e-001  1.512204e+000  2.536984e+000  4.882748e-001 -1.034599e-001  1.815815e-002 -1.916364e-001  3.956318e-002  1.268449e-001  3.079655e-001  6.923400e-001  4.590945e-001 -1.292694e+000 -4.243804e-001 -1.732053e-001  1.750273e-002 -8.637802e-002
-2.280905e+001 -1.371076e+000 -2.117000e+000  3.973253e+000 -7.764932e+000 -2.257658e+000 -6.902149e+000  1.555923e+000 -2.258851e+000  4.941821e-001  2.387263e+000  4.331951e+000  5.393456e+001 -1.005529e-001  5.806989e-001  2.072039e-001  8.949596e-001  3.172574e-001  6.870822e-001  2.146311e+000  7.722616e-001 -1.862211e+000 -1.872066e-001  5.908269e-001  7.616929e-001  2.071590e-001  3.110191e-002 -3.561486e-002 -3.883493e-001 -8.167298e-002  2.565414e-001  5.519476e-001  5.120562e-001  2.715409e-001 -7.504543e-002  2.527326e-001 -4.335526e-001 -7.120119e-001 -2.214427e-001
-2.254911e+001 -5.557847e-001 -4.078864e+000  6.272497e-001 -2.184613e+000  3.571429e+000  1.767374e-001  3.590255e+000 -5.427850e+000  1.885661e+000  1.743677e+000  9.827330e+000  5.447459e+001 -2.490444e-002 -1.564400e-001 -4.372829e-001  1.065123e+000  1.181039e-001  5.785137e-001 -1.058101e-001 -2.365710e-001 -1.411355e+000 -4.159537e-001 -1.126378e+000 -1.079012e+000 -1.654839e-001  1.657584e-001 -6.710473e-002 -1.724884e-001  9.235787e-003 -7.556379e-002  1.520635e-001 -5.013954e-001 -3.419085e-001  2.455920e-001  6.514595e-002 -4.594146e-001 -1.217197e+000 -2.081965e-001
-2.414764e+001 -9.665584e-001 -4.564714e+000  2.916499e+000 -6.481215e+000  2.201486e+000  5.691008e+000  5.740082e+000 -4.026313e+000  6.213106e+000 -3.977879e+000 -2.321595e-001  5.331000e+001  4.920939e-001  7.472485e-003 -4.637609e-001  7.578651e-001  1.066072e+000  1.222852e+000 -5.270690e-001 -1.043463e+000  9.380997e-001  2.979468e-001 -1.497861e+000 -2.438269e+000 -2.699822e-001  2.004145e-001  6.853975e-002  7.804748e-003 -3.784193e-001 -1.699047e-001 -1.038623e-001 -7.349593e-001 -4.905661e-001  7.762724e-002 -3.516060e-001  1.226284e-001 -3.366418e-001 -1.274035e-001
-2.255624e+001 -2.705716e+000 -4.577440e+000  6.950997e+000 -4.138560e+000  3.077065e+000 -5.317512e+000 -5.649776e-001 -8.311142e-002  3.555451e+000 -3.058934e+000 -2.623391e+000  5.302842e+001  5.740350e-001  1.550423e-001  1.164599e-001  7.312562e-001 -3.884662e-002  5.249974e-001 -1.658726e+000 -1.321259e+000 -7.304714e-001 -5.611053e-001  2.594751e-001 -1.949021e+000 -3.141373e-001  2.658626e-001  3.125128e-001  5.418683e-004 -9.131194e-001 -4.471488e-001 -3.213188e-001  7.247737e-002 -2.487039e-001 -3.880351e-001 -4.991114e-001  1.694192e-001  3.993025e-001  2.303906e-002
-2.034502e+001 -2.587480e-001 -4.186516e+000  4.600705e+000 -1.457597e+000  4.103785e+000 -6.790369e+000 -1.583777e+000 -2.407218e-001  1.149021e+000 -2.700736e+000 -1.634035e+000  5.330774e+001  6.020498e-001  7.676564e-001 -3.064380e-002 -8.302033e-001 -4.537908e-001  1.945289e-001 -7.520276e-001 -1.138225e+000 -1.814516e+000 -1.872661e+000  5.110424e-001 -4.865119e-001 -3.555317e-001  7.806066e-001  1.060790e-001 -2.157120e-002 -1.050868e+000 -1.261878e+000 -1.168210e+000  2.193314e-001 -5.801945e-002 -6.445878e-001 -4.908856e-001 -3.333955e-001  6.603580e-001  4.163691e-001
-2.158025e+001 -1.344782e-001 -3.685663e+000  3.441428e+000 -4.890655e+000  5.245266e+000 -1.876206e+000  6.458896e-001 -1.097300e+001  1.612177e+000  2.402481e+000  7.831643e-001  5.290504e+001  1.249430e+000  1.026032e+000 -6.511320e-001 -2.706440e+000 -1.357709e+000 -5.139186e-001  3.690561e-001 -1.432709e+000 -1.975223e+000 -1.826207e+000 -1.283734e+000 -5.837799e-002 -7.513809e-003  1.384711e+000 -3.523850e-001 -1.209216e-001 -9.847310e-001 -1.502977e+000 -1.646295e+000  2.730297e-002  1.361203e-001 -1.070645e-001 -8.742763e-002 -9.380170e-001  5.253534e-001  9.310437e-001
-2.162539e+001  1.586105e+000 -5.163821e+000  5.202670e-001 -8.374122e+000  2.090030e+000  2.102170e-001 -5.564768e-001 -7.653950e+000 -2.178562e+000 -4.153375e+000 -4.367997e+000  5.159403e+001  4.057429e+000  1.023727e-001 -1.878209e-001 -2.777629e+000 -4.583886e+000 -4.098740e+000 -4.443034e-001 -1.277835e+000 -1.662463e+000 -1.523930e+000 -2.393234e+000 -8.180089e-002  1.658551e+000  1.416795e+000 -7.577477e-001 -1.212431e-001 -4.557602e-001 -1.224576e+000 -1.475572e+000 -1.542746e-001  4.718050e-001 -8.713485e-002  1.875737e-001 -6.229175e-001  3.575266e-001  1.167293e+000
-1.566890e+001  1.502018e+000 -7.344448e+000 -4.540983e+000 -7.468842e+000  1.514350e+000 -6.972524e+000 -8.242175e+000 -6.252611e+000 -3.911792e+000 -8.751286e+000 -1.548300e+000  5.384770e+001  5.769898e+000 -1.274241e+000 -4.095595e-001 -3.218686e+000 -5.488687e+000 -5.559843e+000 -1.676074e+000 -5.708525e-001 -1.341820e+000 -1.172609e+000 -2.978472e+000  4.753911e-001  3.334040e+000  4.591252e-001 -6.967769e-001 -6.413687e-002  1.040029e-001 -3.185662e-001 -3.095652e-001  2.620210e-001  8.640297e-001 -1.422066e-001 -3.282259e-002  4.011631e-003  1.114140e-001  7.642321e-001
-3.013547e+000 -5.651324e-001 -3.296228e+000 -5.296234e+000 -2.308793e+001 -1.452446e+001 -6.463727e+000 -3.528922e+000 -1.091323e+001 -3.708646e+000 -9.090023e+000 -8.773074e-001  6.112916e+001  5.425791e+000 -1.870946e+000 -7.576455e-001 -2.852881e+000 -4.511182e+000 -4.660368e+000 -5.008358e-001  7.898713e-001 -2.566892e+000 -1.261592e+000 -1.756176e+000  1.034237e+000  3.810157e+000 -1.102777e+000 -2.448398e-001 -1.528691e-001  2.772560e-001  1.165429e+000  1.637724e+000  8.692357e-001  5.844440e-001 -8.510981e-002 -3.100102e-001  2.729516e-001 -2.836159e-001 -1.734025e-001
-2.036677e+000 -5.430065e+000 -6.667257e+000 -9.743752e+000 -2.497718e+001 -1.424670e+001 -6.919602e+000 -7.221503e-001 -1.605246e+001 -3.485825e+000 -1.002155e+001  1.414775e+000  6.480767e+001  2.860876e+000 -1.471193e+000 -6.869041e-001 -2.148799e+000 -2.986892e+000 -1.780930e+000  1.707428e+000  1.853586e+000 -2.234041e+000 -2.121489e+000 -1.582205e+000 -5.932659e-002  2.737844e+000 -1.738733e+000  3.055277e-001  1.952458e-001  6.620419e-001  1.527548e+000  2.541530e+000  1.028113e+000  3.072759e-001  1.923690e-001 -2.834697e-001  5.460059e-001 -7.154371e-001 -8.568479e-001
-1.312543e+000 -4.302581e+000 -9.290644e+000 -1.114276e+001 -2.217586e+001 -1.333129e+001 -2.320423e+000 -3.671326e-001 -1.558848e+001 -8.699503e+000 -1.229912e+001 -6.783507e-001  6.516483e+001 -1.944971e-003 -1.023350e+000 -8.134942e-001 -1.926292e+000 -7.637405e-003  2.200422e+000  2.210124e+000  4.321658e-001 -1.641902e+000 -2.599541e+000 -1.726610e+000 -1.232521e+000  1.089637e+000 -1.465923e+000  5.070930e-001  4.839247e-001  8.004574e-001  1.158302e+000  2.073754e+000  4.104252e-001  1.593974e-001  4.010080e-001  1.450221e-001  6.740898e-001 -8.001642e-001 -9.651553e-001
-2.215026e+000 -3.985225e+000 -7.781760e+000 -1.236172e+001 -2.285934e+001 -7.986887e+000 -5.070388e-001 -5.551405e-001 -1.508519e+001 -1.202381e+001 -1.505776e+001 -1.944412e+000  6.551908e+001 -2.098969e-001 -1.704004e-001  5.945939e-001 -3.717709e-001 -1.027195e-001  3.717410e+000  2.109010e+000  1.144380e+000 -8.424700e-001 -1.920982e+000 -2.632256e-001 -1.968415e+000  4.100601e-001 -6.856717e-001  3.744730e-001  3.892767e-001  6.651962e-001  6.063215e-001  6.956471e-001 -4.654455e-001  1.288030e-002  2.030440e-001  4.882075e-001  7.984639e-001 -4.522754e-001 -6.590554e-001
-2.934097e+000 -6.404304e+000 -6.806448e+000 -1.361871e+001 -2.418504e+001 -6.652256e+000  1.380614e+000 -1.451598e+000 -1.960638e+001 -1.243736e+001 -1.520497e+001 -5.360321e+000  6.622164e+001 -3.684369e-001  1.412308e-002  1.021229e+000  2.608914e-001 -1.617584e-001  2.959230e+000  1.350499e+000  1.941462e+000 -1.257638e+000 -6.367343e-001  9.547834e-001 -2.012040e+000  1.482727e-001 -1.102386e-001  2.275787e-001  1.006334e-001  5.274190e-001  9.887697e-002 -5.610200e-001 -8.824240e-001 -7.544746e-002  1.929504e-001  5.416898e-001  5.479476e-001  1.016228e-002 -2.997057e-001
-2.275384e+000 -5.231206e+000 -4.936386e+000 -1.036463e+001 -2.448619e+001  1.000833e+000  1.774928e+000  5.541980e+000 -1.825587e+001 -1.122181e+001 -9.884758e+000 -6.086318e+000  6.632957e+001 -3.842372e-001 -1.175650e-001  3.421176e-001  8.358984e-002  1.217764e-001  1.317901e+000 -1.899875e-001  1.163339e+000 -1.410954e+000 -6.618547e-001  1.069418e+000 -1.930944e+000 -8.675079e-002 -5.690463e-002  2.084304e-002 -3.097157e-001  1.343937e-001  2.361353e-001 -1.125799e+000 -8.870873e-001 -7.249529e-001  2.832668e-001  2.508277e-001 -3.874214e-002  3.274651e-001 -1.552696e-001
-3.124548e+000 -3.608975e+000 -5.607184e+000 -1.083684e+001 -2.217123e+001 -3.028994e+000  3.291088e+000  6.291615e+000 -2.029134e+001 -1.228417e+001 -1.011171e+001 -8.667597e+000  6.550095e+001 -4.659677e-001  8.812527e-002 -1.840889e-001  4.831227e-001  3.744995e-001  5.950767e-001 -1.052497e+000  4.544856e-002 -3.929079e-001 -5.206561e-001  3.468067e-001 -1.200446e+000 -1.604858e-001  8.377825e-002 -6.979987e-002 -2.979559e-001  1.420750e-001  2.420714e-001 -8.399603e-001 -4.997756e-001 -9.692660e-001  6.662025e-001 -1.154950e-002 -1.509912e-001  5.511813e-001 -7.512825e-002
-4.040987e+000 -5.970714e+000 -6.670804e+000 -1.333470e+001 -2.325736e+001 -3.209013e+000 -2.412213e+000  1.389951e+000 -2.179748e+001 -1.540967e+001 -1.225730e+001 -9.945495e+000  6.544567e+001 -4.456547e-001 -1.031863e-001 -3.513255e-001  1.890820e-001  8.098282e-001 -7.295077e-001 -1.124929e+000 -1.532378e+000  1.414993e-001 -7.248833e-001 -1.529479e-001 -7.368871e-001 -2.119087e-001  1.905485e-001  6.244002e-003 -8.652769e-002  2.493940e-001  2.533410e-001 -4.689893e-001  5.527177e-002 -3.714829e-001  6.220862e-001  1.435725e-001  5.576974e-003  6.567113e-001 -2.268852e-002
-4.381135e+000 -5.593923e+000 -6.859684e+000 -9.718060e+000 -2.292696e+001 -1.571949e+000 -1.788300e+000  8.516601e-001 -1.980011e+001 -1.294671e+001 -1.228466e+001 -9.432961e+000  6.586116e+001  8.116307e-002 -3.420656e-001 -1.218286e-001  9.185206e-001  7.045727e-001 -2.168668e-001 -6.809085e-001 -1.557009e+000  1.297149e+000 -6.629676e-001  8.110104e-001  1.468381e-001 -1.647896e-001  2.277011e-001 -8.043674e-002 -3.852985e-002  1.237215e-001  1.375719e-001 -4.096273e-001  2.574686e-001  1.550518e-001  9.406708e-002  1.719434e-001  2.136933e-002  6.057222e-001  5.325317e-003
-3.875364e+000 -4.754663e+000 -6.066763e+000 -9.978611e+000 -2.005918e+001 -3.375228e+000 -1.310024e+000  6.000659e-001 -1.779398e+001 -1.451496e+001 -9.563019e+000 -9.388071e+000  6.508992e+001  2.949397e-001  1.287505e-001 -1.216510e-001  1.112861e+000  1.223445e+000 -6.210739e-001 -9.942278e-002  1.071538e-001  8.544491e-001  1.271637e-001  8.652014e-001  6.789707e-001 -1.980415e-001  1.453107e-001 -1.374202e-001 -1.943595e-001  9.850979e-002 -6.633005e-002 -3.311958e-001  2.063724e-001  5.012292e-001 -4.584970e-001  2.552850e-001 -2.647267e-001  4.844969e-001  5.172585e-002
-2.801544e+000 -5.927328e+000 -6.518348e+000 -7.922287e+000 -2.024746e+001 -4.030220e+000 -6.645488e-001 -1.098490e+000 -1.580734e+001 -1.604637e+001 -7.403794e+000 -8.212118e+000  6.485488e+001  3.022407e-001 -4.300268e-001 -4.915754e-001  6.398405e-001  8.555506e-001 -1.507277e+000 -2.779073e-001  9.413421e-004 -2.790474e-001 -8.696242e-002 -5.542126e-002  1.120237e+000 -1.407928e-001  3.151646e-002 -1.528093e-001 -2.685378e-001  1.096088e-003 -5.771776e-002 -4.221021e-001  2.889320e-001  3.323638e-001 -6.063280e-001  2.184994e-001 -4.439812e-001  1.783544e-001  6.261978e-002
-3.356084e+000 -5.160259e+000 -7.449727e+000 -8.668284e+000 -1.847989e+001 -5.085247e+000 -3.471203e+000  2.900795e+000 -1.952162e+001 -1.322402e+001 -1.037173e+001 -7.161062e+000  6.495860e+001  1.703599e-001 -7.463068e-001 -1.138250e+000  8.209710e-001  4.026890e-001 -1.740282e+000 -2.945677e-001  1.947924e-001 -1.362888e+000  2.635390e-001 -1.043366e+000  1.198898e+000  3.472214e-002  5.547585e-002 -2.006273e-001 -1.778784e-001  1.851506e-001 -2.044571e-001 -2.593630e-001  4.923438e-001 -1.064773e-001 -9.760697e-002 -2.532931e-003 -1.795072e-001 -1.053605e-001  3.774048e-002
-3.129571e+000 -7.541259e+000 -8.626079e+000 -7.174020e+000 -1.943885e+001 -8.253323e+000 -2.097247e+000 -2.939975e-001 -2.033153e+001 -1.402699e+001 -1.215742e+001 -4.945282e+000  6.522285e+001  3.010352e-001 -6.685835e-001 -9.562181e-001  1.069946e+000  8.263617e-001 -1.767773e+000  8.613241e-001  6.098995e-002 -6.258228e-001  3.613417e-001 -4.546122e-001  7.786463e-001  3.192749e-002  1.098374e-001  5.903576e-002 -4.204880e-002  4.085701e-001 -1.959302e-001  1.020429e-001  5.263978e-001  1.484281e-002  4.772706e-001 -3.991493e-002  2.248259e-001 -3.001924e-001 -2.728302e-002
-2.859551e+000 -7.679232e+000 -1.070415e+001 -6.247890e+000 -1.845004e+001 -9.965084e+000 -2.066513e+000  1.171782e+000 -2.234633e+001 -1.420696e+001 -1.240304e+001 -5.026999e+000  6.507954e+001  5.729217e-001 -7.551075e-001 -7.787215e-001  1.823561e+000  2.157536e-001 -1.787640e+000  1.792681e+000 -4.552570e-001  5.398020e-001 -1.096530e-001  1.672610e-001  3.229632e-001 -9.569931e-002  1.187587e-001  2.174100e-001  1.634899e-001  1.957636e-001 -1.762554e-001  2.784638e-001 -2.445719e-002  2.105873e-001  8.255388e-001 -2.552492e-001  2.858226e-001 -3.259561e-001 -1.061901e-001
-1.544634e+000 -8.010759e+000 -9.672229e+000 -3.782754e+000 -1.613057e+001 -1.042917e+001  2.939727e+000  7.096637e-002 -1.752410e+001 -1.374820e+001 -8.661201e+000 -5.385919e+000  6.495405e+001  6.501467e-001 -1.304477e-001 -8.815835e-001  2.181396e+000 -3.063259e-002 -9.733827e-001  1.310458e+000  4.001801e-001  1.155961e+000 -9.994106e-002  4.633949e-001  5.724178e-002 -2.119972e-001  8.896782e-002  3.167355e-001  2.602299e-001 -1.854815e-001 -2.057231e-001  3.681645e-001 -8.290084e-001  3.917340e-001  8.013396e-001 -3.621233e-001 -3.362623e-002 -2.185869e-001 -2.012179e-001
-1.283944e+000 -8.701047e+000 -1.082026e+001 -1.246112e+000 -1.905526e+001 -1.293553e+001  2.973714e+000  4.420275e-001 -1.822632e+001 -1.391168e+001 -1.128353e+001 -5.325928e+000  6.461451e+001  5.895977e-001  7.167506e-002 -3.581175e-001  1.244064e+000 -5.009079e-002 -7.451582e-001 -6.414205e-001  1.078134e+000  1.873915e+000 -7.820657e-001 -7.325621e-002 -7.018008e-002 -3.742661e-001  6.762261e-002  4.477406e-001  4.892422e-001 -5.338767e-001  4.070065e-001  3.787948e-001 -1.311530e+000  3.194560e-001  8.356416e-001  1.448615e-002 -2.535989e-001 -6.870069e-002 -3.932648e-001
-6.666418e-001 -7.682590e+000 -1.297594e+001  1.232069e+000 -1.928940e+001 -1.163501e+001  1.934927e+000  2.071780e+000 -1.661173e+001 -1.467433e+001 -1.040019e+001 -4.509609e+000  6.439539e+001  7.375363e-001  5.017025e-001  1.346292e-001  4.322873e-001 -6.933155e-002 -4.481917e-001 -2.066667e+000  1.252965e+000  2.713819e+000 -1.113069e+000 -5.024847e-001 -1.177167e-001 -8.348789e-001 -2.116747e-001  6.139825e-001  1.022876e+000 -5.677634e-001  1.099630e+000  3.377523e-001 -1.143360e+000 -3.502355e-001  4.636942e-001  7.229111e-001 -8.141158e-002  4.895176e-002 -6.497529e-001
-3.505591e-001 -7.484941e+000 -1.084288e+001 -2.534981e+000 -1.712108e+001 -1.308795e+001 -4.771216e+000  5.562045e+000 -1.343294e+001 -1.765422e+001 -1.189982e+001 -5.816054e+000  6.348755e+001  8.673399e-001  1.167520e+000  1.159383e+000  2.873207e-002  2.270135e+000 -1.562617e-001 -3.076405e+000  7.156307e-001  3.939081e+000  4.693416e-001 -6.177934e-001  6.693897e-002 -1.750582e+000 -7.143006e-001  8.124191e-001  1.444870e+000 -5.664091e-002  1.405928e+000  7.115973e-001 -3.106805e-001 -9.024214e-001 -4.293616e-001  1.442881e+000  5.565980e-001  2.916178e-001 -7.553342e-001
 1.676355e+000 -6.110300e+000 -8.987773e+000 -9.768831e-001 -1.744432e+001 -1.259391e+001 -3.521145e+000  3.775781e+000 -6.351699e+000 -1.744227e+001 -1.086548e+001 -5.729439e+000  6.134314e+001 -5.470980e-001  2.391542e+000  3.474046e+000 -4.975525e-002  4.307404e+000  4.209306e-001 -3.188853e+000 -1.169746e+000  2.441849e+000  2.888911e+000  3.286057e-001  2.334410e-001 -2.772604e+000 -1.153895e+000  5.798992e-001  1.409625e+000  4.273413e-001  1.217881e+000  1.113741e+000  5.798814e-001 -9.025182e-001 -1.257423e+000  1.309773e+000  9.074565e-001  2.549753e-001 -4.707567e-001
 1.881258e+000 -3.649590e+000 -7.017426e+000  2.024858e-003 -8.627125e+000 -1.323739e+001 -9.680274e+000  3.168180e+000 -3.660931e+000 -1.018100e+001 -1.413985e+001 -4.381318e+000  5.738772e+001 -2.339588e+000  3.188850e+000  5.196522e+000  1.201881e+000  4.791182e+000  2.378267e+000 -1.633730e+000 -2.222618e+000 -1.369083e-001  4.431349e+000  2.294189e+000  1.212330e+000 -3.182075e+000 -1.094204e+000 -2.118477e-001  5.421608e-001  5.753003e-001  4.625597e-002  1.103845e+000  1.228678e+000 -6.133631e-001 -1.426204e+000  1.709069e-001  7.903535e-001 -7.881599e-003  1.180625e-001
-4.518040e+000  2.357446e+000  2.481564e+000 -2.852098e-001 -1.999361e+000 -9.455645e+000 -1.155481e+001 -2.580015e+000 -9.288487e+000 -3.966379e+000 -7.637149e+000 -4.059772e+000  5.358228e+001 -3.428473e+000  2.390533e+000  5.164185e+000  1.982420e+000  4.759550e+000  3.853248e+000  1.114026e-001 -1.790502e+000 -1.535300e+000  3.454793e+000  2.578807e+000  5.844641e-001 -2.472916e+000 -2.570400e-001 -1.019495e+000 -8.355562e-001  3.038027e-001 -9.405534e-001  3.500505e-001  1.169161e+000  3.265405e-002 -5.515156e-001 -1.081372e+000 -3.433127e-002 -3.327448e-001  6.795282e-001
-8.951303e+000  4.225438e+000  9.405065e+000  3.128587e+000 -8.876519e-001 -2.765751e+000 -8.923037e+000 -2.373145e+000 -1.264909e+001 -2.235420e+000 -2.043041e+000 -5.892380e-001  5.145760e+001 -3.162992e+000  1.087861e-001  3.025118e+000  1.889146e+000  2.275342e+000  3.646806e+000  1.416858e+000 -2.040807e+000 -1.203362e+000  1.040935e+000  2.208873e+000 -1.479805e-001 -1.310114e+000  9.322513e-001 -1.148652e+000 -1.897883e+000 -6.188069e-001 -1.735792e+000 -9.834725e-001  2.779655e-001  3.561469e-001  3.988096e-001 -1.866696e+000 -1.101845e+000 -5.518176e-001  9.133098e-001
-1.004973e+001  1.904853e+000  8.621905e+000  7.371934e+000  2.483689e+000  1.436509e+000 -3.342751e+000 -2.406067e+000 -9.534122e+000 -4.141098e+000 -4.019851e+000 -4.703159e+000  5.194361e+001 -1.420596e+000 -1.165902e+000  3.819670e-001  1.125626e+000  8.625562e-001  1.536914e+000  1.131659e+000 -1.097381e+000  2.174977e-001 -8.227410e-001  1.996071e-001 -7.501279e-001 -3.109432e-001  1.739751e+000 -7.132680e-001 -2.080167e+000 -1.268052e+000 -2.268157e+000 -1.966504e+000 -6.320825e-001  7.749634e-001  4.987484e-001 -1.393215e+000 -1.523422e+000 -2.690187e-001  9.539900e-001
-1.116786e+001 -2.879364e+000  5.037994e+000  5.619184e+000  5.080607e-001 -4.494342e-001 -6.702012e+000 -7.122828e+000 -9.554926e+000 -4.888970e+000 -4.904137e+000 -4.799527e+000  5.165649e+001  1.317730e+000 -7.761934e-001 -1.901785e+000 -1.463757e+000 -1.939279e+000 -1.380929e+000 -7.540309e-001 -7.884438e-001  9.807407e-001 -2.763363e+000 -2.025434e+000 -8.794619e-001  3.034874e-001  1.731892e+000 -1.941573e-001 -1.519899e+000 -1.284692e+000 -2.139055e+000 -1.922091e+000 -6.885570e-001  1.331327e+000  9.115922e-002 -5.494757e-001 -1.434574e+000 -7.220415e-002  9.945953e-001
-1.051275e+001  8.033793e-002  6.574934e+000  4.097620e+000  1.615564e+000 -2.929235e+000 -7.007027e+000 -5.692078e+000 -9.748080e+000 -6.753309e+000 -5.208566e+000 -5.705266e+000  5.192812e+001  3.029920e+000 -7.333166e-001 -2.773196e+000 -2.681387e+000 -4.473924e+000 -3.465406e+000 -1.963565e+000  1.458134e+000 -1.336102e-001 -1.609134e+000 -2.921150e+000 -3.948886e-001  1.490233e+000  8.898174e-001 -2.377605e-001 -8.005549e-001 -7.186385e-001 -1.628311e+000 -8.489739e-001  1.325744e-001  1.104206e+000 -4.331454e-001 -7.835672e-002 -8.399405e-001  8.284552e-002  8.932855e-001
-2.131146e+000  1.256728e+000  9.196228e-001 -2.553041e+000 -1.014999e+001 -7.487522e+000 -1.086105e+001 -4.672359e+000 -7.638407e+000 -1.474613e+001 -1.157586e+001 -4.485494e+000  5.298278e+001  3.271212e+000 -1.078293e+000 -2.996797e+000 -2.630809e+000 -5.751690e+000 -3.462489e+000 -4.783147e-001  3.338073e+000 -5.720124e-001 -1.313247e+000 -3.403621e+000 -6.866210e-001  2.762275e+000 -3.949105e-001 -4.678401e-001  4.153182e-002  3.753215e-001 -3.783411e-001  7.904148e-001  9.870056e-001  4.776016e-001 -7.782366e-001  2.594551e-001  6.992018e-002  3.556064e-003  5.132732e-001
 5.815183e-001 -3.829776e+000 -3.184889e+000 -1.948889e+000 -1.455691e+001 -1.237148e+001 -1.108106e+001  3.659366e+000 -1.116043e+001 -7.258187e+000 -1.528974e+001 -6.834619e+000  5.873163e+001  2.051749e+000 -2.203655e+000 -3.073302e+000 -1.884041e+000 -5.372793e+000 -1.667176e+000  1.656673e+000  2.360391e+000 -1.171853e+000 -1.939583e+000 -3.311002e+000 -4.323207e-001  2.926090e+000 -1.131845e+000 -2.378982e-001  7.197002e-001  8.184070e-001  8.849109e-001  1.934735e+000  1.016830e+000 -5.248078e-001 -6.913946e-001 -6.655737e-002  7.366588e-001 -6.382227e-004 -2.339621e-001
-3.589305e-001 -6.315771e+000 -5.066079e+000 -4.511607e+000 -2.016416e+001 -1.304076e+001 -7.056571e+000  4.891817e+000 -1.170881e+001 -1.120277e+001 -1.688165e+001 -7.667956e+000  6.206610e+001 -1.677373e-001 -2.380225e+000 -1.544074e+000  1.417775e-002 -3.381551e+000  1.672030e+000  2.370878e+000  1.148436e+000 -2.391321e+000 -1.300863e+000 -1.480907e+000 -8.429655e-001  2.151925e+000 -1.125263e+000  2.218708e-001  1.187703e+000  7.467786e-001  1.820839e+000  1.851565e+000  3.630652e-001 -9.330395e-001 -4.446228e-001  1.243701e-001  1.139991e+000  7.795292e-002 -8.305100e-001
-1.140106e+000 -7.151686e+000 -5.798723e+000 -4.343301e+000 -2.024131e+001 -8.488497e+000 -6.259045e-001  1.327792e+000 -1.357214e+001 -1.822290e+001 -1.911068e+001 -6.275639e+000  6.201691e+001 -9.098280e-001 -1.271841e+000  9.894309e-002  8.815460e-002 -1.234439e+000  3.641011e+000  1.695989e+000 -7.108636e-002 -2.680929e+000 -1.948113e+000 -1.992128e-001 -3.199074e-001  6.255978e-001 -6.043347e-001  6.483884e-001  1.335529e+000  3.100020e-001  2.055830e+000  6.079208e-001 -1.978845e-001 -4.934860e-001  3.898556e-002  5.531226e-001  9.897934e-001 -3.684565e-003 -9.617515e-001
-2.109020e+000 -8.983442e+000 -5.493828e+000 -1.284946e+000 -2.421554e+001 -1.068862e+000 -4.234239e+000  2.235607e+000 -1.838916e+001 -1.576808e+001 -1.706993e+001 -8.979811e+000  6.209977e+001 -8.743144e-001 -4.348453e-001  1.355598e+000  1.169862e-001  1.283328e+000  3.141242e+000  1.317353e+000 -1.113852e-001 -2.040588e+000 -6.871316e-001  7.404407e-001 -3.530630e-001 -2.400288e-001  6.740668e-002  7.366421e-001  1.066394e+000 -2.266720e-001  1.844883e+000 -9.380994e-001 -1.656853e-001  1.446762e-002  6.086229e-001  5.530435e-001  2.730194e-001  6.856944e-002 -8.524268e-001
-3.092577e+000 -8.855146e+000 -2.476299e+000 -3.121446e+000 -1.870341e+001 -1.523709e-001 -4.012275e+000  4.632040e+000 -2.122491e+001 -1.471609e+001 -1.619167e+001 -7.778228e+000  6.184279e+001 -6.166353e-001  6.559730e-002  2.154507e+000 -3.854352e-001  2.573920e+000  6.378222e-001  1.194013e+000  5.228716e-001 -1.152292e+000  5.191649e-001  5.272905e-001 -6.956948e-001 -6.866902e-001  5.051715e-001  7.690776e-001  5.455866e-001  1.091456e-001  7.298141e-001 -1.316046e+000 -1.127220e-001 -1.397935e-001  5.466007e-001  7.039594e-001 -4.006201e-001  3.837146e-001 -8.097346e-001
-3.754267e+000 -7.638267e+000  5.069757e-002 -4.537603e+000 -1.451647e+001 -1.502612e+000  1.223378e+000  2.682766e+000 -1.808537e+001 -1.639183e+001 -1.463895e+001 -8.681976e+000  6.095302e+001  2.269971e-002  6.342658e-001  2.760113e+000 -8.823875e-001  3.938688e+000 -1.516873e+000  1.793440e+000  9.237947e-001 -1.125250e-001  2.307162e-001 -4.790623e-001 -3.122246e-001 -1.454065e+000  6.504215e-001  9.046070e-001  1.618862e-003  5.061029e-001 -6.916448e-001 -5.798471e-001 -3.964988e-001 -6.294705e-001  3.380814e-002  6.367241e-001 -8.412741e-001  8.256000e-001 -8.261927e-001
-3.400659e+000 -7.496287e+000  2.201550e+000 -4.644148e+000 -1.222125e+001 -5.082511e+000  2.615351e+000  3.718570e+000 -1.948549e+001 -1.531521e+001 -1.768971e+001 -9.903030e+000  5.915683e+001  1.167522e+000  2.038991e+000  2.124619e+000  1.133570e+000  1.086951e+000 -6.101614e-001  8.943360e-001 -1.287644e+000 -9.119570e-001  1.112761e+000 -1.592562e+000  1.578246e+000 -2.816057e+000  5.259653e-001  9.105400e-001 -5.196826e-001  7.644693e-001 -1.613946e+000  5.420668e-001 -6.944628e-001 -1.103478e+000 -2.860080e-001  5.004616e-001 -6.846423e-001  9.816511e-001 -6.307473e-001
-1.841481e+000 -6.491543e+000  5.967810e+000 -4.935533e+000 -7.763180e+000 -6.188157e+000  1.419147e+000  7.311316e+000 -1.982149e+001 -1.431495e+001 -1.871622e+001 -9.478533e+000  5.617242e+001  1.485714e+000  3.101493e+000  1.378636e+000  1.887998e+000 -1.431412e+000  8.659977e-001 -5.153027e-001 -2.353480e+000 -1.991715e+000  2.199691e+000 -2.406003e+000  2.637966e+000 -3.306309e+000  1.226638e-001  5.186486e-001 -8.750051e-001  5.617750e-001 -1.753331e+000  1.077132e+000 -7.572010e-001 -1.116893e+000 -2.968916e-001  3.857107e-001 -2.684179e-001  5.899770e-001 -8.467350e-002
 1.788642e+000  7.664481e-001  5.188241e+000  2.745366e+000 -1.664530e+001 -8.604057e-001  3.615212e-001 -4.120455e+000 -2.491663e+001 -1.019073e+001 -2.211585e+001  5.112805e-001  5.015281e+001  1.281684e+000  3.384684e+000  2.468326e-001  2.051718e+000 -2.810759e+000  2.156721e+000 -1.123930e+000 -3.355881e+000 -1.642737e+000  2.036985e+000 -1.932451e+000  2.737465e+000 -2.914305e+000 -3.454309e-001 -2.808089e-001 -7.171755e-001 -2.473376e-001 -4.343509e-001  5.348331e-001 -3.257535e-001 -1.854679e-001  2.313882e-001 -6.953318e-002  2.643364e-001 -4.480774e-001  5.821041e-001
 1.079654e+000  3.737830e+000  5.450533e+000  1.207632e+000 -1.946150e+001  7.163241e-001 -2.262204e-001 -5.165122e+000 -2.532837e+001 -7.955612e+000 -2.445590e+001 -6.992999e-001  4.892349e+001  5.789378e-001  2.554662e+000 -6.760197e-001  1.467413e+000 -2.879112e+000  2.485345e+000 -9.834325e-001 -3.626554e+000 -1.231593e+000  1.697157e+000 -1.651207e+000  2.058051e+000 -1.828309e+000 -5.329289e-001 -6.393617e-001 -4.363716e-001 -6.535189e-001  1.039388e+000 -2.702945e-001  1.697242e-001  3.377368e-001  5.017470e-001 -4.763578e-001  9.600075e-001 -1.162169e+000  7.989359e-001
 1.547193e+000  4.312446e+000  3.694352e+000  2.542861e+000 -2.042588e+001  2.248852e+000 -2.181613e+000 -6.822617e+000 -2.494573e+001 -8.309946e+000 -2.448212e+001 -6.053205e-001  4.820977e+001 -1.062441e-001  9.083622e-001 -4.339307e-001  1.071739e-001 -3.609535e-001  1.254330e+000 -5.003663e-001 -1.578447e+000 -1.350765e-001  1.016362e+000 -6.482779e-001 -3.721834e-001 -6.445362e-001 -4.745973e-001 -4.970587e-001 -2.390851e-002 -7.083483e-001  1.681319e+000 -7.644907e-001  5.318991e-001  5.969918e-001  4.199777e-001 -5.459946e-001  1.334316e+000 -1.436907e+000  5.687594e-001
 1.173933e+000  4.508770e+000  3.334656e+000  2.502786e+000 -2.026845e+001  4.683940e+000 -2.226448e+000 -9.470372e+000 -2.596490e+001 -6.769550e+000 -2.578912e+001  1.370021e+000  4.800239e+001 -4.849660e-001  1.142845e+000 -4.628401e-001 -4.073238e-001  2.540623e+000 -3.427954e-002  2.153642e-002 -1.553513e+000 -2.368099e-001  3.282143e-001  1.751948e+000 -1.618055e+000 -4.465134e-001 -3.005514e-001 -2.803189e-001  4.845932e-001 -3.974101e-001  1.471344e+000 -7.851264e-001  4.250995e-001  7.052177e-001  4.546273e-001 -8.217599e-001  1.215470e+000 -1.100162e+000  1.947245e-001
 1.210282e+000  4.922790e+000  4.076526e+000  2.633659e+000 -1.804660e+001  3.427438e+000 -1.140196e+000 -9.860063e+000 -2.527375e+001 -5.701953e+000 -2.469063e+001 -2.384297e+000  4.739067e+001 -5.593509e-001  1.605299e+000  2.070029e-002 -5.526544e-001  2.885966e+000 -4.059203e-001  1.033081e+000 -1.407442e+000 -4.023991e-002 -8.515978e-003  3.037551e+000 -2.609015e+000 -7.614052e-001 -2.704120e-001 -4.644044e-001  7.955292e-001  1.310097e-001  6.727310e-001 -5.326384e-001  3.673670e-002  5.127048e-001  2.956564e-001 -1.190299e+000  5.500094e-001 -3.764222e-001  1.251419e-001
-1.176720e+000  9.146883e+000  2.945246e+000 -8.743855e-001 -7.948033e+000 -4.436699e-002 -6.392466e-001 -1.141397e+001 -2.634842e+001 -7.618536e+000 -1.559191e+001 -7.900089e+000  4.710048e+001 -6.972659e-001  8.045991e-001  1.519631e+000 -1.897229e-001  2.854148e+000 -6.101617e-001  3.753411e-001 -1.859675e-001  9.941252e-001 -1.899204e+000  2.583228e+000 -2.324345e+000 -7.962521e-001 -1.996927e-001 -1.324348e+000  9.183275e-001  4.629278e-001 -1.566216e-001 -5.335557e-003 -2.448469e-001  6.157970e-001  1.312580e-001 -1.359051e+000 -4.632547e-001  1.271272e-001  2.432294e-001
-7.423496e-002  1.001988e+001  3.992558e+000  1.468175e+000 -1.215626e+001  2.583404e+000  2.190193e+000 -1.288803e+001 -2.495518e+001 -7.928033e+000 -1.439297e+001 -9.015340e+000  4.485371e+001 -1.352154e+000 -1.244537e+000  2.552480e+000  6.534222e-001  2.845939e+000 -1.120921e+000 -4.935851e-001  3.013048e-001  7.277378e-001 -3.821423e+000  1.686129e+000 -1.901150e+000  1.560425e-001 -2.122544e-001 -1.664871e+000  4.729104e-001  4.473293e-001 -2.501869e-002  3.451770e-001 -4.552126e-001  6.813844e-001 -1.203628e-001 -8.853867e-001 -6.487309e-001  1.396490e-001  2.640499e-001
-1.670139e+000  5.983218e+000  1.097479e+001  2.136914e+000 -8.942877e+000  2.055149e+000 -2.014938e+000 -8.886225e+000 -2.115356e+001 -1.515253e+001 -1.802181e+001 -6.936183e+000  4.528962e+001 -1.087028e+000 -4.053977e+000  2.862908e+000  1.304277e+000  1.777528e+000  2.965429e-001 -4.393646e-001  6.710984e-001  3.549137e-002 -4.560587e+000  1.113849e-001 -1.336352e+000  3.109100e-001 -1.723453e-001 -1.068411e+000 -3.075587e-001  1.388251e-001  1.661015e-002  6.422735e-001  1.856215e-001  5.842521e-001 -2.877291e-001  4.486937e-001 -1.143517e-001 -2.272501e-001 -4.090690e-002
-5.303780e+000  2.819374e-001  1.282415e+001  4.395120e+000 -3.319480e+000 -3.226923e+000 -2.920277e+000 -9.617409e+000 -2.423249e+001 -2.104207e+001 -1.504504e+001 -1.237200e+001  4.907632e+001 -1.425742e+000 -4.289771e+000  1.713614e+000  9.369919e-001  3.299182e+000  8.666125e-001 -8.356288e-001  1.570947e+000 -1.627369e-001 -3.104758e+000  1.029817e+000 -2.404766e+000  5.263519e-003 -4.746568e-002  4.713352e-002 -8.656747e-001 -3.070464e-001 -3.578996e-001  6.081626e-001  5.849009e-001  6.677254e-001  1.561975e-001  1.536608e+000  5.047492e-001 -1.559248e-001 -4.903962e-001
-3.997087e+000 -6.254028e+000  1.284399e+001  4.183527e+000 -3.478783e+000  4.343511e+000 -2.808346e-001 -9.693786e+000 -2.653230e+001 -2.386445e+001 -1.470895e+001 -1.290352e+001  4.654372e+001 -1.522199e+000 -3.014837e+000  4.012700e-001  3.626180e-001  2.710577e+000  1.607440e+000  1.474470e+000  2.100472e+000  7.167816e-004 -1.406765e-002  2.339625e+000 -3.208787e+000 -9.253971e-001 -2.629366e-001  8.409858e-001 -1.119001e+000 -5.372548e-001 -7.188482e-001 -1.171006e-001  5.826846e-001  5.196081e-001  5.818837e-001  1.763629e+000  7.599818e-001  4.975844e-001 -4.392082e-001
-6.039470e+000 -5.310347e+000  1.162603e+001  5.129828e+000  1.607600e+000  5.772285e+000 -2.855003e+000 -4.629518e+000 -2.307949e+001 -1.909586e+001 -1.090031e+001 -1.805550e+001  4.425297e+001 -1.371897e+000 -1.528439e+000 -5.450752e-001 -4.109800e-001  5.899165e-001  1.264444e+000  1.474002e+000  2.925245e+000  1.526113e+000  1.588355e+000  3.095755e+000 -1.744556e+000 -1.677785e+000 -1.051444e-001  6.682177e-001 -9.915858e-001 -4.526339e-001 -1.490758e+000 -8.368947e-001  4.310551e-001  6.957269e-002  5.426200e-001  1.089232e+000  3.042964e-001  1.548752e+000 -1.626513e-001
-8.913288e+000 -6.294824e+000  1.358020e+001  3.582650e+000  2.146468e+000  5.592743e+000  5.324776e+000 -8.778099e-001 -2.172648e+001 -1.619597e+001 -8.396046e+000 -2.013837e+001  4.307430e+001 -2.428633e+000 -1.229714e+000 -1.602755e+000 -7.080111e-001 -4.620802e-001 -4.878758e-001  1.319243e+000  2.591990e+000  2.100485e+000  1.911001e+000  2.878325e+000  8.214645e-001 -1.043607e+000  2.060635e-001  3.089359e-001 -5.968353e-001 -2.121314e-001 -1.334347e+000 -1.163339e+000 -3.491011e-001 -3.886239e-001  1.854341e-001  1.720869e-001 -2.758788e-001  2.073477e+000  1.770011e-001
-9.705166e+000 -7.339861e+000  9.730666e+000  2.640659e+000 -3.182523e+000  2.470682e+000  1.646927e+000  6.008278e-001 -1.900484e+001 -1.693454e+001 -2.722713e+000 -1.747735e+001  4.242210e+001 -1.498246e+000 -1.841244e+000 -2.242303e+000 -7.908631e-001 -2.568280e+000 -2.270203e+000  1.397260e+000  1.673051e+000  1.500479e+000  1.378869e+000  2.281950e+000  3.323867e+000 -7.488880e-001  5.171970e-001  3.894597e-002 -1.400345e-001  1.172935e-001 -4.460478e-001 -7.903119e-001 -5.974175e-001 -6.507860e-001 -4.275339e-001 -5.165986e-001 -7.042964e-001  1.328101e+000  2.967593e-001
-1.430740e+001 -1.138784e+001  5.777896e+000  1.888056e+000 -3.394122e+000  3.554933e+000  4.064417e+000  6.509919e-001 -1.806721e+001 -1.539011e+001 -4.406126e+000 -9.085273e+000  4.224112e+001 -4.287068e-001 -1.313755e+000 -1.734292e+000 -5.080976e-001 -2.382059e+000 -2.441932e+000 -2.326645e-001  7.834491e-001  9.407040e-001  9.511099e-001  1.367134e+000  4.624386e+000 -5.048401e-001  7.377608e-001  1.764829e-001  4.032378e-001  2.361144e-001  2.055979e-001 -3.485143e-001 -6.480055e-001 -5.772730e-001 -6.099710e-001 -5.326146e-001 -6.496290e-001 -2.557830e-002  1.628854e-001
-1.083364e+001 -1.197006e+001  4.315668e+000  2.022809e+000 -8.463503e+000 -4.559826e+000  4.761477e+000  2.971339e+000 -1.740673e+001 -1.260444e+001 -1.485524e+000 -6.962716e+000  4.092512e+001  2.141245e-001 -1.291689e+000 -1.179479e+000  7.553087e-002 -6.803327e-001 -1.710087e+000 -7.371317e-001  5.755852e-001 -3.166599e-002 -5.146926e-001  3.298688e-001  2.994486e+000 -4.633717e-001  2.533103e-001  3.557991e-001  7.103396e-001  3.096152e-001  7.690067e-001  1.185552e-001 -7.508278e-001 -4.549628e-001 -4.023225e-001 -1.602365e-001 -3.928804e-001 -1.148005e+000  1.300530e-001
-1.049258e+001 -1.054850e+001  7.616241e+000  1.351086e+000 -7.123339e+000 -3.101665e+000  2.604179e+000  1.854180e+000 -1.782201e+001 -1.360547e+001 -2.178971e+000 -2.273759e+000  4.129859e+001  4.039857e-001 -6.220767e-001 -1.179780e-001  3.936396e-002 -3.780642e-001 -2.510505e+000 -8.535886e-001  2.543584e-001 -1.832975e-001  1.947086e-001  6.062202e-001  8.582634e-001 -3.719379e-001 -2.370034e-001  3.427085e-001  7.764363e-001  3.379279e-001  7.202183e-001  4.287202e-001 -2.499633e-001  2.953964e-002  1.567014e-001  4.096263e-001  4.323616e-002 -1.555966e+000  9.722248e-002
-1.054195e+001 -1.421797e+001  2.914101e+000  3.286798e+000 -4.719578e+000 -2.751456e+000 -1.308612e+000  2.877160e+000 -1.928576e+001 -2.040032e+001 -2.186947e+000 -5.910680e+000  4.057651e+001 -6.480411e-001 -4.080873e-001  5.012379e-001  4.834822e-001  2.747560e-001 -1.643141e+000 -2.046417e+000 -3.372173e-001  5.086708e-002  9.558873e-001  6.980042e-001 -5.330985e-001 -1.650742e-001 -4.087178e-001  3.987463e-001  7.128404e-001  1.222111e-001  4.630099e-001  7.833384e-001  2.863815e-001  3.610788e-001  6.120605e-001  8.043967e-001  3.791077e-002 -9.659374e-001  1.546905e-001
-1.243332e+001 -1.337426e+001  5.888790e+000  1.452881e+000 -7.156406e+000 -9.901778e+000  2.831519e+000  1.969873e+000 -1.804418e+001 -1.051863e+001 -1.024314e+000 -5.319973e+000  4.055574e+001 -1.182641e+000 -4.201355e-002  1.307531e+000  9.775660e-001  7.414880e-001 -3.318047e-001 -8.278384e-001  1.387549e+000  1.682945e+000  2.263951e+000  1.399247e+000 -1.391652e+000 -1.678764e-001 -2.096306e-001  1.065835e-001  1.251882e-001 -9.033149e-002  5.902603e-001  1.543876e+000  7.864974e-001  7.202774e-001  4.947706e-001  2.387971e-001 -1.313020e-001 -1.655741e-001  1.974424e-001
-1.310348e+001 -1.259761e+001  7.685583e+000  4.389323e+000 -7.073190e+000 -9.375472e+000 -5.584277e+000  1.227405e+000 -1.704131e+001 -9.368427e+000  1.427168e+000 -8.105102e+000  4.047118e+001 -1.036151e+000  4.120112e-001  1.671969e+000  2.174854e-001  1.074941e+000  1.117254e+000  6.819006e-001  1.814384e+000  2.095515e+000  2.472670e+000  1.229093e-001 -7.102428e-001  2.080502e-001  1.366276e-001 -1.050528e-001 -3.976657e-001 -5.155019e-001  4.175757e-001  1.354190e+000  1.109678e+000  4.249364e-001  9.546298e-002 -2.656814e-001 -1.210319e-001  4.954810e-001  1.495031e-001
-1.512502e+001 -1.156875e+001  1.176815e+001  5.687654e+000 -2.239093e+000 -1.448680e+000  6.028192e-001  9.616800e+000 -1.052951e+001 -7.801658e+000  3.010206e+000 -8.134810e+000  4.051188e+001 -4.501123e-001 -4.992085e-001 -7.740249e-002 -2.792950e-001  2.173145e+000  3.828676e+000  1.714740e+000  2.779944e+000  1.268231e+000  6.303031e-001  2.372577e-001  1.189651e-001  4.287121e-001  2.833714e-001 -2.216791e-001 -8.352753e-001 -7.224562e-001 -1.686476e-001  4.034007e-001  4.268243e-001 -5.113490e-001 -8.051128e-001 -6.274369e-001 -7.872976e-002  8.538480e-001  3.754497e-002
-1.437686e+001 -1.306067e+001  8.334263e+000  2.256839e+000 -1.803532e+000 -1.391735e+000  3.215240e+000  8.125618e+000 -1.256552e+001 -9.395458e+000 -3.589660e+000 -8.054476e+000  4.163869e+001 -3.311671e-001 -7.047536e-001 -7.946239e-001 -1.465596e+000  1.646806e+000  3.047569e+000  2.230685e+000  1.091267e+000  7.355387e-001  4.443046e-001  6.738394e-001  1.188998e+000  2.841469e-001  2.119952e-001 -8.041268e-002 -7.147850e-001 -5.197158e-001 -7.748581e-001 -4.656384e-001 -1.338326e-001 -9.413610e-001 -1.030741e+000 -3.597464e-001  2.684610e-001  3.348830e-001 -1.358557e-001
-1.404719e+001 -1.563878e+001  5.177438e+000  1.122648e+000  1.074490e+000  5.249731e+000  7.005459e+000  1.242049e+001 -1.394092e+001 -7.353599e+000  2.670389e+000 -4.750461e+000  4.211554e+001 -1.182759e-001 -5.920266e-001 -1.635549e+000 -1.793174e+000 -3.876827e-001  7.200415e-001  5.318913e-001 -8.076373e-001 -1.662631e+000  1.409492e-001  7.301331e-001  1.927968e+000 -1.819992e-002  1.952897e-001  3.007275e-001 -1.437242e-001 -9.408823e-002 -7.745847e-001 -9.727666e-001 -3.933648e-001 -1.150342e+000 -9.664224e-001 -1.722617e-001  1.435081e-002 -1.948107e-001 -2.251747e-001
-1.529823e+001 -1.408637e+001  7.007822e+000 -6.561568e-001 -4.959513e-001  2.513165e+000  2.367826e+000  5.281894e+000 -1.165792e+001 -7.370934e+000  4.966274e+000 -3.852289e+000  4.109008e+001 -1.420931e-001  5.635691e-002 -1.122883e+000 -1.624154e+000 -1.518936e+000  3.433790e-001  6.041617e-001 -1.098630e+000 -1.592759e+000  9.186144e-001  1.218777e+000  5.967113e-002 -2.477726e-001  3.757097e-001  5.689991e-001  1.764326e-001  5.045323e-001 -1.468982e-001 -3.485022e-001  4.758828e-002 -3.122500e-001 -4.399909e-001 -7.451208e-002 -1.467129e-001 -3.455536e-001 -2.167411e-001
-1.525572e+001 -1.401604e+001  4.253628e+000 -1.821718e+000 -4.831297e+000  1.990771e-001  3.685983e+000  7.000475e+000 -1.929647e+001 -8.109175e+000  2.382904e+000 -5.960654e-001  4.069518e+001  4.317991e-001  6.238736e-001 -6.318941e-001 -6.704574e-001 -1.169072e-001  3.169372e-001  5.611774e-001 -1.876819e+000 -2.399732e+000 -4.681605e-001  3.654313e-002 -2.904251e-001 -4.312015e-001  6.377159e-001  1.056060e+000  4.427129e-001  9.374385e-001  5.214916e-001  4.236942e-002  4.070174e-001 -1.329867e-001  7.497509e-001  3.026799e-001 -3.461162e-001  3.940780e-002 -2.542866e-001
-1.448306e+001 -1.359026e+001  3.181754e+000 -4.391748e+000 -6.445318e+000  2.850487e+000  7.895787e+000  5.342477e+000 -1.785154e+001 -4.424598e+000  2.647966e+000 -9.833318e+000  4.111001e+001  1.272344e+000  1.532292e+000 -4.142886e-001  4.957068e-001  7.769275e-001  1.506610e+000  2.453983e+000  6.460738e-002 -1.095866e+000  3.762991e-001  2.870700e-001  5.704260e-001 -5.930580e-001  5.805271e-001  1.221916e+000  2.022942e-001  9.110074e-001  5.168990e-001 -1.608101e-001 -1.682806e-001 -5.075712e-001  1.257246e+000  3.169304e-001 -5.958020e-001  1.039614e+000 -3.726374e-001
-1.229578e+001 -1.276746e+001  3.931001e+000 -3.618427e-001  3.464637e+000  6.665756e+000  7.047366e+000  3.006104e+000 -2.284277e+001 -1.116757e+001  4.012259e+000 -3.212072e+000  3.994957e+001  2.363085e+000  3.950305e+000  2.237183e-001  1.834088e+000  1.071844e+000  3.502732e-001  1.642068e+000 -2.054189e+000  1.837677e+000  1.925506e+000 -5.345947e-001  1.869629e+000 -1.116990e+000  1.620196e-001  1.080575e+000  4.512176e-002  3.411808e-001 -2.583386e-001 -4.616516e-001 -8.389489e-001 -7.134849e-001  1.628439e+000  5.476258e-001 -5.449907e-001  7.890587e-001 -3.777290e-001
-1.041648e+001 -7.049195e+000  5.097692e+000  1.092440e+000 -7.592807e-001  6.812874e+000  1.295705e+001  7.602117e+000 -1.536410e+001 -3.960241e+000  5.586946e+000  3.078441e-001  3.849759e+001  1.794899e+000  4.502723e+000 -5.392179e-001  1.678610e+000  4.711838e-001 -4.773397e-001 -7.776863e-001 -3.547800e+000  2.574767e+000  1.306433e+000 -1.474664e+000  4.177713e+000 -1.768065e+000 -3.886437e-001  3.581341e-001  3.870214e-002 -2.917852e-001 -4.230439e-001 -3.251297e-001 -1.228167e+000 -5.481998e-001  1.086674e+000  5.158745e-002 -3.880672e-001 -7.500537e-002 -2.638037e-001
-5.473585e+000  2.464958e+000  4.414250e+000  4.606629e+000 -2.315098e+000 -3.075082e-002  9.365691e+000 -4.400292e+000 -1.135181e+001  1.286178e+000 -1.759559e+000  3.681500e+000  3.641644e+001  9.806197e-001  4.541534e+000 -3.438206e-001  4.439953e-001 -1.255728e+000 -9.993461e-001 -2.017733e+000 -3.638040e+000  3.907146e+000  1.804902e+000 -1.807543e+000  1.851225e+000 -1.732343e+000 -7.843789e-001 -9.148630e-001 -1.073373e-001 -7.266814e-001 -2.547807e-001  3.143048e-001 -6.614118e-001  6.656135e-001  1.237714e-001 -3.725384e-001  2.569632e-001 -1.001765e+000  6.402584e-002
-8.919663e+000  1.307146e+000  2.440399e-001  1.517065e+000 -1.199531e+000  3.812042e+000  2.848193e+000 -8.693326e+000 -1.072319e+001 -4.119306e+000 -1.839446e+000  7.608462e+000  3.403625e+001  2.035790e-002  3.027348e+000  6.299152e-002 -2.681726e-001 -1.745063e-001  5.557711e-001 -1.856953e+000 -1.884466e+000  3.302772e+000  6.945387e-001 -1.016792e+000  2.046014e-001 -1.604400e+000 -4.716725e-001 -1.254301e+000  1.004879e-001 -5.050459e-001 -1.613107e-003  6.006787e-001  2.479598e-001  1.010399e+000 -5.570546e-001 -3.619409e-001  3.444868e-001 -1.574568e+000  4.145882e-001
-8.141092e+000  5.762040e+000  4.638724e+000  1.645821e+000 -2.593880e+000  3.169442e+000  2.013131e+000 -7.036375e+000 -5.627493e+000 -2.063529e+000 -1.312260e+000  2.393743e+000  3.351853e+001 -6.715388e-001  1.136782e-001 -6.140730e-001 -8.259271e-001  1.207852e-001  1.405242e+000 -1.125358e+000  4.422112e-001  2.092531e+000  3.687617e-001  5.212851e-001 -1.152640e+000 -8.786938e-001 -8.281803e-002 -1.136010e+000  2.139125e-002 -1.874864e-002  4.672956e-001  5.993436e-001  5.149320e-001  6.038041e-001 -1.366504e+000 -9.179906e-001 -3.082962e-001 -1.018971e+000  5.582047e-001
-8.980934e+000  6.439004e+000  5.300413e+000  1.231981e+000 -1.492421e+000  7.991633e+000  7.348564e+000 -5.021731e-001 -1.712392e+000  1.187306e+000  2.793380e-001  1.974730e+000  3.192455e+001  2.626162e-001  4.451486e-001  9.834768e-002 -2.116581e-001 -2.251385e-001  1.323760e+000  1.592549e-002 -5.359322e-001  6.968011e-001  2.147985e-001 -9.166443e-001 -2.193194e+000 -1.219486e-001  4.842504e-001 -1.931569e-001  2.761323e-001  4.315769e-001  1.163331e-001 -3.607916e-001 -7.675498e-004 -2.450838e-001 -1.313094e+000 -1.155439e+000 -1.212556e+000 -4.651892e-001  7.049774e-001
-8.800644e+000  4.674201e-001 -1.184301e+000  6.195359e-001 -1.564727e+000  4.905663e+000  1.488716e+000 -6.284812e+000 -5.394553e+000  4.766808e-001 -2.125257e-001  7.351641e-001  3.307882e+001  4.454004e-001  1.525847e-001 -2.545425e-001  3.219948e-001  1.106066e+000  1.613377e+000 -3.795119e-001 -1.293286e+000 -1.622388e+000 -2.545181e+000 -3.399098e+000 -2.044732e+000  3.174545e-001  9.259188e-001  8.863048e-001  7.543188e-001  4.933458e-001 -6.901467e-001 -9.302477e-001 -3.962333e-001 -5.527307e-001 -1.106671e+000 -8.713318e-001 -1.459450e+000  4.484559e-002  8.047465e-001
