31 39
-1.064331e+001  7.334949e+000  3.816895e+000  7.756895e+000 -5.156120e+000  6.177223e+000  5.495306e-001 -8.619359e+000 -6.851245e+000 -2.874266e+000 -9.001761e+000  2.589396e+000  3.230302e+001  3.909614e+000  2.122089e+000  2.449355e+000 -1.597737e+000 -5.463493e+000  1.410130e+000 -2.062605e+000 -2.696794e+000 -4.293326e+000 -1.630572e+000 -4.259818e+000  1.739505e+000  3.373739e+000  7.227286e-001 -4.660829e-001  4.164591e-001 -1.388776e+000 -1.735171e+000  1.221272e-001 -1.065660e+000 -7.694235e-001 -7.128778e-001  3.588651e-001 -2.071937e-001 -1.186705e-001  1.266749e+000
-1.836315e+000  1.458141e+001  7.737332e+000  3.615010e+000 -1.151286e+001  3.662418e+000 -3.899213e+000 -1.024654e+001 -1.282112e+001 -2.759337e+000 -8.327463e+000 -1.205732e+000  3.770291e+001  4.687608e+000  1.411681e+000  2.304862e+000 -2.993559e+000 -6.510139e+000  8.490945e-001 -3.316195e+000 -3.407900e+000 -4.427062e+000 -7.187904e-001 -3.558815e+000  1.191198e+000  4.812404e+000 -1.402707e-001 -1.170194e+000 -6.569096e-001 -3.923839e-001 -3.518284e-001 -1.036221e-001  7.425337e-003  2.832366e-001  1.182404e-002  6.312147e-001  3.646293e-001 -5.831654e-001  4.057703e-001
 5.622784e+000  1.007008e+001  9.919702e+000 -2.546901e+000 -2.025639e+001  4.604516e+000 -3.042065e+000 -1.144154e+001 -1.827365e+001 -3.166063e+000 -2.076805e+001  2.083071e+000  4.610878e+001  3.833211e+000 -2.409209e-001  2.772654e-001 -3.008212e+000 -5.897072e+000  1.093392e+000 -1.120087e+000 -9.802841e-001 -4.219501e+000 -4.415011e-001 -2.245256e+000 -7.701224e-003  4.436496e+000 -1.130038e+000 -9.854488e-001 -1.188260e+000  7.937405e-001  1.064728e+000 -2.295073e-001  6.336662e-001  9.407241e-001  6.664730e-001  5.307412e-001  1.033874e+000 -8.611745e-001 -7.172086e-001
 4.879183e+000  9.338747e+000  6.167857e+000 -5.183558e+000 -2.513386e+001  6.781997e+000 -4.868123e+000 -1.296054e+001 -1.939347e+001 -5.671550e+000 -1.738604e+001  3.327135e+000  4.879339e+001  1.443714e+000 -1.689809e+000 -1.264624e+000 -7.397396e-001 -3.848465e+000  1.393685e+000 -3.941457e-001 -7.914929e-001 -2.744905e+000  5.161723e-001 -1.624360e+000 -7.280893e-001  2.598778e+000 -1.509274e+000 -7.867664e-001 -8.303471e-001  1.070704e+000  2.179642e+000 -7.462672e-001  4.716798e-001  1.547587e+000  8.607320e-001  1.367517e-001  6.591717e-001 -7.751466e-001 -1.034079e+000
 5.164990e+000  8.751678e+000  5.987960e+000 -2.884879e+000 -2.783098e+001  1.008439e+001 -4.566447e+000 -1.216378e+001 -2.466257e+001 -3.625665e+000 -1.569875e+001  2.844561e-001  4.894026e+001 -1.186307e-001 -1.254410e+000 -1.707205e+000  1.244056e+000 -1.470690e+000 -9.702111e-003 -3.552995e-001  6.986231e-001 -1.802039e+000  4.056520e-001 -5.767383e-002 -1.606724e+000  8.945087e-001 -1.271915e+000 -8.078765e-001 -3.066723e-001  3.583049e-001  2.608160e+000 -1.449753e+000 -3.872587e-002  1.755449e+000  7.492882e-001 -5.161965e-001  2.284216e-001 -5.058637e-001 -3.207137e-001
 5.611151e+000  6.791568e+000  3.380085e+000  8.530121e-002 -2.696789e+001  7.890904e+000 -5.107750e+000 -1.384288e+001 -2.335119e+001  5.132581e-002 -1.898391e+001 -3.946871e+000  4.928106e+001 -8.828442e-001 -2.015406e+000 -8.546388e-001  2.338260e-001  2.174879e+000 -2.330694e+000 -1.340190e+000  3.490580e+000 -1.332133e+000 -4.586084e-001 -1.356747e+000 -1.885024e+000  1.413004e+000 -7.213539e-001 -1.062158e+000 -2.218968e-001 -4.342362e-001  2.222739e+000 -1.333463e+000 -2.113962e-001  2.001736e+000  2.281251e-001 -1.032588e+000  2.914099e-001 -1.961906e-001  6.547422e-001
 4.663647e+000  5.071618e+000  2.777565e+000  1.038951e+000 -2.669283e+001  4.001552e+000 -4.698749e+000 -7.507252e+000 -2.530499e+001 -3.999241e+000 -2.025748e+001 -2.313545e+000  5.033749e+001 -1.363085e+000 -4.117505e+000 -1.461089e+000 -1.703470e+000  4.132057e+000 -4.293185e+000 -8.406938e-001  5.655926e+000 -1.179446e+000 -2.535093e+000 -1.236954e+000 -1.958553e+000  3.425814e+000 -3.206895e-001 -1.239555e+000 -5.796686e-001 -3.681697e-001  1.358615e+000 -4.183233e-001 -1.850566e-001  9.247408e-001  1.505744e-001 -9.469808e-001  5.887098e-001 -1.848596e-002  1.052593e+000
 7.156339e-001  1.101746e+000  3.499861e+000 -5.976344e+000 -1.482854e+001 -1.830054e+000 -1.150292e+001  2.164098e+000 -2.573293e+001 -7.777804e+000 -2.189042e+001 -4.798983e+000  5.515979e+001 -1.540829e+000 -5.569052e+000 -2.497165e+000 -1.437158e+000  4.463857e+000 -3.131889e+000 -1.208429e+000  6.738535e+000 -1.915576e+000 -3.176396e+000  4.223293e-001 -1.533128e+000  4.606836e+000  1.690487e-002 -6.265967e-001 -8.136516e-001  7.041404e-001  5.525875e-002  7.841499e-001 -9.414741e-002 -9.285095e-001  7.175100e-001 -2.946481e-001  1.015875e+000  2.131633e-001  4.489219e-001
 7.973255e-001 -8.990936e+000 -1.377371e+000 -8.371405e+000 -1.324037e+001 -6.521049e+000 -5.572331e+000  8.112362e+000 -2.936893e+001 -1.238657e+001 -2.043027e+001 -9.082252e+000  6.312996e+001 -1.393086e+000 -5.675364e+000 -3.784285e+000  2.386994e-001  4.177895e+000 -1.700722e+000 -1.346462e+000  3.698349e+000 -7.574453e-001 -2.970358e+000  1.996337e+000 -1.875102e+000  4.560559e+000  2.011911e-001  5.310214e-001 -3.473639e-001  1.362361e+000 -5.471489e-001  1.391729e+000 -5.409540e-001 -2.306279e+000  1.567070e+000  4.583302e-001  6.323426e-001  2.851003e-001 -6.002894e-001
-1.598324e-001 -1.402242e+001 -7.028275e+000 -2.395309e+000 -1.137483e+001 -2.507238e+000 -1.071311e+001  1.203999e+001 -3.089710e+001 -1.163699e+001 -1.678587e+001 -8.228159e+000  6.591900e+001 -7.833192e-001 -4.369461e+000 -3.761299e+000  2.783443e+000  2.428253e+000  2.938234e-001 -1.558043e+000 -1.731787e-001  2.044417e+000 -1.714216e+000  2.105983e+000 -8.609326e-001  3.090241e+000  3.877425e-001  1.323020e+000  3.488532e-001  1.062777e+000 -6.990176e-001  1.133622e+000 -5.218946e-001 -2.409821e+000  2.226414e+000  6.938941e-001 -2.187713e-002  7.355775e-002 -1.220288e+000
-1.864050e+000 -1.574312e+001 -1.087979e+001  4.419308e-001 -7.530204e+000 -4.163465e+000 -1.182597e+001  6.046548e+000 -2.651013e+001 -1.692144e+001 -1.282807e+001 -9.974465e+000  6.776068e+001 -7.358839e-001 -2.062194e+000 -2.565841e+000  2.998036e+000  2.414114e+000  9.526052e-001 -3.370657e+000 -2.419613e+000  4.675905e+000 -9.745317e-001  1.082932e+000 -8.691490e-001  1.182665e+000  4.770031e-001  1.414416e+000  9.097733e-001  3.842718e-001 -7.751433e-001  8.708037e-001 -2.425158e-001 -1.075686e+000  1.748063e+000  7.111770e-001 -4.225588e-001  6.737958e-002 -1.240890e+000
-1.870275e+000 -1.736947e+001 -1.055542e+001  3.534206e+000 -5.542356e+000 -1.539729e+000 -1.616632e+001  2.331111e+000 -1.694024e+001 -1.408145e+001 -1.516160e+001 -8.657539e+000  6.829564e+001  6.928289e-002 -7.605392e-001 -1.362121e+000  2.497058e+000  1.850659e+000  1.209557e+000 -2.805805e+000 -2.251590e+000  6.499817e+000 -7.048384e-001  7.696460e-001 -1.668316e+000  1.943420e-001  3.413978e-001  9.208409e-001  1.055050e+000 -5.527643e-001 -6.507337e-001  4.579621e-001  1.799162e-001  3.784526e-001  8.383813e-002  4.293094e-001 -3.668884e-001 -1.090739e-001 -7.748875e-001
-2.026873e+000 -1.762838e+001 -1.244300e+001  3.654021e+000 -4.086038e+000 -2.241778e+000 -1.969901e+001  8.687377e-001 -1.296784e+001 -1.603699e+001 -1.582774e+001 -1.321331e+001  6.785497e+001  5.656286e-001 -4.077455e-001 -4.350068e-001  2.303251e+000  5.909759e-001  2.195430e+000 -1.935160e+000 -6.408743e-001  5.755170e+000  8.083811e-002  5.517112e-001 -1.134512e+000 -1.959427e-001  1.517102e-001  2.144100e-001  1.103356e+000 -1.009871e+000 -5.713273e-001  2.808291e-001  7.181208e-001  1.222361e+000 -1.525355e+000  4.746061e-001 -1.499812e-001  1.725000e-001 -1.919482e-001
 2.679936e-001 -1.688248e+001 -1.305727e+001  8.483934e+000 -3.843619e+000  2.579704e+000 -2.080561e+001  3.370944e+000 -5.169160e+000 -1.560340e+001 -1.143780e+001 -1.495032e+001  6.684357e+001  2.729136e-001 -5.924805e-001  4.485340e-001  3.670145e-001  8.615398e-002  1.962222e+000 -1.376210e+000  8.297153e-001  1.923975e+000 -9.535380e-002  5.371510e-001 -1.273620e+000 -9.489288e-002 -1.918627e-001 -1.994845e-001  9.635251e-001 -1.337253e+000 -2.863992e-001 -1.285446e-001  6.948692e-001  9.542812e-001 -2.503061e+000  2.831689e-001 -2.515217e-001  3.994852e-001  1.180035e-001
-1.050405e-001 -1.802534e+001 -1.180390e+001  9.483322e+000 -5.424693e+000  4.753966e+000 -1.918212e+001  2.322260e+000 -3.619826e+000 -1.575627e+001 -1.193141e+001 -1.250064e+001  6.750700e+001 -7.914823e-002 -1.074174e+000  2.045610e+000 -9.862974e-001  4.397304e-001  1.980418e+000 -4.948511e-001  2.151538e+000 -6.629499e-001  1.093756e+000  4.492738e-001 -2.039966e-001  3.675407e-001 -3.052581e-001 -1.353306e-001  5.650529e-001 -1.128712e+000 -7.494893e-002 -4.883658e-001  6.594275e-001  2.502597e-001 -2.133556e+000 -6.329317e-002 -2.291202e-001  3.986937e-001  1.813532e-001
-1.466623e+000 -2.013339e+001 -8.632305e+000  2.454627e+000 -4.442258e+000  4.773508e+000 -2.330581e+001  5.752926e+000 -1.199437e+001 -1.469858e+001 -1.442401e+001 -1.538198e+001  6.799516e+001 -5.676422e-001 -1.424748e+000  2.215196e+000 -2.544433e+000  4.942863e-001  6.743398e-001 -5.161381e-002  1.123610e+000 -2.806428e+000  2.045467e-001 -4.367436e-001 -1.361476e-001  5.026177e-001 -1.803772e-001  2.227136e-001 -4.867042e-002 -2.432262e-001 -3.084260e-001 -4.936688e-001  7.685301e-001 -3.813204e-001 -1.007960e+000 -2.634336e-001 -1.390496e-001  5.426373e-001  6.470619e-002
-1.555306e+000 -2.137379e+001 -4.427438e+000  1.737187e+000 -1.588066e+000  6.563412e+000 -2.092317e+001  1.043544e+001 -1.286998e+001 -1.102063e+001 -1.208827e+001 -1.401746e+001  6.911687e+001 -5.403839e-001 -6.682647e-001  1.506927e+000 -1.884584e+000  1.216509e-002  3.975415e-001  6.996794e-001  4.634767e-001 -2.547407e+000 -3.855780e-001 -1.069426e-001  2.902198e-001  4.120682e-001 -1.078449e-001  5.449327e-001 -4.839323e-001  1.791276e-001 -7.973934e-001 -4.796128e-001  6.292364e-001 -7.878610e-001 -5.094364e-001 -4.799226e-001 -6.154299e-002  3.037067e-001 -1.009674e-001
-1.845085e+000 -2.233199e+001 -5.669522e+000 -3.651639e-001 -3.290501e+000  5.046679e+000 -2.019316e+001  4.932405e+000 -1.457622e+001 -1.694849e+001 -1.354309e+001 -1.487264e+001  6.855172e+001 -3.983544e-001  3.181330e-001  4.745235e-001 -3.999733e-001 -1.242193e+000  2.853160e-001  1.869175e+000 -2.328562e-001 -2.173598e+000 -6.728549e-001  1.200114e-001  1.192458e+000  2.063744e-001 -7.013742e-002  6.273690e-001 -2.108603e-001  7.179161e-002 -1.009774e+000 -2.819751e-001  4.336978e-001 -7.157969e-001 -3.890156e-001  7.624776e-002  3.636246e-002  7.312221e-003 -1.519488e-001
-2.617729e+000 -2.026736e+001 -5.750658e+000  1.470298e+000 -5.939746e+000  6.605087e+000 -1.724005e+001  5.049904e+000 -1.506594e+001 -1.655920e+001 -1.290659e+001 -1.130420e+001  6.928906e+001 -7.030165e-001  7.790497e-001  4.962847e-001 -1.162889e+000 -2.678997e+000 -2.231336e-001  1.690936e+000 -1.109534e+000 -3.526547e+000 -8.671559e-001 -1.368187e-001  6.502339e-001  1.082535e-002 -3.127463e-002  3.826849e-001  3.959727e-001 -6.431305e-001 -6.640618e-001 -4.048399e-001  1.944554e-001 -8.158237e-001 -2.592911e-001  5.302726e-001 -7.188249e-002 -5.651434e-001 -1.771395e-001
-2.927183e+000 -1.909594e+001 -5.598078e+000  5.882052e-001 -8.477386e+000  6.179250e+000 -1.580149e+001  7.281411e+000 -2.176439e+001 -1.529356e+001 -1.341480e+001 -1.077631e+001  6.894093e+001 -8.370130e-001  9.884399e-001  1.666216e+000 -2.546322e+000 -3.209002e+000 -4.251983e-001  1.621247e+000 -1.668869e+000 -4.261937e+000  8.265745e-001 -2.399932e-001 -2.795936e-001 -5.650482e-002 -1.846757e-001  5.497009e-001  5.045957e-001 -8.111916e-001 -4.131031e-003 -6.605580e-001  2.948434e-001 -9.771758e-001  7.283110e-001  5.601232e-001 -7.271698e-002 -8.246092e-001 -4.772629e-002
-4.529339e+000 -1.909657e+001 -1.981737e+000 -4.553943e+000 -1.238961e+001  4.881459e+000 -1.466432e+001  3.713262e+000 -2.690864e+001 -1.618387e+001 -1.283651e+001 -1.281446e+001  6.897639e+001 -4.774278e-001  9.100063e-001  2.890944e+000 -4.027062e+000 -2.324740e+000 -1.271401e+000  1.795921e+000 -2.897635e+000 -2.799693e+000  1.516070e+000 -2.863527e-001 -1.799471e+000 -3.421898e-001 -1.566110e-001  9.320775e-001  5.596107e-003 -2.941799e-003  5.962796e-001 -8.291790e-001  6.171641e-001 -5.326462e-001  1.892884e+000  2.525257e-001  4.138373e-002 -4.186811e-001  1.380951e-002
-5.074345e+000 -1.797519e+001  7.770978e-001 -1.008465e+001 -1.611058e+001  3.782502e+000 -1.337479e+001 -2.743619e+000 -2.996456e+001 -1.300329e+001 -1.477810e+001 -1.551549e+001  6.842553e+001 -1.434527e+000  3.001159e+000  1.800172e+000 -3.023845e+000 -1.439977e+000 -2.493340e+000  3.290900e+000 -4.224685e+000  1.104530e+000  9.361479e-001 -1.688065e-001 -1.705735e+000  1.442505e-001  1.948047e-001  7.686493e-001 -4.523847e-001  9.355466e-001  5.328737e-001 -7.105196e-001 -2.989231e-002  5.999234e-001  1.546593e+000 -3.688508e-001 -2.178096e-001  2.550344e-001 -2.790205e-001
-3.931287e+000 -1.627771e+001  5.516474e+000 -1.332858e+001 -1.374685e+001  1.446457e+000 -9.473800e+000 -4.425758e+000 -2.496432e+001 -1.012399e+001 -1.365670e+001 -1.793197e+001  6.783582e+001 -1.187314e+000  4.433078e+000  4.572872e-001 -9.388371e-001 -5.821114e-001 -3.334958e+000  3.941930e+000 -2.494858e+000  3.254638e+000  3.406860e-001  3.450661e-002 -7.301008e-001 -2.050476e-002  7.774866e-001  5.367977e-001 -7.915158e-001  1.811814e+000  3.914039e-002 -1.544576e-002 -1.316944e+000  1.188581e+000  1.945035e-001 -3.019913e-001 -7.533517e-001  1.181014e+000 -9.121242e-001
-1.039885e+001 -5.499577e+000 -3.463220e-001 -1.014370e+001 -1.499865e+001 -4.569952e+000 -1.942248e+000 -9.772503e+000 -1.721390e+001 -1.364276e+001 -1.384873e+001 -1.674623e+001  7.023248e+001  4.919537e-001  3.070151e+000  6.211210e-001  5.872983e-001 -1.415947e+000 -2.946018e+000  3.987804e-001  1.129359e+000  4.438623e-001 -4.299873e-001 -1.489471e+000  4.608930e-001 -1.612450e+000  1.493651e+000 -1.386268e-001 -5.358139e-001  1.626968e+000  6.874958e-002  8.720251e-001 -2.510772e+000  8.331601e-001 -1.082908e+000  3.147651e-001 -7.686865e-001  1.348759e+000 -1.498867e+000
-7.803660e+000 -3.168988e+000  8.664089e-001 -9.218606e+000 -1.585613e+001 -7.617104e+000 -6.709400e-001 -5.246584e+000 -1.701078e+001 -1.416070e+001 -1.312866e+001 -1.584959e+001  6.797040e+001  2.446765e+000  3.559499e+000 -4.771093e-001  3.226438e+000 -2.141053e+000 -1.122291e+000 -3.342737e+000  3.682500e-001 -1.496842e+000  6.891816e-001 -3.392779e+000  3.022285e+000 -4.024461e+000  1.243314e+000 -3.103619e-001 -4.548035e-001  1.019951e+000  5.702344e-001  1.320091e+000 -2.274314e+000 -2.462639e-001 -9.565852e-001  5.761958e-001 -1.046686e-001  1.025037e+000 -1.261235e+000
-6.783897e-001 -9.178795e+000  6.207735e+000 -9.203151e+000 -2.213568e+001 -6.415805e+000 -1.578232e+001  3.313591e+000 -3.172202e+001 -1.313487e+001 -2.248947e+001 -1.425221e+001  6.029599e+001  4.216687e+000  2.744814e+000 -4.116991e-001  3.028360e+000 -3.167583e-001  7.604514e-001 -5.620627e+000 -1.490438e+000 -1.934271e+000  2.335726e+000 -2.298596e+000  3.161865e+000 -5.348106e+000  1.246231e-001  5.634997e-002 -3.420765e-001  3.953703e-001  1.682243e+000  1.158480e+000 -2.639888e-001 -9.259569e-001  7.117981e-001  2.218671e-001  1.029209e+000  3.377525e-001 -2.970336e-001
 3.442309e+000  3.359396e+000 -1.461014e-001  2.333334e+000 -2.088360e+001 -3.242072e+000 -1.926745e+001 -9.127555e+000 -2.519447e+001 -6.932030e+000 -2.630022e+001 -4.067559e+000  5.268176e+001  3.166887e+000  3.043936e+000 -1.300320e+000  2.940387e+000  1.719466e+000  1.412265e+000 -4.419937e+000 -2.416278e+000 -3.392216e-001  1.838809e+000 -8.427410e-002  3.044599e+000 -4.458854e+000 -1.162542e+000 -3.080030e-001  4.154672e-001 -6.082804e-001  2.149387e+000  5.426621e-001  1.755040e+000  8.220260e-002  1.347585e+000 -9.313103e-001  1.665819e+000 -6.309326e-001  6.853712e-001
 5.061604e+000  4.960303e+000 -1.898562e+000 -7.778698e-001 -1.406871e+001 -2.955211e+000 -2.074713e+001 -1.528421e+001 -2.279340e+001 -5.578471e+000 -1.875593e+001 -6.827917e+000  5.113626e+001  7.550079e-001  3.609682e+000 -6.776564e-001  2.707175e+000  5.065006e+000  1.579102e+000 -3.825638e-001 -2.108161e+000  3.424043e+000  1.045348e-001  2.002322e+000  2.138498e+000 -2.880421e+000 -2.263903e+000 -7.020680e-001  9.030898e-001 -7.029581e-001  1.254818e+000 -6.222100e-002  2.655354e+000  1.064145e+000  1.557264e+000 -1.272544e+000  1.136813e+000 -1.012849e+000  1.004044e+000
 5.160778e+000  4.981145e+000 -1.582043e+000  1.270689e+000 -1.129228e+001 -2.286076e+000 -2.028822e+001 -8.029077e+000 -2.317119e+001 -8.744856e+000 -1.541680e+001 -4.338742e+000  5.025599e+001 -1.635107e+000  1.587050e+000  1.733206e+000  3.456281e-001  5.915001e+000  1.181694e+000  2.813430e+000  1.088125e+000  2.561928e+000 -2.851774e+000  2.785859e+000  3.793048e-001 -1.831447e+000 -2.548687e+000 -1.564558e+000  1.106597e+000 -7.467426e-001  8.481648e-002 -1.951957e-001  2.045005e+000  9.955062e-001  8.905253e-001 -3.862635e-001  5.590509e-001 -1.055819e+000  7.780252e-001
 2.237416e+000  8.058740e+000  3.537424e+000  4.864049e+000 -1.606307e+000  1.001708e+000 -1.718475e+001 -7.776454e+000 -1.561344e+001 -1.170578e+001 -1.791957e+001 -3.424130e+000  4.710677e+001 -4.701830e+000 -3.708267e-002  2.586987e+000  8.109487e-001  3.859564e+000  5.646317e-001  4.039459e+000  2.078086e+000  4.401476e+000 -1.681700e+000  1.950400e+000 -5.697328e-001 -1.641592e+000 -2.061109e+000 -2.217661e+000  4.701596e-001 -5.772862e-001 -1.276002e+000 -2.886845e-001  6.386238e-001  6.869611e-001  1.419817e-001  1.124142e+000  2.861505e-001 -5.151233e-001  6.497434e-001
-3.321132e+000  9.745429e+000  5.801933e+000  1.240516e+000  2.460210e+000  6.879409e-001 -6.981491e+000 -7.440809e+000 -1.597481e+001 -1.812725e+001 -1.278911e+001 -3.872928e+000  4.553927e+001 -6.848128e+000 -2.955473e+000  2.600341e+000  1.547875e-001  2.746269e+000  9.435217e-001  3.594075e+000  4.681294e-001  3.624688e+000  8.006088e-001  2.736942e+000 -8.803789e-001 -1.188142e+000 -8.704234e-001 -2.053210e+000 -6.002693e-001 -1.978441e-001 -1.676257e+000 -1.740995e-001 -4.263641e-001  2.248186e-001  1.349744e-001  2.126653e+000  2.932525e-003  2.159883e-001  8.163437e-001
