28 39
-3.689065e+000 -1.065012e+001 -3.198373e+000 -2.660539e+000  1.200228e+001  4.531389e+000 -1.029369e+001 -9.140936e-001 -1.390929e+000  3.342836e-001  2.030979e+000 -5.277237e+000  4.597235e+001 -1.427590e-001  1.878757e+000 -1.892839e+000 -3.989193e+000  1.680323e+000  2.888553e+000 -2.985509e+000 -2.631198e+000 -2.151525e+000 -9.134258e-001  2.879775e+000 -7.051492e-001 -1.501291e+000 -2.076991e-001  1.667913e+000  7.796440e-001 -1.959093e-001 -1.111631e+000 -1.355092e+000  1.723525e+000  8.397968e-001 -9.297513e-001 -1.097905e-001 -1.544615e+000  8.678734e-001  1.111926e-002
-5.411700e+000 -9.466658e+000 -4.803023e+000 -8.109895e+000  1.654270e+001  1.075474e+001 -1.408197e+001 -5.741982e-001 -3.554169e+000  3.734502e-001  1.417715e+000 -4.067455e+000  4.565803e+001  1.849571e-001  4.555332e+000 -4.448622e-001 -4.198298e+000  3.554639e-001 -6.091545e-001 -7.032808e-001 -2.540568e+000 -4.085417e+000 -4.458888e-001 -4.996531e-001  1.272528e+000 -1.023668e+000  2.025651e-002  9.814594e-001  6.954027e-001  8.135602e-001 -1.827388e+000 -1.931100e+000  2.077226e+000  1.077529e+000  3.369209e-001  2.991890e-001 -1.935412e+000  3.157538e-001 -4.893917e-002
-3.459481e+000 -3.765807e+000 -6.087991e+000 -1.199691e+001  1.054299e+001  1.103424e+001 -1.228242e+001 -9.207714e+000 -1.184559e+001 -4.219021e+000  7.277110e-001 -7.121830e+000  4.356775e+001 -6.149781e-001  4.417676e+000 -4.908419e-001 -3.875057e+000 -1.785384e+000 -3.285383e+000  3.610104e+000  9.818230e-001 -1.897350e+000  7.815667e-001 -3.474824e+000  1.445650e+000 -1.177076e+000 -8.069789e-003 -3.028522e-001  4.199009e-001  1.836792e+000 -1.743443e+000 -1.371340e+000  1.401662e+000  1.175743e+000  1.508276e+000  2.051658e-001 -1.159742e+000 -7.616889e-002 -1.659335e-001
-4.799982e+000  4.217529e+000 -3.106014e+000 -1.710594e+001  9.310069e+000  5.287759e-001 -6.565873e-001 -4.252960e+000 -1.240628e+001 -2.826110e+000 -8.268371e+000  4.632328e+000  4.364108e+001  1.083403e-001  3.241739e+000 -2.988842e-001 -1.032747e-001 -4.581264e+000 -3.907761e+000  4.020316e+000  1.003528e+000  6.212958e-001  1.063004e-001 -2.816513e+000  1.107883e-001 -1.745683e+000 -5.036461e-002 -1.322125e+000  4.093164e-001  2.685196e+000 -1.015004e+000  4.582226e-001 -3.388696e-001  5.478926e-002  1.823725e+000 -9.126318e-002  4.814785e-001 -5.606854e-001 -3.271987e-001
-7.069815e+000  4.596170e+000 -6.501086e+000 -1.753780e+001  6.691677e+000 -6.782548e+000  1.044141e+000  5.834402e+000 -6.451625e+000  5.841897e+000 -1.050010e+001 -2.398876e+000  4.109545e+001 -1.447996e-001  1.021292e+000  1.336760e-001  3.147258e+000 -4.568530e+000 -2.318844e+000  1.661000e+000  1.475471e+000  3.036498e+000 -1.636912e-001 -1.760506e+000 -5.051240e-001 -1.969950e+000 -6.387225e-002 -1.219657e+000  6.999515e-001  2.429256e+000  2.705034e-001  1.476502e+000 -1.448220e+000 -9.493632e-001  8.485900e-001 -5.041941e-001  1.478893e+000 -1.213244e-001 -1.903286e-001
-3.064831e+000  2.561049e+000 -6.090896e+000 -5.855823e+000 -4.437961e+000  1.243232e-001 -6.436764e-001 -3.077617e+000 -3.144670e+000 -4.125507e+000 -7.050943e+000 -5.874990e+000  3.816576e+001 -3.019552e-001 -3.571024e-001  1.289461e+000  5.716526e+000 -3.327982e+000  1.198689e+000 -1.423077e+000 -2.513445e+000  2.566284e+000 -4.295757e-001  1.050580e+000 -5.555123e-001 -2.263224e+000 -2.950775e-001 -5.109108e-001  8.188196e-001  7.873191e-001  1.671423e+000  1.352410e+000 -1.181260e+000 -5.678433e-001 -4.581208e-001 -3.012022e-001  1.326898e+000  3.247043e-001  1.482550e-001
-5.051054e+000  2.168893e+000 -3.927170e+000 -1.885678e+000 -5.425640e+000 -3.577590e-001 -3.983877e+000 -2.418033e+000 -1.293900e+000 -4.387778e+000 -8.683533e+000 -4.393790e+000  3.645565e+001 -7.291915e-001  1.188093e-001  2.214743e+000  5.361323e+000 -1.059508e+000  1.543903e+000 -9.092979e-001 -2.006506e+000  1.373106e+000 -1.471466e+000  1.986092e+000  1.172179e+000 -1.869949e+000 -1.139493e-001  1.664876e-001  3.788878e-001 -9.397653e-001  1.909376e+000  6.142734e-001 -1.352775e-001  1.855177e-001 -1.089183e+000 -1.457976e-001  5.700001e-001  2.400843e-001  4.529814e-001
-7.319138e+000  3.645656e+000  2.054330e+000  3.650626e+000 -1.271184e+000  3.309826e+000 -5.257961e+000 -1.269397e+001 -2.153722e+000  1.408494e-001 -3.923753e+000  2.852223e+000  3.464486e+001 -1.074851e+000  1.138426e+000  2.754680e+000  2.726288e+000  2.021339e+000  9.229152e-001 -6.008325e-001 -9.470011e-002 -8.376123e-001 -7.458234e-001  1.944676e+000  8.956583e-001 -1.054409e+000  2.498518e-001  1.236807e-001 -4.997071e-001 -1.985829e+000  1.143981e+000 -2.225508e-001  6.296774e-001  1.321528e+000 -7.219214e-001  4.759828e-002 -4.262496e-001 -2.772266e-001  7.978499e-001
-8.588619e+000  4.647913e+000  5.000160e-001  4.515593e+000 -1.892501e-001 -6.557823e-001 -1.195206e+000  6.100453e-001 -8.156919e-002 -3.648611e+000 -2.133232e+000 -9.015905e-001  3.350616e+001 -3.280981e-001  1.105965e+000  1.295505e+000 -5.644901e-002  2.303687e+000  8.904098e-001  5.734905e-001  1.193686e+000 -7.074699e-001 -7.345555e-001  6.424462e-001 -3.028772e-002 -3.094509e-001  8.940459e-001 -3.482873e-001 -1.178320e+000 -2.205604e+000 -2.890621e-001 -3.719897e-001  1.296361e-001  7.530217e-001 -5.467665e-001  3.521088e-001 -9.837464e-001 -6.200132e-001  1.291807e+000
-6.670305e+000  7.013669e+000  5.468912e+000  4.574982e+000  3.050541e+000  4.887911e+000 -5.042174e+000 -5.065156e+000 -7.938898e+000 -8.224208e+000 -6.027123e-001 -3.142798e+000  3.436846e+001  7.467571e-001 -2.322767e-001 -7.494558e-001 -1.503731e+000  7.103253e-001  4.126820e-001  9.839164e-001  2.494101e+000 -3.035439e-003 -5.600395e-001 -4.088449e-001 -1.340412e+000  9.457771e-001  1.343173e+000 -8.288625e-001 -1.417602e+000 -2.421278e+000 -1.666544e+000 -2.769575e-001 -6.382893e-001  2.378303e-002 -6.057112e-001  3.034641e-001 -1.113390e+000 -4.060787e-001  1.791870e+000
-7.015961e+000  6.014713e+000  8.430650e-001 -2.630101e+000  3.931934e+000  3.305248e+000 -1.224318e+000 -2.640072e-001 -1.938662e+000 -3.878027e+000 -7.131822e+000 -1.547718e+000  3.504659e+001  2.830234e+000 -9.372760e-001 -1.924790e+000 -3.551685e+000 -1.849311e+000 -6.092830e-002 -1.053492e+000  4.642019e-001 -1.778015e+000  1.961862e-001 -1.755879e+000 -8.098526e-001  3.588992e+000  1.105655e+000 -9.836944e-001 -8.462677e-001 -2.150994e+000 -1.518234e+000 -2.502580e-002 -1.585345e+000 -8.453997e-001 -1.063426e+000  2.178071e-001 -7.592356e-001 -4.019646e-001  1.974313e+000
-4.371681e+000  1.800872e+000 -1.864474e+000 -2.951818e-001  2.198503e-001  3.392722e+000 -3.238229e-001  2.135615e-001 -1.240353e+000 -2.544640e+000 -3.468683e+000 -3.526773e+000  3.860352e+001  4.061848e+000 -1.984265e+000 -2.723184e+000 -7.632485e+000 -4.234881e+000  1.379663e-002 -2.978788e+000  3.889573e-001 -3.330896e+000  3.061261e-001 -2.423113e+000 -7.449526e-001  5.955720e+000  2.163270e-001 -8.570974e-001 -2.393199e-001 -1.218518e+000 -3.020734e-001  1.675336e-001 -1.883460e+000 -1.064861e+000 -5.795657e-001  2.094711e-001 -6.682125e-001 -7.906615e-001  1.388396e+000
 4.413239e+000  2.567932e+000 -5.457240e+000 -1.080775e+001 -8.020461e+000 -2.128292e-001 -8.821842e+000  2.916957e-001 -1.232092e+001 -5.507463e+000 -9.479643e+000 -4.758866e+000  4.933358e+001  3.542629e+000 -2.936512e+000 -1.948969e+000 -7.747042e+000 -2.814882e+000  9.647235e-001 -5.371883e+000 -1.980741e+000 -4.360669e+000 -7.860303e-002 -2.146598e+000 -2.337841e+000  7.057141e+000 -1.145370e+000 -7.703815e-001  1.490404e-001  9.223363e-001  9.598648e-001 -1.363889e-001 -9.666905e-001 -2.388264e-001  9.539416e-001 -9.609098e-003 -6.034198e-001 -1.303558e+000  8.284545e-002
 7.924334e+000 -1.184268e+000 -4.996857e+000 -2.949862e+001 -1.214767e+001  6.715932e+000 -1.613735e+001 -3.398221e+000 -1.940225e+001 -5.878859e+000 -1.154437e+001 -5.261987e+000  5.700357e+001  1.472195e+000 -3.518146e+000 -1.933965e+000 -5.498640e+000 -3.172568e-001  7.375242e-001 -6.274188e+000 -1.607733e+000 -1.609537e+000  6.247104e-001 -3.554548e+000 -4.529726e+000  6.153682e+000 -1.843349e+000 -3.119016e-001  5.332103e-001  3.292056e+000  1.184969e+000 -9.439572e-001  6.481019e-001  7.173485e-001  2.005230e+000 -4.984603e-001 -4.691515e-001 -7.955041e-001 -1.048712e+000
 4.549179e+000 -7.175278e+000 -7.335590e+000 -2.676359e+001 -3.958714e+000  6.467259e+000 -2.017697e+001 -8.361818e+000 -1.466106e+001 -2.603933e+000 -1.382697e+001 -1.236931e+001  6.113228e+001 -1.601789e+000 -4.022243e+000 -1.574197e+000 -6.925583e-003  9.912005e-001 -1.104737e+000 -4.239244e+000  2.684153e-001  2.131014e+000 -1.115140e-002 -4.207261e+000 -5.435255e+000  3.904238e+000 -1.549631e+000  3.483624e-001  9.556459e-001  3.482148e+000 -6.969197e-002 -1.374342e+000  2.321254e+000  1.624023e+000  1.474472e+000 -1.062674e+000  5.618241e-002  7.414195e-001 -1.540923e+000
 2.921322e+000 -1.091825e+001 -1.059513e+001 -1.981046e+001 -3.397307e+000  3.740298e+000 -2.601720e+001 -3.498348e+000 -8.117965e+000 -8.728537e-001 -1.906776e+001 -2.237018e+001  6.347259e+001 -2.582690e+000 -3.000908e+000 -2.445187e-001  4.957737e+000 -2.130791e-001 -3.671259e+000 -3.045979e-001  2.851122e+000  3.449412e+000 -2.219901e+000 -3.738539e+000 -3.173766e+000  2.288614e+000 -6.705387e-001  8.967514e-001  1.486523e+000  1.986892e+000 -1.044673e+000 -9.242927e-001  3.028903e+000  1.187402e+000 -3.678105e-001 -1.290481e+000  1.154578e+000  2.087620e+000 -1.425338e+000
-1.094201e+000 -1.267629e+001 -1.052909e+001 -1.568646e+001 -7.439639e+000 -4.248696e+000 -2.507814e+001  1.683836e+000 -7.307991e+000 -8.066223e+000 -2.675425e+001 -2.338105e+001  6.562026e+001 -2.178084e+000 -1.453319e+000  1.984537e+000  4.435510e+000 -3.215430e+000 -3.702593e+000  3.249593e+000  3.909949e+000  4.822169e-001 -3.969669e+000 -1.773690e+000  6.912771e-001  1.285059e+000  3.402261e-001  1.254483e+000  1.552753e+000 -8.484608e-002 -8.913661e-001  1.921833e-001  2.204131e+000  1.925046e-001 -1.650468e+000 -4.482807e-001  1.811804e+000  2.224789e+000 -1.133897e+000
-2.167425e+000 -1.343830e+001 -4.622699e+000 -1.024850e+001 -1.147260e+001 -6.282386e+000 -1.520975e+001  5.834560e+000 -5.831727e+000 -1.424722e+001 -2.377342e+001 -1.562495e+001  6.620264e+001 -1.592352e+000 -3.188507e-001  3.719284e+000  2.214602e+000 -3.437307e+000 -2.585011e+000  5.125910e+000  2.508510e+000 -2.624191e+000 -3.848433e+000  1.001557e+000  2.845111e+000  3.365814e-001  8.085247e-001  1.429194e+000  1.089948e+000 -1.041803e+000 -8.666116e-003  1.172133e+000  4.198216e-001 -1.096416e+000 -1.566406e+000  7.993813e-001  1.217150e+000  1.307584e+000 -1.180160e+000
-3.796867e+000 -1.318185e+001 -3.991171e-001 -9.367023e+000 -1.599822e+001 -7.034364e+000 -9.332726e+000  6.521474e+000 -1.339309e+001 -1.576510e+001 -2.034259e+001 -1.228554e+001  6.619254e+001 -3.958281e-001  9.091455e-001  4.207665e+000  9.404117e-001 -1.853516e+000 -6.869440e-001  4.066157e+000  1.402244e+000 -3.084523e+000 -1.438289e+000  2.481710e+000  2.679253e+000 -7.892334e-001  8.763058e-001  1.604440e+000  1.481992e-001 -3.091340e-001  8.480485e-001  1.352761e+000 -6.411104e-001 -2.067530e+000 -2.250538e-001  1.428997e+000 -1.066655e-001  4.441269e-001 -1.282551e+000
-3.689103e+000 -1.225973e+001  2.936308e+000 -1.189717e+001 -1.630455e+001 -7.791924e+000 -8.260353e+000  6.625383e+000 -1.819637e+001 -1.626558e+001 -1.726581e+001 -1.369238e+001  6.486935e+001  5.688057e-001  2.963828e+000  4.093658e+000  1.496270e+000 -9.373666e-001  6.815827e-001  1.386228e+000 -1.377104e+000 -2.599250e+000  5.113150e-001  2.195087e-001  2.370165e+000 -2.575042e+000  7.105227e-001  1.560737e+000 -7.958063e-001  6.514985e-001  7.807454e-001  1.146575e+000 -8.282007e-001 -2.060712e+000  7.180381e-001  1.421520e+000 -1.302223e+000  1.068530e-001 -1.097471e+000
-2.312502e+000 -8.719853e+000  6.729733e+000 -1.016006e+001 -1.429125e+001 -6.928647e+000 -8.222057e+000  8.299645e+000 -1.654829e+001 -1.424848e+001 -1.759951e+001 -1.095107e+001  6.234074e+001  1.122866e+000  4.927539e+000  2.538346e+000  3.249006e+000 -2.251577e-001  1.427916e+000  1.913882e+000 -4.484892e+000 -6.555227e-001  9.954396e-001 -1.915993e+000  3.149385e+000 -3.671883e+000  3.979268e-001  8.764480e-001 -1.355375e+000  8.568920e-001  1.529472e-001  7.653800e-001 -4.932344e-001 -1.260760e+000  6.497902e-001  8.629970e-001 -1.501878e+000 -1.455946e-001 -5.536121e-001
-6.557868e-002 -8.501599e-001  1.228117e+001 -2.370629e+000 -1.701292e+001 -2.927331e+000 -8.833949e+000 -1.940048e+000 -1.725038e+001 -1.244895e+001 -2.404742e+001 -4.441363e+000  5.525333e+001  1.200915e+000  5.475639e+000  5.749119e-001  4.317797e+000 -3.477589e-001  2.090435e+000  2.061044e+000 -4.851480e+000 -2.485006e-001  2.042304e+000 -3.310704e+000  3.144310e+000 -3.709448e+000  7.364627e-002 -2.900684e-001 -1.398335e+000  1.377457e-001 -1.697011e-001  3.393962e-001 -3.400269e-001  5.307714e-001  1.423145e-001  2.777711e-001 -4.088582e-001 -7.314067e-001  2.755497e-001
 5.702763e-003  5.751063e+000  7.620184e+000  2.114735e+000 -1.676982e+001 -2.327083e+000  5.234824e-001 -1.162027e+001 -1.714370e+001 -1.269621e+001 -2.653175e+001 -1.164124e+000  5.264114e+001  1.277751e+000  4.035480e+000 -8.098377e-001  3.814109e+000 -1.383584e+000  2.435530e+000  1.262577e+000 -3.164370e+000 -1.010947e+000  2.111202e+000 -3.262572e+000  1.564207e+000 -2.990091e+000 -1.609043e-001 -1.203500e+000 -6.274061e-001 -6.844962e-001 -3.323800e-001 -2.688349e-001 -7.825628e-001  2.153742e+000 -4.915097e-001 -2.589009e-001  5.886415e-001 -1.257558e+000  7.476256e-001
 1.156367e+000  7.883008e+000  5.365642e+000  3.554417e+000 -1.680406e+001  3.594680e-001 -2.327902e+000 -7.672059e+000 -1.914116e+001 -6.830202e+000 -2.935321e+001 -2.864300e+000  5.117191e+001  8.595945e-001  1.959515e+000 -1.223925e+000  1.902447e+000 -1.206659e+000  1.874757e+000  1.174611e-002  6.164916e-001 -1.709965e+000  1.342289e+000 -1.151493e+000 -4.942804e-001 -1.538190e+000 -4.051429e-001 -1.372306e+000  1.717348e-001 -8.729746e-001  7.143620e-002 -1.186059e+000 -7.775449e-001  2.461368e+000 -2.477355e-001 -9.619528e-001  1.305003e+000 -1.316348e+000  8.155409e-001
 3.465282e+000  7.090962e+000  6.138307e+000  5.947955e+000 -2.131360e+001  3.605601e+000 -5.162197e+000 -4.656199e+000 -2.065763e+001 -6.501849e+000 -3.125947e+001 -3.918565e+000  4.943100e+001  4.890046e-001  6.680990e-001  3.007340e-001  1.034199e+000 -1.457608e+000  1.915802e-001 -9.742828e-001  3.549832e+000 -2.382339e+000  5.094261e-002 -5.239163e-002 -1.319111e+000 -1.019384e+000 -7.729443e-001 -8.367463e-001  5.308508e-001 -5.669312e-001  1.006956e+000 -1.712342e+000 -6.137595e-001  1.355197e+000  7.033774e-001 -1.000839e+000  1.864209e+000 -7.884076e-001  6.568764e-001
 2.502604e+000  8.277466e+000  6.902479e+000  5.224998e+000 -2.077433e+001  3.480110e+000 -5.932379e+000 -2.339625e+000 -2.404324e+001 -8.834688e+000 -2.744102e+001 -5.535545e+000  4.916746e+001 -4.304266e-001  2.978019e-001  8.783001e-001  1.342878e+000  4.643383e-002 -2.717883e+000 -7.082505e-001  4.098257e+000 -8.014818e-001 -1.737331e+000  1.609222e+000 -1.995769e+000 -6.170971e-001 -1.034172e+000 -4.245762e-001  1.011690e-001 -3.845739e-001  1.594777e+000 -1.148742e+000 -3.323917e-001 -6.413752e-001  1.618574e+000 -3.206754e-001  1.861656e+000 -2.119410e-001  5.789898e-001
 1.777608e+000  8.894330e+000  8.355435e+000  6.450442e+000 -2.207273e+001 -2.929503e+000 -2.545693e+000  3.462675e+000 -2.660436e+001 -1.143926e+001 -2.774980e+001 -6.424054e+000  4.854645e+001 -1.941960e+000  6.826051e-001  7.933034e-001  1.259237e+000  3.024648e+000 -3.829862e+000 -1.446223e+000  1.870731e+000  2.051699e+000 -1.353183e+000  4.678118e+000 -1.627086e+000 -1.662552e-001 -1.131327e+000 -3.939494e-001 -8.286945e-001 -5.132663e-001  1.679954e+000  3.933145e-001  3.978083e-002 -2.208071e+000  1.688878e+000  5.212835e-001  1.554766e+000  2.044105e-001  7.318996e-001
-1.519287e-001  8.470334e+000  8.648578e+000  1.001757e+001 -1.619232e+001 -9.962395e+000 -7.177406e+000  8.759788e+000 -2.017521e+001 -1.304815e+001 -2.306194e+001 -1.159040e+001  4.852870e+001 -3.095781e+000 -1.706187e-001 -9.643651e-001 -1.329406e-001  4.526096e+000 -1.858233e+000 -1.414242e+000 -1.750834e+000  4.165884e+000  4.409748e-001  5.791533e+000 -1.399998e+000  9.301949e-001 -9.381264e-001 -5.174795e-001 -1.115673e+000 -7.698116e-001  7.320656e-001  1.868592e+000  4.146492e-001 -2.257455e+000  5.612779e-001  7.463355e-001  5.370945e-001  4.174801e-001  7.120720e-001
