52 39
 3.801344e+000 -6.526526e+000 -2.781514e+000 -1.766798e+001 -6.437534e+000 -1.173768e+001 -2.696397e+001 -1.348799e+001 -9.220698e+000  4.254962e-001 -1.462360e+001 -1.022941e+001  5.203585e+001  2.163261e+000  4.602078e+000 -4.753008e+000 -1.041014e+000  6.365641e-001  5.109880e+000  1.403453e+000 -2.605016e+000  2.942284e-001 -9.472356e-001  8.426091e-001  1.715189e+000 -2.389878e+000 -3.926064e-001  4.246015e-001  9.791028e-001  2.630250e-002 -2.073998e+000 -7.114487e-001  2.347555e+000  7.846963e-001 -5.588533e-001 -6.271099e-001 -2.944669e-001 -5.146208e-001 -1.609168e-001
 6.370222e+000  4.062417e-001 -6.771484e+000 -2.027256e+001 -9.250107e+000 -2.409551e+000 -1.781751e+001 -1.998876e+001 -1.330145e+001  6.690469e-001 -9.779311e+000 -5.335996e+000  4.879363e+001  1.353253e+000  3.902576e+000 -3.048285e+000 -4.683723e-001 -2.619801e+000  1.653417e+000  3.897776e+000 -7.213977e-001 -8.295021e-001 -3.093524e+000 -1.202621e-001 -1.514985e-001 -2.461337e+000 -5.842454e-001 -6.078053e-001  1.468280e+000  3.633432e-001 -1.622753e+000 -2.100217e+000  1.045983e+000  1.860062e+000  1.265750e-001 -7.089648e-001 -1.083323e+000 -6.794984e-001  2.812788e-001
 7.759307e+000  4.356905e+000 -7.764246e+000 -1.719072e+001 -1.284599e+001 -6.153532e+000 -9.799479e+000 -9.720046e+000 -1.325973e+001 -9.485642e+000 -1.057789e+001 -1.373323e+000  4.636862e+001  6.005656e-001  2.950050e+000 -1.066247e+000  6.179224e-001 -3.242477e+000 -1.824762e+000  4.015782e+000  2.339428e+000  1.327765e+000 -3.285157e+000 -2.097254e+000 -9.051579e-001 -1.860773e+000 -5.311626e-001 -1.124730e+000  1.271614e+000 -2.016231e-001 -3.603247e-001 -1.539247e+000 -4.811227e-001  1.129570e+000  6.646503e-001  1.063020e-001 -8.611842e-001 -1.815850e-001  7.029986e-001
 6.415751e+000  3.220588e+000 -8.693811e+000 -1.610066e+001 -1.916405e+001 -1.521898e+001 -1.202249e+001 -9.527777e+000 -1.126695e+001 -1.364332e+001 -1.836829e+001 -1.275077e+001  4.483059e+001  8.196340e-002  1.127684e+000 -1.111348e-001  1.813971e-001 -2.962312e+000 -2.756244e+000  1.307069e+000  3.532678e+000  2.059108e+000 -2.518239e+000 -3.940457e+000 -8.331472e-001 -7.631603e-001 -2.677713e-001 -1.112668e+000  6.606408e-001 -1.043639e+000  8.389480e-001  1.242841e-001 -1.070931e+000 -1.742269e-001  4.264390e-001  7.954139e-001  4.631015e-001  9.447168e-001  9.607704e-001
 6.781407e+000  6.816548e+000 -7.151585e+000 -1.666432e+001 -1.769295e+001 -1.445678e+001 -9.782568e+000 -7.021338e+000 -3.599119e+000 -8.844103e+000 -2.081538e+001 -1.104781e+001  4.471351e+001  1.430928e-001  3.658743e-001  1.364881e-001 -2.374015e+000 -9.938036e-001 -3.815234e-001  2.931924e-001  9.157945e-001  2.173175e+000 -7.033677e-001 -1.553214e+000  1.148089e+000  2.760269e-001 -5.098303e-002 -9.676693e-001  2.547008e-002 -1.411847e+000  1.214785e+000  1.338723e+000 -8.935469e-001 -1.207707e+000 -2.140490e-001  8.245972e-001  1.873369e+000  1.142260e+000  9.460614e-001
 7.268989e+000  4.814840e+000 -7.633489e+000 -1.962877e+001 -2.163819e+001 -1.203915e+001 -1.129062e+001 -3.674723e+000 -7.836210e+000 -1.224292e+001 -2.436285e+001 -4.664489e+000  4.580539e+001  2.431333e-001 -3.686761e-001 -3.464481e-001 -4.190598e+000  4.506024e-001  1.553218e+000  4.044164e-001 -8.807157e-001  8.799886e-001 -4.073485e-001  1.923226e+000  3.545462e+000  1.274115e+000 -7.618684e-003 -6.918380e-001 -3.097509e-001 -8.741508e-001  1.262149e+000  1.492986e+000 -2.773376e-001 -1.226830e+000 -3.357036e-001  7.152916e-001  2.456715e+000  3.456342e-001  7.429169e-001
 8.048153e+000  5.389151e+000 -7.611968e+000 -2.729673e+001 -1.657794e+001 -9.651064e+000 -8.699452e+000 -8.067600e+000 -4.109229e+000 -1.370268e+001 -1.534668e+001  3.239799e-001  4.726135e+001  2.650655e-001 -1.140117e+000 -8.212399e-001 -4.255315e+000  1.124991e+000  2.714121e+000 -6.257057e-004 -1.492411e+000  8.470804e-001 -2.176160e-001  4.337749e+000  2.616838e+000  1.850896e+000 -8.258399e-002 -5.761595e-001 -4.407185e-001  2.998537e-001  9.209748e-001  1.227980e+000 -2.337536e-001 -7.733206e-002 -6.290254e-001  2.532777e-001  1.591591e+000 -9.261895e-001  4.276596e-001
 6.998045e+000  2.090906e+000 -1.019586e+001 -3.173744e+001 -1.746854e+001 -9.855744e+000 -1.054196e+001 -1.340822e+001 -6.611953e+000 -1.325078e+001 -1.148651e+001 -7.093580e-001  4.992724e+001 -1.711636e-002 -1.578511e+000 -1.181026e+000 -3.248707e+000  2.289037e+000  3.160863e+000  6.729078e-002 -1.397371e+000  1.043638e+000  8.153425e-001  5.397637e+000  1.606491e-001  2.163990e+000 -1.745169e-001 -3.980364e-001 -3.774587e-001  1.102990e+000  8.417420e-001  9.268651e-001 -5.640180e-001  7.592533e-001 -6.169622e-001 -2.100676e-001  4.053604e-001 -1.671048e+000  6.540831e-002
 8.242207e+000  2.477930e+000 -9.976599e+000 -3.188656e+001 -1.415281e+001 -1.977877e+000 -1.016002e+001 -9.616645e+000  2.415429e-002 -9.428254e+000 -5.564811e+000  5.881562e-002  5.190706e+001 -1.397023e-001 -1.910006e+000 -1.649816e+000 -1.345692e+000  2.691853e+000  4.954556e+000 -7.070128e-001  7.874616e-001 -1.053777e+000 -4.832458e-002  4.667536e+000 -1.790452e+000  1.969387e+000 -2.420207e-001 -3.160000e-001 -2.225148e-001  1.344190e+000  6.007626e-001  1.304401e-001 -9.054757e-001  9.537195e-001 -8.699453e-001 -6.994163e-001 -7.260891e-001 -1.637178e+000 -2.242899e-001
 7.086380e+000 -1.622104e+000 -1.235630e+001 -3.357739e+001 -1.140557e+001 -7.142299e-002 -1.022388e+001 -9.887054e+000 -4.684714e+000 -1.030342e+001 -2.265602e+000 -3.728661e+000  5.430248e+001 -4.270674e-001 -1.973914e+000 -1.819453e+000 -1.304609e-001  3.875882e+000  5.067326e+000 -2.062480e+000  1.775614e+000 -1.254394e+000 -1.542332e+000  3.785134e+000 -2.606135e+000  1.541911e+000 -2.270823e-001 -1.770515e-001 -4.246772e-002  1.259750e+000  3.549349e-002 -8.629768e-001 -1.208904e+000  6.222954e-001 -8.548366e-001 -8.011921e-001 -1.509273e+000 -1.244205e+000 -3.995341e-001
 7.305474e+000 -2.304374e+000 -1.478083e+001 -3.310522e+001 -6.150161e+000  1.022956e+001 -1.239356e+001 -5.890877e+000 -1.034173e+001 -1.541798e+001  3.380544e+000 -7.118631e+000  5.492067e+001 -7.400626e-001 -2.522415e+000 -1.614600e+000  9.065092e-001  3.335382e+000  2.413090e+000 -3.463119e+000  1.689694e+000 -2.353631e+000 -2.535860e+000  1.513554e+000 -4.185660e+000  1.040486e+000 -1.822032e-001 -5.472662e-002  2.140965e-001  9.561577e-001 -4.545841e-001 -1.990714e+000 -9.436820e-001 -3.180691e-002 -3.634822e-001 -1.007828e-001 -1.823715e+000 -7.278914e-001 -3.589294e-001
 5.331074e+000 -5.387510e+000 -1.689101e+001 -3.178042e+001 -2.090461e+000  9.377167e+000 -1.973759e+001 -6.393039e+000 -7.700977e+000 -1.796757e+001  2.966486e+000 -1.015131e+001  5.612999e+001 -8.523475e-001 -2.157564e+000 -1.410972e+000  1.923942e+000  2.144740e+000  1.167127e-001 -4.599177e+000  1.262990e+000 -2.580619e+000 -1.946850e+000 -5.717381e-001 -4.862770e+000  6.307697e-001 -3.112543e-002  2.010507e-001  3.748945e-001  7.542577e-001 -7.718612e-001 -1.896432e+000 -1.525813e-001 -1.995857e-001 -4.596467e-002  7.045822e-001 -1.543099e+000  9.917784e-003 -2.079759e-001
 5.419547e+000 -8.251442e+000 -1.578224e+001 -2.825250e+001 -2.133461e+000  5.363278e+000 -2.271876e+001 -2.915184e+000 -1.023587e+001 -1.827548e+001 -6.130829e-001 -1.765816e+001  5.619574e+001 -8.380783e-001 -2.091814e+000 -7.835741e-001  2.407895e+000  1.284503e+000 -2.523709e+000 -4.157074e+000  8.847388e-001 -2.208075e+000 -3.499796e-001 -2.272603e+000 -4.301592e+000  6.303108e-001  1.320347e-001  4.089819e-001  4.311123e-001  4.953800e-001 -6.082302e-001 -8.749058e-001  5.085241e-001 -2.171631e-002  5.810382e-001  9.835587e-001 -8.261524e-001  1.046703e+000 -5.345641e-002
 3.767606e+000 -9.436390e+000 -1.891045e+001 -2.638404e+001 -2.690220e+000  2.945280e+000 -2.805716e+001 -5.059948e+000 -1.764074e+001 -1.860892e+001 -3.127479e+000 -2.277274e+001  5.681879e+001 -5.336868e-001 -1.183961e+000 -3.604940e-001  2.890135e+000  1.042015e+000 -1.946435e+000 -2.478409e+000  1.180163e+000 -1.556995e+000  8.876381e-001 -2.037282e+000 -2.498580e+000  7.071186e-001  2.334383e-001  3.567010e-001  5.628353e-001  2.287329e-001 -3.904840e-001  3.871367e-002  9.639551e-001  3.786604e-001  1.106514e+000  6.341877e-001 -2.026361e-001  1.675920e+000  2.523198e-002
 3.896817e+000 -1.073901e+001 -1.768898e+001 -2.376393e+001  5.722356e-001  8.269548e-001 -2.901915e+001 -2.133728e+000 -1.641223e+001 -1.684721e+001 -4.935490e+000 -2.231587e+001  5.772782e+001 -2.392194e-001 -9.643073e-001  1.572227e-002  2.900313e+000  8.455936e-001 -9.298648e-001 -1.980883e+000  1.622526e+000  3.974809e-002  9.646891e-001 -1.884435e+000 -1.342396e-001  7.350292e-001  2.112702e-001  2.755529e-001  5.075795e-001 -4.137857e-002 -4.833551e-001  5.859215e-001  8.566715e-001  4.411145e-001  1.246741e+000 -2.208885e-001  1.364205e-001  1.534756e+000 -2.236999e-002
 3.424006e+000 -1.006353e+001 -1.774012e+001 -1.957403e+001  1.766765e+000  1.913153e+000 -2.897944e+001 -8.829522e-001 -1.239777e+001 -1.424352e+001 -5.058722e+000 -2.031535e+001  5.889954e+001  1.541448e-002 -9.378122e-001  1.003556e+000  2.821397e+000  4.117748e-001 -4.866411e-001 -8.674968e-001  2.787399e+000  1.828041e+000  5.667540e-001 -1.779003e+000  1.433155e+000  7.045704e-001  1.154052e-001  9.598156e-002  3.589554e-001 -2.775652e-001 -7.663562e-001  3.982885e-001  5.339787e-001  1.662485e-001  9.857813e-001 -8.768625e-001  3.373098e-002  9.939023e-001 -1.042093e-001
 4.395250e+000 -1.275941e+001 -1.628880e+001 -1.715594e+001 -1.339857e-001  1.230018e+000 -3.216203e+001  3.108948e+000 -1.265861e+001 -1.563474e+001 -9.069638e+000 -1.955806e+001  5.883051e+001 -5.627789e-002 -8.371238e-001  1.072298e+000  2.235371e+000 -8.171521e-001 -3.239988e-001 -6.791725e-001  2.286693e+000  2.333113e+000 -1.293980e+000 -1.719641e+000  1.406322e+000  5.197350e-001 -3.276961e-002  2.265994e-001  7.832734e-002 -3.309312e-001 -8.142347e-001  4.519270e-002  7.019583e-001 -3.382552e-001  4.311324e-001 -9.376665e-001  1.335923e-001  4.440539e-001 -1.207138e-001
 3.595462e+000 -1.311525e+001 -1.459276e+001 -1.558105e+001 -2.782357e-001  3.105429e-001 -3.082320e+001  6.255707e+000 -1.037734e+001 -1.638139e+001 -9.955418e+000 -1.698587e+001  5.979030e+001 -4.813163e-002 -7.676445e-001  9.059948e-001  1.834780e+000 -1.958393e+000 -2.579255e-001 -4.593704e-001  1.679322e+000  2.225230e+000 -2.367340e+000 -1.951025e+000  1.700651e+000  2.937195e-001 -9.965079e-002  4.404484e-001 -2.342268e-001 -3.693956e-001 -6.149200e-001 -1.611762e-001  8.239028e-001 -6.853265e-001 -3.727549e-001 -4.043466e-001  3.196900e-001  8.042173e-002 -1.380503e-001
 3.529699e+000 -1.339876e+001 -1.390117e+001 -1.458357e+001 -2.491024e+000  8.265806e-003 -3.149313e+001  5.730409e+000 -5.756878e+000 -2.224817e+001 -1.108535e+001 -1.694900e+001  5.988111e+001 -3.712944e-001  8.360596e-002  4.561399e-001  1.738966e+000 -2.040496e+000 -8.182591e-001  1.324845e+000  4.852886e-001  1.996816e+000 -2.256597e+000 -1.130463e+000  1.952282e+000  3.368855e-001 -1.155654e-001  6.054375e-001 -1.871881e-001 -5.356230e-001 -2.566121e-002 -4.271004e-001  1.136696e+000 -5.352159e-001 -1.063020e+000  5.766593e-001  5.251548e-001 -1.248331e-001 -1.162217e-001
 3.616123e+000 -1.358208e+001 -1.440396e+001 -1.168632e+001 -6.846682e+000  1.234402e+000 -3.161075e+001  6.202926e+000 -4.722491e+000 -2.277350e+001 -1.380599e+001 -1.311662e+001  5.984283e+001 -3.253312e-001  8.040649e-001  1.405016e-001  1.222622e+000 -2.051153e+000 -1.045392e+000  2.250008e+000  2.614687e-001  1.324150e-001 -9.736708e-001 -4.751413e-001  1.562284e+000  1.057438e-001 -1.302112e-001  6.303037e-001  7.346658e-002 -8.087623e-001  3.538019e-001 -5.276118e-001  1.139134e+000 -2.796708e-001 -1.476091e+000  1.124855e+000  6.518646e-001 -3.935065e-001 -1.141740e-001
 2.528447e+000 -1.210797e+001 -1.410250e+001 -1.040848e+001 -7.052241e+000 -3.323207e+000 -2.514403e+001  5.561781e+000 -5.501959e+000 -2.372166e+001 -1.279667e+001 -1.173127e+001  6.048867e+001 -4.955049e-001  1.404209e+000  5.191040e-001 -1.366648e-001 -8.990781e-001 -2.065767e+000  3.649621e+000  3.195406e-001 -1.935577e+000  8.924818e-001  1.681913e-001  8.513398e-001  3.261413e-002 -6.835605e-002  4.259061e-001  3.235614e-001 -9.347768e-001  2.231255e-001 -3.339348e-001  6.341211e-001 -2.491054e-002 -1.557763e+000  1.066992e+000  5.249590e-001 -5.491048e-001 -1.888199e-001
 2.469432e+000 -9.740325e+000 -1.378959e+001 -1.155549e+001 -8.253394e+000 -3.250681e+000 -2.274771e+001  7.647365e+000 -9.842728e+000 -2.051300e+001 -1.147546e+001 -1.178332e+001  6.001524e+001 -6.370825e-001  1.723572e+000  1.241846e+000 -1.271216e+000 -7.600927e-001 -2.272230e+000  4.073914e+000  3.638418e-001 -3.189027e+000  1.682396e+000  6.589712e-001  2.835894e-001 -1.250149e-001 -2.677091e-002  2.369814e-001  3.252462e-001 -6.430551e-001  1.212908e-001 -2.733335e-001  7.413845e-002  4.441284e-002 -1.042326e+000  4.366519e-001  4.164799e-001 -1.829107e-001 -2.098331e-001
 1.625520e+000 -8.298594e+000 -1.161283e+001 -1.533231e+001 -6.283059e+000 -8.078029e+000 -1.767655e+001  6.605892e+000 -1.287465e+001 -1.891601e+001 -1.140965e+001 -1.335896e+001  5.995798e+001 -5.571991e-001  1.753383e+000  1.523275e+000 -1.687999e+000 -1.570399e+000 -1.874514e+000  3.583498e+000  3.095493e-001 -4.131276e+000  1.750331e+000  9.272755e-001 -1.538948e-001 -4.918346e-001  1.511070e-001  3.760638e-002  2.071248e-001  1.566206e-002 -1.068704e-001 -1.293552e-002 -6.013179e-001 -1.905115e-001 -3.070109e-001 -1.800832e-001  8.628453e-002  3.370221e-001 -3.521066e-001
 8.821740e-001 -6.868898e+000 -9.439566e+000 -1.558048e+001 -1.103174e+001 -7.749339e+000 -1.497493e+001  7.500080e+000 -1.698128e+001 -1.676435e+001 -1.120464e+001 -1.088484e+001  5.948310e+001 -4.283387e-001  1.814385e+000  1.264647e+000 -1.216986e+000 -1.109039e+000 -2.507687e+000  2.653762e+000  4.885286e-001 -3.981365e+000  7.806643e-001  1.227716e+000  1.150348e+000 -6.811973e-001  2.786854e-001  2.445962e-002  3.772567e-001  6.942831e-001 -1.062862e-001  1.713877e-001 -1.164655e+000 -9.985142e-001  8.390722e-001 -3.406131e-001 -3.302162e-001  8.597223e-001 -5.648241e-001
 5.360809e-001 -4.776766e+000 -8.661136e+000 -1.683598e+001 -1.351506e+001 -1.044645e+001 -1.111294e+001  7.183170e+000 -2.258906e+001 -1.684434e+001 -8.295701e+000 -1.294999e+001  5.829557e+001  1.556582e-001  1.546835e+000  1.543327e+000 -8.546934e-002 -1.258957e+000 -2.012717e+000  1.353107e+000 -6.953604e-001 -3.074462e+000  4.429317e-001  3.152415e-001  2.103071e+000 -1.449828e+000  2.801502e-001 -1.408271e-001  7.157537e-001  1.084940e+000 -1.096887e-001  5.145503e-001 -1.412612e+000 -1.800891e+000  2.029467e+000 -2.054253e-001 -5.114713e-001  8.454637e-001 -5.934769e-001
 8.724579e-001 -2.429314e+000 -8.942197e+000 -1.688858e+001 -1.018259e+001 -1.460491e+001 -1.276071e+001  9.801369e+000 -2.489235e+001 -1.764551e+001 -6.893859e+000 -6.236066e+000  5.744046e+001  3.999160e-001  1.949145e+000  3.118103e+000  1.398934e+000 -1.447244e+000 -1.346190e+000 -6.341680e-001 -4.126275e+000  4.779274e-001  6.330299e-001 -6.860929e-001  3.453718e+000 -2.470139e+000  1.600897e-001 -4.853963e-001  7.858145e-001  9.882152e-001 -3.039929e-001  1.013465e+000 -1.226535e+000 -1.907372e+000  2.236993e+000  1.511153e-001 -3.798153e-001  1.017213e-004 -3.751636e-001
 2.408669e+000 -2.784213e+000 -4.144881e+000 -1.510560e+001 -1.300242e+001 -1.471383e+001 -1.201812e+001  1.978446e+000 -2.429143e+001 -1.626077e+001 -1.198884e+001 -5.167984e+000  5.373016e+001  4.294246e-001  9.818675e-001  4.175316e+000  2.428741e+000 -1.949739e+000  1.174896e-001 -1.835599e+000 -6.387504e+000  3.786413e+000  7.970212e-001 -6.731763e-001  2.921739e+000 -2.564748e+000 -8.710337e-002 -7.627121e-001  1.202019e-001  3.880281e-001 -5.599143e-002  9.449118e-001 -6.514045e-001 -7.764806e-001  1.335519e+000  1.939107e-001  3.143289e-002 -9.575156e-001  1.368424e-001
 1.945460e+000  1.880549e+000  3.892822e+000 -9.450998e+000 -1.852428e+001 -1.234660e+001 -1.769317e+001 -1.052893e+001 -1.374046e+001 -1.389098e+001 -1.278854e+001  2.492753e+000  4.941511e+001  2.352265e-001 -3.301130e-001  3.877726e+000  2.466984e+000 -2.283612e+000  1.494536e+000 -1.884562e+000 -6.202262e+000  3.773160e+000  1.359196e+000 -1.771515e-001  7.415227e-001 -1.999555e+000 -2.074367e-001 -8.828120e-001 -9.294953e-001 -3.066643e-001  4.913697e-001  5.509785e-001  3.954038e-001  9.819070e-001 -3.810887e-001  9.760134e-002  2.863556e-001 -1.744746e+000  5.889143e-001
 2.146703e+000 -2.022360e+000  5.797933e+000 -8.411062e+000 -1.909291e+001 -1.098815e+001 -1.782470e+001 -1.458920e+001 -9.232939e+000 -1.473650e+001 -8.714243e+000 -2.705704e+000  4.948450e+001 -1.975140e-001 -1.127097e+000  1.764526e+000  1.320646e+000 -1.120730e+000  1.291479e+000 -1.278719e+000 -3.539769e+000  1.955515e+000  1.049402e+000  2.179353e-001 -1.328409e+000 -1.000908e+000 -2.973810e-001 -3.941649e-001 -1.421662e+000 -7.158636e-001  7.810782e-001 -1.125670e-001  7.502868e-001  1.895979e+000 -1.521383e+000 -1.386106e-001  6.191820e-002 -1.696187e+000  5.654418e-001
 2.179573e+000 -4.460806e+000  5.475025e+000 -7.900933e+000 -1.855540e+001 -8.995064e+000 -1.928023e+001 -1.292612e+001 -1.355579e+001 -1.161167e+001 -9.416913e+000 -3.759592e+000  4.956552e+001 -3.237980e-001 -1.410433e+000 -3.239782e-001  4.196603e-001  5.950996e-001  8.217074e-001  1.064411e+000 -6.406071e-001 -5.120667e-001  9.948462e-001  3.001291e-001 -3.144940e+000 -3.074879e-001 -2.830159e-001  1.631149e-001 -1.075205e+000 -5.153527e-001  8.944905e-001 -5.822286e-001  4.971905e-001  1.686836e+000 -1.023683e+000 -3.361842e-001 -1.694733e-002 -9.535887e-001  3.126615e-001
 1.304043e+000 -5.249022e+000  3.886645e+000 -9.277404e+000 -1.859051e+001 -9.932199e+000 -1.761819e+001 -1.452180e+001 -1.460619e+001 -1.215342e+001 -1.258497e+001 -8.683857e+000  4.865042e+001 -7.779679e-001 -4.487970e-001 -8.321421e-001 -1.269148e-001  5.162960e-001 -1.089309e-001  4.413487e-001  3.115652e-001 -1.677890e+000  2.861433e-001 -6.022256e-001 -3.615966e+000 -5.835727e-001 -1.949902e-001  4.388439e-001 -2.678837e-001 -8.807306e-002  7.476978e-001 -4.768382e-001 -3.710916e-001  6.032875e-001  3.889783e-002 -2.294714e-001  2.535022e-002  2.311001e-001  5.400822e-002
 7.477999e-001 -3.558286e+000  3.228575e+000 -6.919526e+000 -1.579998e+001 -8.766038e+000 -1.247437e+001 -1.376566e+001 -1.361417e+001 -1.020829e+001 -9.352528e+000 -1.024287e+001  4.829471e+001 -8.896263e-001  1.463115e-001 -1.999677e-001  6.140014e-001  1.370327e+000 -7.164018e-001 -2.586433e-001  3.062503e-001  4.714469e-001  5.990439e-002  1.481923e-001 -2.882643e+000 -6.449150e-001 -1.367093e-001  3.086552e-001  2.641022e-001  3.869366e-001  4.316797e-001 -3.553358e-001 -1.234043e+000 -5.518672e-001  4.526004e-001 -2.167729e-001  2.162990e-001  1.219949e+000 -5.503170e-002
-1.027250e+000 -4.717605e+000  2.760448e+000 -9.536340e+000 -1.788914e+001 -1.164732e+001 -1.902088e+001 -1.261160e+001 -1.759320e+001 -1.400747e+001 -1.175756e+001 -1.754389e+001  4.720204e+001 -8.895510e-001  2.887501e-001  3.631018e-001  7.831106e-001  2.230145e+000 -3.236571e-001 -2.472650e+000 -9.967602e-001  1.658247e+000  3.695159e-001  4.206548e-001 -3.040569e-001 -5.621529e-001  5.478410e-002 -3.194867e-002  2.882942e-001  7.305317e-001  3.464493e-001 -2.012864e-004 -6.079654e-001 -1.084383e+000 -2.531973e-002 -1.379163e-001  5.705678e-001  1.922342e+000  4.054695e-002
-1.102912e+000 -3.994957e+000  5.038285e+000 -4.701458e+000 -1.205445e+001 -1.171951e+001 -1.987210e+001 -1.234997e+001 -9.705049e+000 -1.038512e+001 -9.089656e+000 -1.374279e+001  4.706514e+001 -9.515530e-001 -2.359306e-001  3.989108e-001  1.899331e+000  1.896573e+000 -8.476087e-001 -3.648803e+000 -2.745780e+000  8.286677e-002 -1.307047e-001  8.701839e-001  1.298853e+000 -5.933563e-001  1.529191e-001 -2.603512e-001  6.313741e-002  3.220491e-001 -2.409197e-001  1.968803e-001  2.252945e-001 -6.574944e-001 -1.182471e+000 -5.416821e-001  5.073589e-001  1.697822e+000  5.105320e-002
-2.218357e+000 -3.586936e+000  4.797299e+000 -6.470885e+000 -9.312551e+000 -1.007375e+001 -2.628257e+001 -2.021345e+001 -8.269511e+000 -1.021742e+001 -1.061313e+001 -8.454183e+000  4.645444e+001 -4.730841e-001 -4.174194e-001  3.098897e-001  2.883079e+000  1.985420e+000 -4.433384e-002 -9.033982e-001 -3.584333e+000 -1.610199e+000 -3.081335e-001  1.889618e+000  3.904997e+000 -4.066173e-001  1.623296e-001 -3.097917e-001  1.235038e-002 -1.662298e-001 -4.425184e-001  3.657937e-001  8.452231e-001  2.369426e-001 -1.507273e+000 -8.722394e-001  3.496186e-001  8.019363e-001  1.433483e-002
-3.414412e+000 -5.303274e+000  4.204703e+000  1.044399e+000 -1.060541e+001 -1.379087e+001 -2.708755e+001 -2.369364e+001 -1.786168e+001 -1.275684e+001 -5.573822e+000 -8.293461e+000  4.570173e+001 -3.332643e-001 -8.023599e-001  1.423254e-001  1.174263e+000  2.880916e-001  1.283379e-001  8.320351e-002 -1.687436e+000 -3.806684e+000 -2.309681e+000  1.950505e+000  3.501942e+000 -4.674168e-001  7.622339e-002 -7.962714e-002  5.338436e-003 -7.405770e-001 -1.821633e-001  5.723996e-001  8.771964e-001  1.038153e+000 -5.443630e-001 -5.365973e-001 -2.349564e-001 -1.027250e-001  4.193151e-003
-2.236920e+000 -6.150543e+000  4.726687e+000  2.006126e+000 -8.686562e+000 -1.083331e+001 -1.993015e+001 -2.486143e+001 -2.156588e+001 -1.436228e+001 -4.067391e+000 -7.435706e-001  4.585066e+001 -3.870473e-001 -9.769937e-001  5.531464e-001  3.144954e-001  8.217944e-001  1.017338e+000 -1.125376e-001 -3.412197e-001 -3.933343e+000 -2.902193e+000  1.628587e+000  2.604080e+000 -5.534485e-001 -8.656035e-002  1.902552e-001 -5.272589e-002 -7.105373e-001 -1.088287e-001  3.737787e-001  3.814006e-001  1.261981e+000  6.585783e-001  2.327371e-001 -6.243300e-001 -1.261285e+000 -5.987312e-002
-2.759952e+000 -6.724953e+000  5.785218e+000 -3.068651e+000 -1.092699e+001 -1.069804e+001 -2.263229e+001 -1.846316e+001 -2.209029e+001 -1.986110e+001 -2.610000e+000 -8.838292e-002  4.502995e+001 -6.134545e-001 -3.542791e-001  3.039747e-001 -5.192626e-001  1.567570e+000  1.483553e+000  3.417484e-001  8.234272e-001 -1.477376e+000 -1.516661e+000 -1.740825e-001  1.435686e+000 -4.989750e-001 -8.021484e-002  5.351908e-001 -3.727495e-001 -6.998281e-002 -4.182202e-003 -2.750271e-002  6.449372e-001  8.867431e-001  1.570217e+000  1.214998e+000 -6.559027e-001 -1.448345e+000 -1.744523e-001
-4.480823e+000 -7.761065e+000  6.772773e+000 -2.841883e+000 -5.042792e+000 -6.533469e+000 -2.907289e+001 -2.453479e+001 -2.582192e+001 -2.117626e+001 -3.952109e+000  4.636800e-001  4.402309e+001 -7.657907e-001  3.098164e-001 -3.456435e-002  1.771549e-001  8.015368e-001  1.146952e+000  8.743324e-001  1.470142e+000  5.180384e-001  4.590422e-001 -1.697380e-001 -1.368301e+000 -6.902038e-001 -1.419176e-002  6.570840e-001 -6.856652e-001  1.156585e-001 -4.479499e-001 -5.981995e-001  9.384663e-001  6.834839e-001  1.688435e+000  1.559971e+000 -1.914460e-001 -1.063199e+000 -2.877095e-001
-5.359733e+000 -6.269409e+000  4.701534e+000  8.720910e-001 -4.589449e+000 -8.523022e+000 -2.080743e+001 -1.973982e+001 -2.312054e+001 -1.693316e+001 -6.501876e+000 -1.718656e+000  4.412064e+001 -5.449668e-001  1.230189e+000 -1.427567e+000  8.930187e-001  2.773094e-001 -7.398262e-002  2.814455e+000  1.840599e+000  1.818711e+000  2.084692e+000 -4.298455e-001 -1.753590e+000 -1.271301e+000  1.027898e-002  4.661270e-001 -5.328103e-001  9.407581e-002 -4.099352e-001 -6.662479e-001  7.111456e-001  3.134736e-001  1.150338e+000  1.115720e+000  3.774523e-001 -3.457335e-001 -3.832008e-001
-4.765983e+000 -4.829233e+000  5.095708e+000  9.215297e-001 -7.847646e+000 -6.186060e+000 -1.647092e+001 -1.687239e+001 -1.846056e+001 -1.353104e+001 -2.970143e+000 -6.769940e+000  4.285429e+001 -4.922500e-001  1.516192e+000 -2.009409e+000  1.866471e-001 -7.728247e-001 -1.194891e+000  3.343441e+000  2.567614e+000  2.860789e+000  3.096988e+000  7.992389e-001 -1.117278e+000 -1.605833e+000 -2.326450e-002  2.018697e-001 -1.939816e-001 -1.064606e-001  2.514108e-001  5.160436e-002  6.816080e-001  2.931579e-001  6.944204e-001  6.378220e-001  4.927981e-001  6.578410e-001 -2.662855e-001
-5.342206e+000 -2.039923e+000 -5.140821e-001 -4.852642e-001 -8.138012e+000 -1.124166e+001 -1.486101e+001 -1.309137e+001 -1.667742e+001 -1.326024e+001 -5.250211e+000 -5.239525e+000  3.925784e+001 -6.988300e-001  1.373168e+000 -1.372655e+000 -5.362961e-002  3.050744e-001 -6.767644e-001  2.662922e+000  1.842060e+000  3.102938e+000  2.742965e+000  1.228691e+000 -4.184932e-001 -1.957164e+000 -9.283973e-002 -5.268330e-002  3.804196e-001  1.152023e-002  8.014199e-001  1.323467e+000  5.324346e-001 -4.301543e-002  3.081795e-001  4.003238e-001  7.085730e-001  9.967484e-001  3.494919e-002
-6.950837e+000 -2.294847e+000 -6.664639e-001 -1.229970e+000 -7.132634e+000 -1.114861e+001 -1.532890e+001 -1.502095e+001 -1.473954e+001 -7.527773e+000 -5.817476e-001 -3.362275e+000  3.842532e+001 -8.051816e-001  1.247675e+000 -1.031928e+000  1.181762e-001  2.044708e+000  1.706365e+000  4.358139e+000  2.935201e+000  3.348027e+000  3.319016e+000  1.464985e+000  1.253355e+000 -1.678699e+000 -5.101949e-003 -5.915146e-002  3.683578e-001  3.606149e-001  1.170239e+000  2.057177e+000  2.341999e-001 -3.919205e-001  2.254174e-002  3.515339e-001  4.379611e-001  7.506487e-001  2.605506e-001
-7.761456e+000 -6.707613e-001  7.193466e-001  1.679693e+000 -3.421583e+000 -9.425570e+000 -8.063832e+000 -1.145525e+001 -9.466354e+000 -6.219967e+000 -1.552620e+000 -5.514954e+000  3.654930e+001 -8.526996e-001  1.101031e+000 -1.420914e-002  9.848553e-001  2.875642e+000  5.092722e+000  4.969279e+000  1.441728e+000  3.115989e+000  3.975297e+000  2.780147e+000  2.044835e+000 -1.060122e+000  1.052711e-001  3.789363e-002  3.254092e-001  4.992856e-001  7.018398e-001  1.462834e+000 -5.921421e-001 -6.101136e-001 -8.592226e-002  4.097570e-001  1.307044e-001  2.533312e-001  4.269793e-001
-7.582265e+000  7.245634e-001 -6.806487e-001  4.299321e-001  1.768112e-002  1.437720e+000  1.921189e+000 -3.014441e+000 -5.325956e+000 -4.560964e-001  2.505985e+000 -3.654499e-001  3.581507e+001 -4.408249e-001  1.356503e+000 -8.468425e-001  1.470479e+000  3.793086e+000  6.206252e+000  3.361262e+000  8.081774e-001  2.966972e+000  4.238491e+000  2.213316e+000  1.404302e+000 -7.516018e-001  2.446727e-001 -1.679317e-002  4.503841e-001  4.434493e-001 -2.799581e-001 -4.004547e-001 -1.665036e+000 -7.518175e-001 -2.482226e-001 -2.384513e-001 -3.136079e-001 -3.772144e-001  4.709645e-001
-9.289989e+000  1.955527e+000 -5.780354e-001  3.609061e+000  2.665041e+000  7.928786e+000  1.360344e+000 -1.188598e+001 -5.804262e+000  3.080405e+000  7.106657e+000  3.486238e+000  3.526236e+001 -3.546529e-001  1.508222e+000  1.618484e-001  1.766647e+000  2.940084e+000  4.387461e+000  2.006502e-001 -1.449964e-001  2.863854e+000  4.332012e+000  1.508047e+000  7.726897e-001 -2.858166e-001  3.940566e-001 -3.282666e-001  5.163663e-001  5.067861e-002 -8.316825e-001 -1.838305e+000 -1.488450e+000 -3.583299e-002 -5.635244e-001 -9.933497e-001 -7.820609e-001 -4.496417e-001  5.003457e-001
-8.390695e+000  3.174527e+000 -4.251985e+000  5.157743e+000  8.789484e+000  1.120547e+001 -3.234675e+000 -1.076469e+001 -1.735730e+000  9.014496e+000  6.155196e+000 -8.413627e-001  3.531078e+001  1.691585e-001  9.601139e-001  1.131963e+000  1.944527e+000  6.126965e-001  5.672185e-002 -1.582725e+000 -3.052383e-002  2.232981e+000  1.948402e+000  5.329951e-001  3.355968e-003  2.889706e-001  4.561749e-001 -5.824262e-001  6.015901e-001 -1.352816e-001 -9.843950e-001 -1.896074e+000 -2.683910e-001 -6.770351e-002 -1.260388e+000 -1.399234e+000 -5.531827e-001 -1.846990e-003  4.425288e-001
-9.130507e+000  5.645368e+000  3.314257e+000  8.149022e+000  6.892938e+000  7.627857e+000 -4.482649e+000 -8.305100e+000  3.057804e+000  1.070480e+001  4.163009e+000 -1.413549e+000  3.537236e+001  8.125917e-001 -3.421074e-001  1.578220e+000  1.001225e+000  3.074244e-001 -1.024037e+000 -9.788513e-004  1.681913e+000  6.653628e-001  1.535930e-001 -2.899972e-001  4.970994e-001  9.213207e-001  2.622223e-001 -2.777660e-001  1.642323e-001 -4.510375e-001 -6.962854e-001 -9.664776e-001  5.125405e-001 -1.898813e-002 -1.459200e+000 -1.501647e+000 -2.517377e-001  2.773722e-001 -1.416233e-002
-6.816214e+000  3.680212e+000  3.033022e+000  7.882586e+000  9.672155e-001  1.871794e+000 -3.070941e+000 -4.957501e+000  1.407917e+000  5.473719e+000  6.642784e+000  2.101223e+000  3.720492e+001  1.256427e+000 -6.304630e-001  1.452922e+000  1.176782e+000  1.874411e-001 -5.683674e-001  2.120122e+000 -4.437951e-001 -2.235720e+000 -6.684715e-001  3.464252e-001  1.532862e+000  8.574737e-001 -2.220033e-001  3.601432e-001 -1.225948e-001 -5.397432e-001 -1.749126e-001  5.450631e-002  5.330109e-001  1.616064e-001 -7.284411e-001 -1.069768e+000 -3.412701e-001 -1.820907e-001 -5.866897e-001
-6.014271e+000 -7.852928e-003  3.670559e+000  7.252762e+000  8.113297e+000  7.475443e+000  1.273583e+000 -6.380011e+000 -4.049271e+000  5.618758e+000  5.412877e+000  4.500442e+000  3.892190e+001  4.128244e-001  9.146804e-001  8.225306e-001 -1.046681e-001 -3.287148e-001 -1.323825e-001  9.119292e-001 -3.330140e-002 -2.197794e+000 -1.867787e+000  3.426434e-001  1.394798e+000 -6.408798e-001 -6.187941e-001  8.966500e-001 -7.760502e-002 -2.949067e-001 -3.329144e-001 -1.337505e-001 -2.630335e-001  4.502685e-001  4.263160e-001 -7.460375e-001 -3.559770e-001 -6.979431e-001 -9.040675e-001
-3.666676e+000  2.848822e+000  2.834475e+000  1.148979e+001  9.116509e+000  8.439845e+000  4.487818e+000 -1.394621e+001 -9.360793e+000  8.215158e+000  7.262388e+000  3.865951e+000  3.782338e+001 -7.409741e-001  2.132436e+000  8.968338e-001 -2.012426e-001  5.620315e-002 -1.165737e-001  6.258749e-001  1.635116e+000  2.235422e-002 -2.389750e+000 -1.489676e+000 -1.355947e+000 -1.863377e+000 -7.832478e-001  4.064145e-001 -1.165461e-001 -4.006596e-001 -2.027986e-001 -2.269924e-001 -6.748610e-001  1.151174e+000  1.325426e+000 -1.427281e-001 -4.535519e-001 -7.938744e-001 -6.443771e-001
-8.641153e+000  1.063447e+001  7.526183e+000  5.822082e+000  1.174717e+000  3.681919e+000 -3.702383e+000 -3.977251e+000 -2.546810e+000 -4.855713e-003  5.566424e+000  4.678076e+000  3.185873e+001 -1.282678e+000  2.759693e+000  1.468239e+000  2.157037e-001 -1.291529e+000 -1.918686e+000 -5.690231e-001  2.893800e+000  1.667906e+000 -2.715955e+000 -1.151832e+000 -1.548212e+000 -2.238591e+000 -5.727768e-001 -1.254779e+000 -3.682625e-001 -5.940220e-001  1.530065e-001 -1.020106e-001  5.407398e-002  5.351204e-001  8.634101e-001  4.198078e-001 -4.223946e-001 -7.047554e-001  8.801754e-001
