30 39
-2.131757e+001 -1.894546e+000  7.765580e-001  7.192455e+000  1.055849e+000 -2.659996e+000  1.621197e+000  2.129552e+000 -3.813726e-001  9.359513e-001  2.215567e+000 -1.382726e+000  5.018295e+001  3.357659e-002 -2.304841e+000  1.900414e+000 -3.671757e+000  7.103862e-001 -2.146161e-001 -1.339996e+000 -1.206041e+000 -5.861139e-001  1.451684e+000 -6.615191e-001 -6.183074e-001 -2.352797e+000  2.293352e-001 -5.866610e-001 -1.311010e+000 -1.226488e+000 -1.045869e+000  4.365181e-001 -5.068141e-001 -7.977198e-002  4.518054e-001 -1.010162e+000 -3.034279e-001 -3.208311e-001 -1.701506e-001
-2.496838e+001 -9.669065e+000 -8.755628e-001 -1.366401e+000 -5.535390e+000 -3.905402e-001 -2.930895e+000  1.172514e+000  6.057320e+000  2.590602e+000  6.405345e+000 -4.450525e+000  4.578300e+001 -6.108515e-001 -3.043868e+000 -8.467270e-002 -4.319017e+000 -8.983735e-001  1.825453e+000 -1.531611e+000  1.390842e-001  2.472727e-001 -8.369387e-001  2.484025e-001 -8.493644e-001 -2.355036e+000  1.714206e+000  4.583068e-002 -1.812955e+000 -2.816445e-001 -5.888796e-001 -1.864486e-001 -2.354601e-001  2.329805e-001 -3.189114e-001 -1.249790e+000 -1.467484e+000 -3.922186e-002  1.586979e+000
-2.613390e+001 -8.349625e+000  8.658554e-001 -4.107180e+000 -2.445044e+000  2.328243e+000 -4.250553e+000 -7.888932e-001  4.629484e+000  3.477491e+000  2.366980e+000 -4.969682e+000  4.523685e+001  4.033443e+000 -1.394172e+000 -2.880970e+000 -4.406994e+000 -1.594076e+000 -7.381778e-001 -2.461581e+000  1.498049e-002 -5.038042e-001 -2.389111e+000 -1.569232e+000 -1.906588e-001  1.291752e+000  2.213879e+000 -1.198716e-001 -1.866339e+000  3.391152e-001 -2.138188e-001 -8.145624e-001 -4.549802e-002 -1.580348e-001 -1.159430e+000 -3.752160e-001 -2.316983e+000 -1.419397e-002  2.529129e+000
-2.476930e+001 -1.121542e+001 -1.587579e+000 -4.597531e+000 -4.390867e+000  1.402050e+000 -5.375582e+000  2.970042e+000  1.957106e+000 -2.559017e+000  7.194962e+000 -1.435982e+000  4.572139e+001  7.630595e+000 -1.555989e+000 -4.303106e+000 -2.969682e+000 -2.058620e-001 -2.280667e+000 -1.696646e+000 -5.350426e-001 -2.955239e+000 -1.093355e+000 -6.429924e+000 -1.684512e-001  5.326752e+000  1.169985e+000 -4.655150e-001 -9.653714e-001  8.192040e-001  2.314880e-001 -7.153342e-001  2.208011e-001 -7.393240e-001 -1.458667e+000  5.747272e-001 -2.507842e+000 -8.370458e-002  2.083118e+000
-1.249893e+000 -8.092227e+000 -1.327229e+001 -1.322695e+001 -7.486791e+000 -7.247180e+000 -9.464363e+000  1.305691e+000 -8.502869e-001 -8.434795e+000 -6.025404e+000 -3.843292e+000  5.667252e+001  6.982250e+000 -3.648139e+000 -5.322062e+000 -2.650848e+000 -7.049636e-001 -2.234368e+000 -1.484969e+000 -1.659151e+000 -4.782008e+000 -2.961884e-001 -8.907269e+000 -1.029734e+000  6.451952e+000 -1.440113e+000 -7.811822e-001  4.681472e-001  1.421505e+000  4.825003e-001  3.955384e-001  4.776057e-001 -6.428047e-001 -7.922931e-001  9.961230e-001 -6.475558e-001  6.997770e-002  2.716548e-001
 7.425902e-001 -1.757771e+001 -1.532202e+001 -1.165493e+001 -4.043827e+000 -7.006164e+000 -8.807219e+000 -2.549992e+000 -5.978989e+000  3.079971e+000 -2.154808e+001 -5.855976e+000  6.669893e+001  3.764671e+000 -4.244460e+000 -3.690984e+000 -1.101070e+000 -1.854895e-001 -1.003123e+000 -9.159118e-001 -2.720470e+000 -4.906961e+000  9.902360e-001 -8.621787e+000 -8.483498e-001  5.480454e+000 -2.481876e+000  1.243063e-001  1.361993e+000  1.598561e+000  5.083178e-001  9.390675e-001  3.324026e-001  2.744490e-003  5.381212e-001  5.361011e-001  1.997035e+000  5.171312e-001 -1.328290e+000
-3.978592e+000 -2.340917e+001 -1.887724e+001 -1.383272e+001 -6.143382e+000 -4.639491e+000 -9.959579e+000 -6.324633e+000 -1.531251e+001 -8.229453e-001 -2.779784e+001 -7.908354e+000  6.700784e+001 -1.234159e+000 -3.955847e+000 -8.462955e-001  1.766226e+000  8.082396e-001  6.007422e-001 -4.639193e-001 -2.106329e+000 -3.489408e+000  1.549708e+000 -3.711080e+000  4.991790e-001  2.573175e+000 -1.705604e+000  1.227750e+000  1.527949e+000  1.447447e+000  7.986811e-001  7.214000e-001  2.053177e-001  6.819793e-001  1.461451e+000  2.473984e-001  3.208617e+000  7.857990e-001 -1.741759e+000
-4.581595e+000 -2.477925e+001 -1.724002e+001 -9.799992e+000 -5.990019e+000 -4.917409e+000 -9.707533e+000 -6.817147e+000 -1.534659e+001 -1.413762e+000 -2.502775e+001 -3.645199e+000  6.795600e+001 -6.705791e-001 -7.806026e-001  2.689735e-001  2.814587e+000  1.579125e+000  9.971155e-001 -5.451574e-001 -2.977313e-001 -9.109328e-001  6.642023e-001  9.571543e-001  1.652749e+000  6.246887e-001 -4.308070e-001  1.414884e+000  6.818598e-001  3.080020e-001  4.743564e-001 -4.145962e-002 -8.214983e-002  8.116801e-001  1.065103e+000 -3.825429e-001  2.568821e+000  2.634087e-001 -1.426212e+000
-4.758595e+000 -2.427069e+001 -1.654476e+001 -5.323285e+000 -2.472497e+000 -5.287847e+000 -1.133380e+001 -7.092378e+000 -1.361353e+001  1.560612e+000 -2.284097e+001 -2.452786e+000  6.890986e+001  6.718534e-001  7.586809e-001  3.377057e-001  2.628557e+000  2.406134e+000  3.725128e-001 -6.437576e-001  5.393759e-001  5.272310e-001  1.103820e+000  2.346347e+000  1.648712e+000  1.710388e-001  4.699082e-001  1.044405e+000 -1.346539e-001 -8.954534e-001 -4.994924e-002 -5.303236e-001 -1.233921e-001  6.757303e-001  1.599967e-001 -8.487243e-001  1.093452e+000 -2.878483e-001 -7.364217e-001
-2.220304e+000 -2.104996e+001 -1.514339e+001 -1.836711e+000  2.016357e+000 -1.696408e+000 -1.084589e+001 -3.654776e+000 -1.138314e+001  5.209204e+000 -1.924075e+001 -3.200177e-001  6.887136e+001  6.576300e-001  4.726976e-001 -8.736852e-001  7.774925e-003  1.387345e+000 -1.096306e+000 -1.236742e+000  1.507802e-002 -1.589767e+000 -6.995345e-001  1.193603e+000 -1.060729e-001 -4.495400e-001  9.838887e-002  2.156093e-001 -2.965527e-001 -1.349188e+000 -4.792226e-001 -6.120081e-001  2.182068e-002  3.544326e-001 -6.125802e-001 -1.043512e+000  8.823609e-002 -6.020378e-001 -2.744073e-001
-1.799970e+000 -2.148041e+001 -1.823702e+001 -4.671578e+000  1.884102e+000 -4.387427e+000 -1.260919e+001 -5.208939e+000 -1.465808e+001  1.384672e+000 -1.895961e+001 -1.327387e+000  6.740535e+001  4.512774e-001  6.395260e-001 -9.482358e-001 -1.307635e+000  6.543834e-001 -1.004165e+000 -7.350876e-001  1.115918e+000 -2.350008e+000 -2.012045e+000  1.637954e+000 -6.065194e-002 -5.718193e-001 -2.203175e-001  3.468469e-003  5.382559e-003 -8.730628e-001 -6.223034e-001 -1.239373e-001  2.981467e-001  4.424236e-001 -4.345497e-001 -8.741555e-001  7.688323e-002 -3.420371e-001 -2.804619e-002
-2.772758e+000 -2.381090e+001 -2.076232e+001 -1.008697e+001 -1.231593e+000 -1.084915e+001 -1.525355e+001 -7.683476e+000 -2.277315e+001 -4.823465e+000 -2.100042e+001 -4.738263e+000  6.646056e+001 -6.834681e-002  3.570212e-001 -5.708193e-001 -1.963256e+000  5.888760e-002 -1.374586e+000 -3.903891e-001  1.186161e+000 -2.535214e+000 -2.995426e+000  1.752531e+000 -5.027587e-001 -3.759186e-001 -1.870416e-001  1.573002e-001  3.667875e-001  1.924683e-001 -4.427071e-001  5.349444e-001  5.995551e-001  5.515773e-001  4.912134e-001 -4.542687e-002  3.160686e-001  2.246955e-001  1.829823e-001
-2.225981e+000 -1.969259e+001 -1.847648e+001 -7.736328e+000  2.423395e+000 -5.732298e+000 -1.280541e+001  5.015612e-001 -1.966856e+001 -3.483278e+000 -1.377137e+001 -5.469227e-001  6.725616e+001 -6.674540e-002  8.338615e-001  2.131855e-001 -7.512411e-001 -4.115393e-002 -1.080338e-001  4.237993e-001  2.165952e+000 -1.172794e+000 -2.119012e+000  2.451299e+000  1.368692e-001 -6.002808e-003 -9.381660e-002  1.195672e-001  3.421295e-001  6.718050e-001 -4.703414e-001  7.097479e-001  5.946595e-001  8.426311e-002  7.664452e-001  5.901938e-001 -5.066211e-002  3.019198e-001  1.991800e-001
-2.349033e+000 -2.015876e+001 -1.787776e+001 -1.012062e+001  2.041148e+000 -7.896904e+000 -1.269973e+001 -5.792231e-001 -2.155397e+001 -7.333950e+000 -1.307221e+001 -3.224043e+000  6.706636e+001 -1.856639e-002  1.162031e+000  3.795416e-001  6.919195e-001 -4.784214e-001  1.130350e+000  1.181590e+000  2.247947e+000  2.776934e-001 -8.731855e-001  2.367274e+000  9.186442e-001  1.824631e-001 -2.419793e-002  2.534348e-003  1.754120e-001  5.933130e-001 -5.399759e-001  6.286947e-001  4.608487e-001 -3.529651e-001  5.879624e-001  9.873921e-001 -5.141021e-001  3.013923e-001  1.200293e-001
-2.345560e+000 -1.913717e+001 -1.861337e+001 -8.410961e+000  4.196189e-002 -6.403720e+000 -1.176710e+001  2.068697e+000 -2.113164e+001 -7.955144e+000 -1.066722e+001 -1.400151e+000  6.707243e+001 -4.269581e-002  8.348570e-001  2.872314e-001  7.238027e-001 -1.428669e+000  1.292106e+000  1.452220e+000  1.006340e+000  7.576428e-002 -1.221960e-001  1.077272e+000  7.382458e-001  1.448898e-001 -8.678042e-002 -3.578341e-001  1.943326e-001  3.677167e-002 -5.423718e-001 -1.528058e-003  2.534623e-001 -8.028635e-001  1.177102e-001  8.359004e-001 -9.569167e-001 -1.103256e-001  5.937767e-002
-2.805800e+000 -1.827846e+001 -1.879616e+001 -6.290056e+000 -2.432983e+000 -4.861690e+000 -9.864755e+000  2.772691e+000 -2.065315e+001 -6.953460e+000 -1.071612e+001  2.815719e-001  6.746474e+001 -2.013613e-001  3.691952e-001  2.692179e-001  2.657874e-001 -1.947234e+000  1.068817e+000  1.399644e+000  1.141489e-003 -2.196814e-001  9.431268e-001 -1.309657e-001  7.035146e-001  1.487816e-001 -1.134342e-001 -6.207736e-001  4.367459e-001 -3.699027e-001 -4.697771e-001 -6.030037e-001  1.510596e-001 -7.527376e-001 -2.739113e-002  4.509694e-001 -9.047143e-001 -5.045248e-001  4.218544e-002
-2.211076e+000 -1.645846e+001 -1.658112e+001 -6.032594e+000 -2.482885e+000 -7.893734e-001 -6.961796e+000  3.857305e+000 -1.974015e+001 -4.284503e+000 -9.563058e+000  1.391499e+000  6.778143e+001 -4.092501e-001 -5.588911e-001  1.240010e+000 -3.543167e-001 -2.018607e+000 -8.490743e-002  1.582084e+000 -7.249625e-001 -3.355559e-001  1.152334e+000 -1.084165e+000 -3.071940e-001  3.077263e-001 -5.430183e-002 -5.617514e-001  5.608693e-001 -4.027884e-001 -4.224661e-001 -1.059835e+000  1.318099e-001 -1.991508e-001  1.458983e-001  2.446449e-002 -6.392911e-001 -7.168372e-001 -9.974899e-003
-3.423081e+000 -1.965214e+001 -1.754780e+001 -9.980862e+000 -6.432599e+000 -5.359993e+000 -8.104158e+000 -1.467819e+000 -2.334812e+001 -4.453637e+000 -1.427912e+001 -1.102295e+000  6.745577e+001 -4.024603e-001 -1.244963e+000  2.086881e+000 -6.185343e-001 -2.532338e+000 -1.196161e+000  1.871956e+000 -6.500897e-001  3.463978e-001  7.443963e-001 -1.075579e+000 -1.081260e+000  3.119721e-001  7.193688e-002 -6.199441e-002  5.445352e-001 -4.252192e-001 -5.465137e-001 -1.083384e+000  3.533792e-003  5.006296e-001  3.119907e-001 -3.662797e-001 -2.443518e-001 -7.140982e-001 -1.528309e-001
-4.083170e+000 -2.124478e+001 -1.303751e+001 -8.337142e+000 -8.051264e+000 -6.579106e+000 -4.736980e+000  5.641395e-001 -2.146193e+001 -3.443383e+000 -1.430654e+001 -2.244187e+000  6.861555e+001 -2.136554e-001 -1.166821e+000  2.182746e+000 -8.479784e-001 -3.248448e+000 -2.874578e+000  1.875114e+000  3.362017e-001  5.222162e-001  9.949174e-002 -1.646877e+000 -1.953553e+000  1.342010e-002  2.333326e-001  5.965663e-001  2.791913e-001 -6.334707e-001 -5.709279e-001 -5.566369e-001 -5.761736e-001  6.282121e-001  2.126235e-001 -4.285321e-001  1.048414e-001 -3.167243e-001 -4.010557e-001
-3.882055e+000 -2.211011e+001 -1.013356e+001 -8.230453e+000 -1.231048e+001 -7.947630e+000 -1.617381e+000  1.168825e+000 -1.806027e+001 -3.652038e+000 -1.372228e+001 -3.306885e+000  6.860754e+001  6.052580e-002  3.631880e-001  2.520526e+000 -1.613478e+000 -4.064882e+000 -2.953266e+000  1.270798e+000  1.973707e+000  9.113863e-001 -3.618503e-001 -1.071369e+000 -2.043797e+000 -4.682198e-001  3.310672e-001  1.123158e+000  2.654995e-001 -4.770751e-001  7.734609e-003  2.346131e-001 -1.000306e+000  2.729817e-001  1.868754e-001 -2.673060e-001  6.830063e-001  1.991518e-001 -6.168637e-001
-3.049867e+000 -2.106358e+001 -9.374508e+000 -1.114769e+001 -1.578618e+001 -1.386845e+001 -8.296163e-001  4.219991e+000 -1.977300e+001 -4.187843e+000 -1.807587e+001 -7.273970e+000  6.727264e+001  5.259199e-001  1.619865e+000  2.419145e+000 -3.024198e+000 -4.106974e+000 -1.989539e+000 -9.982050e-001  1.104200e+000  4.450672e-001 -4.372028e-001 -5.620629e-001 -1.409547e+000 -1.307456e+000  1.620786e-001  1.613491e+000  4.179409e-001  5.525514e-001  1.143339e+000  8.816096e-001 -8.914787e-001 -6.635447e-001  5.325363e-001 -2.861019e-001  1.294642e+000  6.231748e-001 -9.793662e-001
-3.637103e+000 -1.792680e+001 -6.776665e+000 -1.664298e+001 -2.288955e+001 -1.648165e+001 -3.703850e+000  6.572792e+000 -1.963565e+001 -5.890658e+000 -1.775130e+001 -8.806390e+000  6.578613e+001  8.830881e-001  2.977484e+000  3.296180e+000 -1.915800e+000 -2.064402e+000 -4.656152e-001 -1.692915e+000  3.308200e-001  1.319350e+000 -3.237863e-001  1.797045e+000 -3.575036e-001 -2.111908e+000 -3.841281e-001  1.655526e+000  4.115584e-001  2.007206e+000  2.279876e+000  8.778901e-001 -7.333457e-001 -1.469781e+000  4.084294e-001 -6.999843e-001  1.087294e+000  4.184591e-001 -1.190331e+000
-1.576046e+000 -1.523711e+001 -2.620232e+000 -1.925187e+001 -2.329660e+001 -1.225979e+001 -8.684771e+000  3.383154e+000 -1.844890e+001 -4.510087e+000 -1.510234e+001 -6.542169e+000  6.348897e+001  1.854565e-001  5.593484e+000  3.884624e+000  2.065940e+000  1.468005e+000  2.896441e-001 -1.100423e+000 -2.160078e+000  2.980916e+000 -1.350050e+000  3.392124e+000  3.191745e-001 -4.061566e+000 -1.083612e+000  1.194815e+000  1.893183e-001  2.852901e+000  2.598156e+000  5.402828e-001 -3.595087e-001 -1.599996e+000 -1.211640e-001 -1.017216e+000  2.740886e-001 -2.841127e-001 -9.881125e-001
-2.035244e-001 -1.013593e+001  2.970198e+000 -1.375736e+001 -1.887728e+001 -1.108003e+001 -6.154380e+000  3.241343e+000 -1.212557e+001 -5.109848e+000 -6.223811e+000 -5.460303e+000  5.993983e+001 -1.689883e+000  6.654009e+000  3.845579e+000  5.877485e+000  4.547009e+000  2.965921e-001 -2.344821e+000 -3.743061e+000  1.685609e+000 -3.405348e+000  2.388007e+000 -8.158623e-001 -5.042821e+000 -1.395877e+000 -2.818561e-002 -3.484020e-001  2.003887e+000  1.687401e+000  4.947196e-001 -1.037318e-001 -1.020027e+000 -6.271793e-001 -7.191178e-001 -8.484889e-001 -5.533561e-001 -2.735596e-001
-3.839374e+000  3.008402e+000  5.175180e+000 -2.260798e+000 -1.045229e+001 -1.512104e+001 -5.106466e+000 -4.914674e+000 -8.623458e+000 -1.132850e+001 -6.878995e+000 -7.351141e+000  4.988796e+001 -3.605655e+000  5.755678e+000  3.091036e+000  7.343666e+000  5.578102e+000  3.307711e-001 -2.469796e+000 -4.858839e+000 -3.438826e-001 -3.982504e+000  5.128993e-001 -2.600931e+000 -4.782562e+000 -6.650431e-001 -1.824523e+000 -1.005644e+000 -7.462466e-002  3.664785e-001  8.171451e-001  5.918365e-001  2.237702e-001 -4.489355e-001  8.684099e-001 -9.548956e-001  3.255808e-003  8.796553e-001
-1.095485e+001  6.220484e+000  8.553524e+000  4.248911e+000 -6.576662e+000 -1.356807e+001 -1.721711e+001 -7.993600e+000 -1.612033e+001 -1.950819e+001 -9.922943e+000 -1.248122e+001  4.737252e+001 -4.200738e+000  2.755459e+000  1.950963e+000  5.464772e+000  4.317553e+000  1.987419e+000 -1.526888e+000 -3.419934e+000 -1.541476e-001 -2.603148e+000 -1.005787e+000 -1.664231e+000 -3.119209e+000  1.048277e+000 -2.360317e+000 -1.588300e+000 -1.952302e+000 -7.681310e-001  5.727376e-001  1.035970e+000  8.717985e-001  6.416000e-001  2.254045e+000 -2.598602e-001  1.045678e+000  1.362973e+000
-1.422866e+001  5.363070e+000  1.004329e+001  8.463320e+000 -1.556399e+000 -9.361917e+000 -1.550239e+001 -1.529357e+001 -1.817093e+001 -1.722343e+001 -1.068828e+001 -1.603637e+001  4.585981e+001 -1.884331e+000 -1.579858e+000 -1.962865e-001  1.899173e+000  3.415126e+000  3.529956e+000  1.449793e+000 -1.202790e+000  1.656117e+000  2.590899e+000  3.145429e-001  7.596380e-001 -6.250961e-001  2.469323e+000 -1.803920e+000 -1.464734e+000 -3.000864e+000 -1.910416e+000  2.069954e-002  4.639893e-001  7.471786e-001  8.064073e-001  2.279785e+000  2.406471e-001  1.532397e+000  1.422037e+000
-1.601258e+001  2.464037e+000  1.029096e+001  8.204439e+000 -1.737463e+000 -4.022497e+000 -8.590861e+000 -8.668877e+000 -8.122570e+000 -1.517812e+001 -9.348102e+000 -9.438845e+000  4.635786e+001  2.690841e+000 -1.479806e+000 -2.452261e+000 -1.161779e+000  1.787842e+000  1.560688e+000  8.752329e-001 -1.212093e+000  3.893609e+000  4.578176e+000  1.187884e+000  2.732243e+000 -3.066902e-001  2.595792e+000 -6.164742e-001 -7.283264e-001 -2.904562e+000 -2.659371e+000 -9.093376e-001 -5.959865e-001 -3.489075e-001 -4.567333e-001  7.354833e-001  1.645412e-001  6.661240e-001  1.049263e+000
-1.073217e+001 -3.012662e+000  3.325028e+000  5.257304e+000  4.203745e+000 -2.244044e+000 -2.170626e+000 -1.059099e+001 -4.341755e+000 -5.390365e-001 -5.593701e+000 -5.074137e+000  4.726981e+001  5.295172e+000 -1.146290e+000 -2.031021e+000 -4.347380e+000 -2.709121e+000  6.476346e-001 -1.350909e+000 -2.226866e+000  1.664276e+000  3.825759e+000  6.192995e-001  2.862818e+000  9.213654e-001  1.205158e+000  4.499694e-001  5.803579e-001 -1.821757e+000 -2.873294e+000 -1.103462e+000 -1.016974e+000 -5.660635e-001 -1.550147e+000 -1.457607e+000 -4.176415e-001 -1.303656e-001  6.160788e-001
 7.511072e-001  3.009321e+000 -3.486505e-001  4.302497e-002 -5.175247e-001 -9.323568e+000 -1.950682e+001 -1.640536e+001 -3.566877e+000 -4.959514e+000 -6.530812e+000 -4.301118e+000  4.513408e+001  5.188468e+000 -5.436952e-001 -7.733011e-001 -5.934760e+000 -5.917180e+000 -1.118108e+000 -3.106470e+000 -4.652433e+000 -2.441894e+000  4.568386e-001 -3.354592e-001  6.147992e-001  1.353876e+000 -6.877006e-001  3.598260e-001  1.264791e+000 -3.247474e-001 -1.685453e+000 -3.999311e-001  1.783115e-001  3.249521e-001 -1.594198e+000 -2.030407e+000 -5.495704e-001 -3.337237e-001  4.145218e-001
