42 39
-1.020031e+001 -3.297539e+000  8.559793e+000  1.147890e+001 -4.329380e+000 -2.720050e+001 -5.494525e+000 -4.140631e+000 -1.055753e+001 -1.553952e+001 -1.923331e+001 -6.825786e+000  4.615180e+001 -4.832515e+000 -7.764990e-001 -3.439589e-001  3.170458e+000 -1.103288e-001  3.293237e+000  3.794734e+000  2.979332e+000  6.431610e+000  1.228705e+000  2.763313e+000 -2.211441e+000 -7.567989e-001  3.402341e-001  5.950162e-001 -4.072271e-001 -1.823650e+000 -4.884657e-001  2.320563e+000 -1.645513e+000  3.233476e-001  1.730903e+000  2.279690e+000  1.601012e+000  9.679804e-001 -8.338076e-001
-1.682269e+001 -3.133137e+000  8.819987e+000  1.440280e+001 -7.361245e+000 -1.933270e+001 -9.193726e-001  4.368311e+000  8.968555e-001 -1.127724e+001 -1.191850e+001 -1.542519e+000  4.776514e+001 -3.642827e+000  2.532604e-001 -1.670152e+000  2.416226e-001  8.602629e-002  6.880141e+000  1.636213e+000  2.491627e+000  6.625376e+000  2.979630e+000  4.898412e+000 -5.032132e-001 -2.522496e+000  1.185549e+000  6.414996e-001 -5.407990e-001 -2.313561e+000  5.774155e-002  1.177783e+000 -1.708570e+000 -5.749705e-001 -8.290781e-001  1.296192e+000  8.984264e-001  1.068243e+000 -1.168025e+000
-1.750876e+001 -1.503584e+000  6.181623e+000  1.168285e+001 -9.096168e+000 -1.503917e+001 -6.347638e+000  3.200895e+000  1.426034e+001 -5.693674e+000 -5.240198e+000 -5.607671e-001  4.361089e+001 -1.526005e+000  1.403955e+000 -1.936547e+000 -2.080654e+000  3.359810e-001  5.869735e+000  1.361084e-001  7.936413e-001  3.529631e+000  4.795040e+000  6.314717e+000  1.355693e+000 -4.355929e+000  1.425508e+000  3.135584e-001 -3.262288e-002 -1.471846e+000 -8.124716e-002 -5.789998e-001 -6.995450e-001 -1.028336e+000 -2.684572e+000 -3.043314e-001 -9.709523e-002  8.746310e-001 -5.964148e-002
-1.824562e+001 -1.265548e+000  1.141782e+000  6.143322e+000 -5.065976e+000 -5.913893e+000 -2.790571e+000  1.510962e+000  6.904914e+000 -5.177694e+000  1.396306e+000 -3.910673e+000  3.545356e+001 -2.118324e-001  1.143764e+000 -2.154974e+000 -4.159679e+000  6.312976e-001  4.773536e+000  2.531102e-001  3.532301e-001 -1.366538e+000  2.546957e+000  3.578862e+000  7.331691e-001 -4.672119e+000  1.085492e+000 -8.958849e-002  8.817481e-001 -1.153097e-001 -6.253153e-001 -2.353104e+000  1.276198e-001 -9.656306e-001 -2.117613e+000 -1.484785e+000 -9.447961e-001  6.588633e-001  1.928347e+000
-1.711888e+001  2.788443e+000  2.716159e+000  5.205375e+000 -3.797110e+000 -4.561229e+000 -3.878384e+000  1.256250e+000  4.086595e+000  5.385906e+000  5.682873e+000  1.136753e+000  3.052795e+001  5.795285e-001  3.460413e-001 -2.646624e-001 -1.988122e+000 -7.892002e-001  1.451540e+000  9.885610e-001 -1.093148e+000 -2.995291e+000 -7.661557e-002  2.937612e+000  1.543523e+000  1.980476e-002  2.977364e-001 -5.152112e-001  1.154031e+000  7.798011e-001 -6.974341e-001 -2.639639e+000  9.070770e-001 -6.492198e-001 -6.286361e-001 -1.836000e+000 -1.719252e+000  9.438366e-002  3.091738e+000
-1.807680e+001  4.396696e-001 -2.221506e-001 -3.156861e+000 -6.854285e+000 -7.039874e-001 -8.884490e-001  7.106784e+000 -8.489639e-001 -4.082246e+000  5.142708e-001  1.274566e+000  3.094601e+001  7.318646e-001  3.342751e-001  1.902646e+000 -3.811918e-001 -2.477960e+000 -2.676280e+000  1.848085e+000 -1.393131e+000 -7.002274e-001 -2.008466e+000  1.862984e+000  2.697188e+000  4.931374e+000 -4.795836e-002 -4.862912e-001  1.211799e+000  1.095045e+000 -3.184656e-001 -2.281219e+000  4.029753e-001 -6.142729e-001  1.982597e-001 -8.295615e-001 -1.822951e+000 -3.942555e-001  2.398552e+000
-1.469553e+001 -6.259868e-001  5.540277e+000  6.392333e+000 -1.214801e+001 -1.038642e+001 -2.355894e+000 -5.062757e+000  3.160825e+000 -6.624475e+000  9.888878e+000  4.564229e+000  4.596368e+001 -5.091721e-001 -7.673557e-001  1.804797e+000 -7.089166e-002 -1.596561e+000 -3.603553e+000  3.874006e+000 -1.579277e+000  5.329492e-002 -2.107251e+000 -1.423605e+000  8.456013e-001  6.301015e+000  3.182361e-001 -4.073396e-001  2.860638e-001  2.125381e-001  1.778378e-001 -8.443194e-001 -7.323569e-001 -1.455043e-001 -4.278186e-001 -3.212808e-002 -2.052400e+000 -1.285516e+000  1.291267e-002
-1.579797e+001  2.113042e+000  9.242953e+000  3.643884e+000 -1.328032e+001 -1.638270e+001  5.688611e+000 -2.295189e+000  3.866662e+000 -9.214833e+000  8.608222e+000  7.861530e+000  5.239256e+001  9.272604e-002 -7.309934e-001  2.869293e+000  3.569303e-001 -5.573502e-001 -4.105011e+000  8.252642e-001 -2.475070e+000 -1.899533e+000 -5.855325e-001 -3.355287e+000 -8.891473e-001  4.180038e+000  1.226864e+000 -4.128220e-001 -6.197182e-001 -2.818971e-001  3.992501e-001  3.901398e-001 -2.229439e+000  1.697482e-001 -9.820611e-001  5.910248e-001 -1.326628e+000 -1.647672e+000 -1.752624e+000
-2.080415e+001 -1.885022e+000  7.007593e+000  1.450545e+000 -8.566896e+000 -1.473964e+001  1.220311e+001 -1.939150e+000  1.995257e+000 -2.584056e+000 -5.482125e+000  2.071278e+000  5.130975e+001  2.490278e+000 -1.158022e+000  6.823334e-001 -1.294492e+000 -8.603158e-001 -2.055691e+000 -2.161813e+000 -1.279700e+000 -4.534731e+000 -9.487227e-001 -4.715253e+000 -3.090887e+000  4.600357e-001  2.015006e+000 -5.799450e-002 -1.291724e+000 -3.847276e-001  3.758828e-001  6.316155e-001 -2.859818e+000  4.129617e-001 -2.783942e-001  7.517756e-001  3.087889e-001 -1.114039e+000 -1.915698e+000
-1.455886e+001 -2.585780e+000  1.339066e+001  1.098685e+000 -1.143159e+001 -1.905244e+001 -4.041632e+000 -6.830369e+000 -9.763844e+000 -9.030119e+000 -8.576663e+000 -1.924695e+000  4.917317e+001  5.366458e+000 -1.534501e+000 -6.347131e-001 -1.178877e+000 -8.498316e-001 -1.499512e+000 -6.281199e+000 -6.941782e-001 -3.316520e+000  3.673939e-001 -3.124334e+000 -3.572926e+000 -9.112568e-001  1.500742e+000  1.804297e-001 -1.941229e+000 -2.180299e-001  8.981815e-001  4.536242e-001 -1.347803e+000  8.838778e-001  1.260242e+000  1.087849e+000  1.317538e+000 -2.423988e-001 -9.935491e-001
-2.863698e+000 -4.066688e+000  6.878093e+000  1.192471e+000 -1.737396e+001 -1.933001e+001 -8.299836e+000 -9.193668e+000 -1.269758e+001 -1.146045e+001 -5.094945e+000 -5.997095e+000  4.987355e+001  6.928990e+000 -6.555742e-001 -2.901818e+000 -1.226626e+000  4.290937e-001 -1.748225e+000 -6.871854e+000 -4.049146e-001 -6.301823e-001  1.175164e+000  4.863405e-003 -3.382706e+000 -7.318249e-001  1.036385e-001  3.314006e-001 -1.443973e+000  3.493309e-001  1.560800e+000 -3.033240e-001  4.574912e-001  1.145120e+000  1.887324e+000  1.272473e+000  1.487767e+000  7.194406e-001  4.499344e-002
 2.064094e+000 -4.468632e+000  6.134138e+000 -2.121466e+000 -1.312595e+001 -2.158507e+001 -1.546591e+001 -2.138820e+000 -5.369522e+000 -2.939669e+000 -7.207038e+000 -5.968912e+000  4.855437e+001  5.377080e+000 -8.006907e-002 -5.044779e+000 -7.671522e-001  3.288853e+000 -1.990623e+000 -3.558731e+000  1.506926e+000  2.449401e+000  3.791769e+000  8.723462e-001 -1.955232e+000 -1.917767e-001 -1.087215e+000  8.942802e-002 -6.963683e-001  6.414111e-001  1.180437e+000 -4.777330e-001  2.061199e+000  1.208543e+000  9.855170e-001  3.407681e-001  7.927008e-001  1.189988e+000  5.980911e-001
 5.529324e+000 -4.221467e+000 -3.873239e+000 -3.072510e+000 -5.574251e+000 -2.221445e+001 -1.644402e+001 -6.309497e+000 -3.352816e+000  2.465391e-001 -6.142621e+000 -1.282014e+001  4.796003e+001  3.003160e+000 -2.282356e-001 -4.332497e+000  2.463000e-001  4.874340e+000 -3.326756e+000 -1.235591e+000  3.345346e+000  2.018927e+000  3.701454e+000  7.252426e-001 -3.025308e-001  3.252628e-001 -1.593160e+000 -6.449971e-001  6.203785e-001  6.226076e-001 -1.773182e-001 -3.461948e-001  2.143177e+000  1.347081e+000 -2.123051e-001 -7.130687e-001 -1.872696e-001  1.419399e+000  8.295725e-001
 8.130030e+000 -2.908736e+000 -6.457573e+000 -6.045858e-001 -8.871841e-001 -2.756334e+001 -1.776320e+001 -7.378220e-001 -2.189219e+000  4.075231e+000 -3.691094e+000 -8.289332e+000  4.917105e+001  1.893300e+000 -1.301031e+000 -3.401215e+000  1.291715e+000  2.829731e+000 -3.098912e+000  1.206664e+000  3.473407e+000  2.865103e-001  8.080896e-001  4.789801e-001  8.369265e-001  1.550655e+000 -1.402907e+000 -1.123806e+000  1.310955e+000  2.956385e-001 -1.632329e+000 -1.851022e-002  1.427428e+000  6.720367e-001 -1.228204e+000 -1.757978e+000 -7.468597e-001  8.976297e-001  7.577603e-001
 9.119135e+000 -5.987814e+000 -8.488537e+000  1.665531e+000  8.783616e-001 -3.297466e+001 -1.332915e+001  6.832561e+000 -4.193095e+000  3.539372e+000 -3.226705e+000 -6.349539e+000  5.119153e+001  7.050812e-001 -3.270079e+000 -6.217075e-001  8.569782e-001 -2.279365e-001 -2.925055e+000  1.461334e+000  5.347252e+000 -6.102625e-001 -8.983401e-001 -7.348017e-001  2.318212e+000  2.544822e+000 -1.021135e+000 -7.683718e-001  1.235004e+000 -2.747691e-001 -2.142124e+000  5.234293e-001  8.006768e-001 -2.330725e-001 -1.307329e+000 -1.586442e+000 -6.949500e-001  6.174836e-002  3.433574e-001
 9.735686e+000 -1.009061e+001 -8.564287e+000  1.968090e+000 -2.203603e+000 -3.169953e+001 -1.099002e+001  8.657184e+000 -3.516831e+000 -5.456370e-001 -6.270096e+000 -5.019581e+000  5.469189e+001 -4.884156e-001 -4.178180e+000 -3.453993e-001  4.057013e-001 -2.321656e+000 -2.284025e+000  2.229944e+000  3.866157e+000 -2.377026e+000 -2.698226e+000 -2.131930e+000  1.222545e+000  2.487246e+000 -7.279343e-001  3.132195e-001  1.066813e+000 -8.019378e-001 -1.484807e+000  7.440612e-001  4.694763e-001 -8.202578e-001 -1.158110e+000 -3.774806e-001 -8.986384e-002 -7.519590e-001 -3.456387e-001
 8.251902e+000 -1.698092e+001 -5.928419e+000 -7.395715e-002 -6.055724e+000 -3.477163e+001 -1.252394e+001  1.572926e+001 -5.740323e+000 -1.934727e+000 -8.527128e+000 -2.863958e+000  5.792372e+001 -9.116578e-001 -2.631520e+000  3.146166e-001 -6.845385e-001 -3.260586e+000 -1.117053e+000  2.256153e+000  1.983608e+000 -3.185950e+000 -2.477599e+000 -1.444052e+000 -1.865982e-001  1.573755e+000 -3.473188e-001  1.482014e+000  8.558825e-001 -9.702697e-001 -7.157863e-001  1.029904e+000  4.622337e-001 -1.506657e+000 -6.943416e-001  5.822930e-001  6.326424e-001 -1.313489e+000 -8.284349e-001
 6.121568e+000 -1.830308e+001 -9.464628e+000  2.293665e+000 -9.028421e+000 -3.808498e+001 -7.016082e+000  1.414461e+001 -1.330073e+001 -6.678850e+000 -1.170053e+001 -3.919399e+000  5.824118e+001 -9.380025e-001 -5.421276e-002  1.464689e+000 -1.947215e+000 -3.077979e+000 -2.826073e-001  3.156636e+000  1.053940e+000 -4.216194e+000 -2.896842e-001  3.842863e-001 -1.670463e+000  3.079948e-001 -6.245506e-003  1.804504e+000  1.143793e+000 -8.744876e-001 -3.541010e-001  1.326513e+000 -6.961493e-002 -1.309024e+000  4.387413e-001  1.322224e+000  7.548252e-001 -8.859524e-001 -8.345665e-001
 6.367905e+000 -1.503918e+001 -6.465283e+000 -1.919948e+000 -1.201216e+001 -3.536720e+001 -4.035351e+000  1.400689e+001 -1.523090e+001 -5.782016e+000 -7.731747e+000 -7.832621e+000  5.728566e+001 -8.067194e-001  2.078006e+000  2.752661e+000 -2.817912e+000 -3.428707e+000  1.223755e+000  3.309157e+000 -7.799224e-001 -3.162386e+000  8.088541e-001  1.170302e+000 -2.802728e+000 -5.077270e-001  4.568690e-002  1.161405e+000  1.045552e+000 -4.210089e-001  2.103076e-002  1.334941e+000 -7.033173e-001 -1.072708e+000  1.437990e+000  1.287543e+000  2.712690e-002 -6.247831e-003 -4.743728e-001
 5.987672e+000 -1.133255e+001 -9.724093e-001 -6.844991e+000 -1.461528e+001 -3.281478e+001  5.488621e-001  1.478807e+001 -1.985252e+001 -7.041371e-002 -4.746355e+000 -1.088757e+001  5.655090e+001 -5.721123e-001  2.489576e+000  4.154545e+000 -2.900050e+000 -4.008101e+000  3.178136e+000  1.355368e+000 -1.297200e+000 -1.951011e-001  2.269668e+000  3.350182e-001 -1.899152e+000 -6.448460e-001  1.470154e-002  3.290015e-001  5.458792e-001  1.195230e-001  3.881474e-001  1.278390e+000 -1.320971e+000 -1.074120e+000  2.048963e+000  8.550584e-001 -5.558580e-001  8.451678e-001 -1.128798e-001
 4.285253e+000 -1.007616e+001  3.588775e+000 -9.594190e+000 -2.040583e+001 -3.128795e+001  2.393777e-001  1.150792e+001 -1.827636e+001 -1.194675e+000 -6.152708e+000 -1.339351e+001  5.623022e+001 -8.661683e-001  1.903609e+000  4.197448e+000 -2.313166e+000 -2.690371e+000  3.827278e+000 -3.597991e-001 -2.204360e+000  1.993452e+000  2.680438e+000 -1.283784e+000 -1.034930e-001 -3.216892e-001 -6.439924e-002 -4.229469e-002 -2.083812e-002  3.637248e-001  8.108090e-001  7.029420e-001 -1.218688e+000 -7.414891e-001  1.494024e+000  7.067957e-001 -5.797586e-001  1.221457e+000  2.869163e-002
 4.302333e+000 -8.336709e+000  6.281067e+000 -8.369466e+000 -2.487209e+001 -2.423392e+001 -2.376607e+000  8.908095e+000 -1.275350e+001  2.375820e+000 -1.081496e+001 -1.063471e+001  5.554467e+001 -8.347703e-001  1.677993e+000  3.471692e+000 -1.601974e+000 -1.506410e+000  4.807583e+000 -1.613739e+000 -3.604439e+000  3.450699e+000  3.049816e+000 -1.167961e+000  1.205758e+000 -3.494228e-001 -1.276177e-001  7.986218e-002 -4.272211e-001  8.057316e-002  8.682621e-001 -8.537181e-002 -4.096630e-001 -6.396292e-001  4.329030e-001  1.820793e-001 -2.293401e-001  1.054006e+000 -5.537632e-002
 2.879733e+000 -7.019051e+000  1.089522e+001 -1.272354e+001 -2.033561e+001 -2.052124e+001 -4.371612e+000  5.925070e+000 -8.813140e+000  6.397057e+000 -1.111636e+001 -8.476513e+000  5.618032e+001 -9.973866e-001  2.272324e+000  2.989897e+000 -1.648326e+000 -6.255072e-001  3.923741e+000 -1.299730e+000 -3.333748e+000  2.484836e+000  3.952759e+000 -9.770015e-001  1.752099e+000 -5.119804e-001 -1.178895e-002  1.742815e-001 -6.967322e-001 -7.902968e-002  6.114213e-001 -4.985868e-001  9.666977e-002 -3.042336e-001 -1.861069e-001 -3.951776e-001  1.907452e-001  6.863758e-001 -1.803875e-001
 2.516580e+000 -4.471136e+000  1.273283e+001 -1.329018e+001 -2.218244e+001 -1.416022e+001 -5.214341e+000 -4.427046e-001 -7.330632e+000  1.138280e+001 -8.104331e+000 -7.317278e+000  5.482874e+001 -1.144592e+000  2.704530e+000  2.622215e+000 -2.829604e+000 -6.992220e-001  2.703046e+000 -2.229821e-001 -3.930653e+000  1.723722e+000  2.543904e+000 -9.650733e-001  2.443079e+000 -8.265820e-001  7.148417e-002 -2.023355e-001 -7.991806e-001  3.722842e-002  6.496254e-001 -7.892904e-001  1.552884e-001  1.713380e-001 -3.758407e-001 -1.016827e+000  1.600977e-001  2.625560e-001 -8.593148e-002
 1.911957e-001 -6.473261e-001  1.531238e+001 -1.537546e+001 -2.487819e+001 -1.670609e+001 -4.840404e+000 -4.854205e-001 -8.563619e+000  1.406563e+001 -1.239303e+001 -6.291735e+000  5.402829e+001 -7.702023e-001  2.261748e+000  1.138525e+000 -2.094499e+000 -3.685779e-002  2.386613e+000 -5.718290e-001 -3.562422e+000  1.926406e+000  9.575057e-001 -4.315017e-001  2.709725e+000 -9.850472e-001  1.629452e-001 -6.500991e-001 -8.072605e-001  4.235169e-001  8.135229e-001 -5.057445e-001 -2.377816e-001  3.748927e-001 -1.742993e-001 -1.269589e+000  1.645242e-001 -1.225234e-001  6.279750e-002
-7.635718e-002  2.000077e+000  1.718356e+001 -2.119153e+001 -2.609691e+001 -1.262626e+001 -3.257122e+000 -7.539922e+000 -4.259655e+000  1.126106e+001 -1.500200e+001  4.882963e-001  5.248778e+001 -5.909416e-001  6.716035e-001  4.014744e-001 -1.192745e+000  1.447393e+000  1.629695e+000 -1.201248e+000 -2.633412e+000  1.850711e+000 -5.366899e-001 -6.402220e-001  2.039725e+000 -5.425469e-001  1.857690e-001 -7.852122e-001 -5.418981e-001  9.033173e-001  7.426153e-001 -3.302241e-001 -6.360063e-001  8.548735e-001 -3.030965e-001 -7.857165e-001  2.431739e-002 -6.642372e-001  1.451746e-001
 3.251902e-001  1.054085e+000  1.436248e+001 -1.924536e+001 -1.856266e+001 -9.355152e+000 -8.209366e+000 -8.338431e+000 -7.165973e-001  1.124546e+001 -9.825039e+000  1.169326e+000  5.242557e+001 -4.594857e-001  3.829158e-002  6.396484e-002 -3.491713e-001  2.368800e+000  1.931694e+000 -1.999505e+000 -2.107905e+000  1.549845e+000 -8.548894e-001 -3.168064e-001  1.341160e+000 -3.400105e-001  8.479408e-002 -4.688701e-001  1.033055e-001  6.622029e-001  1.673105e-001 -3.245623e-001 -4.133072e-001  8.614087e-001 -5.650422e-001 -3.825930e-001 -3.064512e-001 -7.126480e-001  7.697811e-002
-5.051249e-001 -1.963824e+000  1.521515e+001 -1.731896e+001 -1.810324e+001 -9.687217e+000 -9.536099e+000 -9.683261e+000 -2.000589e+000  1.010944e+001 -1.258944e+001 -8.491825e-001  5.291736e+001 -3.711052e-001 -1.098026e-001  4.500047e-001  8.143188e-001  1.811026e+000  1.279385e+000 -2.689176e+000 -3.835435e-001  3.965200e-001 -4.784807e-001 -9.008340e-001 -1.938239e-001 -4.232273e-001  3.816020e-002  9.211323e-002  4.512778e-001  2.931176e-001 -3.949375e-001 -2.428856e-001  3.625888e-002  4.696561e-001 -5.736549e-001 -7.188942e-002 -3.489712e-001 -3.163341e-001 -1.236826e-001
-1.891849e+000  1.526082e+000  1.661641e+001 -1.905760e+001 -1.703102e+001 -8.517147e+000 -1.169844e+001 -9.953275e+000 -1.943927e+000  1.036699e+001 -1.518334e+001  1.082804e+000  5.211345e+001 -4.561501e-001  3.081008e-001  1.630788e+000  2.129835e-001  6.178783e-001  9.389568e-001 -1.894401e+000 -3.803129e-001 -1.717094e-001 -9.845640e-001 -1.833452e+000  2.632593e-001 -6.598164e-001 -1.261064e-003  3.780161e-001  2.883503e-001  2.770281e-001 -5.608606e-001 -2.182958e-001  4.604231e-001 -1.565905e-001 -3.457872e-001 -4.462930e-002 -1.457658e-001  9.184675e-002 -2.122770e-001
-8.233636e-001  1.215065e+000  1.830662e+001 -1.721381e+001 -1.780760e+001 -6.648341e+000 -1.495846e+001 -8.650218e+000 -1.663391e+000  9.307885e+000 -1.682701e+001 -4.375623e-001  5.052770e+001 -4.018084e-001  9.972650e-001  1.874452e+000 -8.234787e-003  3.481658e-001  9.116358e-001 -1.072505e+000 -1.148928e+000 -1.567867e-001 -8.312997e-001 -1.626755e+000  9.970049e-001 -1.001057e+000 -5.924690e-002  5.601406e-001 -1.707919e-001  5.491930e-001 -1.986528e-001 -1.066079e-001  6.453977e-001 -7.897242e-001 -4.729757e-003 -4.887073e-002  3.901685e-001  2.929900e-001 -2.441320e-001
-1.796441e+000  1.005144e+000  2.097068e+001 -1.823302e+001 -1.562109e+001 -6.179806e+000 -1.497019e+001 -1.075652e+001 -1.743744e+000  6.723413e+000 -1.687351e+001  2.279812e+000  5.032132e+001 -4.504394e-001  1.374838e+000  7.934929e-001  1.447246e+000  2.959267e-001  1.024090e+000 -5.057248e-001 -2.508165e+000  9.756219e-002 -9.016264e-001 -6.826748e-001  1.204979e+000 -1.112481e+000 -4.941423e-002  3.888682e-001 -5.367941e-001  1.021959e+000  5.075874e-001  7.707832e-002  6.382998e-001 -2.698924e-001  5.269098e-003  1.321032e-001  8.655546e-001 -5.348607e-001 -2.504089e-001
-2.561871e+000  3.282970e+000  2.241027e+001 -1.777242e+001 -1.706738e+001 -6.297708e+000 -1.326275e+001 -1.502628e+001 -2.884614e+000  7.774727e+000 -1.987813e+001  3.537338e+000  4.880814e+001 -6.701950e-001  2.157531e+000  1.469250e-002  2.943152e+000  9.787375e-001  7.037788e-001 -1.565252e-001 -3.268238e+000  2.382354e-001 -7.643032e-001  4.746200e-001  8.002662e-001 -1.417555e+000  5.096644e-002 -4.569616e-002 -6.070920e-001  4.821078e-001  1.148617e+000  7.766156e-001  9.761924e-001  7.328508e-001 -2.421059e-001 -1.868845e-001  8.835745e-001 -1.348332e+000 -1.209308e-001
-3.274792e+000  7.366321e+000  1.853205e+001 -1.154206e+001 -1.592150e+001 -3.572015e+000 -1.507492e+001 -1.930607e+001 -8.455040e-001  6.625439e+000 -1.707116e+001  5.120250e+000  4.741082e+001 -5.690280e-001  1.672308e+000 -1.233034e-001  3.847086e+000  2.840529e+000  1.428277e+000  8.391075e-001 -6.701195e-001 -3.428750e-001 -3.575462e-001  1.443634e+000 -2.312675e+000 -1.703612e+000  1.950195e-001 -6.686031e-001 -7.670717e-001 -7.045096e-001  1.466610e+000  1.374234e+000  1.342835e+000  1.632884e+000 -4.058058e-001 -3.986330e-001  1.804115e-001 -1.637186e+000  8.977509e-002
-3.435163e+000  8.822135e+000  1.959940e+001 -5.843530e+000 -1.276370e+001 -4.433342e+000 -1.568872e+001 -2.071663e+001 -9.213333e-001  5.535356e+000 -1.435509e+001  2.143550e+000  4.489518e+001 -8.768189e-002  6.200491e-001 -7.026097e-001  1.202385e+000  4.818951e+000  4.592620e+000  3.136041e+000  1.596304e+000 -1.147097e+000 -2.037762e+000  1.727963e+000 -3.985828e+000 -1.310145e+000  1.377181e-001 -1.205860e+000 -1.491671e+000 -1.546065e+000  1.203393e+000  1.223780e+000  1.125452e+000  1.686678e+000 -4.022693e-001 -3.711317e-001 -2.940992e-001 -9.655695e-001  2.523021e-001
-4.204935e+000  6.597104e+000  2.175960e+001 -4.962037e+000 -3.570280e+000  2.939544e-002 -9.561666e+000 -1.126194e+001 -4.439759e+000  6.055367e+000 -1.241686e+001 -8.586669e+000  4.375974e+001  2.334015e-001 -1.199436e+000 -2.683215e+000 -1.204918e+000  5.708869e+000  5.950839e+000  4.562165e+000  3.223984e+000 -1.238800e+000 -2.258062e+000 -4.072885e-001 -4.587902e+000 -7.173103e-001 -1.951723e-001 -1.236014e+000 -2.087750e+000 -1.391815e+000  2.641747e-001 -2.028923e-001 -1.189052e-001  5.703921e-001  2.621857e-002  2.379438e-001 -1.507630e-003  5.517282e-001  1.397583e-001
-2.535209e+000  6.767825e+000  1.728345e+001 -1.505052e+001  8.517696e-001  1.486469e+001 -3.391744e-001 -1.106682e+001 -6.822974e+000 -2.129049e+000 -1.356547e+001 -9.538344e+000  4.408296e+001 -3.828193e-001 -2.435895e+000 -6.163705e+000 -2.261172e+000  5.561531e+000  4.561397e+000  3.609206e+000  3.218098e+000 -1.325149e+000 -1.669704e+000 -7.041492e-002 -2.889968e+000 -6.491955e-001 -6.512229e-001 -8.951553e-001 -1.711795e+000 -6.138486e-002 -7.994382e-001 -2.273104e+000 -1.527243e+000 -3.447956e-001  2.488921e-001  1.022267e+000  7.201303e-001  1.502279e+000 -2.365325e-001
-2.557762e+000  2.396294e+000  6.273950e+000 -1.296316e+001  5.815104e+000  1.653316e+001  6.113209e-002 -8.011054e+000 -4.088686e+000 -8.326668e-001 -1.950241e+001 -1.197831e+001  4.423038e+001 -1.397321e+000 -2.979789e+000 -7.831506e+000 -1.380209e+000  3.790113e+000  4.294271e-001  7.998785e-003  1.370944e+000 -1.227566e-001  6.481433e-001  2.335284e+000 -1.019640e-001 -1.335295e+000 -6.760371e-001  1.282378e-001  7.903151e-002  1.150863e+000 -1.486286e+000 -2.709863e+000 -1.656651e+000 -5.342741e-001  2.102083e-001  9.393867e-001  1.651482e+000  1.878044e+000 -4.518298e-001
-6.172846e+000 -1.256934e+000 -3.476299e+000 -1.314883e+001  1.035126e+001  1.012175e+001 -2.454095e+000 -6.251586e+000 -7.722613e+000  6.308539e-001 -1.116439e+001 -1.061047e+001  4.141388e+001 -2.528435e+000 -2.965551e+000 -6.687441e+000  9.831058e-001  1.781138e+000 -4.012196e+000 -2.223091e+000  7.988460e-001 -4.606586e-001  1.620469e+000  3.957328e+000  1.282597e+000 -2.183815e+000 -1.445134e-001  1.102340e+000  2.151111e+000  1.650895e+000 -1.854296e+000 -1.694625e+000 -7.230368e-001 -2.555063e-001  3.913701e-001  1.143041e-001  1.010610e+000  1.416320e+000 -2.820698e-001
-9.372721e+000 -4.289459e+000 -7.018058e+000 -1.281392e+001  1.063054e+001  4.547998e+000 -8.464212e+000 -6.814837e+000 -4.603723e+000  7.916132e+000 -1.940981e+000 -8.560427e+000  3.841780e+001 -2.073976e+000 -2.934190e-001 -2.026189e+000  2.927261e+000  1.676348e-001 -3.311682e+000 -8.049401e-001  1.762239e+000 -6.200038e-001  7.937855e-001  5.836248e+000  2.716038e+000 -2.209150e+000  5.133253e-001  1.616289e+000  3.100442e+000  1.482618e+000 -1.498481e+000  2.427068e-001  6.763864e-001  2.928315e-001  4.808522e-001 -8.515403e-001 -1.835735e-001  5.837706e-001  1.328986e-001
-1.176991e+001 -4.717056e+000 -9.507752e+000 -1.020960e+001  7.349739e+000  7.962922e-001 -7.191958e+000 -7.670703e+000 -8.868749e+000  1.598897e+000 -2.559541e+000 -4.834302e+000  3.607017e+001 -7.670590e-001  1.732623e+000  1.689192e+000  3.839570e+000 -1.898711e+000 -2.041172e+000  4.004914e-001  1.744919e+000  8.803256e-001 -1.171004e+000  3.232154e+000  2.782633e+000 -1.622617e+000  8.154536e-001  1.318009e+000  2.510221e+000  4.433929e-001 -1.033327e+000  1.318147e+000  8.660172e-001  2.033826e-001  8.822652e-001 -7.412167e-001 -1.040577e+000 -2.997419e-001  4.229136e-001
-1.012911e+001  2.659260e+000 -8.412680e-001  2.035316e-001  8.154037e+000  4.637486e+000 -1.594637e+000  1.509702e+000 -6.615637e+000  2.652239e+000  5.376407e+000 -1.286202e+000  3.585648e+001  2.886175e-001  2.752568e+000  3.482388e+000  4.604649e+000 -1.862366e+000  6.574488e-001  2.078140e+000  2.362065e+000  1.611012e+000 -2.213822e+000  1.780004e+000  2.066871e+000 -9.514011e-001  5.434234e-001  3.008253e-001  8.078102e-001 -5.721719e-001 -3.121956e-001  9.231791e-001  1.968742e-001 -1.365642e-001  1.062785e+000 -9.700216e-002 -1.702126e+000 -8.250194e-001  4.028597e-001
-9.629945e+000  3.931821e+000  1.881265e+000 -4.597041e-001  2.095952e+000 -1.288464e-001 -3.886425e+000 -1.689263e+000 -2.315028e+000 -2.592221e+000  1.337685e+000 -3.344141e-001  3.458145e+001  3.675361e-001  2.101498e+000  3.109378e+000  2.361376e+000 -2.370498e+000  5.939742e-001  6.654550e-001  1.515846e+000  2.835160e+000 -5.818108e-001  7.825651e-001  1.084713e-001 -6.981212e-001  1.886001e-001 -3.014335e-001 -3.662615e-001 -7.468193e-001  7.915293e-001  4.827569e-001 -1.158680e-001 -1.091565e-001  6.563448e-001  4.978346e-001 -1.395694e+000 -9.444874e-001  2.826734e-001
