33 39
-3.538017e+000  5.988429e+000 -8.636709e-001  3.809359e+000 -4.852996e+000  1.806573e+000 -1.504524e-001  2.181051e+000 -7.449489e+000 -1.240908e+000 -2.419608e+000 -1.078136e+001  4.881389e+001 -7.037237e+000  7.303430e-001  2.010744e+000  2.002761e+000 -1.183675e+000  1.183342e+000 -2.252860e-001 -2.164213e+000  5.919317e-001  3.851486e-001 -1.867168e+000  9.640197e-001 -3.814406e+000 -5.719160e-001 -1.321380e+000  6.390237e-002 -1.281788e-001  4.237404e-001 -4.602431e-001 -1.165638e+000 -9.123213e-001  4.294109e-001  5.019510e-001 -2.905076e-001  7.797168e-001 -4.388156e-002
-1.253929e+001  2.003995e+000  1.699895e+000  7.254722e+000 -9.133814e+000  1.587466e+000 -4.586697e+000 -1.343035e+000 -3.255901e+000 -2.322370e+000 -3.629365e+000 -8.069394e+000  4.380332e+001 -6.738204e+000 -1.292649e+000  1.726201e+000  1.822637e+000 -8.600450e-001  6.895543e-001 -6.167966e-001 -2.337387e+000  2.410252e+000  2.787056e-001 -1.706085e+000  1.851976e+000 -3.512138e+000  1.149544e+000 -1.500271e+000 -8.199354e-001 -1.062493e+000  5.176262e-001 -3.415683e-001 -6.167077e-001  1.874880e-002  3.250201e-001  4.709893e-001  6.151862e-001  6.090562e-001  1.332585e+000
-1.728745e+001 -9.650674e-001 -1.010490e+000  2.693315e+000 -6.271071e+000 -1.433951e+000 -7.325785e+000 -5.145787e+000 -3.271739e+000 -1.563226e+000 -5.231645e+000 -2.939748e+000  4.352765e+001 -4.898787e+000 -2.012866e+000  7.510417e-001  9.643954e-001  1.242551e+000  7.688603e-001 -9.918852e-001 -1.680189e+000  2.109362e+000  4.121575e-001 -1.580575e-001  3.421409e+000 -2.008861e+000  2.127248e+000 -1.067621e+000 -1.140095e+000 -1.095838e+000  1.762751e-001 -2.198436e-001  1.681262e-001  7.111290e-001  5.825293e-002  3.703613e-001  1.062394e+000  9.159471e-002  2.158230e+000
-2.191480e+001 -2.775860e+000  2.285845e+000  1.109562e+001 -5.292731e+000  5.695421e-001 -3.792645e+000 -6.933631e-001  4.025136e+000  1.322624e+000 -8.519718e+000 -1.664381e+000  3.975412e+001 -1.032776e+000 -3.533168e+000 -1.337767e+000 -1.686554e+000  1.951087e-001  4.852791e-001 -3.278298e-001 -5.366649e-001  1.824712e+000  1.486456e+000  1.753439e+000  2.043371e+000  2.116543e+000  2.249102e+000 -1.190435e-001 -1.239230e+000 -1.258765e+000 -1.763472e-001 -1.577196e-001  4.206917e-001  7.152692e-001 -8.651269e-001  1.719654e-001  9.120454e-001 -5.700325e-001  2.099642e+000
-2.334420e+001 -1.685972e+000  2.598562e+000  6.710888e+000 -5.607832e-001  6.159837e+000 -5.506905e+000 -6.544731e+000 -5.431989e-001 -1.002617e+000 -7.647185e-001  3.123178e+000  4.079419e+001  7.462870e-001 -3.487504e+000 -2.157747e+000 -1.721835e+000 -8.298758e-001  1.862615e-001  4.708619e-001  4.910710e-001  1.175966e+000  1.633080e+000  1.715039e+000  1.326296e+000  4.162402e+000  2.107440e+000  1.038276e+000 -7.050466e-001 -6.862934e-001 -5.928195e-001 -4.991781e-001  6.715558e-001  5.264162e-001 -1.144351e+000 -4.024431e-001  1.407577e-001 -1.428242e+000  9.253727e-001
-1.467479e+001 -1.530139e+001 -6.793468e+000 -3.186833e+000 -1.101341e+001  2.169676e-001 -7.135286e+000 -3.326887e+000  4.503388e+000  4.829604e+000  2.904368e+000 -8.840019e-001  5.575277e+001  1.684771e+000 -1.150547e+000 -3.015555e+000 -3.128071e+000 -7.055674e-001  1.922560e-001  7.552884e-001  1.533285e-001 -1.448685e+000  5.280712e-001  1.917593e+000  4.937012e-002  3.900438e+000  1.816384e+000  2.426697e+000  2.000041e-001 -3.664646e-001 -2.245484e-001 -6.283847e-001  6.182191e-001  1.447061e-001 -1.621294e+000 -1.145867e+000 -3.846663e-001 -1.275010e+000 -7.190174e-001
-1.717601e+001 -1.213982e+001 -7.259567e+000  1.225366e+000 -7.560109e+000 -3.263567e-001 -3.300155e+000 -1.373670e+000  2.368967e+000  4.848683e+000 -2.368491e+000  3.301542e+000  5.634034e+001  4.279641e+000  1.987202e+000 -1.935298e+000 -1.746313e+000 -1.271208e+000 -1.580519e+000  1.824335e+000  6.068951e-001 -1.975694e+000 -1.120866e+000  4.636542e-001 -2.722801e+000  1.726055e+000  1.905879e+000  2.237931e+000  5.443532e-001 -8.954545e-001 -3.309605e-001 -8.585607e-001  2.695391e-001  4.356860e-003 -1.634745e+000 -1.325881e+000  3.781690e-002 -1.102380e+000 -1.098550e+000
-1.657503e+001 -3.301669e+000 -7.862865e+000 -1.801977e+000 -5.320906e+000  4.773919e+000 -1.119578e+000 -2.512251e+000 -4.674371e+000  1.037330e+000  1.870134e+000 -1.506712e+000  5.148323e+001  6.282467e+000  5.862964e+000 -4.489713e-001 -3.506638e+000 -7.069669e-001 -1.773254e+000  2.086529e+000  1.289538e-001 -4.705926e+000 -2.865906e+000  4.558003e-001 -2.307131e+000 -2.603706e-001  1.299777e+000  8.415802e-001  5.705928e-001 -8.838248e-001 -4.084778e-001 -9.230368e-001 -2.063464e-002  1.755695e-001 -9.007695e-001 -7.441906e-001  4.145481e-001 -1.311697e-001 -5.121987e-001
-9.958701e-001  2.250176e+000 -6.543227e+000 -2.713104e+000 -9.763079e+000 -4.021233e+000  6.069143e-001 -3.917574e+000 -5.832788e+000 -4.710808e+000  2.070669e+000 -1.017947e+001  5.155923e+001  7.976833e+000  4.195393e+000 -7.192726e-001 -6.009824e+000 -2.483979e+000 -3.123787e+000  1.152937e+000  5.250427e-001 -5.369137e+000 -3.299335e+000  2.635020e+000 -3.007356e+000  7.500564e-001 -3.729706e-001 -7.165639e-001  2.262805e-001 -7.107144e-001  1.469430e-001 -3.254901e-001 -2.351361e-001  1.522466e-001 -2.843177e-001  1.229405e-001  8.429929e-001  9.970764e-001  1.105372e-001
 8.647471e+000  6.818426e+000 -9.396494e+000 -1.875079e+001 -1.344676e+001 -6.801866e+000  1.343826e+000 -1.410167e+000 -1.492537e+001 -4.720178e+000  2.963789e+000 -5.679149e+000  5.684147e+001  6.335062e+000  1.953259e+000 -7.706035e-001 -5.415439e+000 -2.141571e+000 -3.651294e+000  9.878139e-001  1.072102e+000 -4.255811e+000 -2.103647e+000  2.904651e+000 -4.642008e-001  1.827443e+000 -1.746246e+000 -1.629205e+000  2.029880e-002  7.563744e-001  5.262185e-001  2.168924e-001 -1.526484e-001 -1.330697e-001  8.599142e-001  7.773954e-001  3.901424e-001  1.113008e+000  1.312761e-001
 1.009690e+001  3.777094e+000 -1.008912e+001 -2.034935e+001 -1.591707e+001 -1.015740e+001  1.232829e+000  7.005007e-001 -1.935122e+001 -8.769239e+000  1.025978e+001 -9.649019e+000  5.741150e+001  2.388490e+000  3.592350e-001 -6.430789e-001 -4.345484e+000  1.808086e-001 -2.268950e+000  1.198012e+000  8.965538e-001 -3.622340e+000 -8.872926e-001  3.454194e+000  1.341116e+000  1.234834e+000 -2.214835e+000 -1.050926e+000  1.299270e-001  1.657205e+000  8.994099e-001  8.873352e-001 -7.555084e-002 -4.184338e-001  1.233875e+000  9.722525e-001 -5.786071e-001  1.070670e+000 -2.783452e-001
 9.553890e+000  5.701166e+000 -9.942939e+000 -2.006105e+001 -1.295176e+001 -1.041446e+001  3.506535e+000  5.392224e-001 -1.919421e+001 -7.451689e+000  1.229883e+001 -4.092943e+000  5.769431e+001  3.454106e-001 -3.649814e-001 -3.855742e-001 -5.569361e-001  5.917320e-001 -1.116211e+000  1.300750e+000 -7.221504e-001 -1.279754e+000 -1.849498e-001  1.996926e+000  1.083676e+000  1.536213e-001 -1.588139e+000 -4.406562e-001  1.456452e-001  1.514475e+000  4.622691e-001  9.977473e-001 -2.304508e-001 -4.234479e-001  9.953951e-001  6.534560e-001 -1.005901e+000  2.856128e-001 -3.877972e-001
 1.049337e+001  4.604981e+000 -9.485399e+000 -2.378539e+001 -9.106536e+000 -1.355968e+001  5.515620e+000 -4.094992e-001 -2.181007e+001 -7.781515e+000  1.467412e+001 -4.266995e+000  5.730698e+001 -1.025152e-001  9.988236e-002 -2.621520e-001 -1.530491e-001  6.464194e-001  4.534750e-002  6.187149e-001 -6.699999e-001 -6.877931e-001  6.025790e-001  1.958472e-001  1.572058e+000  1.952415e-001 -6.215265e-001 -6.595235e-002  1.209688e-001  9.792154e-001 -2.173937e-001  7.531488e-001 -5.011970e-001 -1.005890e-001  6.375460e-001  2.839009e-001 -1.117027e+000 -1.240103e-001 -1.469673e-001
 1.017629e+001  4.579576e+000 -1.162622e+001 -1.981745e+001 -1.389337e+001 -1.068178e+001  5.706181e+000 -4.465919e+000 -2.009471e+001 -6.138789e+000  1.074125e+001 -2.951783e+000  5.766184e+001 -3.601280e-001 -1.203461e-001 -2.328411e-001  6.071873e-002 -6.303082e-002  1.802943e-001  1.252085e-001 -2.618605e-001 -7.461090e-001  4.186974e-001 -4.956802e-001  8.483920e-001  4.082535e-001 -1.188497e-001  6.530048e-002  1.263802e-001  7.148938e-003 -8.148526e-002  4.191873e-001 -5.848202e-001  2.770259e-001  2.114874e-001  4.295804e-002 -7.602896e-001 -2.764389e-002  2.360810e-002
 9.273126e+000  4.837301e+000 -1.055823e+001 -2.123640e+001 -1.221417e+001 -9.797005e+000  3.226581e+000 -1.469284e-001 -2.233994e+001 -6.412795e+000  1.201781e+001 -2.359307e+000  5.840395e+001 -3.663730e-001 -9.284444e-002 -1.146016e-001  2.417652e-001 -5.787784e-001  8.485414e-001 -7.202026e-001  1.634638e-001 -7.014326e-001  2.303886e-001 -8.846402e-001  8.387063e-001  3.726814e-001  6.319309e-002 -1.114957e-002  7.589834e-002 -1.185636e-001  1.236844e-001  2.099553e-001 -4.497553e-001 -4.852941e-002  4.164326e-001 -8.794738e-002 -5.519575e-001  1.240029e-001 -6.045231e-002
 8.363374e+000  4.983275e+000 -1.057073e+001 -2.103195e+001 -1.171310e+001 -1.139433e+001  5.277096e+000 -9.013656e-001 -2.265982e+001 -6.042562e+000  1.114858e+001 -8.048273e-001  5.918709e+001 -1.169090e-001  5.788443e-002  1.725515e-001 -7.185985e-001  7.969047e-001  5.781285e-001 -9.538921e-001  2.462473e-001 -2.154968e-001  2.159357e-001 -1.264279e+000  1.312132e+000  1.829418e-001  1.620593e-001 -3.979735e-003 -3.275177e-002 -7.465151e-002  2.783847e-001  2.220624e-001 -3.606878e-001 -2.841372e-001  6.199729e-001  1.777092e-002 -5.955907e-001  4.218355e-001 -1.394804e-001
 9.567966e+000  3.938909e+000 -1.058615e+001 -2.196931e+001 -1.309056e+001 -8.960699e+000  2.129149e+000 -1.374457e+000 -2.403468e+001 -6.677686e+000  1.004725e+001 -1.146942e+000  5.840776e+001  9.184074e-002 -4.498076e-002 -8.535662e-002 -3.562086e-001  8.348736e-001  8.962067e-001 -1.090511e+000 -1.166701e+000  1.129064e+000  2.642230e-001 -2.179641e+000  1.960203e+000  5.635834e-003  1.210700e-001 -8.710466e-002 -1.205672e-001 -2.585386e-002  2.879833e-001  1.447201e-001 -1.300320e-001 -3.511137e-001  5.763156e-001  8.013808e-002 -2.525579e-001  2.435430e-001 -8.886200e-002
 9.444324e+000  5.318194e+000 -1.074950e+001 -2.304398e+001 -9.470653e+000 -8.209291e+000  1.485436e+000 -2.620918e+000 -2.032483e+001 -4.926665e+000  5.405138e+000  3.002695e+000  5.857464e+001  2.210618e-001 -1.641766e-001 -4.112225e-001 -1.355190e-002  6.220668e-001  1.266773e+000 -1.493076e+000 -1.017465e+000  1.438507e+000  4.906348e-001 -2.826133e+000  2.396821e+000 -1.056255e-001  6.852355e-002 -2.804689e-001 -2.149696e-001  1.814876e-001 -4.503114e-002  1.886345e-001 -1.839577e-001 -1.865644e-001  3.731985e-001 -2.882013e-003  3.144211e-001 -1.964457e-001 -2.842869e-002
 9.191854e+000  4.444938e+000 -1.089563e+001 -2.201143e+001 -9.161027e+000 -6.908491e+000 -3.301457e-001 -5.120656e+000 -1.786212e+001 -5.649628e+000  3.991327e+000  5.537947e+000  5.873835e+001  6.999139e-002 -4.173372e-001 -4.255506e-001 -2.400274e-001  9.485570e-001  1.227819e+000 -1.100770e+000 -9.602490e-001  1.353143e+000  4.937294e-001 -1.366502e+000  1.514077e+000  7.265510e-002 -1.763104e-002 -3.862163e-001 -1.460802e-001  1.218026e-001 -2.694270e-002 -5.197170e-002 -3.684002e-001  2.135612e-001  2.157894e-001 -1.336987e-001  8.448625e-001 -7.595018e-001  1.840324e-002
 9.656738e+000  3.909378e+000 -1.247210e+001 -2.107866e+001 -1.056753e+001 -6.086568e+000 -9.586359e-001 -4.115588e+000 -1.855356e+001 -4.103417e+000  4.587826e-002  7.836834e+000  5.849367e+001  2.366334e-001 -1.158282e+000 -7.321994e-001  1.307491e-001  5.149072e-001  1.355494e+000 -1.868551e+000 -7.898008e-001  1.538456e+000  8.677240e-002 -9.874268e-002  5.529665e-001  7.288742e-003 -1.405386e-001 -3.992678e-001  6.756935e-002  3.258555e-002  1.025386e-002 -2.636679e-001 -4.158150e-001  2.791599e-001  3.868468e-001 -2.446572e-001  9.590601e-001 -1.076260e+000  4.383000e-002
 9.811715e+000  2.556631e+000 -1.185261e+001 -2.415211e+001 -7.799339e+000 -3.882964e+000 -2.152667e+000 -5.428367e+000 -1.815459e+001 -4.620663e+000  5.894367e+000  4.006371e+000  5.881152e+001 -4.100227e-003 -1.479010e+000 -6.552693e-001  1.806538e-001  7.537398e-001  5.919877e-001 -2.744775e+000 -2.127268e-001  2.158036e+000 -2.023396e-001  6.809763e-001 -9.153784e-001  4.119492e-002 -2.544965e-001 -1.446455e-001  1.882899e-001  4.780760e-002 -1.421407e-001 -4.420357e-001 -5.265006e-002  3.943270e-001  3.663576e-001 -1.898679e-001  4.642934e-001 -7.421163e-001  6.260300e-003
 1.031756e+001  4.709397e-001 -1.393201e+001 -2.131989e+001 -7.576961e+000 -2.944583e+000 -6.946060e+000 -6.416067e+000 -1.248631e+001 -5.007286e+000  3.959904e+000  6.533315e+000  5.857450e+001 -4.445855e-001 -1.629679e+000  4.148359e-002 -6.096477e-002  7.707447e-001  2.663496e-001 -2.750149e+000  4.573727e-003  2.970295e+000 -3.846166e-001  9.454279e-001 -1.769753e+000  1.292545e-001 -3.221622e-001  1.588486e-001  1.260135e-001  1.483667e-001 -2.708420e-001 -6.110193e-001  8.754231e-001  4.075224e-001 -1.513989e-001  2.237626e-002  8.958270e-002 -3.311763e-001  1.514202e-002
 8.840942e+000 -1.230890e+000 -1.344202e+001 -2.098754e+001 -6.887615e+000 -5.519545e+000 -1.106031e+001 -5.034051e+000 -1.010556e+001 -6.209392e+000  5.439195e+000  1.612814e+000  5.890391e+001 -8.618819e-001 -9.048659e-001  1.290576e-001  9.486751e-002  1.099350e-001 -4.377865e-001 -9.232219e-001  6.141986e-001  2.469012e+000 -2.199159e-001  4.328792e-001 -1.035145e+000  4.297371e-002 -1.873710e-001  8.373214e-002 -2.178544e-002  3.403828e-001 -4.552797e-001 -2.843700e-001  1.486928e+000  2.738277e-001 -8.872120e-001  4.337359e-001 -2.640359e-001  2.207013e-001  3.118645e-002
 7.919197e+000 -2.345259e+000 -1.146998e+001 -2.296577e+001 -7.169673e+000 -3.936529e+000 -1.025556e+001 -4.289877e+000 -7.726604e+000 -5.232135e+000  5.000604e+000  1.848455e-001  5.909375e+001 -9.452866e-001 -6.511104e-001 -4.942952e-001  9.154757e-001 -5.174004e-001 -1.184715e+000  1.597788e+000  8.343482e-001  6.259737e-001  2.074419e-001  4.732193e-001 -1.043032e+000  8.210945e-002 -2.744655e-002 -1.783051e-001 -1.617714e-001  4.982132e-001 -3.307749e-001  7.465973e-002  1.177680e+000  4.390815e-003 -1.128254e+000  5.328318e-001 -3.350764e-001  2.978277e-001  5.994400e-002
 6.701488e+000 -5.595995e-001 -1.243834e+001 -2.285484e+001 -7.453308e+000 -5.575923e+000 -5.114026e+000 -3.420469e+000 -8.189385e+000 -5.607817e+000  7.538413e+000  2.004883e+000  5.876677e+001 -6.906047e-001 -1.549633e+000 -4.963071e-001  1.394347e+000 -8.785861e-001 -1.043302e-001  2.515898e+000  7.415243e-001 -1.105863e+000  1.670311e+000 -4.030987e-001 -1.752324e-001  2.206997e-001  2.717891e-002 -4.440536e-001  2.632137e-002  2.710127e-001  1.624599e-002  5.378312e-001  2.125892e-001 -4.478392e-001 -6.744359e-001  3.819706e-001 -2.048752e-001 -1.759639e-001  1.112172e-001
 6.660855e+000 -3.120257e+000 -1.690533e+001 -1.580886e+001 -9.881116e+000 -8.839967e+000 -1.930262e+000 -3.051117e+000 -1.031453e+001 -4.270864e+000  5.276392e+000  1.122121e+000  5.905362e+001 -6.674568e-001 -2.198821e+000 -4.546910e-001  1.780361e+000 -3.888692e-001  4.729201e-001  1.418690e+000 -3.713509e-002 -8.835374e-001  1.334429e+000 -3.119652e-001 -7.105713e-001  3.401116e-001 -2.791145e-002 -1.691396e-001  4.559693e-001 -3.463580e-001  5.162344e-001  3.721029e-001 -2.054743e-001 -7.990472e-001  1.766008e-001 -4.340294e-002  5.889199e-002 -4.270119e-001  8.638145e-002
 6.017090e+000 -8.591558e+000 -1.320588e+001 -1.759426e+001 -9.924824e+000 -3.589478e+000 -2.643467e+000 -1.945809e+000 -1.434091e+001  1.661526e+000  3.285808e+000  2.680146e-001  6.002747e+001 -8.649022e-001 -2.351279e+000  2.408624e-001  1.017488e+000  1.268994e-001  1.422552e+000  2.292728e-001 -1.189256e+000 -1.484123e-001  1.126443e+000 -1.989045e-001 -2.081194e+000  4.700588e-001 -1.113523e-002  5.412771e-001  5.264066e-001 -6.589824e-001  6.051695e-001 -4.955231e-001 -1.064983e-001 -4.798689e-001  5.918112e-001 -5.670872e-001  2.522032e-001 -5.618715e-001 -5.408470e-002
 4.924112e+000 -9.323386e+000 -1.335966e+001 -1.669425e+001 -7.878261e+000 -2.565151e+000 -4.397390e+000 -5.212883e+000 -9.068526e+000 -2.194662e+000  5.567080e+000 -2.499577e+000  6.016395e+001 -9.976951e-001 -1.095986e+000  1.416967e+000 -6.278845e-001  1.561029e+000 -8.764102e-002  1.713729e+000 -2.195498e+000  1.030252e+000  2.623608e-001  6.655822e-001 -2.225111e+000  3.893372e-001  1.656310e-001  1.059422e+000  5.471915e-001 -7.424521e-001  2.076574e-001 -9.815426e-001  1.888188e-001  2.312353e-001  4.609131e-001 -3.469210e-001 -1.429889e-001 -1.563099e-001 -2.057650e-001
 3.245348e+000 -9.214428e+000 -1.300686e+001 -1.732470e+001 -7.820238e+000 -1.600569e+000 -2.734098e+000 -8.285865e+000 -9.554447e+000 -1.013701e+000  6.398546e+000 -6.590240e+000  6.056189e+001 -5.811617e-001  6.053346e-001  1.199897e+000 -6.964418e-001  1.172312e+000 -2.301665e+000  1.835887e+000 -5.786392e-001  8.962980e-001 -6.290911e-001  3.691436e-001 -2.227320e+000 -7.433663e-002  3.209310e-001  1.222965e+000  4.007089e-001 -4.351797e-001 -4.105375e-001 -8.655162e-001 -1.246677e-002  7.172555e-001  3.939586e-001 -7.588743e-002 -7.371321e-001  2.913521e-001 -2.914892e-001
 3.058250e+000 -8.288751e+000 -9.920007e+000 -1.908306e+001 -3.128265e+000 -1.027263e+001  6.683696e+000 -1.085858e+001 -7.556499e+000 -1.621446e+000  7.047934e+000 -6.574306e+000  6.073309e+001  1.882806e-002  1.619983e+000  1.801749e+000 -1.074934e+000  1.267115e-001 -2.572685e+000  1.559477e+000  8.137331e-001  8.986727e-001  4.775912e-001 -1.310934e+000 -1.419058e+000 -4.165157e-001  2.748381e-001  8.321453e-001  1.844141e-001  3.265964e-002 -8.860773e-001  6.537817e-002 -7.730489e-001  6.974398e-001  2.165513e-001  3.485489e-001 -9.847005e-001  3.470460e-001 -1.646650e-001
 4.044212e+000 -6.082202e+000 -8.926224e+000 -1.988206e+001 -6.438260e+000 -1.124407e+001  9.954255e-001 -2.016158e+000 -1.061544e+001 -1.770537e+000  4.391099e+000 -8.831221e+000  5.937122e+001  2.314911e-001  2.405560e+000  2.052016e+000 -9.348856e-001 -1.208629e+000 -1.662507e+000  2.440647e-001  8.924064e-001  1.887171e+000  6.393910e-001 -2.896307e+000 -1.027460e+000 -5.844604e-001  5.506808e-002  1.904556e-001  5.597151e-002  2.505420e-001 -4.209159e-001  7.535635e-001 -8.600183e-001 -1.791279e-001  1.658399e-001  5.546644e-001 -1.316641e-001  3.207085e-001  1.314716e-001
 4.618820e+000 -2.789585e+000 -6.391234e+000 -2.079025e+001 -7.935693e+000 -1.060683e+001  1.535233e+000 -4.279070e+000 -4.044667e+000  5.717124e-001  1.613556e-002 -8.474378e+000  5.867671e+001 -2.983076e-002  2.164628e+000  1.912978e+000 -3.453644e-001 -1.678887e+000 -8.032922e-002 -1.355605e+000  5.561787e-001  1.617573e+000  1.370864e+000 -2.625195e+000 -1.089811e+000 -1.789257e-001 -8.802766e-002 -3.474116e-001 -3.565682e-001  5.220649e-001  1.998690e-001  8.048895e-001 -6.651828e-001 -7.061944e-001 -2.363395e-001  3.477733e-001  1.139115e+000  2.117961e-001  3.359098e-001
 3.622518e+000  6.379084e-002 -4.511166e+000 -2.114554e+001 -1.145967e+001 -9.746004e+000  1.060457e+000 -7.113586e+000 -1.874510e+000  1.086675e+000 -4.567090e+000 -1.077751e+001  5.866778e+001 -2.814919e-001  1.285290e+000  1.424140e+000  1.914835e-001 -2.946768e-002  2.199747e-001 -1.006663e+000 -1.345501e+000  1.366047e+000  1.697594e+000  3.679536e-001 -7.884010e-001  4.642262e-001  2.610700e-002 -7.168313e-001 -6.017484e-001  5.448875e-001  5.823497e-001  7.090768e-001 -2.995045e-001 -6.495103e-001 -6.949508e-001  3.046724e-001  1.867897e+000  3.520113e-001  3.321641e-001
