62 39
-1.808377e+001  7.481476e+000 -2.214817e+000  7.334511e+000  5.907302e-001  6.888527e+000 -4.659663e+000  6.708542e+000 -3.582246e+000  4.719170e+000 -5.801803e+000 -8.653844e+000  3.452421e+001 -1.999429e+000 -8.097909e-001 -1.426620e+000 -1.249690e-001 -5.204298e-001 -6.414280e-001 -3.102236e+000  1.010716e+000  6.196304e+000  3.349254e+000  2.834276e-001  2.630474e-001 -1.662926e+000  1.503819e+000 -9.014618e-001 -1.085857e-001 -1.059853e+000  3.601798e-001  9.940142e-003  5.791910e-001 -9.273292e-001 -2.947256e-001 -1.408510e+000  1.185586e-001  1.030999e+000  1.542304e+000
-1.988586e+001  2.157700e+000  1.853463e+000  9.527251e+000 -5.401665e+000  9.260868e-001 -1.469895e+001  3.541622e+000  1.067100e+001  2.737633e+000 -5.015743e+000  4.307476e+000  3.593766e+001 -1.295380e+000 -1.543473e+000 -4.041756e-001 -1.519571e+000  1.983866e-001 -2.463551e-001 -1.440363e+000  3.320708e-001  5.542693e+000  2.048816e+000  7.596602e-001  2.624701e+000 -9.731675e-003  1.293019e+000 -5.174165e-001 -1.713463e-001 -1.217258e+000  6.539133e-002  2.152690e-001  1.672477e+000 -1.130605e+000 -2.420312e+000 -1.611258e+000  7.369585e-002  7.799544e-002  1.720670e+000
-2.020949e+001  3.735572e+000  1.962667e+000  4.928808e+000 -4.033206e+000  2.959233e+000 -1.346656e+001  3.699599e+000  1.557294e+001  1.792696e+000 -8.376447e+000  3.972625e-001  3.557673e+001 -1.341299e-001 -1.501247e+000 -4.432705e-001 -1.408191e+000 -2.561282e-001 -2.139646e-001  1.425847e+000 -1.200101e+000  1.697695e+000 -8.797126e-001  1.826312e+000  2.417651e+000  6.475261e-001  1.065110e+000 -4.262732e-001 -3.167612e-001 -6.963236e-001 -3.804912e-001 -2.586667e-001  1.191829e+000 -1.139144e+000 -3.431189e+000 -1.177666e+000  1.600883e-001 -6.167232e-001  1.581981e+000
-2.158989e+001  4.575465e+000  5.113595e-001  5.572712e+000 -2.547873e+000  5.345712e+000 -6.134281e+000  4.045984e+000  1.200242e+001  5.981586e+000 -1.207230e+000  4.260241e+000  3.444721e+001  1.509455e+000 -2.233363e+000 -2.325627e+000 -3.301466e+000 -1.026450e+000 -6.652974e-001  2.558294e+000 -2.609348e+000 -4.694439e+000 -1.015037e+000  1.377461e+000 -1.253180e+000  3.683986e+000  5.575144e-001 -1.983108e-001 -1.790175e-001 -1.234154e-001 -3.306433e-001 -3.337857e-001  2.566697e-001 -7.041100e-001 -2.664177e+000 -5.903918e-001 -3.285020e-001 -9.691125e-001  1.026474e+000
-1.790240e+001 -1.233641e+000 -3.760118e+000  2.270823e+000 -2.116807e+000  3.608892e+000 -1.812759e+000  4.558573e-001  4.240517e+000 -1.301369e+000  1.425501e+000  3.458029e+000  3.850707e+001  1.923704e+000 -2.596212e+000 -2.049700e+000 -2.715640e+000 -1.810467e+000 -1.725290e+000  8.575786e-001 -3.214295e+000 -5.841073e+000 -1.007148e+000  7.749690e-001 -8.816281e-001  4.400118e+000 -2.143610e-003  7.203536e-002  2.168959e-001  3.305105e-001  1.947783e-002 -1.083979e-001 -5.538793e-001  1.722883e-001 -6.518633e-001  3.253592e-001 -7.548768e-001 -3.880529e-001  3.022428e-001
-1.349213e+001 -6.524508e+000 -6.913281e+000 -5.651083e+000 -1.149211e+001 -2.725230e+000 -7.734377e+000 -7.883246e+000 -7.134986e+000 -7.905188e-001 -3.029413e+000 -3.488809e+000  5.289243e+001  4.632748e-001 -1.987544e+000 -4.960484e-001 -1.482924e+000 -6.776601e-001 -1.159621e+000  1.271197e-001 -2.181382e+000 -4.008808e+000 -8.394248e-001 -3.571784e-001 -5.712216e-001  3.246341e+000 -1.818701e-001  7.469283e-001  7.161524e-001  8.633133e-001  6.119140e-001  4.199604e-001 -4.179785e-001  8.869336e-001  1.270474e+000  3.460483e-001 -6.876194e-001  2.120173e-001 -7.722749e-001
-1.463985e+001 -3.695501e+000 -4.573515e+000 -3.037494e+000 -8.613423e+000 -1.631747e+000 -8.378616e+000 -6.407259e+000 -4.063722e+000  1.430082e-001 -3.590510e+000 -1.363528e-001  4.835471e+001  3.782420e-001 -1.263980e+000 -2.735804e-001 -6.649095e-001 -3.331338e-001 -5.087922e-001 -1.279620e-001 -5.526423e-001 -1.904437e+000  6.592776e-001 -1.080752e+000  1.364071e-001  2.377563e+000  7.572881e-001  1.232139e+000  3.899100e-001 -1.348217e-001  4.738181e-001  4.049254e-001  2.017405e-001  7.273681e-001  1.387971e+000  5.907809e-002 -3.994806e-001 -1.403663e-001 -4.613650e-001
-2.090479e+001 -4.131324e+000 -1.562184e+000  8.122514e-001 -2.687865e+000  2.167927e+000 -2.215754e+000 -3.429367e+000 -3.889496e+000  1.062272e+000 -4.851165e-001  3.201324e+000  4.575510e+001  1.372835e+000  8.351627e-001  3.670745e-001 -1.026421e-002  1.294453e+000  8.262554e-001  9.611716e-001  4.944941e-001 -3.103847e-001 -1.180082e-001 -1.132776e+000 -7.021115e-001  8.338898e-001  1.875203e+000  1.307279e+000 -2.038043e-001 -1.461399e+000 -3.851221e-001 -1.740998e-001  4.731057e-001 -1.775146e-001  6.533501e-001 -2.533129e-001  3.197658e-002 -3.760755e-001  2.305940e-001
-1.230486e+001 -8.750131e+000 -7.803569e+000 -4.285392e+000 -8.184599e+000 -1.381647e+000 -5.211881e+000 -4.534294e+000 -6.904412e+000  1.068623e+000 -5.250407e+000  7.949982e-001  5.396355e+001  5.255364e+000  2.153131e+000 -5.317117e-001 -4.126079e+000 -4.274338e-001 -6.936014e-001  1.449255e+000 -9.153925e-001 -7.504300e-001 -1.072466e+000 -8.346351e-001 -1.518015e+000  3.299519e+000  1.595267e+000  1.043295e+000 -2.122760e-001 -1.831041e+000 -7.125273e-001 -5.785804e-001  6.834940e-001 -6.089420e-001  3.698326e-002 -3.860841e-001  5.870811e-001 -1.185956e-001  3.376074e-001
-7.795443e+000  1.786201e-001 -3.462882e+000 -5.078455e+000 -5.234258e+000  1.280998e+000 -4.511887e+000 -6.347258e+000 -7.266564e+000 -1.843367e+000 -7.863342e+000 -7.465043e+000  5.425746e+001  7.400726e+000  2.840298e+000 -1.386004e+000 -7.059334e+000 -2.556121e+000 -1.937715e+000  1.704040e+000 -2.887580e+000 -1.319061e+000 -1.240118e+000 -3.203540e-001 -1.624388e+000  3.938333e+000  3.764565e-001  1.117946e-001 -1.790482e-001 -1.186661e+000 -7.753759e-001 -7.642599e-001  4.505444e-001 -2.517156e-001 -3.102307e-001 -2.293548e-003  8.188971e-001  7.114604e-001  8.255786e-002
 5.082299e+000  4.915180e+000 -6.281725e+000 -2.072253e+001 -9.477396e+000 -4.656290e+000  1.572528e-002 -9.525275e+000 -6.127337e+000 -3.766501e+000 -4.074573e+000 -2.393245e+000  6.060113e+001  5.340631e+000  2.949929e+000 -4.584209e-001 -6.295579e+000 -1.970484e+000 -2.019709e+000  2.918074e+000 -1.906315e+000 -1.215182e+000 -7.100884e-001  1.448443e+000  4.567266e-003  2.513378e+000 -1.380285e+000 -5.023254e-001  2.317474e-001  7.750050e-001  4.932874e-002 -9.195326e-002 -1.363915e-002  6.796566e-001 -3.428717e-001  3.056590e-001  6.854560e-001  9.059086e-001 -8.867240e-001
 7.405260e+000  3.237510e+000 -9.253128e+000 -2.626585e+001 -1.482207e+001 -5.883328e+000  3.690641e+000 -1.537178e+001 -1.087334e+001 -2.720753e+000 -2.674804e+000 -3.326496e+000  6.212797e+001  3.212484e+000  9.957362e-001 -5.648121e-001 -4.858819e+000 -1.810901e+000 -2.331990e+000  2.479484e+000 -2.686226e-001 -1.629162e+000 -3.106647e-001  1.820171e+000  2.093899e+000  1.639750e+000 -2.007999e+000 -5.722211e-001  4.201623e-001  1.783235e+000  6.452218e-001  3.716059e-001 -5.631135e-001  1.231595e+000 -2.939248e-001  3.834399e-001  2.453207e-001  6.069343e-001 -1.113267e+000
 6.797941e+000  4.470070e+000 -7.200550e+000 -2.516959e+001 -1.324311e+001 -7.898029e+000  5.277225e+000 -9.553611e+000 -1.117694e+001 -2.043126e+000 -6.024627e-001 -1.251439e+000  6.259518e+001  4.480618e-001  5.637847e-001  2.164294e-001 -1.351311e+000 -5.533997e-001 -9.562303e-001  9.933372e-001  1.173412e+000 -2.309738e+000 -8.897138e-003  1.522383e+000  1.152385e+000  1.519089e-002 -1.470589e+000 -3.474744e-001  9.701647e-002  1.675759e+000  3.809628e-001  4.485189e-001 -9.703236e-001  7.215592e-001 -2.957097e-001  4.313643e-001 -3.268834e-001 -2.623785e-001 -7.815994e-001
 7.409157e+000  5.379856e+000 -5.827529e+000 -2.714902e+001 -1.240591e+001 -8.758084e+000  5.254784e+000 -7.676203e+000 -1.288758e+001 -4.258379e+000 -4.985431e-001  2.433549e+000  6.145918e+001 -1.929829e-001  1.172265e+000  3.773821e-001 -6.152916e-001 -3.855362e-002 -6.114249e-001 -1.491591e-001  1.730532e+000 -2.241407e+000  3.264862e-001  8.692794e-001  8.363748e-001 -3.789085e-001 -7.887274e-001  6.347804e-002 -1.285207e-001  1.344851e+000  7.340106e-002  3.111648e-001 -8.487546e-001  2.347356e-001  1.112162e-001  4.940777e-001 -6.089422e-001 -8.997099e-001 -4.040864e-001
 7.320659e+000  6.662931e+000 -6.912377e+000 -2.703750e+001 -1.345248e+001 -8.000063e+000  4.200340e+000 -7.506002e+000 -1.666891e+001 -3.042174e+000  2.449210e+000  4.886554e-001  6.101148e+001 -3.095798e-001  1.124293e+000 -4.444356e-001 -3.854503e-002 -9.518436e-001 -6.373972e-001 -6.192223e-001  7.019035e-001 -2.387608e+000  1.128158e+000  2.894711e-001 -6.785634e-001 -3.852898e-001 -1.305294e-001  7.128638e-002 -3.388248e-001  6.964201e-001 -2.109510e-001 -1.287033e-001 -4.284700e-001 -1.660199e-002  6.091218e-001  3.130245e-001 -8.384814e-001 -6.692697e-001 -4.241787e-002
 6.178986e+000  8.002404e+000 -7.510304e+000 -2.840835e+001 -1.491016e+001 -8.889436e+000  3.483288e+000 -7.742920e+000 -1.933439e+001 -5.887983e-001  1.457567e-001 -1.466883e-002  6.102528e+001 -3.523318e-001  1.032872e+000 -8.769830e-001  1.209055e+000 -1.244674e+000 -9.355828e-001 -9.580091e-001  1.140810e+000 -1.034146e+000  1.591196e+000 -6.080846e-001 -1.489177e+000 -1.804424e-001  1.519817e-001 -1.494922e-001 -2.846342e-001  5.128077e-001 -1.977567e-001 -2.056123e-001 -1.814469e-001 -6.929358e-002  9.852188e-001 -2.172722e-001 -7.499691e-001 -5.194858e-001 -2.877522e-002
 5.865127e+000  8.780261e+000 -8.581341e+000 -2.473265e+001 -1.675020e+001 -1.101934e+001  3.066861e+000 -6.010735e+000 -1.989157e+001  1.762873e+000  5.227430e-001 -3.420146e+000  6.088568e+001 -1.249111e-001  9.899129e-001 -8.505121e-001  1.218616e+000 -1.005095e+000 -1.437668e+000 -7.445878e-001  1.385263e+000  1.322405e-001  9.238703e-001 -1.931342e+000 -1.031188e+000 -2.961315e-001  2.528317e-001 -1.921828e-001  1.680263e-002  8.742774e-002  4.936161e-002 -1.597650e-001 -1.196263e-001 -7.321304e-002  1.115944e+000 -7.536643e-001 -5.212841e-001 -2.335740e-001 -1.065398e-001
 6.375264e+000  9.485553e+000 -9.377963e+000 -2.225617e+001 -1.698041e+001 -1.192636e+001  1.031477e+000 -2.719788e+000 -1.644697e+001  1.295079e+000 -2.575732e+000 -3.057934e+000  6.061987e+001  4.745909e-001  4.919941e-001 -8.427505e-001  1.320167e+000 -1.000711e+000 -1.239351e+000 -9.937108e-001  1.042384e+000  1.424762e+000 -6.577309e-001 -1.770159e+000 -1.584742e+000 -5.673637e-001  2.296486e-001 -9.128543e-002  4.074255e-001 -4.379977e-001  1.759799e-001  1.925867e-002 -7.363635e-003 -2.981014e-001  6.684358e-001 -6.544725e-001  1.269547e-001 -3.256325e-001 -1.758460e-001
 6.597964e+000  1.087092e+001 -1.023111e+001 -2.402051e+001 -1.744282e+001 -1.366994e+001  1.703306e+000 -3.091254e+000 -1.745141e+001  6.352386e-001 -5.846757e+000 -3.145652e+000  5.973353e+001  5.411174e-001  4.338183e-001 -3.775387e-001  3.430380e-001 -8.270168e-001 -1.284338e+000 -1.199503e+000  3.850510e-001  1.962659e+000 -1.515700e+000 -1.735912e+000 -1.798651e+000 -7.245281e-001  8.065529e-002  1.153749e-002  7.087934e-001 -5.927482e-001  2.980353e-001  2.214061e-001 -5.388699e-002 -3.323123e-001  1.825201e-001 -1.971737e-001  7.077920e-001 -2.505064e-001 -1.231976e-001
 8.185522e+000  9.417045e+000 -1.089917e+001 -2.216358e+001 -1.956740e+001 -1.376089e+001 -8.034883e-001 -3.990739e+000 -1.343066e+001 -3.313636e+000 -5.520288e+000 -8.075624e+000  5.876454e+001  4.628969e-001  8.544925e-001  9.236576e-001 -5.431442e-001 -4.538136e-001 -9.159542e-001 -7.673697e-001  1.504088e-001  1.392824e+000 -4.613815e-001 -7.102633e-002 -2.733608e+000 -8.454742e-001 -1.560097e-001  4.736784e-002  7.692712e-001 -5.993320e-001  3.656463e-001  1.778316e-001 -6.141024e-002 -1.786049e-001 -4.763307e-001  1.533744e-001  7.875366e-001  1.926809e-001  1.059222e-003
 7.665585e+000  1.098361e+001 -9.708429e+000 -2.306375e+001 -1.959179e+001 -1.652376e+001 -2.013170e+000 -3.450004e+000 -1.158644e+001 -3.511270e+000 -6.684540e+000 -9.904555e+000  5.819070e+001  2.842124e-001  8.663511e-001  1.810251e+000 -8.134701e-001  2.116327e-001 -4.923358e-001 -1.127193e+000  1.696889e-001  1.060810e+000 -1.601727e-001  7.580513e-001 -1.709287e+000 -7.730644e-001 -2.261146e-001 -1.252569e-001  4.492561e-001 -3.155863e-001  2.348456e-001  2.192147e-001 -2.864441e-002  5.689217e-002 -9.822887e-001  2.067791e-002  7.268318e-001  5.874231e-001  1.107689e-001
 8.155938e+000  1.370167e+001 -5.021015e+000 -2.545027e+001 -1.817500e+001 -1.507922e+001 -9.471335e-001 -1.788368e+000 -1.241534e+001  1.061426e+000 -2.511973e+000 -1.334652e+001  5.716391e+001 -1.770051e-001  5.125669e-001  1.909711e+000 -1.098240e+000  3.081953e-001 -7.461947e-001 -1.336917e+000  2.570406e-001 -5.059665e-001 -5.686225e-001  9.205420e-001 -6.660188e-001 -5.377995e-001 -2.464511e-001 -3.732589e-001 -1.895043e-001  1.350538e-002 -1.428265e-001  1.292687e-001  5.228732e-002  7.676475e-002 -1.105475e+000 -4.728749e-001  1.929561e-001  8.285012e-001  2.061581e-001
 8.033818e+000  1.306036e+001 -4.118933e+000 -2.644452e+001 -1.708086e+001 -1.547246e+001 -3.860838e+000 -3.343994e+000 -1.265502e+001 -2.353156e+000 -3.560658e+000 -9.056640e+000  5.666852e+001 -2.695049e-001 -2.150345e-002  1.375715e+000 -9.573458e-001 -3.379345e-002 -2.731442e-001 -1.057951e+000  6.161960e-001 -1.999389e+000 -1.358690e+000  1.402462e+000  1.046704e-001 -3.245212e-001 -1.691588e-001 -3.801357e-001 -5.213786e-001  1.792190e-001 -3.700355e-001  1.839026e-001  4.271190e-001  1.416112e-001 -8.720734e-001 -3.712881e-001 -6.919309e-002  4.272030e-001  2.456153e-001
 7.116380e+000  1.094150e+001 -4.145367e+000 -2.596440e+001 -1.928189e+001 -1.801752e+001 -6.564239e+000 -2.758541e+000 -1.542620e+001 -6.735806e+000 -2.479519e+000 -1.182968e+001  5.683663e+001 -4.925001e-001 -5.678746e-001  1.934042e-001 -4.036795e-001 -1.045233e+000 -3.792066e-001 -5.405541e-001  3.109790e-001 -2.604450e+000 -2.226498e+000  5.715487e-001  5.019194e-001 -3.895531e-002 -5.915493e-004 -2.808965e-001 -4.712405e-001  2.406105e-001 -1.168421e-001  2.926086e-001  7.867780e-001  1.397425e-001 -1.363429e-001  5.982899e-002 -2.812076e-001  2.640999e-001  2.351458e-001
 6.837840e+000  1.225618e+001 -3.267677e+000 -2.759342e+001 -1.920731e+001 -1.642033e+001 -4.494375e+000  1.160618e-001 -2.007795e+001 -6.406104e+000  3.115455e-001 -1.013963e+001  5.673174e+001 -4.038340e-001 -4.941069e-001  6.151138e-002 -2.646553e-001 -9.618309e-001  2.436832e-001  6.102205e-001  8.507760e-001 -2.250315e+000 -1.187676e+000  5.865825e-001 -1.572412e-001  2.055901e-001  6.401861e-002 -2.066223e-001 -3.286041e-001  2.981451e-001  3.041207e-001  1.873201e-001  8.851033e-001 -1.061173e-001  6.837353e-001  3.222946e-001 -4.616426e-001  3.309826e-001  2.297164e-001
 6.291427e+000  1.126439e+001 -4.479621e+000 -2.689422e+001 -2.233793e+001 -1.650131e+001 -3.333135e+000 -1.963501e+000 -2.172613e+001 -8.044589e+000 -1.590331e+000 -1.029543e+001  5.693752e+001 -1.127982e-001 -6.556139e-001  2.106102e-001 -2.415321e-001  1.880033e-001  4.584346e-001  1.762887e+000  8.384629e-001 -1.062218e+000 -3.549846e-001 -7.755581e-002  7.854366e-001  3.728737e-001  8.479459e-002 -1.343225e-001 -1.958228e-001  2.704212e-001  7.839952e-001  1.723476e-001  6.787972e-001 -3.515900e-001  1.111600e+000  2.939943e-001 -1.935904e-001  5.149708e-001  1.887757e-001
 6.427125e+000  1.042838e+001 -3.644249e+000 -2.730289e+001 -2.036200e+001 -1.501214e+001 -2.425287e+000  5.123655e-001 -2.075663e+001 -7.637143e+000 -1.072340e+000 -1.060997e+001  5.764603e+001 -1.392627e-001 -1.010745e+000 -2.759082e-001  4.523062e-001  8.701918e-001  2.446358e-001  2.215844e+000 -1.781325e-001  6.481711e-001 -6.829733e-001 -5.811984e-001  1.617825e+000  6.181461e-001 -1.962556e-002 -1.661579e-001 -2.047753e-001  2.553071e-001  8.022363e-001  7.269407e-002 -1.977733e-002 -5.325724e-001  9.789091e-001 -1.991971e-001  1.360282e-001  6.060953e-001  1.245995e-001
 6.757747e+000  8.577328e+000 -2.904030e+000 -2.731732e+001 -1.776453e+001 -1.642944e+001  1.215653e+000  1.235622e+000 -2.039795e+001 -7.895209e+000 -2.175356e+000 -7.667322e+000  5.824385e+001 -2.008128e-001 -9.811680e-001 -6.170000e-001  5.899460e-001  1.958732e+000  4.820552e-001  2.050620e+000 -9.325169e-001  1.504308e+000 -1.008878e+000  1.874870e-001  2.189240e+000  6.986454e-001 -7.180955e-002 -1.967553e-001 -1.353773e-001  3.796015e-001  4.639859e-001  1.336301e-001 -1.025716e+000 -3.838935e-001  7.261302e-001 -4.309385e-001  4.965549e-001  2.086576e-001  5.416262e-003
 5.908366e+000  8.545982e+000 -5.435014e+000 -2.512033e+001 -1.714305e+001 -1.523309e+001  4.310453e+000 -2.374162e+000 -1.750119e+001 -9.895660e+000 -2.301934e+000 -3.364557e+000  5.916930e+001 -4.579546e-001 -1.162119e+000 -5.485601e-001  5.961410e-001  2.163986e+000  5.953433e-001  3.674673e-001 -9.265961e-001  1.360968e+000 -1.856715e+000  1.134202e+000  2.171334e+000  6.657017e-001  9.144467e-003 -2.806714e-001  4.148939e-002  4.627672e-001  2.596571e-001  1.070500e-001 -1.848813e+000  1.088179e-001  3.223453e-001 -1.395242e-001  3.040882e-001  7.406616e-003 -1.303568e-001
 5.546742e+000  7.299754e+000 -6.669239e+000 -2.503576e+001 -1.415375e+001 -1.398056e+001  3.552097e+000 -5.182822e+000 -1.583231e+001 -1.195972e+001 -3.809907e-002 -2.971934e+000  5.966911e+001 -3.125001e-001 -1.563704e+000 -3.299501e-001  1.584558e+000  1.861035e+000  9.512312e-001 -2.441506e+000 -7.067726e-001  2.212035e+000 -1.922807e+000  1.547518e+000  1.551970e+000  3.761772e-001  1.608068e-001 -4.317937e-001  6.842840e-002  4.812625e-001  1.010992e-001  2.454385e-002 -1.853029e+000  4.121311e-001 -9.495036e-002  1.178385e-001 -3.888441e-001  1.585823e-001 -1.948580e-001
 4.742854e+000  5.256572e+000 -4.504445e+000 -2.546296e+001 -1.134746e+001 -1.325987e+001 -1.756172e+000 -9.113933e-001 -1.623461e+001 -1.488846e+001  3.530044e+000 -2.100994e+000  6.026191e+001 -3.769674e-002 -2.122834e+000 -2.119862e-001  2.268836e+000  2.217325e+000  5.452979e-001 -4.782157e+000  2.530848e-001  1.906034e+000 -9.236296e-001  2.592270e-001  1.973493e+000  1.275963e-001  2.807952e-001 -3.671926e-001 -1.533030e-001  9.323510e-002  3.661374e-001  1.179171e-001 -1.090273e+000  2.938075e-001 -3.623612e-001  4.599202e-001 -1.227422e+000  4.139167e-001 -1.619034e-001
 5.778003e+000  2.403515e+000 -5.019065e+000 -1.922322e+001 -1.135715e+001 -1.265990e+001 -7.958565e+000 -3.029626e+000 -9.971062e+000 -1.501284e+001  2.646248e+000 -5.392520e-001  5.957844e+001  3.930922e-001 -2.659779e+000 -4.431449e-001  2.159911e+000  2.437558e+000  6.297971e-001 -4.639715e+000  5.382981e-001  7.570227e-001 -8.862275e-001 -1.319246e+000  3.081072e+000 -6.591797e-003  1.186333e-001 -3.975582e-003 -3.575224e-001 -5.847768e-001  9.446121e-001  1.806495e-001 -8.206241e-002  2.774836e-001 -6.769667e-001  8.333563e-001 -1.768682e+000  2.554246e-001 -3.554329e-002
 5.604252e+000  3.799301e-001 -7.320032e+000 -1.668243e+001 -7.454723e+000 -1.316693e+001 -1.384500e+001 -2.185336e+000 -1.090164e+001 -1.298725e+001 -2.347973e+000  5.286567e+000  5.985262e+001  5.932252e-001 -2.450045e+000 -1.258477e+000  7.746399e-001  3.706412e+000  1.345646e+000 -3.984793e+000 -8.009376e-002  2.766678e-001 -7.540321e-002 -3.569523e+000  3.476366e+000  4.756927e-002 -3.036609e-003  6.905470e-001 -5.026335e-001 -6.355597e-001  9.800099e-001  1.677689e-001  7.252792e-001  2.124159e-001 -4.662736e-001  8.999616e-001 -1.524298e+000 -6.904918e-001 -1.563006e-001
 7.081504e+000 -3.560819e+000 -7.477170e+000 -1.862648e+001 -3.912323e+000 -1.087805e+001 -1.360207e+001 -1.854360e+000 -1.471368e+001 -1.734146e+001 -3.695320e+000  8.739647e+000  5.984080e+001 -3.479476e-002 -1.419976e+000 -1.594316e+000 -5.922279e-001  5.839553e+000  1.454305e+000 -3.250500e+000  8.472344e-001 -3.581158e-001  1.819862e+000 -5.381516e+000  2.077657e+000  2.384743e-001 -9.397610e-002  1.363379e+000 -5.096080e-001  1.001364e-001  4.137244e-001 -2.664186e-001  9.273689e-001  2.439020e-001  1.327502e-001  7.934696e-001 -8.598580e-001 -1.519861e+000 -4.570985e-001
 7.057229e+000 -4.011486e+000 -9.567780e+000 -2.188813e+001  3.462186e+000 -7.422565e+000 -1.885839e+001 -1.899495e+000 -1.247996e+001 -1.410117e+001 -1.114679e+001  1.064139e+001  6.036857e+001  1.610637e-001  7.099994e-001 -2.149568e+000  4.671070e-001  5.416377e+000  9.718884e-001 -1.850368e+000  1.160696e+000  1.322349e-001  2.223134e+000 -5.331128e+000 -9.772583e-001 -7.764397e-001 -1.088293e-001  1.390366e+000 -4.498404e-002  1.251236e+000 -9.112219e-001 -5.681806e-001  1.205560e+000  2.975876e-001  3.437531e-001 -6.598108e-002  3.156960e-001 -1.728045e+000 -7.724552e-001
 4.877541e+000 -2.500658e+000 -1.186677e+001 -1.958151e+001  1.238216e+001 -8.260558e+000 -2.170437e+001  1.063625e+000 -1.097248e+001 -5.356570e+000 -1.986192e+001  7.171620e+000  6.051283e+001  1.392925e-001  2.577095e+000 -2.545640e+000  2.814360e+000  3.651198e+000 -5.154172e-001 -1.070083e+000  1.137413e+000  1.492990e+000  1.931852e+000 -4.737733e+000 -2.291418e+000 -1.880080e+000 -2.050827e-001  6.504028e-001  6.232326e-001  1.807152e+000 -1.845120e+000 -1.332775e-001  1.263302e+000 -1.879507e-001  2.053904e-001 -9.085981e-001  1.323282e+000 -1.248693e+000 -8.060851e-001
 7.511553e+000  3.399847e+000 -1.587307e+001 -1.386938e+001  1.147992e+001 -9.616234e+000 -1.904569e+001  2.159151e+000 -1.211107e+001 -7.864026e+000 -2.092031e+001  1.184289e+000  5.563440e+001 -3.796472e-002  2.503249e+000 -1.007736e+000  5.327528e+000  2.444802e-001 -5.103961e-001  9.527979e-001  1.262755e+000  1.069880e+000 -4.613037e-001 -2.312934e+000 -2.979322e+000 -2.755430e+000 -6.656632e-001 -5.906764e-001  1.178519e+000  1.188217e+000 -1.838051e+000  4.722033e-001  1.220472e+000 -5.517595e-001  3.265993e-002 -8.345919e-001  1.414649e+000 -3.789231e-001 -3.286284e-001
 7.550805e+000  5.618989e+000 -1.705272e+001 -8.564056e+000  1.033480e+001 -1.235830e+001 -1.885883e+001  1.803383e+000 -7.433176e+000 -1.080077e+001 -2.249722e+001  2.011106e+000  5.280748e+001 -9.606938e-001  9.354131e-001  9.509308e-001  6.013319e+000 -8.001009e-001  1.529060e+000  1.664426e+000 -1.435484e-001  2.000135e-001 -1.380910e+000 -2.742041e-001 -3.164778e+000 -2.802456e+000 -1.022904e+000 -1.655773e+000  1.250030e+000  1.060062e-001 -1.348633e+000  6.502985e-001  7.421350e-001 -7.053576e-001 -1.128211e-001 -2.938928e-001  9.907467e-001  4.540823e-002  1.229687e-001
 5.530773e+000  4.444935e+000 -1.201348e+001 -7.592205e-001  5.708266e+000 -7.925676e+000 -1.551717e+001  4.044401e+000 -8.900213e+000 -1.368559e+001 -2.139381e+001 -1.674965e+000  5.044410e+001 -2.617259e+000 -1.422541e+000  1.994741e+000  4.808713e+000 -1.548231e+000  2.310666e+000  2.884738e+000 -9.576207e-001  9.420228e-001 -2.934452e-001 -4.896471e-001 -2.435194e+000 -1.958393e+000 -9.993143e-001 -1.798066e+000  4.431462e-001 -1.059189e+000 -6.312162e-001  1.016982e-001  2.213046e-001 -2.220218e-001  3.897923e-001  6.608092e-001  6.485461e-001  6.036135e-001  3.698463e-001
 1.064461e+000  1.653864e+000 -9.041911e+000  3.930012e+000  1.126748e+001 -1.460538e+000 -1.514650e+001 -5.967417e-001 -1.157784e+001 -9.350339e+000 -2.099619e+001 -7.222642e+000  4.909570e+001 -3.685579e+000 -3.738874e+000  2.203274e+000  3.603798e+000 -2.195611e+000  1.325544e+000  1.674622e+000 -1.279187e+000  9.928132e-001  3.784590e-001 -6.956432e-001 -2.336441e+000 -1.663754e+000 -5.019143e-001 -1.275864e+000 -4.229407e-001 -1.705591e+000 -6.176689e-001 -6.119672e-001 -1.167226e-002  6.402195e-001  7.935240e-001  1.096225e+000  7.722176e-001  1.201110e+000  3.751618e-001
-2.331572e+000 -1.730297e+000 -9.904772e+000  3.927156e+000  3.272427e+000 -3.511781e+000 -6.478164e+000 -1.428890e+000 -5.328622e+000 -1.005647e+001 -2.411906e+001 -6.374807e+000  4.769833e+001 -3.672094e+000 -4.149936e+000  5.818233e-001  1.236341e+000 -2.213845e+000  9.985255e-002  2.054223e+000  7.204651e-001  2.622442e+000  1.963058e+000  1.140516e+000 -3.754229e-001 -1.475549e+000  2.467324e-001 -2.387500e-001 -7.987273e-001 -1.603643e+000 -2.837766e-001 -6.292999e-001 -1.998733e-001  8.298472e-001  4.490068e-001  8.851678e-001  9.082484e-001  1.253301e+000  2.781729e-001
-6.945917e+000 -9.987763e+000 -7.090709e+000  7.111745e+000  5.746614e-001 -7.937522e+000 -1.500522e+001 -1.855904e+000 -4.254906e+000 -1.072304e+001 -2.461281e+001 -7.321176e+000  4.586160e+001 -2.942848e+000 -4.080209e+000 -4.573141e-001 -7.284502e-001 -3.555638e+000 -4.253694e-001  2.021322e+000  2.218506e+000  3.327424e+000  2.971962e+000  2.771802e+000  1.810885e+000 -1.168070e+000  7.437770e-001  8.241279e-001 -7.575941e-001 -1.325516e+000  3.083137e-001  1.530229e-002  1.825832e-001  3.573223e-001 -6.012399e-002  5.179604e-001  5.085118e-001  7.412480e-001  2.884790e-001
-8.824506e+000 -1.048393e+001 -1.007997e+001  3.831617e+000 -1.455222e-002 -4.187921e+000 -5.316696e+000  8.276308e+000  5.505281e-001 -3.183946e+000 -1.388292e+001 -3.502813e+000  4.468341e+001 -1.754963e+000 -2.445623e+000 -6.686015e-001 -1.043375e+000 -2.287100e+000  3.962336e-002  1.712021e+000  1.442769e+000  2.019752e+000  2.835642e+000  2.317872e+000  1.757650e+000 -8.153709e-001  8.846455e-001  1.296893e+000 -2.819079e-002 -4.776957e-001  9.078929e-001  3.440706e-001  1.444908e-001 -5.891873e-001 -9.272829e-001 -1.785829e-001 -4.198429e-001 -4.801134e-001  2.757429e-001
-1.040331e+001 -1.437037e+001 -1.124088e+001  3.355300e-001 -4.867221e+000 -3.249315e+000 -5.620625e+000  5.643189e+000  2.119703e+000  2.073209e+000 -1.225525e+001  3.957844e-001  4.476281e+001 -9.252592e-001 -4.703903e-001 -9.594838e-001 -1.883924e+000 -6.174150e-001  1.432170e+000  2.758639e+000  1.462730e-001  9.935384e-001  2.531969e+000  1.258237e+000  3.032628e-001 -5.514480e-001  7.287838e-001  1.402033e+000  4.599809e-001  9.921473e-003  1.221010e+000  1.262945e-001  3.211162e-002 -7.611181e-001 -1.385550e+000 -4.302890e-001 -7.627100e-001 -1.212432e+000  1.689545e-001
-9.377688e+000 -1.176711e+001 -1.117269e+001  2.098387e+000 -5.442133e+000 -5.657768e+000 -2.610357e+000  2.035408e+000  1.582832e+000 -2.276380e+000 -1.870848e+001 -1.445034e+000  4.417086e+001 -2.576606e-001  5.296176e-001  6.919543e-001 -5.744006e-001  8.565078e-001  8.914354e-001  2.408018e+000 -1.189355e+000 -8.470297e-001  1.290140e+000 -2.019162e-001 -2.022179e+000 -4.051453e-001  3.802124e-001  9.184226e-001  4.974438e-001  4.391432e-004  8.088040e-001 -1.313983e-001 -6.993804e-002  1.478237e-001 -1.127011e+000 -1.884898e-001 -3.811147e-001 -8.196521e-001  6.978710e-002
-1.129562e+001 -1.169812e+001 -1.134177e+001 -1.441260e+000  2.013772e-001 -4.174608e-002 -2.565197e+000  1.995911e+000  1.966342e-001  1.483027e+000 -1.590885e+001 -6.833751e+000  4.336063e+001 -4.758015e-002  1.442337e+000  1.162313e+000 -9.133302e-001  9.776099e-001 -2.198031e-001  1.833882e+000 -2.710228e-001 -2.166937e+000  1.593268e+000  2.181465e-001 -2.361362e+000 -5.284100e-001  1.066596e-001  3.827935e-001  2.220304e-001 -1.829153e-001  1.755365e-001 -5.726949e-001 -5.011569e-001  7.788472e-001 -5.000466e-001 -2.662543e-001  8.147877e-002  4.227669e-001 -1.358989e-002
-9.666654e+000 -9.171964e+000 -6.569757e+000  1.848009e+000  1.733687e+000 -1.334528e+000  5.195680e+000  4.153175e+000 -2.723086e+000  3.561844e+000 -1.306571e+001 -9.998940e+000  4.335877e+001 -2.927403e-001  1.190126e+000  7.577192e-001 -1.526476e+000  9.594072e-001  2.086184e-001  1.824709e+000  2.390535e+000 -2.035064e+000  2.362544e+000  9.323438e-001 -1.008298e+000 -4.779545e-001 -1.332612e-001  5.000218e-002 -2.873944e-001 -4.507677e-001  1.108536e-001 -4.340811e-001 -9.075962e-001  4.659158e-001  6.736092e-002 -4.679134e-001  3.636300e-001  1.349801e+000 -3.297729e-002
-1.049673e+001 -8.456258e+000 -7.730787e+000 -4.105932e+000 -3.567082e+000 -6.509950e+000 -3.542343e-001  3.229192e+000 -6.562023e+000  7.120437e+000 -1.398591e+001 -7.134069e+000  4.252681e+001 -3.744211e-001  1.113323e+000  1.177858e-001 -2.322462e+000  2.088179e-001 -1.089896e+000  5.445088e-001  2.250564e+000 -9.126770e-001  6.644955e-001  1.098501e+000  1.910157e+000 -5.829929e-001 -1.435657e-001 -1.811052e-001 -3.741302e-001 -1.184408e-001  4.494671e-001 -2.883358e-001 -7.013513e-001 -5.367368e-001  2.045182e-001 -8.839058e-001  1.225163e-001  1.283109e+000  4.894936e-002
-1.124084e+001 -7.437416e+000 -9.189586e+000 -4.201659e+000  1.239132e+000 -1.380574e+000  5.407709e+000  1.337144e+001 -5.213161e+000  6.717634e+000 -1.500823e+001 -6.336366e+000  4.219800e+001 -7.605458e-001  9.441353e-001 -2.227543e-001 -2.123673e+000  1.795172e+000 -8.439238e-001 -1.485276e+000 -1.205691e-001 -1.137355e+000 -5.850406e-001  1.176057e+000  2.591068e+000 -5.427402e-001  4.022746e-002 -2.070094e-001 -2.199574e-001  1.843330e-001  2.937703e-001 -3.944320e-001 -3.554022e-001 -1.222849e+000 -2.888489e-002 -9.994981e-001 -2.208155e-001  3.104131e-001  7.723453e-002
-1.238064e+001 -6.998783e+000 -9.442923e+000 -1.002874e+001  1.492744e+000 -5.468202e+000  5.133242e-002  8.639596e+000 -3.121713e+000  3.227610e+000 -9.445076e+000  8.857445e-001  4.102605e+001 -5.315057e-001  6.598059e-001 -2.181013e-001 -1.206936e+000  2.807063e+000 -1.135211e+000 -1.788175e-002 -1.699155e+000 -1.593201e+000 -1.352469e+000  7.088718e-001  2.254502e+000 -2.512703e-001  1.805456e-001 -1.934365e-001 -2.636607e-001  4.231634e-001 -2.018536e-001  1.163966e-001  1.510684e-001 -8.216110e-001 -1.951612e-001 -2.360303e-001 -2.678462e-001 -8.059538e-001  7.140353e-002
-1.252743e+001 -5.180025e+000 -6.827460e+000 -5.808955e+000  8.179634e+000 -6.075022e+000 -2.433484e+000  8.451273e-001 -1.013002e+001  2.583055e+000 -9.455839e+000 -1.053507e+000  4.139545e+001 -1.306076e-002  3.818375e-001 -1.741240e-001 -1.162575e+000  1.129136e+000 -1.740884e+000  3.288935e-001 -1.748853e+000 -1.839227e+000 -1.626465e+000  2.308121e-002  3.715947e-001 -2.576431e-001  1.696290e-001 -2.286368e-001 -3.434179e-001  3.109657e-001 -8.730252e-001  3.735239e-001  8.441248e-002  1.184177e-001  5.501972e-001  5.616739e-001  8.155115e-002 -9.048502e-001 -1.936299e-002
-1.251096e+001 -6.285924e+000 -1.000236e+001 -9.336963e+000  6.997981e+000 -9.838781e+000  3.476953e+000  9.965768e-001 -1.206960e+001  2.425383e+000 -1.321775e+001  1.497010e+000  4.167173e+001  1.545642e-001  4.272896e-001 -1.224833e+000 -6.871947e-001 -4.674326e-001 -5.943251e-002  3.927658e-001 -1.043350e+000 -1.537547e+000  5.055773e-003  3.357577e-001 -1.009876e+000 -3.685238e-001  3.231795e-002 -7.325633e-002 -2.257206e-001  2.805695e-001 -8.430837e-001  6.445734e-001 -6.064011e-001  4.346389e-001  1.122207e+000  1.085753e+000  3.142583e-001 -5.929348e-001 -9.049281e-002
-1.124098e+001 -5.884658e+000 -9.780489e+000 -1.036042e+001  4.132195e+000 -7.899703e+000  5.339366e+000  8.448689e+000 -9.935354e+000 -1.013576e+000 -1.300649e+001 -4.784025e+000  4.058694e+001 -2.554359e-001 -8.279057e-002 -1.436478e+000 -8.287151e-001 -9.327063e-001  4.858064e-001 -1.268538e+000  1.436171e-001  1.585804e+000  1.544567e+000  1.770369e+000 -3.009943e-001 -5.809284e-001 -8.797400e-002 -3.142354e-003  1.223020e-001  4.003765e-001 -2.540594e-001  6.367324e-001 -4.873215e-001  2.122264e-001  1.017660e+000  1.095511e+000  1.993244e-001  2.292874e-002  6.667787e-003
-1.225104e+001 -4.510018e+000 -1.409057e+001 -1.118898e+001  1.179300e+000 -4.853024e+000 -1.871263e+000 -3.789323e-001 -1.090678e+001  5.051204e+000 -5.990961e+000 -2.298376e+000  3.958768e+001 -2.487284e-001  5.258383e-001 -7.155274e-001  2.898197e-002 -3.774345e-001  9.743108e-001 -2.251172e+000 -4.721953e-001  2.305319e+000  2.490782e+000  1.406519e+000 -3.738776e-001 -5.420917e-001 -5.273536e-002  1.263562e-001  6.628557e-001  5.072269e-001  3.148177e-002  4.269411e-001  1.643759e-001  4.329465e-001  4.283641e-001  2.734732e-001 -5.612748e-001  7.292515e-002  1.554355e-001
-1.393457e+001 -6.481930e+000 -1.196574e+001 -9.026523e+000  6.425443e+000 -6.138869e+000 -6.102063e+000  2.250967e+000 -2.782405e+000  8.992979e+000 -4.217385e+000 -6.607861e-001  3.953283e+001 -2.512845e-001  3.168513e-001  1.827334e-001  4.812195e-001 -1.861599e-001  9.259065e-001 -7.857452e-001 -9.732983e-001  1.327641e+000  2.608228e+000  4.843227e-001  1.682393e-001 -1.375202e-001  8.763149e-002  2.674446e-001  6.611954e-001  4.765539e-001 -4.624450e-003  4.438000e-001  8.699114e-001  4.970187e-001 -6.488405e-001 -4.094654e-001 -1.002231e+000 -1.075634e-001  2.273132e-001
-1.240781e+001 -3.358097e+000 -1.248737e+001 -9.859001e+000  3.964185e+000 -5.847644e+000 -2.058190e+000  1.734461e+000 -4.119477e+000  9.876019e+000 -1.057970e+001 -2.433997e+000  3.948833e+001 -1.111883e-001  8.592495e-001  1.279840e+000  1.193972e+000 -6.832969e-001  1.855223e+000  9.732493e-001  1.679841e+000  7.333549e-001  8.405915e-001 -1.827593e+000 -8.798668e-001  1.869495e-001  7.156583e-002  1.142713e-001  3.145080e-001  1.548948e-001 -1.543598e-001  1.882879e-001  6.944897e-001  4.705532e-001 -6.496752e-001 -5.606452e-001 -4.779387e-001  8.445109e-002  1.459336e-001
-1.241902e+001 -4.876362e+000 -9.668425e+000 -8.619310e+000  1.808954e+000 -2.772860e+000  1.504104e+000  2.525501e+000 -6.690798e+000  9.615156e+000 -8.290507e+000 -3.875018e+000  3.994902e+001  1.139515e-001  1.087727e+000  8.718150e-001  9.715593e-001 -8.028973e-001  2.264351e+000  1.468809e+000  1.552693e+000 -8.724161e-001  3.223354e-001 -1.623732e+000 -5.858166e-001  1.911167e-001  1.149768e-001  8.983473e-002 -1.890366e-002 -2.217651e-001 -1.800980e-001 -1.866983e-001 -6.232870e-002  7.847365e-002 -1.907844e-001 -4.786330e-001 -1.753161e-002  2.671594e-001 -7.781066e-003
-1.356476e+001 -1.016555e+000 -8.840030e+000 -5.422723e+000  7.105999e-002  2.740086e+000 -8.080998e-001  7.883004e+000 -5.285808e+000  8.943073e+000 -1.309236e+001 -5.090594e+000  4.031434e+001 -7.351723e-002  7.117573e-001  5.124719e-001  5.582858e-001 -8.408648e-001  1.246529e+000  9.400001e-002  6.175752e-001  1.569721e-001  8.305027e-001  7.085295e-002  4.254057e-001  2.325783e-002  4.631129e-002 -1.691563e-001 -1.231792e-001 -5.396237e-001 -1.187425e-001 -7.003651e-001 -4.084308e-001 -6.363761e-001  1.844684e-001 -4.922599e-004  3.659624e-001  3.855190e-001 -1.764565e-001
-1.278634e+001 -2.214068e+000 -9.430337e+000 -6.386865e+000  4.357518e+000  8.890195e-001  6.169361e-001  6.940159e+000 -6.561320e+000  1.107113e+001 -1.107971e+001 -2.261570e+000  4.007541e+001  3.047639e-001  8.397711e-001  4.718993e-001 -3.097626e-001 -1.007866e+000  2.967619e-001 -6.577641e-001 -4.979732e-002  6.619107e-001  2.201072e-001 -5.525583e-001  8.514003e-001 -9.457970e-002 -6.660821e-002 -2.905144e-001  7.087586e-002 -4.327481e-001 -9.766932e-002 -4.723678e-001 -1.752783e-001 -6.560543e-001  5.740666e-001  2.000064e-001  3.305077e-001  8.744022e-002 -2.157159e-001
-1.259173e+001 -1.130457e+000 -1.004405e+001 -8.183795e+000 -1.514421e+000 -1.445941e+000 -1.144606e+000  2.615008e+000 -3.399355e+000  1.330055e+001 -8.830836e+000 -1.113693e+000  3.954142e+001  2.496195e-002  1.374457e-001  8.639019e-001 -8.634851e-001 -1.174525e+000 -6.628084e-001 -5.618280e-003 -7.007949e-001  8.885337e-001  8.892444e-001 -5.333679e-001  3.291197e-001 -5.524845e-001 -1.188222e-001 -3.869640e-001  3.546200e-001 -2.199298e-001 -4.403163e-002  1.063286e-001  2.161185e-001 -4.572326e-001  2.364069e-001 -1.307692e-001  2.783927e-001 -3.318403e-001 -6.036842e-002
-1.138171e+001 -6.205557e-001 -6.706918e+000 -8.787587e+000 -2.437634e+000  8.039631e-001 -1.616464e+000  4.910512e+000 -4.324471e+000  8.536956e+000 -1.318406e+001 -1.606467e+000  3.986258e+001 -2.683291e-001 -7.768980e-002  1.050479e+000 -4.812958e-001 -1.124414e+000  8.571801e-001  6.422265e-001 -1.068393e+000  1.632136e+000  1.292997e+000  3.309171e-001 -1.004725e-001 -5.995914e-001 -4.836411e-001 -5.875387e-001  6.835144e-001 -4.076945e-002 -1.166029e-001  3.100635e-001  3.586534e-001 -2.803638e-001  1.158116e-001 -4.250872e-001  7.609373e-001 -5.406181e-001  3.008128e-001
-1.414226e+001 -1.126082e+000 -5.882230e+000 -8.539787e+000 -2.403991e+000 -5.314279e-001  2.805087e-001  5.393853e+000 -1.961564e+000  1.465638e+001 -1.470703e+001 -3.772547e+000  3.765833e+001 -3.810815e-001 -7.643320e-001  1.996282e+000 -4.555967e-001 -1.002749e+000  1.497962e+000  5.245974e-001 -1.159290e+000  8.538940e-001 -3.597880e-001  1.021079e+000 -7.578593e-001 -2.607841e-002 -8.524773e-001 -4.505180e-001  1.066583e+000 -8.624694e-002 -2.718415e-001  4.661615e-001  2.936101e-002 -2.868292e-001 -1.272551e-002 -1.057126e+000  1.051674e+000 -3.191646e-001  7.985781e-001
