34 39
-1.941933e+001  2.989759e+000 -1.239476e+000  8.766061e-001 -6.433903e+000  8.614532e-001  2.690548e+000  5.266079e-001  5.663555e+000  5.418485e+000 -2.926208e+000 -5.723938e+000  3.160785e+001 -3.518923e+000 -3.565778e-001  8.478918e-001  4.226144e+000  3.389776e+000  2.150941e+000  4.241701e+000  1.227258e+000 -2.732491e+000 -5.140697e+000 -5.158201e+000 -4.553423e+000  1.785679e-001  3.552096e-001 -8.473177e-003  1.162557e+000 -1.789936e+000  8.679123e-002 -9.348836e-001 -9.419074e-001 -9.609900e-001 -2.252445e-002 -5.655324e-001  4.968935e-001  1.799218e+000  8.299446e-001
-2.336334e+001  2.767245e+000 -2.108431e+000  7.338597e+000 -3.513870e+000 -1.668247e+000  4.336478e+000 -1.582272e+000 -3.934665e+000 -5.747376e-001 -6.438757e+000 -7.946585e+000  3.284229e+001 -2.544559e+000  2.956574e-002  6.564404e-001  2.321896e+000  2.717137e+000  4.931267e-001  3.130823e+000  1.730746e+000 -3.281890e+000 -4.351865e+000 -2.088051e+000 -1.535582e+000  3.932449e-001  1.208703e+000 -3.916226e-001  2.312436e-001 -1.925680e+000 -1.095224e+000 -1.087364e+000 -9.932421e-001 -1.939502e-001  7.727350e-001  9.078305e-001  1.739801e+000  2.392656e+000  5.777655e-001
-2.429107e+001  6.939979e-001 -7.110142e-001  2.210781e+000 -1.439641e+000 -4.280730e+000  8.998206e+000  5.697195e+000 -3.705383e+000 -7.204451e+000 -7.984066e+000 -7.715692e+000  3.345539e+001 -5.985729e-001 -1.017100e+000  7.676077e-001 -6.051473e-001  2.815205e+000 -5.763434e-001  2.746517e+000  1.264391e+000 -1.652689e+000 -1.627233e+000  4.895968e-001  1.215832e+000  6.669136e-001  1.581202e+000 -5.106410e-001 -7.387406e-002 -1.347744e+000 -1.832804e+000 -5.399374e-001 -8.796706e-001 -4.604252e-001  7.963367e-001  1.293019e+000  1.481799e+000  2.312031e+000  3.704210e-001
-2.497653e+001  3.057101e+000  2.029057e+000  3.798414e+000  6.669924e-001 -2.894539e+000  1.151763e+001  6.337487e+000 -4.105846e+000 -4.400840e+000 -9.877787e-001 -3.871668e+000  3.360992e+001  1.033143e+000 -2.139572e+000  7.260988e-001 -2.170978e+000 -1.540974e+000 -1.245984e+000  1.690422e+000  8.077525e-001 -1.093399e-001 -4.015032e-001  1.025102e+000  3.338118e+000  2.179745e+000  1.757205e+000 -7.160066e-001 -3.499077e-001 -7.172112e-001 -1.792903e+000  8.763952e-002 -1.204241e+000 -7.286038e-001  7.139982e-001  7.165569e-001  1.868571e-001  1.243922e+000  4.998868e-001
-2.160560e+001 -2.240669e+000  5.298181e-001 -3.790391e-001  5.551691e+000 -1.407118e+000  1.283256e+001  2.888683e+000 -2.514298e+000 -8.046307e-001 -3.203713e+000 -1.682234e+000  3.455861e+001  2.598235e+000 -1.825214e+000  4.436923e-001 -2.661409e-001 -3.645191e+000  3.208099e-001  5.635482e-001 -6.133711e-001 -3.370820e-001 -6.507818e-001  6.942175e-001  4.569880e+000  1.137423e+000  1.335221e+000 -6.498488e-001 -5.289131e-001 -2.948253e-001 -8.519222e-001  3.103954e-001 -1.287449e+000 -6.066164e-001  1.923075e-001 -8.013675e-002 -6.303530e-001 -2.664993e-002  1.207919e+000
-1.954035e+001 -6.463280e+000  9.016465e-001 -2.221382e+000 -1.471441e+001 -9.334973e+000  1.087141e+001  3.860747e+000 -5.076907e+000 -5.782164e+000 -3.703425e+000  5.727273e+000  4.318941e+001  4.643061e+000 -3.146410e+000 -9.311405e-001 -1.433664e+000 -3.017180e+000  4.827477e-001 -1.798900e+000 -9.733926e-001 -3.697023e-001 -1.257306e+000 -1.256076e+000  3.007005e+000  2.657424e+000  4.131424e-001 -5.707295e-001 -6.171041e-001 -6.226695e-001  1.227800e+000  2.963798e-001 -8.974093e-001 -4.401402e-001 -1.024346e-001 -3.980848e-001 -9.309961e-001 -1.301620e+000  1.884320e+000
-1.401798e+001 -3.671883e+000  2.071153e+000  3.889974e+000 -1.197490e+001  5.435365e-001  1.213906e+001  3.868709e+000 -4.905262e+000 -9.767698e+000 -3.155155e+000  1.033423e+001  3.435276e+001  4.272573e+000 -3.762925e+000 -1.048338e+000 -2.447931e+000 -7.063025e-001  1.112676e-001 -1.946069e+000 -8.781189e-001 -5.609702e-001 -1.600016e+000 -1.521579e+000  1.248139e+000  6.467667e+000 -7.296509e-001 -5.538936e-001 -4.847370e-001 -1.246503e+000  1.650319e+000 -5.064549e-001 -4.448109e-001 -5.621731e-002 -2.620195e-001 -3.526866e-001 -9.110274e-001 -1.741836e+000  2.508042e+000
-5.555037e+000 -1.195934e+001 -3.397313e+000 -5.504412e+000 -5.655617e+000 -1.456127e+000  2.869882e+000  9.805105e-001 -4.758875e+000 -6.205837e+000 -7.292435e+000  5.155125e+000  4.699996e+001  2.261686e+000 -4.024364e+000 -1.613406e+000 -4.193430e+000  3.128581e+000  3.406862e-001 -1.541816e+000 -1.260575e+000 -5.095688e-001 -1.917310e+000 -2.521981e+000 -1.509113e+000  8.936221e+000 -1.509705e+000  1.608987e-001  5.688476e-003 -5.053219e-001  8.262951e-001 -6.824937e-001  2.182492e-001  2.957561e-001 -3.507011e-001 -3.789836e-001 -5.481819e-001 -1.041374e+000  1.096455e+000
-7.235394e+000 -1.830726e+001 -2.562394e+000 -1.097718e+001 -2.509217e+000 -4.790203e+000  7.102975e+000 -6.179390e-002 -5.478166e+000 -8.592873e+000 -9.017105e+000  4.844534e+000  6.499167e+001  1.406683e-001 -4.155705e+000 -1.638860e+000 -5.118773e+000  1.533522e+000 -2.140434e+000 -1.789048e+000 -7.508667e-001 -1.577246e+000 -2.084213e+000 -3.227967e+000 -1.881243e+000  1.053824e+001 -1.084127e+000  8.363402e-001  1.255347e-001  5.086829e-001 -2.961207e-001 -3.761591e-001 -6.384047e-002  7.256503e-001 -3.314479e-001 -7.102285e-002 -3.601868e-001 -2.005701e-001 -1.287103e+000
-1.162321e+001 -1.926741e+001 -4.848612e+000 -1.575496e+001 -3.804342e+000 -4.964673e+000  5.680371e+000 -4.768748e-001 -7.338299e+000 -1.595613e+001 -1.338235e+001  9.265603e-001  7.255106e+001 -8.395098e-001 -2.145526e+000 -6.074375e-001 -2.624852e+000 -5.617046e-003 -1.803870e+000 -7.861640e-001  4.417616e-001 -1.615070e+000 -2.910125e+000 -3.143791e+000 -6.351743e-001  6.104413e+000 -1.000055e-001  1.162415e+000  2.656482e-001  1.351476e+000 -8.294116e-001  6.234077e-002 -3.110893e-001  8.577337e-001  1.147876e-002  4.461214e-001  2.157871e-001  4.733762e-001 -2.804438e+000
-1.028055e+001 -2.079638e+001 -5.397497e+000 -1.657862e+001 -5.232922e+000 -8.404361e+000  1.788572e+000  8.430683e-001 -1.150178e+001 -1.531361e+001 -1.625003e+001  3.042304e+000  7.426839e+001  4.025382e-001 -5.206426e-001 -9.236495e-001 -6.888053e-001 -6.198070e-001 -6.972499e-001 -2.643097e+000  1.898965e+000 -1.665459e+000 -1.458722e+000 -3.011608e+000 -1.916807e-001  1.448057e+000  4.873109e-001  1.018052e+000  1.388425e-001  1.280598e+000 -2.450463e-001  6.276951e-001 -2.364200e-001  2.908467e-001  5.674722e-001  6.064019e-001  6.384377e-001  1.646851e-001 -2.931579e+000
-8.230010e+000 -2.144242e+001 -5.016949e+000 -1.582795e+001 -4.321849e+000 -8.668399e+000  1.596263e+000  2.736888e+000 -9.822416e+000 -1.739609e+001 -1.939493e+001  2.880369e+000  7.288367e+001  1.630723e+000 -2.981872e-002 -6.427705e-001  3.489653e-001  5.818763e-002 -6.920195e-002 -2.670238e+000  1.703179e+000 -4.080684e-001  5.517006e-004 -1.551224e+000  1.298763e-002 -5.408806e-001  5.098067e-001  3.819149e-001 -8.127441e-002  5.344130e-001  9.927883e-002  5.271105e-001 -1.069886e-001 -4.919565e-001  8.595508e-001  6.574758e-001  7.911010e-001 -2.818475e-001 -1.556811e+000
-6.919305e+000 -1.982297e+001 -7.096473e+000 -1.438471e+001 -5.349498e+000 -6.424589e+000 -4.070457e+000  7.826148e+000 -1.256340e+001 -1.516650e+001 -2.106886e+001  2.909227e+000  7.206565e+001  1.342106e+000 -1.232969e-001 -9.269808e-001 -2.026937e-001  2.763886e-001  1.307074e-001 -2.029111e+000  7.265833e-002  6.566141e-001 -5.075415e-001 -8.320614e-001 -1.381898e+000 -7.970123e-001  5.568191e-002 -1.315066e-001  7.579353e-002  2.043367e-002  2.240337e-001  2.371676e-001  4.938028e-001 -1.004216e+000  1.079296e+000  2.218312e-001  5.898257e-001 -3.772196e-001 -3.291124e-001
-5.150218e+000 -1.990321e+001 -7.212976e+000 -1.510709e+001 -3.455116e+000 -6.300568e+000 -4.741304e+000  4.547478e+000 -8.847830e+000 -1.602693e+001 -1.872906e+001  1.058037e+000  7.094803e+001  1.239740e+000 -4.346245e-001 -1.012144e+000 -1.958429e-001  4.267926e-002  4.177038e-001 -1.628100e+000 -1.104868e+000  1.521648e+000 -9.833717e-002 -2.780592e-001 -1.449303e+000 -5.571068e-001 -2.420231e-001 -1.621632e-001  1.567824e-001 -2.814271e-002  1.352185e-001  2.136260e-001  5.111138e-001 -5.230439e-001  8.767322e-001  4.560845e-002  1.728048e-001 -1.959195e-001  1.722465e-001
-5.109912e+000 -2.218246e+001 -8.934387e+000 -1.795252e+001 -4.284346e+000 -8.934739e+000 -5.188198e+000  3.010649e-001 -8.706004e+000 -1.853591e+001 -2.074327e+001 -2.956021e+000  7.125114e+001  8.764396e-001 -9.757729e-001 -3.599951e-001 -3.142328e-001  5.081158e-001  2.451353e-001 -6.951523e-001 -1.718093e+000  2.766164e+000 -3.001221e-001 -6.990616e-001 -1.346633e+000 -1.893921e-001 -1.987654e-001  8.746453e-002  3.162946e-001  1.589055e-001  1.748315e-001  3.232614e-001  2.901103e-001  3.538936e-001  4.263529e-001  3.640292e-001  6.306994e-003  2.053739e-001  2.039361e-001
-2.936007e+000 -2.243579e+001 -9.158711e+000 -1.502326e+001 -4.641029e+000 -5.324805e+000 -5.985369e+000  9.750906e-001 -4.142877e+000 -1.620308e+001 -2.094802e+001 -1.433524e+000  7.050539e+001  6.534411e-001 -4.143967e-001 -1.423512e-001  2.640213e-001  6.184164e-001  9.417139e-001 -7.816483e-001 -1.666511e-002  2.920817e+000  1.248842e-001 -7.537004e-001 -9.842420e-001  1.654205e-002 -2.055922e-001  2.815846e-001  3.177834e-001 -1.446442e-001  2.222978e-001  8.398601e-002  1.135623e-001  6.550082e-001 -2.140636e-001  4.131009e-001 -5.241041e-002  1.021958e-001  1.016895e-001
-3.644212e+000 -2.343554e+001 -7.923581e+000 -1.599779e+001 -2.215962e+000 -5.686794e+000 -6.924187e+000  1.021875e+000 -1.085059e+000 -1.657904e+001 -2.345469e+001 -2.578160e+000  7.134001e+001  6.414284e-001  3.039118e-001  2.195959e-001  3.619017e-001  8.626776e-001  1.485009e+000 -1.001785e+000  1.298025e+000  2.088794e+000  1.200994e+000 -5.627058e-001 -5.875593e-001 -6.415634e-002 -1.131456e-001  4.202120e-001  1.578515e-001 -4.209124e-001  1.270394e-001 -1.509257e-001  1.048902e-002  4.637473e-001 -6.424322e-001  5.909567e-001  1.159547e-001 -2.714131e-002 -2.691765e-002
-2.615862e+000 -2.134865e+001 -8.430135e+000 -1.476435e+001 -1.397225e+000 -3.215971e+000 -7.781551e+000  4.103747e+000  1.945784e+000 -1.638094e+001 -2.114186e+001 -4.052104e+000  7.098631e+001  3.292846e-001  3.334562e-001  2.869777e-001 -1.257131e+000  9.768873e-001  2.176970e-001 -9.069722e-001  6.621141e-001  7.900151e-001  1.216609e+000 -6.082891e-001 -1.317861e+000 -1.112770e-001 -1.039702e-001  2.999098e-001  1.520227e-002 -6.360313e-001  6.180495e-002 -5.638783e-001  3.723302e-002 -2.901093e-001 -4.994092e-001  5.572671e-001  8.585285e-002 -2.135528e-001 -7.881004e-002
-2.062843e+000 -2.120648e+001 -8.200696e+000 -1.627247e+001 -1.592859e+000 -2.564111e+000 -9.299033e+000  5.226863e+000 -1.306365e+000 -1.244201e+001 -2.345988e+001 -4.584527e+000  7.068990e+001  4.727898e-001  7.513607e-001  2.145981e-001 -1.658219e+000  9.640774e-001 -1.474846e-001 -5.800452e-001  2.612537e-001  6.194043e-001  2.108799e+000 -1.919939e-001 -1.315530e+000 -2.600708e-001 -7.119626e-002  3.363402e-001 -1.398591e-001 -3.998217e-001  3.952530e-002 -6.262370e-001  6.160101e-002 -6.951180e-001  9.935198e-002  4.478616e-001  2.158612e-001 -2.330087e-001 -9.963500e-002
-2.080268e+000 -2.188305e+001 -7.585266e+000 -2.117157e+001 -6.814411e-002 -5.797662e+000 -9.332807e+000  2.183167e+000 -8.214836e-002 -1.218855e+001 -2.398687e+001 -7.019646e+000  7.027406e+001  2.179096e-001  8.614281e-001 -6.384091e-002 -1.906075e+000  8.767412e-001 -1.061431e+000 -8.063532e-001 -9.488260e-001  1.158466e+000  2.457317e+000 -5.097921e-001 -1.688020e+000 -2.795509e-001  3.793216e-002  5.063825e-001 -2.050370e-001  1.542311e-001 -6.790809e-002 -1.140276e-001  6.071346e-002 -6.086255e-001  2.315788e-001  4.507042e-001  5.556979e-001  1.460064e-001 -1.522436e-001
-1.548060e+000 -1.941154e+001 -7.273025e+000 -2.108527e+001  1.939884e+000 -5.133372e+000 -9.048785e+000  3.288433e+000  3.025928e+000 -8.131238e+000 -2.299215e+001 -7.672041e+000  7.039578e+001  3.411345e-001  1.721627e+000 -3.042904e-001 -1.312735e+000  1.110377e+000 -1.006612e+000 -7.440897e-001 -1.372095e+000  2.401328e+000  2.819948e+000  4.673517e-001 -1.567523e+000 -4.781944e-001  6.042742e-002  3.203620e-001 -3.151773e-001  1.188042e-001 -2.707216e-001  2.120173e-001 -1.405096e-001 -7.908223e-001 -5.370231e-001  8.797393e-002  7.972655e-001  3.771148e-001 -2.335864e-001
-1.783705e+000 -1.793898e+001 -9.213175e+000 -2.188832e+001  1.220109e+000 -7.238495e+000 -1.193844e+001  3.288325e-001  5.571969e+000 -6.249737e+000 -2.392468e+001 -1.094845e+001  6.973561e+001  5.847731e-001  2.380235e+000 -4.787628e-001 -6.587173e-001  5.641970e-001  7.712249e-002 -5.213827e-001 -1.564339e+000  1.056947e+000  3.114556e+000  1.840528e+000 -4.618327e-001 -7.634331e-001  1.110017e-001  5.215334e-002 -3.352649e-001 -1.174734e-001 -3.126310e-001  5.309749e-001 -2.188603e-001 -7.897573e-001 -1.481285e+000 -1.460522e-001  9.397983e-001  6.751656e-001 -2.772691e-001
-5.054517e-001 -1.457037e+001 -8.908194e+000 -2.247777e+001  3.314900e+000 -6.876754e+000 -1.171666e+001 -7.064445e-001  7.873217e+000 -1.311672e+000 -2.115421e+001 -1.045774e+001  6.856815e+001  5.914952e-001  1.593767e+000 -1.153827e+000 -1.687877e+000 -2.332582e-001  3.433252e-001 -1.425078e+000 -3.385101e+000 -2.014952e+000  2.220049e+000  2.619174e+000 -4.305034e-002 -1.186062e+000 -2.247114e-002 -3.366609e-001 -3.235119e-001 -4.133856e-001 -4.308901e-001  2.656919e-001 -2.423782e-001 -6.733309e-001 -1.878954e+000 -5.800753e-001  4.310963e-001  7.678761e-001 -2.113410e-001
 3.222931e-001 -1.240245e+001 -9.161495e+000 -2.376891e+001  2.065333e+000 -4.540358e+000 -1.060578e+001 -3.641091e+000  2.778944e+000 -2.555210e-002 -1.570320e+001 -7.935958e+000  6.737070e+001  6.477378e-001  1.186125e+000 -1.315397e+000 -2.305871e+000 -1.459617e-002  9.184752e-001 -1.560160e+000 -3.891109e+000 -4.039817e+000  2.027005e+000  3.113288e+000  9.255710e-001 -1.311963e+000 -1.977967e-001 -3.836562e-001 -1.002559e-001 -3.306644e-001 -3.180112e-001 -1.880428e-001  2.618519e-002 -9.631825e-003 -1.013703e+000 -8.129514e-001 -2.988470e-001  7.694365e-001 -6.704223e-002
 3.564167e-001 -1.421097e+001 -1.306800e+001 -2.858436e+001  3.509811e-001 -4.765814e+000 -1.684051e+001 -1.165211e+001 -5.652318e+000 -1.430839e-001 -1.400702e+001 -9.393538e+000  6.564793e+001  1.972965e-001  6.353777e-001 -1.503533e+000 -2.556086e+000 -7.546768e-001 -9.882865e-002 -1.436592e+000 -3.575364e+000 -4.445058e+000  4.633463e-001  1.986453e+000  1.578155e+000 -1.260635e+000 -2.195836e-001  1.885008e-002  3.642227e-001  2.488687e-001 -1.128340e-001 -2.518952e-001  7.722133e-001  1.126569e+000  4.116820e-001 -5.888687e-001 -6.518987e-001  1.012166e+000  1.002100e-001
 1.024050e+000 -1.218806e+001 -1.371025e+001 -3.036439e+001  2.629088e+000 -3.701590e+000 -1.717732e+001 -1.365388e+001 -7.864350e+000  3.300995e+000 -1.193183e+001 -6.852696e+000  6.463591e+001 -2.071110e-001  9.411491e-001 -8.051894e-001 -1.877934e+000 -7.651498e-001 -6.420147e-001 -3.847000e-001 -1.517367e+000 -2.796515e+000 -7.184967e-002  6.626530e-001  2.574747e+000 -1.061358e+000 -1.012957e-001  1.623398e-001  6.171162e-001  5.971379e-001 -4.349764e-002 -6.369381e-002  1.065619e+000  1.472639e+000  1.267722e+000 -2.684841e-001 -5.815507e-001  9.905640e-001  1.225412e-001
 1.301524e-001 -1.150068e+001 -1.415148e+001 -3.196046e+001 -7.403615e-001 -7.790282e+000 -1.561385e+001 -1.357687e+001 -9.030426e+000 -6.582139e-001 -1.310763e+001 -3.108597e+000  6.363238e+001 -7.899846e-002  1.810505e+000  4.121823e-001 -6.575016e-001 -4.221513e-001 -1.359058e-001  1.848258e+000  1.060874e+000 -5.781933e-001  3.251334e-001  5.849980e-001  4.193189e+000 -8.103145e-001  1.432728e-001  3.279228e-001  3.967674e-001  8.873072e-001  1.950142e-001  6.594923e-001  7.734031e-001  1.119078e+000  1.412985e+000  3.282830e-001  6.144715e-002  5.436670e-001 -1.367580e-001
-6.001298e-001 -9.051850e+000 -1.264570e+001 -3.147053e+001 -1.214745e+000 -6.238198e+000 -1.314261e+001 -1.026554e+001 -9.514579e+000 -1.272355e-001 -1.283963e+001  1.795306e+000  6.307169e+001  2.794068e-001  1.410260e+000  8.123264e-001 -2.694740e-001 -3.983471e-001  6.185447e-001  2.125511e+000  1.153965e+000  3.653591e-001  7.536911e-001  9.062622e-001  4.570874e+000 -9.244171e-001  3.369981e-001  2.022813e-001 -2.878771e-001  1.015462e+000  1.153865e-001  1.134282e+000  8.656959e-002  1.490823e-001  1.269514e+000  5.587205e-001  6.248972e-001 -5.406390e-001 -6.220734e-001
 7.735142e-001 -6.726546e+000 -1.153937e+001 -3.131879e+001  1.621413e-001 -4.177039e+000 -9.616574e+000 -8.041906e+000 -7.718171e+000  3.196699e+000 -1.062814e+001  7.248405e+000  6.237846e+001  6.704013e-001  2.040436e+000 -3.284539e-001  1.076220e+000  3.699285e-002  2.568353e+000  1.175318e+000  6.843594e-001  1.038930e+000  1.691991e+000  2.171884e+000  3.298427e+000 -2.012895e+000  4.583082e-002 -1.017648e-001 -7.999491e-001  1.462323e+000  2.655643e-002  9.846288e-001 -3.593621e-001 -4.331295e-001  1.456341e+000  8.456875e-001  7.800249e-001 -2.121216e+000 -1.265185e+000
 2.099403e+000 -7.523826e+000 -1.095468e+001 -3.203259e+001  1.861008e-001 -2.415487e+000 -9.548405e+000 -1.065154e+001 -6.693683e+000  5.141994e+000 -8.640269e+000  1.082317e+001  6.064078e+001  1.103180e+000  1.837590e+000 -1.874257e+000  2.332514e+000 -4.177895e-001  3.677265e+000  3.846179e-001 -5.836978e-001  2.742493e+000  2.038324e+000  2.993696e+000  3.189335e-001 -3.570435e+000 -6.195237e-001 -2.634454e-001 -7.011477e-001  1.893924e+000  1.118658e-001  3.427756e-001 -1.254642e-001  1.271164e-001  1.543809e+000  5.246513e-001  2.456304e-001 -3.302201e+000 -1.570629e+000
 2.132393e+000 -2.062515e+000 -1.663926e+001 -2.629833e+001 -1.255820e+000  3.140127e+000 -1.153436e+001 -9.962079e+000 -5.246223e+000  5.167124e+000 -4.347891e+000  8.869602e+000  5.478336e+001 -2.617307e-001  1.088016e+000 -2.244272e+000  5.353118e+000 -2.796480e-001  3.257878e+000  9.218940e-001 -2.359413e-001  5.514946e+000  3.911254e+000  3.441406e+000 -4.286920e+000 -5.813231e+000 -1.344404e+000 -5.778877e-001  5.708947e-001  1.694980e+000  2.856062e-001 -7.156947e-001  5.138637e-001  9.047632e-001  7.447277e-001 -4.320481e-001 -1.187910e+000 -2.831620e+000 -1.191957e+000
 4.236329e+000 -2.195915e+000 -1.946704e+001 -2.231819e+001 -2.594712e+000  8.489542e+000 -1.026062e+001 -1.222395e+001  2.961914e+000  9.079172e+000 -1.011271e+000  2.579375e+000  4.901707e+001 -2.352146e+000  5.692429e-001 -1.735503e+000  7.061695e+000  3.193025e-001  1.987660e+000  1.624902e+000  2.249698e+000  5.846395e+000  2.267316e+000  1.499653e+000 -8.147457e+000 -6.877394e+000 -1.696285e+000 -3.256539e-001  1.910471e+000  9.437146e-001  5.469656e-001 -1.141228e+000  8.621798e-001  1.425055e+000 -1.015164e+000 -1.779316e+000 -2.010629e+000 -7.685825e-001 -3.262880e-001
-1.603603e+000 -3.950420e+000 -1.850455e+001 -9.410399e+000  1.543078e-001  6.659837e+000 -4.650995e+000 -8.435408e+000  1.502876e+001  2.078438e+001  2.764391e+000 -1.006430e+001  3.912416e+001 -4.323955e+000 -2.148283e-001  2.456643e+000  7.186528e+000  1.096478e+000 -1.653181e-001  3.124495e+000  3.791477e+000  3.210618e+000 -5.827457e-001 -3.020643e+000 -6.626475e+000 -6.319200e+000 -1.074924e+000  1.428023e-001  2.290369e+000 -4.142954e-001  4.319608e-001 -8.329724e-001  7.579666e-001  1.051440e+000 -2.489635e+000 -2.654915e+000 -1.724994e+000  1.726059e+000  8.094345e-001
-7.793328e+000 -3.733658e+000 -1.869955e+001 -5.168083e+000  1.077549e+000  5.762958e+000 -4.865578e+000 -1.663827e-001  1.240080e+001  8.669945e+000 -4.698145e+000 -2.044716e+001  3.408341e+001 -5.347134e+000  8.607430e-001  5.327640e+000  6.134382e+000  1.628976e+000 -3.172795e-001  3.594217e+000  4.527870e+000 -1.181165e+000 -4.611255e+000 -3.828423e+000 -2.354201e+000 -4.948891e+000  3.065462e-002  3.551677e-001  1.574463e+000 -1.291554e+000  2.098020e-001 -4.134748e-001 -5.238807e-002 -2.981399e-001 -2.179684e+000 -1.600996e+000  1.217816e-001  3.055550e+000  1.475262e+000
