52 39
-1.049365e+001  2.945036e-001 -3.847993e+000  1.078360e+000 -1.351359e+000  4.201513e-002  6.948616e+000  2.477567e+000 -4.542718e-003 -4.705419e+000  2.572322e+000  3.291437e+000  3.191874e+001  1.312817e+000 -3.396019e+000 -4.087095e-001 -6.058007e-001 -2.495667e+000 -1.164191e+000  6.954458e-001 -1.820347e+000 -1.147910e+000 -5.768449e-001  2.625967e-001  1.210551e+000  2.829449e+000 -1.126636e+000 -8.151352e-001  8.627834e-001 -1.889137e-001  3.682106e-001  3.293125e-001 -3.188673e-001 -8.450676e-002  4.084793e-001  3.631856e-001 -2.975435e-001 -1.083351e+000  5.537239e-001
-9.147990e+000 -7.018204e+000 -4.218982e+000  3.998297e+000 -2.356971e+000 -7.350099e-001  4.354217e+000 -3.311542e+000 -9.471231e+000 -6.267586e+000  9.219358e-001  4.685024e+000  3.577197e+001 -7.430838e-001 -4.176085e+000  5.580974e-001 -1.236960e+000 -1.145470e+000 -5.116794e-001 -4.430670e-001 -2.464895e+000 -1.225106e+000 -9.087378e-001 -7.432155e-001  5.521741e-001  3.134062e+000 -1.445258e+000 -8.901834e-004  7.725434e-001 -3.192390e-001  5.040152e-001  5.355276e-001 -1.218874e-001  5.655195e-001  1.047198e+000  7.348250e-001 -8.434601e-002 -1.418330e+000  9.410091e-002
-1.105484e+001 -1.086360e+001  1.972164e+000  2.598186e+000 -5.819378e+000 -6.793253e-001  2.144330e+000 -1.668419e+000 -1.502568e+000 -4.527452e+000  2.490986e-001 -8.934820e-001  4.010046e+001 -2.511492e+000 -3.352363e+000  1.247290e+000 -1.676890e+000 -1.765806e-001 -9.231102e-002 -2.536406e-001 -1.503503e-001  1.264218e+000  8.392254e-001 -1.342909e+000 -2.050520e+000  3.054045e+000 -1.179552e+000  6.945850e-001  2.378392e-002  1.068301e-001  6.630703e-001  6.321041e-001  1.869836e-002  1.001165e+000  7.391778e-001  6.732255e-001  2.922586e-001 -7.238676e-001 -4.215958e-001
-1.669254e+001 -1.317798e+001 -5.855576e-001 -5.305193e+000 -2.833789e+000  2.190461e-001  3.259528e+000 -1.964929e+000  5.071036e-001 -6.014307e+000 -2.347991e+000  3.047547e+000  4.203631e+001 -3.370857e+000 -2.133275e+000  8.805158e-001 -1.608078e+000  1.923764e-002  9.273245e-001  1.217489e+000  1.125192e+000  1.912480e+000  1.401217e+000 -8.538724e-002 -2.554167e+000  2.129786e+000 -4.167734e-001  1.052334e+000 -1.620914e-001  7.580480e-001  2.183280e-001  1.790335e-001 -2.388639e-001  8.821959e-001  4.575484e-001  4.824068e-001  7.725876e-001 -1.081623e-001 -6.499130e-001
-1.927884e+001 -1.338742e+001  5.717460e-001 -2.654346e+000 -1.995853e+000 -8.965680e-001  6.227757e+000  1.052509e+000  1.327380e+000 -6.359314e-001 -2.507259e+000 -6.142424e+000  4.405680e+001 -3.271058e+000 -9.444991e-001 -4.509991e-001  1.139093e-001  2.373313e-001  1.276828e+000 -4.134033e-002  1.390432e+000  9.791856e-001  1.634305e+000  1.394976e+000 -8.556171e-001  1.223608e+000  1.789761e-001  9.982150e-001 -7.790278e-002  8.807508e-001 -4.049840e-002 -3.307687e-001 -6.414528e-001 -4.951262e-003 -2.704542e-001 -2.812947e-001  6.802751e-001  7.450936e-001 -6.830924e-001
-2.189027e+001 -1.642267e+001  8.838058e-001 -1.415829e+000 -4.172545e+000  4.010234e+000  8.399948e+000  9.539526e-001 -1.323805e+000 -1.207259e+000  1.873178e+000 -5.461339e+000  4.444274e+001 -2.447168e+000 -1.183486e-001  5.967848e-001  1.657881e+000 -2.607861e-001 -3.010813e-001 -1.743537e+000  1.175693e+000  1.205152e+000  1.105756e+000  1.750780e+000 -5.860887e-001  7.997158e-001  4.736876e-001  8.048246e-001  6.511731e-002  4.747864e-001 -7.544108e-002 -4.421863e-001 -6.780594e-001 -6.042005e-001 -6.031488e-001 -7.427047e-001  9.172200e-002  9.051812e-001 -5.327580e-001
-2.481126e+001 -1.396375e+001 -1.017513e+000  1.223050e+000 -3.963344e+000  3.809221e+000 -6.325814e-001  3.824300e+000  4.308814e+000  1.240549e+000  5.113392e+000 -9.171242e-001  4.501529e+001 -2.078455e+000  6.312490e-001  9.996419e-001  1.093884e+000 -2.390607e-001 -1.131952e+000 -1.980392e+000 -2.003572e-001  2.656111e-001 -4.195175e-001  1.140383e+000  6.909091e-001  3.036186e-001  6.159878e-001  5.995641e-001  2.100248e-001 -1.890594e-001 -5.510990e-002 -2.613431e-001  9.183993e-002 -7.799121e-001 -8.447170e-001 -8.020195e-001 -4.965156e-001  4.286506e-001 -3.659437e-001
-2.616217e+001 -1.348156e+001  3.192996e+000  1.045512e+000 -3.153975e+000 -3.639255e+000 -2.027986e+000  2.527640e+000  5.042146e+000 -1.423765e+000  2.595586e+000 -2.495546e+000  4.555564e+001 -1.598720e+000  1.102974e+000  4.807819e-001  2.758659e-001 -1.197718e-001 -7.921698e-002 -1.203282e+000 -1.100417e+000 -7.464763e-001 -1.285395e+000  5.005192e-001  1.198476e+000 -7.400932e-002  6.973181e-001  5.195674e-001 -2.426529e-001 -5.051550e-001  8.743095e-002  4.492629e-001  4.919280e-001 -5.047659e-001 -8.613054e-001 -2.613195e-001 -6.054302e-001  6.554741e-002 -3.060154e-001
-2.753517e+001 -1.170173e+001  4.415360e+000  1.584405e+000 -3.700442e+000 -2.731582e+000  1.539765e+000 -7.361211e-001 -5.275406e-001 -2.625266e+000  2.833451e+000 -4.170775e+000  4.501844e+001 -6.153429e-001  1.442660e+000  6.571265e-001 -1.403802e-001 -1.087253e-001 -1.408194e-001  1.477321e-001 -1.371074e+000 -2.268585e+000 -1.180217e+000 -4.624718e-001  3.953535e-001 -1.692482e-001  7.629586e-001  3.397118e-001 -3.141633e-001 -4.052337e-001  1.580607e-002  4.023772e-001  2.401721e-001  1.023682e-001  3.418269e-002  5.524849e-001 -4.292862e-001 -1.789932e-001 -2.404365e-001
-2.852192e+001 -1.203881e+001  5.712782e-001 -2.171771e-001 -4.902855e+000  6.884551e+000  1.297363e+000 -2.267920e+000 -2.638009e+000 -5.701325e+000  5.515744e+000  2.157867e+000  4.407112e+001  3.078665e-001  2.073782e+000 -4.452221e-001 -2.507622e-001  1.112009e-001  1.449667e+000 -3.479589e-001 -7.627783e-001 -1.834277e+000  1.795089e-001 -4.749433e-001 -1.105739e-001 -4.939278e-001  5.875301e-001  1.198637e-002 -1.715464e-001 -2.130131e-001 -1.275703e-001 -2.419529e-001 -1.148564e-001  3.097797e-001  8.437049e-001  9.219713e-001 -2.447101e-001 -3.971406e-001 -2.008972e-001
-2.670810e+001 -7.471826e+000  3.578979e+000  1.152494e+000 -3.632530e+000 -2.156779e+000 -1.556595e+000 -6.332902e-001 -3.194035e+000 -2.521758e+000  1.340953e+000 -1.267063e+000  4.491131e+001  7.830445e-001  1.844404e+000 -1.081727e-001 -6.689698e-001 -2.755167e-001  1.154921e-001 -1.207193e+000  1.426649e-001  9.804249e-001  1.610455e+000 -5.183169e-001  4.504682e-001 -6.886047e-001  2.500976e-001 -4.595520e-001 -2.730287e-001 -1.350381e-002 -2.318960e-002 -3.152847e-002 -8.124271e-002  1.635160e-001  1.268928e+000  5.817429e-001  1.713324e-001 -2.142334e-002 -1.095256e-001
-2.503637e+001 -5.227601e+000  1.385076e+000  7.656426e-003 -2.631926e+000  3.321679e+000 -2.219600e+000 -1.337667e+000 -2.795992e+000 -5.779745e-001  9.671178e-001 -4.500271e+000  4.313957e+001  6.397373e-001  9.620339e-001  5.699468e-003 -5.249050e-001 -6.742274e-001 -1.417137e+000 -1.100102e+000 -3.083875e-001  1.847543e+000  1.929125e+000 -6.951087e-001 -8.147838e-001 -8.188171e-001  1.720854e-001 -6.732690e-001 -1.638926e-002  1.109568e-001 -3.092413e-002 -6.862095e-001  1.734855e-001 -1.382324e-001  6.407403e-001 -1.641714e-001  1.294043e-001  3.291277e-001  3.598441e-001
-2.536272e+001 -5.885321e+000  3.467598e+000 -1.872860e+000 -6.213490e+000 -3.726853e-001 -2.737717e+000 -4.879231e-001  4.453576e+000  2.865334e+000  2.516180e+000  1.410635e+000  4.204119e+001  4.692097e-001 -2.992255e-001 -9.334777e-001 -7.082787e-002  1.680408e-001  1.134940e+000  1.175901e-001 -7.806897e-001  2.235146e+000  8.536891e-001  5.042729e-001  6.403418e-001 -5.544316e-001  1.150696e+000 -7.372522e-001 -4.955904e-001 -2.019057e-001  1.904924e-001 -5.851227e-001 -3.027954e-002 -3.347243e-001 -5.104822e-001 -8.338531e-001 -6.424144e-001 -7.623731e-002  1.295226e+000
-2.599592e+001 -8.021894e+000  6.554657e-001 -1.329025e+000 -6.983511e+000 -1.093182e+000 -3.612586e+000 -3.882541e+000  2.775900e+000  1.250755e+000  1.452588e+000 -3.254901e+000  4.141209e+001  1.325211e+000 -2.207481e-001 -1.145159e-001  4.950649e-003 -2.651985e-001 -2.491105e+000 -1.429226e-001 -9.922628e-001  7.420634e-001 -2.629648e-001 -3.392166e-001  1.440128e+000  1.238206e+000  2.084021e+000 -8.152449e-001 -7.794732e-001 -9.309266e-001  3.231701e-001 -4.513500e-001 -4.730046e-001  1.297578e-001 -1.006379e+000 -7.155117e-001 -1.708556e+000 -2.485019e-001  2.208032e+000
-2.388227e+001 -7.570807e+000 -7.236047e-001  1.466695e+000 -6.165332e-001  5.725353e+000 -2.721519e-001 -3.264302e+000  5.195750e+000  8.323230e-001  3.619583e+000  1.311960e+000  4.300289e+001  6.193789e+000 -1.250467e+000 -2.526017e+000 -1.943426e+000  4.724308e-001 -2.273138e+000 -1.837180e+000 -1.189019e+000 -1.019246e+000 -1.462765e+000 -3.908335e+000 -1.058174e+000  4.759013e+000  1.890981e+000 -9.393324e-001 -6.753061e-001 -1.400784e+000  3.487811e-001 -3.425817e-001 -6.519406e-001  5.480136e-001 -1.086676e+000 -2.866237e-001 -2.360110e+000 -5.845096e-001  2.367019e+000
-1.915054e+001 -5.488599e+000  2.908098e+000 -1.637368e+000 -6.756397e+000 -1.218286e+001 -4.166996e+000 -4.910791e+000  5.432379e-001 -8.762932e-001 -1.280667e+000  2.749704e+000  4.884975e+001  8.197551e+000 -2.638570e+000 -3.095397e+000 -4.243239e+000  7.894282e-001 -1.969848e+000 -2.487740e+000  5.445660e-001 -1.557157e+000 -4.902064e-001 -7.031583e+000 -1.208036e+000  7.564620e+000  2.001195e-001 -9.726573e-001 -5.446070e-001 -8.949585e-001  7.897745e-001  1.166499e+000 -9.758821e-002  6.879966e-001 -5.867847e-001 -3.001909e-002 -1.367504e+000 -2.034816e-001  1.390546e+000
 2.183527e+000 -1.340430e+001 -1.028880e+001 -1.143582e+001 -3.964894e+000 -6.193532e+000 -1.164641e+001 -5.918892e+000  4.736763e-001 -3.384967e+000 -1.565887e+001 -6.882538e+000  6.211743e+001  6.487946e+000 -3.786977e+000 -2.819567e+000 -4.950655e+000  1.384633e+000 -8.385963e-001 -1.969704e+000  1.190964e+000 -2.048626e+000 -4.658087e-001 -7.950096e+000 -9.581244e-001  8.117456e+000 -2.374435e+000 -3.005513e-001  5.216224e-001  4.037751e-001  7.484161e-001  1.307075e+000  6.841367e-001  3.896713e-001 -8.530833e-002  5.800234e-002  8.393257e-001  8.365537e-001 -3.589650e-001
 1.958927e+000 -1.829800e+001 -1.003892e+001 -1.609396e+001 -1.362190e+000 -4.982980e+000 -1.036416e+001  1.675849e-001 -2.648849e+000  9.083685e-001 -2.406610e+001 -5.197830e+000  6.967793e+001  2.178730e+000 -3.815780e+000 -2.690776e+000 -2.966227e+000  3.227573e+000  2.624122e+000 -5.646015e-001  1.257729e+000 -1.677170e+000 -9.115385e-001 -5.155854e+000  3.726946e-001  6.511716e+000 -3.064988e+000  3.722470e-001  9.166760e-001  1.416210e+000  4.472831e-001  9.365302e-001  5.585985e-001 -4.306430e-001  1.360218e-001 -2.436603e-001  2.437925e+000  8.052191e-001 -1.674183e+000
-1.997280e+000 -2.010099e+001 -8.347933e+000 -1.605828e+001  3.609528e+000 -2.067571e+000 -7.022094e+000  1.513281e-001 -3.451337e+000 -2.389051e+000 -2.473818e+001  4.951053e-001  7.317609e+001 -2.668979e+000 -2.164618e+000 -1.202158e-001 -5.630566e-001  2.995439e+000  1.965250e+000  6.219343e-001  4.027560e-001 -1.385781e+000 -9.620873e-001 -6.495706e-001  2.334229e+000  3.490640e+000 -2.079344e+000  7.358440e-001  8.180616e-001  1.480048e+000 -2.050437e-001  5.444438e-002 -1.843666e-001 -8.586822e-001  1.243453e-001 -1.507360e-001  2.616904e+000  1.418188e-001 -2.081738e+000
-6.166484e+000 -2.121915e+001 -1.151622e+001 -1.415727e+001  5.594256e+000 -1.125236e+000 -9.302163e+000 -1.657258e+000 -5.880105e+000 -5.931943e+000 -2.252028e+001  9.243551e-001  7.587900e+001 -2.548928e+000 -1.588514e+000  1.383071e-001  6.440126e-001  2.220441e+000  1.310880e+000 -9.905669e-001 -1.214545e+000 -1.208470e+000 -1.460369e+000  1.507779e+000  1.171883e+000  1.507115e+000 -4.151793e-001  8.408693e-001  6.677276e-001  9.639986e-001 -6.491120e-001 -6.798882e-001 -5.799384e-001 -6.211609e-001  2.128142e-001  2.245863e-001  1.841355e+000 -4.254440e-001 -1.694059e+000
-7.098660e+000 -2.276681e+001 -1.015123e+001 -1.521945e+001  7.534078e+000  1.703847e+000 -9.067738e+000 -2.992691e+000 -4.839602e+000 -4.775248e+000 -1.967963e+001  1.727516e+000  7.647009e+001 -1.544946e+000 -1.221390e+000 -1.438005e-001  6.444668e-001  8.629804e-001  9.024659e-002 -2.678555e+000 -1.866310e+000 -1.661249e+000 -9.450735e-001  1.802608e+000 -6.486246e-001  2.110641e-001  7.275269e-001  6.700245e-001  1.263573e-001  4.461988e-001 -6.037802e-001 -5.529868e-001 -5.392197e-001 -3.580962e-002  2.747914e-001  3.580258e-001  7.892159e-001 -6.673323e-001 -9.741951e-001
-8.235024e+000 -2.490766e+001 -8.445734e+000 -1.329332e+001  7.777740e+000 -3.142907e-001 -1.429417e+001 -4.333131e+000 -7.997068e+000 -5.200377e+000 -1.905648e+001  4.537939e-002  7.556650e+001 -4.591831e-001 -8.304729e-002  6.596550e-001  1.250004e+000  1.048242e+000  1.621824e-001 -1.814049e+000 -7.135428e-001 -4.753653e-001  2.028861e-001  2.824833e+000 -2.630985e-001 -3.187935e-001  7.010235e-001  6.269972e-001  1.106527e-001  9.305988e-002 -3.002862e-001 -2.738772e-001  3.200029e-001  5.757230e-001  5.301433e-001  4.080719e-001  3.587919e-001 -1.191661e-001 -4.059892e-001
-8.687739e+000 -2.436369e+001 -1.060218e+001 -1.326793e+001  6.832688e+000 -2.021811e+000 -1.791887e+001 -7.842286e+000 -1.069910e+001 -7.480202e+000 -1.745704e+001 -2.308530e+000  7.438766e+001 -7.621665e-002  4.327713e-001  2.508966e-001  1.364941e+000  5.626376e-001 -2.253354e-001 -1.662423e+000 -2.679322e-002 -3.783768e-001 -3.585553e-003  2.637982e+000 -2.849417e-001 -4.673813e-001  3.878869e-001  3.393064e-001  1.345726e-001 -1.875279e-001 -1.116053e-001 -1.217794e-001  7.761348e-001  6.563175e-001  5.644926e-001  8.903091e-002 -1.534152e-003  2.374116e-001 -4.757355e-002
-7.667861e+000 -2.083595e+001 -7.992470e+000 -8.883011e+000  1.118616e+001  1.548504e+000 -1.394685e+001 -2.800174e+000 -5.327183e+000 -3.565036e+000 -9.507414e+000  1.626886e+000  7.532625e+001  2.218244e-001  7.193916e-001  4.942222e-001  7.490746e-001  8.691817e-001  9.928440e-002  1.013815e-001  7.443115e-001  8.008099e-001  1.092470e-001  2.884051e+000  3.942109e-001 -1.836082e-001  6.593617e-002 -2.499768e-001 -1.208855e-001 -7.362365e-001 -4.458407e-001 -5.224446e-001  3.271221e-001 -2.868260e-002 -1.407260e-001 -4.985736e-001 -8.052854e-001 -9.859270e-002  1.965865e-003
-7.763326e+000 -2.263881e+001 -9.123384e+000 -1.059989e+001  8.643056e+000 -3.542282e-001 -1.755351e+001 -3.893136e+000 -8.066429e+000 -5.610847e+000 -1.126426e+001 -4.879456e-001  7.425331e+001  5.398493e-002  7.392292e-002  6.117791e-001 -4.270792e-002  3.944839e-001 -4.872016e-001  2.444037e-001  6.863505e-001  5.231264e-001 -4.530993e-001  1.765328e+000  2.097787e-001 -9.439621e-002 -7.449721e-003 -3.301829e-001 -5.669544e-002 -5.870619e-001 -4.680023e-001 -4.505801e-001  2.078901e-001 -2.187795e-001 -2.771978e-001 -4.024969e-001 -8.254170e-001 -7.995811e-002  5.190433e-003
-7.588109e+000 -2.217314e+001 -6.714019e+000 -1.088196e+001  1.121846e+001 -6.516599e-001 -1.396994e+001 -2.586149e+000 -5.309355e+000 -5.588820e+000 -7.732620e+000  1.106142e+000  7.471563e+001 -1.946031e-001 -1.153507e+000 -1.252136e-001 -1.727354e+000 -1.096885e+000 -2.319108e+000 -1.131852e+000 -1.213528e+000 -1.629747e+000 -2.065225e+000 -7.652671e-001 -1.003422e+000 -4.954567e-001  3.230832e-002 -1.979467e-001 -9.252960e-002 -7.292682e-002 -5.414241e-001 -2.309775e-001 -2.150506e-002 -1.418680e-001 -3.631904e-001 -1.384192e-001 -6.596110e-001 -2.242686e-002 -5.560593e-002
-8.457690e+000 -2.332548e+001 -8.182506e+000 -1.248199e+001  8.788955e+000 -3.357736e+000 -1.668530e+001 -4.517546e+000 -8.092382e+000 -8.733807e+000 -9.517795e+000 -9.992648e-001  7.422099e+001  9.474845e-002 -2.816940e-001  2.771373e-001 -3.321538e-001 -7.943403e-001 -1.269040e+000 -6.355477e-003 -1.417713e-001 -5.490875e-001 -9.288343e-001  3.355559e-001  1.408432e-002 -2.855049e-001  1.354935e-001  8.107685e-002  4.322405e-002  3.998769e-001 -2.977035e-001  1.830679e-001  3.055610e-001  1.962799e-001 -3.150854e-002  3.027681e-001 -1.068576e-001  3.082774e-001 -1.300690e-002
-8.293694e+000 -2.626015e+001 -9.088977e+000 -1.657873e+001  5.628786e+000 -8.545279e+000 -2.004021e+001 -8.555608e+000 -1.346294e+001 -1.232968e+001 -1.420698e+001 -3.134566e+000  7.286513e+001  3.629842e-001 -9.253349e-002  1.988950e-001  5.291635e-001 -1.243527e+000 -6.646838e-001  1.192358e-001  4.490324e-001 -4.790349e-001 -3.449814e-001  3.008820e-001  3.799238e-001 -3.660835e-001  3.480015e-002  2.153570e-001  9.908152e-002  5.373164e-001 -1.206900e-001  3.608850e-001  5.438467e-001  3.424366e-001  1.992006e-001  3.908380e-001  2.013195e-001  4.330697e-001  1.053217e-001
-6.936791e+000 -2.200377e+001 -6.550218e+000 -9.412278e+000  7.466194e+000 -2.752619e+000 -1.455015e+001 -1.617263e+000 -6.735074e+000 -6.884588e+000 -6.349297e+000  1.702830e+000  7.375104e+001  4.526590e-001 -5.117970e-002  6.658450e-001  8.284179e-001 -1.020713e+000 -3.990740e-001  1.146665e+000  8.364698e-001 -2.097722e-001  2.006196e-001  6.979657e-001  1.059493e+000 -2.241173e-001 -1.551470e-001 -3.068249e-002 -4.054669e-002  1.144969e-002 -2.614672e-001 -1.978358e-002  2.822300e-001 -1.414741e-001 -1.825654e-001 -8.896455e-002 -1.758081e-001  1.178294e-001  9.809883e-002
-6.533638e+000 -2.329666e+001 -6.535688e+000 -9.771001e+000  5.662212e+000 -4.277637e+000 -1.444133e+001 -1.791129e+000 -8.383183e+000 -8.238337e+000 -7.812459e+000  1.654714e+000  7.312019e+001 -1.995576e-001 -1.919796e-001  1.758401e-001  3.789425e-001 -1.587149e+000 -9.496654e-001  1.010871e+000  9.534776e-003 -8.034015e-001 -6.757616e-001  6.012564e-002  6.392223e-001  4.577637e-004 -1.882132e-001  1.104603e-002  4.115190e-002 -1.269853e-001 -1.279634e-001 -9.077430e-003  3.912958e-001 -2.284406e-001 -5.336023e-002 -1.807983e-001 -2.264370e-002  4.075257e-002  1.229874e-001
-7.074423e+000 -2.506313e+001 -6.129925e+000 -1.174377e+001  3.668678e+000 -7.486927e+000 -1.375142e+001 -3.717436e+000 -1.168112e+001 -9.776381e+000 -9.225226e+000  1.903560e+000  7.297287e+001 -3.997156e-001 -3.853834e-001  8.593135e-002 -1.997949e-001 -1.929865e+000 -1.225467e+000  9.589766e-001 -6.293931e-001 -1.299731e+000 -1.208267e+000 -4.231067e-001  4.735822e-001  2.171860e-002 -7.144266e-002  5.651462e-002  5.191736e-002 -1.039898e-001 -2.025335e-001  2.135431e-001  3.153156e-001 -1.459399e-001 -2.016309e-002 -1.117171e-001  5.354689e-002 -1.388624e-001  3.828430e-002
-9.222666e+000 -2.569037e+001 -8.419923e+000 -1.351827e+001 -4.082002e-001 -1.092645e+001 -1.538523e+001 -7.457847e+000 -1.500692e+001 -1.426259e+001 -1.246839e+001 -3.881903e-002  7.325650e+001 -1.518947e-001  1.297985e-001  6.946114e-001  4.083436e-001 -1.428768e+000 -2.968744e-001  2.169559e+000  3.976097e-002 -2.008565e-001 -5.445298e-001  7.481996e-001  8.766419e-001  1.259354e-001  1.723863e-001  1.412136e-001  2.210303e-001 -7.143403e-003 -1.616789e-001  6.278177e-001  4.807717e-001  1.933111e-001  4.906349e-002  2.471206e-001  3.069385e-001 -2.014370e-001 -6.758492e-002
-7.590856e+000 -2.273383e+001 -5.178444e+000 -8.537617e+000  8.520746e-001 -5.555548e+000 -9.283323e+000 -1.930869e+000 -9.921861e+000 -9.913795e+000 -6.136867e+000  4.917507e+000  7.379147e+001  7.161427e-002  7.050438e-002  6.660462e-001  2.937686e-001 -2.112571e+000  3.422457e-001  2.143899e+000  9.165738e-002 -6.118602e-001 -4.235819e-001  6.216632e-001  2.464709e-001 -9.543457e-002  1.671854e-001  9.669634e-002  4.794286e-002 -2.732072e-001 -4.770647e-001  5.878018e-001  2.340353e-001  6.824134e-002 -3.456820e-001  5.263726e-002  6.156015e-002 -6.673400e-001 -1.715971e-001
-7.034895e+000 -2.381231e+001 -3.538372e+000 -9.332358e+000 -7.332477e-002 -6.727699e+000 -5.827584e+000 -2.485607e+000 -1.026710e+001 -1.089228e+001 -5.615641e+000  4.530950e+000  7.334056e+001  4.267091e-001  2.861444e-001  9.909344e-001  9.644375e-002 -2.304190e+000  1.405567e+000  2.822268e+000  6.155652e-001 -9.020196e-001  1.674989e-001  1.072433e+000 -2.544068e-001 -2.788902e-001  5.414239e-002  1.366352e-001 -1.383338e-001 -6.160755e-001 -6.290233e-001  3.573759e-001 -7.933913e-002 -2.191863e-001 -5.355070e-001 -2.072177e-001 -2.962472e-001 -1.066746e+000 -2.219033e-001
-7.810237e+000 -2.564963e+001 -5.240469e+000 -1.236788e+001 -7.061615e+000 -7.875075e+000 -7.810743e+000 -5.745269e+000 -1.711034e+001 -1.357945e+001 -9.543283e+000  8.510296e-001  7.245367e+001  1.469098e-001  1.992531e-002  1.774841e-001 -1.409881e+000 -3.877477e+000  8.623211e-001  1.802798e+000 -5.760885e-001 -2.677560e+000 -1.301095e+000 -2.774228e-001 -2.297593e+000 -6.338539e-001  4.654934e-002  3.345906e-001  9.415773e-002 -5.841486e-001 -7.381277e-002  2.710391e-001  5.049398e-002 -1.101243e-001  1.724930e-001 -1.498531e-003 -2.962759e-001 -8.929201e-001 -1.553099e-001
-6.979430e+000 -2.280175e+001 -3.434238e+000 -1.112092e+001 -7.972307e+000 -2.738853e+000 -2.010173e+000 -2.472821e+000 -1.592278e+001 -1.159227e+001 -5.403012e+000  7.223858e-001  7.253095e+001  8.116956e-002  8.382643e-001  2.472234e-001 -1.820209e+000 -3.691431e+000  1.229968e+000  1.943413e+000 -7.222975e-001 -1.845542e+000 -1.141862e+000 -2.834933e-001 -3.185055e+000 -7.143715e-001 -1.988439e-002  3.673838e-001  3.005473e-001 -4.879689e-001  4.178527e-001 -5.531506e-002 -4.210194e-002 -4.549156e-002  8.910429e-001  2.699019e-001 -5.527794e-001 -5.231607e-001 -6.139184e-002
-6.884039e+000 -2.313949e+001 -4.343090e+000 -1.469274e+001 -1.458582e+001 -3.238365e+000 -2.178038e+000 -4.817705e+000 -2.048182e+001 -1.606927e+001 -7.630295e+000 -4.666177e+000  7.102701e+001  4.771307e-001  1.467397e+000  1.508690e+000 -1.668648e+000 -1.788014e+000  1.785241e+000  2.835796e+000  2.099675e-001  7.223659e-001  2.236057e-001 -1.817530e-001 -2.752805e+000 -6.542435e-001 -3.482891e-002  3.609632e-001  4.740665e-001 -2.419771e-001  7.848867e-001 -4.552637e-001 -1.263035e-001  7.045826e-002  1.334702e+000  6.083516e-001 -6.438380e-001  9.315014e-002 -8.562094e-003
-7.092146e+000 -2.087606e+001 -2.750944e+000 -1.727097e+001 -1.476838e+001 -2.896215e+000  1.073131e+000 -6.560877e+000 -1.780906e+001 -1.535667e+001 -7.989602e+000 -8.635722e+000  7.048203e+001  1.621767e-001  1.399328e+000  1.828068e+000 -2.214017e+000 -1.259658e+000  6.675318e-001  2.095260e+000 -4.920602e-003  1.853232e+000  7.546580e-001 -1.739299e+000 -2.642604e+000 -5.756546e-001 -1.132139e-002  7.146539e-002  2.502757e-001 -2.977738e-002  4.634255e-001 -8.863919e-001 -7.384484e-001 -1.838765e-001  6.257576e-001  2.872702e-001 -7.088785e-001  5.334059e-001 -1.307693e-001
-5.368225e+000 -1.927549e+001  1.961336e+000 -1.763610e+001 -1.260365e+001  1.129809e+000  4.826586e+000 -2.651404e+000 -1.255537e+001 -1.057922e+001 -9.158753e+000 -8.233944e+000  7.020691e+001 -6.773834e-002  1.544210e+000  1.757394e+000 -2.422862e+000 -1.168930e+000 -1.132779e+000  1.095358e+000 -5.824857e-001  2.146561e+000  7.924031e-001 -2.768710e+000 -2.103068e+000 -7.460228e-001  9.820525e-002 -1.615626e-001 -2.929471e-001  3.983544e-001 -2.484800e-001 -9.650279e-001 -1.528445e+000 -6.293468e-001 -5.730944e-001 -3.199064e-001 -2.102066e-001  7.473907e-001 -3.461708e-001
-6.926454e+000 -1.773711e+001  2.553888e+000 -2.071933e+001 -1.526168e+001 -1.585281e+000  4.963814e+000 -3.580575e+000 -1.061985e+001 -1.056401e+001 -1.333528e+001 -1.070675e+001  7.006273e+001  2.969972e-001  1.157185e+000  1.374250e+000 -1.591989e+000 -1.683846e+000 -1.742982e+000 -8.786090e-001 -1.245453e+000  5.711490e-001  1.009073e-002 -2.534407e+000 -8.428942e-001 -1.322328e+000  5.015576e-001 -1.964885e-001 -5.222884e-001  1.195800e+000 -3.022937e-001 -3.919741e-001 -1.602312e+000 -4.735568e-001 -1.034859e+000 -6.324791e-001  7.915382e-001  1.054126e+000 -5.649880e-001
-7.305577e+000 -1.698792e+001  1.791466e+000 -2.508287e+001 -2.018382e+001 -9.557730e+000  1.353409e+000 -9.220284e+000 -1.334362e+001 -1.450359e+001 -1.880101e+001 -1.414600e+001  6.750655e+001  9.007468e-001  7.806557e-001  2.708642e-001  1.210918e-002 -2.818321e+000 -1.834642e+000 -3.319497e+000 -2.316500e+000 -1.502064e+000 -1.003642e+000 -8.352320e-001  8.429337e-002 -2.011761e+000  4.955080e-001  4.139947e-001 -5.519720e-001  2.011090e+000  6.267501e-001  1.769565e-001 -1.129199e+000 -6.876658e-002 -5.637120e-001 -4.778920e-001  1.209268e+000  1.090096e+000 -7.287375e-001
-4.638484e+000 -1.623393e+001  4.205239e+000 -2.150753e+001 -1.939752e+001 -6.267355e+000 -1.583326e+000 -9.503704e+000 -1.455919e+001 -1.334403e+001 -1.584051e+001 -9.894163e+000  6.522057e+001  2.185722e+000  7.986620e-001 -4.010890e-002  2.547495e+000 -1.946431e+000 -9.414076e-001 -3.708871e+000 -1.505697e+000 -1.496748e+000 -1.509715e+000  1.251653e+000  1.534343e+000 -2.767725e+000 -1.884128e-001  1.197373e+000 -3.353971e-001  2.110598e+000  1.779106e+000  1.899857e-001 -3.961371e-001  1.055059e-001 -7.881370e-002 -2.392300e-001  9.474261e-001  3.723773e-001 -7.650474e-001
-2.008476e+000 -1.612380e+001  2.489981e+000 -1.718145e+001 -2.462733e+001 -5.702364e+000 -8.497327e+000 -1.127234e+001 -1.809602e+001 -1.420742e+001 -1.208230e+001 -8.218771e+000  6.256918e+001  1.465439e+000  3.793445e+000 -2.952866e-001  5.562845e+000  2.096112e+000 -6.487843e-001 -3.135504e+000 -7.961966e-001  3.619496e-001 -8.371542e-001  1.384599e+000  2.158794e+000 -3.667012e+000 -1.210885e+000  1.286966e+000  2.483318e-001  1.629824e+000  2.460316e+000  2.180205e-001  3.686581e-001  4.027804e-001  2.661115e-001  1.328382e-001  1.206471e-001 -3.372170e-001 -6.048757e-001
 1.353608e+000 -1.417586e+001  2.004086e+000 -1.193257e+001 -2.277208e+001 -8.220002e+000 -8.655174e+000 -1.008303e+001 -1.572739e+001 -1.826067e+001 -1.043637e+001 -5.998651e+000  5.869278e+001 -9.274133e-001  5.637657e+000 -1.966020e-002  6.185633e+000  4.754465e+000 -1.385982e+000 -2.951291e+000 -1.478076e+000 -7.549266e-001 -1.269303e+000  1.092808e+000 -1.825790e-002 -4.319940e+000 -2.000680e+000  1.560021e-001  3.908972e-001  4.522170e-001  1.751787e+000  4.432911e-001  7.878302e-001  7.098678e-001  7.277783e-001  8.083453e-001 -1.835678e-001 -6.436545e-001 -1.022632e-001
-2.974427e+000  9.502750e-001  1.415609e+000 -2.056131e+000 -8.015979e+000 -1.182533e+001 -1.078819e+001 -1.291160e+001 -1.094977e+001 -1.623104e+001 -1.458008e+001 -5.299791e+000  5.243538e+001 -3.597108e+000  4.795990e+000  1.502299e+000  6.342161e+000  6.132813e+000 -5.222523e-001 -1.854996e+000 -3.164087e-001 -5.424179e-001 -4.596569e-001 -1.525738e-001 -8.254910e-001 -4.260032e+000 -1.806583e+000 -1.932984e+000  9.858600e-002 -1.138599e+000 -1.703630e-001  5.653343e-001  1.273853e+000  1.313730e+000  1.315721e+000  1.266974e+000  3.242086e-001 -2.472806e-001  7.558143e-001
-8.792575e+000  3.417320e+000  4.644124e+000  1.857976e+000 -3.930876e+000 -1.013578e+001 -1.519435e+001 -1.607445e+001 -2.190695e+001 -1.867874e+001 -9.127575e+000 -1.144494e+001  4.868777e+001 -5.286402e+000  1.077399e+000  1.015585e+000  4.418921e+000  4.794153e+000  1.211782e+000 -4.099742e-001  1.803748e+000  2.594327e+000  2.343263e+000  1.102401e+000 -1.917869e-001 -2.982531e+000 -8.348742e-001 -2.914030e+000 -8.732873e-001 -1.997070e+000 -1.361430e+000  3.492720e-001  1.501380e+000  1.313565e+000  2.280674e+000  1.866861e+000  8.798032e-001  5.056806e-001  1.480747e+000
-1.492093e+001 -9.404401e-001  8.681456e+000  7.634082e+000 -3.383872e+000 -7.355735e+000 -1.450272e+001 -9.858674e+000 -1.771833e+001 -1.629667e+001 -1.349956e+001 -9.623080e+000  4.627153e+001 -5.387979e+000 -3.591347e+000 -3.199790e-001  7.532061e-001  1.224454e+000  8.790054e-001  1.963101e+000  4.131541e+000  5.265925e+000  3.691431e+000  3.000846e+000  1.009155e+000 -5.566448e-001  5.219063e-001 -2.264616e+000 -1.540317e+000 -2.197387e+000 -1.781326e+000 -3.791679e-002  9.939753e-001  1.630775e-001  1.301766e+000  1.091607e+000  1.199970e+000  5.755665e-001  1.561407e+000
-1.910515e+001 -7.843503e+000  3.449085e+000  5.316934e+000 -1.117373e+000 -4.395889e+000 -8.847779e+000 -2.590760e+000  6.285226e-001 -6.511542e+000 -5.464624e+000 -4.795941e+000  4.686206e+001 -4.206349e+000 -4.738822e+000 -3.474958e+000 -1.005238e+000  4.014964e-001 -3.402510e-001  2.646558e+000  2.865776e+000  7.744273e+000  5.989460e+000  3.915114e+000  1.592822e+000  1.232103e+000  1.630822e+000 -4.248827e-001 -8.403873e-001 -1.388414e+000 -1.367516e+000 -7.175208e-002  1.289894e-001 -1.089401e+000 -8.955590e-001 -5.244972e-001  2.272241e-001  1.746535e-001  8.177110e-001
-2.475803e+001 -1.137605e+001  4.132337e-001 -1.957923e-002 -3.300462e+000 -1.030025e+001 -4.145968e+000  1.004258e+000  4.112118e+000 -3.857486e+000 -1.407332e+000 -3.578516e+000  5.056502e+001 -1.527603e+000 -3.618978e+000 -3.954014e+000 -1.932696e+000 -5.774899e-001  6.418023e-002  1.586614e+000 -3.203533e-002  3.391438e+000  3.175282e+000  4.440920e+000  1.160037e+000  1.439687e+000  2.235368e+000  1.148715e+000  3.534621e-001 -3.515208e-001 -6.012881e-001  3.938505e-001 -7.053838e-001 -1.566054e+000 -2.409291e+000 -1.539061e+000 -9.143385e-001 -1.447527e-001  1.012643e-001
-2.490577e+001 -1.505899e+001 -8.596555e+000  6.586149e-001 -1.965099e+000 -1.036478e+001 -7.139935e+000 -7.177037e+000  5.899195e+000  5.048973e+000  4.401881e+000 -6.503116e+000  5.270154e+001  9.375212e-001 -1.033198e+000 -1.369335e+000 -1.180200e+000 -1.142454e+000  1.260434e+000  4.232162e-001 -1.561468e+000 -9.462242e-001 -2.114837e-002  1.518484e+000  6.060399e-001  1.078579e-001  2.417732e+000  1.802149e+000  1.443440e+000 -1.801026e-001 -5.602270e-001  1.611628e-001 -1.164137e+000 -9.563877e-001 -2.786320e+000 -2.207468e+000 -1.963142e+000 -4.028117e-001 -2.529151e-001
-1.965864e+001 -1.542759e+001 -5.065794e+000  2.997614e-001 -5.847459e+000 -4.050387e+000 -7.423570e+000 -7.725712e+000 -3.396472e+000 -6.200516e+000  3.771786e+000 -2.969307e+000  5.055022e+001  3.216927e+000  2.994141e-001  3.945199e-001 -9.169176e-001 -1.010011e+000  2.047915e+000 -4.521467e-001 -1.485104e+000 -2.435282e+000 -9.985709e-001 -3.725320e-001  7.787825e-001  5.117992e-001  2.177690e+000  1.618205e+000  9.618702e-001 -7.125667e-001 -6.331761e-001 -7.234865e-001 -1.119594e+000 -2.709162e-001 -1.418087e+000 -1.169421e+000 -2.375658e+000 -7.698576e-001 -8.601422e-002
-1.696725e+001 -1.098373e+001 -6.580744e-001 -7.437347e-001 -5.556146e+000 -1.218649e+000 -5.092897e+000 -6.033116e+000 -3.483040e-001 -5.445769e+000 -4.617628e-001 -2.070346e+000  4.740874e+001  5.510049e+000  2.312727e+000  1.567975e+000 -2.413640e+000 -2.183378e+000 -5.263044e-001 -2.154747e+000 -1.189628e+000 -3.273968e+000 -2.960956e+000 -3.493871e+000 -2.306095e-001  4.314713e-001  1.633305e+000  8.963908e-001 -1.220859e-001 -1.221362e+000 -8.997193e-001 -9.184265e-001 -8.406091e-001 -8.300404e-002 -7.114661e-003 -2.387544e-001 -1.779644e+000 -1.038336e+000  1.434124e-001
