19 39
-1.829405e+001  2.132959e+000  2.014127e+000  5.107286e+000 -1.869776e-001  6.151950e-001 -1.292704e+000  1.271662e+000  6.422973e+000  2.244863e+000 -3.969144e+000  2.336220e+000  2.675080e+001  2.421370e-001  4.127932e-001  8.459820e-001  3.516311e-001 -2.360329e-001 -2.790845e+000 -2.535790e+000 -4.239410e-001  3.314909e-001  1.716161e+000  6.022838e-001 -1.542859e+000  3.239555e-002  4.110883e-001 -1.396698e+000  1.455088e-001 -1.210672e+000 -5.609522e-002 -2.581390e-001 -9.000162e-001  1.142679e-001 -2.119548e-001 -3.563506e-001  1.474872e+000 -2.439037e-001  2.064263e+000
-1.845101e+001 -4.731349e-001  2.235209e+000  5.922074e+000  5.121316e+000  2.844697e+000  4.119008e-001  3.074615e+000  5.138631e+000  2.840086e+000 -6.237335e+000 -7.491534e+000  2.646658e+001  1.363433e+000 -3.906704e+000  8.916539e-001 -3.226098e+000 -1.360240e+000 -1.636237e+000 -2.162988e+000  9.447516e-001  1.198949e+000  5.454992e-001  2.724985e+000 -6.613626e-001  3.802716e+000  2.228395e-001 -9.574564e-001  7.721181e-002 -1.437480e+000 -6.061617e-001 -6.118861e-001 -8.472776e-001  2.716159e-001 -4.620378e-001 -7.864545e-001  1.388016e+000  6.441681e-001  2.634619e+000
-1.839101e+001  2.154204e+000  2.678974e+000  3.992531e+000  3.608028e+000 -1.770844e+000  6.392785e-001  2.367338e+000 -2.955947e-001  3.010879e+000 -1.081773e+000 -7.008954e+000  2.683206e+001  1.673238e+000 -4.901041e+000  9.160534e-001 -4.313960e+000 -2.075509e+000 -2.053995e+000 -4.091701e+000  5.326554e-001 -5.302998e-001 -1.576635e+000  4.217287e+000  6.326241e-001  8.403797e+000 -1.263347e-001  9.330298e-002  2.085856e-002 -6.701120e-001 -3.102929e-001 -4.985827e-001 -1.778706e-001  1.489163e-001 -2.774370e-001 -6.564783e-001  9.133442e-002  1.054611e+000  1.625485e+000
-1.140767e+001 -1.758244e+001  5.587551e+000 -8.460221e+000 -3.426432e+000  1.619930e+000 -6.917383e+000  5.874397e+000  8.558471e+000  1.588227e-001  9.441347e+000  1.420120e+000  4.526086e+001  6.529854e-001 -2.277303e+000  9.710507e-001 -4.522273e+000 -2.950138e+000 -4.798263e+000 -4.940071e+000  6.990061e-001 -1.199682e+000 -1.710584e+000  3.565452e+000  2.419965e+000  8.968235e+000 -3.436073e-001  2.008687e+000  5.981344e-002  1.399485e+000  4.603721e-001 -1.652932e-002  9.869836e-001 -2.200644e-001 -4.838231e-001  5.739350e-002 -1.212097e+000  4.746104e-001 -1.127949e+000
-1.344953e+001 -1.381759e+001  4.918223e+000 -9.271365e+000 -6.290647e+000 -9.042395e+000 -1.808657e+001  2.535048e+000  2.061554e+000 -4.297683e+000  9.277949e+000  1.043513e+000  5.937264e+001 -3.431311e-002  6.460714e-002  9.105763e-001 -2.350842e+000 -9.925483e-001 -3.702746e+000 -2.036602e+000  4.435132e-001  1.436215e-001 -4.381887e-001  6.387223e-001  2.189534e+000  5.577060e+000  3.147793e-001  2.233758e+000  3.031706e-001  2.626932e+000  6.592786e-001  1.416075e+000  2.269792e+000 -2.041664e-001 -1.686436e-001  5.147586e-001 -1.685061e+000 -3.689328e-001 -3.126848e+000
-1.765683e+001 -3.873748e+000  5.970838e+000 -1.005734e+001 -4.680036e+000 -1.751084e+001 -1.492553e+001  6.485791e+000 -2.038355e+000 -2.058555e+000  6.410065e+000  5.820575e-001  5.503746e+001  4.991714e-001  3.653908e+000  1.193460e+000  2.789765e+000  4.001411e-001 -8.945076e-001  1.744380e+000 -1.109991e-001 -1.557127e+000  2.632433e-001 -1.546215e+000  9.332343e-001 -4.236614e-001  1.157972e+000  1.005681e+000  3.383996e-001  2.594463e+000  2.038313e-001  2.233147e+000  1.491552e+000 -1.908573e-001 -3.319677e-001  3.272741e-002 -9.997953e-001 -1.230044e+000 -2.367585e+000
-1.543800e+001 -4.377105e+000  7.040213e+000 -6.963117e+000 -7.279114e-001 -1.071919e+001 -5.539657e+000  4.279207e+000  5.720926e+000  1.928624e+000  3.627480e+000  4.357750e+000  4.982906e+001  3.324041e+000  3.302146e+000  2.320702e+000  5.164682e+000 -4.542550e-001  3.074504e+000  3.915035e+000 -8.317423e-002 -1.194795e+000  1.024376e-002 -1.652184e+000 -4.686748e-001 -2.534493e+000  1.192403e+000 -2.113660e-001  1.851001e-001  1.179400e+000 -7.228618e-001  1.009455e+000 -5.541264e-001 -5.071843e-002 -8.571688e-001 -6.951809e-001  1.711516e-001 -1.462694e+000 -2.418300e-001
-7.917579e+000 -4.033142e+000  1.049385e+001  4.334480e+000 -4.207094e+000 -2.014212e+000 -4.468939e+000  4.447322e+000 -1.056849e+000 -1.638114e+000  4.535505e+000  4.429173e+000  4.791435e+001  4.763667e+000  1.132333e+000  1.957986e+000  4.692279e+000 -2.200128e+000  2.978847e+000 -4.581282e-001  8.063483e-003 -2.190313e+000 -1.771163e+000 -2.880712e-001 -2.401148e+000  1.186085e+000  3.020755e-001 -1.092881e+000 -1.775192e-001 -8.374857e-001 -8.752693e-001 -7.998909e-001 -1.885581e+000  5.502515e-002 -3.975167e-001 -8.503990e-001  8.314492e-001 -9.747391e-001  1.419791e+000
-1.698950e+000  2.772834e+000  1.426023e+001  9.356135e+000 -8.798393e+000 -1.418189e+000 -3.739691e+000  3.138411e+000 -4.403176e+000 -4.456685e+000  1.954311e+000 -3.223419e+000  5.026173e+001  3.795453e+000  2.685643e-001  1.453814e+000  2.594899e+000 -3.306723e+000 -5.921492e-001 -3.705980e+000  1.303897e-001 -3.825630e+000 -2.896890e+000  8.654081e-001 -3.456747e+000  3.563036e+000 -8.716345e-001 -8.327485e-001 -5.886307e-001 -1.635069e+000 -1.995976e-001 -1.733909e+000 -1.627482e+000 -4.168141e-002 -2.367961e-002 -4.969159e-001  8.750784e-001 -8.679678e-002  1.089743e+000
-7.080160e-001 -1.787052e+000  1.215076e+001  5.244428e+000 -1.164544e+001 -7.267108e+000 -1.811615e+001  7.096507e+000 -7.927867e+000 -7.721717e+000  5.806293e+000 -7.633097e+000  6.075155e+001  1.773843e+000 -2.937038e-001  7.393080e-001 -1.127719e-001 -2.549971e+000 -3.060636e+000 -3.873020e+000  5.734468e-002 -2.229293e+000 -2.535185e+000  1.352235e+000 -2.446425e+000  3.626531e+000 -1.157131e+000 -9.946386e-002 -3.768795e-001 -1.183653e+000  5.967710e-001 -9.623049e-001  2.096323e-001 -2.244434e-001  6.278509e-001  6.035619e-002  4.087973e-001  6.440778e-001 -6.163818e-001
-6.551822e-002 -4.157328e+000  1.348083e+001  5.556407e+000 -1.354236e+001 -1.105349e+001 -1.724595e+001  3.606563e+000 -9.971714e+000 -9.514024e+000  7.319126e+000 -6.894849e+000  6.122564e+001  4.607809e-001 -1.485779e-001 -1.311226e-002 -6.081379e-001 -1.277321e+000 -2.575301e+000 -2.514931e+000 -3.162219e-001 -1.293703e+000 -2.092325e+000  1.903055e+000 -8.800200e-001  1.693999e+000 -7.225003e-001  2.960759e-001 -1.225480e-001 -4.275079e-001  1.000158e+000  4.368607e-001  1.032385e+000 -1.972821e-001  9.188502e-001  4.484956e-001 -1.300298e-001  7.694233e-001 -1.456746e+000
 1.349192e-001 -2.036580e+000  1.458009e+001  5.670485e+000 -1.458497e+001 -1.249974e+001 -1.708091e+001  4.499969e+000 -9.419047e+000 -1.178537e+001  8.614273e+000 -5.967238e+000  6.056505e+001  6.453490e-001  8.435850e-001  8.070514e-001  3.755303e-001 -2.309739e-001 -8.411025e-001 -5.491066e-003 -8.908475e-001 -3.170215e-001 -1.871665e+000  1.237092e+000 -4.691220e-001 -9.613048e-001 -1.880203e-001  3.121391e-001  4.649883e-002  1.476957e-001  8.791433e-001  1.134821e+000  8.340825e-001 -1.048416e-001  5.565926e-001  4.333666e-001 -4.708343e-001  4.012742e-001 -1.311829e+000
 1.834876e-001  2.154709e+000  1.298000e+001  6.102417e+000 -1.371523e+001 -1.167838e+001 -1.683197e+001  2.855570e+000 -1.012610e+001 -1.288649e+001  1.006560e+001 -8.456449e+000  5.882497e+001  7.471988e-001  1.180300e+000  8.072020e-001  2.132087e-001  5.345684e-001  4.823876e-001 -4.778194e-001 -3.819245e-001 -1.875147e-001 -9.861716e-001  2.728309e-001 -5.982817e-001 -1.426773e+000  1.532547e-002  2.472927e-002  2.724091e-004  1.653813e-001  6.316906e-001  9.158220e-001  3.846163e-001  1.092955e-001  2.678677e-001  3.207463e-001 -5.600089e-001  1.091323e-001 -6.070514e-001
 2.394226e+000 -7.251450e-001  1.643643e+001  6.849074e+000 -1.271387e+001 -1.116018e+001 -1.835060e+001  3.017766e+000 -9.435781e+000 -1.539381e+001  1.061852e+001 -9.197907e+000  5.714536e+001  6.905323e-001  6.025527e-001  5.616450e-001  2.150335e-001  9.398003e-001  1.084625e+000 -7.211632e-001 -4.340119e-001  5.752564e-004 -9.214285e-001 -1.868241e-001 -5.809232e-001 -1.372227e+000 -1.187912e-001 -1.980533e-001 -3.699518e-001  1.060991e-001  4.488944e-001  3.494298e-001  1.472791e-001  1.169611e-001  2.370863e-001  2.624111e-001 -6.187199e-001  3.171203e-001 -3.714890e-002
 2.540822e+000  1.088453e+000  1.658867e+001  6.033156e+000 -1.180507e+001 -9.311331e+000 -1.900020e+001  2.438043e+000 -1.090092e+001 -1.264066e+001  7.681159e+000 -8.270923e+000  5.580162e+001  5.148166e-001  9.558460e-002  1.109530e-001  2.990170e-001  1.295745e+000  1.040945e+000 -2.340136e-001  1.837659e-003 -1.131632e-001 -9.637120e-001 -1.850315e-001 -2.784581e-001 -1.135797e+000 -6.450763e-001 -2.236636e-001 -3.423181e-001  2.136244e-001  6.962069e-001 -2.102475e-001  3.515864e-001 -1.273514e-001  8.263525e-001  3.439825e-001 -6.870978e-001  8.623210e-001  1.950769e-001
 2.408913e+000  1.509311e+000  1.558398e+001  6.780283e+000 -1.084105e+001 -8.260139e+000 -1.960261e+001  2.538673e+000 -9.028762e+000 -1.651542e+001  8.872372e+000 -8.964617e+000  5.521560e+001  1.675838e-001  3.956761e-001 -6.945834e-001  8.631217e-001  1.632910e+000  6.267678e-001  6.090015e-001 -4.979233e-001  8.312342e-001 -5.708392e-001 -1.627576e+000  9.565679e-001 -1.292537e+000 -1.438475e+000 -3.040072e-001 -2.567371e-001 -1.125881e-001  1.045492e+000 -3.607900e-001  5.243425e-001  5.474707e-001  1.544987e+000  8.112848e-001 -8.841003e-001  1.209736e+000  4.606712e-001
 2.750227e+000  1.515404e+000  1.396099e+001  7.631898e+000 -8.172917e+000 -7.923667e+000 -1.737603e+001  3.104305e+000 -1.089543e+001 -1.714424e+001  1.001351e+001 -9.965384e+000  5.411087e+001 -2.216708e+000  1.654198e-001 -2.762740e-001  9.572867e-001  3.669048e+000 -3.399212e-001  6.150303e-001 -9.867260e-001  3.528919e+000  5.584463e-001 -2.442282e+000  2.944577e+000 -4.912334e-001 -2.079648e+000 -4.799011e-001 -3.686853e-001 -7.965847e-001  9.254654e-001 -7.378013e-002  5.219557e-001  1.066776e+000  1.944804e+000  1.002488e+000 -7.893246e-001  1.158686e+000  7.194600e-001
 3.127443e+000  1.039760e+000  1.427736e+001  1.036531e+001 -6.365389e+000 -8.720168e+000 -1.611768e+001  1.950186e-001 -5.282356e+000 -1.599622e+001  1.314458e+000 -3.567837e+000  5.152805e+001 -5.136079e+000 -9.524009e-001 -5.284268e-001 -6.770418e-001  4.980611e+000 -2.889171e-002  1.476027e+000  2.797624e+000  5.904471e+000  2.373917e+000 -3.478700e+000  3.856241e+000  6.088470e-001 -1.960219e+000 -5.801445e-001 -4.663820e-001 -1.451342e+000  3.753269e-001  5.661295e-001  6.432492e-001  1.277118e+000  1.020092e+000  7.774121e-001  1.651141e-001  2.003514e-001  8.560147e-001
-8.901984e+000  2.150327e+000  1.586061e+001  9.027075e+000  4.302342e+000 -1.078092e+001 -1.766751e+001 -1.323760e+000  4.870469e+000 -1.010803e+001 -7.512962e-001  3.753574e+000  5.518922e+001 -7.231590e+000 -1.629882e+000 -1.815552e+000 -2.913825e+000  4.249221e+000  9.998745e-001  1.942252e+000  3.687942e+000  7.074236e+000  2.576352e+000 -3.206092e+000  4.065134e+000  1.510810e+000 -6.122044e-001 -3.264011e-001 -5.929279e-001 -1.361571e+000 -9.130891e-001  9.711174e-001  5.547733e-001  4.303823e-001 -8.639795e-001 -8.943974e-002  1.162755e+000 -7.161568e-001  4.501691e-001
