35 39
-6.775216e+000  1.174237e+000 -7.743903e+000 -8.717338e-002  4.539797e+000  9.868328e-001 -3.614788e-001 -3.635400e+000  1.501956e+001  2.479170e+001  1.205075e+001 -9.214050e+000  3.338145e+001 -2.963588e+000  3.099746e-001  3.032986e+000 -2.358652e+000  3.231626e+000  2.211615e+000  8.147159e-001  5.000712e-001  2.743303e+000  2.342306e+000 -1.387178e+000 -2.294759e-001 -3.596078e+000  9.547649e-001 -1.066531e+000 -1.973138e+000  8.783469e-001 -2.472196e+000  1.165286e-001  2.903436e-002 -1.757338e+000  4.411999e-002 -2.895653e+000 -1.771298e+000  9.808422e-001  2.999384e+000
-9.906754e+000  4.133493e+000 -1.852821e+000  1.557598e+000  6.168256e+000  1.742732e+000  5.429571e-001 -3.107375e+000  8.177784e+000  1.181556e+001  6.283720e+000 -2.575234e+000  3.108840e+001 -2.589722e+000 -1.860247e+000 -1.032166e+000 -4.345718e-001 -2.001881e+000  1.916936e+000  8.989582e-001 -1.834993e+000  3.708438e+000 -2.331632e+000 -3.280574e+000  6.627287e-001  1.288297e+000  1.644593e+000 -6.527066e-001 -2.432139e+000  6.325828e-001 -2.608180e+000  2.481933e-001 -1.211796e-001 -1.927509e+000 -5.022364e-001 -2.201313e+000 -7.891094e-001  2.038346e-001  3.402824e+000
-7.781236e+000 -4.996300e+000 -1.215623e+001 -2.605806e+000 -8.063689e-001  9.908577e+000  8.157445e+000 -6.110130e+000  1.276626e+001  1.779459e+001  5.760613e+000 -7.589165e+000  3.605817e+001  5.254028e-001 -2.053835e+000 -4.809083e+000 -1.142418e+000 -5.130442e+000  2.358419e+000  3.159739e-001 -4.737605e+000  7.669290e-001 -5.368740e+000 -3.675185e+000  5.219164e-002  6.101981e+000  1.615090e+000  5.524725e-001 -5.890895e-001  5.489477e-001 -9.850225e-001 -2.184416e-001 -6.362739e-001 -5.558546e-001 -7.856475e-001 -1.192047e+000  4.623548e-001  2.489340e-002  2.112828e+000
-1.042696e+001 -7.613627e+000 -1.933642e+001  7.627448e-001 -1.002723e+001  6.395023e+000  4.546204e+000 -1.179588e+001  1.845094e+001  3.752248e+000 -2.514118e+000 -8.778927e+000  4.778828e+001  2.205866e+000  1.481235e-001 -3.578140e+000 -6.667889e-001 -3.630057e+000  2.597976e+000 -3.638184e-001 -4.705062e+000  4.298678e-001 -3.137880e+000 -2.227772e+000 -3.301006e-001  6.249902e+000  1.289872e+000  1.072287e+000  1.689529e+000  2.245979e-001  1.040142e+000 -4.222920e-001 -7.626589e-001  9.887255e-001 -8.010760e-001  6.893004e-001  1.598449e+000 -1.246198e-001  8.746202e-002
-3.888099e+000 -3.221378e+000 -2.304752e+001 -5.401836e+000 -1.301467e+001  1.045278e+001 -7.832328e-001 -2.297917e+001  1.371763e+001  1.979656e+000 -1.926252e+000 -5.851246e+000  5.554141e+001  2.714066e+000  2.068151e+000  1.360526e+000  5.021946e-001 -8.793991e-001  7.788871e-001 -1.735265e+000 -8.441671e-001  4.543506e-001 -3.214803e+000  3.981951e-001  3.914058e-001  4.487261e+000  1.453798e-001  5.445089e-001  2.706402e+000  3.226525e-001  1.649633e+000 -8.053358e-001 -3.821759e-001  1.950208e+000 -1.993723e-001  1.384233e+000  1.444816e+000 -3.783567e-002 -1.268975e+000
-8.239918e-001  3.986650e+000 -1.429788e+001 -3.783318e-001 -5.877879e+000  1.446051e+001  3.194204e+000 -1.819817e+001  9.851438e+000  4.033625e+000 -1.011710e+000 -5.094697e+000  5.259629e+001  2.765306e+000  1.440193e+000  4.330675e+000 -1.338888e-001  1.073309e+000  5.952422e-001 -1.888717e+000  1.161916e+000 -1.406530e-001  3.790189e-002  2.674980e+000 -1.299776e-001  2.532967e+000 -5.042107e-001 -4.588270e-001  1.526278e+000 -1.524730e-001  7.486504e-001 -8.627654e-001 -9.736522e-002  1.212101e+000 -2.163715e-001  1.025967e+000  5.297316e-001 -2.020893e-001 -1.179095e+000
 9.876109e-001 -4.556807e-001 -7.872869e+000  4.757056e-001 -7.278041e+000  9.770269e+000  1.571197e-001 -7.129823e+000  1.933776e+001  1.579880e+000  7.000384e+000 -7.474251e+000  5.609047e+001  9.725817e-001  2.267461e-002  4.768519e+000  2.043944e-001  7.660417e-001 -6.668930e-001 -8.324566e-001  2.079946e+000  5.532808e-002 -3.546364e-002  1.097521e+000 -2.370482e-001  1.615574e+000 -6.626620e-001 -7.669734e-001 -3.916188e-001 -4.229264e-001 -7.591426e-003 -2.865761e-001  2.734782e-001 -3.286818e-001 -4.553310e-001  8.535443e-001 -5.540942e-001 -2.682282e-001 -8.371422e-001
 9.617168e-001 -1.795510e+000 -5.270371e+000 -2.845470e+000 -7.528998e+000  9.712491e+000 -5.367556e+000 -1.391098e+001  1.493760e+001  4.141645e+000  6.397465e+000 -8.617312e+000  6.017859e+001  5.555553e-001 -1.123273e+000  2.349251e+000 -1.280254e+000 -7.095250e-001 -9.929611e-001 -1.302049e+000 -1.066163e-001 -4.524782e-001  4.022874e-001  7.122258e-002 -1.026320e+000  1.790270e+000 -5.121357e-001 -3.709205e-001 -1.440806e+000 -1.853039e-001 -2.563125e-001 -8.194635e-003  4.445661e-001 -8.137207e-001 -2.401179e-001  2.722696e-001 -7.539788e-001 -3.830836e-002 -5.982112e-001
 8.195578e-002 -2.169247e-001 -3.718677e+000 -3.146295e+000 -8.358897e+000  9.492327e+000 -6.646358e-001 -1.472304e+001  1.145119e+001  1.748327e+000 -1.432332e-001 -5.275179e+000  5.982813e+001  5.056319e-001 -4.849827e-001  3.931443e-001 -1.039255e+000 -2.593899e-002  1.401081e-001 -6.612082e-001 -1.853310e+000 -1.666392e+000  8.707253e-001 -1.070397e+000 -5.015639e-001  6.728989e-001 -1.538734e-001  6.798819e-002 -1.428072e+000 -1.040675e-001  3.335764e-002  2.243401e-001  3.236514e-001 -7.564280e-001  4.132582e-002  2.976474e-001  8.958985e-003  1.328216e-001 -4.686908e-001
 2.406612e+000 -1.749093e+000 -4.628719e+000 -4.968600e+000 -8.885076e+000  9.634675e+000 -2.905161e+000 -1.493464e+001  1.153233e+001  5.960838e+000  2.916212e+000 -1.132583e+001  5.967881e+001  4.381028e-001 -1.605809e-001 -6.856665e-001 -4.385837e-001  1.877375e-001  1.507685e-001  2.484895e-001 -9.400597e-001 -4.803825e-001  9.461553e-001 -1.095480e-002 -1.892616e-001  1.324844e-002 -2.073782e-001  3.373066e-001 -5.880946e-001  9.327747e-002  2.213583e-001  1.880138e-001  3.551053e-001 -1.022826e-001  2.993273e-001  3.933883e-002  3.204926e-001  5.419252e-001 -3.805259e-001
 2.793323e+000 -2.903803e+000 -6.227973e+000 -3.659004e+000 -6.729698e+000  1.050972e+001 -4.380118e+000 -1.588454e+001  1.270844e+001  5.023911e+000  3.389025e+000 -8.627810e+000  5.970486e+001  2.619408e-001 -1.187305e-001 -8.543817e-001 -7.367779e-001  4.841986e-001 -1.170575e-001  1.053131e-002 -1.285472e+000  2.759093e-001  1.180839e+000  1.183405e+000  8.530331e-003  1.606304e-001 -2.618080e-001  2.754538e-001  1.062913e-001 -5.805556e-002 -1.317568e-001  7.578851e-003  1.887650e-001  2.056943e-001  3.853492e-001 -2.419901e-001  4.329679e-001  5.133808e-001 -1.237051e-001
 1.796547e+000 -1.254976e+000 -7.444055e+000 -4.782034e+000 -7.404911e+000  9.957638e+000 -2.267367e+000 -1.803052e+001  1.190707e+001  7.234630e+000  4.576561e+000 -7.887305e+000  6.030647e+001 -3.594902e-001  3.801340e-001  3.254090e-002 -9.651048e-001  1.421979e-001  7.569065e-002  1.376080e-001 -9.019483e-001  7.300749e-002  4.439246e-001  5.467848e-001  1.428258e+000  1.437748e-001 -1.954134e-001  1.957661e-001  4.098474e-001 -2.194250e-002 -3.357887e-001  1.392770e-001 -2.643514e-002  1.570705e-001 -3.018281e-002 -3.955666e-001  2.733715e-002  5.273526e-001 -6.796250e-002
 1.696692e+000 -1.057636e+000 -6.582918e+000 -6.923468e+000 -6.677987e+000  8.745558e+000 -9.308767e-001 -1.960246e+001  1.264337e+001  7.015628e+000  4.943616e+000 -6.951792e+000  6.031746e+001 -4.046118e-001  6.219288e-001  5.654972e-001 -1.066272e+000 -6.619533e-001  2.155413e-001  3.380575e-001 -8.438944e-001 -1.634102e-002 -8.811001e-002  8.155729e-001  1.256580e+000 -1.088982e-002  2.674386e-002  5.578881e-002  3.278846e-001  2.108016e-001 -4.195399e-001  2.441465e-001  2.570256e-002  2.948541e-001 -2.814110e-001 -4.319695e-001 -2.261437e-001  4.127582e-001 -1.742090e-001
 1.157476e+000 -7.715068e-001 -4.288543e+000 -8.161892e+000 -8.199942e+000  1.089521e+001 -3.941742e+000 -1.758543e+001  1.192991e+001  7.184603e+000  4.872840e+000 -5.022551e+000  6.009138e+001 -2.056876e-001  4.479201e-001  6.536312e-001 -3.835491e-001 -9.181300e-001  6.808538e-001 -4.744924e-002 -3.754961e-001 -4.851714e-001 -3.972030e-001  3.096469e-001  1.823477e+000 -2.408039e-001  2.999925e-001 -1.204967e-001  9.748815e-003  3.504031e-001 -2.609468e-001  1.629876e-001  4.817203e-002  2.819534e-001 -3.487418e-001 -2.474104e-001 -1.878995e-001  1.171138e-001 -2.186330e-001
 1.089799e+000 -3.589324e-002 -4.978244e+000 -7.300436e+000 -9.641949e+000  1.111864e+001 -1.852643e+000 -2.032656e+001  1.261531e+001  4.608374e+000  7.318750e+000 -3.777287e+000  5.975795e+001  3.187588e-001  1.263205e-001  4.744964e-001  2.645206e-002 -1.083337e+000  8.010934e-001  2.315727e-001 -7.442760e-002 -8.520562e-001 -5.584443e-001  1.712554e-001  1.874712e+000 -5.181252e-001  3.834510e-001 -1.982057e-001 -8.479346e-002  2.504070e-001 -3.046536e-002  9.767526e-002 -3.203929e-002  3.611549e-001 -3.823380e-001 -5.228070e-002 -2.632625e-001  1.084868e-002 -2.027394e-001
 1.071556e+000  4.737533e-001 -4.978236e+000 -6.511295e+000 -1.051358e+001  1.217537e+001 -2.043730e+000 -1.954595e+001  9.495237e+000  6.452242e+000  4.937229e+000 -3.571737e-001  5.938220e+001  7.787870e-001  2.545473e-002  1.267854e-001  2.405485e-001 -9.518441e-001  5.978528e-001  4.317105e-001  1.230852e-001 -1.252844e+000 -5.579602e-001 -7.055397e-002  1.704761e+000 -6.957725e-001  3.107615e-001 -8.807380e-002 -1.599556e-001  4.807416e-002  1.165813e-001 -4.654223e-002  7.781379e-002  2.360859e-001 -2.635226e-001 -4.594978e-002 -3.593665e-003 -2.690800e-001 -1.652814e-001
 3.333447e+000 -1.048663e+000 -3.865589e+000 -7.616506e+000 -1.093785e+001  1.211095e+001 -7.220196e-001 -1.899433e+001  9.600420e+000  4.589587e+000  5.767699e+000  8.908038e-002  5.808142e+001  1.020406e+000 -1.578671e-001  4.049528e-001 -1.262861e-001 -7.974231e-001  7.454181e-001 -6.171887e-002  7.125894e-001 -1.544195e+000 -2.691349e-001 -3.106393e-001  1.370181e+000 -7.971027e-001  1.050149e-001  1.014052e-001 -2.683764e-001  6.023858e-002  7.808962e-002 -2.395044e-002  6.523411e-002  2.008484e-001 -2.072948e-001 -5.503743e-002  1.287278e-001 -3.019981e-001 -1.177252e-001
 3.929588e+000 -1.378481e-001 -4.210943e+000 -6.801115e+000 -1.231121e+001  1.338832e+001 -2.348502e+000 -1.763612e+001  7.173133e+000  4.404195e+000  5.295596e+000  1.568073e+000  5.745079e+001  9.972966e-001  1.496449e-001 -1.113750e-001 -6.680922e-002 -4.781803e-001  4.759804e-001  4.882655e-001  4.114250e-001 -1.456715e+000 -7.716066e-001  5.326260e-001  7.303424e-001 -9.277222e-001 -4.837993e-002  2.600613e-001 -4.124491e-001  1.388091e-001  5.306125e-003  3.173259e-002  6.299882e-002  2.905024e-001 -8.466138e-002 -2.655043e-001  2.077196e-001 -1.512322e-001 -1.404715e-001
 4.762812e+000 -5.194281e-001 -3.337126e+000 -7.786956e+000 -1.273025e+001  1.423925e+001 -2.008852e+000 -1.771853e+001  6.055391e+000  4.286723e+000  5.586370e+000  2.110994e+000  5.673814e+001  7.345787e-001  5.712515e-001 -7.483052e-001  4.813238e-001 -9.297206e-001  7.422774e-001  5.294658e-001  7.856445e-001 -1.786595e+000 -7.268082e-001  5.133043e-001  8.519314e-001 -9.907764e-001 -1.480623e-001  4.660446e-001 -6.505841e-001  2.459881e-001  7.442445e-002 -8.614036e-002 -1.859551e-002  6.030263e-001 -1.317433e-001 -4.814942e-001  1.869782e-001  1.776004e-003 -1.950262e-001
 5.343356e+000  9.573600e-001 -5.799343e+000 -6.760116e+000 -1.200828e+001  1.349111e+001  1.041014e+000 -1.812672e+001  3.984177e+000  2.745641e+000  7.691023e+000  2.283581e+000  5.541523e+001  6.798009e-001  9.612021e-001 -1.358831e+000  6.307889e-001 -8.591647e-001  7.580861e-001  4.511123e-001  1.539070e+000 -1.554951e+000 -1.656645e+000  5.560721e-001  1.207725e+000 -1.301293e+000 -2.651467e-001  4.262770e-001 -4.207692e-001  1.153241e-001  2.007501e-003 -2.935965e-002 -3.091626e-001  8.126405e-001 -1.157675e-001 -4.186651e-001 -1.680880e-002 -6.645532e-002 -1.511855e-001
 6.299456e+000  1.259990e+000 -6.812915e+000 -5.230386e+000 -1.573792e+001  1.577094e+001  2.305516e-001 -1.482080e+001  2.261924e+000  1.784823e+000  7.136507e+000  3.990983e+000  5.414532e+001  4.388422e-001  1.766577e+000 -2.224240e+000  7.548556e-001 -2.348086e-001  1.736634e-001 -1.361198e-001  3.163898e+000 -2.153794e+000 -2.234087e+000  6.125286e-001  1.140370e+000 -1.585448e+000 -3.966314e-001  2.659254e-001  1.010542e-001 -1.110035e-001  1.492140e-001 -1.442595e-001 -2.534944e-001  4.177827e-001  9.510853e-002 -1.941217e-001 -3.707606e-002 -5.467516e-001 -5.257322e-002
 6.560270e+000  3.778453e+000 -9.267204e+000 -4.925456e+000 -1.510320e+001  1.641291e+001 -1.212642e+000 -1.138963e+001  1.295113e+000 -2.628081e+000  7.300889e+000  6.666704e+000  5.224073e+001 -1.805689e-001  1.683367e+000 -1.477254e+000  3.730455e-001 -8.155988e-001  6.134892e-001 -7.247546e-001  3.285501e+000 -1.851953e+000 -2.111293e+000  3.989698e-001  2.538466e-001 -1.386314e+000 -5.360430e-001  2.860537e-002  8.825735e-001  7.271002e-002  1.334160e-001 -2.955039e-001  1.584110e-001 -4.697556e-002  3.378443e-001  4.426565e-001 -1.033800e-001 -8.613168e-001 -1.447949e-002
 6.348566e+000  6.902911e+000 -1.272439e+001 -4.930008e+000 -1.235683e+001  1.364667e+001 -1.562623e+000 -5.267586e+000 -3.369045e+000 -4.196851e+000  8.844081e+000  5.621281e+000  5.039815e+001 -8.183935e-001  1.539796e+000 -1.838229e-001  5.517793e-002 -2.054335e-001  9.327850e-002 -1.500730e-001  2.001342e+000 -1.162551e+000 -1.470093e+000  4.064751e-001 -1.404887e+000 -1.211132e+000 -4.876034e-001 -2.805202e-001  1.277528e+000  4.293077e-001  1.608523e-001 -3.784638e-001  7.950031e-001 -4.971902e-001  6.236112e-001  9.147355e-001 -6.311781e-002 -6.094154e-001 -6.733551e-002
 4.415956e+000  6.552734e+000 -1.022987e+001 -5.045077e+000 -1.777682e+001  1.762069e+001 -1.686172e+000 -6.475830e+000 -2.460104e+000 -4.819985e+000  8.832086e+000  2.737665e+000  5.035724e+001 -1.371796e+000  1.217619e+000  2.033828e+000  1.344178e+000 -2.067723e-001 -6.792412e-001  1.250144e+000  1.885470e+000 -3.613505e-001  1.746406e-001  1.421990e-001 -1.826230e+000 -1.560849e+000 -2.716535e-001 -5.399324e-001  7.865859e-001  7.306709e-001  8.332582e-001 -4.626085e-001  1.186380e+000 -3.565996e-001  5.441296e-001  1.101670e+000 -1.750473e-001 -6.789358e-002 -2.417417e-001
 3.279646e+000  7.571831e+000 -7.250697e+000 -4.894685e+000 -1.542828e+001  1.563344e+001 -2.830482e-001 -7.270994e+000 -1.673222e+000 -4.469691e+000  8.403284e+000 -1.068934e+000  4.903140e+001 -1.403561e+000  5.968498e-001  2.407857e+000  2.415828e+000  2.650398e-001 -1.072290e+000  2.851447e+000  1.377963e+000  2.189609e-001  1.196624e+000  4.253250e-001 -8.666686e-001 -1.834858e+000 -1.136256e-001 -9.020468e-001  9.528985e-003  5.554036e-001  1.198221e+000 -2.098817e-001  1.166115e+000  7.172296e-002  3.525217e-002  4.993058e-001 -5.936993e-001  4.952252e-001 -2.448165e-001
 1.235748e+000  9.532090e+000 -1.834914e+000  1.777772e+000 -1.460134e+001  1.202332e+001  4.398290e+000 -9.605792e-001 -1.359551e+000 -1.618457e+000  8.232282e+000  8.806591e-001  4.511987e+001 -1.246253e+000 -5.448219e-001  1.159836e+000  2.846075e+000  3.115455e+000 -1.116769e+000  3.706386e+000  1.814192e+000  1.779392e-001  2.063699e+000 -4.856915e-001 -3.547305e-001 -2.283159e+000 -3.946142e-002 -1.166466e+000 -7.981072e-001 -3.732166e-001  1.304437e+000  1.690424e-001  3.475807e-001 -1.161525e-001  6.204373e-002 -1.448102e-001 -1.168470e+000  4.155417e-001 -4.503719e-002
 9.208651e-001  8.397482e+000 -4.882589e+000  3.737706e+000 -1.261937e+001  1.108391e+001  9.652379e+000 -1.135397e+000 -2.824517e+000  1.855060e-001  1.127061e+001  2.216441e+000  4.384255e+001 -1.449293e+000 -2.089217e+000  3.008181e-001  2.081247e+000  4.124559e+000 -7.373663e-001  4.452380e+000  2.395596e+000 -1.255935e+000  8.190602e-002 -2.248076e+000  3.354889e-001 -2.074059e+000 -5.418276e-002 -9.528053e-001 -7.917637e-001 -1.176955e+000  6.361299e-001  1.443073e-001 -6.278743e-001 -1.977704e-001 -5.187228e-004 -7.004452e-001 -1.357638e+000  2.110996e-001  9.611709e-002
-6.359175e-001  3.415799e+000 -5.614746e+000  4.869101e+000 -3.603993e+000  1.431161e+001  1.187804e+001 -4.726661e-001 -9.947605e-001  3.170914e+000  4.969966e+000 -6.786747e-001  4.153587e+001 -1.546237e+000 -3.271677e+000 -9.031885e-001 -3.546149e-001  4.385655e+000 -1.491260e-003  2.187580e+000  7.958905e-001  6.863160e-001  7.948597e-003 -4.363450e+000 -3.496006e-001 -1.666434e+000 -1.526635e-001 -2.392024e-001 -4.593576e-001 -1.407862e+000 -7.965541e-001 -3.919902e-001 -1.608483e+000 -4.829959e-001 -1.558979e-002 -8.847026e-001 -1.853731e-001  2.728696e-001  7.389637e-002
-3.030988e+000  1.838923e-001 -3.856690e+000  3.965886e+000 -3.041523e-001  1.080246e+001  1.823898e+001  4.463029e+000 -8.135292e+000 -6.454847e+000 -1.205939e+000  1.388178e+000  4.045310e+001 -1.524482e+000 -2.803749e+000 -5.194495e-001 -1.868602e+000  2.810590e+000 -9.083925e-001  4.714781e-001  8.982615e-001 -3.782115e-002 -1.277727e+000 -4.423985e+000  1.862643e-001 -1.662635e+000 -1.309738e-001  7.189699e-001  5.469497e-002 -7.405407e-001 -1.387595e+000 -7.805210e-001 -2.325270e+000 -9.288270e-001  2.260898e-001 -2.943427e-001  1.045658e+000  2.239641e-001 -9.034137e-002
-4.519513e+000 -2.719501e+000 -6.863805e+000 -1.093924e-001  1.169324e+000  1.215659e+001  1.104289e+001  2.196601e-001  4.727417e+000  1.741462e+000 -7.346696e+000 -4.532121e-001  3.848242e+001 -1.971976e+000 -1.383568e+000 -7.268182e-001 -2.218309e+000 -2.103301e-001 -2.991207e+000 -2.345578e+000  1.478800e-001 -5.090666e-001 -1.679997e+000 -3.246022e-001  1.084230e+000 -2.119389e+000 -9.895539e-002  1.340503e+000  5.998015e-001  5.595157e-001 -1.157619e+000 -6.932091e-001 -1.497321e+000 -6.073854e-001 -2.646079e-001 -8.097391e-002  1.834162e+000  3.132872e-001 -1.520498e-001
-4.759750e+000 -2.553614e+000 -6.855307e+000 -3.116056e+000 -9.530852e-001  7.619456e+000  1.242734e+001  3.009747e+000 -5.874712e+000 -5.488401e+000 -4.690988e+000  3.035031e+000  3.705610e+001 -1.891293e+000  5.615778e-001  4.861079e-001 -6.896088e-001 -5.154215e-001 -3.145113e+000 -4.907390e+000 -1.924534e+000  4.722055e-001 -5.458345e-001  9.607897e-001  7.383940e-001 -2.299289e+000  7.157594e-002  1.462115e+000  1.003865e+000  1.291831e+000 -7.021013e-002  5.217608e-001 -8.909816e-002 -3.095710e-001  2.094562e-001  5.830756e-001  1.210501e+000 -3.475028e-002  2.843525e-002
-9.631416e+000 -2.133287e+000 -7.749528e+000 -2.681474e+000 -4.331177e+000  9.470819e-001  3.055970e+000  9.933746e-001 -4.670384e+000 -5.712296e+000  5.089479e+000  3.919047e+000  3.263743e+001 -1.857609e+000  1.748175e+000  1.593040e+000  1.853467e+000  2.605661e-001 -2.349176e+000 -2.609592e+000 -8.296387e-001 -8.917368e-001 -7.628670e-001  2.114972e+000  9.407704e-001 -2.108356e+000  4.014387e-001  1.072531e+000  1.234946e+000  1.311419e+000  1.003025e+000  1.758201e+000  1.610707e+000  3.885738e-001  1.581413e-001  7.930846e-001 -1.009914e-001 -1.918765e-001  3.540659e-001
-9.931502e+000  2.698674e+000 -9.832893e-001  1.803884e+000 -1.310089e-001  6.816441e-001 -2.304510e+000 -5.546499e+000 -1.075364e+000 -5.457140e+000 -2.620079e+000  2.894018e+000  3.187915e+001 -1.223786e+000  2.940956e+000  3.339945e+000  2.554664e+000  2.224091e+000  1.379396e+000  1.579943e-001 -1.608343e-001  1.200795e+000  1.179087e+000  4.087320e-001  8.424258e-002 -1.525976e+000  5.470693e-001  3.195645e-001  5.339430e-001  3.682506e-001  8.997135e-001  1.685223e+000  2.057996e+000  8.390931e-001 -1.443189e-001  4.881596e-001 -1.874263e-001 -1.473031e-001  5.127938e-001
-1.122168e+001  3.395231e+000 -1.834612e+000  6.697972e+000  2.061116e+000  3.879615e+000  5.360861e+000  3.495900e-001 -2.130941e+000 -2.088503e+000  2.192712e+000  4.321147e+000  3.052911e+001 -2.985361e-001  2.789396e+000  4.020995e+000  2.716651e+000  3.435037e+000  3.537544e+000  3.175267e+000  1.208899e+000 -8.265476e-002  1.422965e+000 -5.535306e-001  4.519229e-001 -7.357162e-001  5.499508e-001 -3.176689e-001 -2.570148e-001 -6.416687e-001  1.232439e-001  7.307200e-001  7.195636e-001  2.349053e-001 -1.064577e-001 -6.114396e-002 -6.326122e-001 -4.869146e-001  5.074391e-001
-1.008355e+001  9.386907e+000  6.886961e+000  4.967539e+000  6.971222e+000  1.305017e+001  1.206487e+001  2.527468e+000 -1.140458e+000 -1.404864e+000 -1.198944e+000  3.255194e+000  3.048038e+001  6.451692e-002  1.638790e+000  1.941846e+000  7.200523e-001  2.395910e+000  2.337641e+000  2.490162e+000  1.251663e+000 -6.539300e-001  8.020476e-001  1.357909e+000  2.463024e-001 -4.216398e-001  1.915913e-001 -9.332200e-001 -1.185926e+000 -1.018985e+000 -1.082791e+000 -1.203232e+000 -9.758337e-001 -2.341978e-001 -1.155951e-001 -5.084934e-001 -2.960670e-001 -4.904459e-001  3.166287e-001
