17 39
 1.089971e+001  4.880215e+000 -1.269759e+000 -4.786883e+000 -2.742712e+001 -2.468401e+000  1.394941e+000 -3.591742e+000 -3.625732e+000 -1.203605e+001  9.651241e-001 -8.307058e+000  5.964997e+001 -1.319981e-001  8.876218e-001  1.009158e+000 -9.687579e-001  8.739322e-001 -1.640514e+000  4.544806e-001 -9.118389e-001 -1.559906e+000  3.571602e+000 -2.510124e+000 -2.173414e+000 -1.409656e+000 -3.068947e-002 -8.251841e-001 -8.977374e-001 -9.347589e-002  5.522618e-001  6.048213e-001  6.568696e-001 -2.223681e-001  2.313153e-001 -4.471721e-001  7.071587e-001  3.685813e-001  8.647581e-001
 1.141432e+001  4.374864e+000 -1.755752e+000 -4.252544e+000 -2.759691e+001 -3.256546e+000 -4.410390e+000 -7.813628e-001 -6.767371e+000 -1.230158e+001  1.243427e+000 -1.152213e+001  5.794523e+001 -1.055652e-001 -3.288574e-002 -5.414262e-001 -3.448642e-001  6.731142e-001 -3.486645e-001  1.132705e+000 -7.207052e-001 -8.407395e-001  2.240744e+000 -9.014745e-001 -2.055855e+000 -1.124298e-001 -4.797253e-002 -8.661422e-001 -8.323655e-001  4.825916e-002  2.015144e-001  1.246202e+000  9.603785e-001 -2.225302e-001  6.893691e-001 -1.094377e+000  8.802283e-001  4.995934e-001  1.124283e+000
 1.136050e+001  4.181669e+000 -2.418127e+000 -6.039870e+000 -2.584109e+001 -4.606160e+000  4.533430e+000 -7.066265e+000 -6.191428e+000 -6.538956e+000 -1.330873e+000 -1.095625e+001  5.891069e+001 -3.040911e-001 -9.047006e-001 -1.239333e+000 -2.076779e-001  7.483303e-001  1.481346e+000  2.063418e+000 -5.172201e-001 -1.078798e-001  7.460420e-001 -3.886215e-001 -1.309837e+000  1.291891e+000 -1.402753e-001 -7.844122e-001 -5.296369e-001  8.472385e-002  1.468504e-001  1.552509e+000  1.444893e-001  6.162582e-002  7.106257e-001 -1.565648e+000  1.140144e+000  4.220772e-001  1.022964e+000
 1.093659e+001  2.771645e+000 -5.155761e+000 -3.497772e+000 -2.809701e+001 -5.736426e-001  4.410522e+000 -3.805343e+000 -4.595396e+000 -9.633646e+000  5.864713e-001 -1.351354e+001  6.132250e+001 -3.722538e-001 -1.701660e+000 -1.269157e+000 -4.476349e-001  9.955422e-001  3.281830e+000  2.687823e+000 -8.399631e-001  9.504292e-001 -9.862128e-001  6.783730e-001 -6.814290e-001  2.208526e+000 -1.702474e-001 -5.705515e-001 -1.122685e-001 -4.941335e-002  3.957234e-001  9.869919e-001 -3.964972e-001 -2.133484e-001  4.501778e-001 -1.184692e+000  1.098432e+000  4.266937e-001  5.835040e-001
 9.618124e+000  1.158321e+000 -5.766418e+000 -6.202659e+000 -2.343541e+001  3.596876e+000  7.301573e+000 -4.665852e+000 -5.251119e+000 -9.639808e+000 -6.495056e-001 -1.386054e+001  6.442079e+001 -7.000302e-001 -2.200052e+000 -1.275160e+000 -4.937533e-001  1.446970e+000  4.306785e+000  3.993680e-001 -5.440809e-001  1.097638e+000 -2.643158e+000  2.400672e+000 -7.502414e-001  2.544685e+000 -9.911900e-002 -3.193018e-001  8.792168e-002  1.291977e-001  4.843365e-001  1.368904e-003 -1.009762e+000 -2.810528e-001  1.196366e-001 -3.635949e-001  9.170166e-001  2.985844e-001  4.673011e-002
 1.042423e+001 -2.621764e+000 -6.427393e+000 -6.409325e+000 -2.382204e+001  9.051085e+000  7.644653e+000 -6.181385e+000 -2.485379e+000 -1.568221e+001  4.294608e+000 -1.347713e+001  6.623281e+001 -7.588325e-001 -2.237967e+000 -1.084855e+000 -4.488932e-001  2.302411e+000  3.173576e+000 -1.775661e-002 -1.774017e+000  8.073903e-001 -1.988118e+000  3.196041e+000 -2.021837e-001  2.178693e+000  1.773695e-002 -1.014806e-001  2.473146e-001  3.652008e-001  5.044457e-001 -8.850057e-001 -1.354951e+000  2.817586e-002 -2.780784e-001  6.682782e-001  1.116718e-001  2.602538e-001 -3.700828e-001
 8.116522e+000 -4.121885e+000 -8.158113e+000 -7.052860e+000 -2.074373e+001  1.211540e+001  4.913204e+000 -8.598648e+000 -1.758246e+000 -1.673046e+001  8.818419e+000 -1.472566e+001  6.917896e+001 -6.063967e-001 -2.233056e+000 -8.918756e-001  4.389396e-001  2.516578e+000  1.542318e+000 -1.632604e+000 -1.455457e+000  5.618224e-001 -5.709804e-001  2.937628e+000 -5.653725e-002  1.540458e+000  2.433091e-001 -5.088313e-002  5.616024e-001  4.261137e-001  3.457430e-001 -1.275248e+000 -1.146978e+000  4.356114e-001 -1.713617e-001  9.969947e-001 -7.673292e-001  2.523830e-001 -6.144595e-001
 7.893225e+000 -5.778090e+000 -9.384189e+000 -5.317137e+000 -1.793080e+001  1.103497e+001  5.515924e+000 -1.070903e+001 -2.304880e+000 -1.602891e+001  1.183271e+001 -1.409190e+001  6.983688e+001 -3.303858e-001 -2.192561e+000 -2.242269e-001  9.120225e-001  2.982967e+000  2.390347e-001 -3.070944e+000 -2.433958e-001 -1.720550e-001  1.319090e+000  9.682544e-001  2.729878e-001  8.602257e-001  3.340056e-001 -9.096596e-002  8.619458e-001  3.218076e-001  5.054665e-002 -1.066674e+000 -1.017215e+000  9.149494e-001  5.899055e-002  5.456459e-001 -1.157015e+000 -6.712286e-002 -6.087115e-001
 7.851645e+000 -8.428795e+000 -8.747398e+000 -4.554055e+000 -1.379814e+001  1.031652e+001  2.029195e-001 -9.679314e+000 -2.532256e+000 -1.232136e+001  1.026958e+001 -1.383584e+001  7.032104e+001  3.022918e-001 -2.477170e+000  1.102538e+000  9.563572e-001  2.835408e+000 -6.021850e-001 -3.808928e+000  8.686654e-001  7.305526e-001  6.882124e-001 -3.220809e-001  2.740877e-001  1.316216e-001  2.394113e-001  4.006882e-002  1.007362e+000  1.475941e-001 -2.256374e-002 -6.619194e-001 -4.449478e-001  7.152641e-001  2.684005e-001 -1.557618e-001 -1.040448e+000 -4.604842e-001 -5.521510e-001
 8.904743e+000 -1.143112e+001 -7.253885e+000 -3.098615e+000 -1.238000e+001  1.114570e+001 -5.354926e+000 -6.858031e+000 -2.958649e+000 -1.129132e+001  8.410300e+000 -1.255710e+001  6.996290e+001  4.568514e-001 -2.570740e+000  2.227668e+000  9.014360e-001  2.395730e+000 -1.087542e+000 -4.015668e+000  1.638669e+000  1.017978e+000  1.105155e-001 -9.591813e-001 -7.031105e-001 -1.604462e-001 -1.083884e-001  6.257813e-001  1.084527e+000  4.212260e-003 -1.802064e-001 -1.662897e-001  6.650789e-002 -2.983083e-001  8.318404e-002 -3.232287e-001 -1.796204e-001 -9.097362e-001 -5.324534e-001
 9.122222e+000 -1.368122e+001 -3.710577e+000 -3.380335e+000 -9.342092e+000  9.049111e+000 -8.696010e+000 -6.180820e+000  2.221401e+000 -1.565820e+001  8.919221e+000 -1.412262e+001  6.977406e+001  1.970410e-001 -1.843622e+000  2.918985e+000  1.182203e+000  2.697378e+000 -1.103991e+000 -3.384981e+000  1.179831e+000  1.308808e+000 -7.455022e-001 -1.300893e+000 -1.870909e+000 -7.099609e-001 -4.450222e-001  1.305621e+000  8.532514e-001 -1.798803e-001 -4.101102e-001  2.883720e-001  6.195720e-001 -1.342643e+000 -7.501393e-001  1.834993e-001  6.252302e-001 -7.056408e-001 -4.766988e-001
 9.542193e+000 -1.600558e+001 -7.642615e-001 -1.396817e+000 -8.180173e+000  6.230968e+000 -1.011295e+001 -4.264933e+000  4.081808e-001 -1.380791e+001  7.711987e+000 -1.746406e+001  6.930814e+001 -8.197023e-001  6.195710e-001  4.290182e+000  8.201607e-001  2.150949e+000 -3.415110e-001 -2.950378e+000 -1.890520e+000 -4.526262e-002  4.198033e-001  5.595582e-001 -3.203195e+000 -1.381250e+000 -5.204525e-001  1.593660e+000  4.084316e-001 -4.226592e-001 -7.584302e-001  5.261282e-001  1.100415e+000 -1.602384e+000 -1.222576e+000  2.868999e-001  9.320567e-001  3.029715e-001 -3.470485e-001
 8.518125e+000 -1.535968e+001  2.602715e+000  5.060623e-001 -2.411163e+000  7.253932e+000 -1.434297e+001 -5.076707e+000  2.328370e+000 -1.479057e+001  4.114273e+000 -2.073691e+001  6.709862e+001 -1.284542e+000  2.455779e+000  4.337537e+000  9.759358e-002  9.072471e-001  4.666595e-001 -1.243713e+000 -4.079957e+000 -2.488524e+000  1.451065e+000  2.044700e+000 -2.004074e+000 -1.641470e+000 -2.252153e-001  1.042269e+000 -3.322713e-001 -5.250384e-001 -1.174051e+000  3.599367e-001  1.332932e+000 -5.611828e-001 -1.218493e+000  1.496914e-001  3.322419e-001  1.386536e+000 -5.523145e-003
 5.108280e+000 -7.494035e+000  1.104038e+001 -9.410100e-001 -5.090715e+000  1.033573e+001 -1.728333e+001 -1.686269e+001 -3.238446e+000 -9.626109e+000  1.361057e+001 -2.526593e+001  6.439437e+001 -1.404619e+000  3.247861e+000  3.560549e+000 -6.695554e-001 -5.013560e-001  7.577738e-001  4.157704e-001 -3.743355e+000 -3.196236e+000  4.467313e-001  2.028306e+000  8.783295e-001 -1.429934e+000  2.913756e-001 -1.884704e-001 -1.448154e+000 -2.963693e-001 -9.773368e-001  8.698652e-003  1.073179e+000  1.501159e+000 -2.725561e-001 -4.342721e-001 -1.204046e+000  1.883860e+000  4.279046e-001
 4.916466e+000 -5.658102e+000  1.207479e+001 -3.120270e+000 -6.350585e+000  9.330026e+000 -1.132938e+001 -2.028173e+001 -8.397903e+000 -1.049377e+001  1.619343e+001 -2.024205e+001  6.402360e+001 -6.365768e-001  2.053578e+000  1.622445e+000 -6.981304e-001 -1.846724e+000  1.460502e-001  1.596604e+000 -6.996654e-001 -3.208171e+000 -1.050921e-002 -3.740567e-001  3.021007e+000 -7.132347e-001  5.258725e-001 -9.239533e-001 -1.879564e+000 -2.091836e-002 -4.663955e-001 -2.680684e-001  3.989843e-001  2.614254e+000  8.003049e-001 -6.353232e-001 -1.885878e+000  1.018554e+000  6.031246e-001
 4.319926e+000 -4.617057e+000  1.230245e+001 -2.931427e+000 -8.717242e+000  8.981790e+000 -9.540895e+000 -1.537920e+001 -1.020986e+001 -1.372266e+001  1.181393e+001 -1.331984e+001  6.369598e+001  3.131927e-001 -1.216810e-001 -1.593040e+000 -2.638240e-001 -1.358749e+000 -1.377130e-001  9.953591e-001  3.925130e+000 -1.048219e+000 -1.020770e+000 -4.251291e+000  3.703562e+000  2.941551e-001  5.456792e-001 -9.241489e-001 -1.661485e+000  8.694334e-002  5.918873e-003 -4.080562e-001  1.360033e-001  2.010578e+000  1.176642e+000 -1.973449e-001 -1.240422e+000 -5.314604e-001  4.713857e-001
 5.729418e+000 -6.530276e+000  1.008391e+001 -1.989381e+000 -9.831519e+000  8.661155e+000 -1.023117e+001 -9.316779e+000 -1.022677e+001 -1.279485e+001  3.142305e+000 -1.160492e+001  6.388164e+001  4.859142e-001 -4.792168e-001 -2.483489e+000 -2.098639e-001 -9.960338e-001 -4.259392e-001  4.614145e-001  5.157070e+000  4.389921e-001 -9.918003e-001 -4.244891e+000  1.676080e+000  5.121078e-001  2.778783e-001 -2.612866e-001 -7.888680e-001 -1.647113e-001  2.060580e-001 -3.332977e-001  2.423031e-001  4.080868e-001  1.009709e+000  1.747687e-001  1.932299e-001 -1.418580e+000  1.558901e-001
