21 39
-1.641782e+001  1.324998e+000  7.515831e+000 -3.367973e+000  1.633937e+000  8.069530e-001 -5.833313e+000  3.158089e+000 -8.342844e+000 -4.087304e+000 -2.931101e+000  1.130171e+000  6.064489e+001 -4.796186e+000  1.334043e+000  4.212908e+000 -1.488440e+000 -1.848104e+000  5.040672e+000 -1.357512e+000  5.070614e-001  6.499425e-001  2.474465e+000  8.005537e-001  1.313959e+000 -2.380312e+000  2.359402e+000 -5.079913e-001 -6.651806e-001  1.518336e+000 -1.030879e+000 -1.684139e+000  2.168679e-001 -9.468841e-003  2.175668e+000 -3.639364e-001  1.103246e+000 -6.386647e-001 -1.157266e+000
-2.254656e+001  4.515995e+000  1.243354e+001 -3.065841e+000  3.456761e+000  1.156386e+001 -9.177689e+000  3.310504e+000 -1.726853e+000  3.287913e+000  1.306884e+000  2.856196e+000  6.105130e+001  6.718111e-002  2.189330e+000  2.002748e+000  2.132281e+000 -1.373847e+000 -8.665291e-002 -6.516593e-001  1.097010e+000  2.300043e+000  1.707529e+000  7.604911e-001  1.119137e+000 -6.101803e+000  2.909686e+000 -1.060385e+000 -1.854429e+000  8.675194e-001  2.506109e-002 -2.746073e+000  8.147179e-001 -1.542563e-001  5.669741e-001 -9.344593e-001  3.243293e-001 -7.438304e-001 -5.588080e-001
-1.506628e+001  8.650652e+000  1.957369e+001  1.319126e+000 -2.484256e+000  8.488265e+000 -8.064963e+000  7.216691e+000  2.294531e+000 -1.876834e-001 -2.889474e+000 -1.038000e+000  4.832010e+001  3.072918e+000  2.222526e+000  2.019833e-001  3.478443e+000  5.382378e-001 -4.099652e-001  3.194612e+000  2.956470e-001  2.293966e+000  1.205126e+000  1.479659e+000  3.165958e-002 -8.099407e+000  1.000024e+000 -1.441695e+000 -2.695062e+000 -8.183411e-001  7.641716e-001 -2.339706e+000  5.571327e-001 -6.218463e-001 -8.677114e-001 -7.826605e-001 -1.422983e-001 -4.718395e-001  1.966521e+000
-7.608848e+000  1.144611e+001  1.036013e+001  9.388649e+000  2.216852e+000 -1.924935e-001 -3.851784e-002  7.062495e+000  5.372271e-002 -3.865750e+000  5.105757e-001  3.086535e+000  3.373486e+001  3.160997e+000 -2.611217e+000 -3.902080e+000 -7.250307e-001  3.870834e-001 -4.315646e+000  1.877714e+000 -4.405000e-001 -1.016322e+000 -4.875386e-001  4.753768e-001 -7.581566e-001 -1.866148e+000 -1.491367e+000 -1.333156e+000 -1.596849e+000 -2.132660e+000  1.977879e-001 -8.931020e-001 -2.577103e-001 -7.734577e-001 -1.094747e+000 -4.541226e-001 -7.122066e-001 -5.589504e-001  4.272193e+000
-8.522092e+000  8.972572e+000  9.562451e+000  7.796999e+000  4.945080e+000  4.635305e+000  5.570159e+000  2.760329e+000  2.236700e+000  5.515159e+000  4.865348e+000  1.173299e+000  3.380608e+001 -1.342973e+000 -3.474159e+000 -6.309986e+000 -4.151490e+000  1.092289e+000 -4.543361e+000  1.634644e-001 -1.833415e+000 -2.030432e+000 -3.413033e-001  2.316195e-001 -1.065920e-001  5.334463e+000 -2.469595e+000 -3.353409e-001 -6.720978e-002 -1.671734e+000 -7.391827e-001 -1.921190e-001 -9.760799e-001 -3.265920e-001 -8.125572e-001 -3.253728e-001 -1.182236e+000 -4.583266e-001  4.017631e+000
-1.001367e+001 -8.701052e+000 -2.071242e+000 -9.929931e+000  1.677510e+000 -8.087884e+000 -6.606680e+000  3.336185e+000 -6.779547e+000 -2.001201e+000 -1.936428e-001 -2.040236e+000  5.897757e+001 -5.181710e+000 -1.628110e+000 -2.725511e+000 -4.716054e+000 -6.619333e-001 -2.485465e+000 -4.246374e-001 -1.705748e+000 -1.011494e+000  2.101312e-001 -2.176522e+000 -1.606489e+000  8.542230e+000 -1.640970e+000  1.177181e+000  1.822946e+000  5.180874e-001 -8.692078e-001  1.367781e+000  3.200841e-002  7.784890e-002  2.041085e-001  3.760997e-001 -6.236535e-001  1.768653e-001  9.735468e-001
-2.057873e+001  1.353438e+000 -5.760550e+000 -9.779034e+000  3.246858e+000 -1.028084e+001 -3.963560e+000 -8.723054e-002 -4.440995e+000 -2.826475e+000 -1.379268e+000  9.924263e-001  6.237106e+001 -5.103702e+000  5.426795e-002 -7.223504e-001 -2.884716e+000 -2.633167e+000 -2.285650e+000 -5.346121e-001 -7.046889e-001 -1.771234e+000 -7.705727e-001 -3.105570e+000 -1.835807e+000  6.784556e+000  6.316993e-001  7.829748e-001  2.165472e+000  1.743385e+000 -7.440800e-001  1.565463e+000  3.750212e-001  6.223532e-001  4.604074e-001  4.171943e-001  1.650227e-001  5.903276e-001 -1.351817e+000
-2.748908e+001  7.115127e+000  4.394081e+000 -5.403605e+000 -2.437033e-001 -5.161746e+000  2.605155e+000 -4.246508e-002 -1.664898e+000  1.355723e+000 -7.249728e+000 -4.855473e+000  6.216351e+001 -3.163488e+000  1.510476e+000  2.418834e+000  1.232019e+000 -2.096228e+000  1.394406e+000  2.386794e+000 -6.156187e-001 -1.253789e-001  1.607594e+000 -9.742959e-001  9.907776e-001  2.276540e+000  2.235921e+000 -1.930738e-001  8.360153e-001  1.493714e+000 -3.684179e-001  7.125158e-001  1.721879e-001  6.432568e-001  4.885620e-001  4.243039e-001  1.025694e+000  7.662851e-001 -2.032681e+000
-2.530290e+001  1.335823e+000  2.718038e+000 -8.889744e+000 -7.260148e+000 -8.256016e+000 -1.708818e+000  9.262089e-001 -9.176793e+000 -1.616666e-002 -7.134457e+000 -6.598121e+000  6.613589e+001  8.064127e-001 -1.128577e+000  1.945201e+000  1.591399e+000 -1.910964e+000  1.344019e+000  6.328546e-001  7.332862e-001 -1.714528e-001  1.045937e+000  4.556197e-001  1.546413e+000  1.708225e+000  2.531769e+000 -3.920329e-001  1.465470e-001  1.052124e+000  1.575972e-001 -9.945569e-002 -3.506334e-001  2.347223e-001  7.076730e-001  2.628379e-001  9.292023e-001  3.324081e-002 -1.567922e+000
-2.346903e+001 -1.139863e+000  5.783634e+000 -4.214478e+000 -3.550125e+000 -2.128269e+000  4.199921e+000 -2.486282e-001 -5.038542e+000  4.631618e+000 -2.187528e+000  6.708925e+000  6.847785e+001  3.042838e+000 -2.002056e+000  1.207902e-001  5.144587e-001 -2.865124e+000 -7.377212e-001 -1.474310e-001  7.915484e-001  6.314261e-001  1.423396e+000  1.171352e+000  5.338264e-001  9.169906e-001  2.155944e+000 -2.943527e-001 -4.760170e-001  7.691118e-001  1.324327e-002 -1.267561e+000 -1.329451e+000 -3.337133e-001  6.250327e-001 -1.207871e+000  1.305972e-001 -9.236788e-001 -5.288493e-001
-1.855669e+001 -1.619541e-001  3.270679e+000 -2.416600e+000 -4.654752e+000 -5.077485e+000 -1.596670e+000  3.682282e+000 -3.611437e+000  7.652611e-001 -1.632269e+000  2.942291e+000  6.775501e+001  4.451980e+000 -1.496305e-001  1.159407e+000  2.734683e+000 -1.460733e+000 -1.716866e+000 -1.020666e+000 -2.346612e-001  1.388729e+000  6.357161e-001  4.676177e-001 -1.441128e+000 -3.752800e-001  1.144488e+000  1.441299e-001 -3.343551e-001  1.214433e+000  1.690256e-001 -1.189397e+000 -1.270358e+000 -1.064815e+000  8.597909e-001 -1.928148e+000 -1.540095e-001 -4.095652e-001  4.326178e-002
-1.564799e+001 -2.146265e+000  4.721712e+000 -6.067884e+000 -1.587202e+001 -1.043962e+001  1.811926e+000  2.537240e+000 -1.290446e+000  8.081988e+000 -4.144061e+000 -6.956546e+000  6.593890e+001  5.793446e+000 -4.507604e-001  4.316462e-001  4.505937e+000 -2.255127e+000 -3.412956e+000 -3.433700e+000 -1.800212e+000  2.219694e+000 -4.226649e+000 -3.273091e-001 -2.133846e+000  6.740456e-001  2.166386e-001  5.005003e-002 -3.489703e-001  1.286555e+000  7.344812e-001 -5.277625e-001 -1.223192e+000 -9.332499e-001  8.783611e-001 -2.255390e+000 -1.773211e-001  8.511105e-001  5.485610e-001
-6.953516e+000  1.090871e+000  9.046032e+000  5.710374e+000 -8.402864e+000 -1.268467e+001 -5.618153e+000 -1.640031e+000 -4.107198e+000  1.437228e+000 -3.818102e+000 -6.971024e+000  6.552896e+001  5.153546e+000 -1.183576e+000  1.179976e-001  5.667828e+000 -1.370835e+000 -3.265351e+000 -4.075801e+000 -3.294909e+000  3.333368e+000 -5.769782e+000  4.349031e-001  8.324232e-001  2.046007e+000 -7.656538e-001 -3.379772e-001 -8.375857e-001  3.976970e-002  6.614015e-001  9.746282e-002 -6.371536e-001 -1.584518e-001  7.234678e-001 -1.065555e+000 -2.222773e-001  1.565370e+000  5.803599e-001
-3.033842e-001 -4.020078e+000  5.054188e+000  1.425172e+001 -1.295170e+001 -1.538946e+001 -1.095784e+001 -6.588530e+000  6.307807e+000 -1.683761e+001 -2.731157e+000  9.963517e-001  7.296111e+001  3.775248e+000 -1.234833e+000 -1.103357e+000  5.480660e+000  7.623326e-001 -2.602291e+000 -4.735823e+000 -2.344577e+000  4.050912e+000 -6.650806e+000  3.011038e-001  3.652603e+000  2.449152e+000 -1.367872e+000  2.533597e-002 -6.955670e-001 -1.162968e+000  9.925762e-001  8.459248e-001  2.857620e-001  5.098240e-001  4.485631e-003  1.181976e+000 -3.695874e-001  1.059658e+000 -2.284740e-001
-4.612644e-001 -5.142927e+000  3.694428e+000  1.576274e+001 -1.296909e+001 -1.892932e+001 -1.559079e+001 -8.229380e+000  9.256277e+000 -1.562385e+001 -1.642059e-001  3.127957e+000  7.447395e+001  1.632810e+000 -1.447480e+000 -2.261021e+000  2.446170e+000  3.375450e-001 -1.634884e+000 -3.555373e+000 -7.547375e-001  4.090459e+000 -3.479979e+000 -9.579751e-001  3.492496e+000  1.638966e+000 -1.087710e+000  3.866256e-001 -4.788371e-001 -1.818377e+000  8.626469e-001  1.245970e+000  9.286667e-001  4.379346e-001 -7.984730e-001  2.081074e+000 -4.371443e-001 -1.324573e-001 -8.559353e-001
-1.787657e-002 -5.203533e+000  1.880729e+000  1.630923e+001 -9.777248e+000 -2.032875e+001 -1.688087e+001 -5.890971e+000  1.228238e+001 -1.664150e+001 -4.465490e+000  6.256979e+000  7.371217e+001  7.144555e-001 -1.921285e-001 -1.856679e+000  3.019256e-001  1.853564e+000  1.434517e-003 -2.265104e+000 -5.211779e-001  1.863577e+000  5.383282e-001 -1.478807e+000  1.834409e+000 -2.648041e-001 -4.919876e-001  5.298246e-001 -3.665252e-002 -1.853750e+000  4.566013e-001  1.340730e+000  1.451817e+000 -2.865176e-001 -1.476180e+000  1.980543e+000  2.594411e-001 -9.050916e-001 -9.544078e-001
 1.067780e+000 -5.554800e+000 -6.723415e-001  1.691247e+001 -8.302366e+000 -1.838944e+001 -2.043350e+001 -5.762498e+000  1.335781e+001 -1.606072e+001 -7.740811e+000  7.861143e+000  7.334826e+001  1.245393e+000  2.281999e-001 -1.899527e+000 -8.346928e-001  2.396784e+000  1.662637e+000 -6.678272e-001 -2.016936e+000  4.346706e-001  1.041024e+000 -8.608629e-001  1.079234e+000 -8.766915e-001  1.375467e-001  4.845676e-001  3.001175e-001 -1.289477e+000  1.596435e-001  1.019672e+000  1.703840e+000 -7.443135e-001 -1.656378e+000  6.831921e-001  9.994025e-001 -6.415171e-001 -6.934169e-001
 2.504371e+000 -4.774784e+000 -2.045824e+000  1.518648e+001 -6.017244e+000 -1.565222e+001 -1.986200e+001 -1.042786e+001  1.357492e+001 -1.392753e+001 -6.336890e+000  7.801803e+000  7.219993e+001  1.509019e+000  5.764496e-001 -1.467366e+000 -2.147661e+000  2.015719e+000  2.452601e+000  1.079488e+000 -3.146066e+000 -1.502093e+000  9.914076e-001  1.549753e+000  3.337765e-001 -1.065057e+000  3.442522e-001  1.718637e-001  3.816319e-001 -8.290626e-001 -6.135163e-001  4.025580e-001  1.719525e+000 -2.942132e-001 -1.327765e+000 -5.316793e-001  9.414816e-001  6.659182e-002 -3.266634e-001
 4.504576e+000 -4.216302e+000 -3.839928e+000  1.215065e+001 -2.865168e+000 -1.295440e+001 -1.743936e+001 -1.604561e+001  1.078336e+001 -1.177571e+001 -3.532820e+000  7.751714e+000  7.084661e+001  1.923262e+000  5.910690e-001 -9.550896e-001 -2.776422e+000  1.054685e+000  2.237892e+000  3.291533e+000 -3.163861e+000 -2.508595e+000 -2.905586e-001  2.524757e+000  1.035227e+000 -1.427992e+000  1.965155e-001  9.429035e-002  5.020581e-001 -3.972610e-001 -1.258100e+000 -9.283352e-002  1.291809e+000  7.660621e-001 -9.207000e-001 -7.599260e-001  1.344252e-001  3.796383e-001 -2.298534e-001
 5.808819e+000 -2.990534e+000 -3.872310e+000  7.951837e+000 -2.417251e+000 -1.078327e+001 -1.298050e+001 -1.647974e+001  6.059140e+000 -1.382697e+001  1.179282e+000  7.980576e+000  6.963771e+001  2.096782e+000  4.857553e-001 -4.207383e-001 -2.872523e+000 -5.429678e-001  1.726597e+000  4.352840e+000 -1.418781e+000 -3.303615e+000 -1.454277e+000  1.535791e+000  2.189371e+000 -1.622471e+000 -9.131281e-002  1.580541e-001  4.504101e-001  8.701453e-002 -1.545856e+000 -2.368106e-001  5.065500e-001  1.567171e+000 -5.529157e-001 -3.116487e-001 -9.240481e-001  1.245926e-001 -1.194803e-001
 9.031867e+000 -3.491580e+000 -4.534547e+000  6.647680e+000 -4.828940e+000 -9.634460e+000 -7.416590e+000 -1.855586e+001  4.572730e+000 -1.756380e+001  1.124890e+000  1.294789e+001  6.748941e+001  1.934089e+000  7.449989e-001  8.744971e-002 -2.458567e+000 -2.614372e+000  1.561471e+000  4.154543e+000  9.497326e-001 -3.268068e+000 -1.535764e+000 -1.817556e-001  2.049628e+000 -1.747252e+000 -5.013902e-001  4.218757e-001  3.037052e-001  2.828396e-001 -1.271356e+000 -2.897936e-001 -2.701268e-001  1.748618e+000 -3.375337e-001  3.785985e-001 -1.196056e+000 -7.335768e-001  5.984269e-002
