18 39
-1.791043e+001  8.680793e-001 -9.582985e-001  5.669274e-001 -2.737251e+000 -4.787389e+000 -4.199121e+000 -2.588595e+000  2.729375e+000  2.615720e+000  3.306000e+000 -1.921364e-001  2.738609e+001  9.934931e-002 -6.158615e-001 -5.102823e-001  1.946587e-001  1.644398e-001 -7.421368e-001 -1.165881e+000 -1.592936e+000  4.968606e-002  5.892774e-001  4.207239e-001  4.354652e-001  1.333094e-001 -2.130989e-001  9.890427e-002  4.517009e-001 -7.737488e-001  8.633378e-001  5.665937e-001  1.468522e-001  6.779749e-001 -2.260295e-001 -2.103978e-001 -1.405376e-001  1.522037e-001  2.506825e+000
-1.585098e+001  1.477103e+000 -8.382401e-001  1.950080e+000 -1.972933e+000 -3.850582e+000 -3.537604e+000 -1.258372e+000  1.733048e+000  4.130353e+000 -3.212316e+000 -2.961195e+000  2.778489e+001 -2.837152e-001 -1.209680e+000  7.301965e-001 -1.926444e+000  1.730327e+000  1.160135e-001 -6.419463e-001  1.906052e-001 -6.972136e-001  7.369754e-001  2.963231e-001  6.080617e-001  5.603040e+000 -7.971790e-001  4.580550e-001  4.141590e-001 -1.003664e+000  5.692689e-001  4.751160e-001  5.595710e-001  4.354110e-001 -4.554513e-001 -2.408978e-001  1.049643e-001 -1.775248e-001  3.084152e+000
-1.678484e+001  1.993538e+000 -6.098270e-001  2.204542e-001  6.891409e-001 -2.686199e+000 -2.028108e+000 -1.304321e+000  1.341007e+000  4.917755e+000  2.698639e+000 -2.148259e+000  2.762642e+001 -1.756297e+000 -6.319340e-001  5.507852e-001 -3.406990e+000  2.166207e+000  1.484079e-001  9.723826e-002  1.259003e+000 -8.113081e-001 -5.304484e-002 -2.633885e-001  9.139672e-002  9.784959e+000 -1.019250e+000  8.268791e-001  4.088881e-001 -3.894464e-001 -1.846716e-001  3.738359e-001  9.240549e-001 -5.734013e-002 -3.037438e-001 -2.120418e-001  2.547770e-001 -2.458820e-001  2.030422e+000
-1.959668e+001 -5.091401e+000  3.533332e+000 -1.126115e+001  5.409139e+000 -3.509533e+000 -3.950771e+000  2.713700e+000 -1.291901e+000  3.116873e+000  2.670814e-001 -6.176211e-002  5.484811e+001 -3.281095e+000  1.126898e+000  8.912163e-001 -2.901643e+000  8.874991e-001  2.617266e-001  1.080285e+000 -9.423736e-001 -1.220608e+000 -2.123186e-001  7.169970e-001 -8.077134e-001  1.065836e+001 -5.371267e-001  1.073198e+000  3.087114e-001  6.244409e-001 -1.214394e+000  2.233152e-001  8.545305e-001 -7.178017e-001 -2.191773e-001 -1.741845e-001  6.064766e-001 -2.728413e-002 -1.058091e+000
-2.481907e+001  9.926610e-001 -3.901581e-001 -9.862407e+000  4.402747e+000 -4.215875e+000 -3.506346e+000  1.720384e+000  1.853087e-001  2.857236e+000  2.493587e-001 -1.184869e+000  6.277927e+001 -3.498212e+000  2.350245e+000  1.453648e+000 -1.264974e+000 -3.375045e-001  1.054186e+000  2.593278e+000 -1.313148e+000 -1.207336e+000  3.715611e-003  1.484272e+000 -8.605740e-002  7.757756e+000  4.742666e-001  1.621374e-001  5.270424e-001  9.811720e-001 -1.593621e+000  1.588459e-001  2.973947e-001 -7.872701e-001  2.380908e-003 -2.626458e-001  4.283105e-001  2.909838e-001 -3.001444e+000
-2.823934e+001  7.612031e+000  3.508007e+000 -7.516705e+000  6.077595e-001 -1.777112e+000  2.602940e+000 -7.482592e+000 -3.792144e+000  4.099020e+000  1.597309e+000 -7.481457e+000  6.350028e+001 -2.098391e+000  2.665218e+000  1.822322e+000  1.247529e-001 -3.089789e+000  7.797004e-001  2.382686e+000 -2.112328e+000 -1.595086e+000 -1.623276e-001  2.454876e+000  5.603681e-001  1.326187e+000  1.768600e+000 -8.551916e-001  2.012646e-001  4.022194e-001 -1.698222e+000 -5.901237e-001 -9.399441e-001 -5.693023e-001 -7.500594e-002 -7.740629e-001 -8.376296e-001  4.290708e-001 -2.991072e+000
-2.995457e+001  7.393047e+000  6.671076e+000 -7.976635e+000  1.402308e+000  1.718520e+000  7.661425e+000 -2.771913e+000 -3.445552e+000  4.445259e+000  9.454884e+000  1.131301e+000  6.208912e+001  2.368374e-002 -5.904071e-001  2.720444e+000 -1.432786e-002 -3.813255e+000  6.836507e-001  9.330111e-001 -2.092370e+000 -6.121646e-001 -1.391269e+000  1.009225e+000  8.622750e-001 -5.561725e-001  2.572782e+000 -1.502831e+000 -9.201871e-002 -3.682988e-001 -1.699732e+000 -1.166775e+000 -1.982472e+000 -5.893688e-001 -5.510569e-001 -6.796440e-001 -2.321276e+000 -2.582142e-001 -1.502550e+000
-2.752089e+001  5.034498e+000  9.114326e+000 -1.158027e+001 -8.539588e+000 -2.578228e+000  2.378775e+000 -5.601793e+000 -7.451902e+000  1.511223e+000  7.938700e+000  1.581993e+000  6.182413e+001  3.800956e+000 -1.678734e+000  1.264141e+000 -1.515869e+000 -5.865736e+000 -2.503624e+000 -2.789302e+000 -3.399274e+000 -1.893224e+000 -3.385141e+000 -3.233627e+000  8.634745e-001 -1.400337e-001  2.282199e+000 -1.440158e+000 -1.921384e-001 -8.257088e-001 -7.747910e-001 -9.243191e-001 -1.834440e+000  3.585415e-002 -9.818135e-001  2.114303e-001 -2.919847e+000 -7.776803e-001  1.503783e-001
-2.505988e+001 -6.706080e-001  1.040890e+001 -7.902263e+000 -1.008985e+001 -3.970630e-001  1.270792e+000 -9.681866e+000 -1.045635e+000 -2.805212e+000  2.124787e+000 -1.405219e+000  6.083648e+001  6.416024e+000 -2.991933e+000  1.272645e+000 -2.286157e+000 -7.448189e+000 -3.138028e+000 -4.733087e+000 -3.616519e+000 -3.813552e+000 -1.783098e+000 -7.277858e+000 -1.528682e+000  9.781170e-001  1.108507e+000 -5.777755e-001 -1.902515e-001 -5.445293e-001  3.146215e-001 -2.742859e-001 -6.599233e-001  1.003667e+000 -1.174817e+000  1.395704e+000 -1.734640e+000 -7.816650e-001  4.799968e-001
-1.168191e+001  3.250188e+000  7.959800e+000 -1.513324e+001 -2.297484e+001 -1.323744e+001 -8.148254e+000 -2.102399e+001 -1.445822e+001 -9.201447e+000 -1.090578e+001 -1.895824e+000  6.342643e+001  6.116432e+000 -3.334811e+000  1.585530e+000 -2.867877e+000 -5.146277e+000 -1.931056e+000 -3.956465e+000 -1.170983e+000 -4.903460e+000  1.090738e+000 -8.000816e+000 -2.132555e+000  1.310934e+000 -7.580466e-001 -2.389624e-001 -1.129116e-001  3.100260e-001  1.744910e+000  6.303668e-001  8.414289e-001  1.783068e+000 -3.095603e-001  1.727170e+000  3.546359e-001 -4.462846e-001  5.209999e-002
-5.793940e+000 -6.674463e+000  1.361156e+001 -1.763094e+001 -2.862101e+001 -8.642014e+000 -1.074049e+001 -1.314341e+001 -1.901015e+001  8.861043e-001 -1.751217e+001 -4.773199e+000  6.617855e+001  4.408482e+000 -2.651246e+000  1.608492e+000 -2.060971e+000 -2.599877e+000 -9.740630e-001 -1.783024e+000  1.811818e+000 -4.981132e+000  3.349310e+000 -5.280382e+000 -1.548035e+000  1.118328e+000 -1.772075e+000  4.198540e-001 -5.721747e-001  1.020949e+000  2.456760e+000  3.090777e-001  1.453685e+000  1.274909e+000  8.115777e-001  4.108287e-001  1.852775e+000  5.110804e-001 -4.607359e-001
-6.571700e+000 -8.637630e+000  1.544064e+001 -2.105532e+001 -2.500539e+001 -8.111033e+000 -1.139790e+001 -9.725936e+000 -2.298694e+001  5.119256e+000 -2.224690e+001 -7.396791e+000  6.570776e+001  1.014494e+000 -3.043889e+000  5.316596e-001 -7.833214e-002  4.346586e-001 -4.337723e-001 -5.718885e-002  2.801895e+000 -2.857235e+000  2.684506e+000 -2.459186e+000 -1.358272e+000  5.036087e-002 -1.528495e+000  6.651117e-001 -8.803174e-001  1.409126e+000  1.919057e+000 -3.743344e-001  1.115098e+000  1.114780e-001  1.565808e+000 -1.016567e+000  2.043999e+000  1.131269e+000 -6.192340e-001
-5.572577e+000 -7.982931e+000  1.471094e+001 -1.524607e+001 -2.207396e+001 -7.830582e+000 -6.019502e+000 -6.271801e+000 -2.168693e+001  6.780985e+000 -1.860656e+001 -6.394912e+000  6.528745e+001  1.066184e-001 -1.038124e+000 -1.061293e+000  1.423816e+000  2.045143e+000 -2.341281e+000  5.856999e-001  7.715862e-001 -7.787758e-001 -5.258387e-001 -7.848004e-001  6.395788e-001 -6.952759e-001 -7.505243e-001  5.523292e-001 -7.961565e-001  8.815017e-001  1.090053e+000 -7.070636e-001  1.810969e-001 -8.707257e-001  1.568775e+000 -1.723397e+000  1.112605e+000  1.170734e+000 -5.550882e-001
-6.720120e+000 -1.131502e+001  1.006841e+001 -1.671733e+001 -2.407507e+001 -1.581202e+001 -1.079469e+001 -1.045031e+001 -2.740600e+001  1.273643e+000 -2.265451e+001 -7.876326e+000  6.412378e+001  6.248859e-001 -8.158135e-001 -1.481165e+000  2.435362e+000  2.126499e+000 -3.119119e+000  4.346616e-001 -9.347739e-002  8.244011e-001 -2.054522e+000 -2.861004e-002  2.429982e+000 -8.784340e-001  1.570332e-001  5.577358e-001 -1.845198e-001  2.175237e-001  4.534789e-001 -2.749785e-001 -3.268640e-001 -7.074031e-001  1.056349e+000 -1.075873e+000  5.549560e-001  8.976302e-001 -3.207453e-001
-5.186637e+000 -1.052639e+001  1.099122e+001 -1.268085e+001 -1.886046e+001 -1.649793e+001 -8.113600e+000 -8.923290e+000 -2.069450e+001  1.797173e-001 -2.123237e+001 -1.335538e+000  6.349416e+001  8.506637e-001 -1.003638e+000 -1.365878e+000  1.089691e+000  2.004469e+000 -3.166708e+000 -1.123464e+000 -1.094124e+000  1.021928e+000 -2.898162e+000 -9.326456e-001  2.411507e+000 -1.192716e+000  1.859985e-001  2.995739e-001  2.790217e-001 -2.498484e-001 -2.126363e-001  6.310774e-001 -5.565360e-001 -1.115406e-001  2.907932e-001 -1.996578e-001  6.121813e-001 -1.673096e-001 -1.262638e-001
-3.640241e+000 -1.144497e+001  9.894684e+000 -1.016112e+001 -1.597965e+001 -1.937295e+001 -8.177547e+000 -8.867579e+000 -1.936115e+001 -1.852721e+000 -2.107705e+001  2.223433e+000  6.221224e+001  1.427637e+000 -2.724535e-001 -2.386470e-001  1.176349e+000  2.722390e+000 -1.395952e+000 -8.369265e-001  1.977353e-001  1.524158e+000 -1.508698e+000  3.895167e-001  2.243915e+000 -1.304646e+000 -5.427162e-001  7.054324e-001  4.308172e-001 -1.969436e-001 -9.786402e-001  1.274435e+000 -3.493700e-001 -5.170787e-002 -4.205554e-001  9.091793e-002  1.109361e+000 -1.123960e+000  1.777027e-001
-2.859199e+000 -1.293615e+001  7.968415e+000 -1.307572e+001 -1.609933e+001 -2.188365e+001 -1.294540e+001 -1.253379e+001 -2.059972e+001 -6.146642e+000 -2.405852e+001  6.127420e-001  6.027964e+001  6.352353e-001  1.880654e-001 -2.874436e-001  8.040807e-001  6.840156e-001 -4.747791e-002 -1.561186e+000  6.827712e-002  3.253115e-001 -1.797040e+000  2.067043e+000 -1.039355e-001 -1.113489e+000 -1.246122e+000  1.301682e+000  4.966960e-001  3.657145e-001 -1.279760e+000  1.636246e+000  2.720109e-001 -2.659359e-001 -5.605356e-001  4.475314e-001  1.309534e+000 -1.515603e+000  3.019659e-001
-7.456547e-001 -1.147241e+001  1.038657e+001 -1.063814e+001 -1.184369e+001 -2.009892e+001 -1.256343e+001 -7.656388e+000 -1.983260e+001 -3.106668e+000 -1.929385e+001  2.369111e+000  5.920781e+001 -1.980981e+000  2.115497e+000  1.337040e-001  1.593449e+000 -2.106476e+000  1.693439e+000 -1.093327e+000 -9.332174e-001 -9.300680e-001 -2.150494e+000  4.018350e+000 -1.932097e+000 -2.953377e-002 -1.184732e+000  1.472767e+000  3.486377e-001  6.364241e-001 -1.059624e+000  1.588759e+000  6.282631e-001 -8.601890e-001 -1.499480e-001  4.733817e-001  4.279400e-001 -1.151427e+000 -5.130171e-001
