28 39
-1.407601e+001  2.014543e+000  5.926562e+000  7.588063e+000 -5.426447e+000 -7.219959e+000  4.638713e+000  7.549076e-001 -7.674520e-001 -1.341387e+000 -1.055884e+001 -3.067841e+000  3.395348e+001  5.015529e-001 -2.206413e+000 -1.024668e-002 -2.121928e+000 -1.615952e+000  8.117576e-001 -3.962604e-001  1.380386e+000  1.739038e+000  7.660402e-001  1.166471e+000  2.781637e+000  5.052790e+000  1.110770e+000 -2.158247e-001 -7.089918e-001 -1.638040e+000 -7.193891e-001 -1.848143e-001 -1.045277e+000  1.696081e-001 -4.060876e-001 -1.483860e-001  5.566834e-001  1.545189e-001  1.591674e+000
-1.656922e+001 -1.829436e+000  4.483454e+000  3.663175e+000 -3.073957e+000  4.014558e+000  5.066464e-002 -1.137747e-001  4.180006e+000  1.847745e+000  1.525044e+000 -2.923056e+000  3.982394e+001  2.109407e+000 -1.080742e+000 -7.152144e-001 -4.058525e+000 -2.080138e+000 -2.482796e-001 -1.420374e+000  1.214396e-001  1.481431e+000  2.466958e-001  1.290716e+000  1.420409e+000  6.183373e+000  1.275635e+000 -4.343699e-002 -4.432475e-001 -6.871379e-001 -1.302180e+000 -1.550448e+000 -1.286809e+000  1.857706e-002 -1.842365e+000 -2.922576e-001 -2.837762e-001 -9.348522e-001  7.591394e-001
-9.705001e+000 -5.967587e+000 -3.320622e+000 -9.964309e+000 -7.831055e+000 -2.997247e+000 -2.885647e+000  7.359561e-001  1.366548e-001 -1.485623e+000  1.318255e+000  4.617247e+000  5.152506e+001  4.013138e+000 -1.930602e+000 -1.072640e+000 -3.451260e+000 -4.649545e+000 -2.951930e+000 -4.490742e+000 -4.030353e-001 -3.406733e+000 -6.288776e-001  5.941116e-001 -1.176391e+000  6.587359e+000  4.864505e-001 -2.848654e-002  2.090757e-001  9.360041e-001 -1.175021e+000 -1.609750e+000 -1.039588e+000 -4.152588e-002 -2.210870e+000 -1.126135e-001 -5.333287e-001 -1.774694e+000 -5.324785e-001
-5.275615e+000 -8.950311e-001  1.515857e+000 -5.060159e+000 -8.992751e+000 -5.217501e+000 -4.253511e+000 -4.062880e+000 -2.196475e+000 -5.685964e+000 -3.205029e+000 -1.066961e+000  5.375729e+001  3.988826e+000 -1.900073e+000  6.049085e-002 -1.193010e+000 -6.258607e+000 -5.459118e+000 -4.461452e+000  4.511259e-001 -5.676307e+000 -2.506644e-001 -1.297265e+000 -2.612072e+000  5.268586e+000 -4.207518e-001 -2.407236e-001  1.386606e-001  1.424035e+000 -2.564239e-001 -8.075593e-001 -1.137681e-001  6.203072e-001 -1.359938e+000  2.137882e-001  9.472096e-002 -1.072395e+000 -1.271137e+000
 3.428793e-001 -8.105671e+000  2.047160e+000 -5.306568e+000 -2.571477e+001 -1.736358e+001 -1.566291e+001  7.142833e-001 -1.461288e+001 -7.189205e-001 -5.223247e+000 -9.877842e+000  5.992360e+001  1.994096e+000 -1.939180e+000  6.472790e-001  1.125335e+000 -5.401821e+000 -4.631575e+000 -4.073663e+000  1.007914e+000 -5.736443e+000  4.516527e-001 -2.061818e-001 -4.075592e+000  2.847791e+000 -9.871687e-001  1.866576e-001 -5.241219e-002  1.085069e+000  1.402364e+000  4.747482e-001  1.212146e+000  7.622945e-001  6.794396e-001  1.749855e-001  8.165584e-001  5.311892e-002 -1.607042e+000
-1.649034e+000 -1.026076e+001  2.102017e+000 -4.630745e+000 -2.542513e+001 -1.609787e+001 -1.586797e+001  2.152691e+000 -1.682676e+001  2.110719e-001 -1.690529e+000 -8.735871e+000  6.196760e+001  1.015169e+000 -2.280071e+000 -8.818711e-001  7.733504e-001 -2.986120e+000 -3.446254e+000 -2.197755e+000  2.517501e+000 -4.153404e+000  7.753718e-001  2.164467e+000 -2.491966e+000  1.697474e+000 -7.260916e-001  3.830455e-001 -2.449160e-001  3.414919e-001  2.014237e+000  1.028169e+000  1.483583e+000  4.460876e-001  1.755435e+000 -7.759118e-002  9.787433e-001  6.593359e-001 -1.280017e+000
-1.547809e+000 -1.098062e+001 -3.773068e-001 -4.552341e+000 -2.662397e+001 -2.071494e+001 -1.744673e+001  2.667740e+000 -2.123042e+001 -2.175877e+000 -4.699034e-001 -1.192626e+001  6.165886e+001  5.641230e-001 -8.073155e-001 -8.635201e-001  9.909076e-001  7.260321e-001 -1.584621e+000  4.381393e-001  2.375250e+000 -7.709864e-001 -2.669680e-001  2.946037e+000 -9.708490e-001  3.377052e-001 -2.732346e-001  4.110455e-001 -8.535927e-002 -2.809731e-001  1.400989e+000  7.923170e-001  1.177871e+000 -1.150198e-001  1.747527e+000 -2.006975e-001  1.609534e-001  8.775303e-001 -6.818752e-001
 7.455762e-001 -1.085791e+001 -1.681265e+000 -1.570521e+000 -2.346875e+001 -2.077309e+001 -1.435037e+001  7.547896e+000 -1.965472e+001 -1.080627e+000  5.240636e+000 -1.250258e+001  6.137703e+001  1.073354e+000 -5.507778e-001 -4.086897e-001  5.816633e-001  7.486509e-001 -1.841749e+000  7.005609e-001  1.997896e+000  6.181400e-001 -2.793099e-001  2.020342e+000 -8.677638e-001  1.235458e-001 -2.422818e-001  3.284227e-001  3.991807e-001 -4.555564e-001  2.634427e-001  4.614311e-001  5.159318e-001 -8.116512e-001  8.914160e-001 -6.004044e-002 -7.441103e-001  4.490628e-001 -2.831962e-001
 1.966189e+000 -1.184367e+001 -3.787995e-001 -1.882142e+000 -2.306280e+001 -2.294907e+001 -1.423101e+001  9.892929e+000 -1.705383e+001 -1.407911e+000  6.041357e+000 -1.284873e+001  6.190741e+001  5.988309e-001 -7.485989e-001 -1.610801e-002 -1.836871e-001 -2.642588e-001 -1.472242e+000  3.665333e-001  6.926173e-001  6.154218e-001 -2.449365e-002  6.706482e-001 -5.000416e-001  2.253792e-001 -3.919404e-001  1.824424e-001  5.704815e-001 -4.491006e-001 -5.539488e-001  4.531868e-001  2.398596e-001 -9.881198e-001 -4.941614e-002  5.239695e-001 -8.349180e-001  1.888762e-001  4.025070e-002
 1.960738e+000 -1.258312e+001  5.931477e-002 -3.057528e+000 -2.346246e+001 -2.418955e+001 -1.397302e+001  8.529576e+000 -1.582436e+001 -1.569461e+000  5.155550e+000 -1.261345e+001  6.246105e+001 -2.135937e-001 -6.673158e-001  6.903266e-001 -9.171343e-001 -1.173761e+000 -1.195288e+000  4.177077e-001 -6.994389e-001 -3.895279e-001  3.539324e-001 -4.183895e-001 -4.820560e-001  3.376556e-001 -6.363817e-001  2.921947e-001  5.732997e-001 -3.907418e-001 -5.412512e-001  8.366435e-001  2.998708e-001 -1.076150e+000 -4.814571e-001  7.719496e-001 -7.245702e-001  1.115496e-002  9.232620e-002
 8.387645e-001 -1.386101e+001 -1.328137e+000 -4.727273e+000 -2.794841e+001 -2.636792e+001 -1.580274e+001  5.639987e+000 -2.006849e+001 -2.053929e+000  2.925880e+000 -1.437103e+001  6.224375e+001 -7.521052e-001  1.631655e-001  1.439379e+000 -5.051967e-001 -1.082506e+000  3.580820e-001  1.778864e+000 -1.216682e+000 -5.142331e-001  2.036258e+000 -9.186936e-003 -2.193222e-001  4.319038e-001 -5.530345e-001  4.703710e-001  5.925816e-001 -3.347026e-001 -1.298189e-001  1.238290e+000  3.094384e-001 -9.103855e-001 -2.506323e-001  8.750154e-001 -6.648868e-001  4.090440e-003  6.929283e-002
 2.413198e-001 -1.318582e+001  2.245036e+000 -4.733627e+000 -2.689475e+001 -2.504010e+001 -1.147597e+001  6.177173e+000 -2.009503e+001  1.012044e+000  4.706427e+000 -1.415171e+001  6.289714e+001 -1.433086e+000  4.543135e-001  1.730065e+000 -1.211291e+000 -1.548482e+000  1.426306e+000  1.493749e+000 -2.428206e+000 -1.224318e+000  2.550062e+000 -1.262592e+000 -9.523487e-001  4.819145e-001 -3.990227e-001  4.617980e-001  4.082181e-001 -4.873338e-001  2.366793e-001  1.352619e+000 -1.147024e-001 -7.660132e-001  1.359729e-001  5.798479e-001 -9.380808e-001  2.340305e-001  2.142617e-002
-9.346281e-001 -1.072650e+001  5.725235e+000 -3.570076e+000 -2.675919e+001 -2.073339e+001 -6.585217e+000  4.985721e+000 -1.748965e+001  7.482628e+000  6.219984e+000 -1.317621e+001  6.384889e+001 -1.556595e+000  1.042442e+000  2.426930e+000 -1.710122e+000 -7.259930e-001  3.408411e+000  1.375705e+000 -2.994927e+000 -2.203449e-001  3.252518e+000 -2.231685e+000 -2.444430e-001  4.997139e-001 -2.821949e-001  2.592712e-001  8.887939e-002 -7.981671e-001  4.867761e-001  8.511913e-001 -7.720650e-001 -6.630912e-001  2.534372e-001 -2.819474e-001 -1.259892e+000  4.033872e-001 -5.720585e-002
-4.317997e+000 -1.187881e+001  5.182956e+000 -9.692581e+000 -3.179948e+001 -1.987528e+001 -1.111304e+001 -3.284320e+000 -2.323536e+001  6.412572e+000 -2.804460e+000 -1.797261e+001  6.406805e+001 -1.806462e+000  1.202036e+000  2.237641e+000 -2.751341e+000 -1.686205e-001  4.042644e+000  4.577570e-002 -3.640382e+000  1.433924e-001  2.645042e+000 -3.997545e+000  7.006570e-001  4.108814e-001 -5.889367e-002  2.089635e-001 -8.721193e-002 -5.423393e-001  8.726189e-001  3.478799e-001 -7.661788e-001 -6.690977e-002  5.745043e-001 -8.286425e-001 -7.027020e-001  7.564024e-001 -1.171353e-001
-4.664554e+000 -9.302306e+000  9.337555e+000 -1.079841e+001 -2.912601e+001 -1.190828e+001 -9.105683e+000 -4.603903e+000 -1.960005e+001  1.150840e+001 -4.477100e+000 -1.368280e+001  6.415686e+001 -1.976392e+000  1.085660e+000  1.629988e+000 -3.726007e+000  6.614441e-001  3.305870e+000 -1.357474e+000 -3.926050e+000  6.909752e-002  5.790318e-001 -4.941170e+000  9.711112e-001  1.813911e-001  4.246271e-002 -4.529790e-002 -4.307483e-001 -3.768912e-001  6.571548e-001 -5.722784e-001 -8.298514e-001  2.347710e-001  3.245845e-001 -1.452781e+000 -1.356488e-001  4.579718e-001 -1.510559e-001
-6.926030e+000 -7.887733e+000  1.162708e+001 -1.487617e+001 -2.655445e+001 -9.239439e+000 -9.986857e+000 -7.229927e+000 -1.832287e+001  1.222437e+001 -9.932756e+000 -1.039513e+001  6.479756e+001 -1.517656e+000  1.477522e+000  1.692477e+000 -2.915045e+000  2.120894e+000  3.216977e+000 -9.705553e-001 -2.297193e+000  1.503482e+000 -2.564073e-001 -3.421359e+000  2.221886e+000  5.539932e-002  2.566929e-001 -1.899934e-001 -4.516692e-001  6.991811e-002  4.256056e-001 -8.131732e-001 -4.390570e-001  5.982037e-001  2.736488e-001 -1.282924e+000  6.868712e-001  2.283672e-001 -1.662656e-001
-9.512570e+000 -7.293738e+000  1.065311e+001 -1.960832e+001 -2.607448e+001 -9.521959e+000 -1.393568e+001 -1.267172e+001 -1.960041e+001  7.471889e+000 -1.492172e+001 -1.210939e+001  6.439109e+001 -1.488685e+000  6.782094e-001  5.457713e-001 -3.512726e+000  1.415023e+000  9.598523e-001 -2.265387e+000 -2.492667e+000  7.225323e-001 -2.560661e+000 -3.198022e+000  1.284801e+000 -7.782440e-002  4.217301e-001 -3.833027e-001 -3.944233e-001  3.379722e-001  4.691951e-002 -7.697151e-001 -1.606264e-001  6.534239e-001  2.140481e-001 -7.488174e-001  1.109250e+000 -1.602672e-002 -1.789952e-001
-9.482269e+000 -5.495486e+000  1.298756e+001 -1.986285e+001 -2.272077e+001 -4.983556e+000 -1.355082e+001 -1.073638e+001 -1.571777e+001  7.148791e+000 -1.468895e+001 -7.649880e+000  6.422794e+001 -7.668513e-001  4.557949e-001  5.214033e-001 -2.508391e+000  1.582618e+000  1.149786e+000 -1.695553e+000 -1.366055e+000  1.184919e+000 -2.199732e+000 -1.434763e+000  1.685648e+000 -2.908386e-001  4.744064e-001 -5.111371e-001 -3.954387e-001  4.504273e-001 -2.328453e-001 -5.308509e-001 -1.693392e-001  5.568720e-001  7.450932e-002 -2.376484e-001  1.217081e+000 -4.382113e-001 -2.240002e-001
-1.082986e+001 -7.107383e+000  1.138617e+001 -2.586869e+001 -2.396773e+001 -9.236956e+000 -1.865064e+001 -1.531401e+001 -1.728994e+001  1.242885e+000 -1.808911e+001 -8.631420e+000  6.405255e+001 -2.431436e-001 -3.199898e-001  2.434084e-001 -2.239473e+000  1.165180e+000  4.908890e-001 -1.798107e+000 -1.124499e+000  1.298620e+000 -2.193393e+000 -3.882167e-001  1.159097e+000 -5.404660e-001  5.594698e-001 -2.843019e-001 -3.153333e-001  9.288850e-001  1.813331e-002 -1.127447e-001  3.944693e-001  8.154173e-001  2.397027e-001  6.419113e-001  1.360001e+000 -4.150125e-001 -2.575828e-001
-1.010164e+001 -5.701936e+000  1.386757e+001 -2.428793e+001 -1.969473e+001 -3.633008e+000 -1.610714e+001 -1.273906e+001 -1.355351e+001  4.340211e+000 -1.552287e+001 -3.705882e+000  6.351264e+001  2.316052e-001 -5.790642e-001 -1.335354e-001 -1.299534e+000  1.081590e+000  7.972040e-001 -2.050891e+000 -1.969173e-001  1.587985e+000 -1.628283e+000  1.259144e+000  9.368219e-002 -8.332809e-001  5.331884e-001 -1.420181e-001 -2.002021e-001  9.194442e-001 -1.539990e-001 -2.114077e-001  4.896375e-001  7.888978e-001  5.154058e-001  8.317682e-001  1.088952e+000 -1.026581e-001 -1.724066e-001
-1.041860e+001 -8.790462e+000  1.143015e+001 -2.859314e+001 -2.176160e+001 -7.742788e+000 -2.164805e+001 -1.729288e+001 -1.418944e+001 -2.090786e+000 -1.644584e+001 -8.285908e+000  6.204641e+001  8.094360e-001 -2.258707e-001 -7.034258e-001  5.272713e-001  1.756204e+000  5.724199e-001 -1.153713e-001  9.998506e-001  1.719513e+000  3.631713e-001  2.255032e+000  5.721450e-003 -1.094517e+000  4.070983e-001  2.050598e-001  1.407939e-001  9.014647e-001 -2.753743e-001 -2.857198e-001  7.711718e-001  9.353362e-001  9.523398e-001  1.092499e+000  1.219182e+000  5.150936e-001 -1.987137e-001
-8.529871e+000 -7.549268e+000  1.229789e+001 -2.499829e+001 -1.841589e+001 -1.744620e+000 -2.230657e+001 -1.073153e+001 -9.328093e+000  6.742112e-001 -9.214864e+000 -7.354225e+000  6.106460e+001  1.372801e+000 -3.013552e-001 -6.190300e-003  7.054580e-001  5.171105e-001  5.198235e-002 -8.873348e-002  1.516259e+000  3.551502e+000  6.808268e-001  2.688372e+000  1.749045e+000 -8.758457e-001  7.645597e-002  2.905908e-001  2.131222e-001  3.282957e-001 -5.288136e-001 -6.372965e-001  8.833711e-001  7.593839e-001  7.139161e-001  6.612791e-001  8.800590e-001  6.503955e-001 -1.106836e-001
-7.568564e+000 -7.313070e+000  8.653879e+000 -2.287716e+001 -1.582613e+001 -7.319050e+000 -1.612778e+001 -1.131852e+001 -1.080509e+001  4.891742e+000 -9.967959e+000 -6.778641e+000  5.980398e+001  1.221750e+000  5.664545e-001  8.837054e-001  1.265354e+000  7.054806e-002 -5.650993e-001  1.076673e+000  2.695594e+000  5.078560e+000  2.114550e+000  4.993082e+000  2.906883e+000 -1.512752e+000 -2.152381e-001  2.340436e-001  1.914587e-002 -2.985695e-001 -8.001282e-001 -3.476874e-001  7.996354e-001  6.276680e-001 -7.480140e-002 -2.206651e-001  1.555652e-001  1.547946e-001  8.164631e-002
-4.662658e+000 -7.947408e+000  1.522475e+001 -2.361864e+001 -2.007691e+001 -3.584965e+000 -1.931094e+001 -8.144942e+000  2.511819e+000  4.253081e+000 -5.319951e+000  4.285710e+000  6.025462e+001  4.077281e-001  4.777271e-001  1.385100e-001 -2.709751e-002 -7.196504e-001 -1.820519e+000  1.769942e+000  2.752131e+000  3.478042e+000  8.024235e-001  4.290414e+000  1.895078e+000 -1.177582e+000 -3.819262e-001  9.862934e-002 -6.133191e-001 -4.420609e-001 -4.722684e-001  2.487499e-001  1.010866e+000  3.624503e-001 -1.420658e+000 -5.666097e-001 -1.054126e+000 -8.569976e-001  3.541092e-001
-6.243459e+000 -5.759120e+000  1.438525e+001 -2.295620e+001 -2.057835e+001 -9.648111e+000 -1.776250e+001 -5.108203e+000  5.283403e+000  6.692529e+000  6.572116e+000  4.285424e-001  5.488764e+001  2.157820e-001  5.548061e-001 -6.800466e-001 -5.992987e-001 -1.626057e+000 -2.297665e-001  2.953468e+000  3.520255e+000  1.382236e+000 -8.009523e-001  2.231837e+000  7.066779e-001 -5.354179e-001 -2.474328e-001 -3.069952e-001 -7.870212e-001 -3.043017e-001 -1.816025e-001  9.241620e-001  5.992913e-001 -1.721894e-001 -1.877983e+000 -7.592475e-001 -2.327359e+000 -1.327731e+000  9.009650e-001
-7.153783e+000 -5.937607e+000  1.012476e+001 -2.509426e+001 -1.963803e+001 -9.682683e+000 -1.263950e+001 -7.603687e-002  1.787103e-002  3.785935e+000  3.967168e+000 -1.482425e+000  5.763486e+001 -3.384628e-002  1.976157e-001 -2.290910e+000 -5.725203e-001 -9.959289e-001  1.128066e+000  4.027198e+000  2.916180e+000 -1.703628e+000 -6.944709e-001 -1.201637e+000 -1.435840e+000  4.060333e-001 -7.754155e-002 -5.300024e-001 -3.531698e-001  2.035313e-001  1.595780e-001  1.214991e+000 -8.640978e-002 -6.305723e-001 -1.304800e+000 -2.399172e-001 -2.111178e+000 -1.105551e+000  9.866565e-001
-5.244092e+000 -5.543941e+000  7.803643e+000 -2.513584e+001 -2.417586e+001 -5.419024e+000 -4.696167e+000  2.248297e+000 -2.646936e+000  1.120553e+000 -3.452336e+000 -3.611838e-001  5.843677e+001  2.053732e-001 -8.284656e-001 -1.836690e+000  1.655693e-002 -6.993250e-001  2.581419e+000  2.944501e+000  1.752622e+000 -1.720521e+000 -9.332404e-001 -3.897690e+000 -2.066314e+000  2.200265e+000 -1.564945e-001 -6.853042e-001  7.708861e-002  3.870731e-001  4.177199e-001  5.953643e-001 -9.408174e-001 -1.026996e+000 -6.229668e-001  1.141086e-001 -1.122151e+000 -7.158555e-001  7.805835e-001
-5.331573e+000 -7.066919e+000  7.061007e+000 -2.539142e+001 -2.325780e+001 -5.918129e-002 -5.708118e+000  2.757707e+000 -2.041150e+000  3.566715e+000 -6.315911e+000 -2.498627e+000  6.051022e+001  2.522473e-002 -1.480649e+000 -1.049017e+000  6.826311e-001 -3.851263e-001  2.848844e+000  1.342377e+000  4.830858e-001 -1.494581e+000 -3.310183e-001 -3.200715e+000 -2.246180e+000  2.387859e+000 -2.120564e-001 -4.060390e-001  4.161236e-001  3.807061e-001  3.489872e-001 -3.905739e-002 -1.177434e+000 -8.864982e-001 -2.049085e-001  8.817103e-002 -1.366377e-002  1.102209e-001  2.812968e-001
