48 39
-1.528565e+001 -5.718135e+000 -1.331153e+000 -4.851741e-001 -5.035848e+000  9.050043e-001  4.417038e-001 -5.865481e-002 -1.970574e+000  1.985933e+000  2.929435e+000 -5.688094e-001  3.326594e+001  1.441873e+000  8.859725e-002  6.225845e-001 -4.501359e-001 -2.013010e+000 -1.139477e+000 -2.338246e+000 -1.454493e+000 -3.999297e+000 -3.156260e+000 -1.775075e+000 -5.943552e-001  1.376754e+000  1.323383e+000  1.904488e+000  6.187248e-001  8.173842e-001 -5.917179e-001 -1.465769e+000 -1.273173e+000 -1.442397e+000 -7.694975e-001 -1.399308e+000 -9.935840e-001 -1.493453e-001  6.933967e-001
-1.287434e+001 -8.204540e+000  3.756297e-001 -3.686926e-001 -7.537050e+000  2.085476e+000 -2.253341e+000 -3.771437e+000 -4.944169e+000 -4.595830e+000  3.450895e+000 -8.089583e-001  3.802502e+001  3.901200e+000  2.387508e+000  1.413841e+000  1.562626e+000 -3.556100e+000 -3.981968e+000 -4.409126e+000 -5.015539e+000 -5.187605e+000 -5.868042e+000 -3.191210e+000 -5.994048e-001  2.847502e+000  9.992526e-001  1.703842e+000  2.949167e-001  9.442021e-001 -2.624950e-001 -1.293383e+000 -6.449707e-001 -7.278621e-001  2.511705e-001 -4.923216e-001 -8.807500e-001 -2.415926e-001  6.476358e-001
-5.665516e+000  1.162643e+001  4.388855e+000  7.575437e+000 -3.851124e+000 -7.236516e+000 -9.784920e+000 -9.110023e+000 -1.141908e+001 -1.140049e+001 -7.291541e+000 -1.389962e+000  3.559949e+001  4.715060e+000  4.928032e+000  1.417351e+000  2.318285e+000 -3.400311e+000 -6.329552e+000 -5.110710e+000 -4.741326e+000 -2.690045e+000 -4.845181e+000 -3.361759e+000  5.617255e-002  3.815053e+000 -3.668378e-001 -5.445248e-003 -5.361561e-001  1.969379e-001  5.079949e-002  2.561225e-001  7.480675e-001  4.372481e-001  1.450219e+000  7.744946e-001 -1.395454e-002 -2.511207e-001  6.724770e-001
 1.562124e+000  9.295494e+000  3.970020e+000  7.342045e+000 -1.761839e+001 -1.917836e+001 -1.890355e+001 -2.066785e+001 -1.655012e+001 -1.607755e+001 -9.802835e+000 -1.817155e+000  4.398422e+001  3.387493e+000  2.888292e+000  6.819045e-001  1.713050e+000 -3.149186e+000 -4.266941e+000 -2.916784e+000 -2.451351e+000 -1.369324e+000 -2.838347e+000 -3.298403e+000 -8.050364e-001  3.855918e+000 -1.938650e+000 -7.206299e-001 -1.060346e+000 -3.776472e-001  1.085248e+000  2.271004e+000  2.084562e+000  1.730912e+000  1.848953e+000  1.571668e+000  6.247846e-001 -6.757504e-001 -4.232609e-002
 1.071423e+000  1.017201e+001  3.958407e+000  7.250885e+000 -1.699673e+001 -2.011084e+001 -1.678675e+001 -1.531708e+001 -9.617821e+000 -1.649911e+001 -7.252494e+000  2.161515e-001  4.936161e+001 -1.354628e-001 -1.890211e-001 -1.692228e+000  4.593415e-001 -1.962469e+000  2.836226e-001  6.559200e-001 -5.503461e-001  1.342659e+000 -7.986338e-001 -1.791251e+000 -1.747143e+000  4.234931e+000 -2.505330e+000 -7.740465e-001 -1.037628e+000 -1.730712e-001  1.578198e+000  3.076601e+000  2.012501e+000  1.413853e+000  7.743520e-001  1.205410e+000  1.109819e+000 -5.964839e-001 -6.627238e-001
 6.946580e-001  6.964129e+000  4.000377e+000  8.358833e+000 -1.671017e+001 -1.281207e+001 -1.333635e+001 -1.292466e+001 -1.269142e+001 -1.623826e+001 -1.306064e+001 -5.637197e+000  5.042356e+001 -3.366786e+000  1.342885e+000 -2.333099e+000  6.038616e-001  1.151222e+000  4.066468e+000  3.130370e+000  1.543532e+000  2.040808e+000 -3.297710e-002 -8.525409e-001 -3.076499e+000  2.425933e+000 -1.959376e+000 -1.161473e-001 -7.877331e-001  7.578638e-002  1.655463e+000  2.153887e+000  8.063370e-001  8.928387e-001  8.903234e-002  7.568293e-001  1.433398e+000  2.584546e-001 -9.391608e-001
-5.909097e+000  1.184700e+001 -4.087461e+000  9.363750e+000 -1.411758e+001 -9.001549e+000 -9.288918e+000 -1.573335e+001 -6.635139e+000 -1.531331e+001 -1.461889e+001 -8.215656e+000  5.355448e+001 -4.434448e+000  1.830504e+000 -2.263288e+000  2.007524e+000  2.340475e+000  4.886748e+000  1.928216e+000  3.304963e-001 -5.233507e-001 -2.208181e-001  9.644051e-001 -1.790515e+000  1.216427e+000 -8.973324e-001 -1.348189e-001 -2.440782e-001  5.499708e-002  9.086636e-001  6.590043e-001 -3.854953e-001  2.743982e-001 -5.613839e-001  6.454670e-001  1.375735e+000  9.013103e-001 -1.135810e+000
-1.178155e+001  1.517242e+001 -3.672539e+000  9.304920e+000 -1.330186e+001 -4.400666e+000 -7.000607e+000 -1.274206e+001 -7.837421e+000 -1.683534e+001 -1.038234e+001 -1.298375e+001  5.401745e+001 -4.259895e+000  1.297793e+000 -2.971231e+000  1.317891e+000  2.976659e+000  4.200929e+000  4.787534e-001  1.572421e+000  8.842945e-003  6.568912e-001  2.490762e+000  5.089229e-001  6.693665e-001 -1.435254e-001 -1.077117e+000 -1.765742e-001 -5.031808e-001 -2.616522e-001 -4.372197e-001 -6.213627e-001 -8.692197e-002 -2.048161e-001  7.745479e-001  1.050084e+000  1.228408e+000 -7.813144e-001
-1.486271e+001  1.522038e+001 -3.521577e+000  1.681546e+001 -6.998520e+000  1.172013e-001 -1.031354e+001 -1.375590e+001 -1.466157e+001 -1.730466e+001 -3.769620e+000 -5.063151e+000  5.364680e+001 -4.175570e+000 -8.405696e-001 -2.593553e+000  3.773123e-001  1.668130e+000  3.511414e+000  5.425201e-002  8.072002e-001 -4.482778e-001  2.083767e+000  3.415772e+000  9.666971e-001 -5.658356e-001  1.181508e-001 -1.365430e+000 -1.214292e-002 -9.328182e-001 -7.651690e-001 -9.526877e-001  1.173392e-001  1.952301e-001  6.295812e-001  8.011116e-001  4.187333e-001  6.786711e-001 -3.717674e-001
-1.612801e+001  1.176641e+001 -1.113872e+001  1.122243e+001 -5.386410e+000  3.633202e+000 -1.043027e+001 -6.051278e+000 -8.633986e+000 -1.195812e+001 -6.031471e+000 -4.668835e+000  5.372424e+001 -4.213852e+000 -2.707163e+000 -3.050837e+000 -1.096937e+000  1.791328e-001  2.568037e+000  9.605383e-001  8.705705e-001  9.791915e-001  2.687470e+000  3.172196e+000  1.686934e+000 -5.895081e-001  3.666970e-001 -9.235763e-001  6.144478e-001 -5.161813e-001 -7.673885e-001 -1.273253e+000  5.280049e-001  3.236356e-002  4.925684e-001  3.447728e-001 -9.838521e-002  1.261622e-001  1.532140e-001
-2.461372e+001  9.347165e+000 -1.332214e+001  1.029156e+001 -9.734649e+000  4.538585e+000 -7.302826e+000 -1.504274e+001 -8.478246e+000 -7.333080e+000  2.845347e-001 -7.539627e+000  5.087191e+001 -3.866716e+000 -2.994170e+000 -2.284200e+000 -1.449154e+000 -8.660722e-002  9.397553e-001  2.274019e+000  1.657573e+000  2.139381e+000  2.769450e+000  2.717354e+000  1.013835e+000 -1.297302e-002  9.401652e-001  5.197555e-002  8.794063e-001 -1.151782e-001 -2.597933e-001 -1.487646e+000  2.556665e-001  3.068911e-001  3.684655e-001 -3.313702e-001 -8.445936e-001 -2.444967e-001  7.336107e-001
-2.797531e+001  4.573215e+000 -1.402645e+001  7.082188e+000 -1.103813e+001  6.228825e+000 -3.703271e+000 -7.745787e+000 -6.033127e+000 -8.383781e+000  3.451561e+000 -3.310841e+000  5.245735e+001 -2.580838e+000 -2.243288e+000 -5.366812e-002 -3.497830e-001  1.708512e-002 -8.795052e-001  2.008894e+000  1.309053e+000  1.177856e+000  2.037913e+000  2.348045e+000  1.116165e+000  1.159005e+000  1.616669e+000  1.152534e+000  1.173033e+000 -4.782769e-002 -2.431844e-001 -1.844132e+000 -6.183108e-001 -6.036509e-001 -6.295820e-001 -1.136744e+000 -1.496763e+000 -4.265275e-001  8.454917e-001
-2.827264e+001  3.846127e+000 -1.349871e+001  1.163981e+001 -4.605697e+000  3.518167e+000 -2.306943e+000 -4.620785e+000 -5.265097e+000 -5.244582e+000  5.075636e+000 -6.729748e-001  5.421537e+001 -2.912517e-001 -8.126292e-001  3.048943e-001 -5.721554e-001  4.501877e-001 -2.203047e+000  8.084065e-001  2.122414e+000  1.294717e+000  7.516944e-001 -3.951205e-001  2.959759e-002  2.227961e+000  2.033732e+000  1.371123e+000  1.278044e+000 -5.363851e-001 -8.041151e-001 -1.837738e+000 -1.143344e+000 -1.393777e+000 -1.001865e+000 -1.474110e+000 -1.469763e+000 -2.602895e-001  6.792403e-001
-2.720274e+001  3.300482e+000 -1.131877e+001  8.799390e+000 -7.865460e+000 -2.541147e-001 -2.883741e+000 -4.716987e+000 -4.351282e+000 -2.812806e+000  3.313201e+000 -2.521334e+000  5.784753e+001  2.081762e+000  1.964738e+000  1.519780e+000 -1.774574e+000 -1.305187e+000 -5.081223e+000 -1.398209e+000 -2.380105e+000 -1.746387e+000 -1.987375e+000 -2.755380e+000  4.641474e-002  2.517483e+000  1.842234e+000  5.778279e-001  1.219583e+000 -1.144804e+000 -1.169124e+000 -1.552322e+000 -1.040138e+000 -1.296141e+000 -6.437828e-001 -1.142482e+000 -9.709454e-001 -7.313808e-002  2.582188e-001
-2.645626e+001  5.920386e+000 -1.315150e+001  6.572177e+000 -9.070045e+000 -3.235182e+000 -3.670559e+000 -5.945065e+000 -2.845582e+000 -6.360096e+000 -1.621888e+000 -7.786392e+000  5.931663e+001  3.970646e+000  1.757433e+000  3.319297e+000 -3.418684e+000 -3.446047e+000 -6.148077e+000 -1.739148e+000 -3.466734e+000 -1.407823e+000 -2.588453e+000 -2.079746e+000  2.472625e-001  2.703990e+000  1.188442e+000 -8.977517e-001  1.337512e+000 -1.181953e+000 -1.115896e+000 -5.808004e-001 -7.442164e-001 -3.236101e-001 -3.132712e-001 -1.042239e-001 -2.403651e-002  7.257438e-002 -1.717366e-001
-1.847469e+001  1.335978e+001 -6.601153e+000  7.431332e-001 -1.533189e+001 -1.580062e+001 -1.001251e+001 -1.898417e+001 -1.597482e+001 -1.776290e+001 -6.976579e+000  4.779411e-001  6.249414e+001  4.499382e+000 -6.391798e-001  4.537044e+000 -4.650541e+000 -3.880418e+000 -6.668599e+000 -1.918020e+000 -2.377080e+000 -6.897882e-001 -2.004421e+000 -1.664369e+000  6.416426e-001  2.212085e+000  2.616189e-001 -2.328581e+000  8.878537e-001 -5.291420e-001 -4.363036e-001  1.093126e+000  6.078124e-004  1.561505e+000  6.285511e-001  1.063241e+000  8.620279e-001 -4.560014e-001 -4.894616e-001
-1.278344e+001  7.603644e+000  7.389656e-001 -1.425478e+000 -1.810272e+001 -1.944897e+001 -7.438301e+000 -1.482086e+001 -6.492442e+000 -1.071180e+001 -1.782068e-001 -9.363001e-001  6.541202e+001  4.442151e+000 -3.999429e+000  5.483820e+000 -5.043935e+000 -3.841679e+000 -4.313362e+000 -2.652770e+000  5.028511e-001 -7.999381e-001  2.390979e-001 -1.060809e+000  9.485556e-002  1.521977e+000 -4.223417e-001 -2.170402e+000 -6.657901e-002  4.721264e-001  1.356989e-001  1.869283e+000  3.957087e-001  1.850665e+000  2.192926e-001  1.057089e+000  9.169032e-001 -9.129936e-001 -6.631879e-001
-1.154224e+001 -7.370462e-001  4.421216e+000 -1.045449e+001 -2.275121e+001 -2.549022e+001 -1.058997e+001 -1.216449e+001 -5.976793e+000 -1.065906e+001 -5.730485e+000 -2.738168e+000  6.586026e+001  3.154104e+000 -6.799735e+000  4.876787e+000 -3.607659e+000 -3.288888e+000 -5.329500e-001 -9.383596e-001  3.442627e+000  1.092426e+000  1.915056e+000  1.045290e+000 -2.157389e+000  6.611816e-001 -5.885874e-001 -9.907957e-001 -1.169363e+000  1.443620e+000  6.351792e-001  1.556656e+000  6.216863e-001  1.400475e+000 -2.943012e-001  5.210884e-001  1.086493e+000 -9.861835e-001 -5.411355e-001
-7.711730e+000 -7.028347e+000  8.756414e+000 -1.304869e+001 -2.456878e+001 -1.995719e+001 -1.664568e+001 -6.840652e+000 -1.184429e+001 -8.716527e+000 -7.548978e+000 -5.704060e+000  6.524345e+001  2.531576e+000 -6.014297e+000  2.816531e+000 -1.579493e+000 -3.063317e+000  1.305134e-001 -2.504354e-001  2.876737e+000 -1.202467e+000  7.372519e-001  1.149940e+000 -2.918190e+000  1.635017e-001 -4.987058e-001  5.232852e-001 -2.266740e+000  1.987242e+000  1.364053e+000  1.709449e-001  6.068375e-001  6.506898e-001 -1.554160e-001 -1.036716e-001  9.945373e-001 -3.099219e-001 -2.632578e-001
-5.240023e+000 -1.332290e+001  1.377406e+001 -1.148355e+001 -2.854330e+001 -1.821126e+001 -1.010062e+001 -5.761141e+000 -7.836765e+000 -9.185257e+000  1.935257e+000 -7.925124e+000  6.588433e+001  2.511732e+000 -4.585724e+000  2.387261e-002  8.353359e-001 -1.093703e+000 -1.107254e+000 -1.075592e-002  3.438353e+000 -1.960030e+000  3.519439e-001  2.662720e+000 -2.782753e+000  1.856453e-001 -2.218834e-001  1.522900e+000 -2.855389e+000  1.700104e+000  2.136994e+000 -9.631354e-001 -3.950095e-001  9.213905e-002 -7.590517e-002 -2.202709e-001  4.209336e-001  5.591858e-001 -3.105530e-002
-3.276665e+000 -1.617492e+001  1.014520e+001 -8.808408e+000 -3.052326e+001 -2.243588e+001 -8.935154e+000 -3.638852e+000 -1.157479e+001 -7.762443e+000  1.738622e+000 -1.293377e+001  6.621749e+001  2.269808e+000 -2.490008e+000 -3.423423e+000  2.670775e+000  1.880994e+000 -3.171485e+000 -8.238468e-002  3.758438e+000 -5.078993e-002  5.022961e-001  3.103163e+000 -1.142072e+000  4.434563e-001 -1.432788e-001  1.570172e+000 -2.503048e+000  9.745213e-001  2.609980e+000 -6.489069e-001 -1.215023e+000 -2.988948e-001  7.499067e-001  3.999482e-001  1.794440e-001  1.164897e+000  3.547394e-002
-1.201116e+000 -1.909238e+001  3.846186e+000 -8.397949e+000 -2.524249e+001 -2.978714e+001 -1.449901e+001  3.426376e+000 -1.591169e+001 -9.376381e+000  2.939315e+000 -1.303708e+001  6.630147e+001  2.175572e+000 -9.473770e-001 -6.280183e+000  2.767729e+000  4.923927e+000 -3.697628e+000 -2.997432e+000  3.462472e+000  1.370620e-001  9.311794e-001  2.173347e+000 -2.495186e-001  3.659279e-001 -2.184074e-001  1.306093e+000 -1.533822e+000  6.076145e-003  2.138548e+000  3.452593e-001 -1.598613e+000 -1.279995e+000  8.100681e-001  8.758491e-001 -3.832563e-001  1.151041e+000 -8.380646e-002
 1.617857e+000 -1.659365e+001 -3.396765e+000 -1.237614e+000 -1.681422e+001 -3.002667e+001 -1.485841e+001  7.357778e+000 -8.060773e+000 -6.109485e+000  7.464808e+000 -8.858444e+000  6.725217e+001  1.983263e+000  1.739025e-002 -6.546682e+000  2.326917e+000  6.977767e+000 -1.818834e+000 -4.832214e+000  1.370203e+000  1.498520e+000  2.447375e+000  2.291847e+000  1.639680e+000  2.507301e-001 -2.278383e-001  8.625903e-001 -1.287841e-001 -8.176861e-001  1.131503e+000  1.370292e+000 -1.082862e+000 -1.588708e+000  2.679399e-001  1.099727e+000 -8.075305e-001  7.693008e-001 -2.193095e-001
 3.190575e+000 -1.785042e+001 -1.085588e+001 -1.430308e+000 -1.077819e+001 -3.290400e+001 -2.212615e+001  6.052903e+000 -8.908464e+000 -5.355839e+000  9.938898e+000 -1.121038e+001  6.719663e+001  1.562967e+000  6.910433e-001 -6.083606e+000  1.037646e+000  7.050652e+000 -5.728283e-002 -5.628907e+000 -1.767506e+000  1.315655e+000  3.758650e+000  1.152096e+000  1.581574e+000 -1.370239e-001 -2.268791e-001  5.220659e-001  9.004224e-001 -1.104089e+000 -1.139822e-001  1.567549e+000  3.434882e-001 -1.145228e+000  3.306985e-002  7.392381e-001 -1.252715e+000  3.589263e-001 -2.586655e-001
 4.443802e+000 -1.670894e+001 -1.523718e+001 -6.576415e-001 -2.866572e+000 -2.997162e+001 -2.928265e+001  1.898899e+000 -7.583801e+000  2.464161e+000  9.698065e+000 -5.648716e+000  6.702356e+001  1.436919e+000  1.003733e+000 -4.165632e+000 -5.526134e-001  6.475144e+000  1.859803e+000 -4.180959e+000 -1.570111e+000  6.996128e-001  4.587194e+000 -4.238648e-001  1.788885e+000 -4.016151e-001 -2.207856e-001  1.883130e-001  1.245292e+000 -1.072378e+000 -1.165490e+000  8.992282e-001  1.481806e+000 -9.071817e-002 -2.330883e-001 -2.679431e-001 -1.529518e+000 -3.158601e-001 -2.105609e-001
 5.200747e+000 -1.557952e+001 -2.065164e+001 -3.499708e+000  3.036954e+000 -3.010108e+001 -3.543143e+001 -2.681717e+000 -9.571898e+000  5.130046e+000  7.583169e+000 -6.734067e+000  6.573065e+001  1.314348e+000  1.169781e+000 -2.968596e+000 -1.312950e+000  4.605328e+000  2.300799e+000 -1.605618e+000 -7.935132e-001  7.018650e-001  3.557461e+000 -2.732370e+000  1.470510e+000 -6.012268e-001 -2.624144e-001 -1.206196e-001  1.292043e+000 -6.859069e-001 -1.701249e+000  1.197790e-001  1.907240e+000  7.311217e-001 -8.745215e-002 -1.156311e+000 -1.230682e+000 -4.992501e-001 -5.069153e-002
 7.797363e+000 -1.271043e+001 -1.932705e+001 -2.965981e+000  8.653934e+000 -2.212911e+001 -2.911057e+001  3.874534e+000 -4.230992e+000  1.158354e+001  6.523348e+000 -2.152174e+000  6.597708e+001  1.003644e+000  7.195865e-001 -1.877726e+000 -1.859676e+000  2.372979e+000  1.498266e+000  5.651728e-001  4.296155e-001  6.399742e-001  1.208254e+000 -3.413509e+000  1.159121e-001 -5.699730e-001 -3.649817e-001 -3.120392e-001  9.414219e-001 -1.952862e-001 -1.700025e+000 -6.826560e-001  1.345075e+000  6.731825e-001  2.048016e-005 -1.573037e+000 -5.729928e-001 -5.733874e-001  4.892113e-002
 8.085535e+000 -1.400077e+001 -2.365393e+001 -6.840888e+000  6.488198e+000 -2.532125e+001 -3.024029e+001  1.097520e+000 -7.075544e+000  7.871774e+000 -2.135594e+000 -5.606099e+000  6.471374e+001  4.675325e-001  2.300186e-001 -7.673427e-001 -1.738358e+000  5.954883e-001  7.223806e-001  1.534229e+000  8.882388e-001  9.082140e-001 -3.334327e-001 -3.506493e+000 -7.818937e-002 -3.063026e-001 -3.405082e-001 -2.871766e-001  7.801614e-001  3.208869e-001 -1.140645e+000 -7.060270e-001  6.434786e-001  8.175347e-001  3.024901e-002 -1.098209e+000  3.325933e-001 -1.851573e-001  1.255878e-001
 8.019629e+000 -1.390038e+001 -2.312466e+001 -8.285434e+000  7.272699e+000 -2.487020e+001 -2.905236e+001  2.157358e+000 -5.632107e+000  7.134568e+000 -2.510101e+000 -5.633140e+000  6.468215e+001  3.541799e-002 -8.658180e-002 -5.591499e-001 -1.316341e+000 -2.006235e-002 -7.642673e-001  9.744908e-001  9.549260e-001  5.965407e-001 -1.332546e+000 -2.901767e+000 -3.037021e-001 -3.044716e-001 -2.955972e-001 -1.530377e-001  5.116559e-001  7.489280e-001 -8.725147e-001 -3.200625e-001  2.495963e-001  8.477653e-001 -1.349197e-001 -5.571491e-001  6.588522e-001  1.912250e-001  1.401376e-001
 7.427277e+000 -1.383445e+001 -2.258954e+001 -9.531770e+000  6.705013e+000 -2.511863e+001 -2.778939e+001  2.618065e+000 -4.330270e+000  5.687370e+000 -5.432570e+000 -5.384531e+000  6.484660e+001  9.592018e-002  1.369818e-001  2.729229e-001  1.981659e-002  9.862252e-002 -9.806938e-002  1.407116e+000  3.031505e+000  8.748268e-001 -6.631833e-001 -1.325274e+000  7.545310e-001 -1.060387e-001 -2.970895e-001 -5.763821e-002  1.206377e-001  8.063051e-001 -9.813200e-001  2.803329e-001 -9.172136e-002  8.967292e-001 -6.679442e-001 -4.296137e-001  7.676458e-001 -9.535678e-002  1.259402e-001
 8.303582e+000 -1.322650e+001 -2.265499e+001 -8.202243e+000  8.445215e+000 -2.605176e+001 -2.546356e+001  7.888891e+000 -2.620926e+000  6.013012e+000 -6.337001e+000 -3.781469e+000  6.438829e+001 -2.885355e-001  9.162903e-004  1.604208e-001  1.005876e+000 -1.741162e+000  3.081785e-001  1.876711e+000  3.596809e+000 -1.793060e-002 -1.412616e+000 -1.209858e+000  6.556768e-001  3.058319e-002 -3.708384e-001 -9.084987e-003 -1.256391e-001  5.080422e-001 -1.209287e+000  1.005022e+000 -3.645743e-001  6.269309e-001 -1.153698e+000 -3.862315e-001  7.327455e-001 -7.288091e-001  1.515877e-001
 8.423160e+000 -1.365280e+001 -2.252415e+001 -6.783400e+000  6.395052e+000 -2.522082e+001 -2.499911e+001  1.338928e+001 -4.207001e+000  5.116635e+000 -6.848516e+000 -2.759279e+000  6.433047e+001 -8.559384e-001 -1.019215e-001 -5.239397e-001  1.132060e+000 -3.450562e+000  1.587822e+000  6.245117e-001  4.050943e+000 -2.124271e+000 -2.441466e+000 -5.142187e-001 -1.034663e+000  1.558708e-001 -3.930586e-001 -6.197967e-003 -2.225526e-001  8.052079e-002 -1.106862e+000  1.270261e+000 -5.359840e-001 -1.680119e-001 -1.133546e+000 -3.809052e-001  7.067313e-001 -1.382339e+000  1.411178e-001
 6.079010e+000 -1.398662e+001 -2.235526e+001 -4.630237e+000 -1.278130e+000 -2.327822e+001 -2.106394e+001  1.475580e+001 -5.783395e+000  3.568540e-001 -7.851416e+000 -3.667382e+000  6.509313e+001 -1.342845e+000 -1.255512e-002 -7.889139e-001  6.677489e-001 -4.291903e+000  3.417897e+000 -4.570789e-001  3.579861e+000 -3.672400e+000 -2.374563e+000  3.564324e-001 -3.053151e+000  3.225121e-001 -1.849024e-001  1.591733e-002  4.312971e-002 -3.074489e-001 -3.981848e-001  1.265212e+000 -5.428818e-001 -7.954351e-001 -4.265421e-001  8.337960e-002  7.799027e-001 -1.542683e+000  9.433678e-002
 4.259871e+000 -1.396399e+001 -2.535911e+001 -5.657475e+000 -5.686124e+000 -1.856629e+001 -2.686664e+001  1.943933e+001 -1.337039e+001 -3.691883e+000 -7.246456e+000 -1.061489e+001  6.527354e+001 -1.342218e+000  1.127276e-001 -3.651726e-001  5.914842e-001 -4.160316e+000  4.698375e+000 -1.059095e-001  2.199919e+000 -2.965667e+000 -2.086736e+000  1.425237e+000 -4.302751e+000  4.535858e-001  2.897329e-002 -5.855607e-002  4.421721e-001 -4.318984e-001  1.509588e-001  9.181894e-001 -1.043720e-001 -1.434090e+000  5.988334e-001  4.955384e-001  4.702085e-001 -1.061028e+000  6.724624e-002
 3.671003e+000 -1.313368e+001 -2.518208e+001 -5.426461e+000 -6.973713e+000 -1.228954e+001 -2.681519e+001  2.276317e+001 -1.640123e+001 -1.455541e+000 -4.355869e+000 -1.511942e+001  6.552932e+001 -9.699079e-001 -2.682161e-002  2.966858e-001 -2.610806e-001 -3.377209e+000  5.078960e+000 -4.724873e-001  5.451454e-001 -1.729944e+000 -1.173083e+000  1.719928e+000 -5.423694e+000  3.534096e-001  1.477706e-001 -9.753332e-002  5.908382e-001 -4.353217e-001  6.031291e-001  4.776632e-001  1.386363e-001 -1.676016e+000  1.331823e+000  5.896773e-001 -1.429564e-001 -1.851249e-001  6.857063e-002
 2.916074e+000 -1.351563e+001 -2.293660e+001 -3.427867e+000 -1.155873e+001 -7.223283e+000 -2.265303e+001  2.038519e+001 -1.372641e+001 -4.410848e+000 -1.470106e+000 -1.854702e+001  6.638031e+001 -8.975403e-001 -3.875686e-001  1.144121e+000 -5.630177e-001 -3.153115e+000  5.348238e+000  1.103561e-001 -1.602148e+000 -1.013327e-001 -5.645139e-001  1.155076e+000 -5.154532e+000  4.766533e-001  1.782409e-001 -3.189195e-002  4.522458e-001 -5.199257e-001  1.010267e+000  9.343304e-002  5.271006e-002 -1.514325e+000  1.422753e+000  6.306178e-001 -8.471434e-001  8.200352e-001  4.707924e-002
 1.901370e+000 -1.434491e+001 -2.208308e+001 -7.050444e+000 -1.522787e+001 -3.554923e+000 -2.553318e+001  1.700859e+001 -1.425510e+001 -5.149081e+000 -2.139951e+000 -2.681979e+001  6.630679e+001 -8.263308e-001 -2.500736e-001  1.410630e+000 -9.316088e-001 -1.779858e+000  5.481281e+000  1.279699e-001 -2.899186e+000  1.554546e+000 -1.872867e-001 -2.232691e-001 -3.552885e+000  6.538315e-001  1.759822e-001  5.970158e-002  1.996409e-001 -4.415801e-001  1.120116e+000 -4.039512e-001  1.039430e-001 -1.172007e+000  1.102738e+000  5.031627e-001 -1.393406e+000  1.828955e+000 -9.692008e-003
 6.569857e-001 -1.529622e+001 -2.118800e+001 -7.660572e+000 -1.732462e+001  3.807585e+000 -2.695586e+001  1.430588e+001 -1.495012e+001 -4.667683e+000 -2.579036e+000 -3.053736e+001  6.726807e+001 -5.228022e-001  6.489392e-002  1.339084e+000 -1.672880e+000  9.234486e-002  4.964380e+000 -1.425879e-001 -3.649539e+000  2.505852e+000  5.734546e-001 -1.838882e+000 -1.137980e+000  5.387710e-001  1.817501e-001  7.763691e-002 -5.226642e-002 -3.062107e-001  9.471352e-001 -1.259284e+000  1.209484e-001 -5.742705e-001  3.747314e-001  2.247808e-001 -1.358116e+000  2.130729e+000 -1.288766e-001
 6.688928e-001 -1.349376e+001 -1.900323e+001 -7.968153e+000 -1.299006e+001  9.601428e+000 -2.402393e+001  1.130689e+001 -8.016647e+000 -2.263557e+000 -4.917750e+000 -2.688867e+001  6.835460e+001 -2.773661e-001  4.545508e-002  1.197409e+000 -1.914050e+000  6.006407e-001  3.251133e+000  1.736998e-001 -4.291194e+000  2.480153e+000  7.737457e-001 -3.750124e+000  1.712806e+000  2.738907e-001  6.793914e-002  1.996913e-003 -2.034993e-001  1.649820e-002  5.470388e-002 -1.940540e+000  2.442353e-001 -2.165139e-001 -4.314664e-001 -3.540672e-001 -7.590086e-001  1.615405e+000 -2.243934e-001
 9.183008e-001 -1.361674e+001 -1.778111e+001 -1.133341e+001 -1.221592e+001  1.102044e+001 -2.412060e+001  4.988342e+000 -4.316383e+000 -2.986336e+000 -9.275615e+000 -2.420247e+001  6.805026e+001 -2.632720e-001 -1.471483e-001  9.893997e-001 -1.602851e+000  3.923117e-001  1.668909e-001  6.922334e-001 -3.777497e+000  1.309521e+000  7.887399e-002 -3.872075e+000  2.866268e+000  2.224045e-002 -8.048163e-002  1.267713e-001 -3.283089e-001  6.016987e-001 -6.492084e-001 -2.145261e+000  5.613866e-001  1.569898e-001 -7.126890e-001 -8.793074e-001  6.170516e-002  9.940850e-001 -2.149644e-001
 3.838817e-001 -1.495738e+001 -1.779948e+001 -1.478427e+001 -1.477902e+001  9.094313e+000 -2.608232e+001  2.113910e-001 -7.171204e+000 -2.121025e+000 -1.754228e+001 -2.142320e+001  6.728515e+001 -6.164002e-001 -1.340679e-001  5.679762e-001 -8.841326e-001 -1.656322e+000 -1.822673e+000  9.317356e-001 -3.917777e+000 -4.620409e-003 -1.710332e+000 -3.001715e+000  2.522014e+000 -2.098701e-001 -1.215543e-001  4.452991e-001 -3.111594e-001  9.514015e-001 -6.324895e-001 -1.875256e+000  7.558419e-001  5.257849e-001 -4.782897e-001 -9.487973e-001  5.541961e-001  6.603595e-001 -1.969849e-001
-5.168688e-001 -1.530015e+001 -1.684287e+001 -1.226676e+001 -1.446858e+001  4.895597e+000 -2.246550e+001  9.661434e-001 -8.825237e+000 -4.344579e+000 -1.562714e+001 -1.893876e+001  6.791399e+001 -7.556934e-001  7.885119e-001  1.225624e-002  8.206547e-001 -2.025216e+000 -3.225024e+000  2.285327e+000 -3.051299e+000  1.847938e-001 -2.581043e+000 -1.904560e+000  3.427841e+000 -2.941704e-001 -2.075436e-002  7.510046e-001 -5.988645e-002  8.666043e-001  3.532321e-002 -1.264342e+000  5.094157e-001  9.246956e-001 -6.375179e-002 -4.807974e-001  6.140624e-001  5.894334e-001 -2.242114e-001
-1.695523e+000 -1.332239e+001 -1.663246e+001 -1.192214e+001 -2.014533e+001  3.550487e+000 -2.019280e+001 -6.270893e+000 -5.785322e+000 -1.013610e+001 -1.675056e+001 -1.691045e+001  6.737338e+001 -6.389271e-001  1.804120e+000  1.301838e-001  1.631205e+000 -1.353043e+000 -4.429191e+000  3.156362e+000 -2.025369e+000  6.510682e-001 -2.640282e+000 -1.962901e+000  4.733818e+000 -5.528282e-001  9.628886e-002  8.037689e-001  3.542387e-001  5.272934e-001  1.066430e+000 -6.714545e-001 -2.537395e-002  1.052450e+000  1.456667e-001  3.110481e-001  5.724685e-001  6.006606e-001 -2.464809e-001
-1.820464e+000 -1.049168e+001 -1.830334e+001 -8.661206e+000 -1.965884e+001 -2.332767e+000 -1.563872e+001 -7.027009e+000 -4.085355e+000 -1.188402e+001 -1.919428e+001 -9.319639e+000  6.653529e+001 -3.557803e-001  2.638780e+000  9.088637e-001  1.472502e+000  4.172884e-001 -4.851559e+000  2.126999e+000 -1.002226e-001  6.629176e-001 -1.860138e+000 -1.321170e+000  4.707533e+000 -9.273376e-001  8.737895e-002  4.441567e-001  6.903458e-001  9.458373e-002  1.103589e+000  1.078763e-001 -4.819812e-001  2.017678e-001 -1.200911e-001  6.033800e-001  6.052635e-001 -1.616342e-001 -2.590018e-001
-2.158956e+000 -8.341015e+000 -1.641833e+001 -8.431028e+000 -1.894911e+001 -9.437458e+000 -1.371389e+001 -5.918877e+000 -6.285804e+000 -1.155272e+001 -2.557322e+001 -2.563670e+000  6.521036e+001 -3.349124e-001  2.959642e+000  1.890866e+000  1.426411e+000  2.454576e+000 -4.366678e+000  8.840302e-001 -1.310656e-001  4.846512e-001 -5.155444e-001 -4.310679e-001  4.885471e+000 -1.125691e+000 -7.279023e-002  9.678087e-002  8.060243e-001  1.031187e-002  6.683408e-001  1.119409e+000 -3.919684e-001 -5.795041e-001 -5.196180e-001  2.806490e-001  9.091179e-001 -9.942641e-001 -2.230461e-001
-2.064054e+000 -4.596941e+000 -1.240562e+001 -6.649807e+000 -1.298025e+001 -1.286823e+001 -1.506996e+001  2.890222e-001 -5.260408e+000 -1.293696e+001 -1.782166e+001 -2.574483e+000  6.435882e+001 -4.708060e-001  2.431535e+000  2.583644e+000  1.395970e+000  1.588918e+000 -2.716899e+000  1.011587e+000 -2.989611e+000 -3.324530e-001 -6.265124e-001  3.558401e-001  2.543844e+000 -1.302748e+000 -5.630361e-001  4.187975e-002  4.469460e-001  1.775730e-001  5.753916e-002  1.833452e+000  2.486277e-001 -9.000999e-001 -7.205387e-001 -1.944796e-002  1.147912e+000 -1.502675e+000 -1.076495e-001
-3.248290e+000 -1.471548e+000 -1.012699e+001 -5.795785e+000 -1.121175e+001 -1.301517e+001 -1.605703e+001 -1.058424e+001 -2.774539e+000 -1.218735e+001 -1.959221e+001  4.144326e+000  6.283316e+001 -9.453654e-001  2.391648e+000  3.322915e+000  1.721030e+000  1.402846e+000  1.005261e-001  1.754226e+000 -3.478195e+000 -1.449337e+000 -1.853850e+000  1.744183e+000  8.443422e-001 -1.480354e+000 -1.057432e+000  4.107009e-001 -2.264502e-001  3.646776e-001 -2.016405e-001  1.781841e+000  5.913025e-001  4.467156e-001 -1.944668e-001  5.412896e-001  1.473849e+000 -1.371741e+000 -5.389929e-004
-3.629827e+000 -1.768736e+000 -8.530788e+000 -2.998976e+000 -1.558293e+001 -1.412841e+001 -9.409222e+000 -1.964239e+001 -7.503253e+000 -1.469926e+001 -2.040559e+001  4.558006e-002  6.121015e+001 -2.865734e+000  3.132176e+000  2.427569e+000  2.213058e+000  1.230849e+000  2.082099e+000  2.935039e+000 -2.927158e+000 -1.972782e+000 -1.288225e+000  3.330762e+000 -7.852792e-001 -1.288254e+000 -1.221924e+000  6.040916e-001 -8.806322e-001  3.450994e-001 -3.220623e-002  9.825792e-001  3.090689e-001  1.733304e+000  5.777505e-001  1.711664e+000  1.472196e+000 -2.704414e-001  9.720329e-002
