36 39
-1.877155e+001 -1.214770e+000  3.962103e+000 -1.141446e+000  4.346275e+000  3.116685e+000  2.447213e+000  1.636830e+000 -3.914383e+000  3.005899e+000  4.424577e+000 -6.074848e-002  2.892617e+001  1.725284e+000  5.637000e+000 -4.256303e+000  2.830522e+000  2.312678e-002 -1.095311e+000  1.009472e+000  1.630491e-001  1.117870e+000  9.006811e-001  3.696342e-001  8.367290e-002 -3.237865e+000  7.271404e-001  8.620608e-001 -1.971106e-001 -4.191463e-001 -3.990076e-001 -4.905383e-001 -4.084027e-001 -7.486445e-001  8.886133e-001 -1.017901e-003 -6.565439e-001 -3.438197e-001  9.705071e-001
-1.756427e+001 -7.562868e-001  9.574415e-002  4.612395e+000 -1.196160e+000 -1.067950e+000 -1.306865e+000  1.719222e+000  3.617509e+000  5.420606e+000  5.741845e+000  2.486167e+000  2.733413e+001  1.037968e+000  3.036982e+000 -3.826170e+000  1.523053e+000  1.755498e-001 -1.381745e+000  1.327075e+000  2.647927e-001  1.529116e+000 -9.819176e-002 -4.823404e-001 -4.905224e-001 -1.977373e+000 -2.456963e-001 -9.630219e-001  1.268800e+000 -1.809449e+000 -1.959855e-001  1.655039e-001 -4.271485e-001 -6.591547e-001  6.063699e-001  1.616537e-001 -1.023007e+000 -7.597689e-001  3.111550e+000
-1.643680e+001  1.170570e+000  5.744382e-001  3.190948e+000 -9.260902e-001 -1.625567e+000 -2.028296e+000  4.751260e+000  3.516721e-001  3.212900e+000  2.316354e+000 -2.799562e+000  2.789546e+001  3.541347e-001 -3.583447e-001  1.233080e+000 -3.228282e+000 -8.478693e-001  8.711924e-002 -5.546308e-001 -1.386387e+000  3.729660e+000  9.064118e-001 -3.141759e+000 -2.036708e+000  5.260232e+000 -8.645639e-001 -1.487924e+000  1.894840e+000 -1.768327e+000 -2.536543e-001  1.889957e-001 -4.819265e-002 -3.632857e-001 -1.737813e-001  3.219602e-001 -2.760527e-001 -2.891334e-001  3.924605e+000
-1.843172e+001 -1.718254e+000 -1.471434e+000  3.210228e+000  4.175579e+000  1.084166e+000  5.162086e+000  5.103625e+000  3.689348e+000  1.702098e+000  1.029919e+000 -1.659648e+000  2.781586e+001 -5.062624e-001 -6.250148e-001  2.053525e+000 -5.168746e+000 -2.754624e-001  9.402934e-001  1.293842e-001 -1.739179e+000  2.859782e+000  1.969148e+000 -3.360703e+000 -2.355838e+000  1.007309e+001 -7.875031e-001 -5.050243e-001  1.359913e+000 -9.137493e-002 -9.920721e-002 -2.068812e-001  4.320283e-001  2.800162e-001 -1.674112e+000  1.793650e-001  1.124572e+000  3.847170e-001  2.374246e+000
-1.656716e+001 -2.525510e+000  1.091109e+001 -1.658177e+001 -2.578941e+000  2.476223e+000 -3.560416e+000 -6.987304e+000  1.469800e+001  9.397212e+000 -8.928253e+000 -8.171380e+000  5.498647e+001 -1.825420e+000  2.837676e-002  2.278049e+000 -2.665214e+000 -1.019639e+000 -1.311351e+000  1.367354e+000 -6.513936e-001 -4.163692e-001  1.476812e+000  4.285519e-001 -4.293360e-001  1.035993e+001 -4.417828e-001  1.305946e-001  8.633303e-003  2.107972e+000  2.249282e-001 -7.530254e-001  1.152829e+000  1.183748e+000 -3.162852e+000 -1.059805e+000  2.242835e+000  1.165821e+000 -1.173806e+000
-2.003040e+001 -2.033321e+000  5.195041e+000 -1.134498e+001 -1.747046e+000  1.582622e+000  1.061166e-001 -1.107389e+000  1.074325e+001  1.217419e+001 -5.439364e+000 -6.607115e+000  6.415408e+001 -1.809770e+000  3.185000e-001  2.450908e+000  7.846438e-001 -2.346015e-001 -1.716915e+000  2.526224e+000  1.297377e+000 -4.768430e+000  5.134332e-001  3.355364e+000  6.293769e-001  7.344008e+000  6.593546e-001  1.307513e-001 -8.229132e-002  2.025104e+000 -1.856140e-001 -8.801938e-001  1.615631e-001  4.832136e-001 -2.894457e+000 -1.856948e+000  1.624856e+000  7.757248e-001 -3.131469e+000
-2.476456e+001  1.469987e+000  8.631447e+000 -2.857517e+000 -3.062972e+000 -8.431551e+000  7.336459e+000  4.599799e+000 -5.257127e+000  5.360915e+000  7.693755e+000 -2.472509e+000  6.152600e+001 -1.203026e+000 -1.771293e-001  1.077555e+000  4.334882e+000  2.563415e-001 -2.349403e+000  4.011094e+000  3.014075e+000 -8.270494e+000 -3.664756e+000  4.714384e+000  2.299791e+000  7.557411e-001  1.899669e+000 -9.752568e-002 -2.662235e-001  2.169673e-002 -6.380489e-001 -4.094231e-001 -1.582549e+000 -6.078686e-001 -7.636424e-001 -1.512219e+000 -7.013556e-001 -3.480696e-001 -2.840576e+000
-2.338187e+001 -2.123503e+000  1.192293e+001  2.713190e-001  3.244587e+000 -2.046524e+000  1.234477e+001  5.796960e+000 -1.017524e+001  6.287412e+000  9.495733e+000 -1.362199e+000  6.126614e+001  2.479313e+000  1.314945e-001  2.242315e+000  1.456724e+000 -1.841522e+000 -2.941650e+000 -3.846699e-001 -1.155845e+000 -7.685439e+000 -4.744807e+000  2.620662e+000  1.582226e-001 -7.821644e-001  2.143436e+000 -1.660104e-001 -5.191114e-001 -1.794306e+000 -1.192651e+000 -4.335589e-001 -2.600039e+000 -1.188221e+000  1.543083e+000 -4.932640e-001 -2.229100e+000 -9.705726e-001 -1.311453e+000
-2.090655e+001 -3.366066e+000  1.293492e+001 -7.155109e-001 -3.793050e+000 -7.456220e+000  1.037573e+001  4.630897e+000 -1.619523e+001 -5.983179e+000  7.176118e+000  7.051153e-001  6.020914e+001  5.528381e+000 -3.657489e-001  1.051228e+000 -2.892770e+000 -3.406423e+000 -2.746100e+000 -5.089946e+000 -2.464125e+000 -2.776077e+000 -3.455161e+000 -2.710876e+000 -1.934107e+000  2.201374e-001  1.282730e+000 -3.641806e-001 -6.415446e-001 -2.352631e+000 -6.877075e-001 -1.126215e-001 -2.244253e+000 -7.472060e-001  2.690408e+000  1.183771e+000 -2.368977e+000 -9.191838e-001  3.889808e-001
-9.562837e+000  1.042178e+000  1.425488e+001 -5.132360e+000 -1.058962e+001 -1.361329e+001 -3.336866e+000 -6.902162e+000 -2.221489e+001 -5.877801e+000  7.922766e+000 -7.404814e+000  6.090168e+001  5.541708e+000 -4.172421e-001 -1.314853e-001 -4.573061e+000 -4.366473e+000 -3.686362e+000 -5.923450e+000 -1.904625e+000  1.997776e-001 -2.057684e+000 -4.077508e+000 -2.106537e+000  1.054547e+000 -5.375676e-001 -7.329090e-001 -8.671735e-001 -1.182354e+000  4.094702e-001  2.876161e-001 -1.468498e-001  7.572131e-001  2.186256e+000  1.349986e+000 -1.221079e+000  1.707610e-001  6.449680e-001
-4.032167e+000 -1.941598e+000  1.272161e+001 -1.461953e+001 -1.317798e+001 -1.637867e+001 -1.027245e+001 -1.371266e+000 -1.311769e+001 -5.832283e+000 -5.074141e+000 -9.121737e+000  6.280892e+001  3.679428e+000 -1.723664e+000 -9.432679e-001 -4.413378e+000 -1.919721e+000 -2.540155e+000 -4.440780e+000 -3.475644e-001  1.238939e+000  9.105365e-001 -3.781417e+000 -1.163748e+000  1.782290e+000 -1.686167e+000 -6.168553e-001 -4.047442e-001  3.497095e-001  1.122352e+000  5.257657e-001  1.461235e+000  9.225876e-001  5.311774e-001  6.713498e-001  6.063063e-001  8.426303e-001  2.723331e-001
-4.110518e+000 -4.921947e+000  1.137216e+001 -1.564198e+001 -1.389531e+001 -1.601711e+001 -6.948386e+000 -7.250860e-001 -1.071512e+001 -4.076458e+000 -4.766678e+000 -6.981460e+000  6.523898e+001  7.159520e-001 -2.854093e+000 -1.096304e+000 -3.694743e+000 -5.375221e-001 -1.606542e+000 -1.443502e+000  1.571940e+000  1.238333e+000 -1.777271e-001 -2.949464e+000  6.268481e-001  1.661599e+000 -1.597247e+000 -2.247146e-001 -2.421103e-002  8.692079e-001  1.240465e+000  6.066340e-001  1.477229e+000  3.963557e-001 -4.429341e-001 -2.347615e-001  1.025640e+000  6.594369e-001 -1.495980e-001
-5.235573e+000 -9.002322e+000  9.659943e+000 -1.752759e+001 -1.173881e+001 -1.895508e+001 -1.002242e+001 -1.954631e-001 -1.575042e+001 -2.331168e+000 -5.386247e+000 -5.325304e+000  6.695194e+001 -4.895736e-001 -2.231600e+000 -4.900831e-001 -1.583382e+000  2.908629e-001 -1.157181e+000 -2.374539e-002  4.105301e-001 -6.394675e-001 -1.038391e+000 -2.433667e-001  9.123517e-001  1.278277e+000 -8.052174e-001  4.751670e-001  2.033906e-001  9.704787e-001  6.908425e-001  3.749641e-001  9.844474e-001 -8.446702e-002 -4.454598e-001 -7.679589e-001  7.926936e-001  1.488787e-001 -4.655524e-001
-5.381374e+000 -9.697925e+000  1.030419e+001 -2.215204e+001 -1.399682e+001 -2.035779e+001 -1.067939e+001  3.696389e-001 -1.470686e+001 -8.516994e+000 -6.668499e+000 -6.168790e+000  6.713817e+001 -3.600260e-001 -1.286847e+000 -4.791328e-001 -1.642020e+000  7.305609e-001 -1.344679e+000 -7.458197e-001 -3.018939e-001 -1.075690e+000 -2.257028e+000 -7.183327e-001  1.525974e-001  5.585632e-001  7.428868e-002  8.225459e-001  1.164702e-001  9.493893e-001  4.269464e-001  2.614511e-001  2.642246e-001 -2.357387e-001 -9.794064e-002 -2.343597e-001  2.747859e-001 -2.812981e-001 -5.528220e-001
-5.844607e+000 -1.071161e+001  1.080518e+001 -1.928140e+001 -1.167292e+001 -1.999423e+001 -8.525677e+000  1.340224e-001 -1.431915e+001 -8.803967e+000 -5.340063e+000 -4.966313e+000  6.825071e+001  1.913296e-001 -1.314515e-001 -2.349006e-001 -5.873464e-001  9.004502e-001 -7.962656e-001  1.326156e-001  1.670176e-001  1.686511e-001 -1.889607e+000 -9.335150e-001 -1.822294e-001  6.045532e-003  5.101641e-001  6.834812e-001 -1.182551e-001  6.987261e-001  2.085577e-001  3.302040e-001 -1.105750e-001  1.469500e-001  5.188331e-001  1.713238e-001 -2.118386e-001 -3.491788e-001 -5.604650e-001
-5.606131e+000 -1.050154e+001  8.403875e+000 -2.297517e+001 -1.027545e+001 -2.222093e+001 -1.142585e+001 -2.399298e+000 -1.680920e+001 -1.212520e+001 -8.381433e+000 -6.397968e+000  6.738242e+001  7.469438e-001  2.085628e-001 -6.415442e-001  5.541855e-001  1.292416e+000 -4.797441e-001 -2.005593e-001  5.150031e-001  3.445705e-001 -9.239170e-001 -1.230460e+000 -2.323517e-001 -4.663948e-001  5.197731e-001  4.254879e-001 -1.821605e-001  7.489386e-001  2.297846e-001  2.656431e-001 -7.819876e-002  3.885938e-001  6.622106e-001  3.869797e-001  6.969662e-002 -1.342110e-001 -4.147986e-001
-4.166546e+000 -9.257772e+000  9.435599e+000 -2.005276e+001 -9.097239e+000 -2.200484e+001 -8.986108e+000  2.024094e+000 -1.385599e+001 -9.975102e+000 -9.197355e+000 -6.121861e+000  6.686005e+001  1.507762e+000  4.381009e-001 -1.000153e+000  8.121458e-001  1.052724e+000  6.137123e-002 -8.492505e-001  7.368318e-001  1.244568e+000 -8.483273e-001 -1.046496e+000 -6.410676e-001 -1.011569e+000  3.119656e-001  1.716013e-001 -3.224030e-001  4.680710e-001  2.721569e-001 -6.501450e-002 -2.495150e-001  2.401086e-001  2.187787e-001  2.726692e-001  2.095807e-001 -2.183549e-002 -2.534372e-001
-2.485685e+000 -9.382030e+000  7.781264e+000 -1.899544e+001 -8.822573e+000 -2.175121e+001 -1.145198e+001  1.999619e+000 -1.321559e+001 -1.255101e+001 -1.089215e+001 -6.752774e+000  6.550153e+001  1.580623e+000  5.558164e-001 -1.007309e+000  1.402927e+000  1.803347e+000 -4.452818e-001 -6.458805e-001  1.356168e+000  1.697405e+000 -8.427700e-001 -3.133591e-001 -2.890383e-001 -1.006622e+000  9.252417e-003  1.020226e-001 -2.717589e-001  2.208347e-001  2.018729e-001 -1.524881e-001 -2.387194e-001  8.787100e-002 -2.923970e-002  1.686278e-001  2.332914e-001  1.056662e-001 -6.186191e-002
 1.339811e-001 -9.080860e+000  6.115722e+000 -1.721054e+001 -7.135736e+000 -1.992224e+001 -1.275887e+001  1.618723e+000 -9.893122e+000 -1.283270e+001 -9.317183e+000 -7.994248e+000  6.413331e+001  1.334318e+000  5.529281e-001 -1.664033e+000  1.328638e+000  2.005769e+000 -1.138569e+000 -8.922987e-001  9.469782e-001  5.861272e-001 -5.668350e-001 -3.441620e-001 -2.630636e-001 -9.910267e-001 -2.734487e-001 -3.232316e-002 -3.945608e-002 -7.995567e-002  4.938381e-002 -8.590070e-002 -2.236651e-001 -1.956675e-001 -3.424446e-001  3.141984e-001 -6.367172e-002  2.177550e-001  1.086967e-001
 1.467212e-001 -7.810914e+000  5.027269e+000 -1.738165e+001 -2.239469e+000 -2.548864e+001 -1.276888e+001  4.584226e+000 -1.030361e+001 -1.491025e+001 -9.888315e+000 -6.906967e+000  6.371267e+001  8.799282e-001  6.612619e-001 -1.668399e+000  1.400113e+000  1.825258e+000 -6.422142e-001 -1.372632e+000  8.492849e-001  5.275924e-001 -2.215240e-001 -4.151704e-001  1.069773e-001 -7.859756e-001 -3.686236e-001 -1.313283e-001  1.709733e-001 -3.890955e-001 -2.635528e-001  3.703681e-001 -4.138690e-001 -5.301653e-001 -2.741651e-001  4.400938e-001 -3.006380e-001  8.821065e-003  1.743269e-001
 1.188839e+000 -7.278690e+000  2.492431e+000 -1.421647e+001 -2.359944e+000 -2.582897e+001 -1.278915e+001  5.466681e+000 -1.238134e+001 -1.162966e+001 -1.142008e+001 -7.360083e+000  6.279934e+001  4.908659e-001  2.237623e-001 -8.668885e-001  4.137744e-001  1.288687e+000 -2.696661e-001 -1.604200e+000  1.193564e-002  1.172513e-001  4.120418e-001 -1.313949e+000  2.496994e-001 -5.784092e-001 -2.683776e-001 -1.228895e-001  2.751537e-001 -4.379345e-001 -3.361124e-001  6.246976e-001 -4.285562e-001 -4.919603e-001  2.086871e-002  3.362999e-001 -1.901799e-001 -2.288943e-001  1.548621e-001
 1.386527e+000 -6.976805e+000  1.250916e+000 -1.349191e+001 -2.084177e+000 -2.200891e+001 -1.830000e+001  4.322065e+000 -9.333518e+000 -1.426015e+001 -1.191656e+001 -6.534970e+000  6.223863e+001  1.592311e-001  6.375794e-002 -5.510148e-001 -8.511858e-002  8.441242e-001  9.721073e-001 -2.359275e+000 -8.271371e-001  5.610174e-001  8.682607e-001 -1.331656e+000 -5.013145e-001 -3.412968e-001 -6.734129e-002 -8.306085e-002  1.332451e-001 -3.142219e-001 -2.244145e-001  3.267232e-001 -3.657005e-002 -4.051299e-001 -3.847506e-002  2.729792e-001  6.240018e-002 -4.506909e-001  5.201412e-002
 1.968408e+000 -8.379103e+000  3.669456e+000 -1.708654e+001 -7.699448e-001 -2.301043e+001 -1.801431e+001  1.809482e+000 -9.791913e+000 -1.109754e+001 -1.487281e+001 -6.931749e+000  6.197828e+001  3.527781e-001  2.372326e-001 -8.469566e-001 -1.184190e-001  8.157743e-001  1.177758e+000 -2.541759e+000 -6.746120e-001  6.737582e-001  5.697719e-001 -8.368187e-001 -1.103389e+000 -4.390556e-001  9.600841e-002  6.693058e-002 -1.570061e-001  7.548440e-002 -9.144655e-002  1.059432e-001  2.892377e-001 -1.641273e-001 -2.938079e-002  1.389355e-001  2.961473e-001 -2.694282e-001 -7.145840e-002
 5.530923e-001 -6.941917e+000  1.683683e+000 -1.637220e+001  1.186152e+000 -2.203737e+001 -2.195267e+001  2.277140e+000 -8.793242e+000 -1.083501e+001 -1.482023e+001 -9.627707e+000  6.241672e+001  6.122656e-001  2.392225e-001 -1.012139e+000  9.510050e-002  9.396423e-001  2.676899e-001 -1.086703e+000 -8.330907e-001  5.696363e-002  1.064507e+000 -3.417346e-001 -1.469933e+000 -5.955818e-001  1.470240e-001  9.962416e-002 -6.695220e-002  1.421891e-001 -1.412601e-001  3.793614e-002  5.857078e-001 -1.636454e-002 -1.054859e-001  1.143507e-001  3.153505e-001  5.526266e-002 -1.416129e-001
 3.369447e+000 -6.109971e+000 -1.958735e+000 -1.336841e+001  8.376232e-002 -1.992595e+001 -2.367161e+001  3.116083e+000 -9.282690e+000 -1.049337e+001 -1.415234e+001 -1.133066e+001  6.051502e+001  7.443907e-001  4.706829e-001 -1.421357e+000  7.010868e-001  7.836956e-001  6.122587e-001 -7.942972e-001 -8.057241e-001  2.223742e-001  1.008596e+000 -3.281729e-001 -6.131321e-001 -8.085586e-001 -3.557860e-002  8.094954e-002  1.756151e-001  1.472495e-001 -1.711978e-001  3.093940e-001  4.811828e-001  6.666275e-002  5.262559e-002  1.029916e-001  2.386595e-001  3.633213e-001 -3.672608e-002
 3.747336e+000 -6.915259e+000 -9.956831e-001 -1.487547e+001  2.187181e+000 -2.221270e+001 -2.090486e+001 -4.966895e-001 -9.303311e+000 -9.239702e+000 -1.398546e+001 -1.168518e+001  5.999236e+001  6.985448e-001  4.451536e-001 -5.985756e-001  2.160742e-001  1.538631e-001  1.444538e+000 -3.044662e-001 -8.434038e-001  2.592798e-001  1.220602e+000 -9.226227e-003 -4.701297e-001 -8.646095e-001 -1.787033e-001  1.128092e-001  2.538087e-001  2.504308e-001 -1.865691e-001  5.826272e-001  1.732433e-001  3.835025e-001  1.753990e-001 -7.428112e-002  3.328279e-001  4.545880e-001  9.073471e-002
 4.093240e+000 -6.039017e+000 -2.097646e+000 -1.432947e+001  2.648019e+000 -1.986147e+001 -2.250970e+001 -8.322239e-001 -8.425007e+000 -6.852211e+000 -1.693106e+001 -8.968673e+000  5.914767e+001  1.317455e-001  5.390148e-001 -1.756627e-001  5.573415e-001  3.526747e-001  2.136304e+000 -5.269631e-001 -3.361417e-001  8.357280e-001  1.006682e+000  1.902246e-001  2.133160e-001 -4.881721e-001 -2.425001e-001  1.061498e-001  3.838413e-001  2.161221e-001 -4.260252e-002  3.244085e-001  2.782935e-001  3.832688e-001  1.811638e-001  1.727503e-002  4.536503e-001  3.599835e-001  2.131166e-001
 3.683920e+000 -4.751626e+000 -1.239739e+000 -1.481131e+001  6.733395e-001 -1.484692e+001 -2.405596e+001  3.427468e-002 -7.925684e+000 -6.552576e+000 -1.347701e+001 -1.315935e+001  5.877734e+001  2.507181e-002  7.691025e-001 -3.659424e-001  1.419127e+000  2.223073e-001  2.418803e+000 -3.541538e-001  8.496304e-001  6.272817e-001  6.940582e-001  1.063206e+000  3.897831e-001 -3.021015e-001 -1.726406e-001  6.028572e-002  3.862349e-001  1.494738e-001  1.083479e-001 -2.192360e-001  4.855647e-001  2.683168e-001  7.577913e-002  2.898736e-002  3.882625e-001  5.720393e-001  2.291538e-001
 4.059882e+000 -4.496713e+000 -2.715020e+000 -1.061379e+001  2.604056e+000 -1.292732e+001 -2.473088e+001  1.169892e+000 -5.792863e+000 -6.803523e+000 -1.345545e+001 -9.526996e+000  5.868166e+001 -1.313735e-001  8.394573e-001  3.815330e-001  1.180171e+000  5.364609e-001  1.747169e+000  6.220140e-001  2.641030e-001  9.441925e-001  1.358243e+000  1.403862e+000  7.568291e-001 -2.422943e-002 -7.602967e-002  1.440198e-002  5.140732e-001 -2.173714e-001  1.756067e-002 -6.146083e-001  6.773330e-001  4.923335e-002 -1.628453e-002 -5.538610e-002  3.163685e-001  5.595070e-001  1.453880e-001
 3.889374e+000 -3.840899e+000 -2.516708e+000 -9.637676e+000  3.320698e+000 -1.358577e+001 -2.156504e+001  2.750405e+000 -7.482975e+000 -5.793755e+000 -1.040724e+001 -9.457103e+000  5.871485e+001 -3.309887e-002  5.963609e-001  1.054001e+000  6.520284e-001  6.037094e-001  5.429255e-001  1.548869e+000  1.980578e-001  5.839432e-001  1.189758e+000  1.325267e+000  2.118310e+000  4.918823e-002 -1.260628e-001 -3.763890e-002  5.207352e-001 -3.650409e-001 -1.243961e-001 -7.424672e-001  5.712948e-001 -1.902891e-001  8.287830e-002 -4.104189e-001  1.284257e-001  4.461686e-001  7.785763e-002
 3.333646e+000 -2.297094e+000  4.485033e-001 -1.101543e+001  4.006644e+000 -1.175621e+001 -2.064508e+001 -8.697737e-001 -3.925399e+000 -4.404048e-001 -1.144663e+001 -7.035650e+000  5.905777e+001 -2.193175e-001  6.973954e-001  1.684731e+000 -1.459664e-001  2.497770e-001  1.201820e-003  1.908190e+000  2.358113e-001  7.759746e-001  4.819014e-001  1.641037e+000  2.146588e+000  6.312294e-002 -2.470377e-001 -8.380294e-003  1.356279e-001 -3.570097e-002 -3.454841e-001 -7.308098e-001  4.780088e-001 -1.059698e-001 -9.817531e-002 -8.244880e-001  4.890144e-003  5.461121e-002  3.131996e-002
 3.881544e+000 -2.869631e+000  2.448504e+000 -1.135034e+001  2.990593e+000 -1.271785e+001 -1.835451e+001  2.044397e+000 -5.939700e+000 -3.785343e+000 -7.855077e+000 -3.813470e+000  5.883523e+001 -5.612702e-001  6.519389e-001  1.586134e+000  2.569912e-001 -2.563314e-001 -4.205497e-001  1.859232e+000 -8.766936e-002  1.125782e+000 -9.198653e-001  1.586748e+000  1.925747e+000  4.351044e-002 -4.281775e-001  6.306427e-002 -3.888381e-001  3.093424e-001 -5.843777e-001 -7.323914e-001  3.615962e-001 -3.056918e-001 -3.510371e-001 -9.327144e-001 -2.641113e-001 -5.586637e-001  3.117393e-002
 2.967209e+000 -1.495370e+000  3.226032e+000 -1.048729e+001  4.017994e+000 -1.335527e+001 -1.679519e+001  2.701953e+000 -2.684628e+000 -5.398222e+000 -6.526342e+000 -1.615875e+000  5.893709e+001 -1.102476e+000  7.697669e-001  7.936056e-001  1.199185e+000 -7.609391e-001 -1.425143e+000  2.856876e+000 -1.228822e-001  1.823965e-001 -1.709385e+000  1.297573e+000  1.126167e+000  1.352093e-001 -5.360838e-001  1.916494e-001 -7.741526e-001  6.269812e-001 -8.558849e-001 -4.914399e-001  3.173026e-001 -6.235756e-001 -6.939470e-001 -6.918674e-001 -4.436480e-001 -8.616618e-001  3.934204e-002
 1.266240e+000 -9.820662e-001  4.025199e+000 -8.616791e+000  2.033366e+000 -1.488899e+001 -1.419383e+001  5.261946e-001 -2.474450e+000 -7.914173e+000 -4.933642e+000 -2.538256e+000  5.899274e+001 -1.732407e+000  8.754966e-001 -4.446267e-001  1.526165e+000 -1.812821e+000 -2.405859e+000  2.882507e+000 -1.151054e+000 -8.744530e-001 -2.378170e+000  1.764429e-001 -1.647977e-001  1.690147e-001 -6.049551e-001  4.249624e-001 -6.816950e-001  8.083194e-001 -9.194414e-001  9.829107e-002  1.182803e-001 -6.806732e-001 -6.142984e-001 -1.144372e-001 -2.163939e-001 -9.505616e-001 -2.995929e-002
-8.710832e-001  6.079578e-001  3.628183e+000 -6.386283e+000  6.805614e-001 -1.779636e+001 -8.441041e+000 -7.250836e-001 -4.746042e+000 -6.922914e+000 -6.419483e+000 -2.042424e+000  5.965506e+001 -2.314168e+000  1.543864e+000 -1.170651e+000  2.354353e+000 -3.251403e+000 -1.463343e+000  2.983066e+000 -2.350374e+000 -1.693642e+000 -2.248283e+000  1.279490e-001 -1.116449e+000  1.970810e-001 -6.801367e-001  3.105555e-001 -2.886574e-001  8.862957e-001 -5.339894e-001  1.123863e+000 -1.647767e-001 -4.907205e-001 -3.552601e-001  9.200869e-002  1.655208e-001 -7.311743e-001 -1.562793e-001
-2.861345e+000  4.561881e-001  2.429456e-002 -5.770021e+000 -4.404796e+000 -2.252660e+001 -8.119048e+000 -1.997356e+000 -9.281258e+000 -1.491385e+001 -7.026292e+000 -4.424183e+000  5.932132e+001 -2.980200e+000  2.389703e+000 -8.402128e-001  3.721004e+000 -3.608307e+000  9.000568e-002  2.387539e+000 -2.377290e+000 -1.007690e+000 -1.222602e+000  1.089590e+000 -1.705753e+000 -1.372219e-001 -6.304182e-001 -2.345630e-001  1.644298e-001  8.269203e-001  3.572112e-001  1.868963e+000 -1.974662e-001 -2.946408e-002  1.926899e-003  9.612617e-001  5.361707e-001 -1.314781e-001 -3.234782e-001
