38 39
-1.285526e+001  1.952873e+000 -7.205098e+000  3.076617e-001 -1.461591e+000 -4.294275e+000 -1.486469e+000  3.575873e+000  3.159671e+000 -7.864762e+000  5.194704e-001 -5.200825e+000  3.701129e+001 -2.176224e+000  1.605206e+000 -2.914732e+000  1.255077e+000 -1.776885e+000 -1.525255e+000  3.027055e+000  1.433943e+000  1.532035e+000 -2.601419e+000  2.030962e-001 -7.582986e-001  3.693445e+000 -7.471504e-001 -1.175735e-001 -1.305420e-002  9.831895e-001 -4.548573e-001 -4.243328e-001  1.191797e-001 -5.995252e-001 -3.065908e-001  6.499053e-001  1.575740e-002  5.739498e-001  2.649557e-001
-2.037830e+001  2.243748e+000 -1.081475e+001  1.479950e+000  7.338798e-001 -5.447340e+000  6.714435e+000  7.345079e+000  2.330834e+000 -6.290234e+000  1.271574e+000 -5.514624e+000  4.355541e+001 -3.017416e+000  8.158528e-001 -3.320510e+000  2.299570e+000 -2.638007e+000 -1.681893e+000  1.844204e+000 -1.328118e-001  5.534590e-001 -8.305791e-001  1.312153e-001  1.395310e-001  2.901080e+000  8.957279e-002 -5.323983e-001  5.213134e-001  6.549074e-001  2.023891e-002 -1.424426e-002 -1.224249e+000 -1.198819e+000 -7.714415e-001  5.548971e-001 -7.509758e-001  3.498736e-001 -1.494497e-001
-2.366039e+001  7.344842e+000 -1.293074e+001  7.841983e-001 -6.794106e+000 -3.782969e+000  6.510358e+000  3.813356e+000  3.466718e+000 -6.224882e+000 -1.350397e+000 -3.160674e+000  4.501139e+001 -2.340018e+000 -1.174916e+000 -1.648201e+000  3.857181e+000 -5.988557e-002 -2.163683e+000 -8.818755e-001 -6.420622e-001 -2.511897e+000 -2.218976e-002 -1.748197e+000 -1.104686e-001  3.777943e+000  5.937379e-001 -8.230456e-001  8.205710e-001 -7.919476e-002  6.463084e-001  2.248050e-001 -1.528070e+000 -8.230926e-001 -2.544977e-001  5.842932e-001 -4.506727e-001  4.027441e-001 -4.214708e-001
-2.529048e+001  1.106950e+000 -1.544820e+001  6.046144e+000 -5.918476e+000 -9.281811e+000  2.551825e-001  3.635895e+000 -2.451930e+000 -4.656283e+000 -1.354619e+000 -3.633908e+000  4.712083e+001 -6.118307e-001 -9.836121e-001 -6.549403e-001  2.985136e+000  1.872937e-001 -1.060301e+000 -2.991386e+000 -2.642349e+000 -1.067987e+000 -7.959882e-001 -2.737006e+000 -1.590196e-001  2.522675e+000  6.529669e-001 -2.678162e-001  7.295448e-001 -1.366459e+000  3.823678e-001  7.211590e-001 -3.588026e-001  1.778468e-003  5.820805e-001  3.440263e-002  2.494255e-001  3.906413e-001 -6.211201e-001
-2.209926e+001 -3.353307e+000 -1.312938e+001  1.731047e+001  1.565158e+000 -1.319546e+001 -2.666221e+000  2.220154e+000 -7.008432e+000 -8.792686e+000 -6.908418e+000 -6.693526e+000  5.411829e+001 -4.103275e-001 -1.610290e+000 -1.446618e-001  5.163206e-001  4.200628e-002 -7.120258e-001 -2.195499e+000 -1.426751e+000  1.070270e+000  3.027515e-001 -6.161566e-001  1.404697e+000  1.775293e+000  1.943169e-001  2.737215e-001  1.242795e-001 -2.180988e+000 -4.222293e-001  1.041646e+000  8.715418e-001  5.456096e-001  1.003695e+000  8.624460e-002  1.257641e+000  6.734269e-001 -9.332717e-001
-2.421802e+001  2.674762e+000 -1.399013e+001  8.142492e+000 -2.509284e+000 -6.042602e+000 -3.654207e+000 -5.070066e+000  2.228475e+000 -8.986273e+000 -9.634447e+000 -4.543296e+000  5.161534e+001 -7.174265e-001 -3.055410e-001 -4.245563e-001 -2.862296e+000 -7.771140e-001  1.198073e+000  7.070030e-001  2.684249e-001  1.672778e+000 -8.210366e-001  8.123226e-001  1.335154e+000  7.968041e-001 -5.375791e-002  8.763598e-002 -1.008956e-001 -1.480739e+000 -1.445958e-001  6.483529e-001  1.323664e+000  9.348790e-001  4.700303e-004  3.474339e-001  1.437669e+000  4.924603e-001 -5.143225e-001
-2.624826e+001 -1.490512e+000 -1.438308e+001  2.317627e+000 -8.288671e+000 -8.962703e+000 -2.512444e+000  1.032582e+000  6.477863e+000 -2.546130e+000 -2.912656e-001  4.317506e+000  5.164061e+001 -1.315635e+000 -1.453437e-001 -1.141996e+000 -4.124041e+000 -1.688828e+000  1.915358e+000  1.626639e+000  6.305988e-001  1.136197e+000  4.215574e-001  2.765343e+000  2.509579e+000 -2.548027e-002  1.328794e-001  8.978686e-002  1.382484e-002 -3.636243e-001  2.227366e-002  2.281042e-001  6.904855e-001  1.677268e-001 -5.413730e-001  1.249304e-001  4.883855e-001  1.363384e-001 -1.748420e-001
-2.680311e+001 -1.352153e+000 -1.694413e+001 -7.689119e-001 -4.877131e+000 -5.407821e+000  3.713309e+000  5.571805e+000 -8.311861e-001 -1.188474e+001 -6.015824e-001 -2.463651e+000  5.234370e+001 -4.279663e-001 -1.277905e+000 -6.607512e-001 -2.098381e+000  3.297321e-001  8.677718e-001  1.715865e+000  1.003371e+000 -1.098600e+000  8.817784e-001  2.760590e+000  1.750841e+000  8.514492e-001  6.237305e-001  9.263262e-002  3.039184e-001  5.376505e-001  2.106580e-003 -5.016674e-001 -4.538203e-001 -5.901292e-001 -1.163091e-001  4.392096e-001 -2.762179e-001  6.245732e-004  2.097326e-001
-2.738489e+001 -2.066567e+000 -1.736236e+001  1.145969e+000 -5.695060e+000 -3.936056e+000  1.783215e+000  5.221188e-002  2.023816e-001 -5.235663e+000  2.401863e+000  4.814545e+000  5.362671e+001  1.093395e-001 -6.751732e-001  4.255981e-002 -1.683758e+000 -4.000485e-001  5.936462e-001  7.524975e-001 -9.555898e-001 -2.509061e-001  7.599580e-002  8.516373e-001  1.878546e+000  8.737610e-001  1.119732e+000  5.307533e-001  7.962717e-001  9.643084e-001  4.024343e-002 -7.075165e-001 -6.778060e-001 -6.145297e-001  1.868216e-001 -4.761175e-002 -1.083393e+000 -8.595910e-001  2.952419e-001
-2.578954e+001 -3.426735e+000 -1.580425e+001 -1.763581e+000 -2.157429e+000 -4.217066e+000  2.777289e+000  4.369732e-001 -1.267857e-001 -3.232614e+000  2.821936e+000  3.962391e+000  5.487953e+001  1.688739e+000  4.225368e-001  5.027577e-001 -1.394184e+000 -1.410971e+000 -6.494080e-001 -1.125028e+000 -1.889127e+000  1.784784e+000  1.547792e+000  3.880858e-001  1.653794e+000  1.395847e+000  1.652978e+000  6.814576e-001  1.154641e+000  7.823637e-001 -2.607133e-001 -4.844701e-001 -8.393441e-001 -5.228305e-001  2.920311e-001  7.027495e-002 -1.082886e+000 -1.534057e+000  3.198095e-001
-2.620835e+001 -3.829087e+000 -1.474022e+001 -5.603830e+000 -1.164876e+001 -6.589849e+000  1.718054e+000 -1.177952e+000  4.871132e+000 -6.492216e+000  2.255162e+000  1.049721e+001  5.474150e+001  3.224671e+000  1.658202e+000  2.257608e+000  3.454034e-001 -6.172596e-001 -8.636345e-001 -3.419451e-001 -9.958008e-001  6.286123e-001 -1.495083e-001 -1.465370e+000 -1.739853e+000  1.178530e+000  2.094033e+000 -2.340498e-001  1.333579e+000  4.128984e-001  4.260238e-001 -3.689446e-001 -8.797897e-001  1.539389e-001 -1.209719e-001  3.432731e-001 -4.347418e-001 -2.150373e+000  5.637131e-001
-1.894769e+001  1.641791e+000 -1.574141e+001 -4.364934e+000 -8.955134e+000 -7.327965e+000 -1.879249e+000 -3.258746e+000  5.758359e+000 -3.517507e+000  1.412197e+000  2.963982e+000  5.876554e+001  6.279256e+000  9.626952e-001  4.004928e+000  7.988572e-001 -8.652288e-001 -8.259383e-001 -1.933634e+000 -1.590676e+000 -7.820386e-002  1.345905e+000 -1.495336e+000 -4.110242e+000  2.298112e+000  1.573421e+000 -1.456442e+000  9.235191e-001 -2.433017e-001  6.845946e-001 -1.159282e-001 -6.693448e-001  6.616858e-001 -3.254087e-001  2.657349e-001  2.809921e-002 -1.688694e+000  5.353922e-001
-1.468246e+001  3.690179e+000 -6.105737e+000  4.173663e+000 -5.382505e+000 -6.698780e+000  2.401759e+000 -3.078933e+000  4.028710e-001 -5.840758e+000 -4.220119e+000 -3.385513e+000  5.757636e+001  8.284248e+000 -2.115502e+000  4.959371e+000 -7.157873e-001  1.457199e+000 -1.162812e+000 -3.242148e+000 -3.351206e-001  7.572822e-002  1.893305e+000 -3.803604e-001 -5.991298e+000  3.241194e+000  3.512259e-001 -1.915579e+000 -3.649886e-001 -1.026668e+000  4.753496e-001  2.070100e-002 -5.447494e-001  8.252691e-001  2.669867e-001  2.972673e-001  5.344017e-001 -3.994083e-001  3.840200e-001
-1.562004e-001 -2.372892e+000 -9.685449e-002 -2.658041e+000 -9.616702e+000 -8.292293e+000 -7.232735e+000 -6.565917e+000  1.716326e+000  3.171183e+000 -1.417105e+000 -9.647456e+000  6.495266e+001  7.026053e+000 -4.972824e+000  3.769472e+000 -2.080097e+000  9.747722e-001 -1.079460e+000 -3.021651e+000  1.088962e+000  4.341829e-001  1.855060e+000 -1.392304e-002 -4.663952e+000  3.041476e+000 -1.430017e+000 -9.895440e-001 -1.379113e+000 -1.064564e+000  7.020151e-001  2.309350e-001  2.674415e-001  1.081327e+000  5.187949e-001 -7.283171e-001  3.090931e-001  7.958583e-001 -3.233428e-001
 5.817146e+000 -1.239925e+001  2.234354e+000 -1.003621e+001 -4.031983e+000 -1.192174e+001 -1.181594e+001 -1.199969e+000  7.270790e+000 -3.700358e-001  1.768011e+000 -1.315356e+001  6.785390e+001  4.607402e+000 -4.951932e+000  5.503927e-001 -3.348458e+000  8.394878e-001 -6.333685e-001 -2.521684e+000  1.790725e+000  1.707352e+000  1.082251e+000  4.659316e-001 -3.460039e+000  2.726948e+000 -2.290112e+000  6.359457e-001 -1.523023e+000 -6.679744e-001  5.266550e-001  6.337905e-001  4.994700e-001  6.479169e-001  3.359928e-001 -1.095636e+000 -2.289760e-001  1.707085e+000 -8.474368e-001
 5.932773e+000 -1.517761e+001 -1.064100e+000 -7.660484e+000 -4.756534e+000 -1.011378e+001 -9.878652e+000  1.246584e+000  4.495314e+000  3.022432e+000 -1.651483e+000 -1.547176e+001  6.883414e+001  9.675919e-001 -2.566809e+000 -6.861463e-001 -3.207629e+000  2.953703e+000  6.401539e-002 -9.566590e-001  2.753036e+000  1.699959e+000 -1.890153e+000 -3.730168e-001 -1.396580e+000  9.385208e-001 -1.842485e+000  1.530582e+000 -7.176842e-001 -4.184545e-001  6.689562e-001  6.953785e-001  1.769952e-001  7.319677e-003  7.608326e-002 -8.974271e-001 -3.525199e-001  1.773973e+000 -9.634496e-001
 5.310064e+000 -1.466712e+001 -2.870150e+000 -1.006741e+001 -3.615150e+000 -8.954876e+000 -8.883702e+000  1.968445e+000  7.550138e+000 -3.551290e-001 -1.773272e+000 -1.777356e+001  6.927036e+001 -1.370838e-001 -1.387799e-001 -4.279335e-001 -3.491894e+000  3.101009e+000  1.434403e+000 -1.777294e+000  2.072427e+000  1.122804e+000 -1.712268e+000 -1.345694e+000  9.104394e-001  5.548706e-002 -8.333911e-001  1.239403e+000  2.148080e-001  1.751048e-001  1.535618e-001  4.628662e-001  1.525308e-002 -5.126424e-001 -6.552773e-001  1.209079e-002 -7.266939e-003  1.264920e+000 -8.697631e-001
 4.935300e+000 -1.407300e+001 -9.753343e-001 -1.868059e+001  4.943395e+000 -9.455649e+000 -1.348215e+001  5.615057e+000  1.007644e+001 -6.287036e+000 -1.511548e+000 -1.432036e+001  6.893703e+001  1.858692e-001  2.735083e-001  6.702138e-001 -4.100652e+000  3.188792e+000  1.363546e+000 -2.508870e+000  9.847098e-001  1.106873e+000 -1.234816e+000 -8.707100e-001  2.020675e+000 -4.400414e-001  1.232678e-001  5.021811e-001  4.033912e-001  1.107707e+000 -1.123008e+000  3.076833e-001  9.739231e-002 -9.901474e-001 -1.213341e+000  1.116426e+000  6.828119e-001  2.595960e-001 -6.278355e-001
 5.630464e+000 -1.364546e+001  5.030359e-002 -2.198563e+001  6.623098e+000 -5.078795e+000 -1.890066e+001  6.977931e+000  1.009424e+001 -4.276639e+000 -5.030424e+000 -9.177060e+000  6.807990e+001  8.313078e-001 -1.750784e-001  9.462528e-001 -2.026423e+000  1.489752e+000  1.031197e+000 -1.669313e+000  1.116763e-001 -1.272492e+000  8.150362e-001  6.784435e-001  1.155933e+000 -9.325859e-001  2.422795e-001  1.839075e-001  2.953130e-001  2.007737e+000 -1.740916e+000  2.594369e-001  4.283216e-001 -1.090659e+000 -1.256439e+000  9.933394e-001  1.195381e+000 -5.622608e-001 -6.493891e-001
 6.701919e+000 -1.432090e+001  8.267416e-001 -2.220464e+001  6.068304e+000 -5.234095e+000 -1.741452e+001  3.665390e+000  8.757627e+000 -1.190894e+000 -4.376456e+000 -9.666631e+000  6.722917e+001  1.099735e+000 -3.775463e-002  6.437165e-001  1.598169e+000 -1.855708e+000  1.804035e+000 -5.236877e-001 -1.217325e+000 -3.169101e+000  2.428324e+000  2.028974e+000 -2.213469e-001 -1.706620e+000 -1.554659e-001  5.646532e-001  8.828795e-002  2.182977e+000 -1.648452e+000  5.120529e-001  6.190236e-001 -1.047627e+000 -8.511291e-001  3.343004e-001  8.582176e-001 -4.792819e-001 -6.552367e-001
 8.583294e+000 -1.541857e+001  9.600760e-001 -1.843750e+001  3.271155e+000 -5.909667e+000 -1.526408e+001  3.501660e+000  1.847089e+000  1.171981e+000  3.051400e+000 -1.432076e+001  6.546136e+001  6.173806e-001  9.363889e-001  1.061880e+000  3.697382e+000 -3.081319e+000  2.511343e+000 -6.282765e-001 -2.279850e+000 -3.021404e+000  1.422859e+000  3.181372e+000 -7.798535e-001 -2.558169e+000 -6.886337e-001  1.091449e+000 -1.422451e-001  1.458675e+000 -7.612555e-001  4.427151e-001  6.536908e-001 -8.046737e-001  3.782640e-002 -5.742213e-001 -4.195342e-002  2.635305e-001 -4.252251e-001
 8.957560e+000 -1.337522e+001  1.788362e+000 -1.246381e+001 -2.659173e+000 -2.003851e-002 -1.791888e+001  1.266566e+000 -1.645482e+000  3.130271e+000  4.592409e+000 -1.285524e+001  6.171320e+001 -4.844968e-001  2.541041e+000  1.053840e+000  3.952331e+000 -2.767930e+000  3.183738e+000  6.573019e-002 -3.057663e+000 -2.274316e+000  1.327742e-001  2.168914e+000  5.921588e-001 -2.903433e+000 -7.799001e-001  1.036300e+000 -4.436650e-001  2.686698e-001  3.348828e-001 -1.649789e-001  8.768359e-001 -2.929172e-001  4.313121e-001 -9.891614e-001 -7.233688e-001  6.925259e-001  8.154712e-002
 7.589546e+000 -9.436353e+000  4.878894e+000 -8.369129e+000 -4.419756e+000  4.870893e+000 -2.178987e+001 -3.221909e+000  1.887807e-001  6.770741e-001  6.392002e+000 -1.148202e+001  5.804704e+001 -1.819745e+000  3.992769e+000  2.996565e-002  4.089870e+000 -1.860415e+000  2.554922e+000  1.304432e+000 -2.991523e+000 -1.530752e+000 -9.082954e-001  3.987064e-001  2.066833e+000 -2.460305e+000 -3.800084e-001  2.960124e-001 -9.018849e-001 -6.859170e-001  8.396564e-001 -8.889559e-001  9.933997e-001  2.287739e-001  5.243456e-001 -6.061773e-001 -1.075293e+000  4.847047e-001  7.650040e-001
 4.776309e+000 -4.606807e+000  4.136531e+000 -7.477166e+000 -3.925890e+000  5.294314e+000 -1.382298e+001 -8.261141e+000 -1.784800e+000 -2.795696e-001  4.797812e+000 -8.125204e+000  5.641917e+001 -1.581203e+000  3.615554e+000 -1.058651e+000  2.745273e+000 -7.917457e-001  9.573512e-001  2.894138e+000 -2.326075e+000 -1.757866e+000 -1.351906e+000 -1.965374e-001  1.817940e+000 -1.347816e+000  4.317527e-001 -8.352939e-001 -8.285081e-001 -1.383641e+000  9.594275e-001 -1.056278e+000 -5.439586e-002  1.069136e+000  6.343608e-001 -3.765270e-001 -5.459373e-001 -2.761115e-001  1.141753e+000
 1.575197e+000  1.610731e-001 -6.418040e-002 -4.814695e-001 -5.397560e+000  4.207765e+000 -1.078987e+001 -6.692103e+000 -5.737011e+000 -1.664575e+000  4.942230e+000 -6.351612e+000  5.580685e+001 -7.343086e-001  1.879194e+000 -2.391299e+000  8.713259e-001  1.288709e-001 -8.202429e-001  2.924518e+000 -1.501775e+000 -6.579007e-001 -8.656867e-001 -1.012370e+000  1.030779e+000  4.890423e-001  1.006492e+000 -1.626916e+000 -2.009151e-001 -1.900015e+000  8.900338e-001 -4.532501e-001 -1.541830e+000  1.704385e+000  6.951199e-001 -2.170528e-001  2.066046e-002 -8.077233e-001  1.096343e+000
 4.058721e+000 -9.616502e-002 -1.033356e+000 -2.681273e+000 -6.129000e+000  5.098282e+000 -8.948182e+000 -8.628711e+000 -7.471915e+000 -2.458435e+000  4.334608e+000 -6.330750e+000  5.609421e+001  1.131549e+000 -5.786414e-001 -1.878069e+000 -1.356602e+000  1.034564e+000 -4.100704e-001 -1.016292e+000  1.543145e+000  4.610622e-001 -1.771165e+000  1.447657e-001 -2.703718e-001  1.330659e+000  8.105893e-001 -1.467601e+000  4.637872e-001 -1.559112e+000  5.587906e-001  4.705221e-001 -2.637092e+000  1.874500e+000  6.958604e-001 -2.796890e-001  3.040814e-001 -8.185789e-001  6.506324e-001
 4.276797e+000 -2.295703e+000 -4.492658e+000 -6.410446e+000 -2.673846e+000  8.676950e-001 -9.604673e+000 -1.054700e+001 -2.571655e-001 -2.561927e+000  1.561754e+000 -7.225351e+000  6.065473e+001  1.856339e+000 -2.044712e+000 -5.649012e-001 -3.359268e+000  1.676599e+000  9.723819e-001 -4.449505e+000  3.595790e+000  8.353835e-001 -1.783930e+000  3.313572e-001 -9.276279e-001  1.682174e+000  2.786337e-001 -6.745718e-001  9.482067e-001 -6.794644e-001 -2.325461e-002  1.165203e+000 -2.391902e+000  1.220644e+000  2.270105e-001 -2.157233e-001  3.291116e-001 -6.649749e-001 -3.740597e-002
 9.083252e+000 -6.271626e+000 -3.039573e+000 -1.129569e+001 -1.149240e-001  4.913997e+000 -1.949704e+001  1.382031e+000 -2.219412e+000 -8.686721e+000  7.211878e+000 -9.040194e+000  6.064853e+001  1.176420e+000 -1.760496e+000  3.470862e-001 -2.934992e+000  1.228343e+000  2.413649e+000 -6.604310e+000  4.497641e+000  9.747940e-001 -2.291230e+000  6.520058e-001 -1.295751e+000  1.308780e+000 -4.152403e-001  2.207153e-001  7.952441e-001  4.834458e-001 -5.797662e-001  6.922249e-001 -5.020729e-001 -4.358012e-001 -1.613511e-001  4.391253e-001 -2.659192e-001 -3.463403e-001 -3.891233e-001
 8.344624e+000 -6.974756e+000 -1.885578e+000 -1.297060e+001 -2.160132e-002  9.161817e+000 -2.776297e+001  6.281474e+000 -4.186346e+000 -7.470081e+000  5.160381e+000 -9.635030e+000  6.194056e+001  6.364241e-001 -9.027375e-001  1.237157e+000 -1.736801e+000 -8.429134e-002  3.593912e+000 -6.240983e+000  3.124200e+000  2.202860e-001 -1.684271e+000  3.795678e-001 -1.781405e+000  3.129520e-001 -5.117197e-001  7.414665e-001  5.053444e-001  1.697651e+000 -7.143857e-001 -8.350719e-001  1.547686e+000 -1.475380e+000 -5.908522e-001  7.795442e-001 -3.310535e-001 -2.399154e-001 -7.381615e-001
 7.906907e+000 -6.559118e+000 -6.014649e-001 -1.407615e+001 -1.313408e+000  1.301947e+001 -3.289058e+001  5.445256e+000 -6.333551e-001 -1.146051e+001  5.795323e+000 -1.160467e+001  6.199519e+001 -3.346955e-001 -4.605203e-002  1.197123e+000  2.493936e-001 -9.838212e-001  1.740289e+000 -2.630918e+000 -4.000663e-001 -3.814440e-002  3.746317e-001 -1.208936e+000 -1.575184e+000  6.965370e-002 -2.792419e-001  8.534250e-001  2.534841e-001  2.189890e+000 -2.762817e-001 -2.194729e+000  2.726139e+000 -1.595945e+000 -1.040338e+000  1.126196e+000 -1.841005e-001 -1.259044e-001 -9.058071e-001
 8.047091e+000 -6.665644e+000  4.740745e-001 -1.370422e+001 -2.496061e+000  1.478452e+001 -3.411282e+001  3.042389e+000  5.123566e-002 -9.596390e+000  4.167871e+000 -1.485014e+001  6.154616e+001  5.329762e-002  8.053986e-001  1.536803e+000  3.536795e+000 -7.892473e-001 -2.866297e+000  1.302228e+000 -1.332256e+000 -1.612408e+000  7.808607e-001 -3.934398e-001 -1.987488e+000 -1.389071e+000 -8.495080e-002  8.108097e-001  5.636442e-003  1.867621e+000  3.220782e-001 -2.423736e+000  2.412942e+000 -1.055169e+000 -7.929375e-001  8.051596e-001  1.673655e-001  1.152864e-001 -8.446798e-001
 7.558541e+000 -6.656442e+000  1.766214e+000 -9.681911e+000 -3.796800e+000  1.080409e+001 -2.947671e+001  1.001242e+000 -4.528925e+000 -5.750408e+000  1.663455e+000 -1.430856e+001  6.119400e+001  7.177381e-002  1.652561e+000  1.464684e+000  5.377662e+000  1.994125e-001 -5.329892e+000  3.254780e+000 -1.253859e+000 -3.310547e+000  2.107183e+000  1.180073e-001 -1.822232e+000 -2.369244e+000  3.598037e-002  6.624584e-001 -1.836472e-001  6.390316e-001  6.376372e-001 -1.068874e+000  1.004332e+000 -5.219272e-001  1.371510e-002  2.274705e-001  3.453754e-001  2.823463e-001 -5.933970e-001
 8.785295e+000 -2.899101e+000  4.614596e+000  2.516253e+000 -2.726142e+000 -4.061982e+000 -2.295877e+001  1.842201e+000 -1.030060e+001 -6.420827e+000  5.259116e+000 -1.822053e+001  5.539581e+001  8.435440e-003  2.302005e+000  1.131559e+000  5.037169e+000  9.344829e-001 -4.989678e+000  2.880877e+000 -1.724748e+000 -2.108200e+000  1.475251e+000  5.529240e-001 -1.081450e+000 -2.690998e+000 -9.828990e-002  2.648622e-001 -4.376525e-001 -9.068760e-001  3.817588e-001  9.306142e-001 -3.370411e-001 -4.551036e-001  9.497135e-001 -7.053300e-002 -4.368714e-002  5.915714e-001  9.577911e-002
 7.896674e+000 -1.795856e-001  4.651693e+000  4.701921e+000 -2.013052e-001 -4.206739e+000 -2.219371e+001 -2.239424e-001 -1.201017e+001 -2.512375e+000  5.839737e+000 -1.903063e+001  5.322414e+001 -1.323626e-001  2.517937e+000  4.815083e-001  2.694365e+000  1.342500e+000 -2.542393e+000  1.601415e+000 -2.813457e+000  2.783269e-001  1.164789e+000  4.475970e-002 -6.164722e-001 -2.246368e+000 -5.781259e-002 -1.983056e-001 -4.602283e-001 -1.517643e+000 -1.666197e-001  1.668464e+000 -6.920348e-001 -2.024605e-001  1.072653e+000 -4.835891e-001 -2.825032e-001  7.286156e-001  5.387322e-001
 7.920201e+000  1.605951e+000  4.689129e+000  4.289711e+000  3.786055e-001 -2.658454e+000 -2.334993e+001 -4.968757e+000 -6.749142e+000 -3.839150e+000  4.844349e+000 -1.789635e+001  5.207610e+001 -3.360837e-001  1.697021e+000 -1.598719e-001  3.440639e-001  5.480030e-001  3.930242e-001  4.437048e-001 -2.827975e+000  1.341722e+000  8.993924e-001 -5.752517e-001  3.674889e-001 -9.716133e-001  5.930714e-002 -6.105856e-001 -4.850743e-001 -1.328799e+000 -5.668476e-001  1.428938e+000 -8.313207e-002  4.559969e-001  8.111814e-002 -6.946809e-001 -3.515516e-001  7.031269e-001  7.144350e-001
 7.329275e+000  3.680717e+000  4.136489e+000  2.903184e+000  1.363325e+000 -2.609639e+000 -2.127405e+001 -9.660563e+000 -4.913021e+000 -1.217300e+000  2.094637e+000 -1.755301e+001  5.162202e+001 -4.502954e-002  9.635243e-001 -1.907421e-001  1.360011e-001 -4.404459e-001  3.210776e-001  1.013192e+000 -1.714547e+000  3.277572e-001 -2.283335e-002 -7.304209e-001  1.096377e+000 -5.352756e-001  2.218539e-001 -8.550553e-001 -4.541085e-001 -9.313880e-001 -6.958752e-001  8.882459e-001  4.888509e-001  1.167848e+000 -6.978019e-001 -1.104131e+000 -1.834559e-001  6.249746e-001  6.659771e-001
 7.388576e+000  3.655855e+000  4.072839e+000  5.135941e+000 -7.684419e-001 -2.895410e+000 -2.120008e+001 -7.579363e+000 -7.140567e+000 -2.571403e+000  4.255408e+000 -1.712189e+001  5.133880e+001  2.613046e-001  2.628310e-002 -9.576877e-001 -3.276414e-001 -1.008282e+000  7.232754e-001  2.759328e+000  5.782270e-003 -1.727324e+000 -1.404342e+000 -8.172436e-001  1.577760e+000  2.563095e-002  2.521558e-001 -8.230711e-001 -4.028257e-001 -6.245772e-001 -3.643110e-001  5.238521e-001  5.613974e-001  1.213644e+000 -5.058524e-001 -1.209429e+000 -1.093769e-001  2.616352e-001  4.947738e-001
 7.937339e+000  3.613084e+000  4.006128e+000  4.958811e+000 -1.830011e+000 -2.482873e+000 -1.820268e+001 -7.491376e+000 -1.017567e+001 -3.260416e+000  2.482103e+000 -1.393598e+001  5.091641e+001  6.782130e-001 -9.219705e-001 -1.390126e+000 -1.626723e+000 -1.358733e+000  1.733711e+000  2.887858e+000  1.608907e+000 -1.676159e+000 -3.203999e+000 -7.515237e-001  1.903265e+000  5.848957e-001  6.743886e-002 -6.303942e-001 -1.912368e-001 -3.740985e-001  1.186284e-001  4.538502e-001 -1.120519e-001  8.865365e-001  2.614093e-001 -8.645332e-001  2.836137e-002 -3.047843e-001  3.616562e-001
