43 39
-3.091113e-001 -5.806674e+000  1.774022e+001 -7.442263e+000 -2.437741e+001 -1.532952e+001 -6.746945e-001 -2.362382e+000 -2.421234e+000 -8.048520e-001  5.099692e+000 -1.661846e+000  5.475972e+001 -1.025841e-001 -7.230814e-001 -2.172924e+000 -2.443692e-001  9.187223e-001  2.996995e-001  3.262266e+000  1.544884e+000  2.850499e+000 -6.148001e-002 -1.084964e+000 -6.897876e-001  1.015915e+000 -8.562170e-002 -7.061346e-001 -1.742485e-001  1.252617e-001  8.405913e-001  3.930519e-001 -7.853705e-001 -1.862088e-002 -5.749395e-001 -7.138029e-001 -5.042229e-001 -1.728640e-001  5.820377e-001
-3.820748e+000 -5.285780e+000  1.668731e+001 -8.436944e+000 -2.019594e+001 -1.394565e+001  4.602190e+000 -1.071238e+000  6.646007e+000 -2.867688e+000  5.829613e+000 -1.966211e+000  5.515786e+001  8.933627e-001 -1.823157e+000 -2.678820e+000 -2.276574e-001  1.993584e+000  1.613270e+000  1.211735e+000  1.275308e+000  1.254326e+000 -9.815106e-001 -2.506828e+000 -1.150339e+000  1.676804e+000 -1.376376e-001 -5.472479e-001 -1.311572e-001  2.540547e-001  2.558610e-001  4.149915e-002 -1.129175e+000 -1.932848e-001 -8.301746e-001 -4.824718e-001  2.130843e-002 -5.813167e-002  5.389008e-001
-1.765500e+000 -7.328955e+000  1.107108e+001 -1.209054e+001 -1.830932e+001 -1.250184e+001  2.392702e-001 -1.108163e+000  5.674158e+000 -5.308625e+000  4.719687e+000 -4.675671e+000  5.907618e+001 -1.313780e-001 -1.697038e+000 -3.614270e+000  1.088237e+000  1.398527e+000 -2.603304e-001  8.566821e-001  8.933254e-001  1.701475e+000 -8.272491e-001 -1.620044e+000 -2.155712e-001  2.357480e+000 -1.419220e-001 -3.465958e-001  5.792173e-001  1.096405e-001 -3.564434e-001 -7.807909e-002 -9.926250e-001 -9.222084e-002 -5.387908e-001 -3.390312e-001  5.510020e-001  1.028859e-001  3.407447e-001
-1.523316e+000 -1.092058e+001  8.738397e+000 -5.802413e+000 -1.638194e+001 -1.223222e+001  1.267443e+000  1.877589e+000  3.961071e+000 -3.753858e+000  1.086033e-001 -2.878877e+000  6.079688e+001  1.968031e-001 -2.523652e+000 -2.024611e+000  6.096697e-001  3.106737e-001  5.438248e-001 -9.451668e-001  1.305959e+000  7.985053e-002 -1.253531e+000 -4.487206e-001 -7.234505e-001  2.741059e+000 -2.593652e-001  3.348925e-002  1.276510e+000 -4.662388e-001 -5.492010e-001 -9.009707e-002 -6.697641e-001 -1.063902e-001 -2.409208e-001 -2.203604e-001  1.033847e+000  1.551005e-001 -3.701334e-002
-2.114717e+000 -1.147447e+001  3.643327e+000 -3.318343e+000 -1.929177e+001 -1.748789e+001  5.276089e+000  6.298314e-001  7.428607e+000 -4.498013e+000 -1.400252e-001 -2.283370e+000  6.372761e+001 -4.639143e-001 -2.105813e+000  3.960576e-001 -1.148302e-001 -2.203980e-002  4.440266e-001 -6.224077e-001  1.068454e+000  7.437826e-001 -1.620626e+000  6.409925e-001 -3.888026e-001  2.187511e+000 -3.062382e-002  3.996127e-001  1.511759e+000 -8.201622e-001 -2.762818e-001  2.261872e-001 -4.718480e-001 -2.072202e-001 -2.971621e-001  2.720129e-003  7.569606e-001  1.271168e-001 -4.855055e-001
-2.662124e+000 -1.583129e+001  1.027813e+001 -9.774695e+000 -1.815135e+001 -8.733503e+000 -2.642053e+000  4.589558e+000  6.168035e+000 -9.540649e+000  6.015865e+000 -6.779614e+000  6.653744e+001 -2.371952e-001 -1.451323e+000  1.698566e+000 -1.957318e+000 -4.213791e-002  8.106062e-001 -1.397541e+000  6.557928e-001  5.285683e-001 -1.686624e+000  1.531889e+000 -2.882210e-001  1.576722e+000 -5.690160e-003  9.098030e-001  7.478172e-001 -3.126575e-001 -1.937724e-001 -1.369213e-001  9.891453e-002 -4.810726e-001 -2.000452e-001  5.471804e-001  1.985774e-001  4.540249e-001 -7.687439e-001
-3.515668e+000 -1.540267e+001  1.228150e+001 -1.067855e+001 -1.753482e+001 -1.203107e+001 -9.180200e-001  2.878123e+000  8.289589e+000 -1.051836e+001  4.971018e+000 -4.669315e+000  6.714346e+001 -6.749789e-002 -2.351394e-001  2.082937e+000 -1.729080e+000  1.935242e-001  7.372150e-001 -1.276371e+000  1.823072e-001 -8.694649e-003 -5.971019e-001  1.174454e+000  2.023981e-001  5.121216e-001  8.237319e-002  9.679149e-001 -8.817589e-003  2.923038e-001 -3.646267e-001 -8.772530e-002  1.528232e-001 -4.760614e-001 -5.058086e-001  8.176698e-001 -3.434698e-002  4.244799e-001 -7.198426e-001
-2.008816e+000 -1.621310e+001  1.291214e+001 -1.190890e+001 -1.747111e+001 -1.090760e+001 -2.623206e+000  4.032407e+000  6.173421e+000 -9.176805e+000  5.212527e+000 -3.127009e+000  6.697256e+001 -2.985590e-002  1.090026e+000  8.710352e-001 -1.464926e-001 -7.659701e-001 -2.873759e-001 -1.236123e-001 -6.563309e-001 -5.441371e-001  9.706089e-001  2.774356e-001  1.251074e+000 -2.649658e-001 -4.202005e-002  7.944051e-001 -2.217638e-001  7.656983e-001 -5.396882e-001 -4.964463e-002  2.140087e-001 -5.053635e-001 -4.816016e-001  6.752669e-001 -3.906395e-002  2.986319e-001 -5.292727e-001
-2.778860e+000 -1.245926e+001  1.274101e+001 -1.089664e+001 -1.866427e+001 -1.271476e+001 -1.115191e+000  1.819943e+000  7.382441e+000 -7.665444e+000  6.133912e+000 -3.097681e+000  6.607066e+001 -1.557180e-001  1.463087e+000  7.657349e-001  4.412764e-001 -1.483257e+000  5.543912e-001 -4.952560e-001 -6.557910e-001 -1.248908e+000  1.139106e+000  1.096484e+000  9.639495e-001 -4.908585e-001 -1.005957e-001  3.015215e-001 -2.186761e-002  6.153749e-001 -4.957630e-001  5.746208e-002 -5.844893e-002 -4.426303e-001 -4.637776e-001  2.535304e-001  1.652905e-001  1.274185e-001 -2.010492e-001
-3.179807e+000 -1.185286e+001  1.440355e+001 -1.039811e+001 -2.141648e+001 -9.828536e+000 -3.161529e+000  1.836993e+000  3.900924e+000 -6.114063e+000  6.821596e+000 -1.310062e+000  6.574901e+001 -4.031854e-001  1.671589e+000  1.248348e+000  7.859954e-001 -1.902188e+000  6.537949e-001 -7.180548e-001 -1.451975e+000 -1.259333e+000  8.216063e-001  1.375554e+000  8.241627e-001 -5.681518e-001 -4.864464e-002 -1.631186e-001  4.291619e-001  1.748866e-001 -1.150287e-002 -8.271094e-002 -2.558104e-001 -3.170370e-001 -3.425938e-001 -1.057118e-001  2.165406e-001 -1.061053e-001 -1.777023e-002
-3.708763e+000 -1.026735e+001  1.536447e+001 -9.227563e+000 -2.297842e+001 -9.798645e+000 -3.125138e+000  6.968753e-001  3.181299e+000 -6.354199e+000  9.648905e+000 -7.580409e-001  6.530094e+001 -3.838118e-001  9.816865e-001  1.784943e+000  8.815498e-001 -1.717182e+000  5.539400e-001 -1.271395e+000 -1.633022e+000 -1.969985e+000  7.450514e-001  1.451847e+000  1.052946e+000 -3.415314e-001  4.686319e-002 -3.437895e-001  5.005931e-001 -6.452064e-002  3.872702e-001 -3.099235e-001 -1.286528e-001 -1.788607e-001 -1.401166e-001 -1.905911e-001 -2.018711e-001 -1.223999e-001 -2.969131e-003
-3.559792e+000 -8.951106e+000  1.784215e+001 -8.813460e+000 -2.482497e+001 -9.096684e+000 -5.208506e+000 -2.665936e+000  1.977326e+000 -5.724396e+000  1.033280e+001 -1.760156e-001  6.451666e+001 -1.590322e-001  5.151336e-001  2.507241e+000  5.078034e-001 -7.065222e-001 -7.007051e-001 -1.014595e+000 -1.752900e+000 -1.896568e+000  6.390775e-001  1.182457e+000  6.760489e-001 -4.284805e-001  1.136692e-001 -3.211606e-001  2.291011e-001 -1.198750e-001  5.196251e-001 -6.431869e-002  4.971850e-003  1.495019e-001  7.929315e-002 -3.213501e-001 -4.434110e-001 -3.586218e-001 -6.174969e-002
-4.507927e+000 -9.001702e+000  1.994643e+001 -7.281221e+000 -2.554593e+001 -1.031099e+001 -6.448676e+000 -4.093702e+000 -1.505683e+000 -4.135021e+000  1.163755e+001  1.600028e+000  6.497917e+001 -4.347866e-002  3.223670e-001  2.639254e+000  2.577691e-001 -1.447390e-001 -3.179761e-001 -9.902496e-001 -1.399632e+000 -1.630874e+000  2.774154e-001  1.836772e-001  4.260069e-001 -5.755398e-001  8.344620e-002  3.125074e-002 -1.820223e-001 -8.768900e-002  3.775259e-001  3.778540e-001  1.277359e-001  3.224094e-001  3.744690e-001 -4.902059e-001 -5.279407e-001 -6.677045e-001 -1.851592e-001
-3.575386e+000 -9.910015e+000  2.464878e+001 -8.832266e+000 -2.366533e+001 -1.307589e+001 -6.572736e+000 -4.532219e+000 -3.238423e+000 -4.028265e+000  1.173956e+001  8.911484e-001  6.376749e+001 -5.005884e-003  3.954455e-001  1.966698e+000  4.985107e-001 -9.028359e-002  7.681596e-001 -8.337681e-001 -8.211607e-001 -1.032423e+000 -5.513260e-001 -2.074159e-001 -6.554764e-001 -7.598961e-001  7.932206e-002  1.817777e-001 -5.503446e-001  4.048936e-002  9.430025e-002  7.881841e-001  2.313119e-002  4.326876e-001  3.101876e-001 -4.410483e-001 -4.322003e-001 -6.240715e-001 -2.246552e-001
-3.918359e+000 -8.176060e+000  2.515742e+001 -7.929315e+000 -2.428194e+001 -9.398923e+000 -7.394271e+000 -5.368144e+000 -2.365195e+000 -5.815187e+000  9.863911e+000  8.384114e-001  6.279783e+001 -4.359400e-002  1.197784e+000  1.145103e+000  4.477512e-001 -1.376717e-001  1.708777e+000 -7.231284e-001 -4.868447e-001 -5.297117e-001 -1.110777e+000 -4.929197e-001 -1.619813e+000 -1.101619e+000  1.344935e-001  3.206908e-002 -5.354105e-001  1.458145e-001  2.010134e-002  5.737002e-001 -1.901791e-001  5.601402e-001 -1.666995e-001 -8.673410e-002 -1.685544e-001 -4.355819e-001 -2.209188e-001
-3.879605e+000 -7.386700e+000  2.507014e+001 -5.996861e+000 -2.590839e+001 -5.711919e+000 -8.904549e+000 -6.134519e+000 -2.755033e+000 -7.640943e+000  1.018254e+001 -3.072589e+000  6.180785e+001  2.376358e-001  9.863132e-001  5.025930e-001  6.152592e-001 -2.385546e-001  2.226839e+000 -1.032500e+000 -4.585571e-002 -8.962103e-001 -8.720682e-001 -6.402462e-001 -1.421399e+000 -1.288717e+000  1.094228e-001 -2.878492e-001 -1.342763e-001  9.940658e-002  8.667913e-002  1.238538e-001 -5.406864e-001  6.343541e-001 -7.543930e-001  2.247635e-001  6.309500e-002  2.886218e-002 -1.879043e-001
-4.573787e+000 -4.274439e+000  2.546126e+001 -6.460168e+000 -2.511276e+001 -5.449087e+000 -8.898412e+000 -5.726776e+000 -4.395937e+000 -7.882565e+000  9.951458e+000 -4.517169e+000  6.045089e+001  5.076683e-001  1.872786e-001  6.942537e-001  9.284672e-001  2.990322e-002  1.821186e+000 -1.841779e+000  1.013416e+000 -2.532478e+000  4.116011e-003 -4.426796e-001 -1.368942e+000 -1.415723e+000  4.473036e-002 -2.746312e-001 -9.181643e-002  3.981028e-001  3.824375e-001 -2.212816e-001 -1.997447e-001  2.725043e-001 -5.978504e-001  2.576942e-001  1.870775e-001  4.857869e-001 -5.213707e-001
-2.059493e+000 -6.929259e+000  2.700982e+001 -6.490543e+000 -2.444269e+001 -3.916614e+000 -1.098316e+001 -4.582181e+000 -6.704103e+000 -7.354917e+000  8.494556e+000 -3.538054e+000  5.849738e+001  2.664770e-001 -5.385478e-001  1.520741e+000  7.551855e-001  2.593246e-001  1.331225e+000 -2.977875e+000  1.600479e+000 -3.803005e+000  1.504498e-002  8.293905e-002 -6.366013e-001 -1.542366e+000 -1.325261e-001  9.079736e-001 -7.393164e-001  6.590773e-001  1.142439e+000 -5.711197e-001  6.158364e-001 -2.877985e-001  3.577622e-002 -2.553014e-002 -3.011279e-001  2.571959e-001 -1.165283e+000
-2.290074e+000 -7.468387e+000  2.765885e+001 -3.040137e+000 -2.486527e+001 -1.190648e+000 -1.556386e+001 -1.077230e+000 -1.305305e+001 -5.937620e+000  8.494504e+000 -5.773564e+000  5.737445e+001  1.656372e-001  5.870585e-001  1.769470e-001  2.368302e+000  1.525576e+000  1.050176e+000 -7.491647e-001  5.250954e-002 -2.065566e+000 -2.658620e-001  8.087530e-002  4.167225e-001 -3.581648e+000 -3.037229e-001  1.828428e+000 -1.754850e+000  5.286337e-001  1.809458e+000 -7.310587e-001  1.388726e+000 -1.073902e+000  8.508915e-001 -3.533426e-001 -1.151963e+000  1.918720e-001 -1.561564e+000
-3.689076e+000 -8.482465e+000  3.157505e+001 -3.930948e+000 -2.473551e+001 -1.185016e+000 -2.046120e+001 -4.568968e-001 -1.744150e+001 -8.538190e+000  1.132571e+001 -5.627398e+000  5.563425e+001 -2.539789e-001  5.326292e+000 -2.935336e+000  3.190729e+000  4.725803e+000 -2.432549e-001  1.500375e+000 -1.004395e+000 -9.507849e-001 -8.647299e-001 -2.407663e+000 -1.028251e+000 -6.032170e+000 -2.767866e-001  1.201849e+000 -2.764878e+000  2.448100e-001  1.770977e+000 -7.756323e-001  1.647943e+000 -7.022901e-001  1.455516e+000 -3.948064e-002 -1.366259e+000  1.222386e-001 -1.030500e+000
-2.930809e+000 -5.625439e-001  2.406338e+001  4.101543e+000 -1.733847e+001 -1.564004e+000 -7.905219e+000 -7.526870e+000 -9.355068e+000 -8.620238e+000  8.940257e+000 -1.388884e+000  4.397422e+001 -7.507181e-001  6.396999e+000 -5.851955e+000  2.353864e+000  6.843953e+000 -1.046868e+000  2.862723e+000 -3.053659e+000  2.958695e-001 -1.322709e+000 -4.957194e+000 -2.137568e-001 -6.978643e+000 -6.374587e-002 -9.183952e-001 -2.283668e+000 -5.021979e-001  4.846309e-001 -7.380344e-001  4.446518e-001  4.631378e-001  8.311669e-001  1.649246e-001 -6.555160e-001 -1.983625e-001  6.795389e-001
-3.009020e+000  1.624928e+001  1.413088e+001  5.892259e+000 -4.577077e+000 -4.946210e+000 -7.310610e+000 -6.379334e+000 -1.330702e+001 -1.033726e+001 -3.766637e+000 -1.087165e+001  3.503664e+001 -6.592784e-001  2.565726e+000 -9.289195e+000  1.986454e+000  6.455022e+000 -1.498415e+000  3.455899e+000 -3.578872e-001  2.293854e+000  3.460654e-001 -4.229323e+000  2.898312e-001 -4.996368e+000  4.606041e-002 -3.152004e+000 -2.860906e-001 -1.660034e+000 -1.034136e+000  4.580708e-001 -3.832927e-001  1.000174e+000  3.165853e-001  7.872188e-001  1.003972e+000  1.070668e-001  2.431415e+000
-6.383693e+000  1.215074e+001  7.121159e+000  3.817581e+000 -7.247169e-001 -4.544392e+000 -7.825538e+000 -1.338431e+001 -1.364094e+001 -1.165163e+001 -8.745293e+000 -4.220222e+000  3.278004e+001  4.955757e-002 -2.624635e+000 -8.064462e+000  4.594494e-001  3.084121e+000 -2.012416e+000  4.963325e-001  2.044945e+000  4.679482e-001 -4.663672e-002 -2.285875e+000 -1.234131e+000 -7.018547e-001 -1.067703e-001 -2.802955e+000  1.850433e+000 -2.397929e+000 -1.495650e+000  1.297137e+000 -5.812397e-001  9.326823e-001 -3.690464e-001  1.126147e+000  1.863457e+000 -8.827443e-003  3.447909e+000
-5.259027e+000 -2.010473e+000 -6.399816e+000  6.143304e+000 -7.672755e-001 -7.186895e+000 -3.221542e+000  6.823861e-001 -3.829294e+000 -5.292165e+000 -9.781284e-001 -2.762573e+000  3.624950e+001 -4.238147e-001 -5.922909e+000 -3.259536e+000 -4.162232e+000  1.435040e+000  2.529873e+000  7.671070e-001  1.447173e+000  5.461022e-001  2.433328e+000  1.276539e+000  1.727014e-002  2.986511e+000 -7.263470e-001 -4.869270e-001  3.362813e+000 -2.658757e+000 -1.222107e+000  8.309569e-001 -4.169964e-001 -2.025645e-001 -8.119024e-001  8.314239e-001  1.363905e+000  5.008610e-001  2.771223e+000
-1.558018e+000 -4.555841e+000 -5.993581e+000  6.273268e+000 -3.822767e+000 -1.050574e+001 -7.468091e+000 -8.330061e-001 -1.175419e+001 -1.137597e+001 -3.883371e+000 -1.161408e+001  3.985852e+001 -1.402301e+000 -3.373460e+000  3.853796e-001 -6.561438e+000  1.875695e+000  3.424673e+000  1.300921e+000  7.072225e-001 -6.754861e-001  3.264395e+000  1.607161e+000 -1.216135e-001  6.269462e+000 -1.132060e+000  1.290050e+000  2.777647e+000 -1.271669e+000 -7.046760e-001 -7.715527e-001  1.033455e-001 -5.075870e-001 -1.773912e-001  6.648139e-001  8.169889e-001  1.247309e+000  5.911331e-001
-7.540931e+000 -5.011981e+000  4.390567e+000 -1.614675e+001  4.147146e+000  1.068383e+001 -3.653798e+000 -5.419120e+000 -1.151988e+001  1.691549e+000  1.850972e-001 -7.088371e+000  4.642996e+001 -3.565084e+000  5.055038e-001  3.299952e+000 -7.796887e+000  9.487014e-001 -6.217444e-002  9.686231e-001 -7.018487e-001 -1.193941e+000  2.847669e+000  6.436862e-001  2.237877e+000  5.374087e+000 -4.880199e-001  1.873804e+000  1.094034e+000  1.750960e+000 -1.160178e+000 -2.513966e+000 -3.628061e-001 -1.700785e-002  4.424989e-001 -5.340444e-001 -2.512525e-001  1.087798e+000 -2.032566e+000
-1.225425e+001 -3.215808e+000  3.652865e+000 -1.784458e+001  6.196547e+000  3.643612e+000 -1.104804e+000 -6.797442e+000 -1.317308e+001  1.178483e+000 -1.291098e+000 -2.665391e+000  5.903711e+001 -4.040108e+000  6.114065e-001  2.544031e+000 -4.081569e+000 -1.960897e-001 -4.574155e+000  9.123021e-001  5.815206e-001  4.510135e-001  3.070262e+000  2.115496e+000  3.892109e+000  1.060023e+000  4.928665e-001  1.002416e+000 -2.141695e-001  3.588774e+000 -1.362038e+000 -1.398064e+000 -4.849003e-001  4.513326e-001  1.192262e+000 -1.049154e+000 -4.859834e-001  6.126733e-001 -3.755059e+000
-1.773633e+001 -1.529710e-001  5.276720e+000 -2.078221e+001 -1.033425e+000 -1.457244e+001 -1.560070e+000  1.553602e-001 -9.089552e+000  2.668955e+000  9.441662e-001  3.952468e+000  5.353064e+001 -1.545011e+000  1.453680e+000  1.131311e+000  3.352631e+000 -3.329960e+000 -6.040541e+000 -8.526141e-001  1.424985e+000  2.195347e+000 -1.398276e-001 -2.338907e-001  3.449399e+000 -4.571600e+000  1.207462e+000  1.046861e-001 -1.013836e+000  3.742352e+000 -4.320998e-001  1.361836e+000 -1.288530e-001  4.133223e-001  1.199969e+000 -9.172957e-001 -3.193260e-001 -4.117174e-001 -3.043172e+000
-1.666086e+001 -3.928314e+000  6.283500e+000 -1.181684e+001 -2.212929e+000 -2.074838e+001 -3.953444e+000 -7.126433e-001 -1.071429e+001  3.486638e+000  6.314574e+000  2.326047e+000  4.160829e+001  5.199490e-002  1.164532e+000  3.988524e-001  5.807673e+000 -2.795162e+000 -5.764647e-001 -2.129620e-001  1.900469e+000  3.591180e+000 -4.876274e-001 -3.839672e-001  2.335992e+000 -7.532990e+000  9.585752e-001 -8.920534e-002 -9.726223e-001  1.563378e+000  5.668243e-001  2.806234e+000  1.563631e-001 -2.435600e-001  6.214329e-001 -4.735923e-001 -2.666517e-001 -1.001846e+000 -7.833531e-001
-1.306268e+001  2.612670e+000  8.731803e+000 -2.397459e+000 -8.297917e+000 -7.322879e+000 -6.492549e+000 -1.336597e+000 -1.772545e+000 -1.616666e-001 -4.787193e+000  7.662902e+000  3.228637e+001  4.261767e-001  7.523718e-001 -6.966402e-001  5.970254e+000  8.773871e-002  4.748159e+000  8.869902e-001  7.052885e-001  3.235821e+000  4.013526e-002  2.967879e-001  9.573485e-001 -5.545267e+000  1.199000e-001 -4.792101e-001 -5.687473e-001 -1.042644e+000  1.263361e+000  1.954901e+000  3.918973e-001 -1.019199e+000 -5.918628e-001  3.562241e-001  6.168882e-001 -1.237196e+000  1.324588e+000
-1.433110e+001  1.224029e+000  3.919586e+000  2.001409e+000 -4.147017e+000 -2.863494e+000  2.966251e-001  3.450881e+000  1.124316e+000  1.556563e-001 -3.452548e-001  7.159354e+000  3.199430e+001 -2.328257e-001  5.160337e-001 -1.405105e+000  2.426511e+000  9.291823e-001  4.062667e+000  8.243152e-001 -2.764311e-001  3.037941e+000  6.123191e-001  5.168979e-001  1.289055e-001 -2.369909e+000 -1.171864e-001 -4.819325e-001 -2.990266e-002 -1.872475e+000  6.462727e-001 -3.360557e-001 -2.219127e-002 -1.269747e+000 -1.388575e+000  2.263740e-001  1.670038e-001 -1.193146e+000  2.028327e+000
-1.677033e+001  1.032716e+000  2.975476e+000  2.159937e+000  3.723123e-001  2.259090e-001  7.498467e-001  1.600041e+000  1.170252e+000  4.535122e+000  5.758020e+000  6.322557e+000  3.061130e+001 -8.031008e-001 -6.181222e-001 -8.104473e-001 -1.700099e-001  1.124672e+000  1.414398e+000  5.882336e-001 -2.582559e+000 -4.873477e-001  1.091320e+000  2.400118e+000 -1.633037e+000 -5.302016e-001  2.017086e-001 -4.213743e-001  5.761159e-001 -1.441435e+000 -1.500053e-001 -1.898539e+000 -5.604200e-001 -7.184268e-001 -9.194478e-001 -8.352912e-002 -7.270509e-001 -8.702432e-001  1.699130e+000
-1.597116e+001 -5.581681e-001  2.136141e+000 -1.962987e+000 -1.902133e+000 -4.209441e+000 -3.453066e+000 -3.563118e+000  3.004019e+000  4.199839e+000  3.626457e+000  3.640747e+000  3.059628e+001  8.070183e-002 -5.598840e-001  3.062427e-001 -4.845690e-001 -8.226488e-002 -5.898630e-001 -1.745401e-001 -2.804341e+000 -1.490109e+000  1.186501e-001 -6.006129e-001 -2.334544e+000  1.011127e-001  6.596503e-001 -2.012844e-001  9.144067e-001 -1.367667e-001 -2.553617e-001 -1.576602e+000 -5.637402e-001  3.343628e-001 -1.948102e-002 -3.279955e-001 -1.278198e+000 -3.363565e-001  1.267153e+000
-1.625815e+001  4.131585e-001  5.571289e+000 -1.265310e+000 -3.797000e+000  4.220864e-001 -1.676535e+000 -1.074239e+001 -5.149135e+000  3.272841e+000  5.227539e+000  1.257022e+000  3.033437e+001  1.277956e+000 -8.165408e-001  1.328266e+000  2.186183e-001 -1.565643e-001 -2.418270e+000 -1.415682e+000 -1.622890e+000  9.026071e-001 -1.306759e-001 -2.779711e+000 -2.162143e+000  1.714873e+000  1.102672e+000  4.451727e-001  6.380787e-001  3.967397e-001 -1.756009e-001 -9.052410e-001 -4.051276e-001  1.178495e+000  8.038406e-001 -7.192475e-001 -1.557706e+000  1.932503e-001  1.081564e+000
-1.418368e+001 -1.265612e+000  4.152893e+000  1.291188e+000 -2.473685e+000 -5.910898e+000  6.371158e-001 -4.399610e+000 -3.166537e+000  1.380048e+000 -3.083079e+000 -1.980598e+000  3.263832e+001  2.024897e+000 -3.911789e-001  2.097572e+000  1.548364e+000  2.929918e-001 -1.904009e+000 -9.924279e-001  9.155486e-001  2.245558e+000 -4.166608e-001 -3.284177e+000 -1.288324e+000  2.843320e+000  8.793179e-001  9.787351e-001 -2.268877e-001  3.075171e-001  1.480819e-001  6.047907e-002  3.613584e-002  6.830463e-001  3.429418e-001 -6.042060e-001 -5.464018e-001  5.612071e-001  9.749210e-001
-1.127429e+001 -2.696266e+000  8.608429e+000  1.625942e+000 -1.247328e-001 -1.101471e+001 -8.373655e+000 -6.096165e+000  8.768565e+000  5.291639e+000 -4.785768e+000 -1.677483e+000  3.816464e+001  3.738159e+000  1.523389e+000  1.484282e+000  7.972220e-001  5.903893e-002 -2.454734e+000 -1.028461e+000  1.449973e+000  1.664022e+000 -2.237262e+000 -4.046630e+000 -1.189895e+000  3.506517e+000  6.831574e-002  1.287207e+000 -8.766056e-001  5.570347e-002  8.755595e-004  9.825934e-001  9.461092e-001 -6.542339e-002 -9.713368e-001 -7.108311e-001  3.697636e-001  6.853290e-001  5.193190e-001
-8.338608e+000 -9.593506e-001  1.110543e+001  4.333206e+000 -2.273308e+000 -8.011084e+000 -5.066646e+000 -1.308488e+000  7.272960e+000  1.107136e+000 -7.787775e+000 -1.333621e+000  4.089774e+001  3.247190e+000  3.163826e+000 -9.062040e-001  7.637147e-001  5.503431e-001 -2.692360e-001 -1.874716e-001 -9.255412e-001 -1.561074e-001 -1.849087e+000 -2.699162e+000 -1.463228e-002  4.079896e+000 -1.066878e+000  8.063263e-001 -1.129536e+000 -7.864305e-002  1.900168e-001  1.138834e+000  1.348229e+000 -7.096406e-001 -1.139069e+000 -2.242288e-001  1.118094e+000  7.031420e-001  4.979618e-002
-4.898918e-001  7.876973e+000  9.516428e+000  1.199790e+000 -3.601995e+000 -1.080149e+001 -3.966958e+000 -5.038088e+000 -2.048775e+000 -7.777016e+000 -1.265326e+001 -5.015943e+000  4.373724e+001  1.008388e+000  3.841989e+000 -1.552874e+000  8.894603e-001 -2.808621e-001  1.677310e+000  2.912385e+000 -1.029462e+000 -2.753244e+000 -2.968618e+000 -1.223401e+000  6.276562e-001  3.693180e+000 -2.161257e+000 -3.754008e-001 -1.001302e+000  1.321661e-001  3.755431e-001  8.225845e-001  1.375188e+000 -9.712392e-002 -1.505729e-001  7.489638e-001  1.739542e+000  6.619263e-001 -4.161461e-001
-3.339923e+000  9.266901e+000 -8.321264e-001  5.322837e+000  2.016661e+000 -7.363690e+000 -2.503591e+000 -9.556354e+000  1.461597e+000 -1.331059e+000 -1.264514e+001 -3.845298e-001  5.025150e+001 -1.944606e+000  2.481152e+000 -2.031529e+000  1.109029e+000  1.413026e+000  1.724141e+000  3.778295e+000 -1.392937e+000 -1.241155e+000 -1.172127e+000  8.946775e-001  1.318610e+000  2.998969e+000 -2.138976e+000 -1.392256e+000 -6.550168e-001 -1.361074e-001  1.800985e-001  4.153818e-002  8.791598e-001  1.038678e+000  6.492339e-001  7.800018e-001  1.514885e+000  2.132777e-001 -9.013226e-001
-8.731690e+000  1.140055e+001  6.812838e+000  5.578427e+000 -3.674028e+000 -2.951859e+000  4.906744e+000 -7.119544e+000 -2.091974e+000 -8.332355e+000 -8.474087e+000  9.862521e-001  5.195366e+001 -4.472226e+000 -1.227770e-002 -2.959566e+000  1.285395e+000  1.505413e+000  6.614999e-001  3.864598e+000  1.198051e+000  1.453681e+000  1.169077e+000  2.854160e+000  1.453115e+000  1.966250e+000 -1.246242e+000 -1.887672e+000 -1.012267e+000 -5.759457e-001 -5.328077e-002 -6.382287e-001 -3.384629e-001  8.723564e-001  1.071833e+000  7.377159e-001  6.306904e-001 -9.746934e-002 -1.025371e+000
-1.394074e+001  9.684620e+000  2.299581e+000  7.689034e+000  4.827840e+000 -3.315192e+000  9.387980e+000 -7.232444e+000  1.088786e+000 -4.475827e+000 -5.403975e+000  2.258331e+000  5.178438e+001 -4.707384e+000 -1.870322e+000 -3.477942e+000 -1.147899e-001  5.576980e-001  4.463602e-001  3.732221e+000  3.154090e+000  9.866000e-001 -1.792502e-002  2.836480e+000  6.390268e-001  4.367481e-001 -1.191297e-001 -1.506667e+000 -7.317835e-001 -9.122611e-001 -7.836072e-001 -6.346682e-001 -1.397048e+000  1.449534e-001  4.097976e-001 -2.260709e-001 -1.515568e-001 -2.201562e-001 -9.106196e-001
-1.755061e+001  7.606725e+000 -6.847254e+000  6.443667e+000  2.519481e+000 -9.518239e+000  9.410246e+000 -2.097886e-001  5.406034e+000 -3.592491e-001 -2.003047e+000  9.282016e-001  5.280206e+001 -3.841431e+000 -3.420632e+000 -5.891001e+000 -1.378359e+000 -1.196018e-001 -8.749427e-001  1.243108e+000  1.058806e+000  1.492042e+000  1.428602e-001  9.591501e-001  4.801011e-001 -1.525642e-001  6.790439e-001 -5.960854e-001  1.435537e-001 -9.968389e-001 -9.139850e-001 -3.084098e-001 -1.917209e+000 -1.099440e+000 -3.580219e-001 -6.320918e-001 -6.980489e-001 -1.342368e-001 -5.867766e-001
-2.246738e+001  1.812204e+000 -1.139179e+001  4.316267e+000  1.708397e+000 -1.848699e+000  1.390577e+001  2.759219e+000  2.645593e+000 -5.407238e+000 -1.698262e+000  2.839629e+000  5.201105e+001 -2.855652e+000 -3.348006e+000 -4.224729e+000 -2.120399e+000 -1.692502e+000 -6.809781e-001 -1.896197e+000 -5.985475e-001  7.886527e-001 -1.789373e+000  1.084398e+000  7.043361e-001 -4.947220e-001  9.763137e-001  3.653344e-001  9.292914e-001 -5.144112e-001 -4.541919e-001 -3.267322e-001 -1.794054e+000 -1.314267e+000 -4.671620e-001  1.307803e-002 -3.727692e-001 -4.581171e-003 -1.428785e-001
