37 39
-3.983075e+000  3.542257e+000 -5.822677e+000  5.405154e-001 -2.723031e+001 -2.055854e+001 -2.049049e+001 -2.454952e+000 -9.873935e+000 -9.036555e+000 -1.316348e+001 -1.776743e+001  5.910921e+001 -2.799592e+000  3.549176e+000  4.817702e+000  7.414735e-001  3.792897e+000  2.329737e+000  2.365371e+000 -5.818312e+000  1.638072e+000  9.269888e-001 -2.682313e+000  2.555840e+000 -2.664611e+000 -6.761862e-001 -3.862374e-001 -3.628860e-001  2.159314e-001  3.486622e+000  4.153419e-001  1.404973e+000  9.773186e-001  9.554974e-001 -3.112330e-001  2.342486e+000  1.385519e+000 -8.346378e-001
-5.184156e+000  7.496581e+000  2.001950e+000  1.967846e+000 -1.576344e+001 -1.715648e+001 -1.450149e+001 -1.047325e+001 -7.445960e+000 -6.369072e-001 -1.523182e+001 -9.084620e+000  5.555437e+001 -3.541843e+000  3.169728e+000  4.172792e+000  1.417459e+000  7.106000e+000  3.234521e+000  6.095470e+000 -2.574178e+000  2.961451e+000  8.798047e-001  1.226155e+000  4.363636e+000 -3.545187e+000 -5.738515e-001 -8.810655e-001 -1.257940e+000 -1.561162e-002  1.559007e+000  2.733601e-001  9.221526e-001  2.115687e+000  5.817742e-001 -1.667604e-001  2.839801e+000  8.386005e-001 -6.766909e-001
-1.167528e+001  9.666486e+000  4.093718e+000  6.644556e+000 -2.960900e+000 -1.034290e+001 -3.219822e+000 -9.681551e+000 -4.144615e+000 -6.519779e+000 -8.532373e+000 -8.440742e+000  5.343058e+001 -4.016787e+000  2.111187e+000  2.293335e+000  1.041250e+000  7.264902e+000  2.858248e+000  6.724895e+000 -4.174604e-002  2.747066e+000  2.082818e+000  5.829232e+000  5.910505e+000 -4.537337e+000 -3.274288e-002 -1.225099e+000 -1.656599e+000 -4.882579e-001 -7.948852e-001 -2.505046e-001 -7.911529e-001  1.884899e+000 -9.555221e-002  2.857689e-001  1.302791e+000 -1.271719e-001 -2.027574e-001
-1.563638e+001  1.204920e+001  4.793951e+000  4.637874e+000 -1.085115e+000 -9.791740e+000  7.361487e+000 -4.196821e+000 -1.841657e+000 -2.533242e+000 -3.601336e+000 -1.911257e+000  4.717104e+001 -3.998856e+000  1.760494e-001 -3.301184e-001 -3.728132e-001  4.313454e+000  2.393857e+000  3.278419e+000  1.836967e+000  2.469522e+000  1.357073e+000  5.366049e+000  4.039661e+000 -4.535769e+000  5.093310e-001 -1.382682e+000 -1.451854e+000 -5.845260e-001 -1.990006e+000 -3.376881e-001 -2.133302e+000  6.407498e-001 -4.733320e-001  1.952489e-001 -7.665050e-001 -1.187051e+000  7.196898e-001
-1.884090e+001  1.182188e+001  4.247998e+000  4.411749e+000  1.755038e+000 -9.949676e+000  2.202492e+000 -5.801897e+000  1.059244e+000  2.325700e+000  1.016744e+001  8.198412e+000  4.061419e+001 -2.734800e+000 -1.079478e+000 -1.213836e+000 -8.046800e-001  1.214744e+000  1.497546e+000 -1.818675e-001  1.400612e+000  1.406276e+000  2.117199e+000  1.761695e+000  2.081968e+000 -3.183107e+000  1.052220e+000 -1.083049e+000 -9.490472e-001 -4.452990e-001 -2.124115e+000 -2.685960e-001 -1.518931e+000 -2.255600e-001 -4.364675e-001 -3.021991e-001 -2.092781e+000 -1.866923e+000  1.638970e+000
-2.159562e+001  7.299131e+000  2.742176e-001  1.220183e+000  3.445859e+000 -5.383811e+000 -8.205550e-001 -3.228243e+000  2.299718e+000  1.725719e+000  2.248517e+000  2.794111e+000  3.928373e+001 -1.636182e+000 -2.148350e+000 -1.332893e+000 -5.822061e-001  1.810463e-001  2.226431e+000 -1.117657e+000 -9.160762e-002  1.265186e+000  1.838858e+000 -5.726014e-001  3.426490e-001 -6.238526e-001  1.416940e+000 -4.343282e-001 -3.793549e-001 -1.691550e-001 -1.661883e+000 -4.396603e-001 -2.200955e-001 -7.123495e-001 -2.458555e-001 -5.773684e-001 -1.415533e+000 -1.299824e+000  2.100591e+000
-2.236965e+001  6.644128e+000  2.844056e-001  4.330001e+000  8.473331e-001 -5.059137e+000 -3.813855e-002 -3.162777e+000  8.160765e-001  1.936736e+000 -2.648826e+000 -3.835860e-001  4.145871e+001  6.297512e-002 -2.141860e+000 -1.950514e+000 -1.080549e+000 -1.289472e+000  1.598981e+000  1.328279e+000 -2.052587e-001  1.166896e+000  3.309294e-001 -1.665350e+000 -1.575604e+000  1.701553e+000  1.231622e+000  2.743836e-001  1.859342e-001 -1.053072e-001 -7.335026e-001 -4.297483e-001  4.244715e-001 -7.647893e-001 -1.073881e-002 -8.835466e-001 -6.437569e-001 -9.365643e-001  1.678852e+000
-2.205291e+001  3.896327e+000  1.112819e-001  1.767717e+000  2.739688e-001 -1.104854e+000  2.893515e+000 -5.974419e+000  4.605858e+000  6.855532e+000 -5.621149e-002  4.092987e+000  4.362952e+001  1.686958e+000 -1.464401e+000 -1.858554e+000 -1.080654e+000 -2.743851e+000  1.448383e-001  1.422868e+000 -9.218451e-001  1.359934e+000 -6.366339e-001  1.904297e-003 -6.306739e-001  3.524857e+000  8.797632e-001  6.512837e-001  7.967601e-001  4.142584e-002 -5.888472e-002 -7.136416e-001  1.648799e-001 -4.146556e-001 -3.853294e-001 -5.059062e-001 -4.386075e-001 -7.607897e-001  6.934899e-001
-1.829738e+001  2.813984e+000 -5.423104e+000 -1.264763e+000 -3.106375e+000 -4.094250e+000  6.986850e+000 -5.455102e+000  5.740654e+000  1.415440e+000  2.993052e+000 -3.290469e-001  4.694906e+001  1.761739e+000 -4.953444e-002 -2.133438e-002 -1.081992e+000 -9.903204e-001  3.896010e-001  6.702270e-001 -2.008215e+000  1.305208e+000 -1.062788e+000 -1.744343e+000 -2.114192e+000  3.136798e+000  2.849084e-001  4.199079e-001  1.437610e+000  1.560326e-001  6.459990e-001 -4.454295e-001 -4.718283e-001  2.209785e-001 -7.415732e-001  5.017253e-002 -2.441101e-001 -3.702999e-001 -3.176432e-001
-1.519697e+001  1.892198e+000 -6.164797e+000 -1.385702e+000 -8.296544e+000 -5.142062e+000  2.781293e+000 -6.691306e+000  6.637099e+000 -1.196802e+000 -5.629008e-001 -3.865277e-001  5.416283e+001  1.913253e+000  6.190636e-002  1.686318e+000 -3.743553e-001 -2.629529e-001 -7.370874e-001  3.576815e-002 -1.263407e+000 -7.306166e-001  6.186038e-003 -2.726142e+000 -3.192006e+000  2.125974e+000 -2.291687e-001 -1.338295e-001  1.305073e+000  1.133458e-002  7.806343e-001  1.976122e-001 -1.400940e-001  1.151312e+000 -6.503896e-001  4.826688e-001  4.383806e-001 -2.381195e-002 -1.042841e+000
-1.698893e+001  7.398521e+000  3.315773e+000  4.967493e-001  1.809874e-001 -1.092528e+000  3.369107e+000 -1.284541e+001  6.326496e+000  6.489637e-001 -1.111720e+001 -8.714788e+000  5.187604e+001  1.374370e+000 -8.054737e-001  3.465103e+000 -6.535353e-001  7.000741e-001 -1.872040e-001 -3.373126e-001  1.070415e+000 -1.495695e+000  2.603821e-001 -1.521877e+000 -2.146438e+000  8.127781e-001 -3.054853e-001 -6.865970e-001  6.142460e-001  1.079625e-001  4.294557e-002  6.768798e-001 -2.362762e-001  1.464732e+000 -7.013035e-001  7.067747e-002  1.550886e+000  8.309951e-001 -9.549046e-001
-1.314087e+001  1.913591e+000  4.173431e+000 -9.848153e-001 -2.684477e+000 -6.291152e+000  4.881227e+000 -8.596301e+000  6.598542e-001  7.269701e+000 -6.631800e+000 -7.674170e+000  5.179590e+001  7.347995e-001 -1.755579e+000  2.923595e+000 -1.238209e+000  3.141231e-001  1.421302e+000  1.226168e+000  3.295401e+000 -4.915628e-001  1.115125e+000  2.082575e+000 -7.336107e-001 -5.273403e-001 -5.276798e-002 -3.195836e-001  1.501546e-002  3.061848e-001 -5.891289e-001  4.492110e-001 -1.063902e+000  6.695980e-001 -4.236537e-001 -1.112806e+000  1.473054e+000  1.169407e+000 -5.566183e-001
-1.245358e+001 -1.224081e+000  6.733295e+000 -4.732883e+000 -2.412038e+000 -4.455725e+000  4.250319e+000  8.494691e-001  1.250801e+000 -1.515901e+000 -1.581884e+000 -7.417415e+000  5.219642e+001  8.235391e-001 -2.573777e+000  2.431257e+000 -1.102529e-001 -1.064131e+000  2.694805e+000 -1.106354e+000  3.036040e+000 -2.320836e+000 -1.263870e+000  3.605730e+000  8.115862e-001 -3.110676e-001  7.247473e-001  2.197509e-001 -9.067036e-001  6.175125e-001 -9.271895e-001 -9.591784e-001 -2.002223e+000 -4.310896e-001 -3.751631e-001 -1.549180e+000  1.594135e-001  9.735578e-001  1.753650e-003
-1.379064e+001 -2.574395e+000  6.744418e+000 -4.961932e+000 -5.429416e+000  3.646046e+000  8.471529e+000  2.938258e+000  6.717132e+000  5.461256e+000  5.082316e+000 -4.703268e+000  5.136594e+001  1.924828e+000 -6.518601e-001  2.278318e+000  8.849275e-001 -2.326495e+000  6.796317e-002 -4.899222e+000  1.101770e+000 -2.436314e+000 -4.795720e+000  2.075322e+000  1.176018e+000 -9.519424e-002  1.454710e+000  4.725431e-001 -1.774195e+000  6.911481e-001 -6.878359e-001 -2.233117e+000 -2.416631e+000 -8.348671e-001 -8.868947e-002 -1.270662e+000 -1.315072e+000  3.816330e-001  4.025278e-001
-1.254634e+001 -3.226371e+000  1.418656e+001  1.934043e+000 -3.767196e+000  7.412899e+000 -3.957815e+000 -3.432490e+000 -8.306324e+000 -4.766164e+000  1.054395e+000 -6.142309e+000  5.053568e+001  4.403092e+000 -2.585785e-001 -7.457767e-001  1.372459e+000 -2.615564e+000 -4.306427e+000 -7.285730e+000  1.178216e-002 -2.399135e+000 -4.530097e+000 -7.211832e-001  1.766537e+000  6.054733e-001  1.463742e+000  3.088652e-001 -2.625463e+000  1.160485e-001 -2.077425e-002 -2.049547e+000 -1.255139e+000 -3.555219e-001  1.076738e+000  4.266802e-001 -1.620888e+000 -2.197578e-001  3.247346e-001
-3.470351e+000 -3.445645e-001  1.183839e+001  1.063587e-001 -1.363937e+001 -1.188565e+001 -1.551082e+001 -9.464712e-001 -6.743155e+000 -1.508377e+001  2.426672e+000 -2.431635e+000  5.215030e+001  6.218572e+000 -5.504624e-001 -4.358862e+000  1.476176e+000 -2.349339e+000 -6.243665e+000 -7.767296e+000  6.331943e-001 -8.958610e-001 -3.605073e+000 -2.329329e+000  6.970790e-001  1.027028e+000  4.884732e-001 -2.567634e-001 -2.436897e+000 -2.492394e-001  8.503072e-001 -6.649625e-002  2.397720e-001 -4.487651e-002  1.304930e+000  1.704035e+000 -8.176665e-001 -7.526353e-001  5.081905e-002
 4.401730e+000 -3.631889e+000  4.574281e-001 -4.047334e-001 -1.138488e+001 -1.822201e+001 -2.018716e+001  2.850745e+000 -4.014729e+000 -1.389387e+001 -3.859978e+000  2.794521e-001  5.483161e+001  5.995377e+000 -1.080150e+000 -7.377470e+000  1.743655e-001 -1.156579e+000 -4.397114e+000 -5.948014e+000  1.492718e+000  2.292628e+000  2.742078e-001 -2.296384e+000 -4.773345e-002  7.514942e-001 -8.532493e-001 -2.931654e-001 -7.531078e-001 -4.060082e-001  1.122873e+000  1.434460e+000  9.923593e-001 -7.272705e-002  8.230357e-001  1.373318e+000  4.807132e-001 -1.068223e+000 -2.522356e-001
 8.828178e+000 -5.123948e+000 -8.185323e+000  3.588334e+000 -1.336727e+001 -1.475483e+001 -2.225028e+001  2.962613e+000  9.202959e-002 -8.000253e+000 -4.107143e+000 -4.428753e+000  5.435312e+001  3.571051e+000 -1.524891e+000 -6.590321e+000  2.377775e-001  1.195549e+000 -2.191742e-001 -4.369221e+000  1.369194e-001  1.742452e+000  1.322303e+000 -1.225410e+000 -1.680024e+000  8.589058e-002 -1.658391e+000 -1.461075e-001  1.104594e+000 -2.004267e-001  9.308404e-001  1.256015e+000  1.212059e+000  6.903091e-003 -1.874773e-001  4.674301e-001  1.263397e+000 -5.987968e-001 -2.148658e-001
 1.128128e+001 -6.237428e+000 -1.268893e+001  1.064883e+000 -9.686144e+000 -1.313808e+001 -3.032815e+001  2.076560e+000 -2.607767e-001 -6.936882e+000 -7.160615e+000 -5.382417e+000  5.319174e+001  1.460605e+000 -1.237191e+000 -3.395586e+000 -3.838278e-002  1.226357e+000 -1.463713e-001 -4.022971e+000 -1.037156e-001  3.968874e-001 -1.271943e-001  1.130423e+000 -2.386024e+000 -1.851356e-001 -1.702878e+000 -5.467781e-002  2.261972e+000  3.754074e-001 -5.986335e-002  9.200959e-003  1.348525e+000  3.810538e-001 -1.192314e+000 -5.232887e-001  1.363302e+000 -1.115482e-001  9.923804e-002
 1.094513e+001 -6.666253e+000 -1.454004e+001  5.604380e-001 -8.510998e+000 -1.552348e+001 -3.228642e+001  1.252184e-001  9.213050e-002 -1.195075e+001 -2.050062e+000 -8.000818e+000  5.339968e+001  1.940032e-001 -1.202479e+000 -8.268350e-001  5.804160e-001  1.113395e+000 -2.088961e+000 -2.669523e+000  1.465927e+000 -8.853773e-001 -1.067221e+000  2.274255e+000 -1.127759e+000  4.210140e-001 -1.257732e+000  2.072692e-004  2.384900e+000  6.597691e-001 -1.195884e+000 -9.709425e-001  1.882828e+000  9.497235e-001 -1.415851e+000 -2.736798e-001  8.996434e-001  5.501292e-001  4.125063e-001
 1.064628e+001 -9.046691e+000 -1.334314e+001  9.173007e-001 -7.681236e+000 -1.856954e+001 -3.528394e+001  3.750864e+000 -2.030343e+000 -1.255460e+001  7.635974e-001 -9.864637e+000  5.438265e+001 -8.304893e-001 -1.514745e+000  1.050645e+000  1.880083e+000 -1.414819e+000 -3.416216e+000 -5.523605e-002  2.733484e+000 -2.355026e+000 -1.147474e+000  2.770295e+000 -8.816068e-001  1.080123e+000 -8.750696e-001  7.662265e-002  1.994936e+000  6.042522e-001 -1.773095e+000 -4.455989e-001  2.530246e+000  5.780357e-001 -1.382416e+000  6.053412e-001  2.873197e-001  6.483774e-001  4.437576e-001
 1.011569e+001 -9.731712e+000 -1.199239e+001  6.564205e+000 -8.802752e+000 -2.248390e+001 -3.312000e+001  9.455094e+000 -3.450074e+000 -1.052750e+001  3.302025e+000 -7.826440e+000  5.586274e+001 -1.572059e+000 -1.385078e+000  3.111064e+000  2.577390e+000 -3.463283e+000 -3.438964e+000  3.061050e+000  3.466937e+000 -3.960844e+000  4.640434e-001  2.452871e+000  3.184136e-001  1.515793e+000 -6.333992e-001  3.265778e-001  1.544560e+000 -1.585485e-001 -1.748237e+000  7.448186e-001  2.407781e+000 -7.213909e-001 -9.548234e-001  1.193514e+000 -1.402679e-001  1.354680e-001  2.180247e-001
 7.543550e+000 -1.227842e+001 -8.709530e+000  7.463415e+000 -1.661436e+001 -2.673895e+001 -3.018754e+001  1.107904e+001 -1.026480e+001 -1.338587e+001  4.014816e+000 -9.877640e+000  5.736083e+001 -2.031711e+000 -7.627781e-001  4.610147e+000  1.984391e+000 -5.350781e+000 -1.699364e+000  5.762974e+000  1.785957e+000 -4.977459e+000  2.133879e+000  2.477714e+000  1.327759e-001  1.486263e+000 -3.678898e-001  6.931490e-001  8.567506e-001 -9.879032e-001 -7.841318e-001  1.724914e+000  1.386801e+000 -1.834742e+000  4.934409e-002  1.356201e+000 -5.817113e-001 -1.302765e-001 -2.751219e-002
 4.636203e+000 -1.197578e+001 -1.301526e+000  1.017433e+001 -2.136085e+001 -2.863359e+001 -1.952937e+001  1.379582e+001 -1.559486e+001 -9.214892e+000  8.588681e+000 -6.402249e+000  5.948956e+001 -2.372382e+000  5.442629e-002  5.116212e+000 -2.644805e-001 -5.659812e+000  7.767063e-001  6.460276e+000 -1.667265e+000 -4.348278e+000  3.259673e+000  1.719206e+000 -9.576109e-001  1.308067e+000 -1.162140e-001  8.323812e-001 -1.056223e-001 -1.507216e+000  3.296391e-001  1.917620e+000 -2.212181e-001 -2.287421e+000  1.220696e+000  6.824639e-001 -1.045785e+000 -4.095043e-001 -2.147759e-001
 3.227469e+000 -1.173855e+001  4.362155e+000  9.034195e+000 -2.815609e+001 -2.399151e+001 -1.326439e+001  1.051029e+001 -2.084525e+001 -2.541506e+000  1.050884e+001 -9.912853e+000  6.000055e+001 -2.269777e+000  1.231248e+000  4.331824e+000 -1.638498e+000 -4.237214e+000  3.100519e+000  5.179155e+000 -3.873123e+000 -1.914588e+000  4.235717e+000  2.285709e-001 -8.949767e-001  1.046425e+000  5.473633e-002  6.949118e-001 -9.076843e-001 -1.328121e+000  1.218367e+000  1.121044e+000 -1.556463e+000 -1.618382e+000  1.801700e+000 -3.531089e-001 -1.333273e+000 -2.228593e-001 -2.678260e-001
 4.118241e-001 -9.729518e+000  7.052826e+000  4.456413e+000 -3.133095e+001 -1.997409e+001 -9.280199e+000  1.403147e+000 -1.990125e+001  3.486803e-001  8.651042e+000 -1.259689e+001  6.108321e+001 -2.034096e+000  1.779815e+000  2.722114e+000 -3.147244e+000 -2.371871e+000  3.749196e+000  2.246869e+000 -5.140629e+000  6.112026e-001  2.825444e+000 -1.651484e+000 -1.215231e+000  6.618325e-001  2.331508e-001  3.390946e-001 -1.291134e+000 -5.579376e-001  1.372773e+000 -8.801913e-003 -1.962358e+000 -3.857817e-001  1.411199e+000 -1.186786e+000 -1.074322e+000  3.956399e-002 -2.970679e-001
-1.693146e+000 -7.245315e+000  8.772415e+000  2.129884e+000 -3.281538e+001 -1.556611e+001 -9.416357e+000 -2.090240e+000 -1.768455e+001  3.010928e+000  5.126491e+000 -1.125520e+001  6.179612e+001 -1.927173e+000  1.849087e+000  1.268774e+000 -3.214832e+000 -9.029179e-001  2.419613e+000  8.736096e-002 -4.569269e+000  1.551300e+000  5.854492e-001 -2.503307e+000 -8.527105e-001  4.702503e-001  3.258188e-001 -5.304011e-002 -1.139616e+000  1.535931e-001  9.727579e-001 -8.042310e-001 -1.412027e+000  4.636631e-001  5.374998e-001 -1.496740e+000 -3.835973e-001  1.675946e-002 -2.723303e-001
-3.073969e+000 -5.323318e+000  1.010391e+001 -2.109735e+000 -3.089056e+001 -1.410032e+001 -1.021904e+001 -5.607064e+000 -1.411919e+001  2.136112e+000  3.022434e+000 -1.180723e+001  6.190093e+001 -1.377930e+000  1.440980e+000  1.920676e-001 -2.266001e+000 -4.630962e-001  1.073150e+000 -8.056194e-001 -3.248100e+000  9.747705e-001 -8.491243e-001 -2.286463e+000 -7.809240e-001  1.108147e-001  3.813145e-001 -2.233442e-001 -6.254587e-001  7.494879e-001  4.911344e-001 -8.313570e-001 -4.399319e-001  9.149546e-001 -9.781673e-002 -9.326410e-001  3.234367e-001  9.001149e-002 -2.017225e-001
-4.665497e+000 -4.696216e+000  9.180485e+000 -3.756890e+000 -3.289088e+001 -1.483034e+001 -1.235816e+001 -8.830950e+000 -1.597977e+001 -5.079762e-001  8.066059e-001 -1.457123e+001  6.194294e+001 -9.687661e-001  1.135465e+000 -1.012340e-001 -1.311154e+000 -3.278114e-001  4.173870e-001 -3.547356e-001 -2.501072e+000  5.911264e-001 -1.410697e+000 -1.371926e+000 -1.028333e+000 -3.971786e-002  4.130124e-001 -1.847662e-001 -7.959116e-002  8.614690e-001  2.652794e-001 -2.800541e-001  1.899497e-001  8.868166e-001 -7.671707e-002 -1.136208e-001  5.886857e-001  2.175086e-001 -1.581808e-001
-4.991650e+000 -3.799167e+000  7.809129e+000 -3.930208e+000 -3.360868e+001 -1.497623e+001 -1.183739e+001 -1.146700e+001 -1.587978e+001 -2.137489e+000 -6.213307e-001 -1.484349e+001  6.156387e+001 -6.067266e-001  1.019905e+000  2.798246e-001 -3.516435e-001 -2.037518e-001  5.935238e-001  2.682576e-001 -1.599955e+000  6.022059e-001 -8.396879e-001 -5.999913e-001 -6.773626e-001 -9.179612e-002  3.019767e-001 -6.511293e-002  2.210333e-001  6.068806e-001  1.792541e-001  1.519102e-001  2.255243e-001  6.490020e-001  8.265997e-002  3.196345e-001  3.294084e-001  3.603622e-001 -1.166195e-001
-5.578137e+000 -2.330068e+000  9.413636e+000 -3.515650e+000 -3.309538e+001 -1.304122e+001 -1.038086e+001 -1.166564e+001 -1.384862e+001 -1.905757e+000  8.874083e-002 -1.487874e+001  6.176606e+001 -2.477119e-001  1.135793e+000  8.269401e-001  1.353344e-001  2.938066e-001  1.259155e+000  5.001709e-001 -9.592589e-001  1.353997e+000  1.262697e-002 -4.031146e-001  1.830517e-001 -2.193485e-001  1.700577e-001  4.705002e-002  1.040001e-001  3.631520e-001  1.070042e-001  1.621706e-001  6.874693e-003  3.770484e-001 -8.134902e-003  3.444599e-001 -2.099359e-001  5.201933e-001 -1.437543e-001
-5.651283e+000 -1.406866e+000  1.138646e+001 -3.988573e+000 -3.180707e+001 -1.202726e+001 -9.866405e+000 -1.218950e+001 -1.217373e+001 -1.363437e+000  3.814099e-001 -1.504029e+001  6.153039e+001 -2.285736e-001  1.115251e+000  8.331469e-001  4.515731e-002  1.223652e-001  1.411817e+000 -1.054511e-001 -7.739967e-001  1.006635e+000  3.738604e-002 -1.123827e+000  4.151947e-001 -3.824677e-001 -3.229227e-002  1.040347e-001 -2.453632e-001  2.125227e-001 -3.758091e-002 -2.104746e-001 -1.345453e-001 -1.513308e-003 -3.202442e-001 -6.655136e-002 -5.725883e-001  3.613675e-001 -1.673618e-001
-5.574240e+000 -2.134025e-001  1.152652e+001 -3.051035e+000 -3.232265e+001 -1.000905e+001 -1.084280e+001 -1.326600e+001 -1.106281e+001 -8.318675e-001 -1.710337e+000 -1.355758e+001  6.086294e+001 -3.075542e-001  1.323042e+000  1.421051e-001  3.062058e-001  4.415112e-002  8.190936e-001 -1.335077e-001 -1.028810e+000  3.482374e-001 -1.269348e-001 -2.159688e+000  1.026355e+000 -6.131535e-001 -9.003992e-002  2.361608e-001 -4.395827e-001  3.048597e-001  1.308981e-001 -5.031336e-001  2.179574e-001 -2.001733e-002 -2.986705e-001 -2.720079e-001 -3.453424e-001  2.101832e-001 -2.166918e-001
-6.136466e+000  7.187562e-001  1.091842e+001 -3.936729e+000 -3.338322e+001 -9.433231e+000 -1.213368e+001 -1.453680e+001 -1.223952e+001 -2.487504e+000 -5.340926e+000 -1.342810e+001  6.010310e+001 -7.382668e-001  1.446454e+000 -6.045738e-001  6.255342e-001 -2.668285e-001 -2.388184e-001 -8.762960e-002 -1.572746e+000 -4.961352e-001 -1.102664e+000 -2.584646e+000  7.078233e-001 -7.317024e-001 -9.489446e-002  4.313469e-001 -1.921129e-001  4.751833e-001  1.090549e+000 -3.736525e-001  7.316593e-001  2.094324e-001  2.607248e-001 -3.949030e-002  5.109420e-001  1.870084e-001 -2.960150e-001
-6.873316e+000  3.222329e+000  1.035818e+001 -2.010543e+000 -3.208654e+001 -1.024276e+001 -9.914761e+000 -1.563603e+001 -1.207455e+001 -1.978397e+000 -7.848532e+000 -1.055306e+001  5.941394e+001 -4.430649e-001  2.150995e+000 -6.521131e-001  1.369445e+000  1.142894e+000 -4.311952e-001  1.581047e+000 -6.599709e-001  6.120300e-001 -7.773874e-001 -1.399417e+000  1.087653e+000 -1.128190e+000 -3.109657e-001  4.185206e-001  2.777790e-002  2.636344e-001  1.924365e+000  3.709808e-001  1.160416e+000  4.338816e-001  8.786588e-001  1.886962e-001  1.205012e+000 -5.484784e-002 -3.444790e-001
-8.693079e+000  4.107539e+000  8.947760e+000 -1.381148e+000 -3.325926e+001 -1.310449e+001 -1.076857e+001 -1.886821e+001 -1.414854e+001 -6.303492e+000 -9.472723e+000 -1.300343e+001  5.859638e+001 -6.352906e-001  2.858009e+000  2.696916e-001  1.889454e+000  5.025736e+000  1.686986e-001  2.695568e+000  8.874607e-002  2.178363e+000  1.651609e-001  1.050748e+000  1.319587e+000 -1.605024e+000 -6.096746e-001  1.497874e-001  3.655915e-002  6.650151e-002  2.386683e+000  9.441696e-001  1.207460e+000  6.916210e-001  1.120517e+000  5.521853e-001  1.452893e+000  2.640686e-001 -4.175104e-001
-6.511258e+000  8.847182e+000  9.251287e+000  2.518397e+000 -2.667016e+001 -1.032940e+001 -3.620118e+000 -1.440015e+001 -7.048146e+000 -2.810811e+000 -6.641524e+000 -8.331644e+000  5.597535e+001 -1.913871e+000  2.709867e+000 -1.561381e-001  9.924179e-001  7.019693e+000  2.470239e+000  4.276971e+000  3.098523e-001  3.404282e+000  1.826337e-001  2.047674e+000  4.462336e-001 -1.898887e+000 -8.181255e-001 -6.081569e-001 -3.854569e-001 -2.712730e-001  1.653846e+000  7.300074e-001  3.886476e-001  6.702906e-001  3.084434e-001  4.639387e-001  8.536894e-001  4.429758e-001 -3.976843e-001
