42 39
-8.120815e+000 -1.194684e+000 -6.882623e+000 -8.950366e-001  2.517349e+000  5.496110e-001  3.329335e+000 -4.893059e+000 -3.851057e+000 -4.421840e+000  8.586992e-001  2.745746e+000  3.488767e+001 -7.306374e-001 -1.410438e+000 -4.081730e+000 -1.255061e+000 -1.415620e+000 -2.475242e+000 -3.713335e-001 -7.555445e-001  7.467884e-001 -7.438981e-001 -1.240103e+000 -1.669070e+000  5.990228e+000 -1.249962e+000  2.744315e-001 -6.324578e-001 -2.150345e-001 -7.037733e-001 -8.426456e-001 -4.855597e-001  1.062806e-001  1.684824e-001 -1.599696e-001 -9.246136e-002  1.154497e-001  8.847549e-001
-1.452877e+001 -3.355869e+000 -1.294021e+001 -2.857775e+000 -3.888582e+000 -3.119634e+000  7.217755e+000 -4.167634e+000  5.796552e+000  1.940279e-002 -2.735673e+000 -8.821138e+000  4.513324e+001 -2.693619e+000 -1.165051e+000 -4.764290e+000 -2.091037e+000 -2.641002e+000 -3.648513e+000 -1.375348e+000 -2.040589e+000  1.447190e+000 -9.150529e-002 -7.081084e-001 -2.777987e-001  5.909656e+000 -1.001151e+000  7.728653e-001  4.969978e-001  1.815304e-001 -6.015198e-003  1.369763e-001 -2.363669e-001  3.549494e-001 -4.052313e-002  3.973645e-002  4.691918e-001  1.042039e+000 -5.795317e-001
-1.739272e+001  7.237803e-001 -1.359608e+001 -2.401597e+000 -7.163717e+000 -6.107190e+000  2.202131e+000 -4.669433e+000  6.714678e+000 -1.321306e+000 -5.472336e-001 -2.651069e+000  5.021956e+001 -4.177353e+000  8.867117e-001 -2.685914e+000 -1.378453e+000 -2.760087e+000 -3.121004e+000 -8.651997e-001 -5.018284e-001  2.194662e+000  4.660392e-001  4.299219e-001  6.887268e-001  4.032553e+000 -2.628491e-001  6.228920e-001  1.211996e+000  6.434142e-001  6.452629e-001  8.692955e-001  7.082544e-001  8.733674e-001 -3.457930e-001  8.095781e-002  4.472136e-001  7.261401e-001 -1.429291e+000
-2.157510e+001 -2.174039e-001 -1.692713e+001 -8.348233e+000 -8.709297e+000 -1.186203e+001 -1.545693e+000 -8.605116e+000  8.561064e+000  1.329142e+000  9.891778e-001  1.152990e+000  5.091078e+001 -2.869952e+000  1.001311e+000 -1.198722e+000 -1.768046e-001 -5.995169e-002 -9.994117e-001  7.833707e-002  9.763173e-001  1.617627e-001 -4.074567e-001  9.306330e-001  2.407831e+000  1.917402e+000  5.316711e-001  3.208000e-001  1.500161e+000  1.171542e+000  1.117820e+000  1.519642e+000  9.967915e-001  9.336438e-001 -8.092595e-001 -2.165381e-001  3.879796e-002 -3.615086e-001 -1.367355e+000
-2.548442e+001  1.669642e+000 -1.831873e+001 -5.042075e+000 -8.872726e+000 -1.068421e+001  3.385061e+000 -5.183460e+000  5.739995e+000 -2.746514e+000  1.145883e+000  1.202316e+000  5.216167e+001 -1.956716e+000  6.208406e-001  1.954672e-001  1.004894e+000  5.201688e-001  5.466846e-001  2.443096e+000  2.102839e+000 -3.394631e-001 -1.811333e-001  1.765949e-001  6.188160e-001  8.398994e-001  8.079992e-001 -2.059371e-001  1.097689e+000  1.045005e+000  8.788613e-001  1.145662e+000  3.858339e-001  1.814858e-001 -7.048077e-001 -3.575727e-001 -4.096333e-001 -1.064882e+000 -8.127187e-001
-2.483269e+001  1.177756e+000 -1.657249e+001 -2.421560e+000 -3.333836e+000 -5.828182e+000  7.017975e+000  9.709658e-001  7.092707e+000 -1.305277e+000  1.070933e+000  1.291324e+000  5.374920e+001 -1.145582e+000  5.718843e-001  1.295823e+000  2.574998e+000  1.307969e+000  2.115854e+000  1.954461e+000  1.325296e+000 -1.332045e+000 -8.506096e-001 -3.874551e-001 -2.050386e+000  6.692082e-001  4.369583e-001 -2.645619e-001  5.111574e-001  3.262347e-001  2.088307e-002  2.854180e-001 -7.563149e-001 -7.176843e-001 -2.648294e-002 -8.724871e-002 -3.266734e-001 -7.401482e-001 -3.078179e-001
-2.554751e+001  3.130404e+000 -1.279606e+001 -3.404649e-001 -7.250604e+000 -6.390690e+000  1.013578e+001  1.056723e+000  5.751541e+000 -9.097632e-001  2.948630e-001  3.738446e-001  5.299985e+001 -9.995424e-001  7.173971e-002  1.555256e+000  2.470672e+000  9.502594e-001  1.049674e+000  1.259073e-001  2.311112e-001 -5.824731e-001 -1.100248e+000 -9.592005e-001 -2.406573e+000  5.930561e-001  3.058514e-001 -1.602465e-001 -5.341995e-002 -3.920560e-001 -2.502970e-001 -1.827553e-001 -1.664248e+000 -8.955761e-001  5.109432e-001  1.535741e-001  1.039260e-001  3.000379e-001 -2.703400e-002
-2.727146e+001  1.911637e+000 -1.320935e+001  2.175952e+000 -2.980514e+000 -3.429518e+000  4.851256e+000 -5.098727e+000  1.895065e+000 -3.842281e+000 -5.225874e-001 -8.684705e+000  5.383773e+001 -1.163748e+000 -4.694806e-002  6.771708e-001  7.214797e-001 -1.705816e-001  1.761839e-001 -2.544643e+000 -1.676240e+000  1.508530e-001 -3.841429e-001 -1.348366e-001  2.197846e-001  5.017338e-001  3.711698e-001  7.721659e-002 -2.548924e-001 -6.952600e-001 -5.368629e-001 -3.796621e-001 -1.098382e+000 -3.507282e-001  5.397115e-001  5.580063e-001  5.220256e-001  1.131241e+000  6.217578e-002
-2.926274e+001  1.661400e+000 -1.222402e+001  5.012531e+000 -4.298090e+000 -6.635175e+000  5.097957e+000 -9.930579e-001  5.426450e+000 -6.979252e+000 -2.853359e+000 -5.842536e+000  5.508268e+001 -4.183764e-001  1.290242e-001  2.376935e-001 -2.862726e-002  7.959247e-003  6.027431e-001 -3.628593e+000 -8.742731e-001  1.473804e+000  3.535038e-001  5.699157e-001  9.839203e-001  7.884666e-001  5.671732e-001  2.272181e-001 -2.050948e-001 -3.976575e-001 -2.700952e-001  8.706630e-002  9.489843e-002  4.318542e-001 -6.048169e-002  7.312450e-001  6.479874e-001  8.962981e-001  5.607033e-002
-2.879381e+001  1.677517e+000 -1.347265e+001 -1.490660e+000 -5.663001e+000 -4.825019e+000 -3.186332e+000 -6.385345e+000  8.009518e+000 -1.912468e-001  1.970861e+000  5.498437e+000  5.521645e+001  4.196836e-001  9.293250e-001  6.801423e-001  3.483478e-001 -9.051952e-001  4.410091e-001 -1.660197e+000  1.243474e-001  3.383739e-001  1.212546e+000  1.458115e+000  1.910571e+000  8.823818e-001  5.415242e-001  7.486978e-002 -1.303784e-002  1.466801e-001  1.405904e-001  2.096944e-001  1.429528e+000  1.246675e+000 -3.457704e-001  2.109103e-001  2.747511e-001 -2.452887e-001  2.086956e-002
-2.687822e+001  3.892584e+000 -1.147594e+001  1.349705e+000 -5.869564e+000 -2.679223e+000 -3.988396e+000 -2.671333e+000  1.006333e+001 -9.677615e-001  1.897717e+000 -1.798125e+000  5.625282e+001  1.044608e+000  7.196935e-001  5.282968e-001  6.689507e-001 -3.290987e-002  1.352592e+000  1.581763e-001  1.490089e+000 -9.786420e-001  1.757633e+000  1.484261e+000  1.229524e+000  6.830837e-001  3.868030e-001 -2.803640e-002  1.170278e-001  2.206881e-002  1.360899e-001 -2.355923e-001  1.263180e+000  4.480648e-001 -8.109306e-001 -4.990507e-001 -4.276235e-001 -5.756536e-001 -4.269604e-002
-2.636530e+001  5.442670e+000 -1.018268e+001  5.749104e+000 -6.720753e+000 -3.202448e+000  1.093448e+000 -3.637852e+000  1.268493e+000 -7.852966e-001  4.392448e+000 -1.154054e+000  5.766457e+001  8.123806e-001  3.206618e-002  4.666799e-001  1.106091e+000  5.528049e-001  8.497313e-001  2.709609e+000  3.374952e+000 -3.517760e-001 -3.165584e-002  7.817461e-001 -1.129461e+000  6.587731e-001  8.061718e-001 -1.375306e-001 -2.051776e-002 -5.580479e-001 -2.783152e-001 -1.110636e+000 -3.573111e-001 -7.122808e-001 -5.168386e-001 -1.229656e+000 -1.323768e+000 -1.020912e+000  1.528620e-001
-2.525396e+001  3.377291e+000 -1.122752e+001  4.737403e+000 -3.933764e+000 -6.834985e-001  3.748948e+000  5.083639e+000  3.903753e+000  2.105936e+000  3.357152e+000  3.631329e+000  5.727404e+001  1.319290e+000  4.374716e-001  9.295639e-001 -2.971550e-001 -4.059126e-002 -7.795795e-001  5.024047e-001 -2.592514e-001 -2.235774e+000 -1.519649e+000 -1.230017e+000 -3.743315e-001  6.867908e-001  1.348984e+000 -2.700454e-001 -4.473677e-002 -7.785608e-001 -1.245552e+000 -1.766031e+000 -1.738863e+000 -1.732121e+000 -2.252331e-001 -1.305506e+000 -1.612324e+000 -8.863716e-001  5.006953e-001
-2.554404e+001  2.095495e+000 -1.126346e+001  2.345948e+000 -3.866876e+000 -1.574225e+000  6.493042e+000  6.611930e+000  9.330428e+000 -1.886375e+000  5.149875e+000 -2.863595e+000  5.799970e+001  4.313201e+000  3.827830e-001  3.769200e-001 -1.958839e+000 -2.292930e+000 -4.046082e+000 -3.618867e+000 -2.562386e+000 -1.617253e+000 -3.297091e+000 -3.803585e+000 -2.392062e+000  1.644838e+000  1.465540e+000 -6.655159e-001 -1.759800e-001 -6.178313e-001 -1.752000e+000 -1.501397e+000 -2.156540e+000 -1.505889e+000 -4.186789e-002 -4.872531e-001 -1.241756e+000 -2.506513e-001  6.785507e-001
-2.069240e+001  7.753530e+000 -6.287730e+000  1.565508e+000 -7.499459e+000 -7.391232e+000 -4.176170e+000 -9.092482e+000 -5.146505e+000 -8.015467e+000 -4.631083e+000 -2.815012e+000  5.951921e+001  6.039118e+000 -8.058918e-001  3.494929e-001 -1.691388e+000 -4.837801e+000 -5.029657e+000 -5.371902e+000 -4.201848e+000 -1.472069e+000 -3.137182e+000 -4.284691e+000 -2.571033e+000  2.693528e+000  5.649446e-001 -1.386215e+000 -2.994332e-001 -9.962405e-002 -1.364652e+000 -4.649103e-001 -6.503215e-001  5.002680e-001  7.089594e-001  5.067200e-001 -1.356247e-001  5.050733e-002  5.377389e-001
-7.080075e+000  5.168465e+000 -1.076797e+001 -2.459141e+000 -1.640256e+001 -2.007899e+001 -1.303833e+001 -9.361723e+000 -2.292642e+000 -1.221005e+001 -1.063136e+001 -9.891191e+000  6.476617e+001  5.780167e+000 -2.673831e+000 -1.231844e-001 -1.285948e+000 -5.808589e+000 -4.532217e+000 -5.135936e+000 -2.183194e+000 -9.429680e-001 -1.659155e+000 -3.899698e+000 -1.284366e+000  3.048158e+000 -1.058282e+000 -1.390611e+000  5.665497e-002  3.923904e-001 -1.856000e-001  9.733608e-001  1.276212e+000  1.728992e+000  4.061882e-001  1.283659e+000  1.080822e+000  7.263013e-001  4.488869e-002
-4.290349e+000 -2.188653e+000 -9.727803e+000 -1.316994e+000 -2.185493e+001 -1.657940e+001 -1.334488e+001 -7.938774e+000  2.354942e+000 -8.418137e+000 -1.017569e+001 -5.710040e+000  6.735844e+001  3.410530e+000 -4.965299e+000 -3.175501e-001 -1.131720e+000 -5.106021e+000 -2.861064e+000 -1.990668e+000  2.052493e+000  9.718802e-001  1.949833e-001 -1.860084e+000 -6.756426e-001  2.673825e+000 -1.770756e+000 -6.241807e-001  1.661157e-001  4.535706e-001  7.841944e-001  1.382651e+000  2.166944e+000  1.801249e+000 -2.569703e-001  1.197308e+000  1.654946e+000  5.239577e-001 -4.222216e-001
-4.844230e+000 -6.302570e+000 -1.015935e+001 -2.642543e+000 -2.573208e+001 -1.964123e+001 -1.460228e+001 -4.880892e+000  8.648648e-001 -9.980813e+000 -1.157631e+001 -7.837912e+000  6.932088e+001  3.360872e-001 -4.490568e+000  9.937164e-001 -2.767208e-001 -3.086820e+000 -2.635750e-001  1.071577e+000  2.955401e+000 -8.082867e-001  1.455124e+000  3.882217e-001  2.917493e-001  1.879133e+000 -1.453135e+000  3.658699e-001  2.180825e-001  6.389152e-001  1.094607e+000  1.272791e+000  2.098078e+000  7.964824e-001 -9.155366e-001  8.623163e-001  1.858368e+000  1.323368e-001 -6.806697e-001
-4.757673e+000 -1.133744e+001 -8.179792e+000 -4.001393e+000 -2.836480e+001 -2.191544e+001 -1.334753e+001 -1.070434e+000 -1.865858e+000 -8.155168e+000 -1.345903e+001 -7.219865e+000  7.061098e+001 -9.261999e-002 -3.018427e+000  6.216213e-001  7.185094e-002 -2.277714e+000 -2.507221e-001  2.359061e+000  2.235100e+000 -2.824261e+000  1.292219e+000  1.846080e+000 -7.393025e-001  1.166933e+000 -6.306335e-001  1.134490e+000  1.018276e-001  8.014439e-001  7.599475e-001  5.942947e-001  1.001123e+000 -4.274516e-001 -1.320052e+000  4.080858e-001  1.489309e+000 -1.905758e-001 -7.577904e-001
-5.165977e+000 -1.270998e+001 -6.573399e+000 -2.500545e+000 -2.858172e+001 -1.872885e+001 -7.679114e+000  1.981113e+000 -4.223676e+000 -5.065910e+000 -7.048581e+000 -7.677532e+000  7.253557e+001  2.660650e-001 -1.817917e+000  4.976423e-001  1.306842e+000 -1.749707e+000  5.265676e-001  3.179587e+000  1.707915e+000 -3.622580e+000  2.103808e+000  3.539061e+000 -5.908521e-001  3.982559e-001  7.121333e-002  1.213110e+000  1.422497e-001  7.029570e-001  5.101339e-001 -1.567785e-001 -7.940823e-002 -6.911570e-001 -7.152475e-001  4.226936e-002  7.105247e-001 -2.998135e-001 -8.379634e-001
-4.592575e+000 -1.407709e+001 -8.412673e+000 -1.028738e+000 -3.181868e+001 -1.828920e+001 -5.011158e+000 -1.942787e-001 -9.222095e+000 -4.414491e+000 -3.209153e+000 -9.486742e+000  7.158576e+001  2.923738e-001 -6.291742e-001  4.396251e-001  2.083718e+000 -1.974840e+000 -2.846617e-001  1.960944e+000  5.389776e-001 -4.221233e+000  1.911070e+000  4.011043e+000 -1.187221e+000 -3.746887e-001  1.676489e-001  1.159803e+000  6.806591e-001  4.964448e-001  8.752071e-001 -3.019819e-001 -5.288870e-001 -5.417911e-001  9.729683e-002 -2.689569e-001  3.214040e-002  3.740287e-003 -1.182208e+000
-3.596453e+000 -1.402234e+001 -7.554698e+000  2.405338e+000 -3.275368e+001 -1.882151e+001 -2.872536e+000  3.220606e+000 -1.356992e+001 -1.332109e+000  9.940534e-001 -9.658734e+000  7.082477e+001  4.996570e-001  3.803555e-001  1.795963e+000  2.232131e+000 -6.875876e-001 -1.030498e+000  8.735950e-001  3.476770e-001 -3.686038e+000  1.357046e+000  2.858364e+000 -9.833590e-001 -1.539873e+000 -4.450594e-002  1.359207e+000  1.173249e+000  2.121417e-001  1.737046e+000 -1.196477e-001 -6.986356e-001 -6.793975e-001  8.247252e-001 -9.620724e-001 -8.847967e-001  3.249108e-001 -1.836045e+000
-4.080565e+000 -1.382714e+001 -5.491017e+000  3.964254e+000 -3.615302e+001 -2.329242e+001 -5.946105e+000  1.004707e+000 -1.829890e+001 -4.667171e-001  2.574872e+000 -1.216537e+001  6.959294e+001  6.288284e-001  1.681450e+000  3.375757e+000  2.091430e+000  1.567262e+000 -9.820988e-001  8.676226e-001  2.062631e-001 -2.306048e+000  3.208161e-001  2.347131e+000 -5.243477e-001 -3.775043e+000 -5.374951e-001  1.315755e+000  1.248037e+000 -9.278760e-002  2.369456e+000  3.976962e-001 -5.864403e-001 -6.134297e-001  1.642384e+000 -1.107508e+000 -1.244640e+000  8.192530e-001 -2.219331e+000
-2.923696e+000 -1.093318e+001  9.455869e-001  6.163614e+000 -2.985249e+001 -2.137973e+001 -2.843666e+000  3.120005e+000 -1.811546e+001 -2.545684e-001  4.351225e+000 -1.125501e+001  6.583261e+001 -1.246920e-001  3.822804e+000  4.895824e+000  2.363694e+000  5.164473e+000  2.770479e-001  2.330694e-001 -1.522715e+000 -4.565468e-001 -1.911426e+000 -5.296655e-002  7.022651e-001 -7.081792e+000 -8.922486e-001  9.394528e-001  8.671083e-002 -6.604382e-001  2.066893e+000  1.093610e+000 -7.524424e-001 -7.715572e-001  2.043222e+000 -5.285309e-001 -1.145850e+000  9.834715e-001 -1.935597e+000
-1.784812e+000 -7.214418e+000  4.215968e+000  7.549275e+000 -2.543296e+001 -2.192058e+001 -6.874804e-001  8.873371e-001 -1.847956e+001 -3.349180e+000  6.847917e+000 -1.131034e+001  5.520663e+001 -2.082927e+000  4.228374e+000  5.129880e+000  1.553998e+000  6.946411e+000  1.050047e+000 -6.509954e-001 -1.592975e+000  2.375940e+000 -1.992236e+000 -7.564926e-001  2.066232e+000 -8.700385e+000 -9.456905e-001 -8.002941e-001 -1.472672e+000 -8.145239e-001  1.117675e+000  1.449393e+000 -6.807600e-001 -2.237538e-001  1.843409e+000  3.215648e-001 -7.412422e-001  9.321490e-001 -8.883796e-002
-5.367790e+000  1.785326e+000  1.207093e+001  1.243130e+001 -1.229134e+001 -1.812218e+001 -4.336501e+000 -4.334283e+000 -1.576232e+001 -9.448009e+000 -1.407302e+000 -6.574923e+000  4.260896e+001 -2.605708e+000  3.804157e+000  1.352455e+000 -8.013443e-001  6.957303e+000  3.421482e+000 -2.129308e+000 -2.610490e+000  4.189078e+000 -1.290828e-001 -1.319073e+000  2.638709e+000 -8.755188e+000 -3.775255e-001 -2.761173e+000 -2.680329e+000 -7.441145e-001 -5.165600e-001  9.450740e-001 -1.100743e-001  7.741206e-001  1.013973e+000  9.121220e-001  1.022868e-001  5.330930e-001  2.526824e+000
-1.327316e+001  9.554844e-001  1.459571e+001  8.600403e+000 -1.020154e+001 -1.967096e+001 -8.454664e+000 -3.233024e+000 -7.595776e+000 -5.831175e+000  1.671672e+000 -4.174256e+000  3.770284e+001 -2.859116e+000 -2.310697e+000 -2.215921e+000 -3.986703e-001  6.259223e+000  4.692651e+000 -1.354989e+000 -3.686183e-001  4.588185e+000  1.037468e+000 -7.260265e-001  3.168176e+000 -3.382535e+000  5.735648e-001 -3.138984e+000 -2.605536e+000 -1.788608e-001 -1.922915e+000  7.630537e-002  7.999045e-001  1.216337e+000 -2.022987e-001  6.057783e-001  2.029780e-001  2.115777e-001  4.172843e+000
-1.020806e+001  4.002660e+000  2.517991e+000  1.631329e+000 -2.681684e+000 -5.397134e+000 -9.606614e+000 -7.872263e+000 -2.611967e+000  3.410150e-001  3.439811e-001 -1.629513e+000  3.080856e+001 -1.624225e+000 -6.713524e+000 -4.832920e+000 -3.805441e-001  2.925267e+000  3.181116e+000  3.469462e-002  1.735710e+000  3.507193e+000  1.134332e+000  4.432341e-001  2.816758e+000  2.893403e+000  8.159994e-001 -1.695686e+000 -1.132864e+000  2.734938e-001 -2.391825e+000 -1.159050e+000  1.194199e+000  1.481464e+000 -5.995914e-001  2.498130e-002 -1.726728e-002 -4.404886e-001  4.205805e+000
-1.366026e+001 -1.987657e+001 -2.087167e+000  1.095591e+001  1.058327e+000 -4.819849e+000 -4.827368e+000  8.132355e-001 -2.113811e+000 -3.056351e+000  2.342143e+000  2.057832e+000  4.419415e+001  2.941553e-001 -6.207707e+000 -4.805111e+000  4.492941e-001 -6.521447e-001  1.551756e+000  2.266526e+000  2.315612e+000  1.705389e+000  4.049488e-001 -6.227562e-001  3.035095e+000  6.339532e+000  4.048336e-001  1.702654e+000  3.786821e-001 -3.056639e-001 -2.040569e+000 -1.459594e+000  8.233441e-001  6.324935e-001 -5.417160e-001 -3.237161e-001 -1.632125e-001 -9.445981e-001  1.940802e+000
-1.329536e+001 -2.136627e+001 -3.752230e+000  9.350825e+000 -3.294945e+000 -9.642159e+000 -5.976676e+000  2.321135e+000 -9.673389e-001 -5.163762e+000  4.736333e-001  4.392825e+000  5.383032e+001 -1.023469e-001 -2.725765e+000 -3.017271e+000  1.421424e-001 -1.546139e+000 -8.033210e-001  2.030932e+000  3.454717e+000  2.632519e+000  3.120834e-001 -1.457045e+000  5.028059e-001  7.412805e+000 -5.897727e-001  3.338056e+000  1.248989e+000 -5.378479e-001 -7.897729e-001 -7.726448e-001  4.855793e-001 -2.607172e-001 -4.156633e-001 -3.302692e-001  2.312567e-001 -1.022987e+000 -4.292028e-001
-1.025873e+001 -1.739859e+001 -6.294734e+000  6.987125e+000 -1.315563e+001 -9.789661e+000  1.062994e+000  3.248337e+000  1.088532e-001 -1.054043e+000 -1.506935e+000  7.990053e+000  5.788962e+001 -1.595887e+000  4.208695e+000 -1.230335e+000 -2.188333e+000 -1.707917e+000 -6.131013e-001  1.763613e+000  1.934345e+000  2.316942e+000 -1.699881e-001 -5.919497e-001 -3.978389e-001  4.061773e+000 -1.199645e+000  2.762480e+000  1.123552e+000 -6.213564e-001  1.617493e-001 -2.014606e-002 -4.743359e-002 -8.684595e-001 -5.471355e-001 -1.806888e-001  1.064858e+000 -8.597010e-001 -1.652726e+000
-1.242056e+001 -1.086516e+001 -1.046458e+001  4.326432e+000 -3.305400e+000 -6.928833e+000 -2.397136e+000  8.183772e+000  9.439296e+000  9.002779e-001 -5.016704e+000 -2.081594e+000  6.102485e+001 -3.628067e+000  4.768557e+000 -3.753638e-001 -1.750970e+000 -4.957122e-001  4.003204e-001  2.714048e+000  6.227570e-001  1.123100e+000 -2.295460e-001  1.584114e+000 -5.817121e-001  1.886269e+000 -7.573646e-001  9.479756e-001  3.773127e-001 -2.743055e-001  4.734693e-002  3.744602e-001 -4.699824e-001 -1.658882e+000 -1.191321e+000 -2.317060e-002  1.309227e+000 -2.325813e-001 -1.811231e+000
-2.207710e+001 -4.083648e+000 -4.882670e+000  2.526439e+000 -7.476028e+000 -9.242019e+000  2.200927e+000  7.553644e+000  4.267584e+000 -6.938312e+000  2.127563e+000  3.305847e+000  6.090575e+001 -3.941209e+000  3.857533e+000 -5.083039e-001 -1.710932e+000 -3.686117e-001  8.492054e-001  1.687800e+000 -6.107050e-001 -2.755794e-001 -2.276803e-001  3.180952e+000 -7.211506e-001  8.391708e-001  2.058368e-001 -7.400137e-001 -1.933579e-001  4.476358e-001  2.379141e-001  3.526266e-001 -1.089622e+000 -1.478215e+000 -8.365793e-001  3.992279e-001  1.465653e-001 -3.498437e-001 -1.139711e+000
-2.552652e+001 -4.180955e+000 -6.335082e+000  2.826319e+000 -8.613309e+000 -7.914379e+000  7.024597e+000  3.282266e+000  2.568794e+000 -3.369357e+000  6.576955e+000  3.826367e+000  6.175360e+001 -2.716509e+000  2.189694e+000 -1.491723e+000 -1.468086e+000 -1.979057e+000  3.378268e-001 -2.810738e-001 -3.567168e+000 -2.027825e+000  2.250765e-001  3.202637e+000 -4.984449e-001 -3.205185e-002  8.809953e-001 -7.457849e-001 -1.784329e-001  5.949501e-001  5.719024e-001  2.813105e-001 -1.336755e+000 -8.756139e-001 -3.001059e-001  2.938629e-001 -1.100649e+000 -2.675839e-001 -8.051589e-001
-2.341179e+001 -1.453022e+000 -1.090100e+001 -8.174766e-001 -1.234474e+001 -5.050862e+000  4.791126e+000  2.645565e+000  2.166207e+000 -5.762690e-002  8.600997e+000  1.430319e+000  6.172110e+001 -1.022483e+000  1.798059e+000 -1.638945e+000 -9.159617e-002  2.233267e-001  1.181279e+000 -2.186939e+000 -3.361768e+000 -2.904914e-001  1.598840e+000 -6.683843e-001 -2.188691e+000 -6.776222e-001  8.944840e-001 -4.391008e-001  2.084238e-001  5.577164e-001  9.593441e-001 -1.093605e-001 -5.546609e-001 -1.560990e-001 -3.541121e-002 -3.350880e-002 -1.664977e+000  6.350157e-002 -5.335319e-001
-2.533576e+001 -1.232003e+000 -1.491403e+001 -1.342038e+000 -1.076633e+001 -7.335278e+000 -5.097605e+000 -7.198031e+000  3.508593e-001 -1.414682e+000  7.759763e+000 -3.636055e+000  6.045692e+001 -6.824541e-001  2.069369e+000 -7.022077e-001  4.141127e-001  2.067831e+000  1.640836e+000 -2.032356e+000 -2.379781e+000 -3.699735e-001  3.265085e-001 -1.994463e+000 -1.185861e+000 -1.381129e+000  6.464440e-001 -3.856468e-001  5.912512e-001  2.008463e-001  8.610417e-001 -3.188890e-001  6.132368e-001  6.754332e-001  4.621033e-001 -1.889760e-001 -1.265574e+000  1.852729e-001 -7.890964e-002
-2.728489e+001  3.432168e+000 -8.787925e+000  4.152637e+000 -5.282884e+000 -3.625175e+000 -2.672665e+000 -4.015048e+000  3.924094e+000  7.855148e-002 -1.805762e+000 -3.906396e+000  5.816598e+001 -4.858162e-001  1.722192e+000  1.390578e-001  1.365508e-001  2.404665e+000 -3.491019e-001 -2.098639e-001 -1.984893e+000 -1.281561e+000 -4.459403e-001 -2.545382e+000 -5.993455e-002 -1.153950e+000  4.943475e-001 -6.920513e-001  6.972889e-001 -2.046821e-001  3.904097e-002 -4.929579e-001  1.080585e+000  5.245129e-001  1.255130e-001 -4.413435e-001 -3.011409e-001  3.600359e-001  3.493531e-001
-2.700224e+001  3.723295e+000 -1.090266e+001  2.411826e+000 -1.805083e+000 -4.230403e-001  5.947120e-001 -5.286334e+000 -1.600165e-001 -1.804904e+000  1.808022e+000  5.654178e-001  5.662551e+001  2.473778e-001  2.993931e-001  5.755318e-001 -5.779275e-001  1.235482e+000 -4.914281e-001  1.796573e+000 -8.784400e-001  7.782266e-001  3.025866e-001 -2.186736e+000 -6.364585e-001 -1.884361e-001  6.846801e-001 -7.588220e-001  9.009728e-001 -7.206842e-002 -3.583434e-001 -4.406863e-001  6.751655e-001  5.963063e-001  2.778500e-001 -1.973640e-001 -1.926441e-001  8.407481e-002  4.808557e-001
-2.500763e+001  4.680287e+000 -1.221140e+001 -2.011655e+000 -4.802038e+000 -1.025249e+001  8.956477e-001 -8.234751e+000 -3.986161e+000 -2.092217e+000 -1.150045e+000 -9.700896e-001  5.786705e+001  9.843389e-001 -7.772100e-001  1.208629e+000 -6.189868e-001  8.347058e-001 -2.173785e-001  1.301524e+000 -1.489874e+000 -2.370262e-001 -5.959163e-001 -2.077952e+000 -6.632130e-001  4.727970e-001  7.577366e-001 -5.432395e-001  9.870346e-001  3.594645e-001 -9.826338e-003  5.424032e-001 -1.250959e-001  1.046578e+000  3.487521e-001  5.426671e-003  1.595709e-001  1.498884e-001  1.066784e-001
-2.523750e+001 -3.590968e-001 -1.032463e+001 -1.149530e+000 -4.829345e+000 -6.478761e+000  2.101104e+000 -9.480379e+000  8.197120e+000  1.183635e+000 -3.501778e+000 -8.286500e+000  5.966420e+001  2.005869e+000 -4.750395e-001  3.267871e+000  4.315393e-001  1.061093e+000 -6.284572e-001  5.877777e-001  3.542403e-001  4.970090e-001 -5.853238e-001 -3.191398e+000 -4.638482e-001  2.097759e-001  5.115930e-001  6.474130e-002  7.787138e-001  7.856512e-001  4.679304e-001  1.129762e+000 -6.752043e-001  1.190705e+000 -1.947468e-001 -9.842275e-002  7.169997e-001  5.330263e-001 -4.966982e-001
-2.324557e+001  1.587314e+000 -3.033793e+000  2.838381e+000  4.027761e-001 -1.684208e+000  3.081760e+000 -9.367395e+000 -1.439605e+000 -4.395299e+000 -9.540623e+000 -2.796502e+000  5.901062e+001  2.423621e+000 -6.067896e-001  3.728061e+000  1.429140e+000  2.442728e+000  2.431429e+000 -2.309456e-001  2.631657e+000  6.028084e-001  2.514827e-002 -1.245197e+000  6.032021e-001 -8.196644e-001 -1.104600e-001  1.965282e-001 -1.329114e-001  5.518809e-001  1.765717e-001  1.092088e+000 -6.115943e-001  9.778259e-001 -1.921172e-002  1.000289e-001  1.432498e+000  4.411092e-001 -8.175749e-001
-1.785393e+001  2.894584e+000  8.478932e-001  2.144504e+000  8.979747e-001 -7.849468e+000  2.440545e+000 -2.948810e+000  1.051751e+000 -3.579982e+000 -9.953682e+000 -8.406168e-001  5.710261e+001  2.085701e+000  5.378894e-001  3.209385e+000  2.326265e+000  2.771123e+000  3.832976e+000 -8.132133e-001  3.014320e+000 -6.154249e-001 -5.000594e-001  9.818846e-001  1.395465e+000 -2.025697e+000 -8.052464e-001 -1.425167e-001 -1.109605e+000  4.682494e-002 -3.475140e-001  7.001038e-001 -2.778163e-001  6.776948e-002 -2.252647e-001  7.963246e-002  1.602950e+000 -7.143664e-002 -6.808228e-001
