27 39
-1.658736e+001  3.675157e+000 -1.636850e-001 -2.401680e+000 -3.659032e+000 -6.426077e+000 -3.659601e+000 -3.616776e+000  2.929086e+000  1.402113e+000  4.091503e-001  1.250099e+000  2.703283e+001 -3.913143e-001 -2.914346e-001  8.333607e-001 -3.493391e-001 -2.210538e-001  6.189568e-001  1.235868e+000 -1.287403e+000  5.166183e-001  7.664462e-001  2.894545e+000  1.907876e-001 -8.911190e-002  8.666101e-001 -1.015708e+000 -3.078979e-001 -2.710665e-002 -1.740335e+000  1.623700e-001  1.522822e+000  1.037721e+000 -8.756948e-001 -4.346534e-001 -7.842700e-001 -7.354530e-001  1.897475e+000
-1.664409e+001  2.611895e+000  3.436541e+000  2.829544e+000  1.790937e+000 -3.100869e+000 -3.870536e+000 -3.124764e+000 -8.457812e-003 -6.280109e+000  6.182575e+000 -2.925704e+000  2.721005e+001  1.940702e+000 -1.713646e+000  2.907078e-001  4.537008e-001 -3.610063e+000 -2.066619e-002  2.842269e+000  2.625549e-002 -1.182748e+000 -3.420096e-001 -2.046089e-001 -1.616325e+000  3.092658e+000  9.946371e-001 -1.005839e+000 -6.996815e-001 -2.922767e-001 -2.523791e+000 -3.370906e-001  7.734452e-001  9.191483e-001 -9.466355e-001 -1.106135e-001 -1.503354e+000 -5.339785e-001  2.669767e+000
-1.779887e+001  2.324235e+000  4.973736e-001 -7.537587e-001 -9.220439e-001 -4.332451e-001  1.234471e-001 -7.230289e+000  2.925535e+000  3.038172e+000  7.453055e+000 -9.025548e-001  2.718401e+001  2.780175e+000 -2.939021e+000 -3.380110e-001 -3.204895e-001 -6.294061e+000  2.957525e-002  3.882014e+000  1.858148e+000 -1.883618e+000 -9.919973e-001 -3.130112e+000 -2.480662e+000  7.384034e+000  6.978282e-001 -7.500286e-001 -6.541792e-001 -2.990344e-001 -1.841852e+000 -3.862213e-001 -1.846136e-001  8.225157e-001 -5.955396e-001 -3.329492e-002 -1.373872e+000 -1.753128e-001  2.399385e+000
-6.370528e+000 -4.387137e+000  1.175407e+000  3.786054e-001 -1.924031e+001 -4.638538e+000  7.818490e+000  1.067774e+000 -3.764183e+000 -3.606502e+000 -7.247709e+000 -6.417444e+000  4.279448e+001  3.141354e+000 -3.400461e+000 -1.796946e+000 -1.138613e+000 -8.655081e+000 -7.384278e-001  2.005560e+000  1.556586e+000 -2.090323e+000  6.356359e-001 -3.474137e+000 -1.085179e+000  9.384039e+000 -3.599201e-001  9.617267e-002 -3.450901e-001 -6.244168e-001  2.755118e-001 -1.261965e-001 -1.047060e+000  1.154048e-001  6.242792e-002  5.855696e-001  1.553407e-001  5.847186e-001  5.822813e-001
-7.823268e+000 -7.520430e+000 -7.231731e-001 -2.778658e+000 -2.461371e+001 -5.509367e+000  9.905953e+000  3.577695e+000 -4.611144e+000 -4.894677e+000 -8.526266e+000 -9.407338e+000  5.616079e+001  2.497501e+000 -3.198170e+000 -1.393709e+000 -1.048354e+000 -6.907805e+000 -9.532689e-001  7.311552e-001  2.060011e+000 -2.007292e+000  1.111488e-001 -2.340051e+000 -9.513497e-001  8.762124e+000 -7.999690e-001  7.858300e-001  2.725131e-001 -6.205156e-001  1.924085e+000 -6.684464e-002 -1.197817e+000 -3.770820e-001  2.744771e-001  8.035124e-001  9.052275e-001  7.738895e-001 -1.253553e+000
-5.925123e+000 -9.468077e+000 -4.937914e+000 -1.851074e+000 -2.963863e+001 -4.254947e+000  1.266010e+000 -7.458255e-001 -6.691734e+000  8.644949e-001 -3.198447e+000 -4.099206e+000  5.964186e+001  2.824384e-001 -1.103208e+000 -9.068939e-001 -2.304451e+000 -1.925632e+000 -1.602264e-001 -8.176026e-001  5.023482e-001 -8.087714e-001  2.034265e+000  1.770641e-001  5.426122e-001  5.315019e+000 -9.786851e-001  8.835409e-001  8.899147e-001 -6.188637e-001  2.612800e+000 -1.342256e-001 -5.851266e-001 -4.549877e-001  2.924768e-001  3.194565e-001  5.873078e-001  2.599031e-001 -1.820652e+000
-5.534071e+000 -1.112615e+001 -3.414509e+000 -4.880688e+000 -3.026191e+001 -5.391385e+000  7.055463e+000  3.976564e+000 -5.647149e+000  1.358417e+000 -6.271829e+000 -6.818422e+000  6.257095e+001  2.097882e-001 -1.584969e-001  5.795285e-001 -2.840148e+000 -3.836174e-002 -5.937486e-001 -6.954905e-001  4.998568e-001 -1.152009e+000  2.326250e+000 -4.295745e-001  5.748906e-001  3.150778e+000 -8.579786e-001  5.830475e-001  8.088983e-001 -3.851309e-001  1.694660e+000 -3.194532e-001 -4.885923e-001 -6.343830e-001  1.573578e-001  1.818670e-001  2.766660e-002 -1.042872e-001 -1.392684e+000
-6.102935e+000 -8.100321e+000 -2.013394e+000 -1.009264e+001 -2.604437e+001 -5.498661e+000  5.155722e+000  3.380080e+000 -7.290037e+000  3.438276e+000 -7.489607e+000 -4.998841e+000  6.616450e+001 -6.082153e-001 -5.025932e-001  1.666009e+000 -3.337034e+000  9.741997e-001 -1.589316e+000 -2.067502e-001  6.172476e-002 -1.055580e+000  1.125368e+000 -1.492836e+000 -5.487832e-001  3.086452e+000 -5.242042e-001  6.420662e-002  5.354207e-001  3.031041e-001  3.461091e-001 -3.215877e-001 -3.746600e-001 -4.129884e-001 -8.555305e-003 -2.834699e-001 -3.146431e-001 -4.479308e-001 -6.530486e-001
-6.685421e+000 -8.996792e+000  7.122094e-001 -1.285862e+001 -2.660265e+001 -7.856253e+000  4.483645e+000  4.014026e+000 -1.007204e+001  5.449683e+000 -8.528559e+000 -6.083067e+000  6.865336e+001 -1.347065e+000 -5.832402e-001  1.364331e+000 -2.457717e+000  1.155802e-001 -1.835990e+000 -2.017233e+000 -8.915927e-001 -1.097098e+000  1.474932e+000 -1.366768e+000 -9.270880e-001  2.912989e+000 -3.669040e-001  5.391683e-002  1.512712e-001  7.923020e-001 -1.169460e-001  1.511951e-001 -3.667438e-001 -4.508286e-001  1.621972e-001 -3.588481e-001  6.702881e-002 -9.587558e-002 -4.693590e-001
-8.390524e+000 -1.304572e+001  1.328771e+000 -1.454728e+001 -2.659726e+001 -1.096909e+001  1.518168e+000 -4.559326e-001 -9.757192e+000  4.445700e+000 -9.534260e+000 -7.210800e+000  7.203291e+001 -1.560156e+000 -5.698036e-001  1.377808e+000 -9.801464e-001 -2.720579e-001 -1.147044e+000 -2.030032e+000 -8.668689e-001 -8.790034e-001  1.042575e+000 -9.275550e-001 -9.460525e-001  2.168671e+000  1.087790e-001  2.732625e-001  3.432546e-002  9.470496e-001 -1.902151e-001  5.366811e-001 -8.256895e-002 -4.532972e-001  2.951949e-001 -3.360811e-001  5.077756e-001  4.765328e-001 -7.486572e-001
-1.112560e+001 -1.156965e+001  1.736065e+000 -1.494195e+001 -2.940756e+001 -1.183612e+001 -1.211923e+000  1.436607e+000 -9.899061e+000  8.229367e+000 -1.208334e+001 -1.034788e+001  7.420168e+001 -1.148762e+000  1.446925e-001  1.479985e+000 -5.708237e-002  3.719330e-005 -5.890923e-002 -1.617569e+000 -1.289989e+000 -4.293114e-001  5.734063e-001 -3.770708e-001  2.941473e-001  1.262874e+000  6.098622e-001  1.305713e-001  2.562155e-001  6.064306e-001 -1.681477e-002  4.653684e-001  3.977829e-001 -5.550288e-001  4.905311e-001 -5.786361e-001  7.242802e-001  8.075510e-001 -8.743360e-001
-1.168362e+001 -9.662911e+000  4.363718e+000 -1.395170e+001 -2.600221e+001 -9.243947e+000 -2.146652e+000  3.344452e-001 -1.177154e+001  7.261306e+000 -1.034999e+001 -7.596696e+000  7.423369e+001 -1.634724e-001  4.997528e-001  1.779809e+000  1.978963e-001  8.089542e-002  2.055490e-001 -8.194269e-001 -2.005563e+000  8.650084e-002 -1.042750e-001  5.511940e-001  1.223263e+000  1.682243e-001  7.822161e-001 -1.527195e-001  1.740359e-001  9.055118e-002 -4.080410e-001 -6.820445e-002  3.088774e-002 -7.394603e-001  4.147660e-001 -4.966023e-001  5.068322e-001  5.255372e-001 -7.912889e-001
-1.078268e+001 -9.964733e+000  6.594660e+000 -1.344182e+001 -2.689999e+001 -9.013371e+000 -1.771789e+000 -2.831110e+000 -1.121142e+001  6.908912e+000 -1.000605e+001 -4.419383e+000  7.386734e+001  1.003904e+000 -4.651617e-001  2.444408e+000 -1.458483e-002 -1.449703e-001 -1.854446e-001 -6.336207e-001 -3.097389e+000  8.728054e-001 -8.448235e-001  1.515258e+000  2.026009e+000 -4.584679e-001  4.919696e-001 -1.993310e-001 -9.753808e-002 -1.785597e-001 -5.702796e-001 -2.838504e-001 -3.858732e-001 -5.289660e-001  1.044361e-001 -3.501615e-001 -1.984328e-003 -1.941063e-001 -5.973994e-001
-9.379348e+000 -1.134941e+001  7.798521e+000 -1.430786e+001 -2.744657e+001 -1.135272e+001 -2.299034e+000 -8.349890e+000 -8.668509e+000  4.584553e+000 -7.816937e+000 -4.058735e+000  7.304121e+001  1.274592e+000 -1.028474e+000  1.765776e+000 -5.486393e-001 -2.239759e+000 -1.424798e+000 -2.367567e+000 -3.660470e+000  5.437683e-001 -7.313222e-001  6.604415e-001  8.157026e-001 -9.271027e-001 -3.471863e-002  1.214278e-001 -3.999689e-001 -2.002355e-002 -2.684990e-001  1.119485e-001 -5.274980e-001  1.045240e-001 -3.170740e-001 -4.091384e-002 -6.241835e-001 -5.640087e-001 -3.395209e-001
-7.258222e+000 -1.305221e+001  1.224071e+001 -1.483679e+001 -2.941023e+001 -1.170896e+001 -4.303836e+000 -9.708173e+000 -7.086551e+000  5.343626e+000 -5.773576e+000 -1.986817e+000  7.250558e+001  5.920546e-001 -8.784895e-002  9.993112e-001 -5.766132e-001 -1.691034e+000 -6.629874e-001 -2.772865e+000 -3.107366e+000 -1.357645e-001 -8.638774e-001 -4.416162e-001 -4.726039e-001 -1.176460e+000 -4.447717e-001  5.198647e-001 -6.566790e-001  3.251447e-001  3.480562e-001  5.838032e-001 -2.001121e-001  6.353551e-001 -6.102884e-001  1.015656e-001 -9.604157e-001 -6.062406e-001 -1.972806e-001
-7.072892e+000 -1.326155e+001  1.036958e+001 -1.599741e+001 -3.594588e+001 -1.502015e+001 -1.271846e+001 -1.452937e+001 -1.111514e+001  4.387338e+000 -9.164019e+000 -4.734466e+000  7.027905e+001 -1.311409e-001  9.182356e-001  5.025134e-001  3.787928e-001 -4.885681e-001  1.004063e+000 -2.387295e+000 -1.477955e+000 -9.945842e-001 -2.993173e-001 -1.591286e+000 -3.474739e-001 -1.170384e+000 -4.703523e-001  4.861073e-001 -4.509575e-001  7.847845e-001  8.506774e-001  8.926790e-001  6.558260e-001  8.321589e-001 -2.135861e-001  8.573941e-002 -4.517533e-001 -2.227352e-001 -1.114967e-002
-8.975635e+000 -9.447911e+000  1.030569e+001 -1.548011e+001 -3.110550e+001 -1.049460e+001 -1.042640e+001 -1.527820e+001 -1.066693e+001  2.688132e+000 -1.154059e+001 -6.444537e+000  6.936612e+001 -5.170885e-001  1.160807e+000 -2.073554e-001  1.147423e+000  7.197153e-001  1.519141e+000 -1.624317e+000 -1.011872e+000 -1.409461e+000 -5.529981e-001 -2.160956e+000 -4.236054e-001 -1.323230e+000 -1.954417e-001  1.571961e-001 -2.657895e-001  9.485826e-001  3.657052e-002  3.778913e-001  8.631017e-001  4.763170e-001  3.610565e-001  2.744589e-002  2.903436e-001 -1.291659e-001  1.019743e-001
-9.176346e+000 -8.560381e+000  1.127860e+001 -1.209224e+001 -2.904177e+001 -6.939588e+000 -1.117423e+001 -1.295465e+001 -1.185124e+001  4.415714e+000 -1.288986e+001 -3.567245e+000  6.875902e+001 -5.225981e-001  7.777346e-001  1.143219e-001  2.513265e+000  8.082536e-001  1.947532e+000  3.372892e-001 -5.474227e-001  1.126858e-001 -4.580648e-001 -7.386549e-001 -3.224728e-001 -9.094658e-001  1.223590e-001  1.560586e-001 -8.927614e-002  9.182262e-001 -7.582561e-001 -2.596402e-001  7.807494e-001 -1.297096e-001  8.573821e-001 -1.534757e-001  1.256478e+000 -2.141437e-001  3.122513e-002
-8.791937e+000 -9.598752e+000  1.074942e+001 -1.105227e+001 -2.926371e+001 -8.153532e+000 -1.319754e+001 -1.555489e+001 -1.376580e+001  2.564448e+000 -1.471543e+001 -4.688455e+000  6.664945e+001 -1.894251e-001  7.683823e-001 -1.355405e-001  3.099063e+000 -2.156592e+000  7.547343e-001  1.803515e-001 -1.191047e+000  1.115883e+000 -6.472742e-001  5.837861e-001 -1.130934e+000 -7.970474e-001  3.489519e-001  4.228425e-001  4.221160e-002  8.043123e-001 -8.588065e-001 -5.881921e-001  6.883197e-001 -1.842399e-001  9.356853e-001 -2.325203e-001  1.519809e+000 -1.707802e-002 -2.772424e-001
-9.777731e+000 -9.297452e+000  1.071932e+001 -5.645010e+000 -3.282551e+001 -6.453018e+000 -9.646447e+000 -1.712814e+001 -9.002270e+000  2.158856e+000 -1.126987e+001 -7.224871e+000  6.709006e+001  3.168224e-001  1.894741e+000  2.022524e-002  3.994103e+000 -2.841695e+000  8.806505e-002  6.141180e-001 -2.036915e+000  2.029655e+000 -1.019558e+000  3.318734e+000 -1.064528e+000 -1.277350e+000  2.477671e-001  7.322450e-001  2.560607e-002  1.789427e-001  2.866175e-001 -9.511160e-001  4.059900e-001  3.946207e-001  1.710498e-001 -4.036903e-001  9.044507e-001  3.059861e-001 -8.461534e-001
-9.622067e+000 -5.237464e+000  9.907624e+000 -3.208411e+000 -3.999659e+001 -6.964209e+000 -1.028853e+001 -1.914669e+001 -6.512000e+000  5.801899e-001 -9.431653e+000 -1.027039e+001  6.621536e+001  8.079609e-001  2.716516e+000  5.075092e-002  4.428565e+000 -1.749343e+000 -4.920863e-001  1.678867e+000 -1.188325e+000  2.310481e+000 -1.434853e+000  3.409394e+000 -1.379678e-001 -2.525500e+000 -3.565171e-001  5.633241e-001 -1.469453e-002 -6.971040e-001  2.300154e+000 -7.129084e-001  2.292053e-001  1.266636e+000 -5.154043e-001 -1.544958e-001  3.305484e-001  1.014557e+000 -1.480237e+000
-7.177169e+000 -1.267319e+000  1.180062e+001  3.956350e+000 -3.788381e+001 -7.093924e+000 -9.558144e+000 -2.134333e+001 -5.329868e+000  3.100539e-001  1.061919e+000 -6.098916e+000  6.258931e+001  2.175445e-001  3.464892e+000  1.492065e-001  2.743228e+000  2.037716e+000 -2.184637e+000  1.617982e+000  1.424320e+000  3.706357e-001 -2.082727e+000  2.370794e+000  7.109748e-001 -4.276006e+000 -1.301467e+000 -6.168055e-003 -3.733177e-001 -1.530085e+000  3.351825e+000 -4.138375e-002 -2.511094e-001  1.677369e+000 -7.610306e-001  6.176671e-002 -2.635149e-001  9.737531e-001 -1.354098e+000
-6.052413e+000 -3.123899e-002  1.046252e+001  6.289881e+000 -3.548128e+001 -1.029351e+001 -4.847355e+000 -1.938892e+001 -4.049596e+000 -3.685415e+000 -3.834357e+000 -5.941271e+000  5.627232e+001 -1.922372e+000  2.799927e+000 -2.735038e-001  2.389813e-001  6.904474e+000 -1.673456e+000  8.244464e-001  3.411514e+000 -6.316291e-001 -8.881686e-001  2.710498e+000  3.054100e+000 -6.698906e+000 -1.928402e+000 -3.796972e-001 -6.210660e-001 -1.661022e+000  2.901536e+000  9.468046e-001 -6.926243e-001  1.160097e+000 -4.563980e-001  2.400393e-001 -1.390076e-002  2.740147e-001 -2.521353e-001
-1.047484e+001  5.423897e+000  1.118790e+001  3.321985e+000 -2.489459e+001 -1.571155e+001 -4.277127e+000 -9.885423e+000 -8.380293e+000 -6.121976e+000 -2.214546e+000 -5.834558e+000  5.068155e+001 -4.825345e+000  1.822195e+000 -1.684236e+000 -1.561529e+000  9.590523e+000  4.718313e-001 -2.142184e-001  4.050011e+000 -3.044431e-001 -9.840664e-001  2.350608e+000  2.208204e+000 -5.961135e+000 -1.477366e+000 -6.150324e-001 -7.100976e-001 -7.669837e-001  1.118168e+000  1.698380e+000 -3.772209e-001 -2.202616e-001  3.732069e-001  1.940356e-001 -2.055337e-001 -7.503918e-001  1.362693e+000
-1.758509e+001  5.416563e+000  8.846463e+000 -1.696322e+000 -1.196883e+001 -1.102268e+001 -8.806806e+000 -7.818072e+000 -8.144933e+000 -6.446381e-001  5.759071e+000  4.867925e+000  3.867472e+001 -6.312606e+000  1.639379e+000 -2.137858e+000 -1.724166e+000  8.981936e+000  2.913703e+000 -8.681544e-001  3.299314e+000  3.660309e-001 -7.839866e-001  3.349984e+000  4.834911e-001 -2.943612e+000 -1.357183e-001 -4.234845e-001 -3.578133e-001  2.576056e-001 -1.198909e+000  1.106589e+000  4.121590e-001 -8.794723e-001  7.365483e-001 -3.965229e-001 -1.063639e+000 -1.548645e+000  2.671203e+000
-2.553756e+001  5.119757e+000  4.187470e+000  1.418073e-001 -1.687419e+000 -4.370185e+000 -8.649510e+000 -6.878701e+000 -4.804415e+000 -6.130666e+000  8.018245e+000 -4.624959e-001  4.158244e+001 -4.974168e+000  9.700048e-001 -2.469105e+000 -1.101170e-001  6.589826e+000  4.013685e+000  5.781773e-001  3.791121e-001  1.737840e+000 -1.164640e+000  1.023383e+000 -1.755680e+000  6.598110e-001  1.215720e+000 -4.634612e-001  3.993503e-002  6.838633e-001 -2.548704e+000 -1.107407e-001  8.368189e-001 -9.178551e-001  3.901450e-001 -1.866509e-001 -1.266622e+000 -9.198420e-001  2.302675e+000
-3.008409e+001  8.317724e+000  3.273451e+000 -7.408591e-001 -2.175186e+000 -1.395681e+000 -7.001935e+000 -4.395710e+000 -4.007380e+000 -7.601003e+000  7.799166e+000 -6.209846e+000  4.610381e+001 -2.526552e+000  1.108600e+000 -1.670136e+000  8.013033e-001  2.410277e+000  2.088562e+000  2.489043e+000  8.496020e-001  2.029971e+000 -2.780496e+000 -1.944085e+000 -2.707184e+000  3.346637e+000  1.672177e+000 -6.902856e-001 -8.222592e-002  4.496744e-001 -2.431065e+000 -1.144077e+000  6.127142e-001 -3.217532e-001  1.760989e-001  4.309411e-001 -1.180118e+000  1.257648e-001  9.982970e-001
