38 39
 8.984349e+000  1.273126e+001 -3.595805e+000 -9.198270e+000 -8.997990e+000 -1.508504e+001 -1.230768e+001  1.086329e+001  1.827744e+000 -1.456411e+001  4.110676e+000 -9.258358e+000  5.083784e+001  3.495188e-002  8.904160e-001  1.933480e+000  1.612553e+000 -7.471836e-001  8.506192e-001 -6.887076e-001 -7.234074e-001 -2.874795e+000  3.473991e+000  2.976819e-001  2.081661e+000 -2.214229e+000  2.516353e-002 -7.197230e-001 -6.374264e-001 -4.728619e-001  1.383439e+000  5.921414e-001 -1.576840e-001 -6.368911e-001 -2.001530e-002  1.451045e-001  3.506368e-001  7.999699e-002  2.028069e-001
 8.242259e+000  1.230631e+001 -3.113752e+000 -8.590468e+000 -6.653087e+000 -1.268600e+001 -9.790157e+000  8.350536e+000 -5.685247e+000 -8.444262e+000  3.651324e+000 -9.736332e+000  4.943464e+001  9.835301e-002  1.593719e-001  1.022707e+000  1.001918e+000  8.504735e-001  1.462730e+000 -4.413300e-001 -1.161341e+000 -1.884196e+000  1.983873e+000  3.119809e-001  2.606054e+000 -1.918057e+000  6.542616e-003 -5.217658e-001 -4.444340e-001 -3.965985e-001  6.576576e-001  1.509082e-001 -2.049746e-001 -3.332501e-001  9.103395e-001 -6.545801e-001  4.196796e-001 -3.015054e-001  3.852838e-001
 7.931115e+000  1.332170e+001 -1.755638e+000 -7.551678e+000 -5.390270e+000 -1.123607e+001 -1.314841e+001  8.657490e+000 -5.412177e+000 -6.543242e+000  4.117574e+000 -8.315598e+000  4.738974e+001  2.238073e-001 -3.858687e-001  6.607603e-001  8.595411e-001  5.384982e-001  1.817792e+000 -4.407303e-001 -1.172855e+000 -1.192341e+000  1.868537e+000  7.872512e-001  1.172406e+000 -1.496906e+000 -5.935141e-002 -2.611584e-001 -1.836135e-001 -4.021396e-001 -2.486853e-001 -2.829945e-001 -1.067637e-001  4.015999e-002  1.158781e+000 -1.126171e+000  4.133532e-001 -5.889186e-001  6.098564e-001
 9.140815e+000  1.194495e+001 -1.888772e+000 -6.796249e+000 -5.818205e+000 -8.209880e+000 -1.313502e+001  6.310236e+000 -3.045566e+000 -9.024028e+000  5.115236e+000 -3.501853e+000  4.584848e+001  7.596894e-002 -2.883667e-001  1.062917e+000  5.525083e-001 -2.334487e-001  5.951050e-001 -1.156603e+000 -1.506212e+000  1.173221e+000  4.361456e-001  1.640750e+000  9.424540e-001 -8.250256e-001 -1.584182e-001 -6.733215e-002  2.896237e-002 -5.178653e-001 -9.816176e-001 -4.365692e-001 -6.841771e-002  5.453308e-001  7.810318e-001 -1.343778e+000  4.632676e-001 -8.300931e-001  8.518539e-001
 9.654108e+000  1.098259e+001 -9.044934e-001 -5.797674e+000 -6.722940e+000 -8.234138e+000 -1.283891e+001  6.019160e+000 -5.453802e+000 -4.931547e+000  7.314976e+000 -6.513568e+000  4.514638e+001 -2.506132e-001 -1.915068e-001  9.953076e-001 -1.734403e-001 -1.448649e+000 -1.305409e-001 -8.648897e-001 -3.501723e-001  1.390403e+000 -1.382998e+000  1.700063e+000 -3.113217e-002  2.885368e-001 -9.649987e-002 -2.190423e-001  1.767050e-002 -7.918853e-001 -1.070112e+000 -2.270565e-001  2.274674e-001  9.253920e-001  4.172435e-001 -1.492286e+000  2.281377e-001 -6.024185e-001  9.792397e-001
 7.760607e+000  1.203403e+001  1.775259e+000 -6.704929e+000 -7.153996e+000 -1.121144e+001 -1.572792e+001  2.138643e+000  2.016693e-001 -7.069381e+000  1.025637e+001 -5.925077e+000  4.643119e+001 -4.565279e-001 -2.744699e-001  1.000245e+000 -1.070918e+000 -3.064041e+000  2.540510e-001 -5.713388e-001  1.153971e+000  7.295917e-001 -3.109249e+000  2.171913e+000 -9.426420e-001  1.448491e+000  1.263698e-001 -6.605279e-001 -2.676572e-001 -7.908724e-001 -9.120378e-001  3.630550e-001  6.431074e-001  1.085742e+000 -1.408533e-001 -7.073772e-001 -1.498691e-001 -4.886367e-001  8.670272e-001
 7.368153e+000  1.231963e+001  1.388885e+000 -8.464540e+000 -1.196562e+001 -1.038800e+001 -1.617640e+001  8.992425e+000 -8.377948e-002 -1.443556e+001  1.004732e+001 -7.259647e+000  4.854107e+001  7.556391e-003 -1.488029e+000  7.804486e-001 -2.288172e+000 -3.396763e+000  8.530368e-001  4.039745e-001  2.124013e+000  1.115691e+000 -3.820198e+000  1.662358e+000 -8.971386e-001  2.262534e+000  2.535679e-001 -8.817643e-001 -5.722678e-001 -5.221964e-001 -3.157856e-001  6.332181e-001  8.363412e-001  3.623826e-001 -1.036051e-001  4.986970e-001 -4.253152e-001 -4.752304e-002  5.340541e-001
 8.001153e+000  9.904085e+000  1.965765e+000 -1.081741e+001 -1.851707e+001 -5.862695e+000 -1.432296e+001  1.059346e+001 -2.082618e+000 -1.981827e+001  1.460863e+001 -7.842023e+000  5.139359e+001  5.787331e-001 -2.942745e+000 -1.679398e-001 -2.344487e+000 -3.819581e+000  1.918591e+000  1.424502e+000  2.685404e+000  6.063100e-001 -1.882140e+000  9.102565e-001 -1.067726e+000  2.523112e+000  1.732483e-001 -8.211876e-001 -7.208518e-001 -2.965955e-001  6.314740e-001  6.371815e-001  9.703240e-001 -4.181923e-001  9.360258e-002  1.292417e+000 -8.954905e-001  2.309773e-001  1.292593e-001
 9.571617e+000  4.607421e+000  2.902496e+000 -1.518230e+001 -1.802522e+001 -6.643326e+000 -1.152152e+001  1.241182e+001  1.266798e+000 -1.765809e+001  1.345064e+001 -1.004079e+001  5.397785e+001  4.995957e-001 -3.266191e+000 -1.281939e+000 -2.147637e+000 -2.649807e+000  2.203279e+000  2.318896e+000  6.960241e-001  9.340184e-001  4.969322e-001  2.043154e-001 -2.062053e-001  2.421497e+000 -4.737974e-002 -3.991861e-001 -5.557599e-001 -1.514690e-001  1.335016e+000  7.146781e-001  7.651421e-001 -9.593512e-001 -9.855775e-002  1.180151e+000 -9.406592e-001  3.216600e-001 -2.315020e-001
 9.552541e+000  1.176406e+000  1.787544e-001 -1.506849e+001 -2.322210e+001 -3.490818e+000 -1.093286e+001  1.385597e+001  2.557930e+000 -1.486881e+001  1.310600e+001 -9.873137e+000  5.632836e+001  1.636939e-001 -3.491327e+000 -1.572820e+000 -2.624163e+000 -2.801487e-001  2.764837e+000  3.322821e+000 -2.229960e-001  1.288441e+000  1.194271e+000 -1.576519e+000 -1.332223e-001  2.015306e+000 -1.726802e-001 -3.056600e-002  5.608803e-003 -2.668851e-001  1.890864e+000  6.487613e-001  2.791638e-001 -1.081222e+000 -2.259286e-001  3.371037e-001 -8.470775e-001  4.541761e-001 -4.391919e-001
 9.090438e+000  3.525210e-001 -4.127304e+000 -1.707719e+001 -2.286214e+001 -5.575404e-001 -6.276973e+000  1.084129e+001  2.266038e+000 -1.442562e+001  1.182022e+001 -7.275117e+000  5.818118e+001 -2.182274e-002 -3.209669e+000 -1.295911e+000 -2.905680e+000  1.508602e+000  4.003304e+000  3.280526e+000 -1.218542e+000  2.818370e-001  5.423490e-001 -1.797550e+000  2.439097e-001  1.358927e+000 -1.625568e-001  9.194835e-002  5.394274e-001 -1.780352e-001  1.737888e+000  4.606481e-001 -5.405625e-001 -6.125437e-001 -4.763820e-001 -1.984792e-001 -5.439561e-001  4.905084e-001 -4.677466e-001
 9.060212e+000 -5.425099e+000 -2.383435e+000 -2.299078e+001 -1.749935e+001  4.918597e+000 -3.311296e-001  1.026374e+001  3.859967e+000 -1.546315e+001  7.541243e+000 -9.890970e+000  5.936846e+001 -2.395887e-002 -3.123836e+000 -1.329098e-001 -3.299892e+000  3.555534e+000  4.262385e+000  2.339506e+000 -1.763421e+000 -1.972424e-001 -2.193302e-001 -2.324198e+000  9.780967e-001  8.584374e-001 -1.478839e-001  3.028294e-001  5.376118e-001  3.617752e-001  9.775431e-001 -4.032443e-002 -1.226908e+000 -3.853990e-001 -6.985769e-001 -2.063886e-002  2.293553e-002  7.813430e-001 -3.321425e-001
 9.708668e+000 -8.140171e+000 -2.295963e+000 -2.574955e+001 -1.334358e+001  9.168489e+000 -4.197533e-001  8.115219e+000  2.024965e+000 -1.464918e+001  7.245264e+000 -8.812323e+000  5.925243e+001 -2.193618e-001 -2.990194e+000  6.952431e-001 -2.699949e+000  4.121793e+000  3.757746e+000  1.077409e-001 -1.596482e+000 -7.050497e-001  2.113369e-001 -2.141625e+000  1.690677e+000  6.611980e-001 -1.974532e-001  4.235202e-001  2.179227e-001  8.737652e-001  3.294227e-001 -7.237805e-001 -1.339306e+000 -1.710281e-001 -5.489187e-001  5.721436e-001  1.795377e-001  6.498240e-001 -1.110586e-001
 9.123631e+000 -1.019643e+001 -1.401465e+000 -2.723176e+001 -1.020371e+001  1.295809e+001 -2.163941e+000  6.401900e+000  1.692255e+000 -1.585369e+001  3.772480e+000 -4.214051e+000  6.008492e+001 -4.769561e-001 -2.086917e+000  1.196620e-001 -9.181526e-001  3.300972e+000  2.685994e+000 -1.225327e+000 -1.961021e+000 -1.711000e+000  1.256582e+000 -1.289804e+000  3.050109e+000  7.034577e-001 -2.237628e-001  5.172690e-001 -1.726114e-001  1.146108e+000 -1.527825e-001 -1.100228e+000 -9.958295e-001 -9.041695e-002 -3.175992e-001  1.022733e+000  3.691572e-001 -1.628387e-003  2.691777e-002
 7.961919e+000 -1.221278e+001 -1.142074e+000 -2.845644e+001 -5.900997e+000  1.421144e+001 -4.821863e+000  4.789803e+000 -1.753543e-001 -1.317367e+001  2.996469e+000 -1.660191e+000  6.112894e+001 -7.825902e-001 -1.610527e+000 -3.325834e-001  2.722767e-001  3.282997e+000  1.172598e+000 -1.633589e+000 -1.974882e+000 -1.705878e+000  2.665111e+000 -1.417059e+000  2.457024e+000  8.811241e-001 -1.941248e-001  4.768097e-001 -2.375509e-001  1.023481e+000 -2.779017e-001 -1.166570e+000 -3.833781e-001 -8.770213e-002  1.210720e-001  9.361590e-001  3.130649e-001 -7.908387e-001  8.102597e-002
 7.548806e+000 -1.382338e+001 -2.362069e+000 -2.622810e+001 -4.715786e+000  1.582709e+001 -4.256710e+000  2.121345e+000 -3.594872e+000 -9.917994e+000  3.216623e+000  1.783509e+000  6.194749e+001 -8.611584e-001 -1.227325e+000 -4.820533e-001  9.445366e-001  3.211019e+000  5.381851e-002 -1.768977e+000 -2.026305e+000 -1.284824e+000  3.667449e+000 -8.406954e-001  5.867813e-001  8.830631e-001 -9.664909e-002  2.292696e-001  2.634547e-002  6.784745e-001 -2.249258e-001 -1.086235e+000  9.310939e-002 -3.689452e-002  6.831629e-001  5.468433e-001  9.666230e-002 -1.408743e+000  4.355659e-002
 6.583130e+000 -1.437933e+001 -3.478578e+000 -2.489000e+001  3.274401e-001  1.359698e+001 -7.541312e+000  3.810845e-001 -3.860859e+000 -4.291472e+000  4.378957e-001  4.740162e-001  6.272676e+001 -9.978845e-001 -1.035942e+000 -1.916535e-001  1.486110e+000  2.777261e+000 -7.590149e-001 -1.537325e+000 -2.002351e+000 -3.127774e-001  3.686699e+000 -8.008552e-001 -1.031853e+000  9.765251e-001 -3.846275e-002 -3.021866e-002  4.231290e-001  4.263573e-001 -4.869739e-001 -7.662135e-001  2.502688e-001  1.785332e-001  9.527136e-001 -1.044255e-001  1.251359e-001 -1.328976e+000  1.352172e-002
 5.507234e+000 -1.524978e+001 -2.643479e+000 -2.429230e+001  2.737167e+000  1.353442e+001 -9.649101e+000 -1.525266e+000 -2.889115e+000 -1.957542e+000  8.482896e-001 -2.347248e+000  6.370132e+001 -8.525544e-001 -1.227862e+000  1.809244e-001  1.867303e+000  2.429211e+000 -1.779374e+000 -8.079119e-001 -2.131760e+000  1.008264e+000  3.480005e+000 -1.114594e+000 -2.249165e+000  8.735401e-001  2.163064e-002 -1.753970e-001  6.299061e-001  3.020823e-001 -6.548393e-001 -7.066079e-001  3.663741e-001  4.758251e-001  1.081221e+000 -6.713914e-001 -6.729196e-002 -8.134001e-001 -5.148865e-002
 3.993283e+000 -1.667929e+001 -1.959636e+000 -2.199379e+001  4.258829e+000  1.156270e+001 -9.812291e+000 -3.398646e+000 -2.092120e+000  1.279596e+000  1.763603e-001 -4.754077e+000  6.513465e+001 -9.792059e-001 -1.761352e+000  1.451572e+000  1.942680e+000  1.239032e+000 -1.741874e+000 -8.627772e-001 -1.029489e+000  1.911146e+000  2.236705e+000 -6.544304e-001 -2.769885e+000  9.534943e-001  1.327288e-001 -1.746567e-001  7.691152e-001  1.563697e-001 -8.955784e-001 -4.345141e-001  7.438595e-002  9.731817e-001  9.257184e-001 -1.127268e+000 -2.857943e-002 -3.972540e-001 -1.791993e-001
 4.580957e+000 -1.881271e+001 -2.216918e+000 -1.833969e+001  5.464572e+000  7.947358e+000 -7.160779e+000 -6.647589e+000  5.620795e-001  4.696498e+000 -2.225580e+000 -6.848271e+000  6.511125e+001 -7.623445e-001 -1.741604e+000  1.845864e+000  2.226663e+000  7.059371e-001 -2.987791e+000 -2.743803e-001 -1.336105e-001  3.009321e+000  1.035489e+000 -1.250368e+000 -2.611203e+000  6.371353e-001  2.775915e-001  4.789759e-002  7.500866e-001  2.885913e-001 -1.472136e+000  3.808856e-003 -1.368899e-001  1.037303e+000  7.247927e-001 -1.512295e+000  1.493239e-001  1.372397e-001 -3.460554e-001
 2.150239e+000 -2.140463e+001  3.566003e+000 -1.815291e+001  5.158897e+000  7.681137e+000 -1.309936e+001 -2.205200e+000  3.969275e+000  3.565032e+000 -1.297322e+000 -1.112490e+001  6.678927e+001 -3.793456e-001 -1.652354e+000  2.821453e+000  2.088279e+000 -8.389950e-001 -2.327377e+000 -1.432161e+000  1.864483e+000  3.315286e+000 -7.273854e-001 -8.758656e-001 -2.837104e+000  1.987312e-001  4.717479e-001  4.378518e-001  4.662390e-001  6.927816e-001 -1.938417e+000  3.984545e-001 -5.379013e-002  5.964115e-001  1.769186e-001 -1.060850e+000  1.286546e-001  7.232565e-001 -6.638511e-001
 2.617033e+000 -2.159513e+001  3.823021e+000 -1.507942e+001  5.816819e+000  5.362452e-001 -9.377469e+000 -2.790042e+000  9.126793e+000  2.077183e+000 -4.666707e+000 -1.221786e+001  6.605968e+001  2.354729e-001 -1.042873e+000  3.246417e+000  3.237460e+000 -3.892454e+000 -1.467578e+000 -1.207670e+000  1.607769e+000  3.930158e+000 -2.599423e+000 -2.572572e-001 -1.529357e+000 -4.793556e-001  4.585349e-001  1.035871e+000  2.279439e-001  1.173139e+000 -1.793141e+000  4.928271e-001  3.237610e-001  1.506435e-001 -1.129875e+000 -6.209640e-001  3.887830e-001  1.232305e+000 -9.839018e-001
 3.078517e+000 -2.354985e+001  9.127659e+000 -1.318253e+001 -1.122689e-001  3.631376e+000 -1.586475e+001  3.994994e+000  1.020196e+001 -1.047673e+000 -2.982404e+000 -1.625480e+001  6.565409e+001  8.806247e-001  7.854118e-002  3.082491e+000  4.901189e+000 -6.153857e+000 -5.097077e-001 -6.650831e-001  1.081878e+000  2.335321e+000 -1.250089e+000 -5.077125e-001  3.054748e-001 -1.807516e+000  2.518724e-001  1.511961e+000 -3.040203e-001  1.242786e+000 -5.938280e-001 -1.688561e-001  1.127940e+000 -4.468492e-001 -2.257030e+000 -6.155039e-002  4.007465e-001  1.457607e+000 -1.047163e+000
 5.294183e+000 -2.295446e+001  1.123434e+001 -4.637574e+000 -1.136211e+001  2.634347e+000 -1.181643e+001 -1.708840e+000  1.709653e+001 -5.994266e+000 -2.669325e+000 -1.193010e+001  6.328206e+001  9.003448e-001  2.572304e+000  2.855064e+000  6.685905e+000 -5.602336e+000 -1.432490e+000  9.608858e-001  1.010909e+000 -2.150071e+000 -1.807979e+000  5.094708e-001  1.979031e+000 -3.279250e+000 -3.997539e-002  1.393206e+000 -6.920926e-001  3.916890e-001  1.072964e+000 -6.122313e-001  1.323458e+000 -4.304872e-001 -2.735071e+000  2.593559e-001  4.538170e-001  8.356670e-001 -6.829625e-001
 5.214787e+000 -2.033226e+001  1.527280e+001  1.132112e+000 -1.702092e+001  4.083548e+000 -1.520529e+001  2.663591e+000  1.166101e+001  1.350312e+000 -4.834575e+000 -9.741397e+000  5.914050e+001  5.475802e-001  4.099863e+000  1.497028e+000  6.577984e+000 -2.953194e+000 -3.189201e+000  3.123259e+000 -7.133325e-002 -4.929749e+000 -1.430859e+000  7.445029e-001  2.696737e+000 -3.637137e+000 -2.229693e-001  6.739920e-001 -9.251329e-001 -8.116707e-001  1.969462e+000 -5.684837e-001  1.116184e+000 -5.729785e-001 -1.697392e+000  9.256729e-002  3.974660e-001  5.576804e-002  4.909377e-002
 6.050622e+000 -1.034241e+001  1.502577e+001  1.119278e+001 -1.374053e+001 -6.852292e+000 -4.902769e+000  2.930206e+000 -2.353091e+000 -8.161707e+000 -1.193267e+000 -5.579403e+000  5.292023e+001  2.021182e-001  3.912497e+000  5.786859e-001  4.357508e+000 -1.279647e-001 -3.188988e+000  3.515448e+000  3.193873e-002 -6.112664e+000 -1.212258e+000  1.385720e+000  1.453346e+000 -2.979357e+000 -2.326425e-001 -4.784409e-001 -8.301105e-001 -1.811875e+000  1.509541e+000  4.184721e-001  9.987055e-002 -5.354471e-001  1.790266e-001  6.580666e-001 -1.367712e-001 -5.794779e-001  7.507460e-001
 5.438198e+000 -9.356562e+000  1.471708e+001  1.179222e+001 -1.368903e+001 -7.571311e+000 -3.705286e+000  1.318805e+000 -4.721984e+000 -7.118248e+000  2.081780e-003 -5.946467e+000  5.264932e+001  1.148913e-001  2.778405e+000 -4.049842e-001  2.007034e+000  9.562690e-001 -2.473877e+000  3.638558e+000 -1.293529e+000 -4.170341e+000 -1.085113e+000  1.041493e+000  8.471577e-001 -1.711993e+000 -1.617501e-001 -9.678712e-001 -4.727122e-001 -1.806597e+000  5.399122e-001  1.146773e+000 -7.195112e-001 -2.349655e-001  1.191731e+000  7.437823e-001 -5.251364e-001 -6.268050e-001  9.157861e-001
 6.193069e+000 -8.879824e+000  1.440563e+001  1.181991e+001 -1.366788e+001 -7.483163e+000  1.080297e-002 -8.767534e-001 -5.275297e+000 -7.821277e+000  1.840948e+000 -6.560839e+000  5.163086e+001 -4.652343e-002  8.408283e-001 -3.444819e-001 -8.799658e-002 -9.362603e-003  3.022079e-001  1.202589e+000 -1.055228e+000 -1.634642e+000  1.309480e+000 -3.228804e-001  6.431723e-003 -4.880916e-001 -1.228107e-001 -8.517395e-001 -1.495051e-001 -1.158204e+000 -2.100322e-001  1.089496e+000 -1.018362e+000  1.584132e-002  1.303295e+000  6.308735e-001 -8.005432e-001 -2.038781e-001  7.008049e-001
 5.718021e+000 -7.171528e+000  1.355795e+001  1.085371e+001 -1.227590e+001 -7.970401e+000  5.307112e-001 -1.900576e+000 -7.729593e+000 -4.245469e+000 -1.144218e+000 -5.014891e+000  5.122522e+001 -1.368494e-001  7.963412e-001 -4.049491e-001 -2.322463e-001 -3.129338e-001  7.990674e-001  6.821325e-001 -7.025773e-001 -1.210103e+000  1.027183e+000 -1.026879e+000  2.861694e-001 -3.038395e-001 -8.054627e-002 -4.929188e-001  7.347339e-002 -4.541834e-001 -3.648006e-001  5.837232e-001 -9.165778e-001  3.106750e-001  8.057019e-001  1.808592e-001 -5.709096e-001  8.436964e-002  3.131106e-001
 5.678093e+000 -7.230785e+000  1.388293e+001  1.122205e+001 -1.449391e+001 -5.141707e+000 -1.007821e+000 -7.362456e-001 -9.022498e+000 -3.050695e+000 -2.234519e+000 -6.013032e+000  5.119183e+001 -2.860647e-001  6.448316e-001 -1.688570e-001 -3.138748e-001 -5.435241e-001  6.220196e-001 -9.815127e-002 -1.843307e-001 -1.076306e+000  8.859613e-001 -1.582810e+000  7.144498e-001 -1.794098e-001 -2.285640e-002 -1.030583e-001  7.759601e-003  1.828673e-002 -4.027978e-002 -2.992997e-001 -2.890007e-001  9.901895e-002  3.020319e-001 -3.601990e-001 -1.213073e-001  3.261476e-001  6.679422e-003
 5.011438e+000 -6.199375e+000  1.295369e+001  1.092992e+001 -1.484069e+001 -4.746703e+000  2.146889e-001 -2.264335e+000 -8.898900e+000 -4.367625e+000 -3.094578e+000 -4.789523e+000  5.134964e+001 -1.680694e-001  4.118090e-001 -1.254297e-001 -1.509442e-001 -6.006535e-001  2.848331e-001 -2.939606e-001 -1.756032e-001 -4.210000e-001  3.094258e-002 -1.183090e+000  9.149969e-001 -3.007813e-001 -1.978752e-001  1.316673e-001 -1.752077e-001  6.801389e-002  2.949041e-001 -7.805706e-001 -4.108734e-002 -1.961662e-001  3.867653e-001 -4.877264e-001  4.121352e-001  5.737433e-002  1.787640e-002
 5.116036e+000 -6.141742e+000  1.386347e+001  1.021244e+001 -1.510311e+001 -5.984914e+000 -3.219422e-001 -1.616527e+000 -1.007217e+001 -3.330392e+000 -5.097923e+000 -3.101274e+000  5.067160e+001 -1.451954e-001  5.178028e-001 -4.454436e-001 -3.721399e-002 -6.690168e-002 -9.371735e-001  2.456322e-001 -8.236206e-001 -5.190345e-001  6.605315e-003 -8.513112e-001  1.322756e+000 -4.562237e-001 -4.178115e-001  4.707626e-001 -3.496404e-001  1.320261e-001  6.748225e-001 -9.119964e-001  1.698484e-001 -2.507354e-001  6.273318e-001 -7.113658e-001  7.333556e-001 -4.077662e-001 -4.176659e-002
 5.158702e+000 -5.657004e+000  1.294053e+001  1.060380e+001 -1.497457e+001 -6.124632e+000 -1.282031e+000 -2.338451e+000 -9.309755e+000 -3.950907e+000 -5.627967e+000 -1.895786e+000  4.998142e+001 -1.196660e+000  1.518192e+000 -1.142694e+000 -3.050728e-002  9.232755e-001 -2.324189e+000  3.048041e-001 -1.363763e+000  4.450873e-001 -9.717714e-001  6.680481e-001  2.688880e-001 -7.605056e-002 -5.892581e-001  2.962159e-001 -1.771773e-001 -3.426901e-001  6.548970e-001 -4.310497e-001 -1.958181e-001  6.927248e-001  5.295572e-001 -4.485770e-001  8.294099e-001 -8.924869e-001  1.493468e-001
 4.878484e+000 -4.912956e+000  1.166229e+001  1.119904e+001 -1.476148e+001 -9.138610e+000  9.686998e-001 -4.817291e+000 -1.141224e+001 -3.226027e+000 -5.224380e+000 -8.461218e-001  4.959482e+001 -1.860827e+000  2.445453e+000 -1.408427e+000  2.860373e-001  2.068624e+000 -2.633451e+000  4.517086e-001 -8.439274e-001  1.627309e+000 -2.169511e+000  1.158399e+000 -1.001327e+000 -5.006081e-001 -3.591940e-001 -7.152205e-001  2.850287e-001 -1.362036e+000  2.211062e-001  1.240221e-001 -7.329512e-001  2.147654e+000 -6.127385e-002  4.177060e-001  6.854460e-001 -1.134531e+000  5.540297e-001
-8.530857e-001  7.771934e-001  8.340807e+000  1.028408e+001 -1.039513e+001 -1.479080e+001  1.093388e+000 -7.482771e+000 -6.003428e+000 -9.278665e+000  3.088916e-001 -4.572659e+000  5.150778e+001 -2.256544e+000  9.290633e-001 -5.298244e-001 -2.026021e+000  1.606069e+000 -1.022277e+000 -1.376089e+000  3.298174e+000  1.153614e+000 -1.123885e+000  1.959104e+000 -2.385396e+000  4.681450e-001 -1.212845e-001 -1.633712e+000  7.658054e-001 -1.882616e+000 -9.636925e-001  6.154068e-001 -7.407089e-001  2.466084e+000 -9.400385e-002  1.493258e+000  6.713618e-002 -4.454592e-001  4.718767e-001
-1.182203e+000  2.868424e+000  9.121202e+000  1.180248e+001 -7.049715e+000 -1.481909e+001  7.488908e-001 -3.264004e+000 -3.588790e+000 -1.151407e+001 -2.274359e+000 -6.769472e+000  4.740538e+001 -1.411223e+000 -2.763735e+000  6.732651e-001 -5.849637e+000  6.972327e-001 -9.680193e-001 -2.578677e+000  7.583683e+000 -1.179667e+000  2.171192e+000  1.930390e+000 -3.022756e+000  2.041827e+000 -2.498094e-001 -1.438909e+000  8.761314e-001 -1.201930e+000 -1.782207e+000  1.018954e+000  8.347595e-003  8.930227e-001  5.383363e-001  1.929360e+000 -3.423313e-001  7.294322e-001 -2.059802e-001
-3.093676e+000 -4.902378e+000  1.156195e+001  1.719734e-001 -1.080010e+001 -8.395778e+000 -8.052571e+000  1.337577e+001 -7.453410e+000 -5.426311e+000  2.692544e+000 -1.086109e+001  5.341687e+001 -2.027884e+000 -4.045775e+000  1.645487e+000 -6.375752e+000 -3.209491e+000 -7.987127e-002 -1.883547e+000  6.752851e+000  1.378556e+000  4.324170e+000  6.177331e-001 -9.476934e-001  1.012115e+000 -3.231110e-001  3.873272e-001 -3.470495e-002  8.509145e-001 -9.824637e-001  8.363356e-001  1.218545e+000 -1.836084e+000  1.234091e+000  8.267304e-001 -5.276958e-001  2.041334e+000 -1.743706e+000
-1.057338e+000 -1.589185e+001  1.341804e+001 -1.299309e+001 -1.107282e+001 -1.717622e+001 -7.351707e+000  2.267185e+001 -1.658559e+001  5.703755e+000  3.235745e+000 -1.281568e+001  5.884941e+001 -3.224204e+000 -2.261673e+000  1.884575e+000 -3.548746e+000 -4.434632e+000  1.990114e+000  7.471757e-001  1.893848e+000  4.206520e+000  4.753261e+000  1.174279e-001  1.926983e+000 -1.802494e+000 -3.521940e-001  2.269932e+000 -1.052774e+000  2.773885e+000  8.373831e-001  1.179620e+000  1.619533e+000 -3.356106e+000  1.129225e+000 -7.556915e-001 -2.109695e-001  2.219631e+000 -2.708572e+000
