32 39
-1.329446e+001  5.422511e+000 -1.876183e-001 -1.431560e+000 -2.225849e+000 -5.780130e+000 -1.041786e+001 -9.369433e+000 -3.821783e+000 -1.280101e+001 -9.531861e+000 -1.444874e-001  3.012694e+001 -3.385317e+000 -2.881029e+000 -2.022166e+000 -2.128527e+000  1.111837e+000  2.176222e+000  3.525388e+000  5.477264e+000  2.976499e+000  1.053604e+000  4.298276e+000  1.515094e+000  4.053471e+000  1.384926e+000 -7.593290e-001  1.016395e+000 -2.790287e-001 -1.315924e+000 -4.053958e-001 -7.243657e-001 -3.417280e-001 -5.155671e-001  8.158309e-001 -1.132832e+000 -6.374897e-001  3.869599e+000
-1.457660e+001 -5.414632e+000 -8.005557e-002 -7.506420e+000 -9.187005e+000 -4.931644e+000  1.010034e-001 -1.217411e+000 -3.214923e+000 -1.177561e-001  5.104880e+000 -1.893863e+000  4.878368e+001 -1.523393e+000 -3.589726e+000 -9.542413e-001 -2.083252e+000  1.880953e-001  2.119474e+000  4.752077e+000  3.895262e+000  1.224007e+000  2.460066e+000  1.798031e+000  1.169648e+000  8.478378e+000  2.066416e+000  1.694553e-001  7.727041e-001  3.312252e-001 -1.440747e+000 -1.413902e+000 -1.814323e+000 -1.642205e+000 -1.019832e+000 -1.296740e-001 -2.658045e+000 -6.084954e-001  1.687215e+000
-1.617272e+001 -5.687384e+000 -1.921697e+000 -2.783824e+000 -4.955701e+000 -1.606515e+000 -1.536601e+000 -9.466838e-001 -8.687697e-001 -1.818091e+000  1.537696e+000  1.063427e+000  5.308822e+001  1.818564e+000 -1.774806e+000  1.060931e-001 -9.451995e-001 -2.058093e+000 -1.286987e+000  9.452064e-001  1.351018e+000 -4.955673e-001  1.603071e+000 -1.230579e+000  6.750485e-001  8.538887e+000  2.159210e+000  6.634288e-001  3.910970e-001  5.546914e-001 -1.944459e+000 -1.442887e+000 -2.530211e+000 -1.383993e+000 -7.972907e-001 -5.574230e-001 -2.455664e+000 -4.215752e-001 -5.857033e-001
-1.432449e+001 -4.297400e+000 -3.090114e+000 -6.784328e+000 -2.573655e+000 -2.754178e+000  4.723283e+000 -5.494041e-001 -6.884495e+000 -5.262973e+000 -4.612055e+000  3.613827e+000  6.332318e+001  3.755908e+000 -5.082562e-001 -5.349435e-001 -6.519233e-001 -4.019271e+000 -3.323699e+000 -3.353172e+000 -5.300732e-001 -6.801929e-001 -5.452526e-001 -5.791641e+000  2.674778e-001  5.016471e+000  1.337531e+000  4.872878e-001  2.941232e-001  1.053085e+000 -1.278669e+000 -6.391695e-001 -2.239016e+000 -8.349392e-001 -1.965205e-001 -8.337864e-001 -4.745687e-001 -4.235451e-001 -2.481294e+000
-4.327688e+000 -4.010137e+000  1.847876e+000 -6.518603e+000 -1.582299e+001 -1.330380e+001 -8.002973e+000 -2.948346e+000 -4.464833e+000 -2.213047e+000 -1.082629e+001  4.769102e-001  6.555162e+001  4.771083e+000 -1.104619e+000 -2.763302e-001 -7.073522e-002 -6.506777e+000 -2.316628e+000 -5.073040e+000  7.699653e-001 -5.785521e-002 -2.308516e-001 -4.185211e+000 -1.416969e-001  2.855908e+000 -1.162075e-001 -1.084617e-001  1.593283e-001  8.844280e-001  4.933810e-001  6.105677e-001  2.251768e-002 -4.603085e-001 -3.517910e-002 -8.970667e-001  1.744488e+000 -4.610378e-001 -2.540224e+000
-1.719570e+000 -8.794537e+000 -4.639560e+000 -8.898646e+000 -2.384972e+001 -1.570150e+001 -1.343167e+001 -2.866946e+000 -4.817856e+000 -2.646541e+000 -1.767133e+001 -2.632158e-001  6.763434e+001  3.688002e+000 -1.488380e+000  7.075863e-001  2.744941e+000 -3.980907e+000 -5.615526e-001 -3.433877e+000  1.109202e-002  2.254841e-002 -7.919053e-001  9.025032e-001 -5.397052e-001 -1.086602e+000 -8.697610e-001 -4.449417e-001  3.071695e-001  2.515866e-001  2.011889e+000  2.364567e-001  1.667644e+000 -1.081254e-001 -2.746265e-001 -7.030828e-001  2.665389e+000 -5.275946e-001 -1.539636e+000
 1.380236e+000 -8.961912e+000 -2.528625e+000 -2.080340e+000 -2.685155e+001 -6.715993e+000 -1.782433e+001  4.061913e+000 -2.191365e+000 -4.280564e+000 -1.285872e+001  2.293464e+000  6.521218e+001  1.271480e+000 -1.827053e+000  2.814694e-001  1.778508e+000  3.896305e-001  3.847786e-001  1.098147e+000 -1.221107e+000 -1.022833e+000 -2.758936e+000  4.144788e+000 -1.226549e+000 -1.110695e+000 -9.408476e-001 -4.640360e-001 -1.324111e-001 -8.209690e-001  2.463446e+000 -1.175808e+000  1.687902e+000  2.819710e-001 -6.569244e-001 -4.874445e-001  1.230888e+000 -5.669736e-001 -4.601624e-001
 1.261556e+000 -9.263412e+000  2.636068e+000  4.721249e+000 -1.696391e+001 -8.855843e+000 -7.535427e+000 -3.999074e+000 -7.908487e+000 -8.188741e+000  9.166769e-001  7.023739e-003  5.805989e+001  1.156905e+000 -2.371748e+000  7.220041e-001 -3.186122e-001  2.591969e+000 -3.492118e+000  1.899456e+000 -7.516418e-002 -1.570836e+000 -2.796624e+000  3.370304e+000 -1.828069e+000 -6.984062e-001 -4.047005e-001 -3.030432e-001 -6.654506e-001 -1.580750e+000  1.363556e+000 -1.883902e+000  4.948153e-001  1.444660e+000 -5.453302e-001  4.363571e-001 -9.501549e-001 -1.676206e-001  6.043110e-001
 5.391486e-001 -1.291096e+001 -3.825907e-001 -4.436010e+000 -1.731774e+001 -1.480273e+001 -5.460358e+000 -8.487816e+000 -8.033685e+000 -1.323663e+001  6.036468e-001 -5.790953e+000  6.478537e+001  1.332394e+000 -2.983115e+000 -9.455946e-001 -2.643803e+000  2.524014e+000 -6.730384e+000  6.998021e-001  2.222949e+000 -2.545785e+000 -1.665715e+000  7.353283e-001 -2.332383e+000  3.609982e-001  6.804579e-002  1.583326e-001 -6.129814e-001 -7.335649e-001  3.585905e-001 -1.253376e+000 -4.332781e-001  1.921343e+000 -3.394193e-001  1.551181e+000 -1.719118e+000  4.583978e-001  4.019782e-001
 4.485497e+000 -1.867875e+001 -2.102556e+000 -9.313872e+000 -1.565678e+001 -2.911872e+001 -1.011638e+001  3.032098e+000 -9.750876e+000 -1.215163e+001 -7.550994e+000 -5.361353e+000  6.435571e+001  1.634043e+000 -2.425565e+000 -2.006135e+000 -2.947653e+000  1.769683e+000 -6.423482e+000 -7.606282e-001  5.512366e+000 -1.942627e+000  8.432696e-001 -2.143542e+000 -8.248907e-001  1.199107e+000 -1.546044e-001  7.521980e-001 -3.143626e-001  4.305459e-001 -5.908499e-002  7.064706e-001  8.140452e-002  8.188612e-001 -4.623442e-002  1.774160e+000 -8.489561e-001  7.967880e-001  1.432237e-001
 6.430234e+000 -1.916982e+001 -4.887286e+000 -8.281796e+000 -1.488505e+001 -3.023647e+001 -1.303484e+001  1.166107e+001 -1.399910e+001 -1.062769e+001 -4.948244e+000 -6.684264e+000  6.386926e+001  1.373140e+000 -1.008481e+000 -1.419369e+000 -5.747961e-001  2.593726e+000 -4.416417e+000  2.617988e-001  5.591842e+000 -2.534035e+000  3.177021e+000 -1.693878e+000  5.638512e-001 -4.955978e-002 -4.846831e-001  8.876609e-001  3.015322e-001  8.707156e-001 -3.768800e-001  1.579823e+000  7.145058e-001 -1.018447e+000  1.358212e-001  1.075122e+000 -4.969918e-002  6.150771e-001 -1.298960e-001
 6.486226e+000 -1.826181e+001 -5.142257e+000 -8.094125e+000 -9.331836e+000 -3.325638e+001 -7.551327e+000  1.348831e+001 -1.463891e+001 -5.276860e+000 -7.025086e+000 -3.670774e+000  6.451348e+001  3.635096e-001  4.019249e-001 -6.129223e-001  7.996135e-001  2.261689e+000 -1.116749e+000  2.525480e+000  2.334695e+000 -1.807883e+000  3.652808e+000  3.401269e-001  7.077534e-001  2.229912e-001 -6.415377e-001  5.833684e-001  6.605498e-001  6.081455e-001 -9.425723e-001  1.531386e+000  8.258745e-001 -2.276765e+000  1.000731e-001  1.178587e-001  4.758279e-001  5.575645e-002 -1.930845e-001
 6.404483e+000 -1.816184e+001 -5.959583e+000 -7.919865e+000 -7.511580e+000 -3.481599e+001 -5.433889e+000  1.424329e+001 -1.825984e+001 -7.889103e-001 -8.128696e+000 -3.816986e+000  6.445869e+001 -4.557553e-001  4.144420e-002 -1.345398e-001 -1.638589e-001  3.936116e-001 -1.484634e+000  2.629277e+000 -1.280450e+000 -1.934051e+000  2.305128e+000 -7.550019e-001 -2.331986e-002  1.995758e-001 -5.760866e-001  2.164344e-001  7.701523e-001 -3.670468e-002 -1.548281e+000  1.225664e+000  4.250699e-001 -2.351150e+000  4.277522e-001 -4.479054e-001  3.112226e-001 -2.340694e-001  5.354675e-002
 6.315920e+000 -1.717312e+001 -4.631019e+000 -5.496771e+000 -8.035067e+000 -3.241271e+001 -1.289454e+000  1.341447e+001 -1.665992e+001  1.193020e+000 -4.260133e+000 -3.256225e+000  6.517596e+001 -6.591982e-001 -3.368587e-002  6.542002e-001 -1.123942e-001 -1.843121e+000 -2.324429e-001  2.185005e+000 -2.435314e+000 -1.742253e+000  1.868510e+000 -2.338398e-001 -2.525229e-001  1.091164e-001 -4.362113e-001  3.090660e-002  7.742978e-001 -4.557565e-001 -1.646115e+000  9.226598e-001 -2.379759e-001 -1.684227e+000  3.966440e-001 -3.568986e-001 -1.634413e-001 -2.984866e-001  1.892532e-002
 4.236610e+000 -1.950694e+001 -5.815603e+000 -1.039977e+001 -1.356537e+001 -3.808148e+001 -3.019392e+000  5.295747e+000 -2.265885e+001 -2.336994e+000 -1.010573e+001 -7.008138e+000  6.453590e+001 -9.959396e-001  2.914961e-001  1.797832e+000 -3.023156e-001 -3.095275e+000  1.269751e+000  2.557386e+000 -3.778903e+000 -4.280886e-001  1.829643e+000  1.492185e-001 -1.263577e-001  2.751114e-001 -3.647844e-001  3.684923e-001  8.101114e-001 -4.622657e-001 -9.692314e-001  1.300361e+000 -5.149005e-001 -8.298588e-001  7.446434e-001  8.701587e-002  5.324946e-003 -5.235712e-002  7.184646e-002
 4.274171e+000 -1.775769e+001 -1.943246e+000 -7.416144e+000 -1.552055e+001 -3.278585e+001  2.166450e+000  5.785515e+000 -2.115068e+001  4.839729e+000 -7.205768e+000 -3.337813e+000  6.502045e+001 -1.547455e+000  4.314319e-001  2.292381e+000 -1.409941e+000 -4.224445e+000  2.119358e+000  1.371546e+000 -4.837212e+000 -5.776445e-001  2.106057e+000 -9.291896e-001 -7.331606e-001  2.798500e-001 -4.031596e-001  6.780753e-001  5.376002e-001 -6.694400e-001 -1.027924e-001  1.111300e+000 -1.183747e+000 -1.358685e-001  7.777429e-001 -4.737393e-002 -1.177741e-001  1.781888e-001  7.285179e-002
 2.445660e+000 -1.641207e+001  1.685688e+000 -8.471756e+000 -1.924522e+001 -2.828066e+001  5.625086e+000 -8.367491e-001 -1.815491e+001  6.535952e+000 -5.909787e+000 -4.407980e+000  6.591199e+001 -1.835549e+000  1.651347e+000  3.096927e+000 -1.826414e+000 -3.261884e+000  3.841272e+000  4.615042e-001 -4.228795e+000  1.206862e+000  2.621433e+000 -3.807023e-001 -4.478664e-002  4.734413e-001 -3.210129e-001  8.087557e-001  1.949561e-001 -6.617857e-001  7.114447e-001  7.296478e-001 -1.980832e+000  8.947425e-001  4.309833e-001 -3.125217e-001 -9.984760e-002  5.418284e-001 -8.518064e-003
-5.258792e-001 -1.656339e+001  3.080242e+000 -1.351048e+001 -2.631737e+001 -2.671633e+001  1.246036e+000 -7.705342e+000 -2.180012e+001  7.286834e+000 -1.100405e+001 -8.222107e+000  6.588716e+001 -2.255191e+000  2.676765e+000  2.692654e+000 -2.697545e+000 -2.273779e+000  4.038299e+000 -2.685789e+000 -2.889710e+000  1.328986e+000  1.235745e+000 -5.577499e-001  5.976356e-001  3.742104e-001 -1.660222e-001  6.620439e-001 -7.002888e-002 -4.082592e-001  1.428708e+000  9.793510e-002 -1.920210e+000  1.463579e+000  2.042211e-001 -7.000786e-001  1.136049e-001  7.875199e-001 -5.749702e-002
-2.541110e+000 -1.184736e+001  7.157286e+000 -1.648467e+001 -2.447638e+001 -2.190988e+001 -2.516635e-001 -9.102798e+000 -1.629982e+001  9.546621e+000 -1.011010e+001 -4.789924e+000  6.646976e+001 -2.247136e+000  3.212608e+000  2.572476e+000 -2.967442e+000 -5.133845e-001  3.958519e+000 -5.318106e+000 -2.789403e-001  7.735128e-001  7.021910e-001 -5.357394e-001  1.917386e+000  1.853409e-001 -1.107566e-002  1.061675e-001 -2.865470e-001 -7.361593e-002  1.543198e+000 -6.790500e-001 -1.028352e+000  1.340361e+000 -2.170196e-001 -7.957325e-001  1.140304e-001  4.446435e-001 -8.257210e-002
-4.508400e+000 -6.656219e+000  8.784224e+000 -1.689741e+001 -2.427386e+001 -1.577975e+001 -8.324121e+000 -4.530013e+000 -1.543329e+001  9.513119e+000 -7.894361e+000 -1.586633e-001  6.661263e+001 -2.171772e+000  2.961021e+000  2.204462e+000 -2.880723e+000  1.544846e+000  2.550410e+000 -5.339699e+000  5.057582e-001  6.601354e-001 -4.347144e-001 -2.836465e-001  2.223353e+000  1.364151e-001  1.128061e-001 -4.650144e-001 -2.878640e-001  2.587105e-001  1.221318e+000 -1.126936e+000  4.769100e-001  6.475245e-001 -2.080136e-001 -4.719830e-001  1.800376e-001 -1.804326e-001 -3.002274e-002
-6.798760e+000 -5.302619e+000  1.169608e+001 -2.161550e+001 -2.283389e+001 -1.395636e+001 -1.618037e+001 -3.819115e+000 -1.747075e+001  8.933764e+000 -1.014333e+001  1.147229e+000  6.647597e+001 -1.932637e+000  2.040056e+000  1.908288e+000 -2.102905e+000  2.544795e+000  1.189966e+000 -3.353300e+000  7.752744e-001  4.561890e-001 -5.219994e-001  5.239811e-002  1.365572e+000  1.794785e-001  1.970085e-001 -7.780625e-001 -3.024724e-001  5.244578e-001  4.817232e-001 -1.126977e+000  1.499943e+000 -8.971716e-002  1.144941e-002 -2.122965e-003  2.472664e-001 -6.515520e-001 -5.232245e-004
-9.255917e+000 -5.030658e+000  1.183316e+001 -2.534868e+001 -1.941438e+001 -1.794104e+001 -1.748811e+001 -7.818392e+000 -1.791397e+001  5.419691e+000 -1.240567e+001 -7.392033e-002  6.656613e+001 -1.848411e+000  9.379686e-001  1.585428e+000 -1.836261e+000  2.303720e+000 -2.121043e-001 -1.283642e+000 -1.791951e-001  4.475796e-001 -5.120749e-001  4.836950e-002 -2.862068e-002  2.270279e-001  3.666283e-001 -7.710085e-001 -3.219085e-001  7.018226e-001 -4.322376e-001 -5.276053e-001  1.262523e+000 -2.845219e-001  1.472851e-001  3.768116e-001  2.450690e-001 -5.905538e-001 -1.167345e-001
-9.830537e+000 -2.459857e+000  1.517426e+001 -2.277356e+001 -1.418215e+001 -1.487940e+001 -1.243617e+001 -3.582236e+000 -1.277853e+001  8.983338e+000 -7.592454e+000  1.995567e+000  6.739040e+001 -1.423774e+000  3.338220e-001  1.369631e+000 -8.673840e-001  1.515795e+000 -2.951075e-001  1.535833e-001 -3.850495e-001  9.370378e-001  7.302564e-001  5.345848e-001 -2.143870e-001  1.374184e-001  5.046818e-001 -5.190181e-001 -5.117073e-001  5.465136e-001 -9.294912e-001 -3.971247e-002  6.010567e-001 -3.837602e-001  6.447591e-002  2.580196e-001  8.597757e-002 -3.290769e-002 -1.923017e-001
-1.223456e+001 -3.387757e+000  1.497227e+001 -2.549969e+001 -1.708113e+001 -1.637875e+001 -1.661443e+001 -5.544428e+000 -1.554150e+001  6.927957e+000 -8.927952e+000 -7.259356e-001  6.729055e+001 -5.930623e-001 -4.090414e-002  8.642480e-001  1.063004e-002 -1.018418e-001  6.549204e-001 -7.805268e-001 -3.366894e-001  1.156137e+000  8.232155e-001  7.006053e-001  6.056366e-002 -4.262276e-001  5.171900e-001 -1.531666e-001 -5.900776e-001  4.103906e-001 -7.950320e-001  3.658587e-001  4.325546e-001 -4.166405e-002  7.134357e-002  2.494567e-001  1.776445e-001  6.487500e-001 -2.624429e-001
-1.242831e+001 -4.454959e+000  1.697468e+001 -2.587691e+001 -1.642155e+001 -1.621304e+001 -1.584929e+001 -6.881345e+000 -1.397180e+001  1.183091e+001 -9.209265e+000  4.013017e-001  6.680085e+001 -3.690214e-002 -6.559763e-002 -2.896592e-001 -2.937828e-001 -8.998804e-001  5.578917e-001 -5.995744e-001 -1.064780e+000  4.242900e-001  1.004532e-001  1.561681e-001  1.156442e+000 -4.554024e-001  3.492534e-001 -1.116562e-001 -6.215938e-001  2.625341e-002 -5.372250e-001  4.639412e-001  6.663592e-001  3.862850e-001  5.974475e-002 -8.564867e-002  3.223677e-001  5.028895e-001 -1.041376e-001
-1.092234e+001 -4.237627e+000  1.525419e+001 -2.374385e+001 -1.880389e+001 -1.399962e+001 -1.968418e+001 -7.852284e+000 -1.153666e+001  8.111980e+000 -8.094238e+000  1.026031e+000  6.472977e+001  4.410353e-002  3.718452e-001 -5.353150e-001 -7.110920e-002 -4.636026e-001  1.190690e+000  1.255709e+000 -4.765029e-002  1.060671e+000  1.050110e+000  1.125800e+000  2.529715e+000 -7.887764e-001  1.110086e-001 -1.430438e-001 -3.198182e-001 -3.301195e-001 -3.969499e-001  2.354635e-001  1.067248e+000  8.661354e-001  4.246065e-001  4.238839e-001  5.503008e-001 -5.964422e-003 -2.608998e-001
-1.067116e+001 -2.362910e+000  1.358500e+001 -2.512039e+001 -1.782017e+001 -1.327951e+001 -1.389917e+001 -7.752206e+000 -1.265951e+001  8.893593e+000 -7.228470e+000  6.901793e+000  6.639378e+001  3.909683e-003 -4.308335e-001 -1.038556e+000 -6.952473e-001 -9.894501e-001  1.756714e+000  2.467262e+000  1.401856e+000  1.283494e+000  1.885656e-001  1.933826e+000  1.065485e+000 -2.019955e-001  1.719714e-001  2.739446e-001 -2.623705e-001 -1.213441e-001 -4.921024e-001  5.417899e-002  1.006300e+000  1.367868e+000  1.380126e+000  8.069122e-001  4.120044e-001 -8.860253e-001 -1.119825e+000
-1.289262e+001 -2.574556e+000  1.399053e+001 -2.623350e+001 -1.869983e+001 -1.189207e+001 -1.131094e+001 -5.347249e+000 -1.089429e+001  1.364717e+001 -4.289347e+000  8.672394e+000  6.355021e+001 -5.842543e-002 -5.735052e-001 -3.603946e-001 -1.439235e+000 -2.041807e+000  1.232827e+000  3.022294e+000  2.760669e+000  2.849567e+000  2.898579e+000  2.563281e+000  7.622002e-002 -1.857430e+000  2.559601e-001 -5.733972e-002 -4.832773e-001  5.051732e-001 -5.023906e-002 -1.041711e-001  7.060429e-001  5.829946e-001  1.018036e+000 -1.395823e-001 -4.711011e-001 -1.172857e+000 -8.218287e-001
-1.142362e+001 -7.440662e+000  1.241372e+001 -2.810833e+001 -2.142083e+001 -8.483247e+000 -7.699599e+000 -1.124582e+000 -7.875508e+000  1.000615e+001 -1.442582e+000  1.905545e+000  6.638065e+001  8.742191e-001  1.776801e+000 -1.688972e+000 -2.164402e-001 -2.571290e+000  8.077182e-001  3.548635e+000  4.370402e+000  6.430474e+000  3.210780e+000  1.497450e+000 -2.046937e+000 -5.520202e+000  1.334251e-001 -5.314233e-001 -5.493901e-001  1.117901e+000  7.273750e-001 -6.909040e-002  5.135852e-001 -5.115525e-001 -1.370704e-001 -1.148391e+000 -1.389869e+000 -6.764650e-001  3.238618e-001
-1.083824e+001 -4.566277e+000  1.403786e+001 -2.944606e+001 -2.721259e+001 -1.023361e+001 -7.672497e+000  2.637250e+000  3.191784e-001  2.204860e+001  1.829220e+000  3.905255e+000  5.544918e+001  8.887494e-001 -1.018670e+000 -2.626493e+000  2.215353e+000  7.612228e-002  1.144332e+000  4.245237e+000  1.383050e+000  3.577363e+000 -1.158908e+000 -1.011517e+000 -1.778356e+000 -2.238816e+000  6.518913e-002 -1.346421e+000 -5.422369e-001  1.298773e+000  1.448010e+000  3.269782e-001  2.669100e-001 -1.197192e+000 -1.911581e+000 -2.419949e+000 -1.812469e+000 -1.661586e-001  2.222051e+000
-7.327255e+000  7.516953e+000  5.116482e+000 -2.459631e+001 -2.642024e+001 -1.007014e+001  2.024783e+000  1.010755e+001  1.388613e+001  2.074678e+001 -2.800504e+000 -9.493235e-001  4.284328e+001  1.974478e-001 -2.865367e+000 -2.652457e+000  3.066963e+000  1.588460e+000  1.455509e+000  4.423716e+000 -4.670963e-001  2.342444e-001 -3.524648e+000 -3.228119e+000 -1.389552e+000  1.608007e+000 -1.605241e-001 -1.896410e+000  3.087282e-001  3.741499e-001  1.416469e+000  3.500172e-001 -4.096054e-001 -1.358662e+000 -3.168961e+000 -1.978125e+000 -1.168799e+000  4.928803e-001  3.249806e+000
-1.049706e+001 -1.514672e+001  4.506687e+000 -1.691274e+001 -1.581951e+001 -5.376958e+000  5.053052e+000 -4.048068e+000 -3.888294e+000  2.482313e+000 -8.667973e+000  1.208046e+000  6.412481e+001  6.059059e-001 -4.984525e+000 -2.589836e+000  3.412926e+000  3.118367e+000  2.543822e+000  3.919303e+000 -8.065406e-001 -3.610222e+000 -5.833453e+000 -4.136277e+000 -1.083266e+000  5.688720e+000 -1.415511e-001 -3.029079e-001  7.904669e-001 -7.219726e-001  4.733309e-001  2.730572e-003 -1.022995e+000 -1.367535e-001 -1.876679e+000 -2.000904e-002 -3.852510e-002  5.370437e-001  1.482577e+000
