41 39
-9.863874e+000 -4.544880e+000  8.954771e+000 -2.682048e+000 -9.585479e+000 -1.191351e+001 -2.506071e+000 -7.882253e+000 -6.742524e+000 -2.444672e+000 -8.525920e+000  7.521633e+000  4.407754e+001  2.556589e+000  3.490901e+000 -1.750794e+000  4.262881e+000 -4.495438e+000  1.667489e+000 -3.761443e+000 -5.242332e+000 -1.738636e+000 -3.975071e+000 -3.942100e-001 -1.908666e+000  1.564729e+000 -5.941589e-001  7.194775e-001 -1.465508e+000  7.669963e-001 -2.267506e-001  7.659698e-001  1.890119e-001  2.948067e-001  2.749447e-001 -3.660818e-001 -3.148579e-001 -8.849127e-001 -2.442545e-001
-4.499785e+000  4.149042e-002  6.745966e+000 -1.657122e+000 -1.398346e+001 -1.231881e+001 -9.348111e+000 -1.418800e+001 -6.941601e+000 -9.976702e+000 -1.197979e+001  1.361332e+000  5.075968e+001  1.309219e+000  2.753609e+000 -2.957370e+000  4.118963e+000 -5.152691e+000  8.488823e-001 -1.886021e+000 -4.319940e+000 -2.079099e+000 -3.206040e+000 -3.686994e+000 -2.243175e+000  2.786699e+000 -1.312387e+000  8.138325e-002 -5.098009e-001 -2.659163e-001  9.339952e-001 -2.093117e-001  1.008545e+000  1.185302e+000  2.252477e-001  2.896761e-001 -2.354842e-001 -4.359730e-001 -4.576769e-001
-7.673522e+000  4.368678e+000 -2.384902e+000  7.317193e+000 -2.205981e+001 -1.267038e+001 -1.275018e+001 -1.718686e+001 -7.463991e+000 -1.204534e+001 -1.370767e+001 -8.647005e-001  5.214221e+001 -1.138609e+000  4.060336e+000 -2.329299e+000  1.694399e+000 -1.547090e+000  5.412987e-001 -7.439166e-001 -1.632139e+000 -8.427820e-001 -3.143611e+000 -1.329774e+000 -3.298361e+000  8.151833e-001 -1.147587e+000 -7.993887e-002  6.659830e-001 -8.022098e-001  2.185371e+000 -5.496119e-002  1.295772e+000  1.613445e+000  4.798765e-001  5.703204e-001  7.654241e-001 -2.557352e-001 -8.974440e-001
-1.180528e+001  7.790584e+000 -5.743817e-001  3.261150e+000 -2.129782e+001 -1.316741e+001 -6.862759e+000 -1.566905e+001 -1.014570e+001 -1.383006e+001 -1.898346e+001 -5.759160e+000  5.059568e+001 -2.187279e+000  3.421622e+000 -1.081109e+000  1.885071e+000  1.238235e+000  8.135117e-001  9.633460e-001  4.000498e-001 -4.948193e-001 -2.191985e+000  4.852962e-002 -2.654582e+000 -9.462723e-001 -4.088207e-001 -4.682733e-001  7.705743e-001 -4.305090e-001  2.110431e+000  1.099700e-001  6.567722e-001  9.141313e-001  4.937496e-001  6.725112e-001  1.511149e+000  1.778510e-001 -7.574780e-001
-1.190417e+001  1.188225e+001  9.684477e-001  3.330810e+000 -1.366375e+001 -8.782721e+000 -7.468329e+000 -1.530242e+001 -9.354383e+000 -1.623605e+001 -1.167295e+001 -5.409925e+000  4.823545e+001 -1.433095e+000  2.757200e+000  6.409903e-001  1.368778e+000  3.235952e+000  1.410368e+000  1.292732e+000  4.649008e-001 -1.313931e-001 -1.630497e+000  1.565148e+000 -2.981638e+000 -1.056005e+000  1.958305e-001 -1.050013e+000  3.360187e-001  1.188515e-002  9.306567e-001 -1.049948e-003  3.050620e-001 -3.485445e-002  1.554325e-001  9.217749e-001  7.754791e-001  5.421040e-001 -1.539685e-002
-1.332086e+001  1.339281e+001 -3.362525e-001  9.761423e+000 -1.199031e+001 -1.019508e+001 -7.172307e+000 -1.312997e+001 -8.470502e+000 -1.884127e+001 -1.275450e+001 -9.638967e+000  4.798170e+001 -5.876419e-001  1.063811e+000 -5.896431e-001  2.129228e+000  3.007942e+000  9.641976e-001  3.795158e-001 -7.978027e-001  3.395462e-002 -6.000412e-001  2.421291e+000 -1.512281e+000 -6.509666e-002  1.314473e-001 -1.037685e+000 -6.785670e-002 -3.414767e-001  2.327280e-001 -9.542377e-002  7.208471e-002 -1.031955e-001  1.295130e-001  8.930010e-001 -2.100663e-002  6.919804e-001  3.248868e-001
-1.408121e+001  1.535357e+001  7.009847e-001  1.091095e+001 -1.053380e+001 -7.104700e+000 -6.131749e+000 -1.613189e+001 -8.958557e+000 -1.769221e+001 -8.996408e+000 -1.383299e+001  4.816918e+001 -9.592754e-001 -1.082621e-002 -8.949385e-001  1.631746e+000  2.221340e+000  4.607061e-001  1.073308e+000 -1.207485e+000 -3.300066e-001  6.692909e-001  1.361241e+000 -1.158991e+000  2.976112e-001 -3.504489e-001 -8.955395e-001 -2.259192e-001 -6.109185e-001 -3.215582e-002  1.586403e-001  9.908443e-002  4.285717e-001  2.343056e-001  5.846488e-001 -9.197235e-001  8.905221e-001  1.110152e-001
-1.365497e+001  1.137398e+001 -3.388866e+000  1.011722e+001 -7.823082e+000 -9.185428e+000 -5.633470e+000 -1.924333e+001 -1.017384e+001 -1.610218e+001 -8.215280e+000 -9.109033e+000  5.030334e+001 -1.766952e+000 -3.827892e-001 -6.524278e-001  4.620314e-002  2.909181e+000  8.112239e-001  1.433481e+000  7.202650e-001  2.520526e-001  1.123126e+000  4.545040e-002 -1.060033e-001  1.353455e-003 -7.257380e-001 -5.407735e-001  1.482692e-001 -9.640848e-001 -2.806956e-001  6.577321e-001 -8.423342e-002  8.499759e-001  1.879203e-001  6.052876e-001 -9.294869e-001  5.056933e-001 -1.088400e-001
-1.653349e+001  1.283754e+001 -1.979938e+000  1.131164e+001 -4.640661e+000 -6.984018e+000 -2.871206e+000 -1.828316e+001 -1.015275e+001 -1.425914e+001 -7.136362e+000 -1.146985e+001  4.856269e+001 -2.595684e+000 -9.971970e-001 -4.572132e-001 -6.443018e-001  3.124554e+000  2.280056e+000  1.261171e+000  1.848726e+000  9.310861e-001  4.311640e-001 -1.845548e+000  7.678334e-001 -5.341545e-001 -2.176749e-001 -2.022531e-001  4.218777e-001 -1.003203e+000 -9.640771e-001  1.820000e-001 -7.453186e-001  5.259892e-001 -4.119764e-002  6.240370e-001 -1.364374e-001  5.163853e-001  2.407190e-001
-2.092947e+001  1.273688e+001 -2.257930e+000  9.792092e+000 -3.909784e-001 -6.199304e+000 -1.635173e+000 -8.453010e+000 -6.613144e+000 -1.494218e+001 -1.345727e+001 -1.135055e+001  4.779171e+001 -3.398128e+000 -1.146872e+000 -6.715985e-002 -1.553172e+000  1.152858e+000  3.343183e+000 -1.355826e-001  1.923972e+000  3.430095e-001  2.545460e+000 -6.227486e-001  5.277329e-002 -1.934139e-001  1.002327e+000 -1.265260e-001  7.467426e-001 -1.034747e+000 -1.988685e+000 -9.680052e-001 -1.022613e+000 -6.309980e-001 -2.210078e-001  6.877735e-001  8.288866e-001  5.395411e-001  8.707725e-001
-2.342237e+001  9.686130e+000 -2.150549e+000  7.852003e+000  1.372917e+000  2.802521e+000 -1.825041e+000 -1.228343e+001 -6.083476e+000 -1.611640e+001 -1.560316e+001 -8.873061e+000  4.675422e+001 -1.232062e+000 -6.400508e-001  9.218163e-001 -2.584581e+000 -1.720883e+000  1.047265e-001 -1.868753e+000  8.206080e-001 -5.814732e-001  3.078309e+000  1.013153e+000  1.343547e+000  1.598590e+000  2.043556e+000 -1.418591e-001  9.687656e-001 -1.236254e+000 -2.398559e+000 -2.201264e+000 -8.125975e-001 -1.144629e+000 -7.848445e-002  3.193552e-001  1.120348e+000  6.144442e-001  1.177611e+000
-2.720117e+001  7.215326e+000 -3.639359e+000  4.081180e+000 -5.065582e+000  2.637217e+000 -6.834466e+000 -1.262334e+001 -1.049343e+001 -2.446256e+000 -7.095626e+000 -1.014356e+001  5.024050e+001  2.562871e+000 -1.193992e+000  2.391770e+000 -4.157395e+000 -4.611526e+000 -2.941137e+000 -2.114622e+000 -1.920666e+000 -9.670653e-002  3.238420e+000  2.760533e+000  2.303846e+000  3.288844e+000  2.250602e+000 -4.149430e-001  9.197197e-001 -1.285651e+000 -1.583925e+000 -2.234928e+000 -2.075227e-001 -1.048640e+000  2.048430e-001 -6.821334e-001  2.112181e-002  5.639240e-001  7.321052e-001
-1.955796e+001  1.239806e+001  3.319858e+000  1.244192e+000 -1.090777e+001 -1.087865e+001 -9.615323e+000 -1.209496e+001 -1.111997e+001 -5.115558e+000 -5.251421e+000 -5.355610e+000  5.533124e+001  4.641598e+000 -1.682932e+000  3.157150e+000 -5.523461e+000 -5.986052e+000 -5.584102e+000 -1.812296e+000 -1.952102e+000  7.585219e-001  1.681460e+000  2.064553e+000  2.714518e+000  3.612773e+000  9.769801e-001 -6.837763e-001  5.372055e-001 -9.389650e-001 -3.793774e-002 -6.337095e-001  4.266644e-001 -4.081393e-001  2.695109e-001 -6.879637e-001 -8.345861e-001 -8.843939e-002 -1.616228e-001
-1.004733e+001  5.410954e+000  6.965718e+000 -7.690977e+000 -1.730826e+001 -1.406441e+001 -8.313144e+000 -1.815057e+001 -4.578430e+000 -4.250499e+000 -4.830475e+000 -1.590051e+000  5.994742e+001  4.918051e+000 -2.700146e+000  3.413772e+000 -6.511985e+000 -4.634183e+000 -4.987045e+000 -1.201424e+000 -1.932873e+000  6.972271e-001 -1.667829e-001 -1.042839e+000  2.186908e+000  2.460021e+000 -6.431160e-001 -2.816853e-001  1.213681e-001  9.390368e-002  1.314868e+000  7.743663e-001  5.891162e-001  4.481937e-001 -3.286826e-002 -3.935167e-001 -9.979053e-001 -5.813601e-001 -8.095503e-001
-8.791305e+000  2.173656e+000  8.332660e+000 -1.387922e+001 -2.243600e+001 -1.676718e+001 -1.014718e+001 -1.928032e+001 -5.248366e+000 -6.806974e+000 -6.412968e+000  4.227755e-001  5.996463e+001  2.475248e+000 -3.305856e+000  3.096843e+000 -6.102110e+000 -1.899243e+000 -2.040867e+000 -1.920294e-001 -1.213985e+000  3.691146e-001  1.341092e+000 -1.258092e+000  9.598190e-001  1.204888e+000 -1.357319e+000  1.608147e-001 -2.074378e-001  1.271037e+000  1.614101e+000  1.512191e+000  5.017287e-001  5.728478e-001 -2.292588e-001  1.727416e-001 -4.009492e-001 -8.540881e-001 -8.384881e-001
-7.994239e+000 -1.173202e+000  1.092310e+001 -2.091704e+001 -2.247239e+001 -1.935374e+001 -1.257566e+001 -1.869503e+001 -9.943096e+000 -2.434463e+000 -1.172905e+001 -2.098215e+000  6.022391e+001  4.304660e-001 -1.790957e+000  3.028764e+000 -3.398552e+000 -8.058872e-002 -8.409233e-001  2.082520e-002 -4.875584e-002 -6.634416e-002  1.441021e+000 -5.676719e-001  2.743947e-001  4.450348e-001 -1.155111e+000  4.899721e-001 -5.295175e-001  2.216276e+000  9.620482e-001  1.068792e+000  6.857669e-001  4.336832e-001 -1.706560e-001  4.511144e-001  4.810502e-001 -7.752552e-001 -5.240887e-001
-8.208260e+000 -8.391408e-001  1.682538e+001 -2.265333e+001 -1.782193e+001 -1.843831e+001 -8.444213e+000 -1.789266e+001 -6.592063e+000  6.818849e-001 -8.092591e+000 -3.024334e-001  6.121743e+001  9.879341e-002 -1.333453e+000  2.312464e+000 -7.249899e-001 -1.923456e-001 -9.620895e-002  8.522234e-002 -2.992134e-002 -5.986500e-003  1.741266e+000 -1.777774e-001 -5.996658e-001  4.278255e-001 -2.908055e-001  3.258609e-001 -9.496378e-001  2.401984e+000  9.762356e-002 -5.470745e-002  9.584417e-001  2.254185e-001 -3.378020e-001  2.347579e-001  5.969276e-001 -6.228791e-001 -2.771650e-001
-8.186521e+000 -2.037434e+000  1.786318e+001 -2.029668e+001 -2.001824e+001 -1.743345e+001 -9.060503e+000 -1.908818e+001 -4.238302e+000 -7.898253e-001 -6.829022e+000  1.445272e-001  6.154619e+001  3.307235e-001 -1.236487e+000  1.158374e+000  1.880836e+000 -6.773912e-001 -6.154129e-001  2.088784e+000 -3.564888e-001  3.149753e-002  1.888702e+000  8.222544e-001 -9.096261e-001  2.281082e-001  3.876443e-001 -1.752999e-001 -1.317209e+000  1.850793e+000  1.621678e-002 -8.160943e-001  1.231552e+000  5.294784e-001 -4.341639e-001  3.725462e-002  6.465272e-001 -2.723188e-001 -1.655134e-001
-8.201197e+000 -4.061492e+000  1.642494e+001 -1.781435e+001 -2.462480e+001 -1.820836e+001 -1.147865e+001 -1.923335e+001 -8.130695e+000  1.077038e+000 -9.751868e+000 -3.696924e+000  6.144262e+001  1.071092e+000 -1.953786e+000 -7.161511e-001  3.268117e+000 -1.112724e+000 -2.427160e+000  3.566200e+000  6.697388e-002 -1.368816e+000  2.291041e+000  1.031584e+000 -1.562566e+000 -7.247391e-002  5.911505e-001 -3.530342e-001 -1.385534e+000  9.472246e-001  7.903119e-001 -9.849114e-001  8.434573e-001  1.226042e+000 -1.562181e-001 -4.835852e-001  4.735209e-001  3.000414e-001 -1.219020e-001
-6.344153e+000 -5.744462e+000  1.691519e+001 -1.393235e+001 -2.245791e+001 -2.254578e+001 -6.145189e-001 -1.980713e+001 -9.016293e+000  6.811470e+000 -6.788139e+000 -4.949100e+000  6.125186e+001  1.882538e+000 -2.357290e+000 -2.042975e+000  3.858862e+000  4.606844e-001 -3.755920e+000  4.438097e+000  2.550189e+000 -1.555749e+000  1.352406e+000  2.060284e+000 -6.057489e-001 -1.323826e-001  4.303212e-001 -3.108808e-001 -1.292723e+000 -1.328641e-001  1.393746e+000 -3.360430e-001 -5.450566e-001  1.511925e+000  1.321962e-001 -1.010256e+000 -3.185524e-001  4.966166e-001 -2.287147e-002
-3.773982e+000 -8.754557e+000  1.371862e+001 -9.494911e+000 -2.216572e+001 -2.801795e+001  5.163793e+000 -1.719832e+001 -1.104715e+001  8.336444e+000 -2.955115e+000 -5.568451e+000  6.100223e+001  2.278639e+000 -2.538222e+000 -3.014529e+000  3.022120e+000  3.190176e+000 -3.450513e+000  3.127852e+000  4.646949e+000  6.546211e-003 -4.085121e-001  1.570812e+000  7.486029e-001 -1.438904e-003  7.136171e-002 -6.246002e-002 -9.808982e-001 -8.743682e-001  1.448170e+000  6.186426e-001 -1.661619e+000  9.217484e-001  3.905264e-001 -1.174738e+000 -1.190808e+000  2.765126e-001  3.490856e-002
-9.874374e-001 -1.147735e+001  9.001465e+000 -5.162094e+000 -1.894436e+001 -3.130826e+001  4.808761e+000 -7.354756e+000 -1.055882e+001  2.342503e+000  7.402065e-002 -1.948454e+000  6.110447e+001  1.878556e+000 -2.498673e+000 -4.156054e+000  1.339514e+000  4.139887e+000 -1.783951e+000 -4.173250e-001  4.913150e+000  4.797411e-003 -1.812801e+000 -1.040122e+000  4.178725e-001  7.823334e-002 -3.215853e-001  1.256971e-001 -6.853313e-001 -1.170096e+000  5.294459e-001  1.050025e+000 -1.903170e+000 -4.758529e-001  1.612318e-002 -8.510360e-001 -1.837066e+000 -4.940110e-001  1.247219e-002
 5.136396e-001 -1.388616e+001  5.309160e+000 -7.088876e+000 -1.043069e+001 -3.107969e+001  1.448973e+000 -2.224789e+000 -7.326702e+000  1.268961e+000 -5.328887e+000 -1.454233e+000  6.150912e+001  1.429892e+000 -2.195395e+000 -4.564103e+000  1.559502e-001  4.288523e+000 -3.199309e-001 -2.314184e+000  3.494235e+000 -1.964572e-001 -2.000047e+000 -3.372256e+000 -6.918139e-001 -3.239059e-003 -4.884734e-001  2.811977e-001 -1.755284e-001 -7.840349e-001 -6.245844e-001  9.388771e-001 -9.804804e-001 -1.276601e+000 -4.051455e-001 -4.397853e-001 -1.254506e+000 -7.902207e-001 -8.424378e-003
 9.048160e-001 -1.567203e+001  3.396490e-001 -8.437793e+000 -7.625981e+000 -2.993467e+001 -8.437335e-001 -2.728140e+000 -1.085253e+001  1.281208e+000 -1.080186e+001 -4.916847e+000  6.138958e+001  6.989852e-001 -1.900218e+000 -4.694845e+000 -5.585336e-001  2.558740e+000 -7.108517e-002 -2.356732e+000  7.472812e-001 -1.373631e+000 -2.107006e+000 -4.653511e+000 -2.355596e+000 -6.912155e-002 -4.478158e-001  3.536637e-001  5.603387e-001 -2.183803e-001 -1.078068e+000  5.610806e-001  4.285240e-001 -1.021834e+000 -2.592813e-001 -8.846366e-002 -6.271553e-003 -2.484135e-001  5.637230e-002
 2.429350e+000 -1.763419e+001 -4.770986e+000 -7.077311e+000 -6.382291e+000 -3.030440e+001 -3.580881e+000 -2.040450e+000 -1.188258e+001 -1.133143e+000 -1.437845e+001 -7.543324e+000  6.084348e+001  4.260575e-001 -1.431461e+000 -3.622776e+000  5.096950e-002  8.578275e-001  3.874397e-001 -8.048458e-001  3.468763e-001 -1.329967e+000 -2.460336e+000 -2.895024e+000 -1.815767e+000  3.011665e-002 -4.701399e-001  3.327967e-001  1.073090e+000 -2.707468e-002 -1.134431e+000  3.492188e-001  1.105853e+000 -3.856251e-001 -1.809161e-001  8.914001e-002  8.603234e-001  3.896879e-001  1.752202e-001
 1.549634e+000 -1.910443e+001 -9.432687e+000 -7.960545e+000 -8.174863e+000 -3.205133e+001 -4.459973e+000 -3.710519e+000 -1.514903e+001 -6.991477e+000 -1.866875e+001 -1.068189e+001  6.109168e+001  1.413942e-001 -1.112321e+000 -1.825024e+000  3.001032e-001  4.648977e-001  6.677664e-001  9.706256e-001  1.377661e+000 -7.248544e-001 -2.024975e+000 -1.310096e+000 -2.622184e-001  3.434170e-001 -4.375856e-001  2.666672e-001  1.322357e+000 -8.691277e-002 -7.254017e-001  4.859268e-001  1.016105e+000  2.027287e-001 -4.755668e-002  3.703971e-001  1.146910e+000  7.181841e-001  2.422283e-001
 2.321518e+000 -1.932726e+001 -7.918551e+000 -7.072653e+000 -5.867115e+000 -2.808416e+001 -7.671366e-001  7.824074e-004 -1.182828e+001 -6.896377e+000 -1.587056e+001 -7.650548e+000  6.180865e+001 -6.420122e-001 -9.253594e-001 -6.335608e-001 -4.087416e-001 -3.367080e-001  1.056737e+000  1.551402e+000  1.250920e+000 -1.425426e+000 -1.595363e+000 -7.423466e-001  2.099372e-001  6.665928e-001 -4.415784e-001  2.444170e-001  1.006388e+000 -2.593531e-001 -4.342226e-001  5.383757e-001  4.533449e-001  4.201984e-003 -1.311147e-001  5.365472e-001  7.163931e-001  3.109450e-001  2.028040e-001
 1.665703e+000 -2.038710e+001 -7.211687e+000 -6.939606e+000 -5.559080e+000 -2.770596e+001  2.602522e+000  3.139551e+000 -1.450395e+001 -5.962049e+000 -1.660629e+001 -6.174327e+000  6.262408e+001 -9.549077e-001 -8.199329e-001  4.223351e-001 -7.632419e-001 -4.710005e-001  2.023900e+000  1.545668e+000  1.308903e+000 -1.563685e+000 -6.875075e-001  4.699898e-003  2.224730e-001  8.237820e-001 -3.027098e-001  3.843698e-001  5.903330e-001 -9.771619e-002 -2.431403e-001  7.418239e-001  1.900624e-002 -3.391680e-001  1.886968e-001  6.138667e-001  5.095253e-001 -1.902507e-002  1.136706e-001
-8.387454e-001 -2.161965e+001 -9.049290e+000 -9.631488e+000 -9.373722e+000 -2.719340e+001  6.448802e-001  7.891128e-001 -1.933225e+001 -9.624671e+000 -1.912142e+001 -8.747417e+000  6.341024e+001 -1.233683e+000 -3.555704e-001  2.854857e-001 -7.141234e-001 -8.453363e-001  2.401252e+000  1.174358e+000  4.022654e-001 -1.566125e+000 -4.463333e-001  2.954407e-002 -5.033875e-001  8.039539e-001 -1.039038e-001  4.950326e-001  2.439356e-001  1.682938e-001 -1.075207e-001  6.157354e-001 -2.348925e-001 -4.624387e-001  5.681068e-001  5.729530e-001  2.671594e-001 -8.302755e-002  5.790293e-004
-1.644773e+000 -2.205790e+001 -6.755642e+000 -1.049734e+001 -8.776562e+000 -2.237721e+001  2.562358e+000  2.439831e+000 -1.921548e+001 -9.064867e+000 -1.701982e+001 -9.021086e+000  6.440980e+001 -1.076319e+000  5.246332e-001  6.671178e-001 -3.578682e-002 -4.964895e-001  3.704628e+000  1.254179e+000  1.061485e-001  2.889795e-001  4.698443e-001  8.515852e-001 -6.814003e-004  8.430893e-001 -1.033479e-002  4.571672e-001 -1.979734e-002  1.658040e-001 -1.749936e-001  1.674350e-001 -5.350805e-001 -4.788896e-001  5.866690e-001  3.240821e-001 -1.219373e-001  2.652106e-002 -7.675824e-002
-2.191661e+000 -2.026972e+001 -6.719145e+000 -8.864405e+000 -8.485056e+000 -1.874228e+001  5.124733e+000  2.361969e+000 -1.730315e+001 -7.576634e+000 -1.551607e+001 -8.744105e+000  6.493556e+001 -1.100825e+000  8.775207e-001  4.637259e-001  6.899972e-002 -8.615669e-001  3.295050e+000  5.226836e-001 -4.598964e-001  4.887759e-001  6.907264e-001  1.700077e-001 -9.362336e-002  6.598343e-001  4.025813e-002  2.460052e-001 -5.219058e-002 -7.367758e-002 -2.246233e-001 -2.995872e-001 -7.143468e-001 -3.196347e-001  3.739372e-001  9.113900e-002 -4.060588e-001  1.615897e-001 -1.133272e-001
-3.039437e+000 -1.843890e+001 -5.041170e+000 -7.502081e+000 -8.485861e+000 -1.340838e+001  6.633490e+000  2.883865e+000 -1.407360e+001 -4.636846e+000 -1.415104e+001 -6.179390e+000  6.607687e+001 -1.073011e+000  8.493574e-001  2.342283e-001 -3.257836e-001 -1.337853e+000  2.414176e+000 -8.038977e-001 -6.544640e-001  3.422094e-001  3.643733e-001 -6.752182e-001  1.501963e-001  5.120506e-001  5.675453e-002  1.410702e-002 -1.187848e-001 -2.813029e-001 -2.597866e-001 -8.503712e-001 -6.478518e-001 -2.372446e-001 -3.120211e-002 -1.368516e-001 -5.686456e-001  7.704864e-002 -1.587321e-001
-5.645539e+000 -1.904155e+001 -7.587896e+000 -1.078412e+001 -1.382691e+001 -1.520257e+001  1.222732e+000 -1.732386e+000 -1.945931e+001 -8.385050e+000 -1.970577e+001 -1.063638e+001  6.587588e+001 -1.034047e+000  7.120937e-001  2.409775e-001 -9.375130e-001 -1.547771e+000  1.548542e+000 -1.368338e+000 -8.156021e-001  2.769458e-001  6.209717e-002 -1.237348e+000  2.291221e-001  4.028374e-001  1.189713e-001 -3.525756e-002 -4.600978e-002 -1.896534e-001 -4.353803e-002 -9.968864e-001 -2.529642e-001 -8.270742e-002  8.459211e-004 -1.666468e-001 -2.822853e-001  7.758903e-002 -1.651503e-001
-5.282888e+000 -1.842519e+001 -5.150125e+000 -1.116640e+001 -1.279490e+001 -1.207619e+001  4.938700e-001  1.214689e+000 -1.642635e+001 -6.838793e+000 -1.830107e+001 -7.323966e+000  6.649989e+001 -8.259358e-001  6.778818e-001  1.845679e-001 -9.390450e-001 -1.452321e+000  3.260261e-001 -1.039569e+000 -9.022217e-001  2.388841e-001  9.990096e-002 -1.287965e+000  2.231891e-001  1.779274e-001  1.681844e-001  4.255891e-003 -3.499734e-002  7.008147e-002  1.642930e-001 -1.027641e+000  5.731101e-002 -4.077253e-002  2.391284e-002 -1.424190e-001 -4.222935e-002 -7.296912e-002 -2.070864e-001
-6.240170e+000 -1.671610e+001 -5.459780e+000 -1.171981e+001 -1.406939e+001 -1.166566e+001  1.352854e+000 -8.814527e-001 -1.474205e+001 -6.165175e+000 -1.962780e+001 -7.026207e+000  6.673824e+001 -6.295063e-001  7.869707e-001  2.585072e-001 -5.726368e-001 -1.022023e+000 -6.453069e-001 -6.243013e-001 -7.495546e-001  5.446682e-001 -1.027164e-002 -9.350454e-001  2.578254e-001  1.144409e-003  3.284266e-001  5.197100e-002  1.061096e-001  4.149146e-001  5.386382e-001 -7.884998e-001  8.503209e-002  3.023506e-001  2.318466e-001 -5.259956e-002  3.145292e-001  4.721114e-002 -2.351811e-001
-6.871800e+000 -1.621221e+001 -5.182389e+000 -1.172946e+001 -1.562622e+001 -1.354670e+001  1.370581e+000 -2.052710e+000 -1.523781e+001 -5.247278e+000 -2.062985e+001 -6.868532e+000  6.653532e+001 -4.343589e-001  8.331984e-001  5.047674e-002 -1.578143e-001 -7.792619e-001 -1.627103e+000 -8.893608e-001 -8.913504e-001  3.279124e-001 -3.115372e-001 -1.037516e+000 -2.290010e-001 -3.225349e-001  4.575837e-001  3.448651e-002  1.721238e-001  4.078136e-001  8.569313e-001 -4.448156e-001 -2.215769e-001  4.618733e-001  3.693969e-001  4.459357e-002  3.656828e-001  2.058931e-001 -2.398902e-001
-7.998614e+000 -1.621318e+001 -6.279229e+000 -1.336577e+001 -1.752136e+001 -1.769384e+001 -2.337130e+000 -3.846460e+000 -1.733023e+001 -9.232165e+000 -2.321661e+001 -9.574972e+000  6.586388e+001  4.122974e-001  8.942904e-001  8.385710e-001  7.464448e-001  8.088909e-001 -1.417392e+000 -1.018282e+000  6.907154e-001  1.391665e+000  4.818439e-003  2.100739e-001  6.912728e-001 -5.228370e-001  5.046361e-001  4.186296e-003  7.867835e-002  2.110668e-001  1.113418e+000 -1.700619e-001 -5.158505e-001  2.763912e-001  4.706483e-001  3.993430e-001  1.744535e-001  2.337037e-001 -2.297514e-001
-6.575461e+000 -1.451066e+001 -4.488017e+000 -1.113249e+001 -1.496523e+001 -1.719761e+001 -2.107942e+000 -1.759559e+000 -1.349269e+001 -6.862984e+000 -2.169424e+001 -7.194588e+000  6.532439e+001  9.410807e-001  7.966545e-001  7.551550e-001  4.404823e-001  1.916879e+000 -1.512009e+000 -1.950464e+000  6.870097e-001  1.662370e+000  3.153237e-001 -3.211079e-002  1.035931e+000 -7.595329e-001  4.225083e-001  3.886984e-002 -1.779363e-001 -1.674819e-001  1.040798e+000  1.283319e-001 -7.459579e-001 -3.342118e-001  3.300267e-001  8.199161e-001 -2.618549e-002  2.842558e-002 -2.203343e-001
-4.326853e+000 -1.309542e+001 -1.614111e+000 -8.286072e+000 -1.035543e+001 -1.692717e+001 -1.999292e+000  2.425549e+000 -8.656282e+000 -5.333230e+000 -1.804523e+001 -3.406815e+000  6.472952e+001  1.205955e+000  8.261741e-001  2.995598e-001  1.835487e-001  3.196994e+000 -1.553163e+000 -2.673002e+000 -1.567786e-001  2.230681e+000  1.673013e+000 -5.654808e-001  7.938778e-001 -9.291134e-001  2.603569e-001  2.744224e-001 -4.877250e-001 -5.942603e-001  6.311468e-001  6.200493e-001 -6.789591e-001 -1.240554e+000 -2.051361e-001  1.233876e+000  6.319574e-002 -4.114795e-001 -2.804458e-001
-4.002277e+000 -1.378782e+001 -3.739172e+000 -1.206690e+001 -9.624794e+000 -2.149008e+001 -8.550655e+000 -1.753666e+000 -1.126294e+001 -5.620127e+000 -2.337609e+001 -4.772958e+000  6.330484e+001  1.281354e+000  1.061606e+000 -5.696993e-001 -7.137758e-001  3.230676e+000 -9.175577e-001 -3.791790e+000 -2.138662e+000  1.558538e+000  2.953946e+000 -7.806664e-001 -1.381756e-001 -1.221068e+000  2.495234e-001  6.438691e-001 -3.518684e-001 -6.483909e-001  2.474294e-001  1.412457e+000  7.031079e-002 -1.361483e+000 -8.483895e-001  1.191559e+000  8.804674e-001 -1.318077e-001 -3.824935e-001
-3.255433e+000 -1.244373e+001 -5.155852e+000 -1.198082e+001 -4.206610e+000 -2.331342e+001 -1.248079e+001 -4.633300e+000 -7.291706e+000 -1.488530e+000 -2.520309e+001 -6.816398e+000  6.222809e+001  1.543945e+000  2.133927e+000 -9.376267e-001 -1.647727e+000  3.307726e+000  1.385628e+000 -3.492414e+000 -4.099221e+000  4.179001e-001  4.854890e+000  9.003304e-001 -7.790718e-001 -1.694298e+000  2.496535e-001  8.528680e-001 -6.762876e-002 -7.203259e-001 -3.525927e-001  1.603958e+000  9.371415e-001 -7.695159e-001 -1.743463e+000  5.022154e-002  1.279433e+000  5.254960e-001 -5.194449e-001
